0.838230 -0.201802 -0.055512
-0.964187 0.247584 0.046892
-0.308848 -0.943854 -0.064383
0.177996 0.981679 -0.014675
0.465530 -0.877566 0.017853
0.822638 0.563025 -0.032402
-0.537831 0.839493 -0.054851
-0.870284 -0.479864 -0.046738
0.060427 -0.765810 0.023754
0.789442 -0.604215 0.049062
0.968649 0.184922 0.055888
0.420868 0.648066 0.024647
-0.489342 -0.595197 0.055888
-0.158952 0.761971 0.055888
-0.619278 0.459847 0.047488
-0.762742 -0.102010 0.028783
0.498283 -0.585682 0.024086
0.711252 0.315813 0.055888
-0.871036 0.483224 -0.064949
-0.993665 -0.002534 -0.069076
-0.548339 -0.827719 -0.068432
0.200392 -0.971164 -0.069076
-0.294791 0.950850 -0.069076
0.646934 0.756262 -0.069076
0.425429 0.902633 -0.048658
-0.067652 -0.990723 0.033567
-0.210884 -0.738514 0.050218
-0.959237 -0.260523 0.050764
-0.714683 0.694255 0.055221
0.770110 0.033162 0.007542
0.669724 -0.379176 0.005938
-0.065812 0.995530 0.045089
-0.403080 0.658277 0.054225
-0.723114 -0.681191 0.041797
-0.659289 -0.394742 0.053552
0.088505 0.767425 0.052220
0.294418 -0.709553 0.034369
-0.757471 0.138017 0.008126
0.897033 -0.430133 -0.069066
0.995252 -0.026145 -0.049914
0.649699 -0.751970 -0.055180
0.602486 0.507406 -0.011305
0.926064 0.369201 -0.059710
0.283929 0.805811 0.055888
-0.398544 -0.795096 0.055888
-0.766449 0.332944 0.055888
-0.561526 0.645460 -0.050914
-0.799031 -0.283231 -0.047758
0.821313 0.211946 -0.046723
0.027357 0.889576 -0.069076
0.979607 -0.172091 0.055888
-0.640972 -0.545444 -0.044640
-0.355433 0.836344 0.055888
0.654443 -0.550185 -0.051880
0.520734 0.790055 0.055888
-0.144353 -0.870423 -0.068339
-0.716655 0.560922 -0.069076
0.276589 -0.883850 0.055888
0.700683 0.640671 0.055888
-0.912227 0.086848 0.055888
-0.141376 0.885890 -0.069076
0.041695 -0.918351 -0.069076
-0.890013 -0.139252 -0.069076
0.924879 -0.326402 0.055888
0.450785 -0.723004 -0.050603
-0.850126 0.248145 -0.068966
0.758642 0.419302 -0.057243
-0.983241 -0.095843 0.055888
-0.578996 -0.740292 0.055888
0.730843 -0.242291 0.046888
-0.217669 -0.922476 0.055888
-0.974377 0.149246 -0.069076
0.101534 -0.981397 0.055888
0.858534 0.445277 0.055888
-0.802216 0.561976 0.055888
-0.915516 0.390801 0.049576
0.813244 -0.439191 0.055888
-0.070064 -0.831469 0.055888
0.930893 0.112181 -0.069076
0.328490 -0.818440 -0.067969
0.794125 -0.107284 0.055888
-0.214759 0.967595 0.055888
0.637953 -0.651461 0.055888
-0.854919 -0.372308 0.055888
-0.776691 -0.545517 0.055888
0.548939 0.643915 -0.044921
0.307305 0.949410 0.047781
-0.456623 -0.709111 -0.046082
-0.558884 0.747731 0.055888
0.198553 0.845221 -0.057567
-0.300162 -0.792949 -0.048506
0.193283 -0.791306 -0.029299
-0.628640 -0.691158 -0.069076
-0.406654 0.766438 -0.057637
0.898746 -0.005161 0.055888
-0.651417 0.754030 -0.065550
0.372840 0.760709 -0.045492
0.850854 0.305180 0.055888
-0.936645 -0.331924 -0.067274
0.551960 -0.761626 0.055888
-0.049374 0.848472 0.055888
0.723906 0.493913 0.055888
-0.277193 0.743527 -0.014601
-0.784813 -0.608636 -0.066466
-0.740331 0.419114 -0.048483
-0.856828 -0.002310 -0.052669
-0.745907 -0.413654 -0.051090
0.960727 -0.259525 -0.066094
0.767890 -0.469377 -0.069076
0.594966 -0.495990 0.055888
0.062655 0.957269 0.055888
-0.433997 -0.893022 -0.045727
-0.418844 0.905036 -0.053069
0.964189 0.242864 -0.069076
0.782254 -0.339427 -0.050223
0.694711 0.599839 -0.069076
-0.516097 0.573484 0.049139
-0.731610 -0.239744 0.055888
0.737403 -0.648464 -0.069076
0.766817 0.153527 0.055888
0.871917 -0.059720 -0.061863
-0.379664 -0.667536 0.047832
0.546405 0.834481 -0.067876
-0.363270 -0.917528 0.055888
-0.483963 0.865809 0.055888
-0.651969 0.585564 0.055888
-0.771641 0.019226 0.055888
0.409640 -0.772576 0.055888
0.548180 -0.822258 -0.069076
-0.509822 -0.851864 0.046465
0.162089 0.881832 0.055888
0.402480 0.837319 0.055888
-0.877194 -0.156960 0.055888
0.318697 -0.940740 -0.064345
0.302579 0.915901 -0.069076
-0.910442 0.353561 -0.069076
0.530064 0.577631 0.055888
0.643192 0.747262 0.055888
0.137012 -0.856239 0.055888
-0.849088 0.211964 0.055888
-0.591666 -0.500311 0.055888
0.994246 0.062805 0.042342
0.403911 -0.653862 0.042254
0.657075 0.405127 -0.002197
0.869268 -0.209628 0.055888
-0.025741 0.992468 -0.069076
0.557412 -0.682755 -0.067441
-0.197626 -0.972986 -0.061862
0.984360 -0.147314 -0.059657
-0.968725 -0.222649 -0.058500
-0.869689 -0.039094 0.055888
-0.735553 0.671985 -0.060636
-0.746464 0.461590 0.055888
0.482395 0.732502 -0.062740
-0.298769 0.838673 -0.069076
-0.538193 -0.631364 -0.037849
0.878983 0.118709 0.055888
-0.639872 -0.608423 0.055888
0.695677 -0.542904 0.055888
-0.240613 0.859551 0.055888
-0.862982 0.138474 -0.062467
0.803616 -0.323805 0.055888
0.321733 0.703338 0.055888
-0.065319 -0.954330 -0.069076
0.190435 0.748674 0.020490
0.211880 -0.970068 0.048354
-0.190439 0.979226 -0.049754
-0.738379 0.252586 -0.008230
0.816025 0.317183 -0.062426
-0.289044 -0.841231 0.055888
0.878831 0.470489 -0.044823
0.006717 0.788149 -0.011343
-0.453436 0.753690 0.055888
-0.835381 -0.258549 0.055888
0.806728 -0.567324 -0.069076
0.016344 -0.919872 0.055888
0.555287 0.689948 0.055888
0.986808 -0.067554 0.055888
-0.755098 -0.342014 0.055888
0.369420 -0.922309 0.028088
-0.602428 0.535228 -0.022410
-0.476432 -0.709622 0.055888
0.083068 0.994012 -0.054340
0.952090 0.293890 0.020165
-0.019722 -0.822138 -0.034014
0.828108 0.109252 -0.039652
-0.797083 -0.178755 -0.030148
-0.863856 -0.490731 0.055110
-0.959445 0.264443 -0.068709
-0.988050 -0.112379 -0.065973
-0.994551 0.014913 0.030662
-0.840201 -0.382054 -0.069076
0.419092 -0.900814 -0.068754
-0.675309 0.372374 0.012882
0.697226 0.500558 -0.052159
-0.515560 0.733131 -0.069076
-0.144664 0.889116 0.055888
-0.112715 -0.763698 -0.004628
-0.763607 -0.446777 0.055888
-0.186280 0.801008 -0.031460
0.853752 -0.509845 -0.003160
0.096341 -0.830817 -0.042041
-0.815118 0.570181 -0.069076
-0.295426 -0.708638 0.008724
0.097610 0.819889 -0.033238
-0.356069 0.931487 0.030045
0.772677 0.397595 0.055888
0.245260 -0.875914 -0.069076
-0.396073 -0.786451 -0.067539
0.726920 0.683137 -0.028281
-0.865256 0.487537 0.055888
0.655531 -0.746829 0.045420
0.295315 0.817953 -0.058394
0.796424 0.593547 0.055888
-0.803016 0.347144 -0.062458
-0.470565 0.647878 -0.019054
0.106593 -0.987155 -0.051191
-0.746708 -0.520394 -0.069076
0.422770 0.743332 0.055888
-0.580664 0.654133 0.055888
0.886098 -0.335192 -0.069076
-0.088523 0.783964 -0.011945
0.161792 -0.763345 0.055888
-0.928170 0.066113 -0.069076
-0.239053 -0.861978 -0.069076
-0.616517 -0.778316 -0.025961
-0.340365 0.743319 0.055888
0.484163 0.872382 0.025402
-0.984833 0.141383 0.032509
-0.125158 -0.909159 0.055888
0.726524 -0.678954 0.050533
0.642012 -0.644537 -0.069076
-0.689734 -0.513534 0.055888
0.747762 0.269992 -0.015863
0.840236 0.209343 0.055888
-0.872878 0.309480 0.055888
0.248083 -0.795235 0.055888
0.885096 -0.102547 0.055888
0.118245 0.911293 -0.069076
0.899144 -0.425991 0.021781
0.921467 0.379824 0.051062
-0.724198 -0.680107 -0.049029
0.440488 0.815915 -0.069076
-0.548787 -0.736901 -0.069076
0.002044 -0.993185 -0.024138
0.752143 -0.167200 0.003098
0.523016 -0.677318 0.055888
-0.645616 -0.451668 -0.013658
0.361644 -0.718794 -0.023378
-0.648607 0.641791 -0.069076
-0.542833 -0.545634 -0.003137
0.429472 -0.812630 -0.069076
-0.826569 -0.085641 -0.038049
-0.807225 0.072939 -0.025751
0.878575 0.041001 -0.065211
0.644923 -0.460960 -0.015802
0.709295 -0.440117 0.055888
-0.058761 0.856458 -0.052033
0.642175 0.548035 0.055888
-0.932885 -0.342367 0.019711
0.076871 0.854105 0.055888
0.574856 -0.577936 -0.028930
-0.638631 0.765303 0.026259
0.783076 -0.053021 -0.010501
0.149370 -0.893416 -0.069076
-0.829819 0.399150 0.055888
-0.226268 0.897851 -0.069076
-0.768559 0.634225 0.008844
-0.874356 -0.248396 -0.069076
-0.781318 0.491315 -0.069076
-0.348350 -0.860427 -0.069076
-0.662499 0.474803 -0.027661
0.628708 0.662269 -0.069076
0.593999 0.801346 0.012229
0.223411 0.956936 0.055888
0.719291 -0.329791 0.055888
-0.182347 -0.802888 -0.034684
0.215865 0.929312 -0.069076
-0.695916 -0.326711 -0.002349
0.390635 0.917762 0.034156
-0.979944 -0.167623 0.003655
-0.287653 -0.950138 0.019140
-0.109985 0.969207 -0.069076
0.774919 0.622276 -0.069076
-0.554217 0.828357 0.025710
0.339732 -0.817112 0.055888
0.726346 0.351611 -0.022697
0.566010 0.739851 -0.069076
-0.021791 -0.767495 0.030352
0.771283 -0.244051 -0.024985
0.983102 0.159889 -0.026728
0.595276 -0.795722 -0.004815
-0.434578 -0.634357 -0.003029
-0.903927 -0.412949 -0.013757
-0.497718 0.684873 0.055888
0.963363 -0.250451 0.015104
0.994263 0.062242 -0.056364
0.818574 -0.021682 0.055888
0.577519 -0.596783 0.055888
-0.020370 0.928896 0.055888
-0.178380 -0.848114 0.055888
0.767967 -0.506682 0.055888
-0.940698 0.325301 0.000299
-0.241530 0.760066 0.055888
-0.783946 -0.178382 0.055888
-0.562328 -0.629924 0.055888
0.276482 -0.759981 -0.025621
-0.429929 -0.872617 0.055888
0.808331 0.507988 0.055888
-0.665914 -0.736617 0.051684
0.620513 0.640065 0.055888
-0.149986 -0.981292 0.031485
0.775369 0.503451 -0.069076
0.894078 0.280963 -0.069076
-0.365531 -0.722503 -0.026669
-0.734888 0.333439 -0.023377
0.298473 0.746601 -0.020710
0.025744 -0.841012 0.055888
0.278298 -0.953204 0.008510
-0.346695 0.689689 -0.002044
0.618504 0.468867 0.055888
0.256978 0.885373 0.055888
-0.776541 -0.619301 0.029589
0.487957 0.611618 -0.008232
0.907093 -0.150832 -0.069076
0.532457 -0.839188 0.028186
0.813921 -0.120630 -0.032752
-0.680927 0.513684 0.055888
0.722630 -0.413915 -0.038708
-0.773057 0.197247 0.055888
-0.829565 -0.546431 -0.057023
-0.853695 0.036288 0.055888
-0.827298 0.419829 -0.069076
-0.897644 0.431212 -0.015114
0.765018 0.248900 0.055888
-0.375771 0.835672 -0.069076
0.854992 0.395862 -0.069076
-0.841253 0.533586 -0.007366
0.902132 0.182873 -0.069076
-0.907597 0.163028 0.055888
-0.367942 -0.922429 -0.021409
-0.278713 0.926631 0.055888
-0.991689 0.078517 -0.029397
0.563141 0.571656 -0.019704
-0.134529 0.988374 0.000521
-0.002458 0.997768 0.004030
-0.937504 -0.056360 -0.069076
-0.063933 -0.874599 -0.065427
-0.814641 0.127342 0.055888
0.136674 0.970369 0.055888
0.202244 0.818342 0.055888
0.422529 0.700767 -0.028862
-0.690590 0.718348 -0.012310
-0.611207 -0.612761 -0.058514
0.940287 -0.325140 -0.018753
-0.242285 -0.757366 -0.018249
0.252537 0.965321 -0.015491
0.202775 -0.890067 0.055888
0.808369 -0.407552 -0.069076
-0.033640 0.776451 0.055888
-0.783818 -0.032003 -0.011195
0.489079 -0.864842 -0.058486
0.815578 0.081329 0.055888
0.491545 -0.663775 -0.035620
-0.337805 -0.753855 0.055888
0.804819 -0.244653 0.055888
-0.682797 -0.600861 -0.069076
-0.618862 -0.678670 0.055888
0.356921 0.780251 0.055888
0.843445 -0.479712 -0.069076
-0.478141 -0.808286 -0.069076
0.526125 -0.748435 -0.069076
-0.580151 0.539790 0.055888
0.021677 -0.992219 0.055888
-0.576756 -0.808407 0.031089
0.830383 -0.287754 -0.065032
-0.902805 0.198964 -0.069076
0.694889 0.424653 0.055888
-0.726706 0.599732 0.055888
0.339773 0.872005 0.055888
0.162860 -0.979443 -0.007719
-0.465539 0.805257 -0.069076
0.716784 -0.292729 -0.005015
0.128010 -0.770774 -0.010049
0.695530 -0.709975 -0.005388
0.988786 -0.117280 0.004547
-0.938667 -0.192398 0.055888
-0.791087 0.266541 0.055888
-0.345793 0.901832 -0.069076
0.645617 0.550940 -0.046496
-0.145073 -0.780551 0.055888
-0.417950 0.905423 0.051596
0.939377 -0.078825 -0.069076
0.481920 -0.756471 0.055888
0.478727 0.672616 0.055888
0.711141 0.562892 0.055888
0.768669 0.171871 -0.011767
-0.052607 0.924139 -0.069076
0.373274 0.835674 -0.069076
-0.780886 0.198860 -0.022886
-0.736825 -0.262757 -0.010072
0.681218 0.728815 0.000055
0.867610 -0.279620 0.055888
-0.474911 0.876809 -0.022235
0.737300 -0.575190 -0.069076
-0.771178 -0.347216 -0.046744
0.784494 0.328833 0.055888
-0.653828 0.655261 0.055888
-0.524605 0.597704 -0.016098
0.637111 -0.431258 0.046725
-0.419249 0.703889 -0.029749
0.996029 -0.001431 0.015651
0.408917 -0.864095 0.055888
-0.053127 -0.919263 0.055888
0.599323 -0.514636 -0.014284
-0.465858 -0.778919 0.055888
0.773482 -0.624792 -0.015016
0.829145 -0.548206 0.055888
-0.680926 0.426027 0.055888
-0.706082 -0.589572 0.055888
-0.709876 0.299500 0.035947
-0.137187 -0.941247 -0.069076
-0.245204 0.966984 -0.010231
-0.590607 0.803046 -0.026545
0.706292 -0.496259 -0.056506
0.836859 0.372226 0.055888
0.794024 -0.175125 0.055888
-0.682913 -0.721392 -0.014514
0.764443 0.101989 0.011896
0.248186 0.746947 0.055888
-0.214781 -0.969151 0.006883
-0.936127 -0.025908 0.055888
-0.600897 -0.502745 -0.011121
0.574595 0.519984 0.055888
-0.954704 -0.276127 -0.014521
-0.418012 0.812013 0.055888
-0.696445 -0.481852 -0.047525
0.445295 -0.627001 -0.002678
0.167628 0.795434 -0.025761
-0.798380 -0.052653 0.055888
0.909290 0.407962 -0.008463
-0.571564 -0.563537 0.055888
-0.228105 -0.804550 0.055888
0.857684 0.507830 0.012044
0.905997 0.205650 0.055888
0.925515 0.072257 0.055888
0.366680 0.928099 -0.062263
-0.744285 0.529128 0.055888
-0.843451 -0.525234 0.003039
0.765259 -0.395116 0.055888
0.871998 -0.364384 0.055888
-0.347415 0.747231 -0.032235
0.898518 -0.221745 -0.069076
-0.806030 -0.487142 -0.069076
-0.073662 0.994789 -0.021115
0.690788 -0.700392 -0.069076
-0.413880 -0.732364 0.055888
0.763810 0.641294 0.027421
-0.744746 -0.191478 0.005064
-0.600226 0.715250 -0.069076
-0.976302 0.193387 -0.004341
0.480660 0.874454 -0.065542
0.701567 -0.619983 0.055888
-0.893872 -0.433982 0.054025
0.133468 0.812984 0.055888
-0.468944 0.616230 0.055888
0.630205 -0.560492 0.055888
0.479725 0.672915 -0.033502
0.750078 0.563649 -0.069076
0.945312 0.008203 -0.069076
0.230589 0.793796 -0.033688
0.218881 -0.736689 0.048186
-0.174115 0.832964 0.055888
0.319671 0.945023 -0.014166
0.025724 0.816791 0.055888
-0.866014 0.073498 -0.059673
-0.636158 0.578743 -0.053616
-0.815307 -0.322818 0.055888
0.434854 -0.707216 0.055888
0.815585 0.007840 -0.028187
-0.449268 -0.652736 0.055888
0.158783 -0.935061 0.055888
0.467430 -0.647830 0.055888
-0.509216 -0.852223 -0.016447
0.338773 0.698119 -0.004418
-0.512089 0.792921 0.055888
-0.672242 -0.390690 -0.007628
-0.351601 -0.841267 0.055888
-0.973586 0.075125 0.055888
0.035297 -0.847275 -0.048723
-0.247475 0.803615 -0.042172
0.086788 -0.812027 0.055888
-0.992968 -0.060353 0.005830
-0.893893 -0.310264 0.055888
0.455077 0.804254 0.055888
0.149505 0.972288 -0.069076
0.078364 -0.923115 0.055888
0.590632 -0.738751 -0.069076
-0.195205 -0.911449 -0.069076
0.312191 -0.879259 -0.069076
0.543290 0.836598 0.016808
-0.637598 -0.452514 0.055888
0.476569 -0.830261 0.055888
0.374299 -0.771031 -0.053590
0.584073 -0.684916 0.055888
0.369782 -0.922152 -0.035541
-0.086867 0.909751 0.055888
0.350461 -0.683771 0.045491
0.483649 0.736001 0.055888
-0.498511 -0.588891 -0.004378
0.841640 0.517838 -0.069076
0.116957 0.768240 -0.004887
0.255472 0.876886 -0.069076
-0.202891 0.748864 -0.004470
-0.277268 0.810775 0.055888
-0.568850 -0.679385 -0.069076
0.346908 -0.756691 0.055888
-0.700731 -0.453705 0.055888
0.502800 0.789353 -0.069076
0.704881 0.705258 0.050766
-0.791610 0.290380 -0.044245
0.570453 0.755249 0.055888
-0.637498 -0.547932 0.055888
0.033399 0.896220 0.055888
-0.769323 0.397422 0.055888
-0.765655 0.079559 0.020052
0.255096 -0.946044 -0.069076
0.905944 0.279212 0.055888
-0.286318 0.717044 0.054843
-0.109842 -0.986735 -0.012885
0.193297 -0.819119 0.055888
-0.942542 -0.167687 -0.069076
0.647612 0.468920 -0.018153
0.684763 0.356022 0.020659
0.989172 0.117827 0.019890
-0.118540 0.969833 0.055888
-0.619559 0.717207 0.055888
0.920364 -0.377737 -0.038506
0.812412 -0.573437 0.003535
-0.815619 -0.417772 0.055888
-0.132028 0.832993 -0.043407
0.933151 0.349597 0.001198
-0.900123 -0.251175 0.055888
-0.855405 -0.096766 0.055888
-0.304973 0.949739 -0.010642
0.811343 0.456289 -0.069076
0.058047 0.996058 0.011257
-0.847233 -0.323207 -0.069076
-0.924071 -0.098586 0.055888
-0.804441 0.587966 -0.013597
0.549939 -0.537825 0.008730
0.908725 -0.165649 0.055888
-0.729286 -0.395092 0.055888
-0.006306 -0.954035 -0.069076
0.376243 0.680738 0.055888
-0.806590 -0.580237 -0.014500
-0.101618 0.821179 0.055888
0.413349 -0.687716 -0.021873
-0.524188 -0.770962 0.055888
-0.693889 -0.334671 0.055888
-0.900410 0.240352 0.055888
-0.848138 -0.179389 -0.058821
-0.668765 0.530245 -0.049947
-0.718041 0.369158 0.055888
0.250946 -0.819674 -0.053803
0.058797 -0.991402 -0.010168
0.607984 -0.779112 0.055888
-0.400403 0.729221 0.055888
0.160053 -0.838640 -0.051873
0.977318 -0.189574 -0.020110
-0.270643 -0.732250 0.055888
-0.640387 0.429444 0.002495
-0.812439 0.137880 -0.033552
-0.687116 0.705887 -0.069076
-0.797888 0.488862 0.055888
-0.944991 0.308640 0.055888
0.696371 0.713767 -0.067173
-0.710775 0.620043 -0.069076
-0.308461 0.876658 0.055888
0.857188 -0.477155 0.055888
0.548734 -0.631523 -0.041530
0.774950 0.460551 0.055888
0.695256 0.438665 -0.031524
-0.305649 0.785835 -0.043497
0.605257 0.792613 -0.052067
-0.550734 0.540316 0.002888
-0.805955 -0.428578 -0.069076
-0.509773 -0.662451 0.055888
0.486575 0.615161 0.055888
-0.896727 -0.392274 -0.069076
-0.415894 -0.901679 0.008370
-0.926629 -0.272178 -0.069076
-0.569388 0.597855 0.055888
-0.777541 0.024909 -0.007290
-0.283482 0.894553 -0.069076
0.638305 0.766649 -0.003175
-0.724413 0.494975 -0.063700
0.043539 -0.798234 -0.020683
0.346574 -0.878070 0.055888
0.696887 -0.382726 0.055888
-0.007068 0.835968 -0.038973
-0.106749 -0.812850 -0.032632
0.966050 0.244618 0.044642
-0.650823 -0.749922 -0.061136
-0.092356 0.766882 0.041986
0.879331 -0.464874 -0.026354
0.924346 -0.255402 0.055888
0.744283 0.202629 0.030655
0.777733 0.357235 -0.050892
-0.733068 0.236635 0.049103
-0.602432 0.482371 -0.002800
-0.054822 -0.783360 -0.012347
-0.250573 -0.960910 -0.048061
-0.400835 -0.677738 -0.013647
0.690911 -0.606476 -0.069076
-0.621683 -0.774308 0.044208
-0.842453 0.194187 -0.056923
-0.958117 0.186755 0.055888
-0.968113 -0.225390 0.004465
-0.505156 -0.675425 -0.046053
0.238552 0.742994 -0.006918
0.047482 0.953947 -0.069076
-0.881239 -0.049924 -0.067673
-0.771821 0.630019 -0.059898
0.940015 0.316341 -0.069076
0.566775 0.626676 0.055888
-0.325560 -0.695635 0.053307
-0.198058 0.903527 0.055888
0.884436 -0.277490 -0.069076
-0.373238 0.924770 -0.027121
-0.967960 0.210020 -0.069076
0.292094 -0.762045 0.055888
-0.019515 -0.875688 0.055888
0.754795 -0.562020 0.055888
-0.493359 -0.861601 -0.068256
0.498616 -0.798484 -0.069076
-0.842849 0.302615 -0.069076
-0.815369 -0.227705 -0.047149
-0.907184 0.023751 0.055888
0.953462 -0.000918 0.055888
0.593331 0.612117 -0.048635
0.830305 -0.357463 -0.069076
0.874667 0.043804 0.055888
-0.413322 -0.848319 -0.069076
-0.922220 0.375309 -0.010849
-0.559178 -0.689576 0.055888
0.655842 -0.481522 0.055888
0.956729 -0.112883 0.055888
-0.809335 -0.476171 0.055888
-0.733587 -0.630494 -0.069076
-0.820098 0.324639 0.055888
0.884935 0.458510 0.007766
-0.237771 -0.858549 0.055888
-0.215615 0.843753 -0.059242
0.145151 0.852245 -0.055300
-0.815678 -0.133195 0.055888
0.308780 0.756062 0.055888
-0.901760 0.263457 -0.069076
0.524111 0.691547 -0.057433
0.100281 0.918882 0.055888
0.794247 0.602655 0.002988
-0.877178 0.399961 -0.069076
-0.692707 0.409408 -0.021833
-0.291533 -0.873047 -0.069076
-0.785110 0.612887 0.055183
0.991950 -0.083812 -0.059846
-0.584801 -0.779661 -0.069076
-0.247905 -0.803727 -0.044823
0.855219 0.159130 -0.059323
0.012392 0.975425 0.055888
0.152502 -0.947481 -0.069076
0.933890 -0.060246 0.055888
0.989545 0.113884 -0.069065
-0.561206 0.789775 -0.069076
0.623165 -0.592984 -0.055018
0.801065 -0.511652 -0.069076
-0.671563 0.727152 0.055888
-0.906606 0.017778 -0.069076
0.191288 -0.745288 -0.003243
0.217139 -0.968892 -0.018991
0.993676 -0.065554 -0.005112
0.087072 -0.891356 -0.069076
-0.766853 -0.631790 -0.020750
-0.763224 -0.141174 -0.006462
-0.435905 0.636792 0.019046
0.703998 0.658981 -0.069076
0.643291 0.611162 -0.068897
-0.828535 -0.536382 0.055888
-0.461795 -0.878858 -0.003371
0.057528 -0.981185 -0.069076
0.200058 -0.918607 -0.069076
-0.745081 -0.290584 0.055888
-0.457732 0.753549 -0.065807
-0.278421 -0.789980 0.055888
0.610532 0.711340 -0.069076
0.834700 0.268329 -0.063265
0.412814 -0.903531 -0.012379
-0.988096 -0.031296 0.055888
-0.874382 0.476865 0.005568
-0.313115 -0.887591 0.055888
-0.193313 -0.743000 0.001234
-0.591700 0.788356 0.055888
-0.854913 -0.210132 0.055888
-0.914455 0.143980 -0.069076
-0.800123 0.063880 0.055888
0.969435 -0.205400 -0.069076
-0.343359 0.691358 0.055670
0.789043 0.036111 0.055888
0.940265 -0.312066 -0.069076
0.532213 -0.554963 0.054471
-0.891543 0.443186 0.049539
-0.964584 0.245811 -0.020509
0.921395 0.156089 0.055888
0.030343 0.996929 -0.045604
-0.384516 -0.910455 -0.069076
0.728257 0.370875 0.055888
0.754649 -0.287407 0.055888
0.843715 0.156602 0.055888
0.290475 -0.833026 0.055888
-0.724106 -0.372326 -0.028905
-0.320100 -0.749125 -0.029616
-0.964701 -0.147755 0.055888
-0.727281 0.681367 0.006820
-0.985661 0.136157 -0.020430
-0.475902 0.693593 -0.042327
0.178464 0.931645 0.055888
-0.761775 0.119136 0.055888
0.866136 0.224059 -0.069076
0.362364 -0.857178 -0.069076
0.897693 0.429255 -0.069076
-0.874527 -0.471949 0.003857
0.659666 0.681499 0.055888
-0.139530 0.778463 -0.013063
0.736656 -0.343196 -0.027030
-0.181165 0.922281 -0.069076
0.063615 0.787613 -0.012425
0.859411 -0.005111 -0.053538
-0.444514 -0.769636 -0.069076
0.745712 0.600598 0.055888
0.793224 -0.173702 -0.026618
-0.870876 0.127471 0.055888
-0.003544 0.938095 -0.069076
-0.817217 -0.005260 0.055888
-0.862992 0.359497 0.055888
0.670456 0.593524 0.055888
-0.467257 0.856144 -0.069076
-0.349171 -0.809590 -0.068197
0.078497 -0.872267 0.055888
-0.914527 -0.388455 0.044967
0.857192 -0.108351 -0.056353
-0.853044 0.355374 -0.069076
-0.043482 0.804967 -0.021933
0.955848 0.165365 -0.069076
0.286829 -0.933442 0.055888
0.445560 0.892375 0.051341
0.735445 -0.668834 -0.022806
0.959916 0.266952 -0.021934
-0.842002 0.532318 0.046300
0.880169 0.350227 -0.069076
-0.059683 -0.991336 -0.016517
-0.898781 -0.192790 -0.069076
-0.188321 -0.847176 -0.060122
0.655133 -0.747179 -0.005313
0.329534 -0.936838 -0.009088
0.673589 0.494717 0.055888
-0.413342 -0.734720 -0.045671
0.934719 0.057358 -0.069076
0.336379 0.869811 -0.069076
0.430630 0.686973 0.055888
-0.582126 -0.565328 -0.027373
0.808228 0.274315 0.055888
0.101661 -0.764164 0.055888
0.974003 0.209038 -0.029981
0.920965 0.326932 0.055888
0.677439 -0.422866 -0.019218
-0.678091 -0.640665 0.055888
0.720351 0.277106 0.025346
-0.699011 -0.433885 -0.033924
0.815612 0.057745 -0.029461
0.916216 -0.387324 0.054321
-0.172430 0.982371 0.034164
0.174737 0.889857 -0.069076
-0.987135 -0.054679 -0.069076
0.736806 0.472314 -0.062113
0.695355 0.547603 -0.067468
0.383363 0.670687 0.001769
-0.994362 -0.016291 -0.016422
-0.435537 0.896871 -0.000235
0.770079 -0.029417 0.051176
0.769688 -0.122354 -0.007515
-0.343655 -0.686577 0.008373
0.841191 -0.531086 -0.045788
-0.524149 -0.779537 -0.069076
-0.148466 -0.981533 -0.042973
-0.370890 0.891856 0.055888
-0.826969 0.509492 -0.069076
0.375814 0.924176 -0.012249
-0.944835 -0.309177 0.053899
-0.631971 0.770962 -0.023756
0.204800 0.976284 -0.060071
0.570457 -0.810693 0.055888
-0.739314 -0.317434 -0.023225
0.691981 -0.713318 0.055888
-0.676977 -0.698962 -0.069076
0.815921 0.421205 0.055888
0.157870 0.757674 0.055888
0.823383 -0.368881 0.055888
0.915918 -0.030721 -0.069076
0.114645 0.991028 0.017610
0.746944 -0.187570 0.054372
-0.016723 -0.992686 0.025998
-0.087272 -0.762795 0.036843
0.858946 -0.396778 -0.069076
0.374956 0.734522 0.055888
0.969516 -0.224478 0.055699
0.948822 -0.300504 0.022512
0.782702 0.239307 -0.029697
0.835368 -0.081766 0.055888
0.752676 0.532853 0.055888
0.902263 0.424200 0.052923
0.515541 0.843196 0.055888
-0.936311 0.306876 -0.069076
-0.779094 0.443055 -0.069076
-0.130620 -0.855097 0.055888
-0.741727 0.207942 0.011302
0.012045 0.772519 0.040954
0.237019 -0.730652 0.001178
-0.244157 0.942603 -0.069076
-0.828302 -0.138547 -0.043016
0.610764 0.687141 0.055888
0.869314 0.088033 -0.061734
0.807674 0.151957 -0.031532
0.828333 -0.037707 -0.036417
-0.518811 0.673017 -0.047610
-0.702583 0.556371 0.055888
-0.104050 -0.952083 0.055888
-0.188916 -0.968092 0.055888
-0.815634 0.001402 -0.028792
-0.574371 -0.810027 -0.032540
0.251681 0.960857 -0.069076
0.083757 0.878480 -0.065713
-0.508303 0.784089 -0.069076
-0.793473 -0.370283 0.055888
-0.534769 0.630610 0.055888
0.564280 0.809419 0.055888
0.123914 0.990152 -0.029088
0.493434 -0.620350 -0.016179
-0.801047 -0.587709 0.055329
0.751981 -0.650077 0.018972
-0.328145 0.797561 0.055888
0.616673 -0.699133 -0.069076
0.778702 -0.618062 -0.061577
0.597971 0.564892 0.055888
-0.449956 0.664409 0.055888
-0.906274 -0.091821 -0.069076
0.694938 -0.331061 0.011867
0.318152 -0.709438 -0.007638
0.851214 -0.155144 -0.057086
-0.605327 0.773072 -0.069076
0.369478 -0.674252 0.003490
0.760606 0.312362 -0.031842
-0.314924 -0.939181 0.055888
-0.871443 -0.438493 -0.069076
-0.683880 -0.545757 -0.063837
-0.982846 0.043191 -0.069076
-0.467623 0.808095 0.055888
0.812441 -0.243221 -0.047537
0.505058 0.860025 -0.014767
-0.597184 0.604088 -0.047279
-0.947109 0.118208 0.055888
0.513608 0.576918 0.009939
-0.741569 -0.514578 0.055888
-0.755123 0.648817 0.055888
0.800876 0.543841 -0.069076
-0.756013 0.586101 -0.069076
-0.776163 -0.255715 0.055888
0.405243 -0.737298 -0.044524
-0.989061 -0.101675 -0.020570
0.339000 0.801623 -0.058939
-0.239598 -0.963604 0.054221
-0.764014 -0.452669 -0.069076
-0.288327 0.765550 0.055888
-0.851204 0.085299 0.055888
-0.263471 -0.914338 0.055888
0.542212 -0.832699 -0.024162
0.356668 0.826735 0.055888
-0.752373 -0.585358 0.055888
-0.102330 0.911055 -0.069076
0.736794 -0.224412 -0.000850
-0.724092 -0.634508 0.055888
-0.471129 -0.828052 0.055888
0.818565 0.569016 0.023454
0.700197 -0.494583 0.055888
-0.500989 0.861722 0.013103
-0.518108 -0.566978 0.031267
-0.327603 -0.937101 -0.004333
0.609477 -0.469457 0.021223
0.425392 0.772622 -0.065410
0.697001 -0.551784 -0.069076
0.756722 -0.296483 -0.027263
-0.498612 0.745745 0.055888
0.561042 0.824535 -0.025611
0.039624 0.821643 -0.031506
0.514300 -0.804316 0.055888
0.753695 -0.463178 0.055888
0.924438 -0.208618 0.055888
0.798670 0.393622 -0.069076
0.342313 0.921187 0.055888
0.668942 -0.584697 0.055888
-0.034290 -0.960769 0.055888
0.411833 0.864225 -0.069076
-0.363007 0.783485 -0.054995
0.769160 0.091377 0.055888
0.833020 -0.130839 0.055888
-0.822953 0.444092 0.055888
-0.024668 -0.829719 0.055888
0.218676 0.973182 0.013544
0.268829 0.724698 0.021283
-0.044146 0.771330 0.008286
-0.658153 -0.504231 -0.037720
0.875217 0.246098 0.055888
0.764543 -0.408100 -0.058414
0.500416 -0.712256 -0.061185
0.604180 0.551191 -0.028927
0.584390 -0.795536 -0.069076
0.793111 0.283378 -0.043093
-0.593340 0.495616 0.055888
-0.596153 -0.722219 -0.069076
0.103733 0.953806 -0.069076
0.242716 -0.913133 0.055888
-0.490329 -0.639265 -0.024243
-0.007541 -0.909303 -0.069076
0.087891 -0.792667 -0.019444
0.604072 -0.724736 0.055888
0.734403 0.674650 0.029874
-0.644347 0.541767 0.055888
0.305500 -0.787179 -0.046361
0.946424 -0.122661 -0.069076
-0.689143 0.659903 -0.069076
-0.986659 -0.125222 0.022778
-0.643875 -0.756047 0.010412
-0.073769 0.994778 -0.067657
-0.993706 0.041779 -0.004646
0.655962 0.407004 0.044102
0.767122 -0.542394 -0.069076
-0.893364 -0.322522 -0.069076
-0.687439 -0.655900 -0.069076
-0.977955 -0.180175 -0.045562
-0.412169 0.665567 -0.008680
0.203517 -0.830106 -0.052340
-0.851462 0.270724 0.055888
0.409385 -0.905015 0.035807
-0.774355 0.392757 -0.058639
-0.836963 -0.040393 -0.042160
0.628330 0.448537 0.016023
0.596175 -0.637058 0.055888
-0.774944 -0.554386 -0.069076
0.947614 0.309294 -0.024730
-0.636664 0.684158 -0.069076
0.286189 -0.841129 -0.069076
0.880858 0.363663 0.055888
0.499541 -0.616009 0.055888
0.995661 0.017780 -0.051510
0.110540 -0.928521 -0.069076
-0.931803 0.350007 0.048523
0.528615 -0.724414 0.055888
0.329528 -0.747839 -0.030754
-0.169021 -0.911200 0.055888
-0.935648 -0.334691 -0.023430
0.121324 -0.912223 0.055888
0.524674 0.638851 0.055888
0.014821 -0.769875 -0.003634
-0.570587 0.569988 -0.022504
0.566125 0.687936 -0.069076
0.743468 -0.604264 0.055888
-0.238704 -0.729692 0.017675
0.917884 -0.383469 0.004746
-0.144004 0.986873 -0.042111
0.609167 0.789580 0.051436
-0.954043 0.283036 0.021740
0.994087 -0.018025 0.055888
-0.430708 0.832465 -0.069076
-0.470697 0.611578 0.012134
0.126782 -0.985158 0.020673
-0.277163 -0.914463 -0.069076
-0.193025 -0.778877 0.055888
0.202911 0.770600 0.055888
0.561684 0.531541 -0.003097
0.966836 -0.236471 -0.029829
-0.165938 0.932708 0.055888
-0.151564 -0.752784 0.011329
0.849415 -0.403577 0.055888
-0.026157 -0.992390 -0.065196
-0.775957 0.242016 -0.027085
-0.561967 -0.523617 0.028869
0.490385 -0.864069 -0.014915
-0.363528 -0.719110 0.055888
-0.851795 -0.443587 0.055888
-0.696522 0.330134 0.008680
0.844050 0.013118 0.055888
0.482770 0.831603 -0.069076
-0.727344 -0.676663 -0.000777
-0.320302 -0.799820 0.055888
-0.390029 0.770971 0.055888
0.749693 0.220621 -0.008038
0.531785 0.736421 0.055888
0.827344 0.361633 -0.069076
-0.776939 -0.089430 -0.009760
-0.669060 0.472411 0.055888
-0.774872 0.547527 -0.069076
0.715141 -0.285051 0.039239
0.994531 0.053754 0.000449
-0.939735 -0.013588 -0.069076
-0.096040 -0.924537 -0.069076
0.695223 0.393802 -0.017918
-0.771984 -0.212332 -0.020508
-0.819379 0.467408 -0.069076
-0.200346 0.977011 0.002256
0.151171 -0.812115 0.055888
0.728689 -0.459202 -0.055559
0.808982 -0.494918 0.055888
-0.542490 -0.814020 0.055888
0.411024 -0.851104 -0.069076
0.535799 -0.592447 -0.019762
0.855402 -0.043207 0.055888
0.849745 -0.243674 -0.068125
-0.740955 0.373373 -0.036642
-0.960069 0.094209 -0.069076
0.771898 -0.007966 -0.003043
-0.019731 0.878934 0.055888
0.628224 -0.602934 0.055888
-0.108879 -0.851443 -0.054801
0.172715 -0.977882 0.034059
-0.946335 -0.119391 -0.069076
0.968097 0.110264 0.055888
-0.604264 -0.653206 -0.069076
-0.641797 -0.422780 0.026115
-0.194502 0.784866 0.055888
-0.622201 -0.733674 0.055888
-0.662768 -0.694662 0.055888
0.814395 0.126161 0.055888
-0.518379 -0.714275 0.055888
-0.834924 0.164328 0.055888
-0.261282 0.962432 0.042017
-0.842847 0.041261 -0.045462
-0.270465 -0.833151 -0.064775
-0.409913 0.864340 0.055888
0.340102 0.741776 -0.027368
0.791846 0.113191 -0.019032
-0.398627 0.913784 0.010028
-0.604632 -0.473980 0.026030
0.213927 0.858530 0.055888
-0.168836 -0.978306 -0.005733
0.976981 0.195720 0.016361
0.381645 -0.809159 -0.069076
-0.702073 0.654414 0.055888
0.869166 -0.152265 0.055888
0.377377 -0.898482 -0.069076
0.266881 0.925903 0.055888
0.216047 0.913690 0.055888
0.048115 -0.951685 0.055888
-0.165437 0.852945 -0.058125
0.094996 0.992885 0.054228
-0.474105 -0.872586 0.050933
0.298800 0.865268 0.055888
0.394550 -0.733899 0.055888
0.889841 0.123347 -0.069076
0.680186 -0.470402 -0.035523
-0.732769 -0.559453 -0.069076
-0.151301 -0.828303 -0.045131
-0.091800 0.819598 -0.032717
-0.607109 0.790247 0.009161
-0.454318 -0.619375 0.030048
0.281730 -0.914453 -0.069076
-0.332164 0.814793 -0.064667
0.707237 -0.371058 -0.019207
0.244616 -0.857815 0.055888
0.761607 0.643794 -0.013672
0.327678 -0.937507 0.052163
0.800567 0.548426 0.055888
-0.927875 0.231624 -0.069076
-0.302777 0.950377 0.032399
-0.709409 0.445223 -0.041062
0.799069 0.596439 -0.037391
0.904032 -0.109812 -0.069076
0.962310 -0.041584 -0.069076
0.636345 -0.517678 -0.031882
-0.081450 -0.989419 -0.051307
0.900488 -0.423352 -0.019099
0.985064 0.147499 0.052810
0.736805 0.390215 -0.038370
-0.158981 0.956720 -0.069076
0.584415 -0.640842 -0.059309
-0.392374 -0.837655 0.055888
0.381187 0.884416 0.055888
0.047516 0.996389 0.055447
-0.768952 -0.027341 0.042982
0.646667 -0.417495 0.007182
-0.301517 0.712655 -0.003451
0.514573 0.692781 0.055888
-0.969517 -0.219110 0.055870
0.624002 0.599409 0.055888
0.751472 0.655289 -0.064093
-0.335902 0.938747 -0.035665
-0.953844 -0.062557 0.055888
-0.755713 0.286622 0.055888
-0.541302 0.711074 0.055888
-0.602088 -0.590385 0.055888
0.281069 0.957032 0.012233
-0.330631 0.913150 0.055888
-0.094411 0.992827 0.013756
0.452325 -0.872200 0.055888
0.069999 0.920153 -0.069076
0.045550 0.857475 -0.052148
0.765963 -0.083210 0.010564
0.952191 -0.288906 -0.038032
-0.680397 0.578903 -0.069076
0.387104 0.797651 -0.068275
0.991606 0.092089 -0.012169
-0.027622 0.969662 0.055888
0.887246 -0.444131 0.055888
-0.014658 0.815726 0.055888
-0.101384 0.861519 0.055888
-0.755893 0.294166 -0.025918
0.615925 -0.779706 -0.035512
-0.341692 0.857158 -0.069076
-0.543067 0.703737 -0.069076
-0.453199 -0.864285 -0.069076
0.863617 0.402281 0.055888
0.450637 -0.799493 0.055888
0.932230 -0.190071 -0.069076
0.474055 -0.698192 0.055888
-0.476509 -0.737856 -0.065988
-0.415489 -0.646281 0.030307
0.033124 -0.767134 0.053253
0.441662 0.846356 0.055888
0.446889 -0.869244 -0.069076
-0.282163 -0.743011 -0.017913
0.445863 0.892222 0.011174
-0.919239 0.204877 0.055888
-0.751143 -0.166418 0.035789
-0.822630 -0.556637 0.021727
0.388121 -0.806431 0.055888
0.830444 -0.083811 -0.039423
0.704827 0.323259 -0.004356
-0.099175 -0.803982 0.055888
-0.528789 -0.601987 0.055888
0.442518 0.647014 -0.009003
-0.508367 0.638631 -0.028221
0.447759 0.629395 0.047540
-0.411470 -0.690312 0.055888
-0.507456 0.857897 -0.036602
0.465216 -0.612328 0.035930
0.175387 0.979425 0.055888
0.553134 0.777450 -0.069076
0.037695 -0.886397 0.055888
0.462051 -0.756245 -0.069076
0.348144 0.934772 0.019119
0.567050 -0.815818 0.014390
0.539972 -0.609343 0.055888
0.843602 0.531642 -0.020445
0.784097 0.074053 -0.011933
-0.747428 -0.653882 0.026715
-0.608656 0.602568 0.055888
-0.246406 0.767243 -0.021893
0.269586 0.788869 -0.037742
-0.496403 0.644622 0.055888
0.500339 -0.858183 0.041129
-0.719781 0.498243 0.055888
0.656027 0.503816 -0.034430
-0.692653 0.337863 0.047109
-0.071178 -0.828483 -0.038993
0.312936 -0.898935 0.055888
0.257184 -0.741337 0.055888
-0.947840 0.025362 -0.069076
-0.887983 0.450174 -0.052210
-0.658008 0.401534 0.035477
0.015988 -0.878059 -0.066061
-0.634881 0.514178 -0.028864
-0.801907 -0.373743 -0.069076
-0.771338 -0.485536 0.055888
-0.701296 -0.703010 0.014736
0.522359 0.620531 -0.024608
-0.040806 -0.790232 0.055888
0.875301 -0.472784 0.021502
0.264474 -0.957221 -0.027829
0.296879 0.952439 -0.045001
-0.582052 0.673265 -0.069076
-0.560443 0.608766 -0.034946
0.983290 -0.154070 0.016366
-0.382762 0.691537 0.055888
-0.837520 -0.165433 0.055888
-0.264238 -0.956940 -0.011207
-0.939508 0.045395 0.055888
0.662655 0.681261 -0.069076
-0.868024 -0.093732 -0.062284
0.125233 0.869507 0.055888
0.249416 0.822180 -0.052385
0.204171 -0.781838 0.055888
-0.337586 -0.918169 -0.069076
0.954853 -0.279743 0.054745
-0.258729 0.835385 -0.061359
-0.824765 0.558128 0.017717
0.676651 0.732842 -0.039795
-0.755854 -0.209523 0.055888
-0.140166 0.759474 0.022108
0.239387 0.829253 0.055888
-0.932013 -0.228848 -0.069076
0.919609 0.027419 0.055888
0.412916 -0.777721 -0.067112
0.755295 -0.152096 0.041556
-0.614860 0.672023 0.055888
-0.782447 0.119544 -0.014763
0.616970 0.518817 0.055888
-0.112046 -0.986526 0.036072
-0.832951 -0.279136 -0.065598
0.733179 0.428481 0.055888
-0.635600 -0.490910 0.055888
-0.551205 0.747535 -0.069076
-0.851570 -0.511506 -0.057930
0.900315 0.241587 -0.069076
0.930496 -0.352337 0.023341
-0.693443 -0.412004 0.055888
0.672740 -0.667464 0.055888
0.627869 -0.688394 0.055888
-0.448506 0.721402 -0.047277
0.742067 -0.360494 0.055888
-0.781482 0.617566 -0.025077
-0.769978 -0.265869 -0.028757
-0.869825 0.412455 0.055888
-0.774331 0.155105 0.055888
0.048946 0.771201 0.049885
-0.898592 0.311339 -0.069076
-0.044708 0.996440 0.003409
-0.554412 -0.823591 0.004432
-0.360610 -0.796223 0.055888
-0.814886 0.228396 0.055888
0.911801 0.402160 -0.045846
-0.560657 -0.601117 -0.033736
-0.976933 -0.150614 -0.069076
-0.991979 0.075450 0.012375
-0.811330 0.366240 0.055888
0.983998 -0.149601 -0.021986
0.755463 0.155801 0.019721
0.243074 -0.777136 -0.029185
-0.715599 0.301005 -0.005832
0.968740 0.038550 0.055888
0.164684 0.759469 -0.004837
0.210601 0.766830 -0.015369
-0.711153 -0.291783 0.039511
0.832677 -0.443592 -0.069076
-0.398770 -0.893821 0.055888
-0.315888 0.704795 0.033654
0.096122 -0.988145 -0.014144
-0.259770 0.727313 0.030170
0.847320 -0.520722 0.037811
-0.797949 -0.126201 -0.024613
-0.223750 0.931105 0.055888
-0.918332 0.384295 -0.048987
-0.460670 0.700397 0.055888
-0.512463 -0.727409 -0.069076
0.665139 -0.521066 0.055888
-0.796113 -0.090125 0.055888
0.892869 -0.045493 0.055888
0.915849 -0.256960 -0.069076
0.671640 -0.517090 -0.047745
-0.656334 -0.627465 -0.069076
-0.771386 0.338952 -0.044019
-0.060861 -0.882589 0.055888
-0.755359 0.649518 -0.022673
0.438715 -0.891230 -0.036383
0.771084 0.005886 0.038888
-0.310728 -0.840961 -0.069076
-0.524065 0.566065 0.007442
0.304187 0.710140 0.002899
-0.141792 0.923582 -0.069076
-0.859932 0.501999 -0.017920
-0.450682 0.841316 0.055888
-0.518157 0.851568 0.051591
-0.451320 0.888829 0.051619
-0.683712 0.605079 0.055888
-0.916538 -0.383806 0.005740
0.904366 -0.391781 -0.069076
-0.947905 -0.299531 -0.052749
0.605768 -0.532388 0.055888
0.731825 0.602684 -0.069076
0.863861 0.079368 0.055888
0.733863 -0.525825 -0.069076
-0.215957 0.831784 0.055888
0.677686 0.379294 0.055888
0.733871 0.237828 0.036155
0.851508 -0.313030 0.055888
0.652728 -0.707794 -0.069076
0.854652 -0.315585 -0.069076
0.258830 0.963494 0.047183
-0.835408 -0.053880 0.055888
0.458222 -0.656985 -0.021000
-0.068823 0.960363 0.055888
-0.971542 0.214681 0.031903
0.785617 -0.209784 -0.027051
0.846711 0.038192 -0.046923
0.678897 -0.726229 0.023191
0.397978 0.734612 -0.038897
0.526576 -0.661247 -0.046659
-0.983426 -0.145637 -0.033201
-0.631047 0.493679 0.055888
0.439277 -0.834486 0.055888
-0.611821 0.642142 -0.068947
0.768590 0.063414 0.031992
-0.540879 -0.832788 -0.032802
-0.703760 0.454794 0.055888
-0.750626 0.175209 -0.002731
0.225938 0.738973 0.027841
-0.858070 0.505150 0.022248
0.903668 0.321154 -0.069076
0.738433 -0.263646 -0.010456
0.462862 -0.827757 -0.069076
0.799104 -0.070972 0.055888
0.239368 -0.912084 -0.069076
0.682610 0.539911 0.055888
0.220448 0.893009 -0.069076
-0.058140 -0.918478 -0.069076
-0.988562 0.111589 0.008001
-0.234890 0.795967 0.055888
0.477963 0.842460 0.055888
0.530361 0.747704 -0.069076
-0.887220 -0.193156 0.055888
0.844573 0.441229 -0.069076
-0.545848 0.545564 0.045045
0.453795 0.715132 0.055888
-0.732333 0.320059 0.055888
0.415820 0.779042 0.055888
0.995350 -0.023013 -0.013621
-0.773277 -0.311526 -0.040044
-0.145830 -0.816914 0.055888
0.161086 -0.751283 0.021582
-0.159271 0.798338 0.055888
0.076076 0.768761 0.016054
0.659170 0.720317 -0.069076
0.674585 0.734664 0.042701
0.946519 0.273037 0.055888
0.175220 0.848038 0.055888
0.844176 0.513226 0.055888
-0.373598 0.675769 0.017639
-0.683596 -0.561314 0.055888
-0.954868 0.280196 -0.016052
0.833282 -0.208366 0.055888
-0.027691 0.898167 -0.069076
0.408545 0.910011 -0.017067
0.868738 0.479787 0.055888
-0.191738 0.887736 -0.069076
0.320702 0.827084 0.055888
-0.457437 -0.740155 0.055888
-0.796654 -0.285251 0.055888
-0.659926 0.690682 0.055888
-0.894392 -0.065200 0.055888
-0.768482 0.045148 0.031209
-0.820193 -0.200891 0.055888
0.194515 -0.931472 0.055888
-0.614336 -0.579125 -0.046380
0.548489 0.544016 0.050643
-0.697636 -0.702978 0.055888
-0.532209 -0.581708 -0.014211
0.878483 -0.175048 -0.069076
0.511493 0.856219 -0.065548
-0.815635 0.173041 -0.039347
0.098390 0.956161 0.055888
-0.596947 0.753016 0.055888
-0.242286 -0.933232 -0.069076
0.537690 -0.712479 -0.069076
0.798729 -0.288453 0.055888
-0.789190 0.432533 0.055888
-0.951448 -0.287334 0.026470
-0.376599 0.871328 -0.069076
0.568430 -0.725874 0.055888
-0.119005 0.786062 0.055888
-0.551122 0.809649 0.055888
0.400751 -0.696877 0.055888
-0.023744 0.997099 -0.025398
0.670872 -0.407067 0.055888
0.735953 0.635822 0.055888
0.901959 -0.288981 0.055888
0.709092 -0.585192 0.055888
0.759588 -0.322652 0.055888
0.213770 0.974279 -0.021686
-0.975709 -0.191404 0.029788
0.795870 -0.595929 -0.018519
0.587201 -0.497100 0.018925
-0.367451 -0.922642 0.014160
-0.441012 -0.805026 -0.069076
0.016038 0.940053 0.055888
-0.453481 -0.658756 -0.020676
0.255007 -0.959971 0.034489
-0.090291 -0.916020 0.055888
-0.665181 0.741896 0.023243
0.875387 -0.458289 -0.069076
0.541358 -0.787410 -0.069076
-0.435455 0.783763 -0.069076
0.875164 -0.244638 0.055888
0.674454 -0.730145 -0.042092
0.702601 0.707537 -0.018619
0.730775 0.533885 -0.069076
-0.486443 -0.630545 0.055888
-0.804077 0.254453 -0.044758
-0.115000 0.934563 0.055888
0.364370 0.716831 -0.020697
0.059330 -0.869478 -0.062236
0.002363 0.851297 0.055888
0.598520 0.753726 -0.069076
-0.815423 0.213083 -0.044233
0.450488 0.715490 -0.044676
0.068599 0.893174 0.055888
-0.714757 0.694182 -0.042673
0.130666 -0.984542 -0.021308
-0.802167 0.590897 0.021517
0.395126 0.908323 -0.069076
0.768447 0.197546 0.055888
0.167171 -0.978760 -0.059877
0.763535 -0.504352 -0.069076
-0.353048 -0.755467 -0.040331
0.803657 0.159691 0.055888
0.122490 0.762880 0.044240
0.848809 -0.442964 0.055888
0.590993 0.497029 0.034912
0.621074 -0.775711 0.008129
0.591694 -0.606735 -0.047686
0.667413 -0.632362 0.055888
0.062736 0.995911 -0.025788
0.101664 0.827828 0.055888
0.679679 0.456257 0.055888
-0.029005 -0.877490 -0.065803
0.016454 0.970202 -0.069076
-0.916864 -0.132859 0.055888
0.611574 -0.766816 -0.069076
-0.209153 0.943567 -0.069076
-0.156907 -0.783610 -0.020445
0.708621 -0.670342 -0.069076
0.307678 0.849888 -0.069076
0.768467 0.572613 0.055888
0.910996 -0.125967 0.055888
-0.631171 -0.487428 -0.019270
-0.716235 -0.591005 -0.069076
-0.988346 0.113872 -0.063695
0.778257 0.623269 0.054899
-0.371134 -0.872606 0.055888
0.009622 0.862443 -0.054269
0.503953 -0.832895 -0.069076
-0.195147 -0.774063 -0.019937
0.561862 0.607518 -0.034496
0.942616 0.197550 -0.069076
-0.570024 -0.521206 -0.004887
-0.579480 0.811189 0.006566
-0.710787 -0.524313 -0.068815
0.332616 -0.909240 -0.069076
-0.992724 -0.062924 -0.028805
0.753464 0.344421 0.055888
0.861622 0.501172 -0.021794
0.807881 -0.317766 -0.059100
0.333747 -0.724574 0.055888
-0.953840 0.177226 -0.069076
-0.889287 -0.442979 -0.023138
0.459331 0.621361 0.015847
-0.321481 0.843425 0.055888
-0.620736 -0.644039 0.055888
0.149913 0.986127 0.005179
-0.071047 0.878895 0.055888
-0.447714 0.890666 -0.040347
0.362597 0.892461 -0.069076
-0.714094 -0.284682 0.004167
-0.148324 -0.956765 0.055888
-0.055495 0.814382 0.055888
-0.396577 0.797496 -0.069076
-0.537959 -0.668080 -0.054232
-0.893231 -0.435239 0.010407
-0.471567 0.878513 0.025599
-0.683894 -0.350728 0.019354
-0.904645 0.415924 -0.046927
-0.934322 0.343010 -0.028623
-0.232519 0.736384 0.008026
-0.724978 -0.491491 -0.064329
-0.605508 -0.533941 -0.025049
0.958478 -0.036081 0.055888
-0.092300 0.862447 -0.057182
0.576534 -0.540463 -0.014713
-0.889561 0.047645 -0.069076
0.995474 0.023741 -0.016276
-0.118526 -0.893072 -0.069076
0.571107 -0.813061 -0.042712
-0.193339 -0.879011 0.055888
0.883689 -0.401745 0.055888
-0.722702 0.267779 0.039205
0.170799 -0.850549 0.055888
-0.656274 -0.745116 -0.027656
0.900735 0.015171 -0.069076
-0.407858 -0.885424 -0.069076
0.308990 -0.944234 0.020679
0.933796 0.347803 -0.032950
-0.869060 0.184200 0.055888
0.732010 0.288638 0.055888
0.436811 -0.751869 0.055888
0.373219 -0.899439 0.055888
-0.848196 0.101340 -0.051085
0.994640 -0.045648 0.030891
0.106640 0.848192 -0.050059
0.287195 -0.723689 -0.008405
0.257638 0.779658 0.055888
0.988224 -0.122917 0.038099
0.000957 -0.777905 0.055888
-0.734264 0.531864 -0.069076
-0.497088 0.590312 0.014502
0.942195 -0.171486 0.055888
-0.881318 0.056045 0.055888
0.609300 0.474310 0.004756
-0.244471 -0.753861 0.055888
-0.774996 0.087890 0.055888
0.990712 -0.096907 -0.028576
-0.212511 0.742733 0.053197
0.029959 0.771879 0.007224
-0.744976 -0.656663 -0.027890
-0.134580 0.854724 0.055888
0.743809 -0.650370 0.055888
0.453953 0.888099 -0.037839
0.963240 0.255510 0.009687
-0.729957 -0.241348 0.022178
0.490577 0.642597 -0.023300
-0.193725 -0.973857 -0.028101
0.808971 0.500315 -0.069076
-0.898540 0.429454 0.018554
-0.747614 0.184877 0.035193
0.228582 -0.966335 0.012614
0.228969 -0.966248 -0.051941
0.763991 -0.101554 0.041980
-0.901770 -0.028855 0.055888
0.621025 -0.459372 0.055888
0.339373 0.833668 -0.069076
0.341669 0.749241 0.055888
0.195197 0.887275 0.055888
0.205218 0.814401 -0.041220
-0.879122 0.175231 -0.069076
0.760421 0.500233 0.055888
-0.763758 -0.635359 -0.055299
-0.379962 0.742139 -0.038274
0.603832 0.752687 0.055888
-0.845726 0.388502 -0.069076
0.324484 -0.696774 0.027258
0.695145 -0.639789 -0.069076
-0.568828 0.818428 -0.053761
-0.321074 -0.854742 0.055888
-0.726991 -0.563573 0.055888
0.713770 -0.691734 0.015750
-0.276036 -0.775080 -0.034037
-0.339418 -0.932848 -0.035180
-0.622264 0.570504 0.055888
0.655402 -0.715223 0.055888
-0.709654 0.409244 0.055888
-0.993903 -0.030894 0.023136
-0.824464 0.558572 -0.039341
0.512968 -0.771087 0.055888
0.276771 0.939033 -0.069076
-0.672018 0.618220 -0.069076
0.827185 0.247035 0.055888
-0.763393 0.490171 0.055888
0.846308 0.112869 0.055888
0.702241 0.707897 0.014938
0.402103 0.715456 0.055888
-0.845996 -0.310251 0.055888
0.785692 -0.092852 -0.014281
0.776164 -0.262181 0.055888
-0.566272 0.523627 0.030514
0.805376 0.473654 0.055888
-0.369710 0.924720 -0.069076
0.782133 0.206716 -0.024024
0.019460 0.997270 0.028789
0.036410 -0.992105 -0.046134
-0.775568 -0.409716 -0.065085
0.595769 0.660022 -0.069076
-0.884470 0.226421 -0.069076
-0.940297 0.268510 0.055888
0.984833 0.148965 0.009836
0.423715 -0.641456 0.017686
0.816124 -0.567975 -0.037459
-0.776506 -0.146259 0.055888
0.218218 -0.760358 -0.015479
-0.802067 -0.516735 0.055888
-0.568019 -0.635601 -0.051191
-0.757624 0.366624 0.055888
-0.769409 -0.379333 -0.053822
-0.786171 -0.222374 0.055888
-0.838030 -0.436009 -0.069076
-0.172644 0.752908 0.007867
0.854064 0.487370 -0.069076
0.055087 0.925250 0.055888
-0.669721 -0.464675 0.055888
0.719686 0.289952 -0.004926
-0.942625 -0.315315 0.003749
-0.507701 0.852827 -0.069076
-0.276836 -0.871747 0.055888
-0.973654 0.042258 0.055888
-0.428859 0.689601 0.055888
-0.388127 0.918328 0.046785
-0.884151 -0.394507 0.055888
0.117266 0.878490 -0.068128
0.293163 -0.948885 -0.045401
-0.931877 -0.345168 0.052391
0.925206 0.153648 -0.069076
-0.912803 -0.172225 0.055888
-0.561458 0.685200 0.055888
0.769737 -0.629619 0.042609
0.914507 0.103144 0.055888
0.746974 -0.614564 -0.069076
-0.636048 0.544808 -0.040508
-0.900329 -0.421262 -0.054215
-0.503985 0.703228 -0.056200
0.898046 0.432779 -0.026642
0.794969 -0.450974 -0.069076
0.308741 0.917723 0.055888
-0.723485 -0.362875 0.055888
-0.387815 -0.764176 0.055888
-0.694907 0.504023 -0.052828
-0.927438 -0.357497 -0.045356
-0.972459 -0.205944 -0.026246
-0.420596 -0.764324 0.055888
-0.444989 -0.808541 0.055888
-0.422245 0.776057 0.055888
-0.865372 -0.279855 -0.069076
0.484059 0.601778 0.024135
0.490909 0.803245 0.055888
-0.452345 -0.685198 0.055888
0.244899 0.914533 -0.069076
-0.559308 -0.786128 0.055888
0.683283 0.475290 -0.037105
0.811716 -0.574462 0.047824
0.864588 -0.491523 -0.037770
0.136128 -0.975829 -0.069076
0.535635 0.556471 -0.002455
0.001036 -0.800693 -0.021143
-0.786789 0.533416 0.055888
-0.426364 -0.691516 -0.028167
-0.813712 -0.308907 -0.061061
0.120702 -0.828218 0.055888
0.090397 -0.764536 -0.003541
-0.393544 0.833229 0.055888
-0.187744 -0.975195 0.023630
-0.182148 -0.809342 0.055888
-0.640137 -0.655446 -0.069076
0.496606 0.768535 0.055888
-0.926730 0.098395 -0.069076
0.648962 -0.606405 -0.069076
-0.658406 -0.419817 -0.009456
-0.278096 -0.952914 -0.068260
0.975938 0.200383 -0.061030
-0.783351 -0.416739 0.055888
0.937456 0.212628 0.055888
-0.847160 -0.477714 -0.069076
-0.249618 -0.828538 0.055888
-0.060979 0.828389 -0.035998
-0.383247 -0.665410 0.015885
-0.314483 0.909421 -0.069076
-0.444593 -0.737253 -0.056074
-0.219120 0.792873 -0.031371
-0.937213 -0.237628 0.055888
-0.394871 -0.821964 -0.069076
0.819257 -0.160031 -0.039662
-0.494533 -0.758532 0.055888
0.932988 0.350047 0.037050
-0.614606 -0.767682 -0.069076
0.563734 0.658653 0.055888
0.905648 -0.077734 -0.069076
-0.860410 -0.129609 0.055888
0.141424 -0.862803 -0.063677
-0.722485 -0.448790 -0.049924
-0.487297 -0.708445 -0.055430
-0.547999 -0.732050 0.055888
0.230088 0.846975 -0.063093
0.423000 0.903757 0.031653
-0.326784 0.942030 0.012921
0.172173 0.807366 0.055888
-0.274133 0.778631 -0.033100
0.565502 -0.521110 0.031134
0.713197 0.530645 0.055888
0.320730 0.765705 -0.035893
-0.494564 0.597166 0.055888
-0.432141 0.725718 0.055888
-0.937808 0.148739 0.055888
0.756595 -0.644845 -0.033213
0.717873 -0.687631 -0.043939
-0.695214 0.363288 -0.010298
0.537044 0.608710 0.055888
0.966710 0.031796 -0.069076
-0.874238 0.279468 -0.069076
0.634953 0.707826 0.055888
0.359136 -0.926181 -0.004333
-0.963444 -0.246044 -0.020078
-0.186888 0.862101 0.055888
-0.267900 0.843196 0.055888
0.206362 -0.887441 -0.069076
0.888779 0.450964 0.042325
0.564250 -0.629843 0.055888
-0.850526 -0.069079 -0.050723
0.952043 0.272212 -0.069076
0.295922 0.884845 -0.069076
-0.815989 0.026471 0.055888
-0.395033 -0.710971 -0.028651
0.326276 0.942645 -0.051819
-0.297551 -0.715443 0.055888
0.852186 0.123767 -0.054328
-0.179512 -0.947977 -0.069076
-0.294620 -0.948113 -0.013171
0.674144 -0.673418 -0.069076
-0.947311 0.306206 -0.039371
-0.156984 0.815035 -0.035764
-0.627503 0.766221 0.055888
-0.769881 -0.001351 0.024929
-0.847431 -0.403056 0.055888
-0.625245 0.456429 -0.004119
0.507257 -0.854091 0.010527
0.394387 -0.712126 -0.028751
0.766710 0.127999 -0.005940
-0.691450 -0.380448 0.055888
0.459319 -0.796358 -0.069076
0.864426 -0.213111 -0.069076
0.967013 0.240313 -0.037322
0.035401 -0.992136 0.010979
0.194376 -0.856895 -0.066201
0.041818 -0.813903 0.055888
0.184376 -0.976035 -0.030489
0.070556 -0.785047 0.055888
0.167335 -0.919272 -0.069076
-0.371493 -0.694424 -0.013737
-0.014232 -0.936503 0.055888
0.921512 -0.337341 -0.069076
-0.668132 -0.379837 0.021625
0.707542 -0.441506 -0.039860
-0.311173 -0.901070 -0.069076
-0.237748 -0.890010 0.055888
-0.767439 -0.058327 0.055729
-0.117300 -0.758966 0.045374
0.330852 0.698220 0.026239
0.608571 -0.541029 -0.028637
-0.453937 -0.882862 0.029129
-0.882438 0.096855 0.055888
-0.312220 0.758145 -0.030218
0.992256 -0.080565 0.027834
0.563136 0.720331 0.055888
-0.524567 0.668648 0.055888
0.732579 0.319985 -0.018508
-0.162895 -0.895655 -0.069076
-0.739446 -0.426882 0.055888
0.089229 -0.968239 -0.069076
0.100550 0.796559 0.055888
0.802059 -0.525421 0.055888
-0.165192 0.983517 -0.019381
0.820865 0.415599 -0.069076
0.707167 0.346773 0.055888
-0.763507 0.238238 0.055888
-0.275144 0.958405 -0.013457
-0.215564 -0.882443 -0.069076
-0.977565 0.187270 -0.050115
0.004571 -0.839182 -0.043421
-0.015448 0.997360 0.048568
-0.259768 0.962872 -0.051421
-0.406335 0.851754 -0.069076
0.775251 -0.572394 -0.069076
0.928564 -0.099741 0.055888
-0.234154 -0.833113 -0.058721
-0.860716 -0.132831 -0.061069
0.022449 -0.965719 -0.069076
-0.454246 -0.833081 -0.069076
-0.494634 -0.860847 0.009538
-0.855858 0.440151 0.055888
0.914833 -0.287951 -0.069076
-0.024694 -0.990583 0.055888
-0.581562 -0.502571 0.017043
0.133457 -0.756268 0.034723
-0.980434 0.169154 -0.023162
-0.658910 0.400013 0.004567
-0.412282 0.907875 -0.017455
-0.469746 -0.607712 0.005877
-0.348919 0.866605 0.055888
0.876829 -0.330829 0.055888
0.278905 -0.792462 0.055888
0.122694 -0.815967 -0.035564
0.172517 -0.896443 0.055888
-0.821020 0.258695 0.055888
0.824726 -0.171530 0.055888
0.899054 0.063830 -0.069076
0.627235 -0.445480 0.013203
-0.101084 -0.846046 0.055888
-0.591591 0.574146 0.055888
-0.855068 -0.505591 -0.017770
-0.685204 -0.673453 0.055888
0.556944 -0.746625 -0.069076
-0.693683 0.715255 0.037959
0.831783 -0.508280 -0.069076
-0.308087 -0.744434 0.055888
-0.057071 0.888774 -0.069076
-0.189633 0.774190 -0.016654
0.920042 0.383116 0.006254
-0.391797 0.688103 -0.013829
0.632663 0.771355 0.026737
0.114114 -0.953292 0.055888
-0.958151 -0.113629 0.055888
0.799951 -0.214287 0.055888
0.121783 -0.787419 0.055888
-0.862388 0.452321 -0.069076
-0.993476 0.049132 -0.040880
-0.588441 0.498706 0.019122
-0.757849 0.433077 0.055888
-0.222725 0.972009 -0.030503
0.881536 0.305421 0.055888
0.286100 -0.813159 -0.056548
0.769673 -0.040762 0.022717
-0.028602 -0.847504 -0.048717
-0.920987 0.378159 0.022220
0.478618 0.770561 -0.069076
-0.580453 -0.528806 0.055888
0.369029 -0.830358 0.055888
0.239798 -0.944240 0.055888
-0.750241 0.479468 -0.069076
-0.493560 -0.780167 -0.069076
0.427953 0.651131 0.055888
-0.790335 -0.601518 0.000240
0.784671 -0.347784 0.055888
-0.833734 0.072388 -0.040932
-0.412368 0.731297 -0.041330
0.316880 0.946028 0.018984
0.968224 0.216322 0.055888
0.279567 0.836023 0.055888
0.941672 0.325927 0.020502
-0.081732 -0.795162 -0.020565
-0.820292 -0.384812 0.055888
0.160834 0.916995 -0.069076
0.169497 -0.812916 -0.038562
-0.266716 0.742938 0.055888
0.649353 0.649848 0.055888
0.783471 -0.307742 -0.043954
0.141854 0.759386 0.015262
0.316471 -0.848793 0.055888
-0.880192 -0.007451 0.055888
0.860002 -0.013170 0.055888
-0.976457 0.162539 0.055888
0.474585 0.800665 -0.069076
-0.745585 -0.598805 -0.069076
0.554372 -0.577125 0.055888
0.813299 0.017850 0.055888
0.912658 -0.354187 0.055888
-0.096875 0.992594 -0.040547
-0.641913 0.427247 0.036398
-0.657797 -0.565670 -0.059726
-0.648863 -0.518179 0.055888
-0.809432 -0.527243 -0.069076
0.331978 -0.787813 0.055888
-0.875804 0.474076 -0.036454
-0.830891 0.062817 0.055888
-0.910848 -0.347694 -0.069076
-0.740687 0.624770 -0.069076
0.898323 0.432235 0.014615
0.719609 0.448598 -0.046461
0.586528 0.807141 -0.033281
0.714255 0.613644 0.055888
-0.024486 -0.992442 -0.009643
-0.547268 0.673230 -0.057805
0.691404 -0.338122 0.041029
0.479966 0.874845 -0.006965
-0.380455 -0.762226 -0.050965
-0.771911 -0.060065 -0.005089
0.779020 0.622285 -0.039233
-0.665724 -0.736784 0.018075
0.288579 -0.729778 0.055888
0.534371 0.593787 -0.017786
0.364704 0.681275 0.022883
-0.910342 0.402758 -0.007512
-0.909654 -0.013388 -0.069076
0.498198 -0.585967 0.055888
-0.971483 -0.087492 -0.069076
-0.284434 0.897136 0.055888
0.455303 0.843778 -0.069076
-0.116806 0.763688 0.003718
0.378092 -0.669181 0.042403
0.105596 -0.868274 -0.064050
0.755395 0.448418 -0.063735
0.677693 0.374152 -0.003532
0.594562 -0.796276 0.035308
-0.370208 -0.838990 -0.069076
-0.809242 0.375693 -0.069076
-0.705221 -0.620856 -0.069076
-0.598249 0.569200 -0.033981
-0.524992 0.847527 -0.014654
-0.698496 0.475330 -0.045068
0.538163 -0.822395 0.055888
-0.498219 -0.815346 0.055888
0.983436 0.157778 -0.060364
0.736218 -0.387287 -0.038523
-0.600574 -0.790682 0.027596
-0.753582 -0.484220 -0.069076
0.646031 0.759837 -0.039428
0.386790 0.697493 -0.016726
0.783776 -0.478889 0.055888
0.201921 -0.847718 0.055888
-0.496010 0.715997 0.055888
0.087184 -0.988991 0.014321
-0.538996 -0.834068 0.027739
0.834345 -0.541163 -0.018553
0.568307 0.568033 0.055888
0.528816 -0.558125 0.003129
0.614127 0.785734 -0.024468
0.837819 0.540685 0.007347
-0.111545 -0.877983 0.055888
0.701147 0.670459 0.055888
-0.673715 0.734372 -0.063846
-0.787045 0.311457 0.055888
-0.667764 -0.598091 0.055888
0.504387 -0.586534 -0.005008
0.780855 0.523373 0.055888
0.627259 -0.558796 -0.043480
0.715173 0.402926 0.055888
-0.362806 -0.924428 -0.051470
-0.015285 0.772361 0.015256
-0.861939 -0.493973 0.019311
0.050657 -0.859675 0.055888
-0.759854 -0.239342 -0.018463
-0.180250 0.750967 0.038405
0.229134 -0.800993 -0.039916
0.527723 0.805383 -0.069076
-0.442179 0.650942 -0.011132
-0.219330 -0.954156 -0.069076
-0.128520 0.858661 -0.057776
0.854009 -0.184242 0.055888
0.507233 0.662029 -0.038187
0.960491 -0.260336 -0.012656
0.590105 -0.686103 -0.069076
0.803028 -0.033471 -0.021700
0.019988 -0.962694 0.055888
0.994336 -0.055301 -0.067314
-0.028164 -0.794699 -0.018266
0.675996 -0.368604 0.040477
-0.767916 0.517648 -0.069076
-0.600931 -0.702149 0.055888
0.930122 -0.353375 -0.024943
0.719135 -0.402149 0.055888
-0.588428 -0.598165 -0.043267
-0.749324 0.656364 0.005592
0.810935 -0.214313 -0.041817
0.113697 0.797978 -0.021762
0.961922 0.124235 -0.069076
0.440058 -0.693394 -0.033023
-0.678595 0.636560 0.055888
-0.870938 0.239269 0.055888
0.918531 -0.030960 0.055888
0.795534 -0.596363 0.011219
0.482284 -0.694199 -0.046549
-0.371979 -0.883776 -0.069076
0.780294 0.357992 0.055888
-0.442119 0.887341 -0.069076
-0.340788 0.722448 -0.017770
-0.805568 -0.254379 0.055888
0.828345 0.344053 0.055888
0.974301 0.003216 -0.069076
0.286174 0.898861 0.055888
-0.740592 -0.207755 0.029203
-0.026535 -0.931741 -0.069076
-0.694653 0.534508 -0.063195
0.765048 0.432889 0.055888
0.042859 0.984455 -0.069076
0.745182 0.662423 0.005454
-0.629790 -0.731038 -0.069076
0.991180 0.096593 -0.045409
-0.085712 0.767596 0.012247
0.836508 0.041450 0.055888
0.157148 -0.767857 -0.011367
0.623304 0.522013 -0.025872
-0.275763 -0.940927 0.055888
-0.223246 -0.792021 -0.034202
-0.050961 -0.766454 0.032759
0.370081 0.911514 0.055888
0.354866 -0.927719 -0.064508
-0.988559 0.111629 0.037280
-0.717905 0.590167 -0.069076
-0.187946 -0.744369 0.029973
-0.218303 0.972997 0.025002
0.842286 -0.340787 0.055888
-0.488951 0.665298 -0.033680
-0.797168 -0.056975 -0.019500
-0.883801 0.094698 -0.069076
-0.900732 0.119641 0.055888
-0.754519 0.590780 0.055888
-0.037932 -0.766919 0.004911
0.876884 -0.031023 -0.064146
0.581754 0.795998 -0.069076
0.648822 0.641091 -0.069076
0.815257 -0.471984 -0.069076
-0.288502 0.716139 0.025751
0.231929 -0.886026 0.055888
-0.654458 0.707269 -0.069076
-0.713494 -0.690811 -0.022189
-0.703722 -0.405820 -0.027567
0.722289 0.572459 -0.069076
-0.764757 -0.614956 0.055888
0.347734 0.934920 -0.009986
0.127790 0.909369 0.055888
0.382987 0.762498 0.055888
-0.985955 -0.129671 -0.009017
-0.761204 -0.112697 0.001782
-0.620793 -0.453032 0.014009
-0.886941 0.214621 0.055888
0.069688 0.790560 0.055888
-0.688717 -0.715588 -0.048421
-0.828522 0.327824 -0.069076
-0.590288 0.688108 0.055888
0.759301 -0.354920 -0.041724
-0.794440 -0.596227 -0.035357
0.095600 0.992828 -0.004123
0.803918 -0.288443 -0.050829
-0.875035 -0.470952 0.037178
0.010932 0.812884 -0.025710
0.166802 0.983452 -0.048776
-0.945203 -0.203122 -0.069076
0.995755 0.014778 0.039586
0.865619 0.175460 0.055888
-0.002507 0.997766 -0.044992
0.614188 -0.670141 -0.069076
-0.600681 -0.790598 -0.047567
0.873650 0.252697 -0.069076
0.791379 0.311789 -0.047989
0.627805 -0.488392 0.055888
0.774326 -0.381038 -0.056152
0.828613 0.238658 -0.054853
-0.569159 -0.708242 -0.069076
0.648529 0.577345 -0.057771
0.890651 -0.442658 -0.040880
-0.070863 -0.798413 0.055888
0.678517 0.575969 -0.069076
-0.745545 0.557941 0.055888
-0.742434 0.664180 0.035058
-0.359953 0.764457 0.055888
0.538726 0.839701 -0.015509
-0.930678 0.265983 -0.069076
-0.305694 -0.726761 -0.014426
0.968425 0.063037 -0.069076
0.620358 -0.495089 -0.016526
-0.992325 -0.067142 0.033811
-0.651643 -0.668097 0.055888
-0.701840 -0.314264 0.022934
0.728999 0.631339 -0.069076
-0.544958 -0.574537 0.055888
0.433744 -0.893762 0.051644
-0.770871 0.090420 -0.006073
0.667970 0.386765 0.027563
