0.461800 0.647625 0.090516
-0.587063 -0.800088 -0.115014
0.741650 -0.653032 -0.047959
-0.864347 0.488593 0.077073
-0.250612 0.959223 -0.114569
0.983616 0.087455 -0.048292
0.098476 -0.965904 0.090516
-0.974004 -0.194713 -0.113517
-0.570429 -0.363050 0.068939
-0.397328 0.546254 0.059961
0.636521 -0.213250 0.055358
0.155851 0.977484 0.080981
-0.671279 0.084729 0.073051
-0.221721 -0.657689 0.090516
0.850568 0.502389 -0.048993
0.312205 -0.595880 0.024025
0.640459 0.201906 0.082968
-0.049277 0.672185 0.020910
-0.664560 0.735993 -0.115894
-0.973943 0.179485 -0.115894
-0.252030 -0.956623 -0.115894
-0.835210 -0.530222 -0.115894
0.926509 -0.342166 -0.112134
0.395638 -0.906610 -0.108681
0.407685 0.889163 -0.115894
-0.469657 0.852884 0.090516
0.659586 0.722656 -0.115894
-0.604943 0.368488 -0.024324
0.030125 -0.723798 -0.035155
-0.977622 -0.008217 0.090516
-0.682153 -0.632073 0.090516
0.975745 -0.151979 0.086967
0.528272 -0.754323 0.090516
0.216500 0.689917 -0.034862
-0.413582 -0.850459 0.090516
-0.913266 -0.371522 0.090516
0.549618 -0.453597 -0.029322
-0.451323 -0.574190 -0.037507
-0.742035 -0.165459 0.090516
0.535264 0.418581 -0.010383
0.779835 -0.439202 0.090516
0.002770 0.915973 -0.115894
0.935076 0.298002 0.090516
0.795459 -0.068679 -0.079129
-0.138063 -0.890467 0.090516
-0.130521 0.900939 0.090516
-0.305747 0.727309 -0.071836
0.797698 0.247459 -0.100580
-0.866309 0.236189 0.090516
-0.637867 0.617761 0.090516
-0.015274 -0.951436 -0.115894
-0.819933 -0.019663 -0.088779
0.686839 0.588014 0.090516
-0.820518 0.349369 -0.115894
0.312358 -0.837215 0.090516
0.336401 0.838031 0.090516
-0.782746 -0.314166 -0.102124
-0.342302 -0.753617 -0.093891
0.811616 0.068961 0.090516
0.535767 -0.666552 -0.111510
-0.791010 0.566730 -0.115894
0.179189 -0.847834 -0.115894
0.748116 -0.453900 -0.115894
-0.463913 0.876247 -0.115894
0.740104 0.380847 0.090516
-0.648437 -0.606323 -0.115894
0.220884 0.964706 -0.110185
0.564330 0.811883 0.039122
-0.532930 0.592538 -0.075957
0.978589 -0.134021 -0.111099
-0.227027 0.647244 0.090516
0.439827 0.698018 -0.093982
-0.158320 -0.750579 -0.059443
0.666972 0.512876 -0.103747
-0.758230 0.175280 -0.064652
0.170829 -0.717923 0.090516
-0.735820 -0.442897 0.090516
0.105966 0.768523 0.090516
-0.594793 -0.794091 0.075399
0.631440 -0.600468 0.090516
-0.312628 0.940951 0.061200
-0.937517 -0.185895 0.090516
0.822484 -0.249236 0.090516
0.752017 -0.276469 -0.080651
-0.137985 0.792179 -0.080594
0.352136 -0.731624 -0.086192
0.670163 -0.033927 0.051741
-0.681495 0.259321 0.090516
-0.993470 0.003397 -0.103956
-0.653146 -0.437588 -0.069360
-0.464213 -0.685909 0.090516
-0.483753 0.685172 0.090516
-0.616211 0.777461 0.037749
0.463706 -0.581045 0.090516
-0.430519 -0.893497 -0.108215
-0.708250 0.428573 0.090516
0.547225 -0.823524 -0.058863
0.918866 0.363376 -0.105077
0.291599 0.614225 0.090516
-0.073960 -0.738952 0.090516
0.711083 0.102112 -0.033180
0.124778 0.812528 -0.091618
0.266655 -0.952947 -0.011990
0.000827 0.990645 0.040512
-0.538848 -0.531931 0.090516
-0.657556 -0.255268 -0.022351
-0.275642 -0.951969 0.041013
-0.537921 0.480551 0.090516
-0.821934 0.016309 0.090516
0.619664 -0.365899 0.090516
0.987730 0.007243 0.087195
-0.908599 -0.400331 -0.064435
-0.925757 0.359842 -0.001187
0.667580 0.348209 -0.053082
-0.812790 -0.569960 0.032942
0.430258 0.538997 -0.015893
-0.691530 -0.066956 -0.016211
-0.316622 0.790138 0.090516
0.915656 -0.371036 0.080806
0.798865 0.230276 0.090516
0.813959 -0.083115 0.090516
-0.361997 -0.570325 0.084681
-0.268243 -0.808259 0.090516
-0.983454 0.138761 0.062642
0.544722 0.817784 -0.115894
0.766796 0.623531 -0.029670
-0.762709 0.635500 0.012458
-0.484220 0.729396 -0.115894
0.827585 -0.539921 -0.008314
0.630712 -0.555095 -0.102926
0.881622 0.445475 0.081768
0.949820 0.147994 0.090516
0.130652 -0.981494 -0.085027
0.542574 0.523118 0.090516
-0.049063 -0.989324 0.020115
0.450750 -0.880324 0.032352
-0.700562 0.455604 -0.097966
0.960794 0.228661 -0.074486
0.267632 0.806821 -0.108014
-0.814264 -0.174235 -0.095952
0.858150 0.079033 -0.115894
0.220671 -0.699927 -0.041112
0.655204 -0.740068 0.021660
-0.773121 -0.307100 0.090516
0.669458 0.727483 0.085618
-0.138362 0.755968 0.090516
0.583615 0.334179 0.090516
-0.695211 -0.708074 -0.025198
0.384988 -0.719860 0.090516
-0.102913 0.985222 -0.060799
0.955186 -0.252066 -0.012054
0.440961 -0.593509 -0.044745
0.318726 0.936734 -0.018820
-0.473786 -0.723739 -0.115172
0.565721 0.603631 -0.095548
0.786901 0.402260 -0.115894
0.034586 -0.846330 0.090516
0.766150 -0.612835 0.090516
-0.046915 -0.819293 -0.090505
-0.321702 -0.637933 -0.028496
-0.005343 0.777728 -0.065607
0.868044 -0.208615 -0.115894
-0.399653 0.627307 -0.045491
0.643594 -0.750305 -0.113402
-0.003949 0.862875 0.090516
-0.522499 -0.457153 -0.016375
-0.503860 -0.854183 -0.007156
-0.951107 -0.285452 -0.018697
0.233738 0.731116 0.090516
0.094704 0.666697 0.004016
0.661672 -0.376496 -0.057597
-0.878587 0.092063 -0.115894
0.095484 0.985394 -0.058961
0.038419 -0.672604 0.082896
-0.709621 0.302950 -0.060892
0.502313 -0.458337 0.090516
0.210925 0.860652 0.090516
-0.653117 0.581843 -0.115894
-0.818450 0.365692 0.090516
-0.326637 0.843062 -0.115894
0.191622 -0.870352 0.090516
0.872990 -0.462432 -0.113964
-0.170826 -0.861365 -0.115894
0.805298 0.548741 0.090516
-0.986594 -0.115417 -0.018130
0.692567 -0.137906 -0.025970
-0.360016 0.674510 0.090516
0.443482 0.769430 0.090516
-0.879540 0.460588 -0.054501
-0.183731 0.676109 -0.020665
-0.341538 -0.690811 0.090516
-0.202045 0.970173 0.008970
-0.131441 -0.982259 -0.068866
-0.865108 0.232855 -0.115894
0.352262 0.629832 -0.034056
0.665775 0.083743 0.087539
0.986133 -0.058130 -0.014004
0.427191 0.892311 0.008020
-0.748767 0.545216 0.090516
0.646171 -0.482789 0.090516
0.687958 0.218226 -0.035086
-0.582619 0.351689 0.090516
-0.073643 -0.672395 -0.006988
-0.796698 0.131575 0.090516
-0.382722 0.914612 -0.039885
0.296068 -0.837535 -0.115894
0.454331 -0.781227 -0.115894
-0.477085 0.507942 -0.017916
-0.867154 -0.478514 0.090516
0.645549 0.468923 0.090516
0.966493 -0.005693 -0.115894
-0.776467 -0.429950 -0.115894
-0.921949 -0.086668 -0.115894
-0.844102 -0.111466 0.090516
-0.572047 0.804725 -0.115894
-0.715949 0.058119 -0.029665
-0.648537 -0.274363 0.090516
0.389978 0.555249 0.090516
-0.649988 0.187680 0.006759
-0.371425 -0.919519 -0.013899
-0.890864 -0.280629 -0.115894
0.284358 0.947772 0.090516
-0.695797 -0.027350 0.090516
0.071380 -0.820391 -0.092130
0.775012 -0.564279 -0.115894
-0.960329 0.253688 0.016434
-0.754388 -0.644956 -0.111808
-0.579032 -0.683710 0.090516
0.738928 -0.324447 0.090516
0.118290 -0.663072 0.006042
-0.590082 0.474653 -0.052758
-0.302306 0.603547 0.001604
-0.988672 0.093419 -0.039740
0.567621 0.678724 0.090516
-0.930591 0.346419 -0.115435
-0.028630 0.754662 0.090516
-0.143808 0.900805 -0.115894
-0.656672 -0.526367 0.090516
0.232275 -0.961374 -0.115894
0.699982 0.622589 -0.115894
-0.220275 0.838657 0.090516
-0.549268 -0.587304 -0.080091
-0.695435 0.707832 0.053872
0.802695 0.571993 -0.115894
-0.494656 0.859609 -0.011972
-0.838191 -0.221467 0.090516
-0.825662 0.551001 -0.017653
0.279762 -0.721884 0.090516
0.703813 -0.125568 0.090516
-0.640984 -0.710709 -0.115894
0.695909 0.701739 -0.011895
-0.188387 -0.651636 -0.007820
0.576593 -0.346169 -0.006222
0.777325 -0.170978 -0.078055
-0.860833 -0.494551 -0.019610
-0.447593 -0.506546 0.041001
0.366038 0.686845 0.090516
0.917247 0.367343 0.015931
0.098902 0.872914 0.090516
0.050931 -0.989088 -0.020018
0.541183 -0.650131 0.090516
0.168558 0.651870 0.084221
0.949742 -0.256245 0.090516
-0.732479 -0.532725 -0.115894
0.661726 -0.273602 -0.031722
-0.725374 -0.159777 -0.044174
0.887665 -0.433632 -0.016665
-0.157852 -0.978076 0.041329
0.827256 -0.367035 -0.115894
0.454093 -0.499214 -0.007383
-0.614801 -0.354537 -0.024919
0.312670 0.723153 -0.072390
0.535366 -0.564120 -0.066986
-0.930541 0.318310 0.090516
0.560666 0.703450 -0.115894
0.689622 0.289345 0.090516
0.332330 -0.931854 0.063012
0.218726 0.965189 0.003892
-0.414475 0.769449 0.090516
0.399957 0.787060 -0.115894
0.840805 0.354634 0.090516
-0.172875 -0.750317 0.090516
-0.253492 -0.807046 -0.104557
-0.892181 0.086788 0.090516
-0.734995 0.666935 -0.077638
0.197388 -0.969976 0.086868
0.829454 -0.535058 0.090516
0.518412 0.427644 0.088396
0.039023 0.672540 0.084707
0.961449 0.225730 0.029622
-0.499421 -0.777906 0.090516
-0.400369 -0.677740 -0.070285
0.489888 0.859106 0.080457
0.790496 0.139935 -0.081622
0.937943 0.140408 -0.115894
0.619270 0.442021 -0.057235
0.211861 -0.638786 0.033449
0.633847 -0.654151 -0.115894
0.601870 0.298244 0.002692
0.551763 -0.541257 0.090516
-0.000062 -0.945523 0.090516
-0.639788 0.496246 0.090516
-0.320085 -0.888732 -0.115894
-0.615788 0.279729 0.010852
-0.525240 0.598551 0.090516
0.720978 -0.027249 -0.035084
0.867589 -0.016308 -0.115894
-0.091137 0.986335 0.072653
0.537324 0.507778 -0.044906
0.725101 -0.221430 0.090516
-0.661655 -0.141738 0.044486
0.617305 0.772252 -0.029823
0.885142 -0.019391 0.090516
-0.586624 0.703742 0.090516
0.321254 0.929421 -0.115894
-0.758173 -0.640664 -0.001640
-0.584033 -0.802330 -0.019908
-0.661090 -0.384030 0.090516
0.780034 0.046450 -0.069663
-0.235928 0.818414 -0.108025
-0.676680 -0.726088 0.086408
0.476758 0.613732 -0.066619
0.120624 0.903332 -0.115894
-0.794287 0.472809 -0.115894
-0.293716 0.946700 -0.030662
0.687134 -0.685293 0.090516
0.877242 -0.152038 0.090516
-0.268967 -0.710538 -0.054738
-0.378701 0.873424 0.090516
0.117924 -0.748816 -0.054658
-0.957786 0.262442 -0.076598
0.734363 -0.520527 0.090516
-0.123762 0.663983 0.090516
-0.458614 -0.584592 0.090516
0.926586 -0.341952 -0.019143
0.975270 -0.154976 -0.020684
-0.697342 -0.332992 -0.061393
0.652046 -0.467592 -0.081229
-0.414190 0.798081 -0.115894
0.072007 -0.917350 -0.115894
-0.340844 -0.909663 0.090516
-0.222777 0.933299 0.090516
0.456417 0.493156 0.071361
0.540799 -0.827892 0.037124
0.135674 0.731603 -0.046616
-0.993344 -0.007450 -0.012929
-0.613255 -0.521724 -0.080287
0.417535 -0.817917 0.090516
0.745785 -0.000688 0.090516
0.858973 0.154031 0.090516
-0.508887 -0.444850 0.072799
0.890517 0.268950 -0.115894
0.087599 -0.754433 0.090516
0.230115 -0.778411 -0.085928
-0.796737 0.086920 -0.077960
0.875560 -0.457390 0.088416
0.155345 -0.977583 0.007334
0.333088 -0.655245 -0.042023
-0.972385 -0.201962 0.008173
-0.062886 -0.840901 0.090516
0.001438 0.990626 -0.065700
0.369606 -0.631728 0.090516
-0.927657 -0.274798 0.090516
-0.813702 -0.399071 0.090516
0.727460 0.176792 0.090516
0.868378 0.438392 -0.115894
0.210239 0.874476 -0.115894
-0.758986 0.212097 0.090516
0.554109 -0.755676 -0.115894
0.393528 -0.544992 0.049719
-0.953479 -0.093449 0.090516
0.383718 -0.911767 -0.016270
0.478565 0.865802 -0.059071
-0.545950 0.786434 0.090516
0.873061 -0.104451 -0.115894
0.705027 0.425812 -0.093650
-0.407778 -0.808193 -0.115894
-0.527676 0.430953 -0.008651
0.473934 -0.868512 -0.095765
-0.678314 0.170597 0.090516
0.742617 0.314593 -0.084023
-0.777451 -0.093277 -0.067389
-0.601209 -0.458733 0.090516
0.067578 0.954351 0.090516
0.768660 0.621126 0.058475
-0.569563 0.711544 -0.115894
-0.088049 0.723780 -0.037604
-0.601934 -0.598833 0.090516
0.862468 0.186883 -0.115894
-0.247026 0.738508 0.090516
-0.544985 -0.667287 -0.113135
-0.904706 -0.001785 -0.115894
-0.397335 -0.756942 0.090516
-0.116539 -0.664210 0.085570
0.764346 0.495203 -0.115894
-0.290142 -0.609587 0.059484
-0.104799 -0.916066 -0.115894
0.921495 0.067480 0.090516
-0.333576 0.933410 -0.106928
0.018670 0.701088 -0.021630
-0.685190 0.718077 -0.030057
0.696631 -0.401981 0.090516
0.601004 0.584495 0.090516
0.230315 0.632477 0.029559
-0.905413 0.407674 0.065548
-0.760651 -0.236184 -0.075247
0.829049 -0.333454 0.090516
-0.763403 0.301662 0.090516
0.410392 0.900207 0.090385
0.045829 0.844270 -0.104974
-0.219016 -0.913933 0.090516
-0.387920 0.721499 -0.089034
-0.735986 -0.554302 0.090516
0.272826 -0.632258 0.090516
0.221789 -0.784323 0.090516
0.467461 -0.689739 0.090516
-0.858605 -0.445918 -0.115894
-0.372091 -0.573860 -0.010561
-0.090801 -0.972355 0.090516
-0.500340 -0.802444 -0.115894
-0.323657 0.599833 0.090516
0.983993 0.083477 0.034660
0.964380 -0.212636 -0.084449
0.654090 -0.286279 0.090516
-0.423303 0.620921 0.090516
-0.665518 0.351913 0.090516
0.611474 -0.725376 0.090516
-0.722605 0.623596 0.090516
-0.207016 -0.969080 -0.024466
-0.745134 0.052124 0.090516
0.774057 0.472355 0.090516
-0.494969 -0.859441 0.079440
-0.893130 -0.433933 0.025737
-0.772936 -0.070126 0.090516
0.384878 -0.825193 -0.115894
0.611681 -0.776632 -0.040446
0.812079 0.562720 -0.000005
-0.071807 0.862800 -0.115894
0.702688 -0.601587 -0.115894
0.312888 -0.917043 -0.115894
-0.806550 -0.579143 -0.057683
0.107168 -0.885245 0.090516
-0.976373 0.183468 -0.020186
-0.832153 0.156973 -0.103936
0.652398 0.158462 0.016087
-0.957306 0.074774 -0.115894
-0.459219 0.497617 0.090516
-0.427195 0.895172 0.024372
-0.926406 -0.358060 0.005843
0.885239 0.438373 -0.004278
0.703903 -0.521008 -0.115894
0.909338 0.221089 0.090516
-0.569493 0.812193 -0.036322
0.656642 0.366668 0.090516
0.701724 -0.695941 -0.114503
0.985168 -0.071056 0.074394
-0.890234 -0.163216 -0.115894
0.549357 -0.386913 0.056084
-0.173068 0.975649 -0.115490
-0.857617 -0.352472 -0.115894
0.521388 0.756473 0.090516
-0.901067 -0.026351 0.090516
-0.055006 -0.751420 -0.051661
-0.786451 0.281291 -0.097271
-0.676635 0.011659 0.025386
0.938350 0.309258 -0.032088
-0.733231 0.371432 -0.089923
0.424395 -0.703505 -0.091883
-0.431487 -0.893003 0.027723
-0.201317 0.741027 -0.059440
-0.667139 0.658130 -0.115894
0.263980 -0.907770 0.090516
-0.483018 0.651281 -0.084010
0.330251 0.851701 -0.115894
-0.001489 -0.766124 0.090516
-0.753834 -0.008165 -0.050326
0.479524 0.470917 -0.000032
0.835755 -0.278585 -0.115894
-0.895457 0.163646 0.090516
-0.609787 -0.293136 0.026791
0.179590 0.789768 0.090516
0.972933 0.169710 -0.027456
-0.775884 -0.619076 0.085086
-0.991679 0.060406 0.060435
-0.781636 0.476576 0.090516
-0.251814 -0.733994 0.090516
-0.330766 0.659228 -0.041954
-0.952458 0.239267 0.090516
0.192051 0.772463 -0.076721
-0.990417 -0.074971 -0.085476
0.787789 -0.178819 0.090516
0.729378 -0.666953 0.025407
0.839317 0.324488 -0.115894
-0.858664 -0.319395 0.090516
0.713066 0.516572 0.090516
0.606725 -0.287433 0.032114
-0.539514 0.407332 0.064518
0.668227 0.062509 0.013830
-0.031580 0.944552 0.090516
0.727169 -0.352369 -0.084667
0.070696 0.765799 -0.060837
0.070829 0.987724 0.014672
0.053646 -0.989003 -0.094539
0.484340 0.774304 -0.115894
0.612934 0.775644 0.087920
-0.810363 0.573515 0.060128
-0.080153 0.938956 -0.115894
0.366250 0.564161 0.011696
0.852649 0.498871 0.039333
-0.695780 0.233539 -0.039001
-0.202008 -0.841321 0.090516
-0.938569 -0.324276 -0.079989
0.490985 0.580046 0.090516
0.273920 0.792703 0.090516
0.745721 0.101544 0.090516
0.640187 0.646648 0.090516
0.351324 0.924997 0.054684
0.554339 0.818673 -0.033175
-0.642837 -0.755925 -0.006847
0.636623 0.586055 -0.115894
-0.125750 0.827971 0.090516
-0.585955 0.640381 -0.115894
0.492671 -0.840292 0.090516
-0.726659 0.600975 -0.115894
0.007924 -0.673786 0.012991
0.123176 -0.662815 0.090516
-0.524825 -0.614826 0.090516
-0.646174 -0.201575 0.082900
-0.667492 0.111621 0.005632
-0.305369 -0.943333 -0.032391
-0.624072 0.771362 -0.067936
-0.483783 -0.645936 -0.081842
0.761253 0.296097 0.090516
-0.443660 0.569843 -0.032777
-0.850347 -0.103944 -0.109631
-0.761686 -0.236318 0.090516
0.613465 0.272378 0.068461
-0.893425 0.426432 -0.115894
-0.033131 -0.673442 0.083514
-0.022650 -0.990153 -0.056183
0.860511 0.285875 0.090516
0.065944 0.949494 -0.115894
-0.646139 0.514704 -0.092395
-0.596264 0.559726 0.090516
-0.252740 0.684151 -0.037075
0.172332 0.974875 -0.049257
-0.850055 0.512758 -0.097130
-0.668381 0.369442 -0.056278
-0.542280 0.830686 0.035162
-0.731253 -0.671198 0.057506
0.662689 -0.107427 0.035671
0.723990 0.673045 -0.072252
0.164190 0.652892 0.001878
-0.364279 0.570474 -0.006560
-0.497902 0.814323 -0.115894
-0.160737 0.977601 0.066855
-0.400321 0.906997 -0.107539
0.284674 0.646078 -0.024947
-0.391122 -0.633766 0.090516
-0.543082 -0.523898 -0.051252
0.492155 0.857765 0.009025
0.038496 0.786627 0.090516
-0.823849 -0.258965 -0.113841
0.035899 -0.989560 0.050259
0.577219 -0.607662 -0.101699
0.985395 -0.068652 -0.088302
-0.223979 0.886447 -0.115894
0.932297 0.071175 -0.115894
0.614296 0.774588 -0.107748
0.155799 0.719566 0.090516
0.023992 -0.864775 -0.115894
0.597143 0.383507 -0.027942
-0.959525 -0.256473 -0.086174
0.371551 -0.570544 -0.010539
0.785172 -0.599858 0.025572
-0.692893 -0.101082 0.090516
-0.030067 0.685793 0.090516
-0.611149 0.290079 0.079193
0.911039 -0.262282 -0.115894
-0.789563 0.601422 -0.047325
0.603580 -0.782916 0.036614
0.490748 -0.627286 -0.077747
-0.704017 -0.330580 0.090516
-0.715488 -0.459815 -0.106499
-0.351198 -0.807529 0.090516
-0.286830 0.854405 0.090516
0.589779 0.402257 0.090516
0.194133 -0.970704 -0.060037
-0.075536 -0.987828 -0.107612
0.987338 0.019725 -0.040897
0.575013 -0.439873 0.090516
-0.051753 0.989221 -0.015984
-0.736612 0.364211 0.090516
0.583795 -0.516531 -0.068116
0.366260 -0.880164 0.090516
0.716199 -0.226629 -0.052183
0.436530 -0.511036 0.089175
0.371560 0.690299 -0.070271
0.855940 -0.493323 -0.056497
0.663646 0.283458 -0.034961
0.693650 -0.574173 0.090516
-0.566273 -0.731098 -0.115894
-0.745902 -0.373224 -0.096810
0.255221 0.956252 -0.053073
0.133435 -0.803534 0.090516
0.808470 -0.506053 -0.115894
-0.581589 -0.467715 -0.046417
0.749916 0.190760 -0.065068
-0.229850 0.634853 0.024621
0.966998 -0.200921 0.041991
-0.863110 0.490684 0.003039
-0.122003 -0.809414 0.090516
0.697069 -0.700596 -0.032637
-0.430871 -0.893317 -0.039209
-0.068126 0.804794 -0.082773
0.272272 -0.640027 -0.018930
-0.544601 -0.400675 0.011601
0.343110 0.749506 0.090516
0.504103 -0.443913 0.025465
0.276188 -0.726828 -0.066275
-0.645302 0.749111 0.090516
-0.727949 0.534450 -0.115894
0.238030 0.658004 0.090516
0.137731 -0.803234 -0.087314
0.515050 -0.812147 -0.115894
0.857638 -0.490451 0.024330
0.604073 -0.402248 -0.037181
0.750297 -0.114339 -0.056638
0.429103 0.834646 0.090516
-0.827826 0.415716 -0.115894
0.790293 0.156240 0.090516
0.704186 0.663079 0.090516
0.485965 -0.710168 -0.114524
-0.691264 -0.663572 -0.115894
-0.257273 -0.645709 -0.017478
0.216307 0.953304 0.090516
-0.214717 0.967341 -0.060224
-0.793469 -0.474120 0.090516
-0.182312 -0.925890 -0.115894
-0.320579 -0.823326 -0.115894
0.397396 0.629582 0.090516
-0.223125 -0.754074 -0.070409
0.647012 -0.178081 0.001591
-0.992063 -0.048237 0.037789
0.243186 -0.897277 -0.115894
-0.137122 -0.811499 -0.091537
0.681352 0.016871 0.090516
0.902711 -0.081843 0.090516
-0.050852 -0.880053 -0.115894
-0.547671 0.523542 -0.053076
-0.296300 0.696589 0.090516
0.795736 -0.586239 -0.040198
0.645369 0.656749 -0.115894
-0.706108 0.147063 -0.031613
-0.665439 -0.457534 0.090516
0.411345 0.605757 -0.040341
-0.797308 0.217883 -0.092225
0.390038 0.909016 -0.041371
-0.649957 -0.193679 -0.006701
0.250511 0.737354 -0.066938
0.559743 0.370858 0.024325
0.885494 -0.303708 0.090516
-0.840013 0.431212 0.090516
0.455721 0.831280 -0.115894
-0.669996 -0.544844 -0.114031
-0.317694 0.781395 -0.103147
0.135627 0.965068 -0.115894
0.580213 0.472084 0.090516
-0.438507 0.889409 -0.056302
-0.983642 -0.137591 -0.078504
0.738223 0.253210 -0.068944
0.728648 0.667762 0.032319
0.897610 -0.412739 -0.075539
-0.115753 0.984008 0.014493
-0.906891 0.404260 -0.041843
0.273912 0.861189 0.090516
-0.831422 0.288616 0.090516
0.497250 -0.854769 -0.001426
0.494981 0.556557 -0.048003
-0.376373 -0.917377 -0.087214
-0.911929 0.279501 -0.115894
-0.129274 0.662226 0.007248
-0.420647 0.690090 0.090516
-0.735996 0.114003 0.090516
-0.496855 0.747724 0.090516
-0.256684 0.764480 -0.081951
0.586055 0.546546 -0.080784
0.941399 0.299506 -0.096792
0.307317 0.598283 0.032352
0.160847 -0.936565 -0.115894
-0.484143 -0.865844 -0.092697
0.920636 0.358459 0.087571
-0.754331 0.425119 -0.115252
-0.646192 0.447285 -0.068987
-0.624105 -0.331474 0.090516
-0.281367 -0.675003 0.090516
-0.046200 -0.904071 0.090516
0.437693 0.707683 0.090516
0.924167 -0.199830 0.090516
0.124120 -0.884104 -0.115894
0.831324 -0.148890 -0.105900
0.430397 -0.883051 0.090516
-0.177278 0.651145 0.052242
0.497432 0.703095 -0.114915
0.803494 -0.423733 -0.115894
0.654597 0.740586 0.011774
0.259300 -0.955084 0.051635
0.031533 -0.776925 -0.065936
-0.065337 0.861933 0.090516
0.987233 0.023075 0.024171
-0.604301 0.446244 0.090516
0.939194 -0.306931 0.029543
0.347902 -0.575364 0.080326
0.197000 -0.655343 0.090516
-0.981775 -0.149378 0.069156
0.941732 0.298360 0.029739
0.502581 0.693100 0.090516
-0.103430 -0.717934 -0.035385
0.046693 -0.906226 0.090516
0.184397 -0.746449 -0.061076
0.306724 -0.941072 -0.060171
-0.905802 0.187493 -0.115894
-0.569024 0.645407 0.090516
-0.656536 0.298096 -0.031448
-0.313033 -0.854892 0.090516
-0.710931 -0.262924 -0.052736
0.524023 0.647610 -0.098707
-0.639240 0.221304 0.069302
0.744923 0.553521 -0.115894
0.974558 0.159450 0.036373
0.135132 0.921368 0.090516
-0.840397 -0.529106 0.067967
-0.084823 -0.986950 -0.030708
0.543697 -0.397806 -0.006972
-0.199247 -0.970817 0.084684
-0.600825 -0.644502 -0.115894
-0.722955 0.680313 0.004988
-0.419143 -0.538995 0.090516
0.648332 0.529165 0.090516
0.702586 0.427948 0.090516
-0.335657 -0.932678 0.035141
0.713063 0.032166 -0.030637
-0.543023 -0.830198 0.058323
0.393871 -0.661477 -0.062086
-0.973952 0.194935 0.044361
0.264542 0.910509 -0.115894
-0.791832 -0.598515 -0.113775
-0.371821 0.812696 0.090516
-0.480680 -0.503752 0.090516
-0.241300 -0.864282 -0.115894
0.326525 -0.786746 -0.109208
-0.279143 -0.919063 0.090516
-0.494358 0.461133 0.030387
0.810647 -0.225930 -0.104029
-0.513743 0.848320 -0.067191
-0.701941 0.508511 0.090516
-0.940518 0.318842 -0.041661
0.298085 0.673330 0.090516
0.708675 -0.416273 -0.092468
-0.712798 -0.269741 0.090516
-0.487752 0.552738 0.090516
-0.828015 -0.042558 0.090516
0.617747 -0.534696 0.090516
-0.645723 0.676409 0.090516
-0.616952 -0.729131 0.090516
0.902089 -0.402387 0.032506
-0.960771 -0.252184 0.037094
0.270695 0.951756 0.033186
-0.651578 -0.748219 -0.071526
0.914881 0.372809 -0.042812
-0.166618 0.846388 -0.114505
0.917311 -0.143315 -0.115894
0.498465 -0.528951 -0.037551
-0.844496 0.287926 -0.115894
0.062355 -0.676504 -0.009088
-0.795370 -0.486988 -0.115894
-0.329210 -0.688913 -0.056751
0.149150 0.842646 0.090516
0.172448 -0.668626 -0.015713
-0.551200 -0.750500 0.090516
0.146140 -0.931977 0.090516
-0.949561 0.098127 0.090516
-0.259019 0.956780 0.044072
0.770137 -0.619240 -0.096595
-0.363746 0.922548 0.040026
-0.542102 -0.830824 -0.048665
-0.919461 -0.226379 -0.115894
0.669461 -0.180622 0.090516
-0.920224 0.028545 0.090516
0.671331 -0.003468 0.002281
-0.986115 0.120469 -0.094513
-0.673970 -0.061447 0.048858
-0.870762 -0.173422 0.090516
0.559407 -0.815214 0.090516
0.764180 -0.125992 0.090516
-0.568648 0.365783 0.036296
0.758722 -0.066397 0.090516
0.342609 0.784252 -0.111516
0.548556 0.624424 0.090516
-0.920993 0.130952 -0.115894
-0.366163 0.731716 0.090516
0.125590 0.982277 0.032367
0.942632 -0.295277 -0.081106
-0.031765 0.969689 -0.115894
-0.174884 -0.651722 0.047787
0.682558 -0.082600 -0.015326
-0.082345 0.774289 0.090516
0.979115 -0.130697 0.034031
-0.193329 -0.798421 -0.090684
-0.670011 -0.121652 -0.008322
0.602107 -0.711218 -0.115894
-0.178722 0.796168 0.090516
0.888135 0.432693 -0.060863
-0.031184 0.726381 -0.036555
-0.402759 -0.626386 -0.045997
-0.416459 0.532204 0.008377
0.629679 -0.338130 -0.030867
-0.770272 -0.626310 -0.055085
-0.971817 -0.204502 -0.048407
0.802293 -0.004247 -0.081450
0.854685 0.493296 -0.115894
-0.884308 -0.451247 -0.060055
0.986079 0.059812 -0.097578
0.867287 0.051442 0.090516
-0.442327 0.698854 -0.093429
-0.755713 -0.003354 0.090516
0.740283 0.369705 -0.095886
-0.027730 -0.701522 -0.021960
0.492052 -0.532309 0.090516
0.671280 -0.343236 0.090516
0.616642 0.706481 0.090516
-0.031282 -0.989882 0.075404
-0.937204 -0.328066 0.063911
0.278017 -0.782197 0.090516
0.311801 -0.675641 0.090516
-0.277365 0.904172 -0.115894
-0.637419 0.400596 0.090516
-0.816332 0.210652 0.090516
-0.195347 0.716706 0.090516
0.375577 0.797893 0.090516
0.403026 -0.758820 -0.113481
-0.535237 0.762478 -0.115894
0.652387 0.742535 -0.064095
-0.661396 -0.375255 -0.054244
0.727885 0.248553 0.090516
0.791535 -0.493953 0.090516
-0.523149 -0.683629 0.090516
-0.649407 0.750116 -0.001557
0.602664 -0.307949 0.090516
-0.008469 0.833666 -0.097982
0.436344 -0.741557 0.090516
0.599185 -0.459367 -0.054123
0.660105 -0.735748 -0.062215
0.332155 -0.931917 -0.010038
-0.915358 -0.359930 -0.115894
-0.279586 0.614796 0.051159
-0.888108 0.443774 0.019303
-0.329389 -0.589710 0.021255
-0.429930 -0.525875 -0.007914
-0.600621 0.421752 -0.038971
-0.814393 -0.387113 -0.115894
-0.693584 0.031886 0.090516
0.813488 -0.395229 0.090516
0.573154 -0.604972 0.090516
-0.904956 -0.120021 0.090516
-0.744717 -0.368045 0.090516
0.873442 -0.221805 0.090516
-0.613709 -0.410591 -0.041752
0.702143 -0.056524 0.090516
-0.722647 -0.680638 -0.073970
0.415317 -0.672125 0.090516
-0.277924 0.908717 0.090516
-0.142315 0.728529 -0.045009
-0.661439 0.568136 0.090516
0.637984 0.209159 0.000624
0.810325 0.431200 0.090516
0.731438 -0.465754 0.090516
-0.823640 0.553977 -0.072397
0.003251 0.673769 0.036556
-0.423081 -0.743809 -0.109896
0.039066 0.726932 0.090516
0.679202 0.151116 0.090516
0.470330 -0.479783 0.051741
0.159802 -0.653936 0.050538
-0.101668 -0.985358 0.033965
0.352198 -0.868856 -0.115894
-0.743438 0.234042 -0.065390
0.591900 -0.791976 -0.101424
0.809832 0.014668 0.090516
0.406795 0.535540 0.033421
0.872677 0.131198 -0.115894
0.982066 -0.103876 -0.047336
-0.690360 -0.712926 0.028448
-0.823677 0.042030 -0.091505
-0.254474 -0.870964 0.090516
-0.111882 -0.664930 0.030472
0.512811 -0.604201 0.090516
0.728699 -0.648893 -0.115894
-0.782834 -0.527516 0.090516
0.776379 -0.277264 0.090516
0.095376 0.715620 0.090516
0.941659 -0.043541 0.090516
-0.472604 -0.483001 -0.000592
0.627682 -0.654246 0.090516
0.970959 0.182174 -0.107633
0.572499 -0.806348 -0.014605
-0.313082 -0.769600 0.090516
-0.803987 -0.179980 0.090516
0.343498 0.577964 0.076195
0.205758 -0.968105 0.023004
-0.254202 0.791655 0.090516
-0.078312 0.709182 0.090516
-0.987339 0.107524 0.019241
-0.871880 0.370042 0.090516
-0.099931 -0.858617 -0.115566
0.437210 0.748613 -0.115894
0.380611 0.740421 -0.098191
0.018459 0.983549 0.090516
-0.604890 -0.512087 0.090516
-0.524412 0.674080 -0.108850
0.570068 0.734618 0.090516
0.713747 0.478439 -0.114147
-0.097261 -0.778468 -0.069665
0.822379 0.547564 -0.050491
0.884754 -0.380439 -0.115894
-0.877351 0.347821 -0.115894
0.580139 -0.338386 0.046341
-0.228988 -0.635143 0.026363
0.172442 0.926637 -0.115894
0.438289 0.587474 0.090516
-0.409263 -0.903145 0.084568
-0.723780 -0.494666 0.090516
0.676345 -0.322129 -0.050611
-0.777175 -0.125606 0.090516
-0.242070 -0.961245 -0.063598
0.793690 0.379087 0.090516
-0.987516 -0.105659 0.039688
-0.836244 -0.535449 -0.061697
-0.598871 0.788489 0.090516
-0.942662 0.312888 0.016436
-0.863051 -0.425756 0.090516
-0.822387 -0.280929 0.090516
-0.857299 -0.218129 -0.115894
0.592659 0.653437 -0.115894
0.898805 0.409961 0.046680
-0.549818 -0.406601 0.090516
0.870507 -0.318303 -0.115894
-0.774425 0.613746 0.090516
-0.173709 -0.975564 -0.100396
0.097771 0.666224 0.056660
-0.945638 0.179521 0.090516
-0.784530 -0.544370 -0.115894
0.382561 -0.615255 -0.035982
-0.644156 0.236661 -0.011434
-0.074280 0.913881 0.090516
-0.010356 -0.819053 0.090516
-0.169219 0.857500 0.090516
0.836381 0.384584 -0.115894
0.695290 -0.626679 0.090516
0.555922 0.804989 0.090516
-0.662760 -0.578536 0.090516
-0.489172 0.862853 0.042805
0.011140 0.914046 0.090516
0.504694 -0.478705 -0.019486
0.625833 -0.245196 -0.006233
0.700517 0.167390 -0.034196
0.731691 0.664310 -0.021233
0.618372 0.771427 0.036128
-0.401389 0.855440 -0.115894
-0.840582 0.528775 0.030781
0.728615 -0.175909 -0.051190
-0.807518 -0.577716 0.089035
-0.340009 -0.623166 0.090516
0.822602 -0.140074 0.090516
-0.826811 0.522060 0.090516
-0.704050 -0.584080 -0.115894
-0.725684 0.675478 0.090516
0.387037 -0.775837 0.090516
0.546797 -0.705817 0.090516
0.096077 0.854234 -0.113211
-0.592457 0.326053 0.011470
-0.314520 -0.940289 -0.115281
-0.377429 0.671600 -0.060751
-0.697448 -0.008026 -0.017770
0.813991 0.089760 -0.091125
0.096379 -0.985326 -0.046535
0.643497 0.416629 0.090516
0.023460 0.989934 -0.018988
0.421786 -0.539076 -0.012831
-0.424930 0.896327 0.090502
0.747406 0.554999 0.090516
-0.182258 -0.696717 -0.032025
-0.457935 0.797125 0.090516
-0.620376 0.679722 -0.115894
0.959632 0.233855 -0.023255
-0.879749 -0.255970 0.090516
0.408773 -0.598353 0.090516
-0.449719 -0.791189 0.090516
0.612876 0.701107 -0.115894
0.341035 0.889585 0.090516
0.004471 -0.819176 -0.089543
-0.952015 0.225798 -0.115894
-0.948015 -0.130768 -0.115894
0.340254 0.642624 0.090516
0.391588 0.840571 -0.115894
-0.337286 0.932074 -0.055711
0.966557 0.196356 0.090516
-0.355058 0.918739 0.090516
0.938461 0.248596 -0.115894
0.676046 -0.235692 0.090516
0.069519 0.704165 -0.025283
-0.141264 -0.670839 -0.012125
-0.992299 0.040690 -0.029867
-0.392619 -0.549584 0.029286
0.533577 0.761194 -0.115894
0.401439 -0.904098 0.054278
0.795670 0.455055 -0.115894
0.850684 0.502194 0.090074
-0.952653 -0.024501 -0.115894
-0.586867 0.593126 -0.097146
0.658419 -0.737234 0.075038
0.171896 0.826567 -0.104510
0.593366 0.523702 0.090516
0.981458 0.110290 -0.094713
0.555514 0.461468 -0.034819
0.906533 0.121486 0.090516
0.785121 -0.339077 -0.111814
-0.692500 -0.176353 0.090516
0.001792 -0.990632 -0.007597
0.116736 -0.701050 -0.027232
0.799724 0.580901 0.045477
0.848073 0.029648 -0.108431
-0.007228 0.807963 0.090516
0.001233 -0.884350 0.090516
-0.779740 -0.145448 -0.073055
-0.443794 -0.639789 0.090516
-0.292019 -0.776031 -0.094682
0.922121 -0.354356 0.031211
-0.970035 0.212456 -0.060945
0.755684 0.052148 0.090516
-0.473470 0.601708 -0.057972
0.665404 -0.218119 -0.022506
0.265711 0.856367 -0.115894
0.753819 -0.396341 0.090516
-0.473251 0.617185 0.090516
-0.870490 0.034332 0.090516
0.068471 0.833198 0.090516
0.986167 0.056996 0.082446
-0.846727 0.152450 0.090516
-0.913058 -0.390023 0.041876
0.923592 0.019946 -0.115894
-0.123850 -0.737688 0.090516
-0.119166 -0.963839 -0.115894
0.866558 -0.408384 0.090516
-0.654698 0.447363 0.090516
-0.628927 -0.250036 0.051684
0.321173 -0.757308 0.090516
0.624532 -0.434769 0.090516
-0.420589 0.844522 0.090516
-0.075638 -0.791372 0.090516
0.966484 -0.203221 -0.028957
0.461277 -0.640430 0.090516
0.793185 -0.124049 -0.081910
-0.585010 0.496297 0.090516
-0.276694 0.845601 -0.115894
-0.477687 -0.869463 0.032136
-0.627582 -0.305022 -0.017975
0.950491 -0.090414 -0.115894
0.096647 -0.962986 -0.115894
0.495596 0.453440 0.052875
-0.993038 0.017136 0.029938
-0.727794 0.173786 0.090516
-0.628025 -0.768314 0.049483
-0.843299 0.466699 -0.115894
-0.442772 -0.692707 -0.090600
0.759600 -0.003251 -0.056777
0.441301 -0.653268 -0.072813
0.832196 -0.533137 -0.073096
-0.498762 -0.517856 -0.030683
-0.132014 0.948590 -0.115894
-0.771831 0.036218 -0.061426
0.979596 0.127642 -0.000766
0.729725 0.612031 0.090516
-0.514680 0.647006 0.090516
-0.568809 -0.423064 -0.024792
0.289811 0.766674 -0.090473
0.219149 0.807690 -0.100294
-0.390465 0.584022 0.090516
-0.505331 0.547224 -0.045875
0.095499 -0.666592 0.050264
-0.080765 0.669719 0.061631
-0.458036 -0.827090 -0.115894
0.449043 -0.831479 -0.115894
-0.817625 -0.073987 -0.088968
0.216749 -0.701032 0.090516
0.752783 0.428299 0.090516
0.590296 -0.777354 0.090516
0.922335 -0.214782 -0.115894
-0.216875 -0.771377 0.090516
-0.605988 0.785390 -0.009259
0.108560 -0.984174 0.019365
0.590629 0.792946 -0.064976
0.898902 -0.063192 -0.115894
0.796830 0.199470 -0.092527
0.623004 0.250865 0.020679
-0.696430 -0.679040 0.090516
-0.185814 0.795771 -0.088285
-0.519342 -0.743617 -0.115894
-0.046474 0.989387 -0.073538
0.381823 0.855207 0.090516
0.279127 -0.786142 -0.098846
0.662194 0.109965 0.046889
0.050869 0.879587 0.090516
0.738161 -0.652434 0.090516
0.841907 -0.055998 -0.105413
0.319494 -0.619555 0.090516
-0.153917 -0.955258 0.090516
0.193862 0.910565 0.090516
0.840510 0.519396 -0.004948
0.631718 0.326813 -0.028882
-0.780880 0.612616 -0.104879
-0.794893 0.135081 -0.080520
-0.981508 -0.151058 0.020936
0.654275 -0.150817 0.054994
-0.628650 -0.682355 0.090516
0.677536 0.231715 0.090516
-0.991864 -0.054515 -0.022989
-0.211822 -0.968006 0.038294
-0.925837 0.359624 -0.062583
-0.606614 -0.784923 -0.073736
0.807526 0.282952 0.090516
-0.674770 0.054489 0.003650
0.683798 0.713849 0.041855
-0.890532 -0.050348 -0.115894
0.789360 -0.029430 0.090516
0.416806 0.647910 -0.062603
-0.967361 -0.224438 0.075666
0.825773 -0.542588 0.043312
-0.539996 -0.832255 -0.096517
-0.690229 -0.203561 -0.030644
-0.440772 0.543645 0.090516
0.429020 0.891380 -0.062766
0.139161 0.980129 -0.013439
-0.801656 -0.220971 -0.095141
0.070747 -0.706991 0.090516
-0.670507 -0.476870 -0.090359
0.155574 0.870015 -0.115894
-0.693078 -0.710208 -0.105628
-0.587628 0.401493 0.090516
-0.418356 -0.699173 0.090516
-0.628729 -0.419079 0.090516
-0.792537 0.057306 0.090516
0.939513 0.004036 0.090516
0.697335 0.552555 -0.115894
0.798500 -0.582675 0.073005
0.645416 -0.423744 -0.064032
0.894985 0.323701 -0.115894
0.880064 0.383080 0.090516
-0.759311 0.319826 -0.091006
-0.287050 -0.948654 -0.075938
-0.783723 -0.046181 -0.068543
-0.854881 0.504598 -0.050566
0.764561 -0.230664 -0.079537
0.956354 0.248027 0.071248
-0.288292 0.948276 -0.087825
0.581451 0.501608 -0.061298
0.268933 -0.616930 0.022396
0.506652 -0.755736 -0.115894
-0.480872 -0.602847 -0.061090
0.641036 0.480504 -0.080735
-0.059853 0.764431 -0.059305
0.768601 -0.621222 -0.013357
0.537847 0.572951 0.090516
0.228602 -0.831214 0.090516
0.519885 0.474952 0.090516
0.172368 0.974869 0.033612
0.070824 -0.746967 -0.050046
0.626683 0.312148 0.090516
0.048651 0.989143 -0.068807
-0.289360 0.639118 0.090516
0.329376 0.678175 -0.052799
-0.699453 -0.412797 0.090516
-0.944748 0.307094 -0.087177
0.679681 -0.642897 -0.115894
0.852808 0.107253 0.090516
-0.603622 -0.596051 -0.105312
-0.091216 -0.886291 0.090516
0.850483 -0.421232 -0.115894
0.732792 -0.071927 -0.043410
0.795805 0.586134 -0.053510
0.599648 -0.491397 0.090516
0.421554 -0.895201 -0.038529
-0.062663 0.988878 0.029641
0.748789 -0.507425 -0.115894
0.735975 0.141759 -0.051073
0.715036 -0.267187 0.090516
0.843741 0.270566 -0.115894
0.757617 -0.566859 0.090516
0.520761 0.602384 -0.077594
-0.066534 -0.670877 0.040114
0.540924 0.398111 0.057277
-0.743691 0.091000 -0.047875
0.704632 0.058006 0.090516
-0.132235 -0.982132 -0.001191
0.937827 -0.124961 0.090516
-0.206942 -0.701982 0.090516
0.474871 0.667462 -0.090472
0.398547 0.905333 0.045580
-0.992568 -0.032136 -0.067257
-0.042355 0.989517 0.085120
-0.951272 0.284865 0.065773
-0.588530 -0.333291 0.017490
-0.745564 0.654950 -0.026562
-0.374551 -0.918166 0.057802
0.743048 0.064859 -0.048774
-0.439865 0.640318 -0.064318
0.779183 0.290052 -0.098205
-0.661088 0.144643 0.037373
-0.240744 0.961523 -0.014791
-0.588582 0.530791 -0.073335
0.204594 0.695282 0.090516
-0.726849 0.273442 0.090516
-0.366520 -0.828928 -0.115894
-0.834548 -0.312483 -0.115894
-0.178412 -0.796846 0.090516
0.059500 0.988796 0.059375
0.724670 0.324131 0.090516
0.152070 -0.978102 0.088190
-0.260244 0.629769 -0.009602
-0.991511 0.063384 -0.087289
0.279357 0.725498 0.090516
-0.014346 -0.782777 -0.068739
-0.509066 -0.732221 0.090516
-0.907838 0.207841 0.090516
0.717063 -0.169485 0.090516
-0.501514 0.453105 0.074936
-0.585157 0.760830 -0.115894
0.116918 0.695266 -0.023973
0.466274 -0.872416 -0.050852
0.127858 0.683368 0.090516
0.987055 -0.028770 -0.066062
-0.229856 0.888196 0.090516
0.826861 -0.438857 0.090516
-0.923521 0.365830 0.063820
-0.575062 -0.559673 0.090516
0.425875 -0.873225 -0.115894
-0.242540 -0.961139 0.074105
0.973259 0.108899 0.090516
0.716013 -0.308784 -0.068591
-0.312288 0.744825 0.090516
-0.748460 -0.490127 -0.115894
-0.823804 -0.553753 -0.021954
-0.826380 -0.351433 0.090516
-0.706907 0.568604 0.090516
-0.353552 0.754215 -0.096753
0.008426 -0.990423 -0.090349
0.195683 -0.907405 -0.115894
0.535124 -0.606015 -0.084699
0.657264 -0.601600 -0.115894
0.829860 0.536558 0.054416
0.683845 -0.445459 0.090516
0.347391 -0.926431 -0.088052
-0.901493 -0.416753 -0.106047
-0.533680 0.836530 0.079244
0.451847 0.497554 0.023937
-0.080680 0.987325 -0.103112
-0.712387 0.216341 0.090516
-0.575227 -0.371120 -0.010667
0.166368 -0.711369 -0.039007
0.226381 -0.935506 0.090516
-0.546335 -0.798682 0.090516
0.041437 0.672355 0.004762
0.708501 0.295286 -0.061599
-0.662056 -0.139673 0.089594
0.143380 -0.858281 0.090516
-0.711722 -0.224614 0.090516
-0.894611 -0.211717 0.090516
-0.903905 -0.313283 0.090516
0.538680 -0.498141 0.090516
-0.830411 0.108546 -0.098634
0.923802 -0.349685 -0.067813
0.713843 0.668813 -0.115894
-0.128164 0.957679 0.090516
0.643166 0.599952 0.090516
0.854718 -0.495389 0.076734
0.794792 0.111597 0.090516
0.830457 -0.192614 0.090516
0.187279 -0.791555 -0.086800
0.065226 0.886575 -0.115894
0.943269 -0.046256 -0.115894
-0.028333 0.873359 -0.115894
-0.145699 0.979983 -0.018490
0.669893 -0.536309 0.090516
-0.927396 0.041580 -0.115894
0.942517 -0.295676 -0.013541
0.828311 0.186494 0.090516
0.500053 0.826015 -0.115894
-0.596787 -0.792545 0.028796
0.775285 -0.382339 -0.115894
0.771814 0.617061 -0.074782
0.977344 0.141860 -0.063556
0.313613 -0.703074 -0.061870
0.465602 -0.804942 0.090516
-0.142032 0.980564 -0.083957
-0.357522 -0.856214 0.090516
-0.524270 -0.482650 0.090516
0.340931 -0.713699 0.090516
0.081557 -0.986727 0.054610
-0.537179 0.632656 -0.094671
0.984064 -0.082730 0.031504
-0.221801 -0.676889 -0.027598
0.026060 0.809194 -0.084376
-0.757934 -0.280089 -0.081597
0.664240 -0.097052 0.078779
-0.700312 0.103784 -0.023847
-0.361290 -0.731102 0.090516
0.632969 -0.513236 -0.088456
0.266156 -0.863493 0.090516
0.388161 0.755394 0.090516
-0.499685 -0.856652 -0.051149
0.253003 -0.827366 -0.115894
-0.729150 0.473617 0.090516
-0.889642 0.440762 0.090278
-0.222565 -0.907594 -0.115894
0.852133 -0.499762 -0.102724
-0.978595 0.169442 -0.066452
-0.337974 0.615728 -0.021407
-0.869155 -0.480479 0.046490
-0.653044 0.297981 0.090516
-0.793346 0.522773 -0.115894
0.266926 0.700186 -0.050011
0.363539 -0.675316 0.090516
0.335232 0.595693 -0.012125
0.301594 0.886789 -0.115894
-0.310647 -0.730121 -0.074412
0.118502 -0.841304 -0.107544
-0.002083 -0.909505 -0.115894
-0.576847 -0.545545 -0.074090
-0.873169 0.302330 0.090516
0.775023 0.337810 0.090516
0.528132 -0.414909 0.082329
0.468513 0.871256 0.043405
0.596285 0.308679 0.044907
-0.878435 0.153270 -0.115894
-0.115814 -0.933626 0.090516
0.183748 -0.806038 0.090516
-0.708173 0.413512 -0.088655
-0.417837 0.754558 -0.113727
0.427759 -0.518268 0.044582
-0.760604 -0.637907 0.048713
-0.522726 0.521521 0.090516
0.044383 -0.760608 0.090516
0.090526 -0.811559 0.090516
-0.233486 0.690408 0.090516
0.465577 0.872752 -0.106635
0.986265 0.053873 -0.006664
-0.858412 -0.498644 -0.096819
0.097160 0.985234 -0.112442
0.116656 0.960794 0.090516
0.370516 -0.917481 0.024824
-0.541354 0.831316 -0.100269
-0.724521 -0.086745 -0.036526
0.697050 -0.306731 0.090516
0.621893 -0.253594 0.062001
0.715034 0.469551 0.090516
0.496833 0.513168 -0.030176
0.928888 0.188975 -0.115894
0.541406 0.827462 -0.073662
-0.680584 -0.162879 -0.019072
-0.857461 -0.017982 -0.110360
-0.990571 -0.073346 0.080675
-0.747358 -0.585035 -0.115894
0.234700 -0.961636 -0.048171
-0.114714 0.857571 -0.115894
0.904171 -0.397578 -0.033837
-0.260061 0.956479 -0.055923
-0.843451 -0.523942 0.006855
0.485522 0.518689 0.090516
0.794206 -0.282017 -0.104663
-0.439038 -0.745761 0.090516
0.595283 0.627281 0.090516
0.667552 0.442865 -0.080755
0.267738 0.952616 -0.107068
0.494943 -0.573350 -0.055137
-0.152056 0.696521 0.090516
0.509537 -0.680321 0.090516
0.320354 0.712155 0.090516
-0.659678 -0.323870 -0.039629
-0.913742 0.124667 0.090516
-0.040226 0.917876 -0.115894
0.434981 0.544586 0.090516
-0.964665 0.236478 -0.025675
0.252368 0.919040 0.090516
-0.612403 -0.287298 0.071138
-0.668512 0.123909 0.090516
-0.080479 0.687437 -0.016021
-0.406194 -0.808198 0.090516
0.653728 -0.391958 0.090516
0.324943 0.934495 -0.061116
-0.751587 0.474813 -0.115894
-0.860442 0.053490 -0.112740
-0.334160 0.586856 0.051174
0.222173 0.915974 -0.115894
0.554041 -0.712982 -0.115894
0.510392 0.823066 0.090516
-0.639883 -0.661667 -0.115894
0.645885 -0.748285 -0.019154
0.579901 0.750729 -0.115894
0.403498 -0.552348 0.090516
-0.700079 0.189211 -0.033720
0.768375 -0.356282 0.090516
0.291947 -0.671311 -0.040105
-0.747180 0.275382 -0.074848
0.035027 0.978755 -0.115894
-0.626911 0.254919 0.046283
-0.723664 -0.418955 -0.097933
0.230600 -0.735388 -0.062386
-0.466639 0.488725 0.046820
-0.631489 -0.242904 0.008740
-0.684880 0.505423 -0.106889
-0.257414 -0.623838 0.082335
0.005082 -0.697622 0.090516
0.192251 -0.971124 -0.105995
-0.574158 0.744225 0.090516
0.670858 0.015791 0.039974
-0.030517 -0.735329 0.090516
0.825042 0.170350 -0.104626
0.581452 0.335957 0.014330
-0.498090 0.810386 0.090516
-0.348688 -0.927987 -0.057084
0.900566 0.099436 -0.115894
-0.779287 0.356488 -0.110038
0.837395 0.220871 -0.115894
0.447226 0.882102 0.078233
0.977626 -0.109937 0.090516
0.965621 -0.207085 0.086980
0.204257 0.651110 -0.011294
0.715844 -0.359784 0.090516
-0.720697 -0.614908 0.090516
0.949925 0.270154 -0.042692
-0.554201 0.562141 0.090516
-0.736640 0.641903 -0.115894
0.635435 0.243021 0.090516
0.239155 -0.736653 0.090516
-0.448454 -0.786145 -0.115894
0.313219 -0.612409 -0.014580
0.582858 -0.684352 0.090516
-0.752564 -0.185710 -0.062758
0.169884 0.975262 -0.094025
0.761319 0.515476 0.090516
0.981144 -0.113626 -0.006629
0.882308 -0.347675 0.090516
0.795024 -0.466420 -0.115894
-0.977673 -0.101275 -0.115894
0.891609 -0.259461 0.090516
-0.481697 -0.622197 0.090516
0.049642 -0.947883 0.090516
0.891697 0.313648 0.090516
0.675730 0.138773 -0.016582
0.822572 -0.290973 0.090516
-0.133753 0.661329 0.048724
0.658941 -0.126757 -0.003942
0.025777 -0.944025 -0.115894
-0.455867 0.798513 -0.115894
0.253669 0.623065 0.074059
-0.579065 0.805688 0.015206
-0.624603 -0.482674 -0.071401
-0.895337 -0.322010 -0.115894
0.187876 -0.919772 0.090516
0.484090 0.738079 0.090516
-0.749737 0.431167 0.090516
-0.041597 -0.947167 0.090516
0.761978 0.111692 -0.063133
-0.605400 0.666482 0.090516
-0.785497 -0.358712 0.090516
0.520244 -0.841169 -0.086679
-0.631285 0.537455 0.090516
-0.056749 -0.950135 -0.115894
-0.764088 0.253241 0.090516
0.871919 0.464517 -0.081911
0.028829 0.757088 -0.054426
-0.559188 0.456375 -0.032126
-0.696940 0.561871 -0.115894
-0.373947 -0.773295 -0.111904
0.312879 0.777769 0.090516
-0.733917 -0.668177 -0.020778
-0.672277 0.729953 -0.067509
0.454540 -0.878393 -0.008784
0.218824 -0.663910 -0.020892
-0.142996 -0.849441 0.090516
0.387658 -0.910062 -0.068285
-0.559246 0.404852 -0.014015
0.547855 0.556486 -0.068617
-0.434509 0.517319 0.042401
-0.648918 -0.191590 0.034521
-0.495831 -0.680145 -0.101560
0.014858 -0.984015 0.090516
0.765874 0.590562 -0.115894
0.070357 -0.876166 -0.115894
0.510053 0.847181 0.046550
-0.189188 0.894660 0.090516
-0.593997 -0.645359 0.090516
-0.339529 0.838198 0.090516
0.928393 0.336917 0.053415
-0.795165 0.399557 0.090516
-0.511529 -0.441886 0.020122
-0.484913 0.688209 -0.101810
-0.728443 -0.308479 -0.072160
-0.949466 -0.291098 0.030948
0.385038 -0.843751 0.090516
-0.450536 -0.868143 0.090516
-0.951781 0.283110 -0.025216
0.547005 -0.512252 -0.050771
-0.226108 -0.712151 -0.047820
-0.907063 -0.079210 0.090516
-0.714305 0.079399 0.090516
0.930605 -0.330786 0.063461
-0.793569 0.329166 0.090516
-0.683090 -0.720195 -0.062239
0.866653 0.354725 -0.115894
0.987520 -0.013985 0.007224
0.302509 -0.935208 0.090516
0.755669 0.447517 -0.115894
0.899905 0.407417 -0.090513
-0.304785 -0.708280 0.090516
-0.396270 -0.720128 -0.090535
-0.354435 0.813369 -0.115894
-0.178947 -0.906958 0.090516
-0.297053 -0.637487 0.090516
-0.761303 0.637096 -0.059528
0.814254 0.484224 0.090516
0.579198 -0.362393 0.090516
0.270970 0.616091 0.035652
0.915606 -0.303259 -0.115894
0.196061 0.643768 0.048145
0.331948 0.929125 0.090516
-0.178096 -0.974869 -0.052320
0.814695 -0.558889 -0.109432
0.879779 -0.449109 -0.073499
-0.606359 -0.764445 -0.115894
-0.936209 -0.271178 -0.115894
-0.678336 0.615799 0.090516
0.139578 0.658651 0.056740
-0.775267 0.093926 0.090516
0.251605 -0.666688 0.090516
-0.088355 -0.692770 0.090516
-0.566740 0.814064 0.062690
0.508412 0.619929 0.090516
-0.429166 -0.649804 -0.065612
-0.093192 0.897044 -0.115894
0.755679 -0.637119 0.057544
0.955772 -0.250051 -0.072050
0.225736 -0.891849 0.090516
0.872249 0.463870 -0.040837
-0.865683 0.397181 -0.115894
-0.853206 0.189195 -0.115894
-0.020967 -0.846304 -0.105325
-0.910243 0.396512 0.004836
-0.395942 -0.908909 0.016215
-0.716556 0.686711 -0.107459
0.746566 0.647438 0.079429
0.719989 -0.677602 -0.083734
0.235613 0.771099 -0.082900
-0.210294 0.848349 -0.115894
-0.221103 0.648844 -0.012004
-0.796657 0.171734 0.090516
0.633304 0.222189 0.049056
-0.651296 -0.514958 -0.094814
-0.833456 -0.152714 0.090516
-0.654778 -0.745398 0.030256
-0.710273 -0.628234 -0.115894
0.684678 -0.712987 0.019175
-0.391317 0.910892 0.074190
0.483481 -0.726496 0.090516
0.589423 -0.642256 0.090516
0.376294 -0.700999 -0.077010
-0.648726 0.622546 -0.115894
0.735628 -0.578782 -0.115894
0.866225 -0.098385 0.090516
-0.274367 -0.952339 0.000982
0.580886 0.800502 0.004473
-0.168231 0.653261 0.009672
0.618465 -0.771371 -0.001313
-0.157276 -0.655842 0.083505
-0.364400 -0.609920 -0.026030
0.721959 0.586168 -0.115894
-0.816987 -0.116341 -0.091621
0.674440 0.685643 -0.115894
-0.273643 -0.746609 -0.075073
-0.689724 0.692639 0.090516
-0.356501 -0.719255 -0.079583
-0.547695 -0.794119 -0.115894
-0.451559 0.661798 0.090516
-0.989650 -0.083083 0.007025
0.696702 -0.379024 -0.076228
-0.176198 0.975152 -0.054245
-0.910767 -0.395320 -0.025071
-0.111581 0.767312 -0.064363
-0.523074 0.717909 0.090516
-0.491855 -0.821448 0.090516
0.134071 -0.980952 -0.034873
0.458114 -0.741778 -0.115894
0.339233 -0.808111 0.090516
-0.779290 -0.614685 0.022631
0.836172 0.254632 0.090516
-0.538638 -0.575220 0.090516
0.310850 -0.739459 -0.080671
0.757071 -0.043446 -0.056330
0.335933 0.930539 0.016282
-0.539630 -0.487303 -0.035444
-0.908632 -0.126972 -0.115894
-0.793496 0.396048 -0.115894
0.161318 -0.756307 0.090516
-0.129434 -0.982577 0.075752
0.372412 -0.783719 -0.115894
-0.848792 -0.406546 -0.115894
0.869481 -0.150494 -0.115894
-0.715501 -0.687785 0.011312
0.556357 -0.801170 -0.115894
0.140340 0.780430 -0.074747
-0.645276 -0.613904 0.090516
0.666397 -0.542478 -0.114038
0.648575 0.172374 0.052787
0.952353 0.261800 0.016604
0.086611 0.796550 -0.079653
-0.568750 -0.496395 0.090516
0.889511 -0.430009 0.057619
-0.268580 0.721199 -0.060354
-0.323031 0.896563 -0.115894
-0.799263 -0.347128 -0.115894
-0.954451 0.047968 0.090516
0.272024 -0.924053 -0.115894
-0.450117 -0.883511 -0.006336
-0.879707 -0.460277 -0.015609
-0.506270 0.852740 -0.115605
0.713075 -0.684590 0.060996
0.110778 0.834135 0.090516
-0.686749 -0.420478 -0.080418
-0.728355 -0.084170 0.090516
0.207360 -0.819807 -0.105268
0.571528 -0.736319 0.090516
0.899794 0.160164 0.090516
0.610331 0.446902 0.090516
-0.033706 0.888458 0.090516
0.282614 0.948294 -0.008733
-0.617490 0.718828 -0.115894
0.776289 -0.530078 0.090516
0.579422 -0.801643 -0.063159
0.086993 -0.850550 0.090516
0.060854 0.988666 -0.030485
-0.622371 0.772682 -0.113310
-0.649899 0.187999 0.045887
0.216906 0.965595 0.053371
-0.622514 -0.562299 -0.099826
0.147563 -0.978815 0.045581
-0.752514 -0.123771 -0.055401
0.187617 0.829380 0.090516
-0.797062 0.008896 -0.075303
-0.119197 0.823708 -0.097137
0.328790 -0.890870 0.090516
-0.458012 -0.536243 0.090516
-0.675746 -0.034856 0.020515
-0.458549 0.754330 0.090516
0.083027 -0.919936 0.090516
-0.356913 -0.573347 0.043147
-0.153757 0.978706 0.020152
-0.987740 -0.103289 -0.054944
-0.515155 -0.611377 -0.077063
-0.926108 -0.358886 -0.032893
0.473666 0.735516 -0.115894
-0.211702 -0.968033 -0.100503
-0.538474 -0.408714 0.053553
0.656910 0.385144 -0.057654
0.675268 0.100312 -0.012369
-0.906606 0.226173 -0.115894
-0.512348 0.494639 -0.026630
-0.298665 -0.671612 -0.040511
0.301980 0.942667 0.053999
0.505421 0.442416 -0.003071
-0.033075 0.837551 0.090516
-0.023426 0.990111 0.010510
-0.175261 0.923142 -0.115894
0.640374 -0.706384 -0.115894
0.626141 0.515657 -0.086210
0.290638 0.895931 0.090516
0.802466 -0.576882 -0.076983
-0.058236 -0.787200 -0.072400
-0.423027 -0.843590 -0.115894
0.667339 -0.070212 0.017844
-0.754551 0.644754 0.079186
-0.815155 0.566462 0.016040
-0.615191 -0.368950 0.090516
0.702902 0.370873 0.090516
0.664065 0.676832 0.090516
0.833068 0.312826 0.090516
-0.391686 0.910733 -0.002681
-0.340257 0.710400 -0.070721
-0.357983 0.776844 0.090516
-0.954519 0.013847 -0.115894
0.727593 -0.427573 0.090516
0.395208 0.558976 -0.012925
0.477604 -0.866387 0.055910
0.530993 -0.411157 0.032761
0.686171 -0.711494 -0.083118
0.986591 -0.030915 0.090516
-0.679645 0.655689 0.090516
0.620373 -0.769892 -0.088443
0.404161 0.683405 0.090516
-0.871529 0.476311 0.037464
-0.644002 0.754881 -0.039095
-0.646770 -0.752459 0.085602
0.711369 -0.017093 0.090516
-0.943311 -0.308634 -0.115894
-0.559446 -0.633346 -0.103573
-0.737428 -0.127636 0.090516
0.763544 -0.419062 -0.115894
-0.714462 0.343064 -0.072861
0.749060 0.644610 -0.055866
0.565051 0.362661 0.061042
0.986772 -0.037735 -0.113561
-0.851137 -0.066006 -0.107880
-0.038985 -0.672992 0.008542
-0.287225 -0.869704 -0.115894
-0.613022 -0.559284 0.090516
-0.465640 -0.535534 -0.025234
0.500506 0.852827 -0.087165
-0.523228 0.428698 0.037761
-0.400548 0.568259 -0.017182
0.251913 -0.679304 -0.035505
0.898240 0.016106 0.090516
0.342901 -0.578337 0.037492
-0.854856 0.189366 0.090516
-0.026090 0.678089 -0.008285
-0.220154 0.711111 -0.046223
-0.191844 -0.734069 -0.054320
0.703248 0.122068 0.090516
-0.136538 -0.773163 0.090516
-0.750202 -0.045646 -0.049176
-0.176078 0.749068 0.090516
0.730400 0.518795 -0.115894
-0.356155 -0.903758 -0.115894
0.419318 -0.896340 0.019250
0.837082 -0.053428 0.090516
0.021036 -0.990027 -0.054942
-0.792948 0.278432 0.090516
0.574545 -0.804958 0.045736
-0.856462 -0.501941 -0.056183
-0.352084 0.872751 -0.115894
-0.087967 0.668606 0.015591
-0.277660 0.946260 0.090516
0.543174 0.708422 0.090516
-0.100111 -0.817746 -0.092299
-0.677077 0.000130 0.073099
-0.666730 0.415868 -0.069242
-0.669778 -0.229724 0.090516
0.492039 -0.763862 0.090516
-0.393302 0.643352 0.090516
0.966301 0.204026 -0.001626
0.061553 0.915458 0.090516
0.370616 0.656573 -0.052732
0.561023 -0.395800 0.090516
-0.715052 -0.039144 -0.028718
-0.193206 0.972149 0.084571
0.337953 -0.821710 -0.115894
-0.288235 0.689234 -0.047635
0.725669 -0.671158 -0.019469
0.793153 -0.323111 0.090516
-0.634099 0.382510 -0.042981
0.697895 0.359457 -0.071624
0.000582 -0.673786 0.049514
0.823589 0.133427 -0.099971
0.392109 -0.545989 0.008580
-0.595710 -0.320087 0.051518
0.800913 0.501851 -0.115894
0.695979 0.701670 0.088877
0.041859 -0.672340 0.028005
-0.114003 -0.749186 -0.054152
-0.976168 -0.184777 0.078814
0.183903 0.972972 -0.006288
0.662127 0.323075 0.090516
-0.985434 0.126262 -0.022821
0.682384 0.715264 -0.087601
0.688986 -0.046123 -0.017008
0.262376 -0.865568 -0.115894
0.115769 -0.730366 0.090516
-0.794406 0.315603 -0.108739
0.699902 -0.259739 -0.049143
-0.668219 0.523764 0.090516
0.894858 0.272093 0.090516
-0.221509 -0.833075 -0.114024
0.374995 0.915524 -0.008209
-0.528658 -0.700281 -0.115894
0.554736 0.389931 0.090516
0.618585 -0.306035 -0.016503
0.968475 0.194299 0.053751
-0.717079 0.264756 -0.056428
-0.726365 -0.655667 0.090516
-0.851318 0.065748 0.090516
0.911932 -0.379642 -0.002669
0.216368 -0.872101 -0.115894
-0.561336 0.605627 0.090516
0.497927 -0.643401 0.090516
0.097493 0.985204 -0.022250
-0.595358 -0.758853 0.090516
-0.940660 -0.318469 -0.006434
0.905600 0.394258 -0.014506
0.585690 -0.570501 0.090516
-0.626111 0.314995 -0.019901
-0.956362 -0.071440 -0.115894
-0.326217 0.660309 0.090516
-0.659659 0.741078 0.057757
-0.595261 0.320894 0.067337
0.354666 0.818567 -0.115894
-0.433937 0.891738 -0.020036
0.381947 0.912516 -0.076915
-0.676075 0.211663 0.090516
-0.700445 0.369805 0.090516
0.312432 -0.595769 0.063619
0.348202 0.730359 -0.084520
-0.388788 0.552261 0.021427
-0.792321 -0.034547 0.090516
0.195681 -0.643906 0.001049
-0.667425 0.207392 -0.018623
-0.446209 0.716233 0.090516
-0.140942 0.792437 0.090516
0.699447 -0.192781 -0.037014
0.780365 0.606037 0.027339
-0.672507 -0.074118 0.014119
-0.188810 0.973132 0.042856
0.644901 0.551451 -0.107868
0.134366 0.980887 -0.083056
-0.028250 0.802047 -0.080213
-0.240305 0.919022 -0.115894
0.728406 0.219204 -0.057624
-0.987604 0.104721 0.074889
0.764030 0.252861 0.090516
-0.777615 -0.269038 0.090516
-0.978266 -0.171531 -0.034420
-0.796612 0.558966 0.090516
-0.789298 -0.269476 -0.096693
0.636929 -0.212112 0.009608
0.424671 0.572617 -0.029311
-0.593166 0.795336 -0.058178
0.620089 -0.483398 -0.072162
0.344496 0.885135 -0.115894
0.153831 0.755844 0.090516
-0.396027 -0.581610 0.090516
0.096542 0.930551 0.090516
-0.038747 -0.796453 0.090516
-0.219423 0.767127 -0.076970
-0.471726 0.763435 -0.115894
0.153190 -0.971991 -0.115894
-0.707175 0.135960 0.090516
-0.333472 0.933448 0.023388
-0.095845 -0.985908 -0.074446
-0.341369 -0.789085 -0.112529
0.022210 0.837865 0.090516
0.745695 -0.321384 -0.087126
-0.026196 0.990025 -0.041569
-0.140953 -0.690435 0.090516
0.812623 0.537244 -0.115894
-0.897686 0.380401 -0.115894
-0.171503 0.708638 -0.037405
0.848895 -0.019292 0.090516
0.959222 -0.235707 0.036184
0.205282 -0.749156 0.090516
-0.965970 0.230645 0.043644
-0.379860 -0.653596 -0.052163
0.552135 -0.633566 -0.103013
-0.690030 -0.507378 0.090516
0.025282 0.947219 0.090516
0.860590 -0.252461 -0.115894
-0.978995 0.166914 0.011715
0.285270 0.614144 -0.008356
0.781594 0.082310 -0.072156
-0.694708 -0.365327 0.090516
0.849313 -0.504530 -0.007709
-0.675464 -0.727161 -0.001973
-0.700968 -0.515391 -0.115894
0.908954 -0.106505 -0.115894
0.979814 0.126263 0.049152
-0.462569 0.539809 -0.025985
-0.036852 -0.989708 -0.023196
0.973502 -0.166133 0.035949
-0.745151 0.509503 0.090516
0.429240 0.517031 0.068240
0.603239 -0.362092 -0.024240
-0.002704 -0.990774 0.053711
-0.554936 0.426648 0.090516
0.660069 0.120926 0.087718
0.853222 0.018491 0.090516
-0.461809 0.840496 -0.115894
-0.641704 0.548647 -0.102897
-0.294862 0.807368 -0.112432
0.949178 -0.272748 0.058763
0.239892 0.781790 0.090516
0.311234 0.801243 -0.113475
-0.703017 -0.136703 -0.028561
0.927124 -0.283869 0.090516
0.484732 -0.832283 -0.115894
0.829866 -0.313792 -0.115894
-0.958605 -0.259642 -0.050636
0.669140 -0.600102 0.090516
0.632064 0.361212 -0.038316
-0.293483 0.636572 -0.020569
-0.214572 -0.806941 0.090516
0.946385 -0.266596 -0.115894
-0.261926 -0.622018 0.029512
0.386759 -0.910452 0.086072
-0.765499 -0.496121 0.090516
-0.981607 -0.150440 -0.111602
-0.640897 0.713869 0.090516
0.558834 0.392064 -0.012022
-0.992841 0.023411 0.085094
-0.081277 -0.987286 0.004975
-0.404768 0.687796 -0.076562
0.595142 0.417593 -0.037625
0.580668 -0.574552 -0.089397
0.535839 0.831244 0.067187
0.125590 -0.764444 0.090516
-0.551274 0.489677 -0.041380
0.570526 0.772700 0.090516
-0.302293 -0.603571 0.003123
0.031997 0.935988 -0.115894
-0.727456 0.308844 0.090516
0.022860 0.868898 -0.115894
-0.002240 -0.754091 -0.051902
-0.879276 -0.394299 0.090516
-0.898268 0.251368 0.090516
-0.659196 0.156032 -0.006091
0.502305 -0.674325 -0.103130
-0.694396 0.331572 0.090516
-0.202562 0.673339 0.090516
0.868512 -0.471222 0.051825
-0.753743 -0.330440 -0.090385
-0.934293 0.163607 -0.115894
0.608375 0.372307 0.090516
0.663752 0.193177 -0.017354
0.609551 0.671956 0.090516
0.630561 0.745242 0.090516
0.987879 0.002530 -0.089123
-0.812990 0.453821 0.090516
0.004364 0.774694 0.090516
0.449855 -0.548667 0.090516
0.388673 0.715019 0.090516
0.129400 0.661033 0.002645
0.812315 0.562375 -0.080773
-0.637866 0.483760 -0.077870
-0.646363 0.260916 0.090516
-0.577103 -0.726715 0.090516
0.720252 -0.109454 -0.039030
0.300284 -0.943177 -0.000350
0.976680 0.031316 -0.115894
-0.294210 0.757606 -0.085405
-0.619060 0.370642 0.090516
0.876294 0.401731 -0.115894
0.291822 0.675668 -0.042426
0.149090 -0.686491 0.090516
-0.074737 0.808554 0.090516
0.283540 0.948024 -0.076112
-0.534212 0.727438 -0.115894
0.429097 -0.624797 -0.055147
-0.691100 0.632602 -0.115894
-0.019481 0.720874 0.090516
-0.703240 -0.539792 0.090516
-0.369200 0.920464 -0.071618
-0.697330 -0.135776 0.090516
0.881609 0.087409 0.090516
0.534740 0.406224 0.022314
-0.945261 -0.165609 -0.115894
-0.485537 -0.470556 0.076687
-0.669287 -0.334404 0.090516
-0.757809 0.336447 0.090516
0.250406 0.650322 -0.019687
-0.534779 -0.835801 0.024854
0.832535 -0.114089 -0.103426
-0.812256 0.570727 -0.043120
-0.302734 -0.821558 0.090516
-0.718817 -0.354742 -0.078204
-0.248911 -0.699243 0.090516
-0.225226 0.964993 0.041570
0.465557 0.508104 -0.015631
0.758918 0.633428 0.002809
-0.806296 -0.249235 0.090516
0.818127 0.354906 -0.115894
0.449352 0.806307 0.090516
0.857400 -0.265978 0.090516
-0.775516 -0.619548 -0.088813
-0.423069 -0.897170 -0.074439
-0.656982 -0.162247 0.006452
0.755998 -0.205505 0.090516
-0.314395 0.922401 0.090516
0.621650 -0.768900 0.078226
0.169857 0.733956 -0.052220
0.680884 -0.482964 0.090516
0.157879 -0.876078 -0.115894
-0.753365 -0.401632 0.090516
-0.964481 0.146867 0.090516
0.964014 -0.214272 0.003815
-0.803281 -0.440872 0.090516
-0.477895 -0.747375 0.090516
-0.422690 -0.527082 0.025956
0.609389 -0.607197 -0.114565
0.262487 -0.813135 0.090516
-0.403589 -0.560005 -0.014308
-0.992334 -0.039606 0.088182
0.920451 -0.237822 0.090516
0.244167 0.692041 0.090516
0.624465 0.766700 -0.075647
0.841545 0.218434 0.090516
0.986497 -0.046520 0.018846
-0.145404 0.758338 -0.062214
0.830732 -0.198831 -0.111531
-0.322990 -0.937240 0.066953
-0.231790 -0.634165 0.061599
-0.368613 -0.669368 0.090516
0.749251 -0.644410 0.003394
-0.857701 -0.265478 -0.115894
0.914932 -0.372710 -0.100960
-0.809226 -0.440807 -0.115894
-0.860015 0.099290 0.090516
-0.126548 0.702654 -0.028520
-0.447495 -0.506627 0.076341
-0.610983 -0.781533 -0.014547
-0.493584 0.500126 0.090516
0.106445 -0.918441 -0.115894
-0.655883 0.340599 -0.042172
0.459678 -0.850218 0.090516
0.887965 -0.433040 -0.104022
0.659321 0.124780 0.014259
0.712553 0.551003 0.090516
0.910913 0.381983 0.062672
0.071594 -0.717121 -0.032920
-0.628295 0.321897 0.090516
0.368185 0.918472 0.025378
0.816750 -0.555864 -0.036786
-0.883864 -0.452121 0.059206
0.300535 -0.943104 0.056393
0.717307 0.209621 0.090516
-0.862101 0.334857 0.090516
0.417070 0.725384 -0.100573
0.437127 0.887249 -0.024437
-0.964016 -0.239400 -0.115592
-0.815168 -0.516046 0.090516
0.704070 0.693579 -0.044190
0.982458 -0.099723 -0.107813
-0.258184 0.661491 0.090516
0.706279 0.068602 -0.027964
