0.220499 0.938376 -0.068106
-0.245926 -0.966445 0.052729
0.950775 -0.249327 -0.008185
-0.966814 0.218735 -0.029038
0.837212 0.502851 0.035506
0.498378 -0.856612 -0.011921
-0.514239 0.819827 0.053775
-0.848408 -0.523839 -0.059792
-0.802769 -0.136877 0.053775
0.633244 -0.482516 0.046211
0.463004 0.633665 0.010884
0.780681 0.112730 -0.003445
-0.655909 0.451624 0.045469
0.130513 -0.986183 -0.065946
-0.123034 0.778424 0.042137
-0.477996 -0.650008 0.025385
0.245788 -0.763869 0.052052
-0.021608 -0.804649 0.047790
-0.310386 0.924251 -0.068106
-0.715293 0.675651 -0.068106
0.695019 -0.702728 -0.066412
-0.466506 -0.881956 -0.061342
0.691459 0.688609 -0.066490
0.426158 0.877794 0.053775
-0.875674 0.444485 -0.068106
0.932465 0.295830 -0.064734
0.864184 -0.473392 -0.057866
-0.984902 -0.028335 -0.068106
-0.694850 -0.713006 -0.068106
-0.018522 0.978028 -0.065327
-0.937430 -0.295918 -0.068106
0.980456 -0.015534 -0.059687
-0.643313 -0.486463 0.046091
0.108832 0.778572 0.048055
-0.796340 0.090393 0.037146
0.475212 -0.642475 0.044864
0.740432 -0.284319 0.047815
0.719171 0.318537 0.048803
-0.274950 -0.758496 -0.003347
-0.508148 0.609148 0.002888
0.616495 0.496350 -0.006686
0.804308 -0.089003 0.053775
-0.319393 0.723007 0.024883
-0.075328 -0.963506 -0.068106
-0.779765 0.295071 0.053775
-0.787296 -0.341162 0.053775
0.323876 -0.931668 -0.068106
0.296359 0.749140 -0.014781
0.968578 0.142073 0.046519
-0.169981 0.961590 0.053775
-0.807366 0.568367 0.052693
0.533325 0.785471 -0.068106
-0.589787 -0.805269 0.046293
0.785033 -0.589626 0.053775
-0.981444 -0.161561 0.050722
-0.774888 -0.625628 0.053775
0.097798 0.953670 0.053775
-0.984343 0.076880 0.053775
0.130668 -0.878563 0.053775
0.596176 -0.746731 0.053775
0.375343 -0.765243 -0.032987
0.024796 -0.995097 0.046525
-0.410150 0.806729 -0.068106
0.599492 0.715455 0.053775
0.799395 0.390996 -0.062885
-0.637111 0.728113 0.053775
-0.304858 -0.893312 -0.068106
-0.924067 0.355570 0.045838
0.869428 -0.372604 0.053775
0.714666 0.592833 0.053775
-0.410935 -0.787245 0.053775
-0.626813 -0.636989 0.053775
-0.163943 -0.841061 0.053775
-0.727052 0.526640 -0.061790
-0.001569 0.837107 -0.031847
0.271881 0.875468 0.053775
-0.557879 0.728710 -0.068106
-0.173012 0.877953 -0.064418
-0.380781 0.890839 0.053775
-0.889233 -0.155363 -0.060157
0.708763 -0.559580 -0.064635
0.878692 -0.134804 -0.059713
-0.906516 0.090812 -0.066347
0.873369 0.355681 0.053775
-0.908186 -0.409948 0.023283
0.351800 0.886145 -0.068106
0.258105 -0.959393 0.053775
-0.715868 -0.571779 -0.066371
0.883217 0.030014 0.053775
-0.858097 0.299145 -0.066380
-0.551646 -0.731105 -0.065886
0.748572 0.529089 -0.068106
0.963555 -0.127304 0.053775
0.900677 0.097704 -0.068106
0.584903 -0.607367 -0.029271
0.387333 -0.913565 0.051156
0.804753 0.255954 -0.036533
0.724503 -0.412013 -0.025570
-0.631653 0.585828 0.053775
0.835068 -0.307268 -0.059043
-0.251816 0.855277 0.053775
0.539165 -0.730843 -0.065990
-0.912088 -0.047467 0.053775
-0.741498 -0.444298 -0.036758
-0.390030 -0.918090 0.052284
-0.891680 -0.258760 0.053775
0.220114 -0.849031 -0.045820
-0.799656 0.423835 0.053775
0.034309 -0.876493 -0.045221
-0.110551 -0.981489 0.053775
-0.442415 0.706236 0.053775
0.464665 0.753611 0.053775
-0.202259 -0.969942 -0.068106
-0.032388 0.925561 0.053775
0.094027 0.922129 -0.068106
0.716656 0.443777 0.053775
-0.883039 0.177562 0.053775
-0.804733 -0.028957 -0.004600
0.587161 0.627296 -0.046091
0.707211 -0.683706 0.053775
0.409864 0.770599 -0.053846
-0.795761 -0.236048 -0.017652
-0.830745 -0.352734 -0.059086
0.179529 0.828629 -0.039101
0.881173 0.234151 0.053775
-0.815543 -0.503916 0.053775
0.860071 -0.194090 0.053775
-0.721472 0.370126 -0.010622
-0.288847 -0.856635 0.053775
-0.297569 0.812945 -0.046731
0.478667 -0.766404 0.053775
0.791343 -0.457555 0.053775
0.566401 0.578622 0.053775
-0.799732 0.211015 -0.018579
0.856572 -0.021740 -0.042026
-0.081729 -0.853294 -0.032843
-0.493397 -0.867336 0.046007
0.373225 0.690527 0.051829
-0.517055 0.831867 -0.068106
-0.605874 0.622378 -0.046164
-0.438947 -0.772752 -0.050274
-0.193170 -0.862933 -0.048434
-0.717345 0.657034 0.053775
0.139657 -0.984735 0.051049
-0.676512 -0.733691 0.034541
0.767734 -0.192784 0.003441
0.221194 0.775624 0.053775
0.299655 -0.856118 0.053775
0.766229 0.221801 0.053775
0.645295 -0.592915 0.053775
-0.621949 -0.641016 -0.052896
0.356835 0.800839 0.053775
0.451222 0.865363 -0.045779
0.849839 0.480356 -0.068106
0.978874 -0.007060 0.053775
-0.132809 0.970223 -0.044786
-0.222616 0.757092 0.053028
0.910642 -0.373877 -0.046109
0.937228 0.194550 -0.068106
0.126009 -0.793837 -0.001763
0.546307 0.808480 0.030577
0.342558 -0.725499 0.053775
0.155531 0.867660 0.053775
-0.827032 0.533036 -0.068106
0.416712 -0.870623 -0.068106
0.807542 -0.566435 -0.050731
0.023580 -0.978026 -0.068106
-0.022433 -0.904165 0.053775
-0.563506 -0.577324 0.006621
-0.543005 -0.719369 0.053775
-0.984901 -0.139733 -0.045524
-0.778225 0.442694 -0.059632
0.855355 0.139536 0.053775
0.974870 -0.111545 -0.043360
0.896780 0.388232 -0.067667
-0.540121 0.719420 0.053775
-0.023815 0.786970 0.048541
-0.710563 -0.416830 0.053775
0.618808 0.754876 -0.034074
0.789141 0.007713 0.047329
0.233670 -0.966245 -0.062632
-0.549722 -0.832777 -0.061674
0.210451 0.953756 0.026671
-0.394204 0.789470 0.053775
-0.889875 -0.031809 -0.053914
-0.939080 0.258772 0.053775
0.675179 0.590014 -0.067280
-0.723346 0.518573 0.053775
-0.724105 -0.535720 0.053775
0.977036 0.070959 -0.015623
-0.147635 0.869218 0.053775
-0.891611 0.057312 0.053775
-0.257356 0.945859 0.020884
-0.858022 0.489903 0.019935
0.273688 0.834402 -0.056579
0.629634 -0.763424 -0.032594
-0.388873 -0.706879 0.010172
-0.897951 -0.432935 -0.067252
-0.446156 0.874645 -0.014069
-0.649618 0.739723 -0.047888
-0.607733 0.516018 -0.004336
0.754181 0.620358 -0.026769
0.754471 -0.637663 -0.020872
-0.881708 0.199398 -0.062999
0.402237 -0.821248 0.053775
-0.984337 0.125615 -0.028639
0.723395 0.440913 -0.038761
-0.625827 -0.777313 -0.034861
0.325726 -0.838892 -0.059673
-0.477505 0.690938 -0.030614
0.696479 0.683589 0.051543
-0.094223 0.839159 -0.035836
-0.587768 0.789155 0.005594
0.703453 -0.368443 0.053690
-0.781327 0.602318 -0.028817
-0.382510 -0.844695 -0.068106
0.524274 0.695863 -0.052942
0.456845 -0.788156 -0.067019
0.901024 -0.061354 0.053775
0.808229 -0.393944 -0.063867
0.055076 0.873845 0.053775
0.784084 0.381229 0.053775
-0.185813 0.796740 -0.020157
-0.762020 -0.644076 -0.038331
0.132946 -0.871878 -0.048231
-0.922159 0.359981 -0.048665
0.552986 -0.593457 0.053775
-0.219830 0.954599 -0.066517
0.723950 -0.524359 0.053775
0.347697 0.912372 0.017050
0.445383 -0.697073 -0.018997
0.087123 0.829437 -0.030683
-0.393048 0.728845 -0.024535
0.897630 -0.288353 0.053775
-0.993177 -0.029282 0.022842
-0.941439 -0.325196 0.023572
-0.966622 -0.237274 0.011270
0.894440 -0.223814 -0.068106
-0.975210 0.181174 0.047454
0.876850 0.430855 0.003867
-0.869952 -0.241298 -0.059603
0.560135 -0.816762 -0.055172
0.026303 0.977370 0.006941
0.528354 0.666938 0.053775
0.065276 -0.813384 0.053775
0.843712 0.181762 -0.046808
0.873577 -0.454958 0.036744
0.934260 0.289655 0.018973
-0.902150 -0.135166 0.053775
0.557304 -0.818685 0.037979
-0.784266 0.307014 -0.028368
-0.838545 0.044172 -0.025021
0.635927 0.626752 0.053775
0.604535 -0.678680 -0.067092
-0.782891 0.174337 0.053775
0.687758 -0.487217 -0.030254
-0.740379 -0.364969 -0.014488
-0.352473 -0.771817 -0.027139
-0.948219 -0.211996 -0.068106
-0.681873 -0.507580 -0.028367
0.279538 -0.782983 -0.019992
-0.861418 0.291598 0.053775
-0.799854 -0.423730 0.053775
0.766275 -0.470891 -0.063429
0.146922 0.965905 -0.024227
-0.331719 -0.748593 0.053775
0.653486 0.535724 0.053775
0.218924 -0.862849 0.053775
-0.699518 0.447513 -0.022631
-0.078422 0.911637 -0.068106
-0.218870 -0.781764 0.053775
0.742747 0.347537 -0.022554
-0.102929 -0.798929 0.022656
0.531648 -0.698984 0.053775
-0.590330 0.654420 0.053775
0.810045 -0.126074 -0.019890
-0.084469 0.974952 0.018855
0.791401 0.572375 0.046258
-0.988230 0.051325 -0.068106
0.442827 0.700009 -0.028332
0.592532 -0.532781 -0.002480
-0.306658 0.797634 0.053775
-0.296776 -0.952085 -0.006453
0.816342 -0.262784 0.053775
-0.833027 -0.100310 -0.023627
-0.774624 -0.262551 0.053775
-0.507295 -0.790003 0.053775
0.835285 -0.523788 0.032097
-0.535028 -0.660371 -0.027886
0.459745 -0.876338 0.053775
-0.032404 -0.995271 -0.007370
0.757094 -0.320342 -0.019847
-0.177568 -0.928294 0.053775
-0.701478 -0.660484 0.053775
-0.100596 -0.900561 0.053775
0.831635 0.051145 -0.028809
0.788582 -0.345429 0.053775
-0.385123 0.902534 -0.064669
0.856425 0.311043 -0.068106
-0.891259 0.428390 0.053489
-0.946220 0.293760 -0.016450
0.706429 -0.445601 0.053775
-0.806970 -0.586630 -0.004605
0.054628 -0.903753 0.053775
0.943419 -0.201517 0.053775
-0.263247 -0.825755 -0.038182
0.077187 -0.992076 -0.009295
0.675953 -0.628639 -0.068106
0.960694 -0.185637 -0.068106
0.631682 -0.672335 0.053775
-0.383267 -0.921016 -0.067798
-0.456845 -0.726397 0.053775
-0.129496 -0.909989 -0.068106
-0.824430 0.021636 0.053775
-0.679116 0.585653 -0.061715
-0.146412 -0.985748 -0.019168
0.408908 -0.689353 0.053775
0.021771 0.898954 -0.068012
0.527445 0.598699 -0.010460
-0.861847 -0.331458 0.053775
-0.823817 0.127852 -0.021850
0.176495 -0.795863 0.053775
0.948176 0.067468 0.053775
0.953912 0.217613 0.047124
0.931152 -0.289379 -0.068106
-0.773615 -0.503990 -0.068106
-0.465463 -0.703908 -0.024526
-0.561725 0.561365 0.046415
0.765267 0.502404 0.053775
0.826003 -0.230641 -0.040840
-0.871549 -0.484710 -0.001570
0.676663 0.399374 0.000438
-0.716879 0.405438 0.053775
-0.077084 0.837467 0.053775
0.791236 0.290826 0.053775
-0.829136 0.387837 -0.068106
-0.838681 -0.057486 0.053775
0.971466 0.123837 -0.066025
-0.855290 -0.191226 0.053775
0.202671 -0.973174 0.003003
-0.544684 -0.643370 0.053775
0.799077 0.561210 -0.025183
-0.245227 0.874806 -0.068106
0.034311 0.786054 0.005856
0.978811 -0.067888 0.013485
0.022535 -0.815424 -0.009439
0.477971 0.824049 0.053775
-0.907456 -0.361014 -0.068106
0.335910 0.797662 -0.049489
-0.686884 0.706336 0.003295
0.294597 0.728649 0.053775
-0.036347 -0.903951 -0.060717
-0.480593 0.754634 -0.062480
0.384730 -0.914692 -0.019993
-0.263454 0.752702 -0.007489
0.278561 0.935876 -0.027118
-0.183667 -0.802246 -0.012969
0.902553 0.027038 -0.068106
0.742346 0.261511 0.000585
0.672262 0.522084 -0.041288
0.522164 -0.671121 -0.032983
-0.623040 -0.548138 -0.016490
0.592736 0.698377 -0.068106
0.082649 -0.921328 -0.068106
-0.822578 0.350074 0.053775
-0.476660 0.644778 0.053775
-0.437659 -0.896654 0.006475
0.181878 -0.920324 -0.068106
-0.720472 -0.690428 -0.005740
-0.644269 -0.555185 0.053775
-0.447552 0.861648 0.053775
0.791364 -0.037741 -0.004653
-0.346359 0.917589 -0.009502
0.207704 -0.779989 -0.005701
-0.830014 -0.421886 -0.068106
-0.351565 -0.828798 0.053775
0.931917 -0.315110 -0.003971
0.715965 -0.592290 0.053775
0.632103 0.466298 0.052730
-0.813507 0.235481 0.053775
0.506208 0.834303 -0.019905
0.660790 -0.735957 0.021434
0.534806 0.736772 0.053775
-0.741465 0.593345 0.053775
0.175251 0.769961 -0.005284
0.049220 0.976650 -0.066009
-0.575166 0.797806 -0.060916
-0.924963 -0.199846 0.053775
0.608367 0.559816 -0.027317
0.285949 -0.951410 -0.016244
-0.609848 0.686394 -0.068106
-0.790872 -0.170326 -0.005743
0.779974 0.156287 0.053775
-0.773645 -0.299227 -0.017075
0.280200 0.809057 0.053775
0.791211 -0.155494 0.053775
-0.308316 0.917844 0.053775
0.967991 -0.163455 -0.002127
-0.916231 0.264210 -0.068106
0.188349 -0.922022 0.053775
-0.726609 0.335075 0.053775
0.656134 0.722382 0.015584
-0.545397 -0.835716 0.004396
0.327148 -0.937449 0.037693
-0.480354 0.763071 0.053775
-0.319642 -0.937627 0.053775
-0.374846 0.701864 0.053775
0.772404 0.203865 -0.009695
0.804600 0.090955 0.053775
0.272285 -0.891017 -0.068106
0.648520 -0.563570 -0.039021
-0.235766 -0.908687 -0.068106
-0.792818 -0.579905 -0.068106
-0.338347 0.764201 -0.029388
-0.918381 0.026632 -0.068106
0.503807 0.606150 0.053775
-0.911092 -0.091896 -0.068050
-0.919173 0.116344 0.053775
0.238196 0.778605 -0.019694
-0.926920 0.152608 -0.068106
-0.509989 -0.781062 -0.068106
-0.785150 0.498329 0.053775
0.471098 0.803867 -0.068106
0.511749 -0.612768 0.000228
0.881835 0.229519 -0.068106
-0.636047 0.514132 0.053775
-0.665492 0.528678 -0.034552
0.590907 0.518892 0.053775
-0.414277 0.674802 0.004999
-0.207525 0.901790 0.053775
0.910062 0.357541 0.001150
-0.337263 0.858623 -0.068106
-0.895625 0.419821 -0.009889
-0.985631 -0.084462 0.053775
0.223861 0.872366 -0.068106
-0.631478 -0.708361 -0.068106
0.910632 -0.080520 -0.068106
-0.757807 0.254402 0.001338
-0.230654 -0.893518 0.053775
0.346013 -0.791847 0.053775
-0.620676 -0.711320 0.053775
-0.042338 -0.983232 0.053775
-0.277815 -0.957594 -0.066369
-0.552039 0.654545 -0.039348
0.947071 0.245555 -0.024162
-0.708261 -0.597906 0.053775
0.359429 0.743943 -0.026832
0.866133 -0.131648 0.053775
-0.528726 0.828763 -0.006555
0.769807 -0.259337 -0.014647
-0.785601 -0.200990 0.053775
0.271673 0.937878 0.050956
-0.183265 0.962231 -0.007113
0.670804 -0.427202 0.006326
-0.822995 0.545369 -0.002857
-0.855862 -0.456742 0.053775
0.383258 -0.702872 -0.001030
0.866326 0.294297 0.053775
-0.017064 0.851664 0.053775
0.793328 0.452093 -0.068106
-0.195614 -0.977692 0.016988
-0.201179 0.814662 0.053775
-0.115582 0.933243 0.053775
0.328922 -0.734745 -0.005281
0.079160 -0.959798 0.053775
0.782714 0.442362 0.053775
-0.742862 0.648127 -0.016392
0.134223 0.876910 -0.061390
-0.945397 0.028909 0.053775
-0.457826 0.849561 -0.068106
0.027365 0.936263 0.053775
-0.566136 0.578064 -0.011752
0.329703 0.857362 0.053775
0.414495 -0.762042 0.053775
-0.991803 -0.071547 -0.020178
0.847144 -0.034226 0.053775
-0.691485 -0.652819 -0.068106
-0.727091 -0.346943 0.041421
-0.807343 -0.572343 0.053775
-0.732709 0.612098 -0.068106
0.890329 -0.420820 -0.014682
0.089102 0.973271 -0.010265
-0.044064 -0.811301 -0.007298
-0.691322 -0.414445 -0.002708
0.478779 -0.852834 -0.068106
0.403296 0.888978 -0.019324
0.758114 -0.396582 0.053775
0.391283 0.747113 0.053775
0.605874 -0.546311 0.053775
0.797995 0.333430 -0.048427
0.976082 0.043304 -0.068106
-0.992796 0.023722 -0.015932
-0.844094 0.244431 -0.048823
0.593709 0.774345 0.021855
0.713940 -0.683694 -0.004850
0.423893 0.660575 0.049354
0.162147 0.928309 -0.068106
-0.741261 0.459141 0.053775
0.836338 0.196053 0.053775
0.382012 -0.822408 -0.064049
-0.798561 -0.086940 0.022454
-0.700594 -0.475684 0.053775
0.702380 0.503140 0.053775
0.401118 0.844369 -0.068106
0.819113 -0.405848 0.053775
0.749293 -0.643593 0.045830
0.473558 0.695750 0.053775
0.642086 0.657612 -0.068106
0.831258 0.110676 -0.032378
-0.839169 -0.539249 0.006128
0.849602 0.418453 0.053775
0.228433 0.836773 0.053775
-0.838396 -0.186716 -0.034916
0.841291 -0.320951 0.053775
-0.041343 0.792313 -0.006441
0.492476 0.744476 -0.065142
0.964741 0.166297 -0.025664
0.214505 0.902798 0.053775
-0.665670 -0.602538 -0.055745
0.806011 0.517866 -0.068106
0.764047 -0.606200 -0.068106
-0.646879 0.641238 0.053775
0.908253 0.117497 0.053775
0.979946 0.014082 0.000541
0.504855 -0.835432 0.053775
0.659691 0.452700 -0.011503
-0.060519 -0.846138 0.053775
-0.777137 0.500474 -0.068106
-0.121152 0.794746 -0.012289
-0.373480 -0.925251 -0.001486
0.426767 0.799792 0.053775
0.719562 0.659637 0.005679
0.764891 -0.218499 0.053775
0.567194 0.543243 0.008632
0.460443 0.860664 0.012309
0.163927 0.768507 0.053422
-0.857668 0.490503 -0.041637
-0.983938 0.128132 0.031078
0.894643 0.153420 -0.068106
-0.285889 -0.800697 0.053775
0.006533 -0.852546 0.053775
-0.849389 0.095661 0.053775
0.161649 0.954517 0.053775
0.065497 0.819053 0.053775
-0.088063 -0.992291 -0.008497
-0.857850 -0.401056 0.053775
0.851119 -0.077137 -0.040245
-0.686992 0.580336 0.053775
-0.914018 -0.362718 0.053775
-0.836762 -0.298231 -0.051033
-0.015337 0.978128 0.050138
-0.838226 -0.272834 0.053775
0.668379 -0.542697 0.053775
0.915172 -0.361622 0.024778
0.834854 0.506839 -0.019442
-0.228901 0.823961 -0.041033
-0.647814 0.470252 -0.005674
-0.129266 -0.823199 -0.019104
0.272859 0.897230 -0.068106
0.947207 -0.262767 0.044885
0.593133 -0.739768 -0.068106
-0.878245 -0.004558 0.053775
0.758088 0.615321 0.027487
0.581393 0.653904 0.053775
-0.492915 -0.834698 -0.068106
0.685890 0.392569 0.053775
-0.772745 0.372274 0.053775
-0.037014 0.977447 -0.007842
-0.414751 -0.869577 0.053775
0.363020 -0.878755 -0.068106
-0.948139 -0.280613 0.053775
0.855233 0.423063 -0.068106
0.580565 -0.654299 0.053775
-0.081413 0.975241 -0.061219
-0.562366 0.768828 0.053775
-0.762674 -0.492143 0.053775
0.071626 -0.841979 -0.026535
-0.137592 -0.964328 -0.068106
-0.968833 -0.081568 -0.068106
-0.518268 -0.618335 0.008114
0.173680 -0.827935 -0.027978
0.434387 -0.891619 0.008618
-0.485611 -0.871940 -0.011895
0.731353 -0.649638 -0.068106
0.513903 -0.792362 -0.068106
-0.592487 -0.547440 0.041228
0.949528 -0.238269 -0.068106
0.885077 -0.424072 -0.068106
0.640033 -0.512377 -0.016815
0.794859 0.018965 -0.006672
0.854963 -0.186781 -0.051518
0.153462 -0.982548 -0.015744
-0.019589 -0.860068 -0.035141
-0.520665 0.598960 0.053775
0.271713 -0.901598 0.053775
0.847354 0.368096 -0.068106
-0.182437 -0.916678 -0.068106
0.350071 -0.873542 0.053775
-0.636719 -0.768774 0.030061
0.777912 -0.525763 -0.068106
-0.324886 0.867255 0.053775
-0.027764 0.882143 -0.058171
0.858594 0.077130 0.053775
0.577114 0.787216 -0.026936
-0.914411 -0.395564 -0.028377
-0.428620 -0.683519 0.040235
0.393668 0.692849 -0.009831
-0.267710 0.942851 -0.042770
0.775011 0.580630 -0.068106
0.506713 0.653062 -0.027299
0.096985 0.780783 -0.003416
0.461236 -0.696202 0.053775
-0.853587 -0.472017 -0.068106
-0.500246 -0.688535 0.053775
-0.456275 -0.814133 0.053775
0.279723 -0.804163 0.053775
0.025133 -0.923021 -0.068106
0.916244 -0.011059 0.053775
0.790998 -0.590573 -0.007105
-0.341050 -0.731044 0.005158
-0.788109 -0.453006 -0.062463
0.828215 0.253782 0.053775
-0.398491 0.896749 0.004974
0.849177 -0.500300 -0.015674
0.607226 -0.781539 0.016530
0.911658 0.187792 0.053775
-0.032573 -0.993344 -0.068106
-0.585210 -0.686643 -0.058002
-0.961507 0.096037 -0.068106
0.436466 -0.747893 -0.041078
-0.679220 0.417066 0.014359
-0.788773 0.137989 0.017061
-0.775821 0.568746 -0.068106
0.276261 -0.831372 -0.045738
-0.174415 0.769074 0.022285
0.105161 0.855035 0.053775
-0.562631 -0.781797 -0.068106
-0.406224 -0.741130 -0.025292
-0.739084 0.302865 -0.003175
0.743391 0.549618 0.053775
-0.271961 0.741451 0.053367
-0.502766 -0.730356 -0.048965
-0.867158 0.352850 -0.068106
-0.678350 -0.732071 -0.023041
-0.744041 0.410643 -0.033295
-0.324655 -0.943082 -0.050308
-0.133320 0.910616 -0.068106
0.867200 -0.357083 -0.068106
-0.661430 -0.461119 0.005213
-0.861742 0.099320 -0.041403
0.114920 -0.826409 0.053775
-0.405008 -0.728562 0.053775
0.527395 -0.750378 0.053775
-0.874491 0.366027 0.053775
0.489663 -0.711658 -0.040139
-0.539454 0.659562 0.053775
0.025176 -0.995085 -0.004603
-0.582055 -0.608502 0.053775
-0.978904 -0.177596 0.002275
-0.825466 0.146099 0.053775
0.766200 -0.379902 -0.038473
-0.329546 -0.848908 -0.063215
0.373679 0.888302 0.053775
0.005942 -0.948255 0.053775
0.130632 -0.929575 0.053775
-0.152417 -0.791429 0.051577
0.645253 0.710076 -0.068106
-0.676346 0.636117 -0.068106
-0.250326 0.801353 0.053775
-0.762392 0.240293 0.050018
0.739775 0.268264 0.050950
-0.795901 -0.388343 -0.049086
-0.232084 -0.784866 -0.010167
-0.989694 0.076184 -0.018293
-0.935873 0.311030 -0.068106
-0.986739 -0.125126 0.015782
0.057709 0.866028 -0.049922
0.733124 0.644255 -0.066099
0.655482 -0.738316 -0.068106
0.625182 -0.626075 -0.053455
-0.603520 0.750384 -0.068106
-0.952605 -0.289460 -0.020355
0.330278 -0.787743 -0.033698
-0.976037 0.177475 -0.056276
-0.137729 -0.866381 -0.044452
-0.840947 0.183702 -0.038169
-0.170346 0.946398 -0.068106
0.170538 -0.845665 0.053775
0.331710 0.711668 -0.000308
0.723717 -0.325688 0.025023
-0.361506 0.703751 0.005205
-0.644438 0.744290 0.007013
-0.443840 0.730009 -0.039205
0.704259 -0.366790 0.003737
0.820388 -0.499502 -0.068106
0.970469 -0.063730 -0.068106
0.466596 -0.654007 -0.005550
-0.859716 -0.109012 0.053775
0.640395 0.687079 0.053775
0.314547 0.924307 -0.066782
-0.416224 -0.883810 -0.068106
0.804756 0.162954 -0.022434
-0.580460 -0.612219 -0.024357
0.703819 0.350015 0.008111
-0.908717 0.306417 0.053775
0.828517 -0.438883 -0.068106
0.712782 0.488303 -0.048268
-0.992622 0.029274 0.033127
-0.898135 0.398426 -0.068106
-0.911857 0.217592 0.053775
-0.456052 0.648272 0.009165
0.765252 0.335724 0.053775
-0.866801 -0.388781 -0.068106
-0.033230 0.931025 -0.068106
-0.579373 -0.678210 0.053775
0.726663 0.589206 -0.068106
0.884934 -0.273049 -0.068106
0.905830 -0.238213 0.053775
-0.749287 -0.658518 0.017561
0.911460 -0.021031 -0.068106
-0.592822 -0.751482 0.053775
-0.160318 0.837593 -0.040099
-0.937314 -0.154532 -0.068106
0.771934 -0.532802 0.053775
0.771812 0.298479 -0.026841
-0.134014 0.970033 0.022064
-0.349372 0.770626 0.053775
-0.071885 0.784346 0.041682
0.617685 0.568603 0.053775
-0.800124 0.054391 0.004726
-0.685735 0.693943 0.053775
0.785688 -0.084278 0.008135
-0.855675 -0.000414 -0.033802
-0.393300 0.852250 -0.068106
-0.676228 0.704532 -0.068106
-0.937447 -0.018184 -0.068106
0.914992 0.344443 -0.057379
0.286802 -0.748941 0.030847
0.513290 0.781545 0.053775
0.112163 0.971091 -0.057669
0.181958 0.813493 0.053775
0.522552 -0.637732 0.053775
-0.523295 0.776674 -0.068106
-0.468512 0.801121 -0.068106
-0.587053 0.707846 0.053775
-0.746583 -0.301647 0.049589
0.412077 -0.870118 0.053775
-0.799568 0.261457 -0.027322
0.210781 -0.967805 0.053775
0.667049 0.581754 0.053775
0.925525 -0.128858 -0.068106
-0.227911 -0.845672 0.053775
-0.774586 0.611008 0.017749
0.193153 0.957623 -0.033214
-0.930997 -0.091285 0.053775
0.284746 0.790884 -0.034770
0.384088 0.839868 0.053775
0.893893 -0.412584 0.045778
-0.801750 0.354469 -0.048228
-0.890883 -0.286429 -0.068106
0.656074 -0.671783 -0.068106
-0.218739 0.954843 0.046827
-0.833953 0.529245 0.053095
0.180277 -0.967585 -0.068106
-0.802500 -0.019484 0.045911
0.137451 0.812548 -0.024842
0.908721 -0.332194 -0.068106
0.221388 -0.890566 -0.068106
-0.359530 -0.882176 0.053775
-0.639489 0.572487 -0.039943
0.567617 -0.659913 -0.044838
-0.149180 -0.885676 0.053775
0.643540 -0.468143 0.002715
0.730190 -0.499575 -0.054616
0.958504 -0.055162 0.053775
0.682471 -0.485888 0.053775
-0.252086 -0.965069 -0.011973
-0.493581 0.714184 0.053775
-0.828562 0.476610 0.053775
0.691631 -0.639612 0.053775
0.929121 -0.322879 0.052204
0.025094 0.795579 0.053775
-0.166892 -0.977034 0.053775
-0.923052 0.357914 -0.002081
-0.365018 0.795225 -0.051772
0.587218 0.759136 -0.068106
-0.697153 0.474181 0.053775
-0.755499 -0.381744 0.053775
0.229520 -0.807431 0.053775
-0.678601 0.532922 0.053775
-0.566204 0.608441 0.053775
-0.740026 0.477727 -0.051738
0.972443 0.117668 -0.019957
0.479136 0.649647 0.053775
0.827291 0.319960 0.053775
0.725135 0.304499 -0.000108
0.767254 -0.426309 -0.051270
-0.503030 0.649205 -0.019507
-0.939003 0.224073 -0.068106
0.280014 -0.945999 -0.068106
-0.769634 0.541780 0.053775
-0.967797 -0.219500 0.053775
-0.826842 -0.366968 0.053775
-0.860269 -0.503784 0.042727
0.803594 -0.281644 -0.037278
0.077348 -0.966939 -0.068106
-0.449918 -0.818613 -0.068106
0.916047 -0.104712 0.053775
0.250927 0.744320 0.038541
0.453702 -0.881779 -0.031698
0.802499 -0.175113 -0.020445
-0.290059 0.865824 -0.068106
-0.372659 0.829776 0.053775
0.546449 0.622582 0.053775
-0.129294 -0.936033 0.053775
-0.449158 0.816126 0.053775
0.699041 0.551297 -0.063683
0.869261 0.064112 -0.050867
0.686968 0.639219 0.053775
-0.821786 -0.228410 0.053775
0.814746 -0.347724 -0.056498
-0.771000 -0.231480 0.020975
-0.925641 -0.369076 0.006614
0.125471 0.969302 0.016403
-0.114345 -0.829661 0.053775
-0.815007 0.467558 -0.068106
-0.607799 -0.746840 -0.068106
0.246580 -0.962847 0.004460
-0.434406 0.750636 0.053775
-0.870250 -0.085321 -0.044026
0.344811 0.913411 -0.027848
0.178808 0.870954 -0.062624
0.957859 0.199955 0.003371
-0.964979 -0.011555 0.053775
0.306264 0.927289 0.008523
-0.753170 -0.586393 0.053775
-0.850256 -0.143534 -0.036894
-0.287766 -0.753378 0.046396
-0.396838 -0.787567 -0.046553
0.974626 -0.114119 0.001356
0.913627 -0.168073 0.053775
0.565343 -0.562850 0.016527
0.487921 0.845117 -0.063956
-0.937928 0.156927 0.053775
-0.494702 0.848885 0.014234
-0.880244 0.039816 -0.048970
-0.760481 0.355851 -0.027021
-0.556787 0.810297 0.029762
-0.738225 -0.322334 -0.001570
0.668286 0.711669 -0.029954
0.772495 0.155713 0.007477
0.444001 0.742286 -0.049272
0.668267 0.440269 0.053775
0.737036 -0.477970 0.053775
-0.510284 0.712554 -0.051455
0.837325 0.038117 0.053775
0.560393 -0.816587 -0.010761
-0.875777 0.156277 -0.054205
0.236429 0.947949 -0.020161
-0.079690 0.907178 0.053775
0.428501 -0.675375 0.016536
0.828144 0.376431 0.053775
0.324556 0.851191 -0.068106
0.927784 0.308913 -0.022701
-0.418766 0.766900 -0.050824
0.802854 -0.501242 0.053775
-0.719126 0.674095 0.010330
0.857177 0.469092 -0.014361
-0.297113 0.934308 -0.010982
0.134630 -0.911225 -0.068106
-0.237817 -0.866334 -0.056148
0.682814 -0.406401 0.045401
-0.921465 -0.254915 -0.068106
0.231356 -0.810586 -0.026476
-0.788059 0.400445 -0.052968
-0.694797 0.489561 -0.034224
-0.977880 -0.184062 -0.051851
0.043980 0.976815 0.052057
-0.589004 -0.805876 0.002452
-0.662670 -0.742790 -0.068106
-0.592149 0.530135 0.050543
-0.938991 0.314315 0.021525
0.139893 0.825517 0.053775
0.831318 0.458133 0.053775
-0.940046 -0.329065 -0.039778
0.675999 -0.721749 -0.016962
0.755575 0.412490 -0.046370
0.411755 -0.782312 -0.051322
0.043641 0.828472 -0.027950
-0.316428 -0.795789 -0.032000
0.959301 -0.211185 -0.027400
-0.889703 -0.449122 0.027473
0.542837 0.743007 -0.068106
0.930205 0.253421 0.053775
-0.061793 0.962564 0.053775
0.821643 -0.545685 -0.015368
0.622105 0.752318 0.050682
-0.641985 -0.497961 -0.006588
0.834016 -0.464470 0.053775
0.493929 -0.754540 -0.061919
-0.854019 -0.044729 -0.033538
-0.782270 -0.618782 0.011790
0.436412 0.662582 -0.007922
-0.429866 -0.688346 -0.005849
0.601501 -0.589158 0.053775
0.231745 0.831020 -0.047587
0.334072 0.745636 0.053775
-0.367995 -0.785620 0.053775
-0.878920 -0.327657 -0.068106
0.892602 0.280306 -0.068106
0.104978 0.911368 0.053775
0.256569 -0.840711 0.053775
0.900637 -0.170678 -0.068106
-0.119006 0.819497 0.053775
-0.553789 -0.827300 0.053775
-0.099904 0.875846 -0.057153
-0.494729 -0.660168 -0.013462
0.914790 0.345002 0.052280
0.751648 0.484071 -0.065667
-0.822440 0.316860 -0.050756
0.321483 -0.888808 -0.068106
0.345734 -0.930758 -0.026707
0.601982 -0.702970 0.053775
-0.413693 0.675167 0.048309
-0.977151 0.170983 0.006087
-0.705846 -0.472361 -0.028011
0.790434 0.049754 0.053775
-0.709311 -0.383287 0.027687
0.644268 -0.713890 0.053775
-0.260347 0.896901 0.053775
-0.957114 0.256259 -0.046450
0.738202 -0.289835 0.005752
0.058097 -0.855251 0.053775
-0.593357 -0.802499 -0.045375
-0.751150 -0.429102 0.053775
-0.468254 -0.773472 0.053775
-0.801482 -0.123279 -0.007071
-0.043914 0.837855 -0.033110
-0.517306 -0.853197 -0.032849
-0.261132 0.789860 -0.027702
-0.539793 -0.601292 0.053775
0.716631 0.360505 0.053775
-0.617743 -0.593728 -0.032087
0.249265 -0.762604 0.001375
-0.161599 0.794163 0.053775
-0.686305 0.626343 0.053775
0.020312 -0.804649 0.043728
0.663875 -0.443064 0.053775
0.575250 -0.777850 -0.068106
0.528294 -0.838402 0.011358
-0.195612 -0.977692 -0.027316
-0.867291 0.133696 0.053775
-0.779673 0.179971 0.001388
0.781167 -0.124209 0.020218
-0.877833 -0.200096 -0.058592
-0.623066 -0.591385 0.053775
0.824257 -0.215897 0.053775
0.974007 0.102989 0.032392
-0.964808 -0.245387 -0.048985
0.378825 -0.917246 -0.063200
-0.713109 -0.697790 0.038662
-0.332603 -0.940220 0.011723
0.384417 -0.726384 0.053775
0.894506 0.393488 -0.013452
-0.739207 -0.606414 -0.068106
-0.766567 -0.547375 -0.068106
0.132529 -0.835185 -0.027282
-0.819003 0.280797 0.053775
0.886386 -0.328553 0.053775
-0.738991 -0.670197 -0.061339
-0.265218 -0.929490 0.053775
0.266154 0.939481 -0.066714
-0.887512 0.251355 0.053775
0.637816 0.605434 -0.057612
0.170142 0.962227 0.013904
0.897548 0.386457 0.040026
-0.797811 -0.465160 0.053775
0.821310 0.218009 -0.039044
-0.222064 0.954099 -0.019160
-0.712336 -0.526651 -0.048901
0.788142 -0.053971 0.038830
0.932754 0.055272 -0.068106
0.809757 0.536122 0.053775
-0.662052 -0.672724 0.053775
-0.076775 -0.910587 -0.065714
0.807063 -0.567139 0.027095
-0.293966 0.839940 0.053775
-0.529740 -0.698228 -0.043363
-0.608319 0.554849 -0.019688
-0.361244 -0.808087 -0.048328
-0.812527 0.560774 -0.041464
0.037639 0.937271 -0.068106
-0.426870 0.876594 -0.068106
-0.654081 -0.669775 -0.068106
0.564966 0.780233 0.053775
-0.753686 0.635850 0.042847
-0.144420 -0.793097 0.011421
0.515212 -0.834091 -0.068106
0.436119 -0.798225 0.053775
-0.919162 -0.003307 0.053775
0.014765 0.880688 0.053775
0.398501 0.728453 -0.029340
0.797353 0.062212 -0.009496
-0.668339 -0.606636 0.053775
0.311098 0.925548 0.049029
0.943096 0.154161 -0.068106
-0.703476 0.689745 -0.031674
-0.824296 0.087237 -0.018910
-0.226277 0.769016 -0.010257
-0.760530 -0.402519 -0.034883
-0.965799 0.223275 0.011356
0.754166 -0.323821 0.053775
0.391917 0.892602 -0.068106
0.779122 0.118130 0.036783
-0.668822 -0.517052 0.053775
-0.523395 0.757859 0.053775
0.848420 -0.395597 -0.068106
0.974877 0.033160 0.053775
0.862772 -0.267970 0.053775
0.096822 -0.797939 0.031638
0.530851 -0.836663 -0.029458
-0.557190 0.617261 -0.024961
0.770614 -0.565383 -0.068106
-0.349712 0.916382 0.051602
0.091354 -0.871810 -0.045047
-0.464532 -0.741098 -0.042381
-0.347022 -0.884806 -0.068106
0.699485 -0.449247 -0.024093
-0.764743 -0.547899 0.053775
0.722522 0.401407 -0.026454
-0.816131 -0.547221 -0.068106
0.684034 -0.534912 -0.044923
-0.208407 -0.829805 -0.031764
-0.967174 -0.120020 0.053775
0.098145 -0.990095 0.024751
0.690247 0.689821 -0.004636
0.652029 0.564061 -0.047512
0.171136 -0.979749 0.026701
0.405896 0.887853 0.020524
-0.013453 -0.995867 0.029297
0.862519 0.458983 0.028929
-0.506289 -0.628386 0.044811
-0.103447 -0.990838 -0.060853
0.465852 -0.827141 0.053775
0.497839 -0.723617 0.053775
0.846654 -0.120773 -0.040592
-0.477203 0.858826 -0.033277
0.724034 -0.610551 -0.068106
-0.879399 0.451667 0.007515
-0.840321 -0.536321 0.053775
-0.560941 0.688512 -0.057835
0.941624 0.004747 -0.068106
-0.006955 -0.996071 -0.037779
0.326627 -0.827089 0.053775
-0.618179 -0.518633 0.049904
0.962119 -0.198579 0.019048
-0.616159 0.761646 0.053775
0.479797 0.703809 -0.041656
0.940014 0.094351 -0.068106
-0.704006 0.374797 0.024458
0.521730 0.825122 -0.067533
-0.897284 -0.434245 -0.008246
0.232584 -0.906342 0.053775
0.863872 0.121350 -0.051664
0.830613 -0.366121 0.053775
0.979367 -0.050221 -0.032237
0.816178 0.136080 0.053775
0.433520 0.815429 -0.068106
0.374034 0.789252 -0.053930
0.485444 -0.864261 0.024384
0.900696 0.065199 0.053775
-0.737258 -0.644302 0.053775
0.283486 0.769983 0.053775
-0.769632 0.218012 0.009648
-0.423729 -0.903506 -0.035124
0.650040 -0.637787 0.053775
-0.935422 -0.241449 0.053775
0.591434 -0.793788 -0.017551
-0.737953 -0.483808 -0.047179
-0.887091 -0.081103 0.053775
0.741897 -0.361017 0.053775
-0.816552 -0.484510 -0.068106
0.603130 0.660069 -0.066146
-0.853859 -0.514622 -0.020410
0.176255 -0.882751 -0.059023
0.421676 0.722580 0.053775
-0.746151 0.285038 0.030801
0.547166 0.626069 -0.030000
-0.895360 0.309823 -0.068106
0.568993 -0.774398 0.053775
0.107993 -0.989165 -0.032674
0.055846 -0.994094 0.023352
0.830131 0.279161 -0.054348
0.826923 -0.174064 0.053775
0.694604 0.647419 -0.068106
0.843013 0.014614 -0.034464
-0.724065 0.335469 0.011179
-0.535414 0.586268 0.017929
-0.878368 -0.471368 -0.037166
-0.668448 -0.450714 0.041728
-0.278788 -0.957311 0.027248
0.631167 -0.706533 -0.068106
0.577818 0.582985 -0.023681
0.797912 0.198617 0.053775
-0.210969 0.859838 -0.058864
-0.864319 0.462339 0.053775
0.021249 0.842754 0.053775
0.739913 -0.359118 -0.019558
0.143776 0.772790 0.016645
-0.457893 -0.879921 0.053775
-0.325995 -0.800075 0.053775
-0.501297 -0.752060 0.053775
-0.876183 0.253236 -0.068014
0.734566 0.642618 0.040736
-0.842415 -0.143249 0.053775
-0.630764 0.644441 -0.065275
0.163116 -0.950828 0.053775
-0.111632 0.972384 0.052917
0.614221 -0.559490 -0.022742
0.220798 0.753843 0.017113
-0.065666 -0.885282 0.053775
0.496937 0.732438 0.053775
-0.258528 0.915941 -0.068106
-0.193223 -0.886528 0.053775
0.556268 -0.697968 -0.057266
-0.801986 0.016496 0.001857
0.856284 0.002681 0.053775
0.903736 0.287575 0.053775
-0.310731 -0.900710 0.053775
0.377367 -0.770019 0.053775
-0.616986 0.684496 0.053775
0.500399 -0.797743 0.053775
0.806064 0.412161 0.053775
-0.297327 0.735803 -0.005031
0.449346 -0.828948 -0.068106
0.772656 0.596541 -0.001980
0.845676 -0.270946 -0.058426
-0.803701 -0.271491 -0.028280
0.655722 0.493076 -0.023482
0.856934 -0.411594 0.053775
-0.368398 -0.719062 0.053775
0.066143 0.783828 0.040050
-0.389207 -0.831701 0.053775
-0.761968 0.425897 0.053775
-0.781373 -0.619937 -0.059890
0.645767 0.447161 0.023099
-0.234969 -0.946348 -0.068106
-0.890561 -0.307149 0.053775
-0.410381 0.891603 -0.030344
0.093289 -0.814681 -0.012406
0.771285 -0.615987 0.030765
-0.472573 -0.783511 -0.065526
-0.911206 -0.184722 -0.068106
-0.807695 -0.309694 0.053775
-0.064731 -0.953156 0.053775
-0.254859 -0.771402 0.053775
-0.005093 -0.804649 0.014194
-0.781014 0.602722 0.053684
-0.993282 0.008260 -0.050017
-0.715751 -0.695149 -0.042537
-0.616920 0.766542 -0.004964
0.500022 0.604930 0.014115
-0.909764 0.388624 -0.024771
0.839809 -0.077418 0.053775
-0.797409 0.581585 0.015513
-0.039510 0.821884 0.053775
0.087478 -0.878130 0.053775
-0.251491 -0.816855 0.053775
-0.195884 -0.821970 0.053775
0.132463 -0.793604 0.053775
-0.102616 0.864513 0.053775
-0.616719 -0.520503 0.008800
0.669775 -0.669671 0.053775
0.743633 0.469306 0.053775
0.872443 0.439504 -0.039598
0.906887 -0.382556 -0.010209
0.859443 0.259032 -0.067003
0.062986 0.926050 0.053775
0.443659 0.838023 0.053775
0.308635 -0.903161 0.053775
0.406216 -0.733884 -0.025149
-0.866368 0.329986 0.053775
-0.934726 0.326162 -0.029788
0.818956 -0.090385 -0.022451
-0.370284 -0.741575 -0.015848
0.571414 -0.561552 0.053775
-0.749002 0.641163 -0.052415
0.604297 0.602911 0.053775
0.200951 0.801494 -0.026432
-0.948247 0.212179 0.053775
0.473002 0.666699 -0.021808
0.876827 -0.308913 -0.068106
0.786752 -0.216696 -0.017009
0.313391 0.887589 -0.068106
0.693378 0.460267 -0.030106
0.755761 0.611914 -0.068106
0.360075 0.820530 -0.067155
0.626229 0.528088 -0.022589
-0.167061 0.830450 0.053775
0.263784 0.739640 -0.000906
0.520574 0.825806 0.050087
-0.772757 -0.356098 -0.029175
-0.827165 -0.240685 -0.035917
0.749605 0.426738 0.053775
0.191607 0.873635 0.053775
0.117858 0.849117 -0.044188
-0.952457 0.058768 -0.068106
0.546679 0.667546 -0.047996
-0.753990 -0.283314 0.009138
0.920470 0.034639 0.053775
0.146939 -0.953053 -0.068106
-0.061094 -0.994369 -0.045585
0.750133 -0.255223 0.028314
-0.306840 0.751606 0.053775
0.314825 -0.751894 0.053775
-0.812272 -0.325638 -0.043471
0.341943 0.906969 0.053775
0.204283 0.905891 -0.068106
-0.010341 -0.930738 -0.068106
0.730227 0.647540 -0.028205
-0.648749 -0.758169 -0.014319
0.635345 0.504370 0.053775
-0.677362 0.715263 -0.030480
-0.848817 0.243473 0.053775
-0.172072 0.909114 0.053775
-0.427783 -0.901686 0.040933
0.540633 -0.591675 -0.005151
0.964758 0.166191 0.014319
-0.347787 0.734515 0.053775
-0.064976 0.868703 -0.051302
-0.780241 -0.195371 0.018023
0.881466 0.352326 -0.068106
-0.354099 -0.932482 -0.031013
0.567144 -0.687748 0.053775
-0.656380 -0.543648 -0.029390
0.860616 -0.480397 0.012094
0.585306 0.748546 0.053775
-0.884949 -0.120031 -0.054724
-0.085678 -0.804352 0.053775
-0.991096 -0.079033 0.015019
-0.244368 0.930557 0.053775
-0.794170 0.107380 -0.001053
-0.815683 -0.091392 0.053775
-0.517867 -0.828721 0.053775
-0.953921 0.021272 -0.068106
-0.813282 0.063418 0.053775
0.970330 -0.148692 -0.034796
-0.305685 -0.746790 0.015993
0.058774 -0.993817 -0.053243
0.138334 0.927260 0.053775
0.938313 -0.293381 -0.031776
0.921870 0.325339 0.011607
0.309304 0.886847 0.053775
0.407239 0.670981 0.019381
0.979337 0.033475 -0.033803
-0.081859 0.975199 -0.016879
0.296634 -0.948305 0.022401
-0.217427 0.865180 0.053775
-0.934309 0.188597 -0.068106
-0.885132 0.093969 0.053775
0.322937 0.812277 0.053775
0.439529 -0.736511 0.053775
-0.165369 -0.886737 -0.058587
-0.988717 -0.104198 -0.045282
-0.578045 0.545605 -0.002707
0.051773 -0.802512 0.006545
0.753780 -0.572331 0.053775
-0.904250 0.401364 0.034096
0.341714 0.707214 0.050255
-0.740492 0.573758 -0.068106
0.749979 0.587866 0.053775
-0.466369 0.678912 0.053775
0.940200 0.261214 -0.068106
-0.204781 0.922348 -0.068106
-0.001621 0.978247 -0.033987
-0.791038 -0.380144 0.053775
-0.989365 0.079664 0.018667
0.679750 -0.714908 0.053775
-0.103428 -0.889685 -0.055131
-0.801348 -0.052450 0.032881
0.516036 0.828490 0.013671
0.220208 -0.771691 0.026419
-0.237494 -0.770505 0.021772
0.046095 -0.947228 0.053775
-0.823494 -0.562316 -0.024279
-0.548148 -0.754363 0.053775
-0.921862 -0.164531 0.053775
0.756444 -0.448411 0.053775
-0.229079 -0.970211 -0.038323
0.785446 0.068902 0.024493
0.821692 -0.033150 -0.022176
-0.799506 0.121380 0.053775
0.873309 -0.052564 -0.052416
-0.006107 0.793687 -0.006948
0.542707 0.810926 -0.043027
0.615402 0.487674 0.029995
-0.814818 -0.181315 0.053775
-0.787127 0.212164 0.053775
0.557326 0.696686 -0.065033
0.632774 0.742977 -0.068015
-0.948389 0.063962 0.053775
-0.845706 0.049777 0.053775
0.174015 0.961421 -0.068106
0.677347 -0.593850 -0.063107
0.916549 0.223904 -0.068106
0.950442 0.233141 0.012267
-0.352764 0.915282 -0.059931
0.877316 -0.447620 -0.033130
-0.701729 -0.619322 -0.068106
-0.608161 0.773336 -0.042092
0.625015 -0.517042 0.053775
-0.680026 -0.702703 0.053775
0.867771 0.180834 0.053775
-0.290451 0.879222 0.053775
-0.842247 0.176704 0.053775
0.763990 0.190120 0.039307
0.980282 -0.021071 -0.013083
0.490603 -0.677387 0.053775
0.523689 0.701481 0.053775
-0.116956 0.941390 -0.068106
-0.546749 -0.611795 -0.010841
-0.834586 0.313806 0.053775
-0.168324 0.964598 -0.038477
0.728922 -0.666699 0.029640
-0.865193 -0.366079 0.053775
0.508998 -0.643934 -0.015757
-0.789987 -0.148781 0.023718
-0.634965 0.479469 0.051543
0.618870 0.657027 0.053775
0.447105 -0.662896 0.044902
0.422922 -0.897462 -0.028003
0.833046 0.148905 -0.036795
-0.845598 0.510911 -0.004698
-0.380443 -0.753268 0.053775
-0.151412 -0.984956 0.023793
0.878733 -0.089928 -0.056817
0.016008 0.967043 -0.068106
0.005829 -0.893797 -0.054526
0.845517 -0.497099 0.053775
0.903018 0.313810 -0.068106
-0.701464 0.398271 -0.008561
0.812368 -0.537984 0.053775
-0.054425 0.863588 0.053775
-0.952513 0.272096 0.024837
0.925351 -0.333348 -0.037819
0.976272 0.079037 -0.049223
0.182003 0.914513 0.053775
0.623831 -0.494565 0.013042
-0.993805 -0.009315 -0.005932
0.628072 0.747122 -0.001741
-0.920550 -0.326142 -0.068106
-0.321258 0.926626 0.023055
-0.874125 0.462017 -0.031397
0.666055 0.710062 0.053775
0.114674 -0.939302 -0.068106
-0.405644 0.731697 0.053775
-0.912862 -0.053574 -0.067460
-0.127278 0.896987 0.053775
0.307213 -0.763077 -0.015189
-0.900688 -0.423998 0.053775
0.203213 -0.829557 0.053775
0.962252 -0.151146 -0.068106
0.959353 -0.089498 0.053775
0.802492 0.556186 0.018092
-0.619829 -0.677026 0.053775
-0.372614 0.907947 0.024505
-0.415357 -0.834822 -0.068106
-0.818269 -0.150557 -0.019222
0.669747 0.492728 0.053775
-0.832764 0.415058 0.053775
-0.141947 0.775766 0.013693
0.740581 -0.547435 -0.068106
-0.720374 -0.421203 -0.019439
-0.431498 -0.759937 0.053775
-0.738403 0.443585 -0.040476
0.561648 0.681773 0.053775
-0.464726 0.865183 0.015585
-0.759448 0.535363 -0.068106
-0.193590 0.825209 -0.037306
-0.802183 0.152378 -0.012106
-0.593621 0.588140 0.053775
0.971414 -0.141848 0.024020
0.501396 -0.621456 0.032656
0.777921 -0.148209 -0.003659
0.882471 0.419822 0.045170
0.786589 0.548666 -0.068106
0.298145 0.726612 0.010580
0.274656 0.937012 0.016278
0.631153 -0.592498 -0.042871
0.947236 0.116673 0.053775
-0.992995 -0.035073 -0.035861
-0.853481 0.418850 -0.068106
0.977575 -0.082925 -0.023499
0.463772 0.793267 0.053775
-0.959251 -0.128706 -0.068106
-0.328112 0.924158 -0.037279
-0.615769 -0.785114 0.002129
-0.480528 0.857133 0.047512
0.822939 0.433197 -0.068106
0.786971 -0.121928 0.053775
0.248298 0.904017 0.053775
-0.449080 -0.847151 0.053775
0.697416 0.427542 -0.021805
-0.888487 0.118096 -0.057890
-0.291550 0.775411 -0.025205
0.775407 -0.347564 -0.035778
-0.269297 -0.905107 -0.068106
0.798214 0.342833 0.053775
0.602090 -0.628361 0.053775
0.407036 0.692236 0.053775
0.817552 0.534025 -0.009749
0.814050 -0.028238 0.053775
-0.885661 -0.205659 0.053775
0.957586 0.201180 -0.042178
-0.510390 0.677878 -0.035449
-0.273940 -0.797136 -0.024148
-0.950878 0.129132 -0.068106
0.795672 -0.445646 -0.068106
0.688595 -0.396387 0.002187
-0.732228 -0.456721 0.053775
-0.728856 -0.639025 -0.068106
-0.774182 0.328058 0.053775
-0.638669 0.512608 -0.016576
0.193416 -0.975243 -0.038333
-0.410443 0.701802 -0.015381
-0.974917 -0.200162 -0.022056
0.816253 -0.539294 -0.068106
0.557859 -0.629830 0.053775
0.775354 0.236344 -0.016771
0.607471 0.601017 -0.043074
0.247285 -0.936312 -0.068106
-0.484427 0.796154 0.053775
-0.081359 -0.992925 0.024144
0.061675 0.796388 -0.010113
-0.257635 0.836227 -0.052601
0.060324 0.975991 -0.026806
0.372252 -0.795121 -0.047365
-0.179949 -0.785577 0.015607
-0.016970 0.896083 0.053775
-0.589801 0.787578 0.052402
-0.153608 -0.935182 -0.068106
-0.945210 -0.044899 0.053775
0.420044 0.763737 0.053775
0.729555 -0.445349 -0.037664
0.854881 -0.225763 -0.056446
-0.745629 0.493999 0.053775
0.091185 0.867066 -0.052334
-0.950862 0.126031 0.053775
-0.305799 -0.769252 -0.015264
0.074756 0.974627 0.040005
0.700474 0.679594 -0.035926
0.255069 -0.960381 -0.027443
0.358714 0.767740 0.053775
0.691602 0.465386 0.053775
-0.643150 0.704686 -0.068106
-0.023807 -0.865699 0.053775
0.523960 -0.700938 -0.047141
0.530330 -0.596661 0.029926
0.313910 0.924536 -0.024153
-0.220025 0.954556 0.013829
-0.979192 0.158099 -0.025666
0.059619 0.912626 -0.068106
-0.933888 -0.336183 0.053775
0.881534 0.323704 0.053775
0.892624 -0.199512 0.053775
-0.673436 0.660822 0.053775
0.542425 -0.774585 -0.068106
0.369789 0.858516 -0.068106
0.347314 -0.930189 0.012659
-0.664497 0.726605 0.026241
-0.098668 -0.813873 -0.011349
-0.379948 0.904773 -0.032250
0.792220 0.257938 0.053775
0.284972 -0.940444 0.053775
-0.827919 0.007265 -0.017970
-0.507258 0.841459 -0.027950
-0.552444 0.813248 -0.042925
-0.882492 0.074123 -0.051483
0.380831 -0.860106 0.053775
-0.848038 0.473697 -0.068106
-0.240693 -0.967615 0.020391
-0.839432 -0.007495 0.053775
-0.853084 0.212924 -0.048670
-0.482513 0.629047 0.011092
-0.499611 -0.694426 -0.031081
-0.168716 -0.982215 -0.045446
0.360291 -0.715083 0.018864
-0.070964 -0.802090 0.016493
0.597863 -0.788802 0.048498
0.287187 -0.862152 -0.064441
0.527402 0.581809 0.017520
-0.718130 0.570476 0.053775
-0.504227 0.627170 0.053775
-0.325770 0.895469 -0.068106
0.553200 0.803796 -0.012177
-0.610406 -0.778927 0.053775
-0.910951 0.031079 0.053775
0.757403 -0.503637 0.053775
-0.723440 0.367492 0.053775
-0.801728 -0.593696 -0.035891
0.378405 0.899749 0.007919
-0.333632 -0.855895 0.053775
-0.304469 -0.833362 -0.049609
-0.375950 0.754990 -0.033451
-0.570095 -0.570962 0.040485
-0.905891 -0.401452 -0.068106
-0.597217 -0.715076 -0.068106
-0.554054 0.760953 -0.068106
-0.224973 0.756417 0.020686
0.212623 0.935177 0.053775
0.380602 -0.916478 0.012121
-0.359497 -0.928875 0.053775
0.690504 -0.707243 0.008128
-0.165261 -0.826350 -0.024379
0.786891 -0.595868 -0.047591
-0.704791 -0.509716 0.053775
0.919988 -0.251517 -0.068106
0.954637 -0.232050 0.018919
-0.821926 -0.564622 0.016348
-0.408300 -0.910184 0.006074
-0.928206 -0.361950 -0.043364
0.190415 -0.889786 0.053775
-0.490022 0.851653 -0.066576
-0.167333 0.909526 -0.068106
0.370634 0.691905 0.019674
0.532666 -0.798828 0.053775
0.698712 -0.553664 0.053775
0.006729 0.864004 -0.047550
0.835821 0.505204 -0.051604
0.939365 0.153547 0.053775
-0.974533 -0.201882 0.027675
-0.757690 0.324578 -0.017973
0.088386 0.883835 0.053775
0.097061 -0.933132 0.053775
-0.651701 0.616386 -0.062246
0.919638 0.223111 0.053775
-0.047983 -0.946702 -0.068106
-0.927066 -0.124129 -0.068106
-0.131772 0.872163 -0.057248
-0.779303 -0.622606 -0.021960
-0.516503 -0.658638 0.053775
0.478430 -0.815525 -0.068106
-0.516593 -0.853618 0.028735
-0.993626 -0.002686 0.042635
-0.986439 0.110620 -0.000465
0.771849 -0.284934 0.053775
-0.262989 -0.875457 0.053775
0.231442 0.875668 0.053775
0.509866 0.640797 0.053775
-0.589081 -0.566023 -0.008858
-0.597820 -0.777183 -0.068106
-0.542276 -0.597826 0.018829
0.445111 0.785308 -0.068106
-0.808493 0.378733 0.053775
-0.558960 0.692668 0.053775
-0.709426 -0.388208 -0.004569
-0.687239 -0.569087 -0.052500
0.863265 0.157808 -0.054751
-0.656703 -0.632138 -0.063594
0.918341 0.124265 -0.068106
-0.463699 0.729963 0.053775
-0.804972 -0.074111 -0.005991
-0.155211 0.805365 -0.021304
0.306802 -0.944774 -0.039310
0.755348 0.221493 0.010514
0.424359 -0.809315 -0.068106
0.960733 -0.093946 -0.068106
-0.905466 0.055974 -0.063752
0.299697 0.847042 0.053775
-0.805913 -0.267700 0.053775
0.197838 0.760426 0.038703
-0.775687 0.468101 0.053775
0.555755 -0.736278 0.053775
-0.073739 -0.922797 0.053775
0.431668 0.875326 0.007094
0.699146 0.616109 -0.068106
-0.482027 -0.838862 0.053775
-0.268039 -0.857007 -0.056060
-0.894901 0.421242 -0.041476
-0.493943 -0.867013 -0.056450
-0.987680 -0.033542 0.053775
0.472125 0.854459 0.040999
0.698506 0.376920 -0.007504
-0.681947 -0.635108 0.053775
0.712648 -0.412248 0.053775
0.755194 -0.636731 0.010615
-0.626666 -0.742249 0.053775
0.711895 0.410349 0.053775
0.357924 -0.924523 0.053775
0.905518 0.368042 -0.028352
-0.096244 -0.935178 -0.068106
0.206493 -0.778958 0.053775
-0.711145 0.585061 -0.068106
0.314339 0.779693 -0.035335
-0.024876 -0.942022 0.053775
0.657405 0.627660 -0.068106
0.631323 -0.761935 0.021291
0.577848 -0.804327 0.019033
-0.338452 0.811717 -0.054569
0.960309 0.188993 0.035924
0.407017 -0.905047 -0.056790
0.389859 -0.699361 0.030951
0.480388 0.849572 -0.009200
0.577433 0.549282 0.053775
0.462957 -0.759863 -0.055004
0.934861 0.287584 0.050312
-0.936139 -0.339917 -0.010675
-0.438895 0.659419 0.038466
-0.078398 0.816220 -0.021605
0.924574 -0.134812 0.053775
0.224464 -0.968303 -0.018904
0.774158 0.267717 -0.021689
0.969669 0.135180 0.016029
0.880525 0.103060 0.053775
-0.992122 -0.062845 -0.058965
0.412935 -0.699792 -0.010300
0.683291 0.545037 0.053775
-0.962514 -0.255355 -0.013845
-0.830931 -0.061250 -0.020561
-0.358383 0.869102 0.053775
0.412717 -0.902580 0.028224
-0.956183 -0.277144 -0.051679
0.760315 0.294933 0.053775
-0.152503 0.967104 -0.005471
-0.709743 -0.566760 0.053775
-0.227874 0.830774 0.053775
0.437039 -0.851493 0.053775
-0.874545 -0.166748 0.053775
0.787059 0.493192 -0.068106
-0.961391 -0.048702 -0.068106
-0.576743 -0.749330 -0.068106
-0.981164 0.145648 -0.054088
0.878517 -0.387927 -0.068106
0.584581 -0.799105 -0.047473
-0.861513 -0.442007 -0.068106
-0.949155 0.283653 -0.062023
-0.528851 0.632130 -0.020798
0.445141 -0.886140 -0.061146
-0.684783 -0.538115 -0.040432
-0.883164 -0.036395 0.053775
-0.805891 0.421050 -0.067634
-0.937794 0.317640 0.052267
0.040667 0.901229 0.053775
0.741877 0.559287 -0.068106
0.445948 0.843746 -0.068106
0.844890 -0.109186 0.053775
-0.791914 -0.523833 0.053775
-0.192940 -0.960444 0.053775
-0.833910 0.273570 -0.048280
0.941791 -0.281409 -0.003536
0.381466 0.760206 -0.041062
0.015059 0.977723 0.041313
0.142683 0.966576 -0.057062
0.282507 0.904424 0.053775
-0.221309 0.798346 -0.025648
0.154601 -0.801262 -0.010502
-0.633590 0.544836 0.053775
0.869238 -0.055624 0.053775
0.168635 -0.854627 -0.042393
-0.762379 -0.583973 -0.068106
0.663075 0.421501 0.030055
0.737398 -0.657085 -0.003887
0.728638 -0.667021 -0.042974
-0.746755 -0.517463 -0.062007
-0.852515 -0.211782 -0.045907
-0.761340 -0.464809 -0.052701
0.162744 -0.902890 0.053775
-0.544766 0.795593 0.053775
-0.847549 -0.269646 -0.052000
0.635521 0.593404 0.053775
-0.425880 -0.827284 0.053775
-0.643668 0.671970 -0.068106
-0.764147 0.572929 0.053775
0.347689 0.771771 -0.038440
-0.326458 -0.942433 -0.018069
0.819425 0.478324 -0.068106
-0.753987 0.635509 0.012382
-0.622803 0.495036 0.011746
-0.963392 -0.251723 0.037838
-0.839133 0.338420 -0.064230
-0.554317 0.811975 -0.012606
-0.987590 0.098437 -0.052688
-0.580319 -0.640134 -0.036333
-0.385093 -0.874948 -0.068106
0.741773 0.378232 -0.030187
-0.124427 0.840120 -0.038622
0.938141 -0.293973 0.050390
0.980170 -0.024649 0.029095
0.624622 0.682405 -0.068106
-0.719017 0.500207 -0.049031
-0.387973 0.689678 0.009723
0.789476 -0.015794 0.016165
-0.068218 -0.829998 -0.018965
0.797254 0.508526 0.053775
-0.558329 0.564645 0.014260
0.492240 0.782225 -0.068106
0.886953 0.002579 -0.059529
-0.891790 0.427346 0.023267
-0.431922 0.881898 0.011612
-0.567946 0.739114 0.053775
-0.560667 -0.675840 -0.044083
-0.624867 0.620544 0.053775
-0.472884 0.724736 -0.045580
-0.912406 -0.280709 0.053775
-0.573992 -0.816023 -0.068106
-0.463167 -0.845714 -0.068106
-0.008240 0.786970 0.022724
0.121894 0.933625 -0.068106
0.103104 -0.978074 0.053775
-0.854464 0.140075 -0.040423
-0.092615 0.787567 -0.005901
-0.868616 0.392690 -0.068106
0.571284 0.784627 -0.068106
0.602645 0.682300 0.053775
0.766130 -0.291737 -0.018473
-0.137435 -0.855165 0.053775
0.811718 -0.315765 0.053775
0.690506 0.375398 0.029601
-0.770153 -0.265399 -0.008692
-0.087744 -0.864970 0.053775
-0.882377 -0.463500 -0.066551
0.451800 -0.723162 -0.033832
-0.791894 -0.230791 0.053775
-0.001219 0.942511 -0.068106
0.350106 -0.751038 -0.018850
0.848544 0.483691 0.015439
0.910681 -0.346452 0.053775
0.886429 -0.100174 0.053775
-0.458770 -0.663977 0.043629
-0.469127 -0.675642 -0.012010
0.399742 0.814337 0.053775
0.701942 -0.643515 -0.068106
0.586819 0.521447 0.002595
-0.002751 -0.982347 0.053775
-0.971842 0.196238 -0.009937
0.976393 0.077757 0.013523
-0.095758 0.782257 0.023768
-0.634976 0.543119 -0.026525
-0.870619 0.033217 0.053775
0.552812 0.557271 0.030757
0.247334 -0.880351 0.053775
0.929078 -0.071567 0.053775
-0.700096 -0.710803 0.002024
-0.493698 0.780844 -0.068106
-0.051049 -0.803483 0.052408
0.798248 0.295145 -0.040222
0.969091 -0.156509 0.051467
0.853207 0.223840 0.053775
0.788041 0.039218 0.024668
-0.688339 0.401932 0.045969
0.871127 0.386162 0.053775
0.585660 -0.540414 0.025472
-0.802322 0.006896 0.032104
0.596187 0.730747 -0.068106
0.781099 0.357701 -0.045031
-0.729465 0.622465 0.053775
0.092137 -0.990663 -0.057930
-0.127550 -0.988559 -0.043568
-0.455904 -0.666059 0.013591
0.216330 0.809602 0.053775
-0.052940 0.976947 0.017232
-0.435386 0.791074 -0.067646
-0.834281 0.528763 -0.039636
0.110689 0.893711 -0.068106
-0.435219 -0.861010 -0.068106
-0.664843 0.715584 0.053775
-0.921654 0.181694 0.053775
0.358619 -0.818656 0.053775
-0.819519 0.099545 0.053775
0.715903 0.325238 0.018920
-0.815399 0.232769 -0.031094
-0.960143 0.245833 -0.018948
0.565367 -0.749886 -0.068106
0.791145 -0.495320 -0.068106
0.823346 -0.467960 -0.068106
-0.421339 0.806218 0.053775
-0.345603 0.711338 0.031851
-0.150171 0.928911 0.053775
-0.522015 -0.824879 -0.068106
0.248215 0.916083 -0.068106
0.758840 -0.228425 0.019579
0.819793 -0.003772 -0.020594
-0.789697 0.252867 0.053775
0.659636 0.681294 -0.068106
0.000370 0.919904 0.053775
0.199955 0.844297 0.053775
0.801623 -0.237272 0.053775
0.947221 -0.262720 -0.051877
-0.011634 -0.818421 -0.010986
0.637772 0.474980 -0.008772
-0.525971 -0.745286 -0.063892
0.238976 0.947377 0.029793
-0.544693 0.800228 -0.068106
-0.254957 0.747640 0.020178
0.921747 -0.212993 -0.068106
-0.797934 0.580908 -0.017480
-0.911478 0.384662 0.004276
-0.338143 0.738327 -0.015508
-0.243859 -0.807508 -0.024643
-0.486087 -0.724011 0.053775
0.558548 -0.619060 -0.023846
-0.201382 -0.858356 0.053775
-0.472413 -0.878946 0.028334
0.038641 -0.952900 -0.068106
0.901973 -0.048723 -0.068106
-0.937467 0.288417 0.053775
0.976800 0.073448 0.053076
0.975709 -0.102672 0.028251
-0.194204 0.960328 -0.053652
-0.406558 -0.714536 -0.011805
-0.291471 0.935947 0.038203
-0.783567 0.335590 -0.034365
0.828302 0.080145 -0.028329
-0.082035 -0.987737 0.053775
-0.579588 0.649314 -0.047365
-0.874027 0.395186 0.053775
0.649806 -0.742514 0.053775
0.951033 -0.015708 0.053775
0.139434 -0.842159 0.053775
0.892411 -0.144219 0.053775
0.827515 0.282897 0.053775
-0.657954 0.448594 0.010942
0.831128 0.405279 -0.068106
-0.796047 -0.207245 -0.013550
-0.968581 0.149101 0.053775
0.741321 0.459891 -0.053225
0.820757 0.000055 0.053775
-0.591553 0.625391 0.053775
0.118295 0.970439 -0.026238
-0.950832 -0.162347 0.053775
-0.081573 0.940518 -0.068106
-0.089185 0.811079 0.053775
0.851136 0.479308 0.053217
0.322754 0.715655 0.029998
0.029752 -0.830142 0.053775
0.818913 0.532023 0.026592
-0.747676 -0.615696 0.053775
-0.605271 0.657406 -0.060687
0.685429 -0.667311 -0.068106
0.009610 -0.863652 -0.037276
0.865237 0.444399 0.053775
0.341286 -0.810337 -0.048029
-0.716782 0.467970 -0.037543
-0.676779 0.464477 -0.017153
-0.679794 -0.433894 0.015266
0.833878 0.092068 0.053775
0.145844 0.842212 -0.042571
-0.046055 0.969825 -0.068106
-0.391008 -0.705744 0.041762
-0.551844 -0.831335 -0.032936
0.251925 0.852304 -0.062736
-0.357242 0.837820 -0.068106
0.643650 -0.751067 -0.010625
0.450345 0.728580 0.053775
0.817048 0.174632 0.053775
-0.810174 0.293469 -0.039212
0.054214 0.976493 0.014082
-0.557357 0.635869 0.053775
-0.175014 0.860247 0.053775
0.254103 0.849829 0.053775
0.327586 0.822759 -0.060896
-0.388183 -0.812858 -0.057310
-0.814516 0.184399 0.053775
-0.037414 0.977434 -0.036612
-0.886995 -0.384800 0.053775
-0.280381 0.938035 -0.068106
0.872657 -0.245087 -0.068106
-0.287245 0.735889 0.029691
-0.852990 -0.516092 0.017815
0.870480 0.093449 -0.053320
-0.195714 0.959990 0.030455
0.266938 0.772686 -0.021496
-0.600807 0.560348 0.053775
-0.408722 -0.910001 -0.059082
-0.321328 0.831330 0.053775
-0.831582 0.213210 0.053775
0.125149 0.784121 -0.007589
-0.670258 0.561691 -0.048735
0.646967 -0.564319 0.053775
0.673984 -0.457795 -0.014264
0.772589 -0.172858 0.040671
0.313347 -0.801720 0.053775
0.850507 -0.498051 -0.062844
-0.666921 0.559062 0.053775
-0.986296 -0.129811 -0.012451
-0.828677 -0.447803 0.053775
0.128434 -0.958559 0.053775
0.481999 -0.866299 -0.043071
-0.962762 0.236819 0.036360
0.565722 0.725876 -0.068106
0.025201 -0.839960 -0.023858
0.732121 -0.327574 -0.008012
0.119269 0.886655 0.053775
-0.752817 -0.347422 0.053775
-0.113845 -0.853616 -0.035472
-0.514502 -0.720542 0.053775
-0.851546 -0.304868 0.053775
0.175898 0.898775 -0.068106
0.735371 -0.550469 0.053775
-0.106284 0.972890 -0.034726
-0.191769 -0.783064 0.045077
0.773258 -0.613443 0.002458
0.581897 -0.704068 -0.068106
-0.779280 -0.418877 -0.048717
0.753030 -0.511933 -0.068106
0.867492 0.205432 -0.063192
0.606628 -0.782002 -0.041874
-0.737056 -0.672392 -0.020197
0.005998 -0.904894 0.053775
-0.607195 0.774086 0.020637
0.848232 -0.048566 -0.037887
0.795822 -0.429516 0.053775
-0.817360 -0.512890 -0.068106
-0.216790 -0.972958 0.035288
0.664465 0.610012 0.053775
-0.654790 -0.752841 -0.041522
0.775236 0.593215 0.032156
0.353366 -0.831763 -0.062128
0.824155 -0.160118 -0.030924
0.551405 0.583609 -0.013412
0.573252 0.613392 0.053775
-0.415585 -0.806910 -0.061314
0.650189 -0.640397 -0.068106
0.064680 0.945642 -0.068106
-0.433061 -0.743661 -0.033927
0.397043 0.865035 0.053775
-0.804264 0.516228 -0.068106
0.540357 -0.659727 0.053775
0.794486 0.189516 -0.019996
0.713477 -0.388893 -0.013594
0.571851 0.673024 -0.059751
-0.737031 -0.672420 0.051131
-0.448574 0.667548 -0.010053
0.922231 -0.342014 0.005756
0.452750 0.641115 0.048594
0.326688 0.784317 0.053775
-0.721811 0.638105 -0.068106
0.298137 0.811419 -0.048685
0.852513 -0.294217 0.053775
-0.912938 -0.398968 0.049591
-0.023866 0.858003 -0.044170
0.956896 -0.028477 -0.068106
0.802623 -0.369844 0.053775
-0.946053 -0.098118 -0.068106
-0.847797 0.497170 0.053775
-0.158716 -0.949202 0.053775
0.179204 -0.782940 0.028912
0.671735 -0.510350 -0.030745
0.166799 -0.980436 -0.047010
0.812521 0.129483 -0.023059
0.855086 -0.348400 0.053775
0.135011 -0.792333 0.024844
0.792966 -0.418308 -0.062189
0.980148 0.007681 0.027897
0.337847 -0.865977 -0.068106
0.800542 0.231116 0.053775
-0.811487 -0.298302 -0.037274
0.938236 -0.075611 -0.068106
0.969615 -0.123624 -0.068106
0.732778 -0.574355 -0.068106
-0.494161 0.675306 0.053775
0.084783 0.973679 -0.052323
0.926569 0.312287 0.035946
-0.917460 0.126248 -0.068106
-0.589557 -0.723675 0.053775
0.760125 0.363236 0.053775
0.655696 -0.450120 0.020318
-0.363814 0.884757 -0.068106
0.348437 -0.845653 0.053775
0.788180 0.141183 -0.010501
-0.610062 0.510240 0.042592
0.491682 -0.686098 -0.029075
0.207917 0.954322 -0.001121
-0.859283 -0.254512 0.053775
0.474371 -0.870810 -0.012780
-0.942716 0.091282 0.053775
0.918775 -0.038838 0.053775
0.522098 -0.608548 0.053775
0.410022 0.800438 -0.068106
-0.534534 0.689279 -0.048966
-0.671825 -0.551041 0.053775
0.363436 0.906227 -0.052687
-0.982320 0.138347 -0.003955
0.362708 0.857697 0.053775
-0.731730 0.660753 -0.042783
-0.611695 -0.688779 -0.068106
-0.036459 -0.804503 0.018593
0.356702 0.699842 -0.003373
-0.270493 0.942042 -0.008855
-0.896220 -0.218652 -0.068106
-0.283236 -0.896624 0.053775
0.688453 0.499498 -0.040774
0.944145 -0.236618 0.053775
0.297553 0.857737 -0.068106
0.898854 0.383440 0.012453
-0.711426 0.432664 0.053775
0.107091 -0.907987 -0.066688
-0.807668 0.307009 0.053775
0.426923 0.877744 -0.050975
0.020314 -0.995238 -0.042907
0.858102 -0.329395 -0.068106
-0.972786 -0.192201 0.053775
0.457040 0.862398 -0.016953
-0.294204 0.935153 -0.039920
-0.528757 0.828745 -0.039992
0.649096 -0.608547 -0.056624
-0.875106 -0.417254 -0.068106
-0.108079 -0.990400 0.010573
-0.199692 0.763666 0.011957
0.297386 -0.744629 0.005623
0.931260 -0.316936 -0.063013
-0.159096 0.780232 -0.007568
0.107170 -0.851567 -0.034781
0.339904 -0.899270 0.053775
0.634441 -0.759187 -0.059498
-0.571962 -0.647880 0.053775
-0.691153 0.423849 -0.011056
0.480661 0.620837 0.050245
0.200264 -0.820459 -0.027077
0.667491 -0.704093 -0.068106
0.250679 0.880809 -0.068106
0.565453 0.644281 -0.044866
0.772086 0.390540 -0.048926
-0.636470 -0.495222 0.020296
0.243824 -0.908951 -0.068106
0.834182 0.343874 -0.068106
0.773178 0.553103 0.053775
0.900873 -0.116593 -0.068106
0.813770 0.539591 -0.053094
-0.735921 0.310356 0.027399
0.402031 -0.760420 -0.037636
-0.270277 0.813939 -0.042584
0.967178 0.150909 -0.055214
-0.511792 0.838778 0.033995
0.614791 -0.516419 -0.006761
0.962581 0.168221 0.053775
-0.119903 0.971602 -0.001444
0.206692 0.841980 -0.049982
-0.904387 -0.225724 0.053775
-0.585899 0.729351 -0.068106
0.181266 -0.794857 -0.010109
-0.599944 -0.631566 0.053775
-0.798798 0.080367 -0.003904
-0.443630 -0.785481 0.053775
0.550058 0.714034 0.053775
0.130937 0.953618 0.053775
0.320815 -0.878653 0.053775
0.737372 0.639435 0.010533
