0.855549 -0.315722 -0.062321
-0.928280 0.367117 0.047559
-0.398564 -0.911840 -0.033337
0.311206 0.941633 -0.059492
0.378083 -0.916336 0.043372
0.885223 0.440240 0.032412
-0.921321 -0.374255 -0.062321
-0.420359 0.902365 0.043771
0.705879 -0.693568 -0.057189
-0.012235 -0.805132 0.048490
-0.580741 -0.562790 0.046180
0.978605 0.050336 0.048490
0.522054 0.608192 0.047257
-0.809929 -0.009757 0.030615
-0.036295 0.811297 0.048490
-0.725196 0.684299 -0.047393
0.465077 -0.659914 0.048490
0.774222 0.203229 -0.003543
-0.678966 0.447887 0.048490
0.145660 -0.981642 -0.056061
-0.487022 0.644506 0.036668
0.751199 0.643914 -0.057345
-0.195596 0.975004 -0.062108
0.681215 -0.462991 0.048490
-0.987414 0.145961 -0.055200
0.534409 0.833954 -0.062321
-0.161373 -0.980752 -0.053392
-0.623460 -0.775340 -0.062321
-0.795265 -0.589874 -0.062321
0.793339 -0.102584 0.037349
-0.987138 -0.140591 -0.062321
0.081718 0.989314 -0.053764
-0.771963 -0.244363 0.048490
0.185704 0.784062 0.048490
-0.238714 -0.779482 0.048490
0.205051 -0.776940 0.002199
-0.251226 0.766550 0.011437
-0.783142 0.205621 0.041540
0.672258 0.443911 -0.006102
0.536505 -0.824411 -0.062321
-0.418199 -0.690778 -0.002946
0.977756 -0.143266 -0.044101
-0.571752 0.814310 -0.062321
-0.847608 0.526227 -0.051091
0.950906 0.269220 -0.062297
0.394738 0.756785 0.048490
-0.707849 -0.417165 -0.010361
0.836602 -0.527815 -0.046063
-0.003950 -0.984106 0.048490
-0.997961 -0.003634 0.048490
0.650123 0.746320 0.036559
-0.059678 0.979184 0.048490
-0.935547 -0.252476 0.048490
-0.858947 -0.477078 0.048490
-0.523637 -0.845719 0.048490
-0.710472 -0.673853 0.048490
-0.788914 0.354412 -0.035185
0.381680 -0.778977 -0.040717
0.594048 -0.584119 -0.021522
-0.404965 0.759101 -0.034154
0.757563 -0.257123 0.045191
0.830815 0.060027 -0.022366
-0.612021 0.576211 -0.021812
-0.270527 -0.934875 0.048490
0.196855 0.935834 0.048490
0.898468 -0.410538 0.048490
0.620016 -0.763114 0.048490
0.941913 -0.261795 0.048490
0.766824 0.343485 0.048490
0.773900 0.543106 0.048490
-0.269701 0.910965 0.048490
0.276442 -0.901332 -0.062321
-0.895187 0.258363 -0.062321
0.907868 0.180090 0.048490
0.418209 0.898913 0.029983
0.758467 -0.610704 0.048490
-0.553193 -0.704172 0.048490
-0.847546 -0.146631 -0.032091
-0.631032 0.732881 0.048490
-0.042654 -0.900166 -0.058736
0.110003 -0.893396 0.048490
-0.749634 0.583597 0.048490
-0.910654 0.019400 -0.061559
0.081376 0.839484 -0.025778
-0.134742 -0.889433 0.048490
0.297174 0.806653 -0.035804
-0.147995 0.845104 -0.033320
0.614406 0.646541 -0.055537
-0.374164 -0.807385 0.048490
-0.908305 0.113288 0.048490
-0.737404 -0.541338 0.048490
0.845356 0.351222 -0.062321
-0.635958 -0.632928 -0.054305
0.950501 0.118229 -0.062321
0.484380 0.706294 -0.034529
-0.968874 0.240625 0.045471
-0.342239 0.904059 -0.062321
-0.468860 -0.801548 -0.062321
-0.280850 -0.860767 -0.060383
-0.032175 0.898977 -0.057877
0.763147 -0.404115 -0.039846
0.930503 -0.012553 -0.062321
0.837237 0.514449 -0.062321
-0.510722 0.793778 0.048490
0.854172 -0.178955 -0.045320
0.715725 -0.562171 -0.062321
-0.850583 -0.346438 0.048490
0.483673 -0.793439 0.048490
0.638249 0.558829 0.048490
0.541703 -0.698975 -0.050825
-0.826303 0.440720 0.048490
0.908640 0.310423 0.048490
0.224579 -0.944250 0.048490
-0.857176 -0.269456 -0.054552
0.950915 -0.068571 0.048490
-0.815485 -0.451559 -0.062321
-0.584510 0.688862 -0.058259
-0.724826 0.518130 -0.050548
0.200279 0.888083 -0.062321
-0.907750 0.414559 -0.061299
-0.467295 0.871424 -0.062321
0.046625 0.927645 0.048490
0.498978 0.815010 0.048490
0.419748 0.810429 -0.062321
-0.951391 -0.110479 0.048490
0.305140 0.888159 0.048490
0.313621 -0.803207 0.048490
0.415407 -0.896181 -0.062321
-0.807627 0.097111 -0.005288
-0.173766 0.967184 0.048490
0.018814 -0.992734 -0.062321
0.160952 -0.872103 -0.050893
0.689937 0.552330 -0.050989
0.721559 0.648547 0.048490
0.654462 -0.660599 0.048490
0.949718 -0.263063 -0.062321
0.813063 -0.475974 0.048490
-0.967762 -0.245641 -0.053608
-0.139225 -0.797735 -0.005470
-0.089436 0.988351 -0.062321
-0.838989 0.310244 0.048490
-0.654098 -0.529720 -0.022195
0.865364 0.179709 -0.051654
-0.344950 0.734532 0.048490
0.548340 0.711874 0.048490
0.864372 -0.009569 0.048490
0.080774 -0.811610 -0.009583
0.604951 0.750358 -0.062321
0.811921 -0.352372 0.048490
-0.251433 0.850340 -0.049709
0.764826 0.413150 -0.043088
-0.996272 -0.037996 -0.062321
0.893796 -0.153248 0.048490
-0.523965 -0.716700 -0.049341
-0.720173 -0.689366 -0.061519
-0.615707 -0.783200 0.040513
-0.736013 0.337092 0.048490
0.856902 -0.078810 -0.038110
-0.769207 -0.338612 -0.021088
-0.878705 0.150492 -0.050331
-0.169147 -0.878943 -0.054642
-0.463166 -0.762997 0.048490
-0.105163 -0.988095 0.028216
-0.525819 -0.624784 -0.008146
0.626053 -0.767346 -0.050189
0.903352 -0.401445 -0.049643
-0.102615 0.891105 0.048490
0.709960 -0.369774 0.042170
0.287449 0.758979 0.048490
0.098048 -0.987814 0.028773
-0.711341 0.676691 0.048490
-0.901741 0.015493 0.048490
0.071256 -0.906708 -0.062321
0.559456 -0.681108 0.048490
-0.491288 0.709132 -0.034918
-0.802691 -0.109628 0.044896
0.790871 0.120378 0.042271
0.656579 -0.563491 0.048490
0.771979 0.441280 0.048490
-0.835182 0.536164 0.048490
-0.584819 0.650398 0.048490
0.134613 0.864670 0.048490
-0.994472 0.085796 0.017319
-0.436117 -0.883887 0.048490
0.359676 -0.717512 0.027187
-0.173931 0.807608 0.048490
0.398133 0.907284 -0.062321
-0.810805 0.440455 -0.062321
-0.785375 0.614312 -0.056279
0.446428 -0.712018 -0.025465
-0.644778 0.759930 -0.046850
-0.330564 -0.754100 -0.012712
-0.338669 0.849948 0.048490
0.117029 0.985976 0.039347
-0.806151 0.263726 -0.025623
0.843273 0.245229 0.048490
-0.304245 -0.947271 -0.040751
0.885177 0.436414 -0.062321
-0.822893 -0.563436 0.024883
0.436976 0.676010 0.048490
0.618082 0.653304 0.048490
-0.774838 -0.443123 0.048490
-0.668110 -0.475879 0.048490
-0.070285 -0.991392 -0.062136
-0.447580 0.723453 0.048490
0.297554 -0.811921 -0.038653
-0.665599 0.535858 0.048490
-0.008146 0.993482 -0.027916
-0.734600 -0.509437 -0.052211
-0.628861 -0.640648 0.048490
0.694083 0.705320 -0.030546
-0.937585 -0.341591 0.017766
0.224013 -0.848880 0.048490
-0.725859 0.423772 -0.021182
0.626966 -0.656431 -0.062321
0.917627 0.368412 -0.016354
0.877236 0.080676 0.048490
0.844545 -0.254850 0.048490
-0.006220 -0.891822 0.048490
0.970510 0.188154 -0.014915
-0.887850 0.209906 0.048490
0.929686 -0.335499 0.004671
0.116907 0.909827 -0.062321
-0.946812 0.315920 -0.018864
0.779272 -0.186192 -0.003982
0.467582 -0.873799 0.023649
0.531296 -0.600481 0.042504
-0.883509 -0.060353 -0.046893
-0.384389 -0.810841 -0.055335
-0.184960 -0.966131 0.048490
0.662230 -0.506333 -0.022279
-0.291278 -0.846209 0.048490
0.230465 0.964954 -0.042781
0.779392 0.300346 -0.023503
-0.685484 0.611086 -0.062321
0.304659 -0.944033 0.012049
-0.363306 -0.926552 0.044576
0.767987 -0.623761 -0.038127
-0.841282 -0.196421 0.048490
-0.711055 -0.595726 -0.062321
-0.724717 -0.360211 0.048051
0.573814 0.581091 -0.012048
0.739139 -0.529988 0.048490
0.560107 -0.816686 0.026033
-0.060247 -0.829792 -0.018625
-0.386661 0.834296 -0.062321
-0.768692 -0.635564 0.000752
0.972263 -0.177946 0.047529
-0.848652 -0.524504 -0.042712
0.772064 -0.323924 -0.024789
0.746019 0.491751 -0.056787
0.460473 -0.784575 -0.062321
-0.544981 -0.833825 -0.029575
-0.418697 0.820816 0.048490
0.816798 -0.557553 0.027911
0.586910 0.797665 0.039846
0.229579 -0.965195 -0.043372
0.049858 0.829725 0.048490
-0.490056 0.866929 0.019857
0.160156 0.818301 -0.020585
-0.280627 0.954089 -0.045518
-0.328270 0.788071 -0.030547
-0.345497 0.932920 0.031913
-0.907042 -0.416238 0.026877
-0.981225 -0.185084 0.004436
0.701429 0.508329 0.048490
0.149423 -0.819082 0.048490
0.806613 -0.024259 -0.007481
0.340111 0.730180 -0.004786
-0.881410 0.337418 -0.062321
0.773128 -0.479898 -0.062321
-0.987888 0.041198 -0.062321
-0.842455 -0.364328 -0.062321
0.466765 0.874173 -0.040069
0.698204 0.391379 0.047440
-0.898693 0.433611 0.015975
-0.762660 0.488077 0.048490
0.871322 -0.467566 -0.008002
0.865342 0.258120 -0.062321
-0.495410 0.783223 -0.062321
-0.214213 -0.814295 -0.023817
0.234380 0.853329 0.048490
0.847019 0.510158 0.015814
-0.678003 -0.730681 0.004547
0.019489 -0.855259 -0.032715
-0.069395 0.831198 -0.019820
0.987262 0.041124 -0.055068
0.806544 0.572598 -0.019578
-0.588356 0.804304 0.048122
0.402204 -0.839344 0.048490
-0.542402 0.722693 0.048490
0.986954 -0.050958 -0.025039
0.378720 0.834558 0.048490
0.840437 0.367834 0.048490
-0.233871 -0.923366 -0.062321
-0.370574 -0.728939 0.048490
-0.833954 0.145848 0.048490
-0.657478 -0.560201 0.048490
-0.969214 0.239099 -0.058785
-0.868122 -0.056042 0.048490
-0.909412 -0.179641 -0.062321
-0.196140 0.890574 0.048490
0.956293 0.250678 0.026426
-0.119056 0.918069 -0.062321
0.430062 -0.737152 0.048490
-0.803245 -0.219690 -0.016350
0.038709 0.927132 -0.062321
0.798609 0.044862 0.045834
-0.546467 0.612446 -0.010349
-0.217099 -0.858980 0.048490
-0.652424 0.609901 0.048490
-0.821069 0.189614 -0.022297
0.978260 0.125400 0.048490
-0.480923 -0.683965 0.048490
0.296899 -0.876304 0.048490
0.769759 0.259390 0.048490
-0.661149 0.489299 -0.011073
-0.262214 0.836704 0.048490
0.348087 -0.928397 -0.046595
0.671802 -0.727251 -0.000201
-0.888956 -0.452763 -0.051017
0.275108 0.952760 0.027537
-0.911465 0.294807 0.048490
0.622582 0.510870 -0.005754
0.339062 0.861603 -0.062321
0.411647 0.729524 -0.023466
-0.747197 0.413020 0.048490
-0.845171 0.024686 -0.023995
0.477263 0.744859 0.048490
0.528015 0.760933 -0.062321
-0.843040 0.062635 0.048490
0.584277 -0.550652 0.048490
-0.594249 -0.703160 -0.062321
-0.090963 -0.803920 0.048490
0.893835 0.059685 -0.058485
0.011765 0.821366 -0.012747
-0.853116 -0.273944 0.048490
0.283850 -0.751250 -0.001355
0.824470 -0.244666 -0.037965
-0.237495 0.965638 0.013591
0.870753 -0.085037 0.048490
-0.783638 -0.315406 0.048490
0.748996 -0.438916 0.048490
-0.922500 -0.300803 -0.062321
-0.956661 0.166382 0.048490
-0.460652 -0.882473 -0.054167
-0.017668 0.895748 0.048490
-0.913299 -0.184343 0.048490
0.149208 0.981037 -0.031422
0.225531 -0.832652 -0.037257
0.557521 0.689051 -0.052102
-0.538190 -0.773647 0.048490
0.539458 -0.749137 0.048490
0.484105 0.642105 -0.004526
0.228913 0.826495 -0.034499
-0.937767 0.096445 -0.062321
0.505004 -0.638788 -0.010339
-0.595574 -0.585404 -0.018456
0.108628 0.796644 0.030030
0.039150 0.992190 0.023494
0.689029 -0.422599 -0.007592
-0.201992 0.905844 -0.062321
0.940074 -0.086072 -0.062321
-0.103690 0.798756 0.038440
0.051359 -0.940601 0.048490
0.153465 -0.951382 0.048490
0.597656 -0.618949 0.048490
0.055339 -0.851218 0.048490
0.736960 0.353771 -0.013123
-0.580830 0.581615 0.048490
-0.807045 0.586375 0.010981
0.363265 0.922705 -0.005337
-0.401377 0.700661 0.001488
0.677731 0.621596 -0.062321
-0.397911 0.912080 -0.020098
-0.995240 -0.077709 0.007636
-0.940870 -0.041128 0.048490
-0.108378 -0.918209 -0.062321
-0.060741 -0.932842 0.048490
0.832002 -0.379144 -0.062321
-0.223802 -0.968742 -0.013333
-0.417021 -0.755248 -0.035359
0.773649 0.616419 0.020648
-0.807059 0.376427 0.048490
-0.817473 -0.073204 -0.009467
0.475919 -0.869364 -0.051387
0.932105 -0.327651 -0.062321
0.248255 0.766835 -0.004658
-0.203071 0.803153 -0.016088
-0.558343 -0.636806 0.048490
0.873010 -0.314615 0.048490
0.814204 0.152708 -0.019573
0.841619 0.162347 0.048490
-0.626649 -0.718460 0.048490
0.313044 0.822518 0.048490
-0.731218 -0.609430 0.048490
-0.302772 -0.763993 0.048490
-0.784792 0.271027 0.048490
0.719469 -0.670300 0.048490
-0.689783 0.719712 0.003761
0.833276 -0.178649 0.048490
-0.545230 0.833612 0.007827
0.939544 -0.004083 0.048490
-0.864117 -0.131706 0.048490
0.690531 -0.630403 -0.062321
0.274770 0.871467 -0.062321
0.523677 -0.760318 -0.062321
0.931883 -0.185499 -0.062321
-0.120610 0.986592 0.016610
-0.950023 -0.083332 -0.062321
-0.787554 0.547117 -0.062321
-0.283347 -0.804003 -0.029763
0.840625 -0.451522 -0.062321
0.882796 -0.256219 -0.062321
-0.549442 -0.778847 -0.062321
-0.776566 -0.399338 -0.040271
-0.552488 0.744204 -0.062321
0.702842 0.587513 0.048490
0.820089 -0.130885 -0.020791
-0.634166 0.648914 -0.060355
0.809863 0.453942 -0.062321
0.381478 -0.838876 -0.062321
0.082553 -0.989279 -0.056317
0.568875 -0.643404 -0.036480
-0.756346 0.649524 -0.004367
-0.486021 -0.869358 0.003187
0.941507 0.301572 -0.008585
0.776778 -0.545137 -0.062321
-0.879617 0.471049 -0.058963
-0.801098 -0.509083 0.048490
-0.179576 -0.801287 0.048490
0.513158 0.847297 -0.004545
-0.979050 0.195096 -0.002843
0.373558 -0.774821 0.048490
-0.661926 -0.712462 -0.062321
-0.865305 0.496302 0.010695
0.871212 0.117463 -0.048973
-0.828240 -0.410544 0.048490
-0.876577 0.088565 -0.044222
-0.793458 -0.162986 0.006970
0.912124 0.381130 0.044099
-0.352209 -0.882624 -0.062321
-0.867782 0.390846 0.048490
-0.319378 0.791058 0.048490
0.762176 0.568492 -0.062321
0.926697 0.212477 -0.062321
0.651284 -0.575512 -0.042532
0.817107 0.307951 0.048490
0.887656 -0.129283 -0.059255
0.691172 0.701823 0.048490
0.629080 -0.495481 0.027924
-0.714684 -0.433159 0.048490
0.717885 -0.502817 -0.046832
0.853927 0.003033 -0.034331
0.458025 0.758400 -0.051626
0.631393 0.589418 -0.039541
0.963053 -0.221556 -0.019903
0.369921 0.783695 -0.040029
-0.613040 0.527387 0.019178
0.984949 0.079771 -0.004298
0.576351 0.576452 0.048490
-0.026280 -0.992955 -0.020357
0.642195 0.492071 0.048490
0.922739 0.329163 -0.062321
-0.749147 0.306469 -0.002103
0.111757 0.926369 0.048490
-0.951648 0.049572 0.048490
0.889874 -0.213525 0.048490
0.324657 -0.865243 -0.062321
-0.348281 -0.865252 0.048490
0.752321 -0.327794 0.048490
0.186224 -0.974886 0.004126
-0.997738 0.028910 -0.001738
0.181811 -0.891123 0.048490
0.140130 -0.797291 -0.006283
0.506874 0.668980 0.048490
0.215500 -0.893225 -0.062321
-0.398702 0.760083 0.048490
0.440798 0.827147 0.048490
0.241999 -0.773297 0.048490
0.773187 -0.265753 -0.013347
-0.472619 -0.699899 -0.024549
0.812864 -0.411534 0.048490
-0.055723 -0.851191 0.048490
-0.353148 0.738115 -0.009629
-0.109846 -0.855693 -0.036432
0.646516 -0.713723 -0.062321
-0.660193 0.705632 -0.062321
-0.781768 -0.273990 -0.013987
0.092666 -0.798930 0.046146
0.799557 -0.045638 0.048490
0.031347 -0.992479 -0.005409
-0.518029 0.836831 -0.062321
0.901342 0.243228 0.048490
-0.763599 0.475191 -0.055395
0.481054 0.811101 -0.062321
-0.453541 -0.819946 0.048490
0.683584 0.499073 -0.029601
-0.653424 0.679676 0.048490
0.831359 0.427640 0.048490
-0.697253 -0.472507 -0.022339
0.815949 0.231744 -0.031081
0.692252 0.448615 0.048490
-0.954464 -0.291753 -0.005488
0.469325 0.872868 0.026626
-0.620280 -0.519389 0.032762
-0.723952 0.530455 0.048490
0.582533 0.801061 -0.047548
0.636253 0.699121 -0.062321
0.017052 -0.935469 -0.062321
0.132371 -0.926274 -0.062321
-0.751182 -0.455536 -0.043296
-0.934798 0.193767 -0.062321
0.625606 0.767650 -0.012072
0.515993 -0.845664 0.004583
0.729798 -0.668233 -0.007479
-0.537485 0.664954 -0.030484
0.786404 0.360445 -0.040526
-0.754559 -0.632381 -0.062321
0.179969 0.944774 -0.062321
-0.061240 0.991814 -0.008163
0.727532 -0.366693 -0.011502
-0.839952 0.392037 -0.062321
-0.579737 -0.652995 -0.040812
0.417781 -0.684733 0.030150
0.792634 0.191415 0.048490
0.193392 0.973240 0.006375
0.090083 -0.859418 -0.037813
0.392105 0.700225 0.024645
0.872162 -0.460204 0.048490
0.008218 -0.807750 -0.004935
0.982657 -0.104059 0.018797
-0.901080 -0.235445 -0.062321
-0.789418 -0.506578 -0.062321
-0.669971 0.539676 -0.033043
-0.478081 -0.651045 0.004036
-0.653883 -0.581512 -0.041693
-0.602728 -0.793268 -0.014316
0.587014 -0.797628 -0.018323
0.407881 -0.903441 -0.008065
-0.930035 0.362518 -0.056696
0.988117 -0.013973 0.015458
-0.920587 0.384895 -0.003718
0.245270 0.799616 0.048490
0.023612 0.877357 -0.045443
0.739985 0.304169 0.021602
-0.725176 0.359227 -0.000241
-0.276790 0.902291 -0.062321
0.704050 -0.614451 0.048490
0.437166 0.683805 -0.008723
-0.303523 0.747720 0.010216
-0.441962 0.792149 -0.060872
0.566168 0.631494 -0.030379
-0.969025 -0.239991 0.000783
0.072410 0.880057 0.048490
0.354996 -0.865767 0.048490
-0.149506 0.863344 0.048490
-0.720524 -0.488810 0.048490
-0.407104 -0.859239 -0.062321
0.481005 -0.719572 0.048490
0.610907 -0.531091 -0.008054
0.429767 -0.793171 0.048490
0.827704 0.293623 -0.048179
0.805517 -0.574154 -0.027608
-0.967257 -0.190362 -0.062321
-0.849803 0.247649 0.048490
0.241777 0.906713 0.048490
-0.709061 0.618482 0.048490
-0.779901 0.539495 0.048490
-0.769182 0.634964 0.045368
0.979030 0.135179 -0.020518
0.251880 0.919678 -0.062321
-0.814709 -0.319332 -0.041090
-0.848513 0.237365 -0.044389
-0.213999 -0.912176 0.048490
-0.829128 0.307155 -0.046231
0.303506 -0.750916 0.048490
-0.454708 0.667922 0.001424
0.930282 0.084706 0.048490
0.718911 0.450010 -0.030891
-0.272506 -0.759175 -0.003288
-0.572985 -0.814793 0.040505
0.594425 -0.698375 -0.062321
-0.771291 -0.385587 0.048490
0.281595 -0.950918 -0.044516
-0.641813 0.762544 0.005926
-0.156137 0.981538 -0.027490
-0.130797 0.936356 0.048490
-0.335894 -0.831906 -0.055338
-0.339103 -0.935265 -0.001542
0.355619 0.903656 0.048490
0.896415 0.417432 -0.014345
-0.267170 0.800947 -0.025226
-0.911540 -0.307548 0.048490
-0.153461 -0.982005 0.008084
0.138974 0.865370 -0.044965
-0.448711 0.776298 0.048490
-0.808705 0.044753 0.008090
0.184789 -0.935795 -0.062321
0.949284 -0.274846 -0.001810
-0.061894 0.924082 0.048490
-0.531199 0.670030 0.048490
-0.678153 -0.623071 0.048490
0.816465 0.397267 -0.062321
-0.734753 0.628541 -0.062321
-0.883271 -0.463922 -0.000330
-0.997942 -0.022439 -0.012534
-0.593411 0.800451 -0.003675
-0.324242 0.834353 -0.054305
0.610648 -0.691121 0.048490
-0.299349 0.948649 0.002848
0.906621 -0.359034 0.048490
-0.411570 -0.695472 0.048490
0.972045 0.179282 0.036357
-0.788362 -0.193952 0.048490
0.675706 -0.515161 0.048490
-0.133212 -0.834107 0.048490
-0.714340 -0.695197 -0.006154
-0.947349 0.287827 -0.062321
0.332557 -0.757826 -0.017481
-0.099903 0.866511 -0.041814
-0.505500 -0.638728 0.048490
-0.420536 0.893370 -0.062321
0.577881 -0.754076 -0.062321
-0.469425 0.828016 0.048490
-0.123688 0.806876 -0.009475
-0.989196 -0.134761 -0.000178
-0.772040 0.243582 0.006679
-0.680509 0.437659 -0.002140
-0.962377 -0.209063 0.048490
0.793352 -0.293347 0.048490
0.599186 0.707608 0.048490
0.944272 -0.119781 0.048490
-0.880755 -0.111193 -0.048194
0.787409 -0.200706 0.048490
-0.901098 -0.370545 0.048490
0.729040 -0.441090 -0.033068
0.766668 -0.390568 0.048490
0.338258 0.728019 0.045860
0.801130 -0.077944 -0.006187
0.462098 -0.666959 -0.008618
0.745966 0.649850 -0.005313
-0.588966 0.702997 0.048490
-0.113176 -0.987338 -0.021936
0.026163 0.979797 -0.062321
-0.885416 -0.338025 -0.062321
-0.701538 -0.547368 -0.049922
-0.803041 0.106262 0.045257
-0.018872 0.947235 -0.062321
0.529116 0.602268 -0.003223
0.872735 0.464749 -0.009594
-0.677117 -0.663573 -0.062321
-0.439787 -0.893104 -0.009778
0.547308 -0.585329 -0.002528
0.182086 0.848587 0.048490
-0.041195 -0.950585 -0.062321
0.937742 -0.312563 0.048490
-0.849851 -0.029203 -0.026811
-0.856523 -0.511196 0.004807
0.748141 0.391144 0.048490
0.843782 -0.515675 0.031479
-0.856667 -0.005979 0.048490
-0.993451 0.096599 -0.051575
0.042227 -0.803413 0.043529
0.685511 -0.413407 0.047732
-0.015069 0.993264 0.031497
-0.450751 0.887474 -0.002692
-0.477872 -0.753721 -0.052285
-0.864732 -0.195562 -0.047633
-0.967172 0.247970 -0.010054
-0.987353 0.146346 0.000183
0.720600 0.402353 -0.017452
0.273976 -0.920220 0.048490
0.908084 -0.390509 0.004275
0.423323 -0.896351 0.042114
-0.955964 0.100049 0.048490
0.799184 0.028400 -0.001287
-0.770210 0.420042 -0.042526
0.901470 0.131175 0.048490
0.826471 0.476632 0.048490
-0.604597 0.736076 -0.062321
0.491502 -0.720158 -0.043389
-0.881492 0.161139 0.048490
-0.224527 0.933729 0.048490
0.670719 -0.721567 0.048490
0.760205 0.496026 0.048490
-0.230261 0.790778 0.048490
-0.859366 -0.410273 -0.062321
-0.508709 -0.835687 -0.062321
0.873639 0.311333 -0.062321
-0.807801 -0.061014 0.045661
0.125181 -0.984886 -0.011849
0.254708 -0.958730 0.012899
0.319111 0.938786 0.006950
-0.592260 0.636984 -0.038921
-0.884192 0.334979 0.048490
-0.808423 0.492425 -0.062321
0.986500 -0.020006 -0.062321
0.383843 0.843201 -0.062321
-0.739299 -0.380362 -0.015957
0.733100 -0.321251 0.004045
0.759707 0.260266 -0.004970
-0.913578 -0.401136 -0.022892
-0.512088 -0.729614 0.048490
0.839164 0.110440 0.048490
0.776561 0.612664 -0.027440
0.780879 -0.607141 0.005879
0.876180 -0.359690 -0.062321
-0.877609 0.462355 0.048490
-0.129490 -0.937389 0.048490
-0.317944 -0.910640 0.048490
-0.236311 -0.965946 0.033151
-0.720253 0.473232 -0.033850
-0.935153 -0.037664 -0.062321
0.890394 0.367877 -0.062321
-0.639601 -0.764537 0.003306
-0.709886 0.562882 -0.059323
0.706985 0.661889 -0.062321
-0.993683 -0.094180 -0.045644
0.657987 0.739387 -0.047906
0.854114 0.037231 0.048490
-0.318526 0.893348 0.048490
0.877523 -0.036986 -0.048792
0.894501 -0.267758 0.048490
0.804660 0.575370 0.028089
-0.924758 0.146489 -0.062321
0.541286 0.786594 0.048490
-0.776285 -0.626074 0.046909
-0.842116 0.129997 -0.027665
0.295648 0.746913 -0.001137
-0.543658 0.624116 0.048490
0.499079 -0.838429 0.048490
0.948971 0.068348 -0.062321
0.968880 0.185007 -0.062321
0.846047 -0.125566 0.048490
-0.202539 -0.958930 -0.062321
0.601030 0.529517 0.048201
-0.802895 -0.591769 -0.015608
-0.344971 0.933109 -0.025020
-0.394272 0.704439 0.048133
0.423126 0.896408 -0.023764
-0.364644 0.804371 0.048490
0.567818 0.668918 0.048490
0.180534 -0.815987 -0.021803
-0.498306 0.706072 0.048490
-0.437268 0.725735 -0.026207
-0.782413 -0.568328 0.048490
0.665070 0.656413 0.048490
-0.703423 0.399818 0.037380
0.194419 -0.779989 0.047849
0.987685 0.027651 -0.010081
-0.525216 0.846135 0.048405
-0.163450 0.940839 -0.062321
0.152357 0.950568 0.048490
-0.061363 -0.991853 0.010678
0.937494 -0.215186 0.048490
-0.683131 -0.521059 0.048490
0.010398 0.804711 0.046291
-0.253980 -0.888039 0.048490
-0.997046 -0.050960 0.045857
-0.945742 0.318890 0.027926
-0.580892 0.749041 0.048490
-0.502947 0.641025 -0.007026
-0.644059 -0.489224 -0.001502
0.066622 0.801664 -0.002960
-0.817695 0.486440 0.048490
-0.363466 -0.722392 -0.004002
-0.066819 0.947747 -0.062321
0.582866 -0.732558 0.048490
-0.757073 -0.563430 -0.062321
0.786688 -0.144148 0.014307
-0.157009 -0.923052 -0.062321
0.204748 0.782739 -0.006394
-0.751079 -0.301731 0.006925
-0.213101 -0.777526 0.004285
0.855063 -0.392527 0.048490
0.088167 0.988705 -0.007946
-0.116378 -0.965129 -0.062321
-0.797281 0.141259 0.003482
-0.478658 -0.864401 0.048490
0.786563 -0.529389 0.048490
0.899462 -0.048890 0.048490
-0.080686 0.850497 0.048490
-0.828570 0.555038 -0.015006
0.717556 0.681847 0.016537
0.357142 0.783230 0.048490
-0.597424 -0.605518 0.048490
-0.193473 0.862869 -0.048540
-0.609405 0.788045 -0.061163
-0.979350 0.193756 -0.051283
0.590679 0.752747 0.048490
-0.985841 -0.155940 0.040380
-0.743030 -0.664671 -0.030406
-0.997208 0.045762 0.045627
-0.035568 0.859357 -0.035227
-0.569237 0.573855 -0.001185
0.816618 0.557775 -0.061636
0.719907 0.585823 -0.062321
0.637277 -0.757689 -0.007031
0.232896 0.963736 0.048490
-0.228718 0.967600 -0.031052
0.063127 -0.896666 0.048490
-0.548612 -0.593817 0.016144
-0.214579 -0.853871 -0.046160
-0.528137 -0.665824 -0.027532
-0.813616 -0.125178 -0.010820
0.453746 -0.836269 0.048490
0.724737 -0.477250 0.048490
-0.942372 -0.328295 -0.029494
0.781047 0.527279 -0.062321
-0.346513 -0.932598 -0.047819
-0.652170 0.587170 -0.043170
-0.272925 -0.956370 -0.009397
-0.818496 -0.244880 0.048490
0.795911 0.078079 -0.000126
-0.665594 -0.678132 0.048490
0.112834 0.954691 -0.062321
0.077102 0.967356 0.048490
0.865348 0.479164 -0.051527
0.268108 -0.840269 0.048490
0.370732 -0.891510 -0.062321
-0.686904 0.718005 0.048490
-0.307534 -0.896617 -0.062321
-0.705397 0.573906 0.048490
0.653061 0.539028 -0.029664
0.613815 0.600694 0.048490
-0.475562 0.823280 -0.062321
0.404767 -0.726950 -0.020266
-0.025046 -0.855927 -0.032985
0.264541 -0.787300 -0.018885
-0.584824 -0.735430 0.048490
-0.665064 -0.742089 0.045524
0.934059 0.039987 0.048490
-0.651991 0.479029 0.031915
-0.889316 -0.095066 0.048490
-0.932215 0.211745 0.048490
-0.173488 -0.867765 0.048490
0.676294 0.723108 0.005968
-0.244248 0.932381 -0.062321
0.814427 -0.318216 -0.045997
-0.933166 -0.124302 -0.062321
0.660219 -0.608205 0.048490
-0.990471 0.126666 0.040828
-0.695556 0.655050 -0.062321
0.820432 0.523528 0.048490
0.160474 0.787507 0.011107
0.665892 0.612255 0.048490
-0.401539 -0.760399 0.048490
0.028051 -0.893399 -0.054744
-0.884054 0.462343 -0.014137
-0.049644 -0.803600 0.015212
-0.839909 -0.230816 -0.038528
-0.588902 -0.746900 -0.062321
-0.586261 -0.675086 0.048490
-0.131233 0.970847 -0.062321
0.128042 -0.838956 -0.029002
-0.720991 0.460932 0.048490
0.971677 -0.181647 0.003698
-0.370395 0.792508 -0.042272
0.110381 -0.849508 0.048490
0.889662 -0.431572 0.009119
0.329840 -0.934967 0.046802
0.722967 0.344158 0.048490
-0.891863 -0.248973 0.048490
0.983857 -0.087581 -0.062321
-0.487544 0.756041 0.048490
0.055311 -0.991725 0.037505
0.957492 0.246393 -0.017133
0.894592 -0.082112 -0.060139
0.779511 -0.588821 -0.062321
0.690885 -0.473345 -0.024377
0.539425 0.830698 0.043168
0.190421 0.846390 -0.040228
0.497726 -0.628650 0.031470
-0.678001 -0.441421 0.023646
-0.845050 0.202399 0.048490
-0.625149 0.775832 0.047152
0.782419 -0.363507 -0.039138
0.560291 0.816517 -0.013744
0.921455 -0.358361 -0.031163
0.901368 0.158251 -0.062321
0.699608 -0.566132 0.048490
0.798557 -0.442224 -0.062321
-0.451886 0.873433 0.048490
0.727006 -0.656439 -0.062321
0.338030 -0.819179 -0.051243
0.420785 -0.801000 -0.062321
-0.816613 -0.545333 -0.062321
0.368475 -0.920494 -0.008006
0.278672 0.854374 0.048490
0.433563 -0.756994 -0.043454
-0.039438 0.805128 -0.003712
-0.943871 -0.154011 0.048490
0.522073 0.716399 -0.052000
-0.903774 0.301041 -0.062321
0.945016 0.289493 0.040743
0.016247 0.966376 0.048490
-0.475324 0.748250 -0.048851
0.785499 0.150843 0.013110
-0.870820 -0.411134 0.048490
0.652421 -0.464383 0.010831
-0.636579 -0.676133 -0.062321
0.565384 0.735035 -0.062321
0.274485 -0.859014 -0.060038
0.765297 0.585517 0.048490
0.423022 -0.847416 -0.062321
0.645931 0.705851 0.048490
0.086611 0.875855 -0.046915
-0.891490 0.189232 -0.061837
-0.270828 0.778537 0.048490
0.470268 0.649346 0.040153
-0.844764 -0.100465 -0.026941
0.792468 0.404220 0.048490
0.908578 0.270170 -0.062321
0.119818 0.809338 -0.011384
0.223857 -0.895885 0.048490
0.528844 -0.651902 0.048490
-0.327226 -0.791519 -0.032157
0.417949 0.868132 -0.062321
-0.429677 0.683562 0.038414
0.732844 0.552909 0.048490
-0.407122 -0.908137 0.029723
0.823024 0.103195 -0.020381
-0.962101 0.007920 -0.062321
0.563254 0.616715 0.048490
0.850311 -0.504635 -0.013748
0.829648 0.538602 -0.009806
-0.093863 -0.899213 0.048490
-0.024124 -0.991946 -0.062321
-0.552099 0.779640 0.048490
0.270788 0.954015 -0.046817
0.516574 0.659912 -0.024277
0.971248 -0.184354 -0.038172
-0.104593 0.988106 -0.022124
-0.406406 0.863172 0.048490
0.755766 -0.638778 0.016804
0.330699 0.902588 -0.062321
-0.625972 0.643234 0.048490
0.862328 -0.484315 -0.048235
-0.246317 -0.829214 0.048490
0.243138 -0.926415 -0.062321
0.006944 0.846089 0.048490
-0.376584 -0.758991 -0.026459
-0.253230 -0.835752 -0.041954
-0.846318 0.066943 -0.025671
0.893878 0.025166 0.048490
0.903614 -0.297407 -0.062321
0.986481 -0.063608 0.027117
0.350498 -0.824546 0.048490
0.640974 -0.618157 -0.054788
0.730320 0.529750 -0.061867
-0.382490 0.913716 -0.062321
0.891428 -0.173341 -0.062321
0.869686 0.324189 0.048490
0.625084 -0.536781 0.048490
-0.750909 -0.655735 0.033806
0.909296 -0.224713 -0.062321
0.185152 -0.975125 -0.046499
-0.807554 0.585719 -0.032613
-0.799630 0.168571 0.048490
-0.070276 -0.866337 -0.040046
0.761724 0.452939 -0.052638
-0.362655 0.883234 0.048490
0.156744 0.816365 0.048490
-0.950289 0.277022 0.048490
-0.521277 -0.676525 0.048490
-0.155777 -0.845950 -0.034433
-0.147558 0.792398 0.020430
0.492499 -0.833696 -0.062321
-0.283732 0.872019 0.048490
0.092252 0.844444 0.048490
-0.100783 -0.799208 0.008003
0.094777 -0.941966 -0.062321
0.722432 0.676545 -0.025320
0.201169 0.884565 0.048490
0.877386 0.207097 0.048490
-0.845555 -0.488980 -0.062321
0.465887 0.791391 0.048490
0.672540 -0.666857 -0.062321
-0.907211 0.067684 -0.060782
-0.461707 -0.841516 -0.062321
0.982810 -0.102442 -0.021773
0.784764 -0.226852 -0.012860
-0.095770 -0.857795 0.048490
0.924902 -0.144945 -0.062321
-0.794557 0.577530 0.048490
0.580445 -0.802724 -0.057959
-0.760929 -0.491392 0.048490
-0.687088 0.490488 0.048490
-0.201846 0.780709 0.021495
-0.786356 0.613047 -0.011646
0.150728 -0.865284 0.048490
-0.819302 -0.008417 -0.008649
0.570133 -0.588474 0.048490
0.820365 -0.011039 0.048490
0.030664 0.992457 -0.016858
-0.313898 0.938730 -0.062321
-0.341388 -0.783925 0.048490
0.853070 -0.218943 -0.049793
0.949938 0.027940 -0.062321
0.252483 0.959333 -0.009715
-0.895358 -0.022502 -0.052915
-0.835642 -0.544676 -0.010577
0.523406 -0.788461 0.048490
-0.238348 0.889061 -0.062321
-0.929549 0.235081 -0.062321
0.886696 0.213770 -0.062321
-0.907156 -0.411641 -0.062321
-0.825393 0.559714 -0.059609
0.151812 0.980624 0.020423
-0.290300 0.864695 -0.062321
-0.414696 -0.810804 0.048490
0.477879 0.696374 0.048490
-0.810860 -0.286336 0.048490
-0.705118 -0.564638 0.048490
0.419943 0.787590 0.048490
0.147144 -0.910611 0.048490
0.931760 0.217626 0.048490
-0.082729 0.901983 -0.061259
0.810201 0.193411 -0.022335
0.960418 -0.233347 0.017909
-0.923345 -0.378567 0.015583
-0.058860 0.883632 0.048490
0.541864 -0.622130 -0.016685
0.798015 -0.253990 0.048490
0.094120 -0.929623 0.048490
0.747983 -0.568492 0.048490
-0.562458 -0.820325 -0.062321
-0.856362 -0.311302 -0.061914
-0.825083 -0.160511 0.048490
-0.427354 0.828695 -0.062321
-0.619241 0.573092 0.048490
-0.843461 0.359929 0.048490
-0.671411 0.736450 -0.026686
0.140757 -0.982419 0.028026
-0.696982 -0.712557 -0.040010
0.672910 0.540488 0.048490
-0.797089 -0.358261 -0.040305
-0.271785 -0.950709 -0.062321
-0.218101 0.835159 -0.036143
-0.799879 0.396267 -0.051274
-0.658340 -0.748018 -0.046672
-0.766479 0.312737 0.048490
-0.032546 0.992715 -0.058320
-0.384899 0.917710 0.038618
0.191247 -0.973763 0.042764
0.796027 -0.162699 0.048490
0.209371 0.814952 0.048490
-0.278452 0.948869 0.048490
0.909607 -0.086916 0.048490
0.300309 0.842831 -0.056086
0.197013 -0.857182 -0.047043
-0.177761 -0.793113 -0.007230
-0.064819 -0.983631 0.048490
0.311033 -0.919010 -0.062321
0.964690 0.214190 0.016215
-0.861882 0.118948 0.048490
-0.882523 -0.376691 -0.062321
0.740571 -0.610990 -0.062321
-0.421123 -0.799042 -0.058688
-0.823747 0.357830 -0.054351
-0.565632 -0.819790 -0.000071
-0.767934 0.445605 0.048490
0.559738 -0.626298 0.048490
-0.530777 0.798717 -0.062321
0.682252 0.419008 0.025719
-0.161652 0.813139 -0.016636
-0.384666 -0.852604 0.048490
0.590009 0.795262 0.001541
-0.166726 -0.927622 0.048490
0.353353 0.926458 -0.042340
-0.647737 -0.597365 0.048490
0.823828 -0.486067 -0.062321
0.864973 0.396608 -0.062321
-0.884264 0.264325 0.048490
-0.864006 0.498500 -0.027502
-0.507237 -0.856811 -0.030478
-0.154215 0.906125 0.048490
0.501950 -0.679020 0.048490
-0.635027 0.525377 -0.011984
-0.861583 0.499969 0.048490
-0.976986 0.198666 0.048490
0.002961 0.913122 -0.062321
0.641843 0.479101 0.002829
-0.821431 -0.407063 -0.062321
0.347862 0.856849 0.048490
-0.945454 0.042139 -0.062321
0.527181 -0.669080 -0.032308
-0.742310 0.389492 -0.020007
0.850272 0.504657 -0.027658
0.850201 -0.053030 0.048490
0.045006 0.849711 -0.030143
-0.846249 -0.528566 0.037031
-0.192342 -0.975774 0.012472
-0.745673 -0.315113 0.047132
0.862070 0.399012 0.048490
0.225630 0.770996 0.033173
-0.795569 -0.601214 0.025727
0.850576 -0.212396 0.048490
0.459976 -0.877675 -0.013298
-0.684467 -0.507893 -0.028456
0.143856 0.906213 0.048490
-0.799379 0.219595 -0.014193
-0.708903 -0.390371 0.016395
-0.919465 0.173539 0.048490
0.945466 0.155196 0.048490
0.774291 0.306380 0.048490
-0.944348 -0.003443 0.048490
-0.853763 0.182449 -0.039907
0.704476 -0.694971 0.001047
0.927083 0.342686 0.041612
-0.243990 -0.788792 -0.014317
0.335563 0.799379 -0.040333
-0.790003 0.178102 -0.000537
0.404911 0.769644 -0.042136
-0.954281 -0.292384 -0.043238
-0.518006 0.731158 -0.054184
-0.073941 0.801859 0.015429
0.156464 0.893934 -0.062321
-0.055937 -0.895428 0.048490
-0.868586 -0.490798 -0.024535
0.583273 -0.549281 0.009950
0.684087 -0.530740 -0.040851
0.768866 0.222291 0.042271
-0.238481 0.889965 0.048490
0.025326 -0.913465 0.048490
0.761359 -0.499656 0.048490
-0.524060 0.846819 -0.020275
-0.335442 -0.733809 0.018524
-0.165154 0.885591 -0.058108
-0.873083 0.004625 -0.039605
-0.606565 0.608926 0.048490
0.862615 0.081695 -0.041588
0.298309 0.932075 0.048490
0.492238 0.851870 0.048490
-0.734763 -0.396307 0.048490
0.578257 0.554809 0.017971
-0.312615 0.753442 0.048490
-0.769062 0.382693 0.048490
0.801013 0.495702 -0.062321
-0.305818 -0.946813 0.045752
0.285619 0.797161 0.048490
0.787201 0.598948 -0.060504
0.540136 -0.830259 -0.019351
-0.560069 0.823528 -0.028108
-0.822717 -0.447409 0.048490
0.806208 0.241417 0.048490
0.126558 -0.794167 0.031454
0.428340 0.740814 0.048490
0.368521 0.747707 -0.021188
-0.743150 0.664491 0.026958
-0.955588 0.287840 0.003802
0.746469 -0.288163 0.014274
-0.796248 0.311532 -0.029628
0.595614 -0.790957 0.046592
-0.535214 -0.605956 0.048490
-0.961867 -0.266273 0.025903
0.652711 -0.744082 -0.037847
-0.615438 -0.525364 -0.003453
0.385879 -0.703579 0.001356
-0.022760 0.961297 0.048490
0.822346 -0.316883 0.048490
0.265168 0.828011 -0.041545
-0.522377 -0.808787 0.048490
0.879604 -0.451312 -0.040129
0.880362 0.362840 0.048490
-0.901167 0.111269 -0.059768
-0.115924 0.839550 0.048490
-0.783171 -0.617197 -0.033512
-0.281432 0.768881 -0.010273
-0.760104 -0.350166 0.048490
-0.288676 0.831166 -0.045565
-0.894306 -0.277244 -0.062321
-0.505203 -0.796217 -0.062321
0.863134 0.478511 0.048490
0.846434 -0.412860 -0.062321
0.846146 0.151449 -0.037513
-0.875022 -0.304573 0.048490
-0.940046 -0.223345 -0.062321
-0.192758 0.975638 0.018346
0.780284 -0.457897 0.048490
-0.700687 0.404557 -0.002904
0.072148 0.941855 -0.062321
0.593182 0.606227 -0.030157
-0.096870 0.988836 0.044291
0.604108 -0.654909 0.048490
-0.998125 0.016578 -0.036110
0.731059 -0.401428 -0.022624
-0.822862 -0.283853 -0.038322
0.764432 -0.235979 0.016235
-0.398438 -0.724051 -0.014333
0.985827 -0.029335 0.048490
-0.581054 0.602861 -0.019900
0.982847 0.102010 -0.057662
0.238343 0.872918 -0.061687
0.396120 0.908488 0.002632
0.860942 -0.356568 0.048490
-0.372620 0.715952 0.017821
0.961369 -0.229094 -0.056216
-0.664708 0.575609 0.048490
0.447168 0.728546 -0.033829
-0.516868 0.621012 0.019982
0.823384 -0.547861 -0.009964
-0.827838 -0.176217 -0.024466
-0.930083 -0.081057 0.048490
-0.741397 -0.459087 0.048490
0.671662 -0.435858 0.022448
0.848049 0.229399 -0.048375
0.620600 0.771533 0.040150
0.183748 -0.931450 0.048490
0.422684 0.868070 0.048490
-0.843571 0.470568 -0.062321
0.988197 -0.011408 -0.020652
0.799122 0.359798 0.048490
0.349840 -0.747503 0.048490
-0.766565 0.517664 -0.062321
0.939405 -0.308505 -0.017310
-0.291621 -0.882347 0.048490
0.330425 -0.934756 -0.011531
-0.684880 0.645327 0.048490
-0.694566 0.714928 -0.056362
0.246059 -0.811709 0.048490
-0.845468 0.430476 -0.062321
-0.758644 -0.283009 0.036730
-0.023664 -0.993037 0.019723
-0.821710 -0.367936 0.048490
0.448950 -0.703225 0.048490
-0.845771 0.529333 0.014803
-0.387345 -0.890282 -0.062321
-0.144591 -0.793051 0.047633
0.761101 -0.442832 -0.049236
0.262531 -0.954291 0.048490
-0.388035 -0.707799 0.024288
0.817159 0.332346 -0.050514
-0.251844 -0.881856 -0.062321
0.714267 0.360902 0.013779
-0.946884 -0.315761 0.040895
-0.808355 0.054782 0.042509
0.279779 0.780679 -0.018263
-0.446039 -0.673382 0.011370
0.533161 0.751721 0.048490
-0.903427 0.394176 0.048490
-0.200083 0.832051 0.048490
0.797325 0.085731 0.048490
-0.891549 -0.447675 0.033931
-0.995445 0.075500 -0.022786
0.977729 0.143395 -0.055206
0.392897 -0.702477 0.048490
0.074737 -0.990018 0.001920
-0.621220 -0.683255 0.048490
0.919130 -0.184724 0.048490
0.849771 0.433038 -0.062321
-0.935800 -0.340211 -0.062321
-0.429014 -0.898594 -0.052963
0.794797 0.259433 -0.024168
-0.441380 -0.676293 0.046968
0.568850 -0.676174 -0.050471
0.794514 -0.394391 -0.053161
-0.770173 0.582898 -0.062321
-0.627583 0.513830 0.048490
0.505091 -0.757678 0.048490
0.495345 0.747993 -0.057960
0.696589 -0.591944 -0.062321
-0.663253 0.743642 0.038587
0.499318 -0.855526 -0.025015
-0.955240 0.164429 -0.062321
0.877393 0.025381 -0.048443
0.532159 -0.826015 0.048490
0.536677 -0.708107 0.048490
0.044966 0.803179 0.024892
0.931475 0.330488 -0.026190
-0.878638 -0.163345 -0.051507
-0.946426 -0.156988 -0.062321
-0.594274 -0.621800 -0.033292
-0.008358 -0.856661 0.048490
-0.387443 0.733565 -0.016248
-0.846074 0.276486 -0.049698
0.799842 0.153849 0.048490
0.316947 0.781124 0.048490
-0.712412 0.697084 0.019854
0.796571 -0.516072 -0.062321
-0.840917 0.025444 0.048490
-0.872456 0.378729 -0.062321
0.058526 0.894683 -0.056223
0.678629 -0.720817 -0.034038
0.908137 -0.047241 -0.062321
-0.460976 0.699135 -0.020544
-0.878766 0.041895 0.048490
-0.767770 -0.256768 0.013074
-0.808662 0.327697 0.048490
0.675514 0.481405 0.048490
0.614556 0.543748 -0.014531
-0.524455 0.758272 0.048490
-0.448205 0.888772 -0.037510
-0.157646 0.981298 0.020904
0.468995 -0.752384 -0.052001
-0.579023 -0.810690 -0.033220
0.801606 -0.159550 -0.013154
-0.283514 -0.812267 0.048490
-0.726201 0.593490 -0.062321
0.110624 -0.883196 -0.052734
0.856410 -0.429194 0.048490
0.790836 0.479594 0.048490
0.504050 0.722711 0.048490
0.946621 -0.043325 -0.062321
0.754237 0.640468 0.036458
0.904339 0.399121 -0.056450
0.382378 0.717351 -0.009320
0.305718 0.943608 -0.024657
-0.494378 0.864373 -0.016814
0.046072 -0.971345 -0.062321
-0.121164 -0.823978 -0.019044
-0.576237 0.769405 -0.062321
-0.702301 -0.707237 0.044387
0.749353 0.321493 -0.012012
0.453117 0.881126 -0.002783
0.114205 -0.964488 0.048490
-0.623142 0.706928 -0.062321
-0.150251 -0.964991 0.048490
-0.344219 -0.824591 0.048490
-0.187916 0.935679 0.048490
-0.027453 0.848931 0.048490
0.189641 -0.846205 0.048490
-0.983136 -0.173022 -0.037115
0.240574 -0.767712 -0.003750
-0.504018 -0.769239 0.048490
0.663487 0.678048 -0.062321
0.902862 0.402532 0.018775
0.337634 0.762858 -0.021323
0.916733 0.019066 -0.062321
0.458202 -0.835923 -0.062321
0.473607 0.848890 -0.062321
-0.926300 0.328825 -0.062321
-0.418815 -0.849031 0.048490
0.031521 -0.879702 0.048490
0.540435 0.800168 -0.062321
-0.663538 -0.610626 -0.057072
0.423884 -0.681320 -0.003419
0.821845 0.005257 -0.015865
-0.545705 0.596580 0.028264
-0.621132 -0.549773 0.048490
-0.915601 -0.224358 0.048490
0.775054 -0.353291 0.048490
0.809910 -0.567689 -0.060860
0.434145 -0.890837 -0.031344
0.742920 0.611160 -0.062321
-0.490449 -0.866739 -0.059582
-0.992326 -0.108531 0.021973
0.807835 -0.193738 -0.021016
-0.101476 0.954224 -0.062321
-0.757936 0.284718 0.022620
0.830533 0.077516 0.048490
-0.196357 0.974834 -0.023429
0.831789 0.277299 0.048490
-0.261920 -0.762905 0.028778
-0.312011 0.943590 0.048490
-0.828250 0.278016 0.048490
-0.933306 0.353432 -0.005119
-0.389064 -0.915952 0.002078
-0.296118 0.838083 0.048490
0.159565 -0.906017 -0.062321
-0.615473 0.681952 0.048490
-0.996898 -0.055678 -0.018728
-0.692828 -0.633618 -0.062321
-0.213356 -0.802837 0.048490
0.749274 -0.503857 -0.062051
0.846420 -0.115017 -0.034819
0.359028 -0.723438 -0.006070
0.594094 0.717236 -0.062321
0.041447 -0.803468 -0.000666
0.496473 0.629658 0.024328
0.457319 -0.772334 0.048490
0.791913 0.114464 0.009062
0.608136 0.781201 -0.038256
0.972428 0.003292 0.048490
0.118700 0.985819 -0.044815
0.734368 0.599191 0.048490
-0.496327 0.671733 -0.018986
0.262178 -0.759139 0.023086
-0.826082 0.558700 0.018280
0.084224 0.810466 0.048490
-0.378017 0.920688 0.005539
0.216991 -0.800749 -0.018230
-0.735785 -0.426005 -0.026725
0.197156 0.811716 -0.021494
-0.561935 -0.698873 -0.054405
0.493090 -0.792394 -0.062321
-0.397597 0.868971 -0.062321
0.387965 -0.871595 0.048490
0.679489 -0.637195 0.048490
0.758123 0.382487 -0.031584
-0.739480 -0.343720 -0.006684
-0.008311 -0.962508 -0.062321
-0.885275 -0.157553 0.048490
-0.887007 0.225979 -0.062321
0.784165 -0.562701 0.048490
-0.614415 0.784158 -0.023838
-0.073239 0.807936 0.048490
0.696282 -0.394750 0.009219
-0.074463 -0.952569 -0.062321
-0.354450 0.767488 -0.025317
-0.779129 -0.463702 -0.059495
-0.129319 0.982700 0.048490
-0.723317 0.686178 -0.014228
0.259718 0.759991 0.025816
-0.652708 -0.507604 0.048490
-0.454706 -0.730833 0.048490
-0.735298 -0.673442 0.007745
0.831184 0.214256 0.048490
-0.588539 -0.554642 0.014912
0.433458 -0.862581 0.048490
-0.275829 -0.917787 -0.062321
0.163072 -0.978884 -0.019275
0.387038 0.808625 -0.057245
0.718882 -0.425069 0.048490
-0.434517 -0.714243 -0.019714
0.021321 -0.992794 0.028899
0.833769 -0.034414 -0.023483
-0.135216 0.804921 0.048490
0.019831 -0.827280 0.048490
-0.094986 0.924617 0.048490
0.507831 0.850448 -0.051521
-0.011277 -0.918413 -0.062321
0.362960 0.715722 0.026621
0.841839 -0.269231 -0.051633
0.078853 0.912445 0.048490
-0.774878 0.289059 -0.013236
0.904538 -0.304960 0.048490
0.860727 -0.487023 0.033099
0.378254 0.869587 0.048490
0.874680 -0.180088 0.048490
-0.783368 -0.204759 0.005251
0.799608 0.016262 0.029556
-0.932828 0.135254 0.048490
0.639850 0.625755 -0.057332
0.260065 -0.872162 0.048490
-0.236356 0.857149 0.048490
-0.597591 0.545413 -0.003558
0.389835 0.911207 0.041107
-0.380174 0.833327 0.048490
0.692739 0.631185 0.048490
-0.827079 -0.485005 0.048490
-0.781167 -0.430091 -0.050832
-0.997275 -0.043667 0.012501
-0.537437 0.812858 0.048490
0.243469 -0.869744 -0.060769
0.983620 0.093830 0.041299
0.073476 0.990094 0.021363
0.314008 -0.848321 0.048490
-0.992218 0.109629 -0.021554
-0.367063 0.771712 0.048490
-0.031707 -0.917447 0.048490
0.987076 0.047031 0.016241
-0.816453 -0.572911 -0.044099
-0.832536 -0.039834 0.048490
0.734753 -0.535611 -0.062321
0.577126 0.767465 -0.062321
-0.925207 -0.257404 -0.062321
0.798489 -0.584439 0.025947
0.976510 -0.151134 0.014045
0.816797 -0.073273 0.048490
-0.346850 0.856343 -0.062321
-0.724749 0.497926 0.048490
0.947143 -0.282213 -0.036147
0.943973 -0.152293 0.048490
0.583614 0.653653 -0.046493
0.530980 0.631700 -0.016801
-0.593762 0.548797 0.034105
0.177950 0.976484 0.039193
0.202879 0.967740 -0.062321
-0.458225 -0.733361 -0.036422
0.660683 0.577940 -0.047439
0.624803 -0.601246 0.048490
-0.764931 0.639786 -0.058705
0.591559 -0.614283 -0.032972
-0.932585 -0.355478 -0.014928
-0.958996 0.276110 -0.026136
0.034992 -0.830615 -0.018676
0.547030 -0.728704 -0.062321
-0.068528 0.877184 -0.046211
0.645318 -0.474695 0.046539
0.641500 0.526729 0.048490
0.637082 -0.735764 0.048490
-0.811173 -0.332133 0.048490
0.559372 -0.774459 0.048490
-0.554007 0.691833 -0.048390
0.930138 0.244479 -0.062321
0.741809 -0.647133 0.048490
-0.679595 0.571308 -0.048801
0.986298 0.065498 -0.033090
0.008356 0.993158 0.009485
-0.552780 -0.737785 0.048490
-0.621087 -0.566155 -0.021730
-0.622589 -0.718278 -0.062321
0.598535 -0.645156 -0.048668
0.104517 0.880448 0.048490
-0.863624 0.499145 -0.059576
-0.195566 -0.975054 -0.027190
-0.441292 0.763672 -0.046183
0.120015 0.985661 -0.009667
0.445217 -0.667589 0.018602
0.907181 -0.351697 -0.062321
-0.870614 -0.228676 -0.055262
0.543911 0.588567 0.021608
-0.766344 0.347210 0.048490
0.072407 -0.964640 0.048490
-0.721596 -0.639893 0.048490
-0.894173 0.435093 0.048490
0.940676 -0.304477 0.014307
0.735609 -0.397909 0.048490
0.649499 0.746871 -0.008383
0.931546 0.168449 -0.062321
-0.834324 -0.109027 0.048490
0.314493 -0.738643 0.000373
0.607857 -0.727209 -0.062321
-0.743851 0.663696 -0.031937
-0.816859 -0.041452 -0.007922
0.919561 0.125436 -0.062321
-0.919202 -0.090804 -0.062321
-0.891124 -0.034216 0.048490
0.969585 -0.094194 0.048490
-0.697581 -0.459834 0.048490
-0.966386 0.110028 -0.062321
-0.824979 -0.513063 -0.062321
-0.724360 -0.360943 0.016395
0.909860 0.060391 0.048490
-0.296707 -0.777819 -0.018040
-0.965205 -0.047493 -0.062321
-0.900651 -0.429812 -0.025985
-0.751441 -0.594530 -0.062321
0.537518 0.682199 0.048490
0.897557 -0.414835 -0.021641
0.889154 0.285601 0.048490
0.284542 -0.790967 0.048490
-0.522171 0.691672 -0.037303
-0.917696 0.391575 -0.034403
-0.742149 -0.572499 0.048490
-0.190478 -0.841233 0.048490
-0.397972 -0.779293 -0.042510
0.262854 0.881561 0.048490
-0.565280 0.682305 0.048490
-0.323021 -0.869253 -0.062321
-0.268447 -0.957670 0.021690
-0.695472 -0.413635 0.032711
-0.075884 0.990820 0.019626
-0.418540 -0.733969 0.048490
-0.427991 0.684617 -0.003097
-0.931460 -0.343882 0.048490
0.215151 -0.968420 0.014522
-0.247127 0.963485 0.043382
-0.226872 0.965923 -0.062321
-0.367055 0.884904 -0.062321
-0.867913 -0.212934 0.048490
-0.417324 0.731570 0.048490
0.956443 -0.112778 -0.062321
0.361544 0.748803 0.048490
-0.918902 0.337277 0.048490
0.305557 -0.784564 -0.025793
0.822955 0.397456 0.048490
-0.096829 -0.880761 -0.049740
0.528834 0.837896 -0.031861
-0.876890 0.410199 -0.062321
0.982404 0.106690 0.011185
0.885861 -0.007264 -0.052875
-0.858612 0.420597 0.048490
-0.212396 -0.881042 -0.061160
-0.761913 0.351061 -0.020100
-0.982189 -0.121245 0.048490
0.551523 -0.792142 -0.062321
0.187619 -0.810326 0.048490
-0.397643 0.801934 -0.053907
0.352614 0.817685 0.048490
-0.562570 -0.730426 -0.062321
0.821770 0.550194 0.021925
0.595946 -0.790700 0.010579
0.658323 -0.739134 0.026113
-0.870974 -0.486761 0.017296
-0.819152 0.242950 0.048490
0.623079 0.503118 0.026725
0.675367 -0.690941 0.048490
-0.057954 -0.991960 -0.033732
-0.562206 0.646322 -0.031222
0.838892 -0.094921 0.048490
0.568039 0.811253 0.019451
0.974160 0.165930 0.008537
-0.747617 -0.428460 0.048490
0.803645 0.441343 0.048490
0.162202 0.878604 0.048490
0.920747 0.267242 0.048490
-0.738485 0.636011 0.048490
0.764446 0.344873 -0.025369
-0.110829 -0.965531 0.048490
-0.162120 -0.789346 0.019091
-0.639280 0.733850 -0.062321
-0.370904 -0.920650 -0.062321
-0.874841 -0.480221 -0.058651
-0.916618 0.238279 0.048490
-0.339877 -0.739247 0.048490
0.276204 0.910689 0.048490
0.086529 -0.873524 0.048490
-0.898324 -0.124465 0.048490
0.517363 -0.612172 0.014537
-0.039109 -0.954623 0.048490
0.962862 0.222372 -0.035463
-0.030783 0.992770 -0.004972
0.831349 0.536098 -0.040280
-0.751305 0.550442 0.048490
0.879648 -0.114335 0.048490
-0.515676 -0.767456 -0.062321
0.838226 0.201876 -0.039273
0.745463 -0.650464 -0.026839
-0.397873 0.798409 0.048490
-0.221407 0.775101 -0.001339
-0.700350 0.496354 -0.031725
0.280266 -0.951305 -0.013970
0.158819 -0.845575 -0.035846
0.138932 0.930996 -0.062321
0.960532 0.229980 0.048490
-0.490904 -0.669899 -0.016288
0.918797 -0.365747 0.021332
-0.150751 0.912142 -0.062321
-0.797998 0.299163 0.048490
-0.310454 -0.945467 -0.003230
-0.590915 -0.765272 0.048490
-0.994934 -0.080946 0.041135
0.959529 0.076401 0.048490
-0.571532 0.610557 0.048490
0.485163 0.863854 0.002305
-0.464953 -0.660584 0.036000
0.609718 0.570607 0.048490
-0.205371 0.936013 -0.062321
0.394632 0.718838 0.048490
-0.033175 -0.875350 0.048490
-0.040798 -0.815292 0.048490
-0.335970 0.733531 0.019572
-0.679027 -0.592815 0.048490
-0.786792 -0.540189 -0.062321
-0.004824 0.886536 -0.050185
-0.069400 0.991433 -0.037279
-0.312542 -0.927774 -0.062321
-0.994886 0.081416 0.047232
-0.005763 0.974470 -0.062321
0.863250 0.050998 -0.040923
0.308196 0.770490 -0.018783
0.481010 0.780925 -0.062321
0.205569 0.917786 -0.062321
0.634566 -0.509713 -0.010782
0.315586 0.748177 0.048490
0.106259 -0.987038 -0.037850
-0.808024 -0.058888 0.015303
-0.832002 -0.078992 0.048490
0.022005 -0.968854 0.048490
0.428036 0.839771 -0.062321
-0.321372 -0.845624 0.048490
-0.119101 0.888701 -0.055741
0.053983 0.991724 -0.035868
-0.501638 0.675587 0.048490
-0.090242 -0.827573 -0.018769
0.400689 -0.906554 0.025145
0.308973 -0.903842 0.048490
-0.032141 0.928421 0.048490
0.373709 0.889753 -0.062321
-0.720634 -0.451956 -0.027351
0.300857 0.899262 -0.062321
0.907723 0.303165 -0.062321
-0.900640 0.368459 -0.062321
-0.820153 -0.252211 -0.031386
-0.904016 -0.131316 -0.062321
0.868574 0.263805 0.048490
0.350304 -0.793738 0.048490
0.342094 0.930512 0.024292
-0.231160 -0.967097 -0.059020
0.961827 -0.199325 -0.062321
0.167477 -0.786061 -0.001620
-0.532959 -0.815373 -0.062321
0.766584 -0.295977 -0.015687
-0.377232 -0.858210 -0.062321
-0.428502 -0.784304 0.048490
-0.805951 0.078564 0.018026
0.676362 -0.451337 -0.010419
0.939529 0.304524 -0.062321
0.075834 -0.829571 0.048490
-0.845279 -0.450586 -0.062321
-0.483055 -0.815882 0.048490
-0.704540 0.704955 -0.027724
-0.636551 0.542416 0.048490
-0.564013 0.716166 -0.062321
-0.036469 -0.992635 0.047542
0.988192 0.011521 -0.039601
0.471738 -0.691085 -0.023099
0.047403 0.968962 0.048490
0.449110 0.766842 0.048490
0.846228 -0.343935 -0.062321
-0.609671 -0.578450 0.048490
-0.486627 0.859798 0.048490
0.397645 -0.907871 -0.041589
-0.720813 0.426641 0.048490
-0.590777 -0.776516 -0.062321
0.390254 0.911026 -0.026333
-0.785812 -0.242960 -0.010670
-0.911137 0.406731 0.015960
-0.408652 0.907431 0.017050
0.511216 -0.723223 0.048490
0.216918 0.967981 -0.016640
0.449931 -0.882794 -0.055856
-0.764487 -0.489408 -0.060154
-0.171978 0.844097 0.048490
0.920499 -0.115693 -0.062321
0.603148 0.527164 0.018797
-0.239500 0.811340 -0.026159
-0.790143 0.475705 0.048490
0.210175 -0.969532 -0.014588
-0.140413 -0.874638 -0.049444
0.425627 0.895134 -0.053237
-0.618928 0.625722 -0.044560
-0.415956 -0.827849 -0.062321
-0.727588 -0.563066 -0.062321
-0.820931 0.147613 -0.017172
-0.304813 0.893169 -0.062321
-0.854217 0.326082 -0.062321
0.733275 -0.664289 0.021487
0.360424 0.821206 -0.057523
0.123549 -0.930150 0.048490
-0.997176 0.046783 -0.028981
-0.944436 -0.183426 0.048490
0.002481 0.859847 -0.034935
0.867000 -0.280983 -0.062321
0.216228 -0.816974 0.048490
-0.858290 -0.065042 -0.032586
0.786706 0.516677 0.048490
0.419292 -0.765739 0.048490
0.691939 0.402231 0.003657
0.478104 -0.858956 0.048490
-0.980132 -0.190299 0.034612
-0.809958 0.521217 0.048490
-0.084443 -0.990054 -0.016855
0.673328 -0.701936 -0.062321
-0.356080 -0.809724 -0.048009
0.957608 -0.154140 -0.062321
0.804063 -0.439393 0.048490
0.654289 0.461571 0.045448
0.244163 0.948117 -0.062321
-0.875029 0.292029 0.048490
-0.303027 0.807815 -0.035492
-0.018367 0.804711 0.026415
0.411668 0.825319 0.048490
0.253589 -0.959055 -0.027955
0.751991 -0.353823 -0.020871
0.060480 -0.991366 -0.037347
-0.688570 -0.447447 -0.010177
-0.300411 -0.823324 -0.043383
-0.141998 -0.983820 -0.024370
0.068262 -0.876732 -0.046352
-0.361875 -0.782620 -0.035039
0.720117 0.489592 -0.043658
-0.924020 0.040383 0.048490
0.956036 0.106594 0.048490
0.648301 -0.703006 0.048490
-0.795829 -0.149537 0.032662
0.796560 -0.071941 0.027656
-0.255419 0.961412 -0.059199
0.166591 -0.788330 0.048490
0.727714 -0.333374 0.034092
-0.820736 0.518727 -0.062321
0.358576 -0.766578 -0.028253
0.018530 0.937437 0.048490
-0.495299 0.863779 -0.062321
-0.863855 0.114083 -0.038890
0.049134 0.962087 -0.062321
0.507897 -0.690521 -0.035319
0.249512 0.939976 0.048490
0.323973 0.823854 -0.050663
0.169919 0.870764 -0.051276
-0.798830 -0.478594 0.048490
-0.373928 -0.922501 -0.021724
-0.861696 0.090016 0.048490
-0.229785 0.828982 0.048490
0.855988 -0.158035 0.048490
0.974777 -0.162073 -0.020098
0.905117 -0.020542 0.048490
-0.947204 -0.278908 0.048490
-0.972631 -0.223857 0.025903
-0.199915 -0.781307 0.034711
-0.135529 -0.903767 -0.062321
0.878961 0.452531 -0.034994
-0.257159 0.808288 0.048490
-0.268566 -0.782904 0.048490
0.742524 -0.582204 -0.062321
-0.292813 0.802280 0.048490
0.607964 0.579737 -0.025798
-0.659480 -0.645020 0.048490
0.775251 -0.418066 0.048490
0.936758 -0.032739 0.048490
-0.443924 -0.759397 -0.044715
0.822521 0.368722 -0.061671
-0.853448 -0.448842 0.048490
-0.144067 0.832290 0.048490
0.307319 -0.943075 -0.026503
0.566356 0.768086 0.048490
0.735266 0.423214 -0.030722
-0.000791 -0.837848 -0.022147
-0.719369 -0.660656 -0.062321
0.325082 0.921655 0.048490
-0.240551 -0.769655 0.007370
0.346319 -0.893147 0.048490
-0.957774 0.210975 -0.062321
0.746646 0.314098 0.048490
0.822616 -0.205912 0.048490
-0.916276 -0.394902 0.048279
-0.370392 0.923958 -0.034652
-0.574562 0.813678 0.024807
-0.973260 0.010892 0.048490
-0.507548 -0.698034 -0.035093
-0.977052 -0.204076 -0.016583
0.871986 -0.246681 0.048490
-0.679031 -0.729775 -0.024048
-0.354534 0.929667 -0.058784
0.777037 0.189626 0.024555
-0.329156 0.822977 0.048490
0.589382 -0.760402 0.048490
0.636866 0.758008 -0.052821
0.406899 0.702676 -0.008702
-0.996844 0.057335 0.018289
0.814113 -0.382995 0.048490
-0.454812 -0.848672 0.048490
-0.968724 -0.047431 0.048490
-0.689620 0.423727 0.030087
0.556981 -0.818811 -0.039345
0.881825 0.281420 -0.062321
0.405270 -0.763034 -0.038862
0.663163 0.572688 0.048490
-0.826074 -0.547780 0.048490
0.713460 -0.685986 -0.024467
-0.330138 0.754613 -0.012904
0.774810 0.381107 0.048490
-0.742365 -0.538712 -0.062321
0.490532 -0.860722 0.001571
0.601033 -0.529556 0.020263
0.677615 -0.570649 -0.052193
0.636503 0.617884 0.048490
-0.563020 -0.789354 0.048490
0.564805 0.813450 0.048280
-0.726151 -0.631234 -0.062321
0.646225 0.655459 -0.062321
0.250087 -0.818757 -0.033897
-0.774124 0.378599 -0.033582
-0.922708 0.265327 -0.062321
-0.701334 -0.708204 0.015467
-0.600110 -0.708390 0.048490
0.770256 0.620793 -0.054100
-0.036863 -0.816219 -0.010032
-0.770086 0.249599 0.037136
0.765618 -0.626816 -0.010054
0.822745 -0.288551 0.048490
-0.813788 0.017294 0.048490
0.603746 -0.784649 -0.047914
-0.869810 0.058577 -0.039075
-0.780878 0.620111 0.015204
0.267998 0.828206 0.048490
0.090866 0.813446 -0.011438
-0.198204 0.793149 0.048490
-0.497415 -0.636999 0.021475
-0.822580 0.561436 0.048490
-0.184077 -0.901645 -0.062321
-0.899256 -0.432551 0.005194
-0.520080 0.644118 0.048490
-0.685732 0.688830 -0.062321
-0.623137 0.674781 -0.062321
-0.508986 0.732148 0.048490
-0.246704 -0.915256 0.048490
-0.710840 -0.531979 0.048490
-0.834979 0.110617 0.048490
0.748994 -0.368654 0.048490
0.979626 -0.131464 -0.018645
0.702973 0.669625 0.048490
-0.966466 -0.250443 -0.025170
0.625856 -0.637150 0.048490
0.565588 0.740035 0.048490
0.713764 0.430632 0.048490
-0.438524 -0.893748 0.018212
-0.080972 0.960995 0.048490
-0.101903 -0.988403 -0.056577
0.855827 0.138226 0.048490
0.112989 -0.818036 0.048490
0.879134 -0.407449 -0.062321
0.919017 -0.131815 0.048490
0.664809 0.472691 -0.011788
-0.450173 0.804225 0.048490
0.974666 0.162735 -0.025765
-0.406202 -0.873966 0.048490
-0.453212 -0.701553 0.048490
-0.280930 -0.908151 0.048490
0.129988 0.831538 -0.024902
0.292862 0.947602 0.003473
-0.625672 0.552157 -0.018221
0.805153 -0.263394 -0.030618
-0.991269 0.009982 -0.062321
0.158116 0.788008 0.047561
0.637550 0.562116 -0.031579
0.543940 0.669097 -0.038148
0.518018 -0.713563 -0.049262
-0.745730 0.365920 0.048490
0.220970 -0.946723 -0.062321
-0.834773 0.211388 -0.032901
-0.894465 -0.065001 0.048490
-0.764504 -0.377348 -0.028250
0.951141 0.268412 0.005639
0.777022 -0.226498 0.048490
-0.244377 0.768514 0.039690
0.732252 0.665406 -0.051306
-0.967831 0.245291 0.018117
0.760489 0.248072 0.024906
-0.587575 -0.804878 0.008057
0.377754 -0.747393 0.048490
0.112627 -0.796125 -0.002800
0.896487 0.100653 0.048490
0.491737 0.781356 0.048490
0.823440 -0.236870 0.048490
0.690817 0.684411 -0.062321
-0.509834 -0.855275 0.001530
0.843200 0.011783 0.048490
-0.205342 0.864477 0.048490
-0.265377 -0.958562 -0.036574
0.669230 0.729476 -0.020013
0.987767 0.025057 0.041015
-0.005810 0.804711 0.001778
-0.952391 -0.266910 -0.062321
0.834743 -0.163923 -0.032636
0.833625 -0.072950 -0.024416
0.607158 -0.566102 0.048490
0.826364 -0.100907 -0.022145
-0.519858 -0.618547 0.018062
-0.524210 0.771919 -0.062321
-0.965008 0.140087 0.048490
0.287634 -0.836854 -0.050205
0.707310 0.481387 0.048490
0.119749 -0.974611 -0.062321
0.443092 -0.886278 0.021694
-0.452752 0.669144 0.042648
0.809167 -0.366238 -0.053981
0.811010 -0.052650 -0.010632
-0.711318 0.386146 0.014565
0.438740 0.671593 0.015879
0.250207 0.790664 -0.018264
0.872678 -0.037176 0.048490
-0.680751 -0.565129 -0.047022
-0.532039 -0.842143 0.022558
0.138918 0.837523 0.048490
0.978385 0.139249 0.024771
0.962254 0.211658 -0.062321
-0.554244 -0.663650 -0.035745
-0.992780 -0.103732 -0.005055
-0.658818 0.718429 0.048490
0.517605 0.635242 0.048490
-0.770295 0.601656 0.048490
0.803181 0.311901 -0.038729
-0.769812 -0.300975 -0.013092
-0.800060 -0.481308 -0.062321
0.213413 0.968765 0.029863
0.513597 -0.847081 -0.051029
-0.512936 -0.740720 -0.056969
0.698796 0.604072 -0.062321
0.985877 -0.069996 -0.005379
0.787245 0.438542 -0.061383
-0.125436 -0.795743 0.019355
0.724632 -0.582750 0.048490
-0.371725 0.740128 0.048490
0.302121 0.871141 -0.062321
-0.725137 0.359306 0.027087
0.728359 0.512956 0.048490
0.809974 -0.503121 0.048490
0.413332 0.687470 0.036184
0.183148 -0.782730 0.023129
0.818509 -0.423596 -0.062321
0.130251 0.793605 0.008317
-0.838412 0.092880 -0.022671
-0.649295 -0.755991 -0.020688
-0.804454 -0.096366 -0.003432
0.863213 0.183842 0.048490
0.872035 -0.109555 -0.048846
0.802956 0.129482 -0.010932
-0.366526 -0.885436 0.048490
-0.170270 -0.979343 -0.018142
-0.321526 0.941550 0.022423
0.731233 -0.614877 0.048490
0.626128 0.733319 -0.062321
0.255356 -0.843650 -0.048350
0.650427 -0.505201 0.048490
-0.472737 0.789092 0.048490
0.981649 -0.114727 -0.045949
0.712720 -0.536213 0.048490
0.404020 -0.729578 0.048490
0.827269 0.031553 -0.019659
0.820334 -0.540259 0.048490
0.842145 0.470226 -0.062321
0.427912 0.755384 -0.041065
-0.542859 0.826060 -0.062321
0.963475 -0.005851 -0.062321
-0.819860 0.215933 0.048490
-0.200529 -0.888771 0.048490
0.179196 0.912026 -0.062321
0.017703 -0.992907 -0.028687
-0.434846 -0.758079 0.048490
-0.843710 0.532760 -0.025209
-0.030163 -0.840785 0.048490
0.751510 -0.643605 -0.052208
0.563254 0.814504 -0.061471
0.060092 0.854663 0.048490
0.951064 0.149858 -0.062321
-0.778807 0.407825 0.048490
-0.699449 0.541366 -0.046918
-0.890410 0.446604 -0.062321
0.798811 -0.039134 0.013561
0.773177 0.475296 -0.062321
-0.812784 -0.205265 0.048490
-0.259735 0.825138 -0.037318
-0.895006 0.089894 0.048490
-0.015943 -0.804754 0.006529
0.797944 0.332918 0.048490
-0.630229 0.506884 0.021990
0.358926 -0.924495 0.026360
0.333104 -0.796234 -0.038124
0.755635 0.516226 -0.062321
-0.997816 0.026432 0.026981
-0.126966 -0.986034 0.009815
0.155419 0.955656 -0.062321
-0.770021 -0.413659 0.048490
0.746178 0.448718 0.048490
0.122464 0.961325 0.048490
0.751137 -0.472380 0.048490
-0.933880 0.351840 0.021671
0.463654 0.694476 -0.022255
-0.902378 -0.273650 0.048490
0.615054 0.682705 -0.062321
0.820332 0.029396 0.048490
0.203164 -0.869338 0.048490
-0.288134 -0.753365 0.028740
0.792636 0.407518 -0.055681
0.858039 -0.385370 -0.062321
0.565779 -0.611097 -0.021389
-0.747259 0.517318 0.048490
-0.049053 0.972049 -0.062321
-0.661875 0.744858 0.006202
-0.312315 -0.788950 0.048490
0.584305 0.633148 0.048490
0.847982 -0.305318 0.048490
-0.545548 -0.606245 -0.007279
-0.894556 -0.303929 -0.062321
