0.606969 0.625755 -0.109731
-0.651138 -0.730052 0.088570
-0.741353 0.636165 0.088275
0.680342 -0.721366 -0.106052
0.980702 -0.017160 0.089221
-0.057032 0.982005 0.055544
-0.973326 -0.057902 -0.100325
0.036335 -0.984372 0.084291
-0.570973 -0.260376 0.064095
0.582757 -0.276793 0.061883
-0.284540 0.567858 -0.012209
-0.594998 0.198532 -0.004539
-0.199884 -0.601154 -0.008434
0.254098 -0.588220 0.039647
0.198077 0.607434 0.074217
0.620356 0.233538 0.089221
0.927119 -0.354387 -0.109731
-0.859131 -0.463429 -0.102913
0.914564 0.382039 -0.109731
0.361774 0.919008 -0.078199
-0.376199 -0.905952 -0.104089
0.367649 -0.917695 -0.065968
-0.926804 0.304281 -0.106308
-0.374210 0.903835 -0.109731
0.723390 -0.035705 -0.055641
0.782521 -0.525744 0.089221
-0.513771 -0.527939 -0.071824
-0.747801 -0.032649 0.089221
-0.555074 0.477236 -0.069793
0.805426 0.569278 0.089221
0.448315 0.469541 0.089221
0.090219 0.800003 -0.107391
0.039658 -0.752685 -0.077764
-0.936223 -0.272749 0.077394
0.515432 -0.510807 -0.057618
-0.526760 0.804203 0.089221
0.549416 0.822910 0.088431
-0.085922 0.715680 0.089221
0.473601 -0.731782 0.089221
-0.193667 -0.841327 0.089221
-0.965294 0.116878 0.089221
-0.772427 0.369313 0.089221
-0.773003 -0.219996 -0.109731
0.911825 0.123991 -0.109731
0.179831 0.921211 0.089221
-0.710136 -0.475254 0.089221
0.852854 -0.223457 0.089221
-0.816458 0.519301 -0.109731
0.366739 0.677651 -0.085422
-0.403065 -0.721525 0.089221
-0.106177 -0.976125 -0.109731
-0.627316 0.712957 -0.109731
0.668644 0.394569 -0.086406
0.948910 0.254142 0.089221
-0.149058 0.824168 -0.109731
0.200810 -0.818317 0.089221
-0.782922 0.108155 -0.104630
-0.288675 0.822507 0.089221
0.960089 -0.122849 -0.109731
-0.705197 -0.636935 -0.109731
0.158294 -0.973455 -0.107814
0.721738 -0.453283 -0.109731
0.400321 -0.707683 -0.109439
-0.529524 -0.758782 -0.109731
-0.479770 0.593645 0.089221
-0.375324 -0.512410 0.089221
0.792741 0.114927 0.089221
-0.015128 -0.644298 0.089221
0.733629 -0.239212 -0.083158
-0.214585 -0.781819 -0.109731
0.328419 0.783972 0.089221
0.781222 0.368976 0.089221
-0.427503 0.672660 -0.106319
-0.667122 -0.389211 -0.093461
0.530568 0.820776 -0.109731
0.586428 0.630172 0.089221
0.810478 0.572460 -0.106906
0.685309 -0.704951 0.089221
-0.510016 0.372473 0.089221
-0.734130 0.327607 -0.109731
0.731008 0.213570 -0.077431
0.173880 0.970185 -0.098017
-0.785747 0.175571 0.089221
-0.368830 -0.908949 0.089221
-0.959722 -0.087853 0.089221
-0.751246 -0.227706 0.089221
0.532102 -0.835014 -0.077901
-0.367784 -0.650227 -0.076614
0.242282 -0.794964 -0.109731
0.911913 -0.393428 0.089221
0.412762 -0.509965 0.089221
-0.230445 0.954540 -0.020126
0.035973 0.648586 -0.017977
0.601675 -0.469347 0.089221
-0.008304 0.944769 -0.109731
-0.620123 -0.098431 -0.010717
-0.927413 -0.303074 -0.102794
-0.641177 0.486465 0.089221
0.080358 0.777617 0.089221
0.637504 -0.104910 0.077621
-0.538652 -0.452778 0.089221
0.616219 0.419354 0.089221
-0.923218 0.285642 0.089221
-0.961525 0.136071 -0.109731
-0.000613 -0.813372 0.089221
-0.876125 -0.430078 0.077975
0.423600 -0.893093 0.089221
0.813497 -0.065212 0.089221
-0.797772 -0.052947 -0.109731
-0.514906 -0.833739 0.057250
0.641293 0.075445 0.049007
0.705723 0.695596 -0.003399
0.792698 -0.596927 -0.094818
0.477866 0.536110 -0.054073
0.753418 -0.349487 0.089221
-0.511000 0.835248 -0.066765
-0.282367 0.735166 -0.099851
0.374840 0.633134 0.089221
-0.253757 -0.948890 -0.010438
-0.755717 -0.619654 0.047634
-0.543011 -0.609038 0.089221
0.195728 -0.967427 0.044028
-0.154500 0.670202 -0.041562
0.240141 0.764181 -0.103979
-0.623927 0.058663 0.081678
0.105056 -0.631282 -0.011156
-0.881069 0.419573 -0.005677
-0.670255 0.567047 -0.109731
0.322076 -0.713104 0.089221
0.979660 -0.168406 0.031287
-0.242307 0.680585 0.089221
0.559378 0.325589 -0.011828
0.612570 -0.368015 -0.050682
-0.394121 0.713019 0.089221
0.887961 0.444027 0.020619
0.860071 -0.013041 -0.109731
-0.425461 0.463676 0.011861
0.987008 0.119982 0.015717
0.325390 0.930517 0.089221
0.381164 -0.580682 -0.040841
-0.107094 -0.978074 0.035344
-0.235962 -0.703218 0.089221
-0.638230 0.299132 0.089221
-0.645079 0.734592 0.046686
0.015219 -0.899465 -0.109731
0.526961 -0.599159 0.089221
0.863144 -0.490946 -0.029842
-0.602255 0.334837 -0.045822
-0.102885 -0.710033 -0.057767
0.994197 0.008761 -0.069662
0.653464 -0.583991 -0.109731
-0.139689 0.844105 0.089221
0.068464 0.982561 -0.001685
-0.958428 -0.180276 -0.038845
0.338839 0.544378 -0.009553
-0.404127 0.893065 0.065841
-0.540996 -0.390709 -0.032397
-0.693443 0.010585 -0.048911
-0.647023 -0.228687 -0.044301
-0.826148 0.499730 0.089221
0.548936 -0.691655 -0.109731
0.954880 0.251321 -0.109731
0.097135 -0.721233 0.089221
0.168727 0.669037 -0.040252
-0.036479 0.758572 -0.081995
0.717101 -0.211056 0.089221
0.588082 -0.797434 0.086891
-0.856665 0.042638 0.089221
0.785108 0.094852 -0.093933
0.459452 0.875159 -0.003231
-0.660792 -0.354611 0.089221
-0.356563 -0.775721 -0.109731
-0.648330 -0.520215 -0.109731
0.794272 0.430044 -0.109731
0.261005 -0.677597 -0.059832
0.493186 -0.414515 0.024948
-0.137064 0.972951 -0.106268
0.824130 -0.136217 -0.109731
-0.974763 0.011383 0.006715
-0.822356 0.227775 -0.109731
0.485024 0.705054 0.089221
-0.112816 -0.729996 0.089221
-0.527405 0.595898 -0.106211
-0.766047 0.605535 -0.031257
0.038317 0.896154 0.089221
-0.790370 -0.344131 -0.109731
-0.655946 -0.725813 -0.037035
0.950835 -0.289065 0.022767
0.796764 -0.354567 -0.109731
-0.087835 -0.831022 -0.109731
-0.351475 0.545934 0.089221
-0.619271 0.618150 0.089221
0.663333 0.516283 -0.109731
-0.820622 -0.529860 -0.006776
0.643985 0.752617 -0.093239
0.676572 0.546632 0.089221
0.820185 0.252511 0.089221
0.213480 0.741483 0.089221
0.665814 -0.573060 0.089221
-0.669429 0.445341 -0.109731
-0.267908 -0.577845 0.089221
0.646523 0.750380 0.088782
-0.641882 -0.165396 0.089221
0.567500 0.454405 -0.058441
0.354594 0.802098 -0.109731
-0.399883 -0.541543 -0.034817
0.264637 0.950549 -0.014634
0.636283 -0.203767 -0.023180
-0.947461 0.229894 -0.013693
-0.880150 0.033275 -0.109731
0.305228 -0.907408 0.089221
-0.818065 -0.326180 0.089221
-0.510287 -0.641419 -0.109731
0.771563 -0.624173 0.023899
-0.712797 0.199015 -0.075535
-0.852668 -0.137269 0.089221
0.005369 -0.985075 -0.029163
0.905535 0.078016 0.089221
0.959948 -0.239762 -0.109731
-0.168546 0.957363 0.089221
0.404312 -0.630571 0.089221
0.835683 0.252557 -0.109731
-0.221068 -0.898382 -0.109731
-0.393136 0.783412 -0.109731
-0.865380 -0.149958 -0.109731
0.481895 0.715746 -0.109731
0.092665 -0.881842 0.089221
-0.670388 0.169236 0.089221
0.629516 0.190801 -0.017312
0.076233 0.639721 0.089221
-0.762868 -0.526550 -0.109731
0.155281 -0.720789 -0.067345
0.244079 0.880862 -0.109731
0.711189 -0.015233 0.089221
-0.246808 0.882394 -0.109731
-0.467629 -0.861699 -0.041902
-0.305083 -0.815396 0.089221
-0.149993 0.615537 0.087575
0.109726 -0.835069 -0.109731
-0.905366 -0.364345 -0.007638
0.550293 0.524458 0.089221
0.716058 0.649457 -0.109731
0.255311 -0.918616 -0.109731
-0.535419 0.693219 0.089221
-0.288030 0.938131 0.073601
-0.716653 -0.116251 -0.067581
0.214559 -0.684928 0.089221
0.364926 -0.812881 -0.109731
-0.441295 -0.449716 0.011382
-0.263977 -0.688228 -0.070445
-0.408130 0.576879 -0.054344
0.274312 0.628608 -0.036979
-0.125234 -0.622182 0.068736
0.779948 0.612562 -0.010562
-0.641743 -0.057637 0.089221
-0.069185 0.630859 0.010935
0.838475 -0.242460 -0.109731
0.939527 0.322693 0.007951
-0.824033 0.412841 -0.109731
0.517493 0.382992 0.073358
-0.208182 -0.946676 0.089221
0.415083 0.845286 0.089221
0.909863 -0.109683 0.089221
0.639365 -0.757492 -0.015318
0.739240 0.316116 -0.101921
-0.516988 0.727418 -0.109731
-0.505690 0.399487 -0.019546
0.710291 0.646759 0.089221
0.461505 -0.874914 -0.011624
-0.661575 -0.601391 0.089221
0.745717 0.467236 0.089221
-0.100859 -0.888663 0.089221
0.887389 0.361600 0.089221
0.471335 0.437352 -0.006525
0.694450 0.062410 -0.039762
-0.629077 0.093394 -0.015552
-0.533798 -0.711746 0.089221
-0.740855 0.268402 0.089221
-0.692817 0.689150 -0.032180
0.634511 -0.371981 0.089221
0.463289 0.579096 0.089221
-0.328732 0.923937 -0.019508
0.839493 0.529766 -0.010577
0.362108 -0.806639 0.089221
0.484915 -0.603475 -0.086301
-0.056903 -0.633115 -0.009860
0.730313 -0.139063 -0.066617
-0.293672 -0.562656 -0.011764
0.992050 -0.067438 0.002050
0.584255 -0.682655 0.089221
0.705405 0.178811 0.089221
-0.519379 -0.353661 0.087326
0.291055 0.570381 0.082858
0.645489 -0.021551 0.005542
0.609207 -0.496091 -0.091828
-0.591426 -0.779873 0.022017
-0.589032 0.780928 -0.036862
-0.824032 0.523556 -0.007384
-0.894042 0.380773 0.089221
0.442285 0.866648 -0.109731
-0.414748 -0.603559 0.089221
0.595658 0.790800 -0.015496
-0.965851 0.132608 -0.010371
0.418863 -0.487884 -0.006896
0.713087 0.297422 0.089221
-0.552818 0.297131 0.039964
-0.893285 0.183910 0.089221
-0.000321 0.846834 -0.109731
-0.327526 -0.659052 0.089221
-0.476969 0.494639 0.089221
-0.012053 0.812261 0.089221
0.908455 -0.401926 -0.008196
-0.807695 -0.498983 0.089221
-0.755468 0.064230 0.089221
0.830533 -0.446378 -0.109731
-0.434218 0.878156 -0.026854
-0.588211 -0.306529 -0.030727
0.867211 -0.484068 0.066245
-0.609307 -0.632723 -0.109731
-0.329568 0.637601 -0.060255
0.657553 0.300387 -0.055117
-0.178339 0.751320 0.089221
-0.732346 0.515874 0.089221
-0.066253 0.981133 -0.038930
0.330436 -0.556573 0.089221
-0.730945 0.644844 -0.109731
0.256528 0.845338 0.089221
-0.348734 -0.917538 -0.014515
0.292118 0.690070 0.089221
0.167005 0.971274 -0.004450
-0.729188 -0.124243 0.089221
0.729977 -0.109403 0.089221
0.510038 -0.848063 0.082822
0.729540 -0.672316 -0.044054
0.599940 0.327870 0.089221
0.609375 -0.780961 -0.104763
-0.586157 0.222496 0.088238
-0.333133 0.636720 0.089221
0.448157 -0.857687 -0.109731
-0.381008 0.806685 0.089221
0.877495 0.180164 0.089221
0.479222 0.619758 -0.092086
-0.163756 -0.969525 -0.036425
-0.771174 -0.599726 -0.054887
0.088851 -0.981628 0.008888
-0.264058 0.573905 0.087638
0.100796 0.891036 -0.109731
-0.429138 -0.809281 0.089221
0.791150 -0.434664 0.089221
0.696096 -0.322572 -0.080510
0.878051 0.463475 -0.089985
0.101376 -0.630141 0.084380
-0.626808 -0.004495 0.011601
0.690439 -0.448925 0.089221
0.965477 0.235871 -0.000416
-0.590396 -0.527444 0.089221
-0.672252 0.383114 0.089221
0.615548 -0.195761 0.085560
-0.445156 -0.704083 -0.109731
-0.715381 -0.287506 -0.093136
-0.828765 0.298752 0.089221
0.577718 0.541333 -0.095973
-0.594621 -0.447572 -0.077058
-0.449931 -0.805377 -0.109731
-0.844813 -0.226599 0.089221
0.398439 0.728360 0.089221
0.866204 -0.311284 0.089221
0.301374 -0.940678 -0.011549
-0.191819 0.738139 -0.084703
-0.311233 0.818420 -0.109731
-0.552357 0.543054 0.089221
0.083199 0.723784 -0.063160
-0.010642 0.656075 0.089221
0.383640 0.529750 0.089221
0.542849 -0.350063 0.089221
-0.287988 -0.841711 -0.109731
-0.772008 -0.413150 0.089221
-0.485981 -0.522809 0.089221
-0.896505 -0.384821 -0.093128
0.834922 0.026260 0.089221
-0.885603 -0.064827 -0.109731
-0.931354 -0.175011 0.089221
-0.939448 -0.261649 -0.013821
0.035512 0.983080 0.089221
-0.704058 0.097701 -0.059026
0.190084 -0.639192 -0.026085
0.056615 -0.983735 -0.099066
-0.969640 -0.099801 0.004052
-0.071890 0.903667 0.089221
0.991859 0.068662 0.088925
0.836170 0.436024 0.089221
-0.219754 0.888017 0.089221
0.677307 -0.287344 0.089221
-0.672394 -0.261528 0.089221
-0.923713 -0.213191 -0.109731
0.542374 -0.348209 0.002732
-0.973500 0.051596 -0.105121
-0.876883 0.146272 -0.109731
-0.290099 -0.938332 0.067460
-0.641661 0.259395 -0.047898
0.958380 -0.236547 0.089221
-0.913422 0.341451 -0.014128
0.172137 0.821698 -0.109731
-0.956118 0.007323 0.089221
0.553383 -0.821016 0.013535
-0.078842 0.898234 -0.109731
0.469182 -0.756581 -0.109731
-0.758334 -0.422250 -0.109731
0.721326 0.070164 0.089221
0.346221 -0.657513 -0.069331
0.978266 0.176400 0.077226
-0.636418 -0.435285 0.089221
0.139625 0.701862 0.089221
0.793457 -0.164547 0.089221
-0.731759 0.510427 -0.109731
0.091378 0.980587 -0.090267
0.408790 0.495022 0.017596
0.379568 0.912067 0.002738
0.619280 -0.284601 -0.031117
-0.233168 0.644221 -0.040533
-0.596406 -0.195020 0.020095
-0.443043 -0.874461 0.036105
-0.556181 0.460369 0.089221
-0.480091 0.505728 -0.049552
0.571592 -0.594798 -0.109731
-0.785969 0.579851 0.044659
-0.036234 -0.945500 0.089221
0.846809 0.335023 -0.109731
0.009222 -0.731691 0.089221
0.534845 -0.517519 0.089221
0.820437 -0.558608 0.018220
-0.861159 -0.459450 -0.017468
0.119651 0.849509 0.089221
-0.597613 -0.775074 -0.066059
0.379871 0.604306 -0.052367
-0.875310 -0.036607 0.089221
0.364568 -0.918804 0.034804
0.554411 -0.424064 -0.041471
0.697560 0.401745 0.089221
-0.908479 -0.355983 0.074191
-0.456342 -0.433593 0.089221
0.559200 0.739330 -0.109731
-0.536014 -0.819668 -0.032632
0.019349 -0.656923 -0.021951
0.115587 -0.969839 0.089221
-0.447876 0.870996 -0.109731
-0.857792 -0.263065 -0.109731
0.296022 -0.607868 -0.030519
0.564847 0.714724 0.089221
0.765247 0.505017 -0.109731
0.978506 0.174889 -0.050642
-0.589696 0.378258 0.089221
-0.176028 0.608195 0.012596
0.626178 0.157267 0.066808
-0.740670 -0.307357 0.089221
0.988585 0.103296 -0.104963
-0.897215 0.382378 -0.102511
-0.471799 0.858431 0.042867
0.528029 0.836622 -0.012923
0.839594 -0.530419 -0.094397
-0.838169 0.305166 -0.109731
0.464950 -0.450772 0.089221
0.127284 0.977193 0.071412
0.444538 -0.804906 0.089221
0.302700 -0.630201 0.089221
-0.368524 0.512962 -0.010911
0.767849 -0.271055 0.089221
0.286411 -0.785548 0.089221
-0.286176 -0.939471 -0.094134
0.180937 -0.893407 -0.109731
0.723111 -0.626637 0.089221
0.195956 -0.967376 -0.034191
-0.121294 -0.807719 0.089221
0.110478 -0.805813 0.089221
0.971829 -0.208255 -0.035407
0.156488 0.749765 -0.084204
-0.305654 0.746727 0.089221
-0.114699 0.758494 -0.086752
0.648717 -0.127339 -0.019080
-0.705915 -0.676854 0.032938
0.695492 0.151544 -0.048632
0.175025 -0.614737 0.068269
-0.612154 -0.713415 -0.109731
-0.790118 -0.129472 -0.109731
0.285836 0.944390 -0.100098
0.617017 -0.656692 -0.109731
-0.600294 0.618556 -0.109731
-0.059707 0.695127 -0.046429
0.791541 0.177159 -0.105788
-0.906698 0.216217 -0.109731
-0.407538 0.621673 0.089221
-0.166607 -0.845511 -0.109731
0.019643 -0.823718 -0.109731
-0.463486 -0.584357 -0.076877
0.272877 0.701985 -0.075907
-0.163896 0.898344 -0.109731
-0.505422 -0.456851 -0.040355
0.197418 0.607620 -0.007482
0.940720 -0.025714 -0.109731
0.724534 -0.624536 -0.109731
0.417261 0.760908 -0.109731
-0.610014 0.145023 0.045734
0.305364 -0.858108 -0.109731
0.708341 0.456498 -0.109731
0.167338 -0.746848 0.089221
0.358278 -0.532568 0.024244
-0.017949 -0.984342 -0.101356
0.906119 -0.015930 0.089221
0.050223 0.709303 0.089221
-0.966160 -0.131456 -0.107514
-0.612129 -0.656717 0.089221
0.850425 0.510299 0.089221
0.543708 0.664321 -0.109731
-0.224808 0.799471 -0.109731
0.478880 0.800730 0.089221
-0.090434 -0.979649 -0.037575
-0.526749 0.825163 0.004549
-0.608199 0.423048 -0.075321
0.913723 0.388951 -0.020961
-0.346871 0.699901 -0.096541
-0.590671 0.759725 0.089221
0.864797 0.180482 -0.109731
-0.194877 -0.720251 -0.074983
-0.668995 0.321514 -0.076479
0.785965 -0.022658 -0.091440
-0.274397 0.942092 -0.077814
-0.129019 -0.621429 -0.008311
0.251661 0.954123 0.057001
-0.561009 0.785500 -0.109731
-0.464908 -0.656269 0.089221
-0.678454 0.564422 0.089221
0.685432 -0.516074 -0.109731
-0.807767 0.037716 -0.109731
-0.689646 0.029190 0.089221
0.590090 0.260083 -0.010136
0.532917 0.451882 0.089221
-0.191382 -0.964073 -0.104521
-0.016237 0.737564 0.089221
0.981131 -0.125413 0.089221
-0.608151 0.530311 -0.109731
0.011761 0.984343 -0.046212
0.594701 -0.561173 0.089221
0.758376 -0.515346 -0.109731
0.165385 -0.880979 0.089221
-0.717838 -0.187657 -0.076575
-0.460629 0.427999 0.067541
-0.956617 0.188933 0.055441
0.634908 0.117158 -0.009208
-0.284054 -0.763318 -0.109731
-0.712411 0.446850 0.089221
0.937567 -0.318454 0.089221
-0.184336 -0.752935 0.089221
-0.736332 0.419826 -0.109731
0.174569 0.801381 0.089221
0.458729 -0.666700 -0.106816
-0.552056 -0.576531 -0.107472
0.986822 -0.122746 -0.043634
0.469135 -0.557482 0.089221
0.739292 0.571396 -0.109731
0.534259 -0.434571 0.089221
-0.055898 -0.757707 -0.081582
-0.587844 -0.372379 0.089221
-0.075066 0.827388 -0.109731
-0.548287 0.613876 0.089221
0.896488 -0.153993 -0.109731
-0.407794 0.480008 0.086395
0.951644 -0.286279 -0.047830
-0.445524 0.761443 0.089221
0.173417 -0.780918 -0.103214
-0.295097 -0.741710 0.089221
0.244392 -0.943777 0.089221
-0.647253 0.159098 -0.033188
-0.337858 0.889111 0.089221
0.099678 -0.929181 -0.109731
0.403799 -0.700860 0.089221
-0.260914 -0.878247 0.089221
0.704803 -0.697318 0.016669
-0.661305 -0.531218 0.089221
-0.170044 -0.679240 0.089221
0.608183 0.382069 -0.053158
-0.529794 -0.338073 0.012474
-0.679655 -0.057762 -0.042119
-0.154094 0.970254 -0.038371
0.332274 -0.719864 -0.097982
-0.862709 0.455607 -0.062803
0.079621 -0.688584 -0.042255
-0.151537 0.685371 0.089221
-0.714608 0.666501 0.029929
-0.704038 -0.563723 -0.109731
0.680216 -0.389586 -0.090396
-0.839522 0.230013 0.089221
-0.075097 0.630160 0.088181
-0.738300 -0.041396 -0.075565
-0.642538 0.736832 -0.034390
0.943431 0.311849 -0.060390
-0.192081 -0.604032 0.069515
-0.654372 -0.325435 -0.069815
-0.706729 -0.483356 -0.109731
0.788963 -0.594345 0.089221
0.864689 -0.305826 -0.109731
-0.856797 0.467209 0.037108
-0.349865 -0.588398 -0.040892
-0.038701 -0.690300 -0.042216
0.101417 0.663019 -0.029625
0.783745 -0.198367 -0.104197
0.646215 0.002269 0.079500
0.925863 -0.175696 0.089221
0.649417 -0.748630 0.051610
0.674222 0.478790 0.089221
0.674299 0.596057 -0.109731
0.647638 0.749397 -0.002705
-0.755321 0.263379 -0.109731
-0.616715 -0.112136 0.055999
-0.430636 0.543888 0.089221
-0.791947 -0.166783 0.089221
-0.192195 -0.661384 -0.042058
0.314708 0.856501 -0.109731
0.842779 0.063836 -0.109731
-0.540010 -0.780044 0.089221
0.542728 0.399806 -0.027770
0.740061 0.390093 -0.109731
0.991466 0.072813 -0.032047
-0.367431 -0.839921 0.089221
0.035893 -0.636015 0.046681
0.342319 0.735304 -0.109028
0.746516 0.026369 -0.068778
-0.377621 -0.839350 -0.109731
-0.804360 0.109727 0.089221
0.519712 -0.665396 0.089221
-0.650236 0.677138 0.089221
0.866445 -0.390347 -0.109731
0.766532 0.213222 0.089221
0.230352 0.665582 0.089221
0.122852 0.625704 0.044092
-0.056847 -0.765484 0.089221
-0.829713 -0.514752 -0.070581
-0.759370 -0.544104 0.089221
0.457040 -0.540045 -0.047488
-0.727559 -0.652613 -0.049564
-0.205799 0.823436 0.089221
-0.780953 0.586318 -0.092676
0.111029 -0.765020 -0.088272
0.825471 -0.378386 0.089221
-0.381749 -0.501886 0.024546
0.943873 0.181419 -0.109731
-0.503281 -0.840615 -0.092944
0.021578 0.785566 -0.096701
0.529831 0.586798 0.089221
-0.452663 0.683455 0.089221
-0.826548 -0.398794 -0.109731
0.478441 0.865483 0.079093
0.762900 0.633675 0.052401
-0.955947 0.191931 -0.073984
0.894112 0.282144 -0.109731
-0.542950 0.659387 -0.109731
0.845578 0.517283 -0.109731
0.626483 0.688093 0.089221
-0.864933 -0.328049 -0.109731
0.740865 0.535134 0.089221
-0.749619 0.027590 -0.081773
-0.703806 0.325962 0.089221
-0.951759 -0.211466 0.026039
0.018696 -0.910268 0.089221
0.583624 0.274110 0.053706
-0.462159 0.619143 -0.092606
-0.645879 -0.164496 -0.032986
0.702356 0.698963 -0.069713
0.994383 -0.003642 0.014822
-0.806109 -0.061579 0.089221
0.654860 -0.449161 -0.096506
0.514227 -0.783585 0.089221
-0.486334 -0.398771 0.043435
-0.199876 0.961373 -0.096904
0.897158 0.292679 0.089221
0.692739 -0.196575 -0.053251
-0.975026 0.003027 -0.057020
-0.874157 -0.284461 0.089221
0.664329 -0.507471 0.089221
0.351589 0.853324 0.089221
-0.466799 -0.726946 0.089221
-0.484392 0.782430 -0.109731
-0.936638 -0.000424 -0.109731
0.634697 -0.643492 0.089221
-0.348469 -0.712729 -0.103116
0.762165 -0.080758 -0.079850
0.284353 0.573470 0.005934
-0.068232 0.782353 0.089221
0.532564 -0.761774 -0.109731
0.206431 0.711277 -0.069123
-0.685435 -0.697333 -0.109541
0.303865 -0.775435 -0.109731
-0.069500 0.961644 -0.109731
-0.848583 -0.482845 0.043571
-0.218945 0.621736 0.089221
-0.148393 -0.967333 0.089221
-0.925576 -0.308494 0.026152
0.932318 -0.343518 -0.003206
0.587006 0.797364 -0.077628
0.602338 0.688609 -0.109731
-0.043399 -0.862801 0.089221
0.917533 0.061279 -0.109731
0.769268 0.626330 -0.085496
-0.574586 -0.252539 0.001940
-0.353789 -0.571313 0.089221
-0.762209 0.168361 -0.099022
-0.727802 -0.347821 -0.109731
-0.114772 0.976482 0.031882
-0.028613 -0.984007 0.023450
0.614142 0.483136 -0.089831
-0.844511 0.092814 -0.109731
0.419965 0.894585 0.047059
0.797316 -0.590972 -0.032843
-0.670458 0.667871 -0.109731
-0.826416 0.400435 0.089221
-0.073452 -0.681688 0.089221
0.599307 0.479192 0.089221
-0.313189 0.891896 -0.109731
-0.707282 -0.650579 0.089221
0.405426 -0.641275 -0.077916
-0.706879 -0.182070 0.089221
0.238441 -0.621964 0.089221
-0.907836 0.077589 0.089221
-0.798658 -0.475024 -0.109731
0.816233 -0.074786 -0.109731
0.229005 0.959187 -0.064525
0.549598 0.602599 -0.109731
0.469854 -0.622674 0.089221
0.773523 -0.277975 -0.109731
0.811785 0.570537 0.027926
-0.046281 -0.899916 -0.109731
-0.357280 -0.762539 0.089221
0.736200 -0.364510 -0.109731
0.034735 0.901051 -0.109731
-0.972982 0.063639 -0.025330
0.015303 0.698766 -0.046494
0.600160 0.787307 0.045391
0.423952 -0.893662 -0.056049
-0.607784 -0.389372 -0.064413
-0.661807 0.388043 -0.090662
-0.023323 0.940333 0.089221
-0.769573 0.467692 0.089221
-0.233199 0.588062 0.017032
-0.787958 -0.577924 0.010921
0.672542 -0.269528 -0.056117
0.596868 -0.790662 -0.043233
-0.535427 0.328184 -0.009130
-0.387167 0.900404 0.004198
0.728785 -0.497776 0.089221
0.684016 0.117868 0.089221
-0.774251 -0.285785 -0.109731
-0.602790 -0.215593 0.089221
0.900334 -0.093717 -0.109731
0.519823 0.754976 0.089221
0.776299 0.011812 0.089221
-0.544584 -0.691096 -0.109731
-0.583699 0.785065 0.023087
0.481042 0.426851 0.053933
-0.175667 -0.967586 0.022533
0.088605 0.929130 0.089221
-0.310404 -0.646212 -0.059145
0.623624 -0.167126 0.022742
0.278087 0.748396 0.089221
0.306836 -0.563102 0.019837
-0.538869 0.540127 -0.087389
-0.153158 -0.759988 -0.091435
-0.580576 0.284668 -0.021262
0.421013 0.543387 -0.036668
-0.347213 0.584635 -0.038606
-0.431441 -0.865416 -0.109731
-0.189849 0.963614 0.033696
0.630306 0.589561 0.089221
-0.939997 0.258956 0.038523
0.967714 -0.226665 0.026093
0.356879 -0.877476 0.089221
0.503582 -0.453064 -0.029807
-0.243617 -0.584131 0.028344
0.303702 0.939200 0.028932
0.334876 0.546598 0.049878
-0.256489 -0.607839 -0.025682
0.263735 -0.951613 -0.061009
0.271026 -0.842941 0.089221
-0.235578 0.700301 -0.071502
-0.388322 -0.656683 0.089221
0.956465 -0.071461 0.089221
-0.776707 0.368896 -0.109731
-0.253182 -0.786728 0.089221
0.423916 0.676264 -0.100865
0.933328 0.130294 0.089221
0.851308 -0.118226 0.089221
0.742687 0.656602 -0.028183
0.777732 0.234967 -0.106738
-0.007649 0.983864 0.023288
-0.591835 -0.309526 0.089221
0.179570 0.880232 -0.109731
0.289794 0.803093 -0.109731
0.240101 -0.957509 0.006582
0.889946 -0.440933 -0.090976
-0.253813 0.774552 0.089221
-0.469459 -0.860617 0.086769
0.678374 0.242390 0.089221
-0.308515 -0.551325 0.056178
0.874344 0.470752 -0.031942
0.808581 -0.321642 0.089221
-0.446685 -0.637322 -0.095188
-0.748106 0.572209 0.089221
-0.706368 -0.416883 0.089221
0.236935 -0.853122 -0.109731
0.701774 0.699545 0.054734
-0.660789 -0.445517 -0.107581
0.156204 -0.685759 0.089221
0.839934 0.393763 -0.109731
0.901618 -0.212077 -0.109731
0.685414 -0.716706 -0.034788
0.230188 -0.723024 -0.079268
0.845680 0.319894 0.089221
-0.831701 -0.197440 -0.109731
-0.787617 0.009721 0.089221
-0.563277 0.377441 -0.039228
-0.973813 -0.042418 0.055847
-0.676069 0.085569 0.089221
-0.409692 -0.891454 -0.008133
0.475922 0.866767 -0.058066
0.578749 -0.395425 0.089221
0.140371 -0.976294 -0.047369
-0.730055 0.648980 -0.050605
0.674906 -0.058041 -0.028239
-0.569454 -0.523301 -0.093377
-0.593346 -0.711309 0.089221
0.403110 -0.897135 -0.109731
0.426212 -0.804361 -0.109731
-0.334075 0.535008 0.035401
0.168968 -0.943845 0.089221
-0.498178 0.737124 0.089221
-0.379776 0.839356 -0.109731
-0.871295 0.436403 0.089221
-0.902800 -0.095341 0.089221
0.992894 0.050218 0.034616
-0.111405 0.962375 0.089221
-0.227037 -0.644986 0.089221
-0.439987 0.847397 0.089221
0.913959 -0.389207 -0.066199
0.903273 -0.251672 0.089221
-0.577032 0.312861 0.089221
-0.577622 0.245152 0.023397
-0.441669 -0.502736 -0.032896
-0.972113 0.072828 0.053613
0.896629 -0.427816 0.041244
0.131376 0.976806 -0.048618
-0.056718 0.847692 0.089221
0.220556 -0.961878 -0.096800
-0.416141 -0.473093 0.059578
0.477211 0.518524 0.089221
-0.643524 -0.736765 0.017350
0.852774 0.099145 0.089221
-0.422518 0.734771 -0.109731
0.837416 -0.533624 0.076906
0.322019 -0.934123 -0.095442
0.489759 0.482251 -0.035764
0.231035 -0.598334 -0.011078
0.492464 0.778900 -0.109731
-0.735525 0.201681 0.089221
-0.157251 -0.893534 0.089221
-0.616835 0.561602 0.089221
0.602509 -0.231427 0.034402
0.910847 -0.267894 -0.109731
0.896096 0.428059 0.074267
0.682705 0.231121 -0.053864
-0.409764 -0.594375 -0.062573
0.064335 -0.871947 -0.109731
0.425761 0.892077 -0.061194
0.847250 -0.430511 0.089221
-0.217367 -0.958265 -0.054999
0.925462 0.361761 0.047929
0.041896 -0.672193 0.089221
0.637668 -0.247249 0.089221
-0.339834 0.699068 0.089221
0.978029 0.048550 -0.109731
-0.774386 -0.589754 -0.109731
0.944245 0.309588 0.064505
0.481825 -0.864561 -0.062550
-0.850835 -0.021200 -0.109731
0.794720 0.508728 0.089221
0.313967 0.658762 -0.061917
0.683356 -0.003094 -0.031705
0.655446 -0.157096 0.089221
0.137714 0.759707 0.089221
-0.973340 -0.057484 -0.031756
0.224765 0.664116 -0.046316
0.143187 -0.975848 0.028291
-0.385715 0.901033 -0.051266
-0.938345 0.232259 0.089221
-0.494951 0.387039 0.037861
0.066249 -0.983432 -0.041726
-0.770319 -0.357719 0.089221
-0.928333 0.091749 -0.109731
0.041651 -0.849104 0.089221
-0.741162 0.142900 0.089221
0.376243 0.852954 -0.109731
0.356805 0.692009 0.089221
0.694133 0.345545 -0.085734
0.358458 -0.669293 0.089221
-0.753825 -0.622093 -0.007466
-0.461412 0.555690 -0.063547
0.750420 0.594601 0.089221
-0.788773 0.455181 -0.109731
-0.927175 0.303091 -0.051233
-0.673506 0.256956 0.089221
-0.094146 -0.959084 0.089221
0.027703 0.635535 0.055780
0.662915 0.663031 -0.109731
0.644437 -0.048340 0.058491
-0.774602 0.311516 0.089221
0.584184 -0.737338 0.089221
-0.601832 -0.603078 0.089221
0.246114 -0.748768 0.089221
0.077693 0.632143 0.014197
-0.438839 -0.550029 0.089221
-0.969768 0.097641 -0.067716
0.136584 0.932033 -0.109731
0.552302 0.332548 0.063466
0.934697 -0.336910 -0.057612
-0.885975 -0.409155 -0.045823
0.737925 -0.574527 0.089221
0.432499 0.623619 0.089221
0.571546 -0.299292 -0.010324
-0.249818 0.949233 0.036995
0.438621 0.594956 -0.066551
0.672146 -0.637229 -0.109731
-0.961789 -0.159055 0.018651
0.596430 -0.717079 -0.109731
0.144750 -0.622149 0.024540
0.744460 -0.567179 -0.109731
-0.886334 -0.408326 0.016448
-0.915293 -0.109495 -0.109731
-0.418253 -0.876249 0.089221
-0.945383 -0.239995 -0.062479
0.427086 -0.480865 0.045591
-0.912648 0.343603 0.055500
-0.064548 -0.632210 0.043107
0.218844 -0.878870 0.089221
-0.415695 -0.764300 -0.109731
-0.467249 0.436513 -0.016403
0.603039 -0.785876 0.011680
-0.404171 0.625383 -0.076194
0.665302 0.359278 0.089221
-0.806308 0.550121 0.083971
0.042170 0.961931 -0.109731
0.441615 0.762643 0.089221
0.034055 0.838895 0.089221
-0.147598 -0.934270 -0.109731
-0.481867 -0.802095 0.089221
0.833701 -0.539089 -0.029472
0.798456 0.167812 0.089221
-0.824333 -0.403943 0.089221
0.500412 -0.853756 0.017718
0.645019 0.032726 0.017664
0.991172 -0.076734 -0.069669
0.814475 0.566578 -0.039340
0.591491 -0.451075 -0.067987
-0.838202 0.361806 -0.109731
0.787894 0.296711 -0.109731
0.833428 0.377577 0.089221
-0.129681 0.620496 0.034867
-0.912825 -0.343912 -0.063888
-0.320641 0.926850 0.033635
-0.623543 0.061911 0.026463
-0.939873 0.259386 -0.081983
0.605591 0.531483 0.089221
-0.707601 -0.076205 0.089221
-0.318023 -0.895146 0.089221
-0.724153 0.562501 -0.109731
-0.569925 -0.792288 -0.109731
-0.755737 0.618826 0.018437
0.976761 0.185390 0.025611
0.992774 -0.054860 0.054919
-0.511856 -0.405456 0.089221
-0.878746 -0.186723 0.089221
0.265814 -0.695560 0.089221
-0.870458 0.263981 -0.109731
0.659606 0.633962 0.089221
-0.835555 0.504073 -0.063563
0.416830 0.813119 -0.109731
-0.865152 0.336129 0.089221
0.489931 0.623866 0.089221
0.579059 0.382862 0.089221
0.419618 -0.750474 0.089221
0.460102 -0.450305 -0.001307
-0.334112 -0.922802 0.044436
0.271120 0.633271 0.089221
-0.607894 0.707329 0.089221
0.628675 0.426404 -0.076908
0.742846 0.129468 0.089221
0.885390 -0.449874 -0.007252
0.188278 0.851412 0.089221
0.322801 0.610314 -0.039256
0.564224 -0.809711 -0.109731
0.006300 -0.713022 -0.054205
-0.194440 0.849174 -0.109731
0.132173 0.707786 -0.057688
-0.890267 0.398436 -0.052077
0.929061 0.206331 0.089221
0.799431 0.355718 -0.109731
0.396551 0.797035 0.089221
-0.496492 -0.385885 -0.006622
0.564024 0.812982 0.018885
-0.397427 -0.683958 -0.102103
0.986550 0.124100 -0.046159
0.388827 0.583549 0.089221
-0.244952 -0.951448 0.046404
0.927861 -0.355900 0.046594
-0.799017 0.560849 -0.051710
-0.846538 0.139270 0.089221
-0.618771 -0.758587 0.060608
0.226887 0.900535 0.089221
0.859351 -0.042158 0.089221
-0.691871 -0.690898 -0.025996
-0.707488 0.674478 0.085363
-0.774660 -0.592949 0.089221
0.612799 0.202734 0.047518
-0.030194 0.983156 -0.084010
0.795655 0.027196 -0.097154
0.374883 -0.762832 -0.109731
-0.223625 -0.832031 -0.109731
-0.014175 0.875778 0.089221
0.222495 0.829239 -0.109731
0.681069 -0.351400 0.089221
-0.504403 0.442244 0.089221
-0.524330 -0.561711 0.089221
-0.626566 0.009845 0.067696
-0.628855 0.475006 -0.102565
-0.277000 -0.654144 0.089221
0.762918 0.263824 0.089221
0.993461 -0.032994 -0.035102
-0.613600 -0.482400 0.089221
0.826547 0.119344 -0.109731
-0.781323 0.309368 -0.109731
0.168863 0.660589 0.089221
0.312902 0.936527 -0.020708
-0.492223 0.652173 0.089221
0.845754 0.519548 0.039894
0.231966 0.801349 0.089221
0.048983 0.836596 -0.109731
-0.717254 0.144800 -0.070985
0.621637 0.577586 -0.109731
0.980485 -0.163192 -0.087639
-0.137956 -0.804242 -0.109731
0.614203 -0.542759 -0.109731
-0.673596 -0.110938 -0.042505
-0.562354 0.429258 -0.056107
-0.142979 -0.670340 -0.039731
-0.283689 0.686722 -0.074429
0.247611 0.589884 0.067440
0.620310 0.332062 -0.044417
-0.036641 0.634424 0.052391
0.870639 0.477470 0.053504
0.843877 0.522722 -0.060059
0.456745 -0.877340 0.038080
-0.685989 0.613829 0.089221
0.514790 -0.655165 -0.109731
-0.906235 0.004537 0.089221
-0.802480 -0.253077 0.089221
0.518833 -0.382094 0.059430
-0.658391 0.212391 -0.047874
-0.928064 -0.300833 -0.043916
0.506989 -0.806062 -0.109731
0.727758 -0.674337 0.075649
0.193513 0.967075 0.075462
0.865731 -0.486571 -0.079366
-0.934610 0.277499 -0.007457
0.354846 -0.757485 0.089221
0.525909 0.566288 -0.085574
0.541010 0.671196 0.089221
0.970236 0.214580 -0.079238
-0.319232 -0.928159 -0.052886
-0.544675 -0.312472 0.052195
-0.549939 0.809403 -0.047539
0.751503 -0.404997 0.089221
0.279498 0.911973 0.089221
0.411283 -0.559424 0.089221
-0.014650 -0.781865 -0.094346
0.523108 0.509217 -0.060415
-0.662585 0.061277 -0.032532
-0.823374 0.524669 0.045231
-0.139884 0.782318 0.089221
-0.345636 -0.528084 0.003469
0.869297 0.247863 0.089221
-0.487403 -0.729519 -0.109731
0.216365 0.962013 -0.016958
0.742912 0.105448 -0.070784
-0.922948 0.169692 -0.109731
-0.948691 -0.225196 0.080373
0.758330 -0.639660 -0.077268
-0.680043 -0.134341 0.089221
0.057223 -0.749929 0.089221
0.982184 0.151664 -0.099132
0.750491 0.329278 0.089221
-0.487876 0.840242 -0.109731
-0.749877 0.078537 -0.083739
0.689137 -0.109295 -0.040182
0.438891 0.688430 0.089221
0.635543 -0.114772 0.029653
-0.567812 0.736980 -0.109731
-0.276522 -0.889342 -0.109731
-0.704744 -0.578271 0.089221
-0.138789 0.893062 0.089221
-0.824228 -0.300836 -0.109731
-0.662441 -0.682421 0.089221
0.664313 0.293215 0.089221
-0.158794 -0.613857 0.034084
-0.761067 -0.484116 0.089221
-0.783908 0.245147 0.089221
0.895818 0.428605 -0.060702
0.086591 -0.631891 0.037834
0.986477 0.124561 0.064344
-0.814970 -0.538177 0.041014
0.940035 0.019182 0.089221
-0.300822 -0.715485 -0.092960
-0.965618 -0.134878 0.077675
0.550060 0.822473 -0.058285
0.467027 -0.671259 0.089221
-0.667444 -0.278741 -0.065765
-0.363313 0.761395 0.089221
-0.866864 0.443697 -0.109731
0.798670 0.066719 0.089221
0.785003 -0.225615 0.089221
0.836864 -0.193971 -0.109731
-0.046001 -0.983460 -0.056660
0.391929 0.711661 -0.109470
0.122287 -0.881845 -0.109731
-0.498426 0.842684 0.081340
-0.665286 0.716680 -0.072083
-0.330628 -0.924056 -0.105409
0.778652 -0.133738 -0.093421
-0.145312 0.724488 -0.071058
-0.016154 -0.856171 -0.109731
0.924898 0.319291 -0.109731
0.964410 -0.074486 -0.109731
0.079174 -0.798042 -0.105137
0.515568 -0.407901 -0.017977
0.524806 -0.576607 -0.089152
-0.775677 -0.111629 0.089221
-0.309441 0.589890 0.089221
0.696432 -0.401192 0.089221
0.304552 0.843227 0.089221
-0.662933 -0.614075 -0.109731
0.858985 -0.497978 0.017503
-0.475867 0.856025 -0.017955
-0.724722 0.374389 0.089221
-0.544477 -0.489791 -0.069867
-0.297288 -0.936059 0.016757
0.763666 -0.430099 -0.109731
0.780001 0.433781 0.089221
0.529843 0.835549 0.043688
-0.809587 0.062137 0.089221
0.427944 -0.600978 -0.065282
0.557259 -0.520167 -0.078898
0.407713 0.899695 -0.109731
-0.274910 0.568903 0.041341
-0.837620 -0.111029 -0.109731
-0.378579 0.503583 0.034811
0.719245 0.528067 -0.109731
0.714462 -0.163390 0.089221
-0.022220 0.634990 0.003556
0.220850 0.946260 -0.109731
0.370463 0.915880 0.083676
-0.620041 0.756666 -0.092049
-0.890642 0.232534 0.089221
0.632536 -0.303804 0.089221
-0.776264 0.215518 -0.109731
-0.118654 -0.867419 -0.109731
0.630361 -0.694751 0.089221
-0.024810 0.900066 -0.109731
-0.826036 0.180320 -0.109731
-0.957307 -0.186650 -0.089060
-0.940624 -0.257600 -0.108943
0.135653 -0.684189 -0.044240
-0.430973 -0.759977 0.089221
-0.930098 0.148792 0.089221
-0.118891 0.923731 -0.109731
-0.480647 0.659372 -0.109731
0.945774 -0.306143 -0.092016
-0.688028 0.492018 -0.109731
-0.238272 0.936627 -0.109731
-0.624348 0.180677 0.089221
0.522968 0.376047 0.008196
-0.501968 0.458618 -0.039884
0.281227 -0.588022 0.089221
-0.889767 0.399591 0.046013
-0.875758 -0.214664 -0.109731
0.652923 -0.419743 0.089221
-0.654660 -0.020671 -0.026754
-0.611711 0.136492 -0.000702
0.978261 -0.177238 0.077672
0.098727 0.733089 0.089221
0.720883 -0.266311 0.089221
0.350476 0.923076 0.038225
-0.105779 0.665995 0.089221
0.347921 -0.553187 -0.016906
-0.965388 0.135530 0.036695
0.556246 -0.819070 -0.040673
0.651978 0.708894 -0.109731
0.248954 -0.635168 -0.034419
-0.300489 0.670718 0.089221
0.136993 0.853056 -0.109731
0.592747 0.752656 0.089221
0.886822 0.235658 -0.109731
-0.279300 0.641679 -0.049409
0.304507 -0.939768 0.035317
-0.663184 -0.474078 0.089221
-0.572555 0.664495 0.089221
0.644828 -0.752675 -0.092680
0.434462 0.499457 -0.021427
0.032622 -0.984489 0.037581
0.867997 -0.179173 0.089221
0.370840 -0.533117 0.089221
0.810591 -0.404142 -0.109731
0.477747 -0.495687 0.089221
-0.730143 -0.230551 -0.090353
-0.666601 0.715366 -0.000641
-0.645419 -0.673310 -0.109731
0.540073 -0.471248 -0.052506
-0.534288 0.330218 0.082271
-0.219098 -0.901362 0.089221
-0.610737 -0.142193 0.002216
-0.608267 -0.766810 -0.019379
-0.111005 0.976903 -0.022247
0.102924 0.979496 0.031914
0.664550 0.074571 0.089221
-0.681953 0.264183 -0.070469
-0.804930 -0.552950 -0.079500
0.378837 0.520976 -0.011662
-0.118793 0.874714 -0.109731
0.744705 0.397452 0.089221
0.052746 0.983055 0.046286
0.287264 -0.729404 -0.093240
-0.713672 0.050143 -0.061587
-0.063763 -0.957853 -0.109731
-0.678109 -0.307343 0.089221
0.444243 -0.851062 0.089221
-0.625760 0.406940 0.089221
0.559481 -0.380120 -0.028599
-0.927255 0.045758 -0.109731
-0.234010 0.725808 0.089221
0.101841 -0.980400 -0.106370
-0.484540 0.539943 0.089221
-0.618044 0.255498 0.089221
-0.582759 0.682221 -0.109731
-0.099999 0.644220 -0.020289
-0.035453 -0.707346 0.089221
-0.610985 -0.260649 0.089221
-0.573403 -0.422953 0.089221
-0.364009 0.849138 0.089221
0.681641 0.719419 -0.034119
0.699085 0.030229 0.089221
-0.333677 0.542399 -0.013656
0.065877 0.982642 -0.047304
-0.630035 -0.562040 -0.109731
0.095178 -0.728331 -0.066210
0.827837 0.207587 -0.109731
0.969176 0.219321 0.064620
-0.687206 -0.160853 -0.055940
-0.579126 0.565500 -0.109731
-0.868479 -0.371911 0.089221
0.598277 -0.344335 0.089221
-0.750970 -0.625774 -0.094592
0.758974 0.153399 -0.084583
0.192838 0.699209 0.089221
-0.676624 0.705343 0.065261
-0.545460 -0.520650 0.089221
-0.010966 0.983760 0.084070
-0.832445 0.473331 -0.109731
-0.380826 0.670302 -0.090853
-0.101138 -0.756460 -0.084136
-0.308117 -0.605630 -0.037674
0.707735 -0.666568 -0.109731
0.809947 -0.499852 -0.109731
-0.577490 -0.754697 0.089221
0.013836 0.747024 -0.074319
-0.243823 0.926295 0.089221
0.325239 -0.932963 -0.050378
0.887954 -0.355112 0.089221
-0.722063 -0.266179 0.089221
-0.061339 0.673988 0.089221
-0.857355 -0.078029 0.089221
-0.565791 -0.620798 -0.109731
-0.195852 0.693814 0.089221
0.921154 0.371778 -0.062008
0.679535 -0.648368 0.089221
0.495510 0.855853 0.015756
-0.569361 -0.737714 -0.109731
0.246425 0.707660 0.089221
-0.648466 -0.209956 0.089221
0.659397 -0.681685 -0.109731
-0.538347 -0.818083 0.022178
0.625205 0.235307 -0.023373
0.751345 -0.458948 0.089221
-0.302457 0.774090 -0.109731
-0.261695 0.858392 0.089221
-0.361254 0.601733 0.089221
-0.551176 0.738464 0.089221
-0.845394 0.184109 0.089221
-0.314381 -0.805477 -0.109731
-0.009221 0.666181 -0.027968
0.683300 -0.240417 0.089221
-0.701860 0.357841 -0.102724
0.405424 0.633558 -0.074559
0.135828 0.913177 0.089221
-0.065763 -0.981981 0.051992
0.655288 0.182693 0.089221
-0.463824 -0.543444 -0.058930
0.087860 0.884506 0.089221
0.297884 0.902542 -0.109731
-0.359578 -0.690761 0.089221
0.641711 -0.072718 0.016255
0.101260 0.676549 0.089221
-0.438114 0.876171 0.017404
-0.711932 -0.372785 0.089221
0.576052 -0.639521 -0.109731
-0.140105 0.728735 0.089221
-0.490158 -0.786598 -0.109731
-0.510902 -0.589137 -0.096602
0.051982 -0.635383 -0.001061
0.133783 0.633491 0.089221
-0.424007 0.833665 -0.109731
0.993702 0.024513 0.070665
-0.970462 -0.091102 -0.071174
0.263765 -0.951605 0.050214
0.988416 -0.105886 0.050210
0.693649 -0.559530 -0.109731
0.441893 0.466375 0.011370
0.356070 -0.856199 -0.109731
-0.426374 -0.679190 0.089221
0.311957 -0.826331 0.089221
-0.623725 -0.061173 0.012643
-0.048119 -0.811896 -0.109731
-0.059740 0.981749 0.011591
-0.879230 0.287004 0.089221
-0.125944 -0.975514 -0.063219
0.872789 0.048619 0.089221
0.922106 0.017549 -0.109731
-0.145096 -0.722717 -0.069579
0.802853 0.329697 0.089221
0.508686 0.848061 -0.080578
-0.926769 0.304379 0.041643
-0.386329 -0.799530 0.089221
0.516908 -0.724658 0.089221
-0.551007 -0.301166 -0.008169
-0.164235 -0.798938 0.089221
0.878761 0.088851 -0.109731
-0.753373 -0.144318 -0.091068
-0.701105 0.125183 0.089221
-0.538971 0.816857 0.049119
-0.668017 -0.008854 0.089221
-0.744081 0.602583 -0.109731
-0.689598 0.506655 0.089221
0.322551 0.933130 -0.065067
-0.768725 -0.081893 -0.094725
-0.870382 0.100007 0.089221
-0.275865 0.941665 0.002808
0.689423 -0.053046 0.089221
0.828969 -0.283076 0.089221
0.801469 -0.486528 0.089221
0.911168 -0.059182 0.089221
0.954094 -0.277846 0.076122
-0.622969 -0.754886 -0.102181
0.689629 0.273190 -0.066227
-0.183070 0.916366 0.089221
0.165162 0.616717 0.039908
-0.773528 0.525892 -0.109731
-0.504236 -0.748956 0.089221
-0.309871 -0.698650 0.089221
-0.252314 0.832935 -0.109731
-0.104829 0.818407 0.089221
0.653242 0.349986 -0.066081
-0.595641 -0.351776 -0.046821
-0.358229 -0.913728 -0.064695
-0.014539 0.806057 -0.108774
0.815878 -0.565315 -0.062182
0.020421 -0.942295 -0.109731
-0.597467 0.190453 0.056928
0.234668 0.594659 0.009970
-0.615077 -0.255100 -0.032462
-0.186896 0.605130 0.065667
0.672240 -0.196782 0.089221
0.667735 0.700525 0.089221
-0.023946 -0.635724 0.029161
0.359177 0.753821 0.089221
0.983210 -0.145991 -0.007555
-0.949697 -0.220693 -0.022305
0.356881 0.641425 -0.064340
0.188583 0.782060 -0.106309
0.132803 -0.852853 0.089221
0.093704 0.935663 -0.109731
0.955671 0.271615 -0.022257
-0.595148 -0.673328 -0.109731
-0.786642 0.416669 0.089221
-0.747532 -0.626617 0.089221
-0.735425 0.462754 -0.109731
0.303122 -0.674806 -0.067657
-0.105007 -0.626206 0.030127
0.191696 -0.741461 -0.083479
0.828219 0.198688 0.089221
-0.494078 -0.846057 0.021865
0.132784 0.795244 -0.107707
-0.865731 0.196273 -0.109731
-0.331853 0.922813 -0.062130
0.132953 0.623694 0.002653
0.273736 -0.823800 -0.109731
0.736784 -0.067313 0.089221
-0.721611 -0.524349 0.089221
-0.073394 0.739391 -0.072823
0.353461 -0.592399 0.089221
0.025020 0.747998 0.089221
-0.370297 0.669353 0.089221
-0.072051 -0.922643 0.089221
-0.683824 -0.232335 -0.065218
-0.458037 -0.587908 0.089221
0.089893 -0.670728 0.089221
-0.974085 -0.033755 0.014289
0.891178 -0.438514 0.081949
-0.238416 -0.643174 -0.040709
0.622421 -0.770842 0.075653
0.538018 -0.831457 0.051674
0.735082 0.665228 0.060194
0.666901 0.464960 -0.107654
0.386340 -0.909938 -0.028774
-0.625281 -0.043366 0.050997
0.597507 0.757297 -0.109731
-0.430459 -0.880873 -0.048297
-0.114160 -0.657467 0.089221
0.642309 0.066857 -0.007131
0.472212 0.836797 -0.109731
0.794259 -0.026429 0.089221
0.809984 -0.107310 0.089221
-0.618365 -0.559075 0.089221
0.350774 -0.923770 0.074389
0.312224 0.652964 0.089221
-0.571052 0.416114 0.089221
0.803508 -0.307658 -0.109731
0.405132 -0.819972 0.089221
-0.662305 0.333759 0.089221
-0.635736 0.140073 0.089221
-0.398921 -0.495276 -0.013387
-0.346177 0.794839 -0.109731
-0.568490 -0.563448 0.089221
-0.470230 -0.418414 -0.001302
0.515481 0.448963 -0.033603
0.634099 -0.601386 0.089221
0.907448 -0.309864 -0.109731
-0.458701 0.801405 0.089221
-0.606983 -0.507331 -0.103615
0.867485 -0.391813 0.089221
-0.925386 -0.131261 0.089221
0.891663 -0.437562 -0.046924
0.993878 -0.019733 -0.100523
-0.382343 0.722526 -0.109731
-0.974458 0.021082 0.054035
0.395460 0.675603 0.089221
0.622599 -0.511927 0.089221
-0.571200 0.505563 0.089221
-0.205470 0.903908 -0.109731
-0.450625 0.869796 -0.067932
0.090288 -0.981492 0.050762
-0.840773 -0.069249 -0.109731
-0.706031 -0.676738 -0.076171
0.386034 -0.513763 -0.004482
0.992789 0.053559 -0.069205
0.347164 0.553945 0.089221
0.603162 0.228857 0.014435
0.425463 0.529409 0.089221
0.103424 0.754884 -0.082428
0.857343 -0.110877 -0.109731
0.857124 -0.054710 -0.109731
-0.676634 0.425290 0.089221
0.556416 0.775101 0.089221
0.707034 0.360441 0.089221
0.965816 -0.235154 -0.066731
0.958059 0.263395 0.049608
-0.022478 -0.984200 0.082138
-0.414733 0.888084 -0.078517
-0.845397 -0.007664 0.089221
-0.572172 -0.488753 0.089221
-0.570021 -0.796477 -0.043447
0.186184 0.921294 -0.109731
-0.826687 -0.445463 0.089221
-0.370492 -0.908422 0.019715
-0.577573 0.264972 0.089221
0.071165 -0.819886 0.089221
0.787722 -0.464775 -0.109731
0.516051 0.739331 -0.109731
-0.879833 -0.422801 -0.092061
0.547015 -0.755745 0.089221
0.762694 -0.634710 0.079957
-0.974743 -0.012828 -0.095307
-0.676666 -0.706102 0.030470
0.062804 -0.910558 0.089221
0.647227 -0.492095 -0.107789
0.463422 -0.446714 0.048021
-0.022179 0.695863 0.089221
-0.701596 0.680370 -0.071695
0.418747 -0.554140 -0.040459
0.745682 -0.175164 -0.079765
0.277297 0.809551 0.089221
0.598236 0.298240 -0.023879
-0.275520 0.718398 0.089221
0.553477 -0.557837 0.089221
0.209958 -0.669344 -0.046183
0.495000 -0.856956 -0.100958
-0.028538 -0.904915 0.089221
-0.743807 0.008454 0.089221
-0.251367 0.610067 -0.026171
-0.543537 -0.671639 0.089221
0.713171 0.565727 0.089221
0.191055 0.967465 -0.049075
-0.521922 0.799527 -0.109731
-0.642114 0.737206 0.087729
0.961226 -0.192186 -0.109731
0.634942 0.116992 0.066682
0.645305 -0.344975 -0.060462
-0.282364 -0.940579 -0.038880
-0.966470 -0.129502 -0.024285
-0.695580 0.599507 -0.109731
-0.764836 -0.269725 0.089221
-0.460734 -0.474512 0.089221
-0.534466 -0.820720 -0.074912
-0.390353 -0.899827 0.055371
0.741658 0.431196 -0.109731
0.091567 0.841048 -0.109731
-0.224760 0.591175 0.057736
-0.621124 0.569245 -0.109731
-0.251741 -0.827727 0.089221
0.870611 0.006030 0.089221
-0.262236 -0.729269 -0.091961
-0.341999 -0.530514 0.044185
0.718144 -0.412505 -0.109731
-0.670103 -0.712666 -0.074840
0.184856 -0.611964 0.028650
0.580258 0.563589 0.089221
-0.831373 -0.503074 -0.109731
0.645401 -0.407679 -0.078975
0.121976 -0.910296 0.089221
-0.890126 -0.287992 -0.109731
-0.026647 0.983267 -0.029451
-0.303392 0.867314 0.089221
-0.100540 -0.647376 -0.021675
0.519436 0.630042 -0.109731
-0.913787 0.340438 -0.092709
0.667240 -0.227128 -0.044507
0.397530 0.503899 0.055701
0.390254 0.907443 -0.048558
0.493710 0.462765 0.089221
0.134202 0.976469 -0.104479
0.730827 0.670054 -0.066683
-0.543057 -0.451776 -0.054900
-0.427376 0.542248 -0.045238
-0.573892 0.582301 0.089221
0.499765 0.405480 0.024870
-0.075731 -0.630886 0.082151
-0.021421 -0.738431 -0.069574
-0.765844 0.605797 0.074854
0.895268 0.429685 -0.016663
-0.164279 -0.897262 -0.109731
0.241081 -0.789029 0.089221
0.293497 -0.904933 -0.109731
0.054745 -0.716767 -0.057418
-0.445007 -0.445700 0.051900
-0.406573 0.502014 -0.019523
0.028103 0.983829 -0.004871
-0.936330 -0.158728 -0.109731
-0.297789 0.600258 -0.032523
0.634450 0.272443 -0.036529
-0.105910 0.866386 0.089221
-0.501972 -0.841389 -0.034930
0.727239 -0.077831 -0.059661
0.666821 -0.160548 -0.033393
0.017972 0.635918 0.015923
0.150182 -0.645018 -0.023783
0.744904 -0.654889 0.044720
-0.832190 0.360498 0.089221
-0.284597 0.939128 -0.036483
0.311813 -0.754256 0.089221
-0.201992 0.960900 -0.047952
-0.640508 -0.480697 -0.109622
-0.772500 0.513592 0.089221
0.581000 0.675424 0.089221
-0.440285 0.644974 0.089221
-0.466520 -0.841957 -0.109731
-0.913352 -0.049482 0.089221
-0.178708 0.966105 -0.006920
0.699350 0.700103 -0.109731
0.310277 0.886204 0.089221
-0.270403 -0.805629 -0.109731
-0.403434 0.761675 0.089221
-0.666254 -0.394338 0.089221
-0.812942 0.266754 -0.109731
0.206705 -0.924120 -0.109731
0.157508 -0.817121 -0.109731
-0.623365 0.219131 -0.029600
0.698276 0.563962 -0.109731
0.315898 0.576063 -0.019673
-0.301978 -0.622839 0.089221
-0.139383 -0.759938 0.089221
-0.968947 0.054911 0.089221
-0.803927 -0.002045 -0.109731
0.048027 -0.984005 0.000752
-0.936195 -0.069151 -0.109731
-0.834392 -0.281060 0.089221
0.414590 -0.758826 -0.109731
0.980668 -0.162039 -0.046886
-0.468612 -0.457888 -0.025051
-0.810984 -0.130149 0.089221
0.154322 -0.923091 -0.109731
0.601544 0.276459 0.089221
0.545050 0.413940 0.089221
-0.162844 0.938145 -0.109731
0.993606 0.027570 -0.034576
-0.339221 -0.727065 0.089221
0.491831 -0.688581 -0.109731
-0.071983 0.957111 0.089221
0.750740 0.643002 0.089221
-0.276217 0.909131 -0.109731
-0.574461 -0.408410 -0.054083
-0.239104 -0.607124 0.089221
-0.750907 -0.187973 0.089221
-0.182817 -0.965988 0.065505
0.833265 -0.333964 -0.109731
-0.959665 0.171666 -0.013838
-0.247820 -0.944962 0.089221
-0.478438 -0.503803 -0.047745
-0.374229 0.904901 0.089221
0.700903 -0.701217 -0.078808
0.625961 0.363777 0.089221
-0.171782 0.648556 0.089221
0.736853 0.015170 0.089221
0.267480 -0.648860 0.089221
-0.500539 -0.673496 0.089221
0.588764 -0.263762 -0.007634
-0.444953 0.779373 -0.109731
0.337194 -0.624273 -0.049884
-0.734084 -0.454790 -0.109731
0.303542 -0.678167 0.089221
0.644568 0.044194 0.073009
-0.562390 -0.801743 0.064921
0.523672 0.698369 -0.109731
0.676475 -0.724775 0.014819
-0.672067 0.113204 -0.041855
-0.410519 -0.807677 -0.109731
0.462202 0.873758 0.036114
-0.604672 -0.592223 -0.109731
0.208526 -0.736889 0.089221
0.424233 0.892739 -0.001148
0.664057 -0.735723 -0.061900
-0.151389 -0.644546 0.089221
-0.581949 -0.234704 0.036314
-0.002375 -0.774055 0.089221
-0.649133 0.018161 -0.023519
-0.869442 -0.443194 0.023354
0.386082 -0.910050 0.085001
0.912124 -0.393446 -0.105252
-0.215711 -0.958635 -0.012284
-0.320994 0.672622 -0.075920
-0.660172 0.207158 0.089221
0.729673 -0.308262 -0.094977
-0.932164 0.189366 0.089221
0.584023 0.349299 -0.031097
-0.968907 -0.107552 0.049734
0.108250 0.805177 0.089221
0.673686 0.726433 0.059598
-0.795495 -0.182462 -0.109731
-0.925276 0.038779 0.089221
-0.312878 -0.571885 0.089221
0.015699 -0.985021 -0.081348
0.456820 0.655069 -0.100970
-0.683209 -0.045601 0.089221
-0.505986 0.527683 -0.069017
0.916202 0.326849 0.089221
-0.516865 -0.357423 0.043899
-0.312973 0.785114 0.089221
0.564782 0.801898 -0.109731
0.944602 0.077944 0.089221
0.809338 0.531757 -0.109731
-0.490990 0.698773 0.089221
0.827903 0.478450 0.089221
-0.624845 0.445936 0.089221
-0.895938 0.385330 0.005572
0.551137 -0.335093 0.038372
-0.617028 0.109760 0.030706
0.492442 0.857667 -0.023978
-0.811696 -0.434807 -0.109731
-0.096340 0.627128 0.053848
0.282803 0.574185 0.045031
0.707706 -0.311606 0.089221
0.146191 -0.790444 0.089221
0.469056 -0.797549 -0.109731
0.503781 -0.458672 0.089221
0.762432 0.052713 0.089221
0.085676 0.981126 0.066752
-0.016531 0.725859 -0.062655
-0.947695 0.228848 -0.059382
-0.696568 -0.686201 0.071214
-0.442410 0.580822 0.089221
-0.726880 -0.595038 -0.109731
-0.557833 0.804039 -0.004911
0.689135 -0.712985 0.051525
-0.627177 0.386995 -0.073376
-0.856176 -0.469229 -0.064756
0.573388 -0.514013 0.089221
-0.231050 -0.955206 -0.091051
-0.368303 0.511685 0.071203
-0.505259 0.627401 -0.109731
-0.496939 0.779592 0.089221
0.306387 0.749561 -0.108603
0.233681 -0.958944 -0.034256
-0.385122 0.552558 -0.035043
0.628392 -0.241472 -0.026158
-0.444914 -0.511890 0.089221
-0.340017 -0.680081 -0.084305
0.627193 0.153669 0.028392
0.951240 0.094818 -0.109731
-0.763079 -0.068084 0.089221
-0.351173 0.915858 0.012837
-0.195764 0.641044 -0.031806
0.796103 0.283367 0.089221
0.357343 0.897383 -0.109731
-0.490678 0.572483 -0.082058
0.913998 -0.053394 -0.109731
-0.628430 -0.096732 0.089221
-0.593729 0.476580 -0.087059
0.303292 0.606243 0.089221
-0.402742 -0.634666 -0.079851
-0.066934 -0.722714 -0.062320
-0.846692 -0.486042 0.081783
-0.146379 0.616606 -0.010282
-0.142358 -0.858161 0.089221
0.652216 -0.069971 0.089221
0.698784 0.189165 -0.055435
0.775995 -0.073228 0.089221
-0.714355 0.087142 0.089221
-0.792624 0.570256 -0.015130
0.831950 0.436922 -0.109731
0.179173 -0.855155 -0.109731
-0.908652 0.261387 -0.109731
-0.443336 0.466087 0.089221
0.647866 -0.301454 -0.050161
0.733676 0.061816 -0.062258
0.148377 -0.756907 -0.086799
-0.641332 0.101487 0.089221
0.211590 -0.817717 -0.109731
-0.066654 -0.664717 -0.028981
0.790394 0.599095 0.041527
-0.473506 0.414069 0.013813
-0.935653 -0.274712 -0.075229
-0.901109 -0.374183 0.028953
0.855031 0.027735 -0.109731
-0.707937 0.305393 -0.093266
0.282364 -0.946201 0.087556
-0.966624 -0.128526 -0.065240
0.410092 -0.858121 -0.109731
0.909449 0.256673 0.089221
0.961637 -0.251883 -0.032826
0.449503 0.793668 -0.109731
0.198642 0.642168 -0.029539
0.589116 -0.431985 0.089221
0.367230 -0.683135 -0.087920
0.062321 -0.909878 -0.109731
-0.499367 -0.441327 0.089221
-0.664996 0.708352 -0.109731
0.895229 0.349381 -0.109731
-0.157120 0.755304 -0.089760
0.528902 -0.836907 -0.010658
-0.169315 0.867758 0.089221
-0.303084 0.553564 0.021312
0.875628 0.134927 -0.109731
0.192414 -0.654281 0.089221
-0.698687 -0.441506 -0.109731
0.143268 0.975033 0.037228
0.951984 0.284306 0.013149
-0.786729 -0.029140 0.089221
-0.642391 0.514355 -0.109731
-0.067062 -0.833385 0.089221
-0.789847 -0.297987 0.089221
0.637026 -0.719926 -0.109731
0.735025 -0.666094 -0.007250
-0.634673 0.320355 -0.058576
-0.691017 -0.216292 0.089221
0.334325 -0.586060 -0.029430
0.156485 0.881627 0.089221
-0.903043 -0.252563 -0.109731
-0.911095 0.130419 -0.109731
-0.640798 -0.739168 -0.072943
-0.792371 -0.571430 0.063899
0.506773 -0.556349 0.089221
-0.514612 0.562604 0.089221
-0.554573 -0.304147 0.089221
0.477571 -0.508969 -0.042047
-0.529790 0.650001 0.089221
-0.216982 0.782259 0.089221
0.709012 0.493118 0.089221
-0.907629 0.118617 0.089221
0.662454 0.189516 -0.035391
-0.955633 0.193336 0.016607
-0.901242 -0.258403 0.089221
0.653694 -0.087361 -0.018096
-0.622150 -0.318997 -0.051580
-0.569347 0.796198 0.056994
0.628744 0.765135 0.035254
-0.201164 0.690531 -0.060137
0.945159 -0.157250 -0.109731
-0.639669 -0.414047 -0.087503
0.649806 -0.531039 -0.109731
-0.820705 -0.257653 -0.109731
0.612979 0.518418 -0.102307
0.063472 0.811034 0.089221
-0.477992 -0.686144 -0.109731
0.395112 0.571970 -0.041321
0.131035 -0.755905 0.089221
-0.853713 0.473262 -0.031092
0.040239 0.649804 0.089221
0.554486 0.489757 -0.066186
0.728014 0.351640 -0.104749
0.097600 0.979999 -0.027759
0.326990 -0.804764 -0.109731
0.638419 -0.739943 0.089221
-0.636840 -0.358377 -0.069619
-0.838866 -0.499275 -0.037888
-0.620727 0.517652 0.089221
-0.877472 -0.321588 0.089221
0.901754 0.416608 -0.095486
0.009299 0.979461 -0.109731
-0.141028 -0.973125 0.049858
0.646095 -0.006122 0.039426
-0.459074 0.813816 -0.109731
0.831585 -0.149789 0.089221
0.197209 -0.772314 0.089221
-0.515100 0.359262 0.023595
-0.543400 -0.349055 -0.020309
0.558944 -0.554396 -0.093230
0.141543 -0.976108 -0.010259
0.450362 -0.525451 0.089221
-0.068534 0.774168 -0.092314
0.964664 0.239506 -0.038510
-0.422575 0.466344 0.055244
-0.752995 0.401105 0.089221
-0.140885 -0.705786 0.089221
0.579385 0.654289 -0.109731
0.264529 -0.583411 -0.005837
0.760275 -0.180972 0.089221
0.202967 -0.958501 0.089221
-0.427634 0.728753 0.089221
0.363121 0.812940 0.089221
-0.650806 0.034351 0.089221
0.638258 0.553406 0.089221
-0.117548 -0.976844 -0.012534
0.195821 0.750043 -0.089257
-0.705330 0.235168 -0.077696
-0.334390 0.921900 -0.105575
-0.693714 0.287907 0.089221
-0.105263 0.722223 -0.065390
0.936974 -0.140460 0.089221
0.389604 -0.771870 0.089221
-0.960628 -0.166388 0.059268
0.228652 -0.960068 0.058794
-0.701846 0.533204 -0.109731
0.951522 0.285896 -0.097517
0.872241 0.130376 0.089221
0.491509 -0.416330 0.061663
-0.563604 0.615760 -0.109731
-0.486265 -0.626312 0.089221
-0.609602 -0.147897 0.087042
0.233151 0.628909 0.089221
-0.320508 0.926898 0.086694
-0.651112 -0.085938 -0.027636
-0.364558 0.611298 -0.057029
0.456695 -0.480634 -0.021770
0.506670 0.844308 0.089221
-0.164510 -0.612245 -0.010015
0.535545 0.634926 0.089221
-0.881123 0.109288 -0.109731
-0.954068 -0.029292 0.089221
-0.760194 -0.148445 0.089221
-0.894909 -0.388508 0.064102
0.751442 -0.139107 0.089221
0.274091 -0.948604 -0.100212
0.825243 0.550734 -0.074513
-0.518044 -0.419230 -0.031904
-0.943825 -0.246583 0.019439
-0.603061 -0.171420 0.047210
-0.253542 0.670928 -0.059329
-0.795388 0.157536 -0.109731
-0.689469 0.414863 -0.109731
-0.964476 0.096622 -0.109731
0.784398 -0.607626 0.055569
0.796954 0.590638 -0.078365
0.429860 0.726730 -0.109731
0.687413 0.610444 0.089221
-0.804105 0.553363 -0.106060
-0.700945 0.190304 0.089221
-0.969677 0.098600 0.002033
0.446617 0.462009 0.047193
-0.740757 0.324899 0.089221
-0.161153 0.969136 -0.079274
0.221120 -0.600459 0.065568
-0.680519 0.184530 -0.055229
-0.483979 0.400957 0.074004
0.636101 0.111165 0.030864
0.972268 -0.206290 0.056766
-0.781583 -0.379333 -0.109731
-0.547113 0.811323 -0.083658
-0.818165 -0.533476 0.085105
0.765564 -0.243591 -0.101426
-0.582928 0.241431 -0.012273
0.212999 0.602653 0.037906
0.013983 0.693389 0.089221
0.664252 0.103432 -0.025442
-0.570812 -0.632261 0.089221
0.500328 0.417287 -0.014717
0.364411 0.763968 -0.109731
0.623772 -0.769794 -0.055505
-0.557176 -0.657192 -0.109731
0.808033 -0.576858 0.046874
0.444187 -0.699297 0.089221
0.092599 -0.941930 0.089221
0.628014 -0.609656 -0.109731
0.644519 0.547125 -0.109731
-0.618017 0.758445 0.044724
0.553822 0.329892 0.027480
-0.111922 -0.923039 0.089221
-0.466857 0.470185 -0.029443
-0.407194 -0.567423 0.089221
0.732040 0.490850 -0.109731
0.988878 -0.101002 -0.109178
-0.856568 0.467658 0.078871
-0.023952 -0.949779 -0.109731
-0.711914 0.577877 0.089221
0.558258 -0.817703 0.087127
-0.733447 0.373708 -0.109731
0.748582 -0.014089 -0.069641
-0.342466 -0.868690 0.089221
0.435762 -0.888031 -0.089602
-0.553755 0.376159 0.089221
0.808679 0.464371 -0.109731
0.670767 0.039496 -0.025344
-0.446755 -0.740005 -0.109731
-0.752841 -0.443541 0.089221
0.199580 0.641953 0.089221
-0.220197 -0.750960 0.089221
0.726395 0.155101 -0.066513
0.406643 -0.855805 0.089221
-0.681902 0.649448 0.089221
-0.874947 0.431587 -0.039183
-0.279428 -0.567614 0.043043
0.126514 -0.952903 -0.109731
0.642148 0.462864 0.089221
0.635528 -0.164099 -0.016349
-0.598251 -0.207130 -0.013547
-0.437816 0.876323 0.068241
-0.474190 0.748149 -0.109731
0.687532 -0.442903 -0.109731
0.677150 0.723379 0.001122
-0.276723 -0.641366 -0.048244
-0.021464 -0.637400 -0.011166
-0.735052 0.476668 0.089221
-0.785429 -0.217574 0.089221
0.774560 0.551435 0.089221
0.987676 0.014233 -0.109731
0.001350 -0.636718 0.055419
-0.622982 -0.366441 0.089221
0.132856 -0.646081 0.089221
0.705918 0.301171 -0.081062
0.698670 -0.559344 0.089221
-0.723544 -0.072956 -0.068264
-0.791219 -0.465218 0.089221
0.513620 0.809412 0.089221
-0.806344 0.550067 0.027120
-0.346033 0.798062 0.089221
-0.732646 -0.646843 0.006624
0.753229 0.180321 0.089221
0.625431 0.302690 0.089221
0.366308 -0.703879 0.089221
-0.228696 -0.709572 -0.074974
0.047316 0.685243 -0.039478
-0.380378 -0.904144 -0.023497
-0.940760 0.090679 0.089221
0.754963 0.260916 -0.098766
0.750737 -0.017405 0.089221
0.763018 0.633540 0.016992
0.166626 0.712355 -0.064458
0.065747 -0.704876 0.089221
-0.662884 0.457874 0.089221
-0.437814 0.588105 -0.069934
0.162234 0.628722 -0.016484
0.872349 0.474578 0.003125
-0.555964 0.291513 0.003132
-0.049826 0.726633 0.089221
0.729953 0.605458 -0.109731
0.573146 -0.296189 0.033994
0.606806 -0.219781 -0.008580
0.566691 -0.811972 -0.073626
0.619146 -0.319354 -0.040183
0.786320 -0.399620 0.089221
-0.915605 -0.336189 -0.105034
0.728239 -0.432371 0.089221
0.827654 -0.371473 -0.109731
0.521931 -0.541656 -0.073299
-0.753945 -0.257077 -0.108016
0.569802 0.420959 -0.047730
-0.749385 0.627015 -0.070094
-0.270335 -0.688658 0.089221
0.581388 0.587623 -0.109731
0.919683 0.248092 -0.109731
-0.335314 -0.797511 0.089221
-0.846436 -0.429721 -0.109731
0.990302 0.085128 0.018346
-0.639892 -0.326408 0.089221
-0.646185 0.542349 0.089221
-0.566898 -0.344211 0.089221
0.578619 0.424162 0.089221
-0.920904 -0.321472 -0.016472
0.491339 -0.859122 -0.021159
0.212171 0.862735 -0.109731
0.285462 -0.874879 0.089221
-0.402898 -0.486276 0.089221
0.742277 -0.295011 0.089221
-0.051284 0.643627 -0.016343
-0.451868 -0.869965 -0.073785
0.438422 -0.470386 0.077450
0.752079 -0.646750 -0.036039
-0.600263 -0.450028 0.089221
-0.538186 -0.549222 -0.090521
0.766007 -0.106774 0.089221
0.960528 -0.255698 0.044271
0.708795 0.213643 0.089221
0.134660 0.676808 -0.040377
-0.517775 -0.819935 0.089221
-0.338239 0.733967 0.089221
0.600980 0.234772 0.060192
-0.909771 -0.039623 -0.109731
-0.723463 0.037786 0.089221
0.584456 -0.799899 0.037649
0.251027 0.954265 -0.091106
-0.606522 0.767362 0.003598
0.888390 -0.283166 0.089221
0.781784 0.476394 0.089221
0.056567 0.873935 -0.109731
-0.809864 0.144085 0.089221
0.049784 0.716032 -0.057332
-0.182813 -0.917115 0.089221
-0.905852 0.362419 -0.040815
