0.496231 -0.215287 -0.237644 
-0.873222 0.294091 0.367206 
0.254245 0.892829 0.345289 
-0.624194 -0.670703 -0.353125 
0.068960 -0.922391 0.364370 
-0.438612 0.811730 -0.353125 
0.885089 0.288909 0.355573 
0.649045 0.660423 -0.353125 
-0.506881 -0.399566 0.367206 
-0.915860 0.030459 -0.353125 
0.216492 -0.899634 -0.353125 
0.757558 -0.537833 0.364982 
-0.248984 0.461063 0.194399 
0.082805 0.512709 -0.288077 
-0.123523 -0.558446 -0.027628 
0.916933 0.159560 -0.340861 
0.383586 0.371442 0.149927 
-0.437655 0.279696 -0.274797 
-0.904830 -0.172794 0.119502 
0.920183 -0.136346 0.094518 
-0.508941 -0.210993 -0.191045 
0.645370 -0.667161 -0.103204 
-0.138743 0.915842 0.024513 
0.292262 -0.446606 0.207230 
-0.716722 0.581525 0.005777 
-0.387020 -0.837745 0.235647 
-0.510127 0.085462 0.188308 
-0.232531 -0.893664 -0.325614 
0.642898 0.669266 0.367206 
0.281267 0.884979 -0.141104 
0.470039 0.255235 -0.315132 
-0.520749 0.762227 0.367206 
-0.720079 -0.574495 0.050796 
0.810231 0.457873 -0.019223 
0.519851 -0.020674 0.177917 
0.894715 -0.253401 -0.344839 
0.180808 -0.494149 -0.309642 
0.455843 -0.807333 0.318361 
-0.800280 0.415163 -0.353125 
-0.049411 0.870517 -0.353125 
-0.850433 -0.353220 -0.283157 
-0.888761 0.243759 -0.031206 
0.071506 -0.922150 -0.009585 
-0.094237 0.752009 0.367206 
-0.285469 -0.498393 -0.353125 
-0.112123 -0.602628 0.354359 
0.095372 0.572976 0.074858 
0.580711 0.726125 0.029556 
-0.552912 0.402314 0.367206 
-0.454004 -0.802778 -0.091954 
-0.215824 0.528641 -0.146174 
0.742526 -0.186243 0.367206 
-0.402576 -0.408018 0.057779 
-0.830993 -0.397365 0.344638 
-0.472233 0.794700 0.000399 
0.391127 -0.840096 -0.001835 
-0.755853 -0.028023 0.367206 
0.810286 -0.455079 0.063878 
0.667035 -0.477745 -0.353125 
0.918228 0.151387 -0.024914 
0.434489 -0.680942 -0.353125 
0.343432 0.603453 0.367206 
-0.463836 0.335022 0.024414 
-0.626385 -0.676272 0.367051 
-0.592127 0.034951 -0.353125 
0.584832 0.058614 -0.102439 
0.585716 0.207342 0.356869 
0.379391 -0.439167 -0.082989 
0.323676 0.489458 -0.112948 
0.357581 0.651465 -0.353125 
-0.006834 -0.711972 -0.353125 
0.824187 0.430392 -0.353125 
0.513744 -0.372038 0.367206 
-0.207947 -0.899628 0.004772 
0.160235 -0.655244 0.367206 
0.674945 -0.018983 -0.353125 
-0.518713 0.530860 -0.353125 
0.930319 0.020133 0.328939 
-0.573040 0.052405 -0.074206 
-0.532163 -0.173559 0.098666 
0.635322 -0.676804 0.166875 
0.519223 -0.254917 0.044394 
0.135890 -0.558597 0.020607 
-0.297556 0.876354 0.256481 
-0.597983 -0.410631 -0.353125 
-0.917686 0.079137 0.187896 
0.118508 0.920409 0.064199 
-0.716499 0.581810 0.274811 
-0.911795 -0.129075 -0.149582 
0.374993 0.849779 0.116595 
0.777755 0.510816 0.226808 
-0.231626 0.670463 -0.353125 
-0.366038 -0.606099 0.367206 
-0.297620 0.876331 -0.160146 
0.425521 -0.432359 -0.353125 
-0.150590 -0.911264 0.256709 
0.492570 0.304667 -0.057881 
0.928575 -0.062169 -0.199524 
0.254944 -0.889925 0.210882 
0.098373 0.607429 0.351277 
0.520453 0.439385 0.367206 
0.494341 0.787267 -0.187489 
-0.831089 0.399878 0.157445 
-0.299871 0.632280 0.367206 
-0.741191 -0.547277 -0.187688 
-0.019664 -0.924021 -0.229592 
-0.843243 -0.369835 0.007527 
0.812878 -0.450695 -0.171627 
-0.592625 0.708737 -0.210178 
0.199347 0.830137 -0.353125 
-0.728061 -0.153345 -0.353125 
-0.385254 -0.722246 -0.353125 
-0.561645 -0.730813 0.130678 
0.694385 0.216130 -0.353125 
-0.579175 -0.183222 0.349552 
-0.642548 0.192334 0.367206 
0.027082 0.926790 -0.146454 
0.023495 0.926902 0.282134 
0.461879 0.803713 0.367206 
-0.211636 -0.477660 0.195472 
0.384477 -0.572617 0.367206 
-0.382459 -0.407050 -0.173780 
0.877966 0.308695 0.133209 
-0.300523 0.459486 -0.340718 
-0.090610 -0.525054 -0.244042 
-0.817175 0.427186 -0.130343 
0.524227 0.479803 -0.353125 
0.048904 -0.534742 0.217655 
0.877458 -0.307405 0.250517 
-0.901812 -0.186297 0.360986 
0.719349 0.590435 -0.162776 
-0.895713 0.216285 -0.243908 
0.505416 0.195595 0.137189 
0.305427 0.443710 -0.321085 
0.388498 -0.841234 -0.214434 
0.681817 0.015141 0.367206 
-0.119344 0.565894 0.066549 
0.666039 -0.268588 -0.353125 
-0.920230 0.037626 -0.021176 
-0.002136 0.583456 -0.108874 
-0.664694 0.229595 -0.353125 
-0.583541 0.716530 0.175596 
-0.090955 0.563330 0.274923 
0.225425 0.501161 0.232270 
-0.618179 -0.683507 -0.085845 
0.634947 -0.677134 -0.348550 
0.900475 -0.233579 -0.079195 
-0.710297 0.589807 -0.318596 
0.511432 -0.216844 0.242217 
0.625225 -0.685573 0.367206 
-0.254076 0.888634 -0.353125 
-0.420289 0.330358 0.216874 
0.029033 0.691091 -0.353125 
-0.383565 0.430347 -0.130879 
0.211491 -0.900968 -0.140182 
0.024918 -0.924156 0.175859 
-0.243869 -0.752654 0.367206 
-0.721782 -0.572300 0.241488 
0.180138 -0.693427 -0.353125 
0.715717 0.367141 0.367206 
-0.314961 0.870087 0.067523 
-0.092331 0.546291 -0.344366 
-0.428411 -0.333151 -0.336664 
0.396640 0.840412 -0.334457 
0.928398 0.066741 0.151052 
0.567157 -0.122529 -0.077237 
-0.208496 -0.664468 -0.353125 
-0.432687 -0.316810 0.222191 
-0.530953 0.230298 -0.107372 
-0.909148 0.102539 0.367206 
-0.019070 -0.755927 0.367206 
-0.906290 -0.163823 -0.332034 
-0.546734 -0.138927 -0.353125 
0.080111 -0.555880 -0.174563 
0.565609 0.737840 0.207335 
0.546775 -0.749520 0.029741 
-0.504885 0.584742 0.367206 
0.703381 0.608699 0.098249 
0.853977 -0.014008 -0.353125 
0.516701 0.085125 -0.300858 
0.896604 0.249602 -0.190539 
-0.290276 -0.493971 -0.053201 
-0.488867 -0.561234 -0.353125 
0.079405 0.778588 0.367206 
-0.586273 -0.014867 0.312499 
-0.476438 -0.761591 0.367206 
-0.153197 0.913553 0.359035 
0.764487 0.165624 0.367206 
0.166700 0.557243 -0.122569 
-0.854659 -0.343453 0.176049 
0.535987 -0.756852 -0.222967 
0.251644 -0.798720 0.367206 
-0.279767 0.501643 0.032111 
-0.439834 0.813732 0.187903 
-0.724250 0.440879 0.367206 
-0.686016 -0.312445 0.367206 
-0.370273 -0.844992 -0.238698 
-0.756220 -0.473799 -0.353125 
0.918280 -0.148354 0.284953 
0.663773 0.381672 -0.353125 
0.272316 0.509725 0.044614 
-0.413849 -0.824270 0.068576 
-0.355184 -0.456045 0.295503 
0.586200 -0.524304 0.367206 
-0.544283 0.179649 0.056235 
0.716463 -0.591159 -0.231707 
-0.388969 0.469159 0.347947 
-0.494919 -0.279766 -0.021570 
0.737322 -0.374739 0.367206 
0.411403 -0.830377 0.160749 
0.417004 -0.358627 0.120076 
0.832862 -0.404374 -0.353125 
0.810297 -0.455058 0.232084 
0.248548 -0.525579 -0.126084 
0.882622 -0.293063 0.070669 
-0.703078 0.598223 -0.157128 
-0.753370 0.043719 -0.353125 
-0.523815 0.120745 -0.225656 
-0.547523 -0.054326 -0.193599 
0.420117 0.376227 -0.182739 
-0.133377 0.916692 -0.140987 
-0.687662 -0.477917 0.367206 
0.373753 0.458656 0.305344 
-0.640088 0.416424 -0.353125 
0.441304 0.817844 -0.040064 
-0.159271 0.912591 0.186115 
0.842966 0.395220 -0.164195 
0.194882 0.602005 -0.353125 
-0.180584 -0.905744 -0.177723 
0.929304 -0.049729 -0.042936 
0.541601 -0.100055 -0.335367 
0.282962 -0.504953 0.061823 
-0.876923 -0.281807 -0.140576 
0.721935 -0.584401 0.056067 
0.175795 0.911485 0.211628 
0.502968 0.600375 0.367206 
0.218964 -0.899297 0.035361 
0.574290 0.062563 0.058742 
0.319528 -0.576956 -0.353125 
0.492022 0.306197 0.283005 
-0.919749 -0.050232 0.289189 
-0.886502 0.251538 0.123264 
0.534880 0.183041 -0.179385 
-0.606751 0.696284 -0.056879 
-0.574531 0.002760 0.075371 
-0.266477 -0.883802 0.152096 
-0.360791 0.790889 0.367206 
-0.372949 0.594224 -0.353125 
0.530803 0.763076 -0.333275 
-0.546944 0.683621 -0.353125 
0.019499 -0.562151 -0.353125 
0.337547 -0.805338 -0.353125 
0.722666 0.526190 0.367206 
0.311355 -0.431890 -0.253673 
0.582104 -0.085511 0.299331 
-0.513024 0.219356 0.260283 
-0.433173 0.817126 -0.202338 
-0.070148 -0.921377 -0.061432 
-0.019282 0.926734 0.124293 
0.071832 -0.858798 -0.353125 
-0.075338 -0.543696 0.113886 
0.926423 0.087633 -0.196677 
0.613845 0.698440 -0.199728 
0.050715 0.534170 0.212042 
0.749314 0.551805 -0.310043 
0.221197 0.733006 0.367206 
0.080253 0.924025 -0.304000 
0.478104 -0.325159 -0.139227 
0.534895 -0.544528 -0.353125 
-0.320136 -0.865523 -0.098125 
-0.920995 0.013270 -0.187466 
0.272070 0.887651 0.005707 
0.394566 0.423201 0.012971 
0.627159 -0.277717 0.367206 
-0.688599 -0.294635 -0.353125 
-0.556114 -0.110340 -0.031078 
0.532686 -0.328726 -0.353125 
-0.810281 0.262896 -0.353125 
-0.091348 -0.868831 -0.353125 
-0.796485 -0.462283 0.115014 
0.548976 0.112896 0.248860 
0.852697 -0.370032 -0.057938 
0.245623 -0.537017 0.309618 
0.879930 -0.300540 -0.209347 
0.819241 -0.064580 0.367206 
-0.259461 -0.477333 -0.213432 
0.916756 0.160683 0.299160 
-0.561291 -0.546013 0.367206 
0.884444 0.290703 -0.020583 
-0.632007 0.673687 0.349831 
-0.512894 -0.060480 0.188116 
-0.799683 0.459577 0.031230 
0.731298 -0.572330 0.215382 
-0.746783 -0.183915 0.367206 
-0.550003 -0.739844 -0.196790 
0.555660 -0.126002 0.090090 
-0.366878 0.409172 0.112756 
-0.823582 -0.411909 -0.131110 
0.800833 -0.143973 -0.353125 
-0.470605 0.399033 -0.353125 
-0.115964 -0.916748 0.120895 
-0.523038 0.184275 -0.350592 
0.491487 -0.786253 -0.093636 
0.668052 0.647182 -0.045509 
0.166457 -0.501869 0.151189 
-0.771392 0.114639 0.367206 
-0.246755 -0.538289 0.319880 
-0.071228 -0.889184 0.367206 
0.513331 0.628274 -0.353125 
-0.250470 -0.888453 0.351787 
0.413662 -0.332255 -0.261264 
0.405784 -0.444045 0.326703 
0.814168 0.294876 -0.353125 
-0.737145 0.555195 0.137470 
0.750766 -0.547232 -0.099196 
0.355596 0.858173 0.262221 
0.120871 -0.917482 -0.239421 
0.008204 -0.575877 -0.051579 
0.550923 -0.060577 -0.206657 
-0.162090 0.790130 -0.353125 
-0.909714 0.144908 -0.130608 
-0.226991 -0.527755 0.060468 
-0.853764 0.348222 -0.249659 
0.545250 0.189952 -0.015024 
0.841754 0.397669 0.292065 
0.503108 -0.633037 0.367206 
0.350470 -0.709898 0.367206 
0.794881 0.109041 -0.353125 
0.003868 0.927462 -0.006177 
-0.915989 -0.094396 -0.017465 
-0.898987 0.201636 0.276549 
0.122737 0.911733 0.367206 
-0.544809 -0.275404 -0.353125 
-0.768913 0.509789 -0.233513 
-0.680641 0.317910 0.367206 
0.029336 -0.599264 0.329219 
0.858165 -0.252709 0.367206 
-0.234345 0.760522 0.367206 
-0.512532 -0.747944 -0.353125 
-0.619109 0.516841 0.367206 
-0.095325 0.548219 -0.191688 
-0.508353 -0.203864 0.243709 
0.292200 0.881717 -0.271187 
0.439272 -0.345834 0.250268 
-0.360190 0.388792 -0.250314 
-0.462898 0.329027 -0.153268 
-0.886387 -0.249229 -0.000701 
-0.570107 -0.724249 0.258316 
-0.652886 -0.650107 -0.231236 
0.660720 0.654514 0.217767 
0.489657 0.303414 0.072826 
-0.661820 -0.641173 0.154523 
-0.326999 -0.399566 0.186348 
-0.273816 0.518001 0.304015 
0.134236 0.918067 -0.081021 
0.827402 0.425837 0.101135 
0.346802 0.731538 0.367206 
-0.619167 -0.545407 -0.353125 
0.159827 0.914014 -0.207619 
0.564397 -0.736079 0.251468 
-0.264144 -0.776039 -0.353125 
-0.920471 -0.027241 0.087333 
0.407568 0.361687 -0.328281 
0.923489 -0.115464 -0.336363 
-0.876707 -0.282550 0.281921 
-0.528268 -0.755614 0.013755 
-0.188214 -0.541275 -0.131995 
-0.796355 -0.462502 0.245928 
-0.321592 -0.400482 -0.286851 
-0.441948 -0.509344 0.367206 
-0.233436 0.896104 -0.057148 
-0.816379 -0.258023 -0.353125 
-0.350309 -0.813422 0.367206 
0.153058 -0.912384 0.137806 
0.061007 0.809195 -0.353125 
-0.809521 0.442206 0.279567 
0.910757 0.191660 0.127388 
-0.660327 0.645368 0.092581 
0.191610 -0.905412 0.313434 
-0.852845 0.350346 0.014684 
0.929321 -0.049199 0.187085 
0.457381 0.809125 0.195658 
-0.826012 0.142919 -0.353125 
-0.339656 0.860942 -0.272397 
0.218045 0.611677 0.367206 
0.462474 -0.343114 -0.015556 
-0.176338 0.489848 -0.278868 
-0.912396 0.127980 0.077873 
-0.817504 -0.058111 -0.353125 
-0.858889 0.335184 0.255194 
0.508177 -0.775750 -0.352100 
0.396375 0.515103 -0.353125 
-0.090883 0.688960 -0.353125 
0.193390 0.502254 -0.243179 
-0.872379 0.297716 -0.136754 
-0.094694 0.921758 -0.254014 
0.557956 0.743775 0.328352 
0.038945 -0.923715 -0.125690 
0.810424 0.055636 0.367206 
0.347119 -0.859140 0.329447 
-0.907218 -0.157963 0.240042 
0.669263 0.099532 -0.353125 
0.742952 0.560008 -0.016458 
0.599078 0.347058 0.367206 
-0.495041 -0.643805 0.367206 
-0.465567 -0.338424 -0.125608 
-0.058783 0.512653 0.173375 
0.390617 0.843018 -0.192182 
-0.356908 0.853478 -0.060900 
0.633730 0.543652 -0.353125 
-0.128126 -0.578981 -0.353125 
-0.071483 -0.570882 -0.137383 
0.640538 -0.671994 0.049900 
0.312335 0.759486 -0.353125 
0.580082 0.266791 -0.353125 
0.651569 -0.135762 -0.353125 
0.307317 -0.873572 0.107558 
-0.561401 0.116304 0.288282 
0.512744 -0.772647 0.138743 
0.788698 -0.491581 -0.289928 
-0.480717 -0.298093 0.092431 
-0.341752 -0.614395 -0.353125 
-0.418269 -0.447745 -0.353125 
-0.133808 0.558376 -0.048427 
-0.366153 0.437550 -0.011323 
-0.466037 0.261075 0.136076 
-0.430906 0.694450 -0.353125 
0.787124 0.496944 -0.159690 
-0.616740 -0.684775 0.035837 
-0.049582 0.620552 0.366189 
-0.127881 -0.542936 0.257004 
0.139453 0.725633 -0.353125 
0.547756 -0.215166 -0.353125 
-0.026765 -0.923798 0.049407 
0.774905 -0.304063 -0.353125 
0.551278 0.748957 -0.096061 
-0.040271 0.852557 0.367206 
-0.409202 0.664043 0.367206 
0.929195 0.055918 0.035996 
-0.797058 -0.288234 0.367206 
-0.551528 0.319307 -0.353125 
-0.315354 0.785337 -0.353125 
-0.136719 -0.796810 0.367206 
0.912999 -0.178926 -0.177254 
-0.791479 -0.470749 0.002497 
-0.130165 -0.745738 -0.353125 
-0.564107 0.731605 0.065478 
-0.525823 0.759978 -0.135208 
-0.888917 -0.240525 -0.251831 
0.306488 -0.697574 -0.353125 
-0.670329 0.066097 0.367206 
0.089431 0.569004 -0.042339 
-0.487503 -0.782967 0.196366 
0.541157 -0.229051 -0.097524 
0.061949 -0.551665 0.108380 
0.883346 0.293751 0.243397 
0.387009 -0.428383 0.027519 
-0.497414 0.315397 0.314172 
0.194656 0.511158 0.125852 
0.857917 0.360669 -0.274223 
-0.466050 -0.217457 -0.301624 
-0.527155 -0.294022 0.342890 
-0.298891 0.466966 -0.190968 
-0.797463 -0.460630 -0.251919 
-0.380005 -0.430951 -0.062594 
-0.761831 0.520210 -0.106531 
0.847010 -0.380853 0.367206 
-0.172733 0.584781 0.344965 
0.285351 -0.621533 0.367206 
0.268655 -0.885941 -0.257719 
-0.916215 0.094693 -0.264951 
0.623487 0.474694 0.367206 
0.769518 0.522935 0.091781 
-0.253185 -0.635680 0.367206 
-0.508061 0.772048 -0.279913 
0.604550 0.087316 0.338297 
-0.277679 0.860356 0.367206 
0.292860 -0.878777 -0.072315 
0.575021 -0.190528 0.330834 
-0.697299 -0.048030 -0.353125 
0.718452 -0.588890 -0.339162 
0.576352 -0.048200 -0.000830 
-0.636649 -0.091710 0.367206 
0.847736 -0.381496 0.131615 
0.258109 0.891707 0.146547 
0.509279 0.777704 0.089869 
-0.353176 0.430798 0.255133 
-0.191191 -0.483195 -0.306001 
0.281763 0.443439 0.162986 
0.484311 0.291655 -0.179806 
-0.725871 0.327355 -0.353125 
-0.662790 0.114238 -0.353125 
-0.717408 0.489087 -0.353125 
-0.653693 0.652001 0.226204 
0.079068 -0.816937 0.367206 
-0.479189 -0.787884 -0.260846 
0.805265 -0.463567 -0.043435 
0.551798 0.045647 -0.209112 
0.929741 0.038536 -0.301232 
0.443361 0.511787 0.367206 
0.909323 -0.195371 0.190951 
-0.716655 -0.578910 0.346464 
0.338491 0.437390 -0.208697 
-0.848523 -0.077867 0.367206 
0.530568 -0.734263 0.367206 
-0.197859 0.904584 -0.255623 
-0.194012 0.572864 -0.353125 
0.513761 0.212863 0.241353 
0.699367 -0.610550 0.307210 
0.433212 0.732070 -0.353125 
-0.689235 -0.611223 -0.110347 
-0.511887 -0.025805 -0.287230 
0.046014 0.585267 -0.353125 
-0.150946 0.903211 -0.353125 
-0.715436 -0.580480 -0.335198 
-0.629595 -0.209127 -0.353125 
0.079481 0.924098 0.175215 
0.445112 -0.271646 0.168861 
0.636116 -0.433710 0.367206 
0.281888 0.539076 -0.353125 
-0.300879 -0.872456 0.040560 
0.242514 0.524067 -0.059646 
0.355354 0.834159 0.367206 
-0.641599 0.664094 -0.299679 
-0.533695 0.754628 0.257188 
0.444387 0.282620 0.162621 
-0.323846 -0.473840 0.061220 
0.089070 0.551307 -0.189494 
-0.563045 0.257044 0.367206 
0.192435 -0.586244 -0.353125 
-0.178125 0.520037 0.239072 
-0.915324 -0.101421 -0.251540 
0.120888 -0.562401 0.284497 
0.214796 -0.797695 -0.353125 
0.529187 0.083058 0.147690 
-0.776197 -0.496369 -0.099768 
0.084790 -0.920894 0.258084 
-0.778863 0.344012 0.367206 
0.632495 0.681998 0.104947 
-0.534874 -0.199697 -0.074373 
0.803193 0.469773 -0.256114 
0.072413 -0.705786 0.367206 
0.632314 -0.364105 -0.353125 
-0.652301 -0.650692 0.254912 
0.788487 0.439635 0.367206 
0.514040 -0.127546 0.194772 
0.550444 0.164878 -0.353125 
0.676610 0.273873 0.367206 
-0.274735 -0.881403 -0.205023 
0.178441 0.827574 0.367206 
0.271293 0.537033 0.325033 
0.579551 0.026134 -0.353125 
0.069246 -0.519908 -0.267769 
-0.423876 0.498335 -0.353125 
-0.917237 -0.081183 0.176448 
0.611522 -0.697787 -0.192400 
-0.328811 -0.852482 -0.353125 
-0.446357 0.810003 0.287670 
0.431342 -0.820218 -0.302189 
-0.177577 0.504807 0.140332 
0.125681 -0.565237 -0.086434 
0.846501 -0.384350 -0.251621 
-0.074110 0.923704 0.262589 
0.667616 -0.083431 0.367206 
-0.556894 0.043372 -0.172483 
-0.387647 -0.716670 0.367206 
-0.619060 -0.385919 0.367206 
0.852744 0.372623 -0.066932 
-0.012099 -0.924259 -0.330679 
-0.856148 0.186100 0.367206 
0.892178 0.264835 -0.300613 
0.927305 0.078306 -0.090634 
-0.081301 0.923024 -0.055433 
-0.053018 -0.922973 0.259694 
0.492039 -0.496566 0.367206 
-0.549135 -0.118314 0.268884 
0.299489 -0.488049 -0.033332 
-0.400706 0.833669 0.097774 
0.426910 0.399511 -0.087904 
0.317773 -0.458495 -0.347629 
0.514807 0.339494 -0.353125 
0.033816 0.679007 0.367206 
0.188903 -0.513260 -0.214220 
-0.023406 0.579323 0.077919 
-0.849629 0.025479 0.367206 
-0.425320 -0.332844 -0.219394 
-0.301668 -0.872172 0.266498 
-0.560294 0.133987 -0.125034 
-0.233357 0.896126 0.112925 
0.772760 -0.515464 0.148883 
0.520986 -0.447910 -0.353125 
0.236779 0.699319 -0.353125 
-0.440888 -0.377071 0.300401 
0.128582 -0.916260 -0.091062 
0.357899 0.857177 -0.067743 
-0.460128 -0.662319 -0.353125 
0.703874 0.608141 0.321575 
-0.161288 -0.683621 0.367206 
-0.736860 -0.377058 -0.353125 
0.424293 0.355734 0.237423 
0.188291 0.546112 0.018454 
0.414375 -0.588111 -0.353125 
0.929588 -0.040700 0.051574 
0.917652 -0.152319 -0.033250 
0.368208 -0.426007 -0.177900 
0.100009 -0.612308 -0.353125 
0.247579 0.512315 -0.164734 
-0.006893 0.543302 -0.225578 
0.738136 -0.404936 -0.353125 
-0.705555 0.565511 0.367206 
-0.901605 -0.187224 -0.075919 
0.609067 0.581300 0.367206 
-0.765178 0.210531 0.367206 
-0.636687 0.537626 -0.353125 
0.734316 0.458395 -0.353125 
0.437495 0.667757 0.367206 
-0.884803 -0.254685 0.171845 
-0.479955 0.481475 0.367206 
0.191309 0.908181 -0.301739 
-0.512764 0.768852 0.143697 
-0.142680 0.670524 0.367206 
-0.910072 0.142653 -0.037119 
-0.441635 0.396880 0.321026 
-0.778840 -0.492119 0.353270 
0.673459 0.145363 0.367206 
0.466751 0.803583 -0.274864 
0.505527 -0.197536 0.134054 
0.348353 -0.421147 0.124711 
-0.002109 0.927275 -0.250395 
-0.917935 -0.073811 -0.350901 
-0.553246 -0.139561 -0.142487 
-0.027108 -0.561622 0.263405 
-0.864729 -0.316264 0.080049 
-0.565342 -0.091598 0.059120 
0.402318 -0.835006 -0.093542 
0.206680 -0.533105 -0.033124 
0.757683 0.022270 -0.353125 
0.913939 0.177428 -0.135499 
0.795942 0.267831 0.367206 
0.821483 0.197306 -0.353125 
0.896900 0.097015 0.367206 
-0.005605 -0.574614 0.039523 
-0.247796 0.516720 -0.052950 
-0.461123 -0.226283 0.168014 
0.469597 -0.799198 0.031628 
-0.013173 0.573764 -0.013139 
0.672586 0.642648 -0.242841 
0.923973 -0.110848 -0.116786 
0.541529 -0.167350 -0.173938 
-0.345540 0.547573 0.367206 
-0.444068 -0.355885 -0.026471 
0.521695 -0.005570 -0.288691 
0.352187 -0.856947 0.237988 
0.849717 0.379618 0.025453 
0.554583 -0.163106 0.006617 
-0.453462 0.805801 -0.103639 
0.828581 -0.156001 0.367206 
-0.575380 -0.048059 -0.094574 
0.746694 -0.284229 0.367206 
-0.444327 0.365631 -0.058972 
0.370336 -0.416116 0.248005 
-0.192200 0.541074 0.018598 
-0.496147 0.243941 -0.189760 
0.188403 0.513734 -0.332723 
-0.390532 -0.836151 -0.146817 
0.853755 0.177930 0.367206 
0.100391 -0.773409 -0.353125 
0.066626 -0.922611 0.080319 
-0.590530 -0.060429 -0.353125 
-0.519055 0.067826 -0.312830 
-0.202711 -0.900798 -0.090990 
0.734371 0.571069 0.176669 
-0.757969 -0.523191 0.167901 
-0.565434 0.092813 0.057681 
-0.487490 0.171748 0.186808 
-0.392077 -0.835364 -0.036628 
0.148884 0.563235 0.292585 
-0.343055 0.679629 -0.353125 
0.918491 0.149726 0.205534 
-0.160479 -0.519033 0.121977 
-0.388842 -0.531714 -0.353125 
0.904920 0.217775 0.032781 
-0.350058 -0.853741 0.154240 
0.540512 -0.272350 0.330690 
0.454469 0.357878 0.008970 
0.843182 0.394722 0.182669 
-0.095554 -0.918975 -0.156402 
-0.540341 -0.477951 -0.353125 
-0.032297 -0.802816 -0.353125 
0.750585 0.364472 -0.353125 
0.516816 0.772581 -0.010289 
-0.156692 -0.910298 0.359634 
0.218785 -0.495057 0.221687 
-0.906711 0.163867 0.157935 
0.602152 -0.706047 -0.037276 
-0.916435 0.092374 0.274692 
0.110399 0.520567 0.149097 
-0.509289 0.260301 0.031676 
-0.573289 -0.021950 -0.011045 
0.454511 -0.273066 -0.311090 
-0.493385 -0.402955 -0.353125 
0.333452 -0.491254 0.313467 
0.310143 0.857458 -0.353125 
-0.905113 0.173961 -0.319679 
0.028689 0.576972 0.284845 
0.912437 -0.181442 -0.280393 
0.567491 0.102896 -0.029459 
0.767268 -0.523545 0.279682 
0.583197 -0.029786 -0.085581 
-0.342376 -0.522413 0.367206 
-0.015140 -0.547450 -0.207499 
0.222000 -0.717168 0.367206 
-0.557738 0.453439 -0.353125 
-0.560272 -0.731878 0.360419 
0.846245 -0.384942 0.273113 
-0.877718 0.281775 -0.302359 
-0.389403 -0.353437 0.148242 
0.576199 0.031500 0.278772 
-0.499555 -0.123480 -0.282446 
-0.784450 0.485334 0.155517 
-0.740258 -0.548480 -0.041182 
0.436164 -0.700464 0.367206 
-0.828616 0.404731 -0.047609 
-0.068289 -0.651579 -0.353125 
0.431634 0.822771 0.281854 
0.332512 0.464705 0.086565 
-0.279166 -0.453118 0.138885 
-0.526553 -0.756779 -0.092553 
-0.261171 -0.580786 -0.353125 
-0.540855 0.749641 -0.024607 
-0.300243 -0.689132 -0.353125 
-0.579383 -0.462472 0.367206 
-0.433302 -0.792858 -0.353125 
0.703021 -0.606406 -0.148791 
0.892067 0.265218 -0.106753 
-0.647119 0.396365 0.367206 
0.920605 0.136378 0.063192 
0.566897 -0.734139 -0.299014 
-0.223803 0.898785 0.313600 
0.320702 0.451560 0.239159 
-0.718746 -0.390973 0.367206 
0.556550 0.744867 -0.254485 
0.688553 -0.622817 0.128850 
-0.117883 0.919146 0.112429 
-0.921367 0.001256 -0.103568 
0.013904 0.917610 0.367206 
0.570531 -0.016474 0.088642 
-0.906455 -0.162787 0.031157 
-0.670352 0.635342 -0.225707 
0.620950 0.692176 -0.099153 
0.787282 -0.442634 0.367206 
0.550628 0.207351 -0.097250 
0.496161 -0.783489 0.237781 
0.656018 -0.656514 -0.269680 
0.215030 0.902878 0.075190 
0.356754 -0.390965 -0.311432 
-0.143060 -0.912457 -0.303413 
-0.542738 0.002990 0.234010 
-0.003983 -0.671460 0.367206 
-0.527768 -0.215839 0.026522 
0.869607 0.068224 -0.353125 
0.607584 0.443700 -0.353125 
-0.014962 0.774522 -0.353125 
0.614207 0.698121 0.286829 
0.501752 0.185621 -0.255977 
0.918029 0.152643 -0.257681 
-0.469792 -0.793442 0.277172 
0.245852 0.895268 0.253817 
0.162207 -0.810900 0.367206 
-0.456131 0.317034 -0.350927 
0.843698 -0.390827 0.022130 
-0.388387 0.390615 -0.344059 
-0.488291 0.297631 -0.077826 
0.594609 -0.606849 0.367206 
-0.487454 -0.147988 0.175798 
-0.634184 0.312189 -0.353125 
0.173005 0.911926 0.294381 
0.882610 -0.293093 0.153426 
0.752970 0.547091 -0.224621 
-0.602634 -0.697212 -0.276913 
0.437190 0.586955 -0.353125 
-0.290907 0.584631 -0.353125 
-0.551305 0.671310 0.367206 
-0.266317 -0.508747 -0.130770 
-0.921245 -0.002606 0.221908 
-0.557043 -0.607528 -0.353125 
0.502624 -0.634603 -0.353125 
0.676780 -0.635753 0.232163 
-0.285888 -0.476832 0.256311 
-0.604855 0.697955 0.273669 
0.504547 0.359933 0.354158 
-0.623409 0.681597 0.022123 
0.732458 -0.220465 -0.353125 
0.616396 0.696191 -0.282247 
-0.658519 -0.193154 0.367206 
-0.855952 -0.340464 -0.087540 
-0.030728 -0.521414 0.192250 
-0.031569 -0.519661 -0.305471 
0.127410 -0.916446 -0.336658 
-0.345621 0.858361 0.321790 
-0.396836 0.835640 0.008165 
-0.693608 0.608963 -0.067601 
0.520773 -0.117399 -0.256729 
-0.808926 -0.163211 -0.353125 
-0.632757 0.672937 -0.149048 
-0.601221 0.120575 0.359072 
-0.919803 0.051235 0.108355 
0.878982 -0.303171 -0.128186 
-0.004384 0.522261 -0.303919 
0.593618 -0.357768 0.367206 
-0.668300 -0.480838 -0.353125 
0.869672 -0.329032 -0.329807 
0.590049 -0.716181 0.112394 
0.389474 -0.801297 0.367206 
-0.281891 0.476808 0.109197 
-0.196710 -0.902140 0.084791 
0.261114 -0.515802 -0.353125 
0.553900 -0.744221 -0.145234 
-0.847204 0.349473 -0.353125 
0.207684 -0.538576 0.051600 
0.355114 0.389772 -0.273757 
-0.531485 0.203614 -0.021271 
-0.735040 0.150144 -0.353125 
0.125098 0.561521 -0.353125 
-0.880196 0.273244 0.200649 
0.206719 0.904736 -0.117628 
0.902312 -0.226738 0.294209 
-0.424969 0.353675 0.108743 
-0.840594 0.378656 0.320325 
-0.607225 -0.296683 0.367206 
0.115200 0.684237 0.367206 
-0.055627 0.925451 -0.158501 
0.590137 -0.602631 -0.353125 
0.283027 -0.881767 0.285528 
0.079942 0.924055 -0.223865 
-0.478760 -0.788138 0.098361 
0.757033 0.541307 -0.092865 
0.262336 -0.481995 -0.211354 
0.670001 0.645233 0.034183 
-0.756932 0.527420 0.316784 
-0.672344 -0.630381 0.018425 
-0.863265 0.323033 0.088736 
0.005641 0.927463 -0.345272 
0.013331 -0.924520 0.303543 
-0.829438 -0.400416 -0.210951 
0.344146 0.863015 0.028200 
-0.556340 0.114075 -0.018231 
-0.189572 -0.802898 -0.353125 
-0.806801 0.447541 -0.264607 
0.547089 0.181240 0.071412 
0.555497 0.674893 0.367206 
-0.813562 -0.395914 -0.353125 
-0.758179 0.525584 0.042678 
0.884174 -0.288752 -0.025386 
-0.328744 0.477108 -0.099218 
-0.485090 -0.292802 0.276400 
-0.378701 0.844046 0.227008 
0.196525 0.907015 -0.003528 
0.675468 -0.637064 -0.037246 
0.500984 -0.279161 -0.052483 
0.504069 0.781245 0.285412 
0.901604 0.232392 0.198286 
-0.104457 -0.918133 -0.235653 
-0.314569 0.408116 0.170839 
-0.312659 0.729436 0.367206 
-0.307670 -0.707698 0.367206 
0.327384 0.869049 0.175344 
0.674050 0.291425 -0.353125 
-0.071613 0.923939 0.366960 
0.927544 -0.073082 0.302840 
0.275734 -0.872709 0.367206 
-0.920713 -0.019525 -0.257992 
0.028278 0.545110 0.124850 
0.850244 -0.375699 -0.135423 
-0.775626 -0.104706 0.367206 
0.178853 -0.576718 0.334153 
0.284298 0.778232 0.367206 
-0.420012 0.823831 -0.278487 
-0.165842 -0.509775 -0.233244 
-0.894551 0.221482 0.042800 
-0.234864 0.895689 0.190351 
-0.094141 0.515008 -0.273572 
-0.390015 -0.379694 0.236931 
-0.146129 -0.554971 0.046313 
-0.816564 -0.425683 -0.055280 
-0.138146 0.838089 0.367206 
0.007481 -0.577795 -0.128915 
0.139155 -0.914586 0.027155 
-0.870196 -0.263228 0.367206 
0.441396 0.817797 -0.117311 
-0.372502 0.846729 -0.164895 
0.453365 -0.808798 -0.156811 
-0.920512 0.028658 0.337096 
-0.777237 0.497531 -0.031925 
0.670218 -0.212709 0.367206 
0.191370 -0.905465 -0.036255 
-0.274569 -0.881452 -0.031224 
0.930336 -0.016871 -0.112408 
-0.557430 0.188975 0.315143 
-0.410988 0.369160 -0.193245 
0.929791 -0.034238 -0.276709 
0.440163 0.818425 0.090980 
0.576605 0.028744 -0.012009 
0.747453 -0.551503 -0.022723 
-0.456117 0.803436 0.367206 
0.528962 0.515522 0.367206 
-0.516499 -0.256020 -0.122909 
0.460834 -0.566506 0.367206 
-0.627033 -0.675700 -0.163866 
0.278964 0.615446 -0.353125 
0.625235 0.183584 -0.353125 
0.316494 -0.870269 -0.318764 
-0.342354 -0.439415 -0.353125 
-0.238410 0.790147 -0.353125 
-0.523464 0.128331 0.126637 
0.790126 0.350389 0.367206 
0.902630 -0.225314 0.121172 
-0.218903 0.899880 -0.131858 
0.743636 0.559126 0.278907 
0.251668 -0.644671 -0.353125 
-0.040792 0.601691 -0.353125 
-0.171889 -0.907687 0.171809 
-0.354965 0.854318 -0.346717 
0.929597 0.043131 0.256332 
0.426514 -0.345675 -0.335119 
-0.221829 -0.896524 0.279161 
-0.291271 0.878617 -0.010831 
0.451743 0.415827 0.344494 
0.444931 0.296152 -0.256082 
-0.322417 -0.454889 -0.177050 
0.462714 0.805971 -0.350779 
0.587826 0.370256 -0.353125 
-0.270484 0.446956 -0.271988 
0.287163 -0.880565 0.007473 
-0.857828 0.338132 -0.069758 
-0.861556 -0.319154 -0.353125 
0.366828 0.853313 -0.265760 
0.737019 0.075180 0.367206 
0.133033 -0.523011 0.220739 
0.909009 -0.196777 0.049971 
-0.099865 -0.918567 0.008282 
-0.676735 -0.009434 0.367206 
0.750711 -0.096794 0.367206 
-0.458686 -0.268173 -0.240278 
0.321217 0.479669 -0.004728 
0.807253 0.462908 -0.094585 
-0.916593 0.090709 -0.182821 
-0.915233 -0.102392 0.084008 
0.562126 0.567123 -0.353125 
-0.470909 0.795483 0.075727 
-0.904305 -0.175145 -0.217742 
-0.050325 -0.923057 0.173566 
-0.895238 0.218409 -0.123222 
0.799485 -0.068719 -0.353125 
0.060300 0.858446 0.367206 
0.602217 -0.059318 -0.353125 
0.392096 0.440119 -0.353125 
-0.491815 0.176481 -0.264469 
0.369549 0.445344 -0.072916 
-0.888276 -0.233438 -0.353125 
0.568282 0.735767 0.108988 
0.557513 0.284858 0.365278 
-0.590097 0.223814 -0.353125 
-0.296077 0.876886 0.148866 
0.721792 -0.110070 -0.353125 
0.439753 -0.384555 -0.114938 
0.534769 0.116659 -0.224553 
-0.602660 0.336442 0.367206 
-0.793220 -0.467805 -0.170096 
0.288585 0.653953 0.367206 
0.465398 -0.801682 -0.238553 
-0.915295 -0.101733 0.344417 
0.239408 -0.894438 0.129802 
0.487128 -0.336137 0.307713 
-0.187861 -0.600088 0.367206 
0.930520 0.013765 -0.189374 
-0.532064 0.038229 0.135419 
0.087131 0.923374 -0.002922 
0.611421 -0.032064 0.341538 
-0.138873 -0.503973 0.195020 
0.393347 -0.347684 0.189332 
-0.314386 -0.867593 -0.281589 
0.063880 -0.922871 -0.286290 
-0.758181 -0.522879 -0.259294 
-0.477079 0.702519 0.367206 
-0.440708 -0.432608 0.366251 
-0.617502 -0.684103 0.109780 
-0.690601 0.612376 0.151399 
-0.390730 -0.836050 0.309609 
-0.702889 0.142343 0.367206 
0.871699 -0.323399 0.322404 
0.236352 -0.485934 0.133371 
-0.597004 -0.336816 -0.353125 
0.202298 -0.903023 -0.230302 
0.346881 -0.859243 -0.135652 
-0.628087 0.610818 -0.353125 
-0.630617 -0.122261 -0.353125 
0.141106 0.892378 -0.353125 
0.920187 -0.136318 0.357484 
0.588190 0.720324 -0.350235 
0.464497 0.400975 -0.353125 
-0.214977 0.683502 0.367206 
-0.848608 0.360136 -0.167250 
0.739127 -0.491645 -0.353125 
-0.433047 -0.814489 0.149327 
-0.021867 0.740027 0.367206 
0.088759 -0.538925 -0.335869 
0.465010 -0.281328 -0.231291 
-0.781942 0.489577 0.230912 
-0.103940 -0.518798 -0.316986 
-0.153479 0.913508 -0.047562 
0.321159 -0.868590 -0.206220 
0.415719 -0.515012 -0.353125 
-0.851350 -0.351101 0.282545 
-0.823914 -0.411256 0.201725 
-0.198144 -0.538556 -0.353125 
0.654702 -0.556326 -0.353125 
0.184084 -0.907093 0.211368 
-0.492477 -0.779938 -0.176827 
0.158305 -0.843692 -0.353125 
0.698684 -0.471000 0.367206 
-0.526974 -0.123260 -0.214969 
0.894974 -0.063142 0.367206 
0.138847 -0.552501 0.093091 
-0.788948 -0.325441 -0.353125 
-0.467957 0.583021 -0.353125 
-0.089352 0.790030 -0.353125 
0.477005 -0.324146 0.053107 
0.553694 -0.146146 0.271261 
0.923282 -0.116770 -0.249265 
-0.163268 0.694583 -0.353125 
-0.633525 -0.550872 0.367206 
0.375667 -0.743803 -0.353125 
-0.769835 0.508433 -0.305847 
-0.730241 -0.235487 -0.353125 
0.571928 0.138280 -0.094859 
0.130942 0.635771 -0.353125 
0.921847 -0.038766 -0.353125 
-0.785480 0.483593 -0.164122 
0.259481 0.473491 -0.239331 
0.495365 -0.189500 -0.310644 
0.810542 0.457347 0.167966 
0.892102 -0.262396 -0.273358 
-0.435551 -0.291437 0.151020 
-0.123097 0.610818 -0.353125 
-0.402486 0.592342 0.367206 
0.497743 0.737322 0.367206 
0.475477 -0.278636 0.234274 
-0.566126 0.730039 -0.274992 
-0.141102 -0.912767 -0.055454 
-0.292160 -0.573625 0.367206 
0.468715 0.346259 -0.136052 
-0.582591 0.717267 -0.123566 
0.396051 0.409333 0.090507 
-0.762318 -0.516791 0.048788 
-0.268295 -0.445942 -0.307668 
0.562313 -0.687954 -0.353125 
0.176209 -0.547933 -0.133628 
0.390095 0.843244 0.197165 
-0.090984 -0.694984 0.367206 
-0.534609 0.753752 -0.353125 
0.755181 -0.541331 -0.169991 
0.006686 -0.888115 0.367206 
-0.217891 -0.897405 -0.244626 
-0.208234 0.902265 0.019263 
0.088967 -0.682444 -0.353125 
0.571204 0.159792 0.306268 
-0.550927 -0.688307 -0.353125 
-0.451380 -0.804330 -0.013286 
0.872642 0.005074 0.367206 
-0.487551 0.304086 0.084191 
-0.418185 -0.822060 -0.290510 
-0.234002 -0.519622 -0.018946 
-0.792637 0.413347 0.367206 
-0.710378 -0.587001 -0.237346 
-0.817372 -0.181572 0.367206 
-0.728525 0.566308 -0.220872 
-0.915362 0.101034 -0.353125 
0.764227 -0.528020 0.053221 
-0.918388 0.071721 -0.103823 
0.147473 -0.893859 0.367206 
-0.139235 0.557538 -0.137338 
0.249782 0.894126 -0.203429 
0.787220 0.496781 0.326120 
0.753710 0.253916 -0.353125 
-0.673400 0.631885 0.298897 
-0.602960 0.045596 0.344157 
-0.895479 -0.214627 0.297010 
0.067978 0.580214 -0.111235 
-0.597787 -0.701485 0.183206 
0.251733 0.893559 -0.338742 
-0.025124 -0.923849 -0.159671 
0.562554 0.740210 -0.176477 
-0.245315 0.501323 -0.351319 
0.372170 -0.848300 0.099645 
-0.334227 0.469151 0.061832 
-0.348928 -0.428118 0.107942 
0.323256 0.870536 -0.195227 
-0.593010 0.119324 -0.353125 
-0.333949 -0.780635 -0.353125 
0.104529 0.921730 0.283964 
0.044956 0.926228 0.052807 
0.016670 0.927117 0.205691 
-0.474832 0.288143 0.253969 
0.318794 -0.472134 -0.160392 
-0.677301 -0.624759 0.087844 
0.567291 0.094866 -0.353125 
0.366935 -0.642057 0.367206 
0.600093 -0.302185 -0.353125 
-0.419932 -0.809221 0.367206 
-0.582789 0.609147 0.367206 
0.567285 -0.423160 0.367206 
0.326320 -0.866730 0.174214 
0.364444 0.502756 0.358129 
0.871393 0.326954 0.065070 
-0.661355 -0.362476 -0.353125 
0.423038 -0.360122 -0.198543 
0.345516 -0.466189 0.072246 
-0.865150 -0.315095 -0.200095 
0.699538 0.434422 0.367206 
0.925143 -0.098472 0.009413 
-0.564624 0.583664 -0.353125 
0.508662 0.276470 0.012224 
-0.502755 0.204805 0.120708 
0.616215 -0.693648 0.266877 
-0.399478 0.413379 0.052452 
-0.340943 -0.455863 -0.002806 
-0.058673 0.925163 0.180471 
0.901084 -0.185598 -0.353125 
-0.376104 0.360420 0.160086 
0.478688 -0.389113 -0.353125 
-0.672018 0.633454 0.018356 
-0.877985 0.280853 0.300171 
0.662799 -0.612999 0.367206 
0.583285 0.641448 -0.353125 
-0.893263 -0.224546 0.076348 
0.507469 0.135487 0.185804 
0.808619 -0.457897 0.140551 
-0.377436 -0.366556 -0.254364 
0.522361 0.266363 -0.116313 
0.444420 0.332392 0.114748 
0.732500 -0.570780 0.130485 
0.192156 0.907991 0.142563 
0.342256 -0.396882 0.189253 
-0.596161 -0.607541 0.367206 
-0.453773 -0.697646 0.367206 
-0.420901 0.525767 0.367206 
-0.278220 -0.828632 0.367206 
-0.074530 0.923664 -0.318627 
0.862468 0.350155 0.337776 
-0.239352 0.492622 -0.210295 
-0.325267 -0.863675 0.329286 
0.897151 0.247721 0.303337 
-0.584921 -0.106004 0.326132 
0.703089 0.211706 0.367206 
-0.038712 0.926124 0.046248 
0.712053 0.598863 0.234381 
-0.267475 0.886215 -0.287032 
-0.674316 0.015362 -0.353125 
-0.746169 0.242099 -0.353125 
0.702964 0.609172 -0.100140 
-0.533658 -0.074949 0.125661 
0.110927 -0.918423 -0.155925 
-0.267509 0.555759 0.359254 
0.671368 0.643865 0.152320 
-0.126640 -0.565601 -0.099492 
-0.918754 -0.065146 -0.094106 
-0.167933 0.911219 0.278548 
-0.482327 -0.276818 -0.178060 
0.852759 0.349711 -0.353125 
0.429215 0.745158 0.367206 
0.516929 -0.229801 -0.175584 
0.906205 0.212023 -0.050581 
0.657447 0.657786 -0.169360 
0.298969 -0.536103 0.349865 
0.449433 0.474329 -0.353125 
-0.884890 0.257085 -0.192241 
-0.863095 -0.009806 -0.353125 
-0.051086 -0.814050 0.367206 
-0.857394 0.339337 0.163851 
0.251231 0.785214 -0.353125 
-0.723823 0.267610 0.367206 
0.601871 -0.465682 -0.353125 
-0.353746 0.530901 -0.353125 
0.657894 -0.523056 0.367206 
-0.506460 0.270930 -0.353125 
-0.472979 -0.270966 -0.339830 
0.143496 -0.719169 0.367206 
0.335220 0.578083 -0.353125 
0.164958 0.552047 -0.043072 
0.317452 -0.804346 0.367206 
-0.273028 0.510580 -0.118783 
-0.073446 -0.921065 -0.306764 
0.060171 -0.571708 0.036392 
0.049052 -0.567094 0.275073 
-0.056481 -0.557739 -0.353125 
0.260809 -0.445594 -0.293225 
-0.544859 0.069009 0.245934 
0.649725 -0.201293 -0.353125 
-0.487798 0.378040 0.363577 
0.707849 -0.346847 -0.353125 
-0.701353 -0.081614 0.367206 
-0.174331 -0.555949 0.301277 
-0.116186 0.526771 0.219079 
0.720479 0.588979 0.038252 
-0.047996 -0.613777 0.358715 
-0.898367 0.204413 0.211416 
-0.835861 -0.386891 0.070005 
0.431133 -0.820324 0.099472 
0.553968 -0.064094 0.244646 
0.180400 0.530650 -0.186129 
0.300394 0.685979 -0.353125 
-0.380051 0.779340 -0.353125 
0.091117 0.922998 -0.156370 
0.456509 -0.407561 0.344092 
0.900121 -0.197205 0.367206 
0.216299 -0.622683 0.367206 
-0.444639 -0.363196 0.078343 
0.531295 0.762743 0.158315 
-0.648600 0.657094 -0.087060 
-0.918914 0.066160 0.045459 
0.440457 -0.815573 0.244637 
-0.861637 -0.324851 0.349767 
-0.459330 -0.503823 -0.353125 
-0.394759 0.735993 0.367206 
-0.676798 -0.625330 0.325887 
0.556879 -0.741910 -0.080851 
-0.011796 -0.542945 0.124462 
0.365549 -0.672009 -0.353125 
0.123999 0.796157 -0.353125 
-0.779710 0.493350 0.366335 
0.529362 -0.076784 0.148183 
-0.544844 -0.743846 -0.297819 
-0.556746 0.501711 0.367206 
0.114521 -0.610281 0.365591 
0.067336 -0.922545 -0.202789 
-0.411535 0.334687 -0.247307 
0.351970 0.398325 0.198771 
-0.359100 -0.849827 0.089931 
0.061687 0.573187 0.020368 
0.740532 0.299975 0.367206 
0.815021 0.449773 0.266140 
-0.646604 0.590402 0.367206 
0.773793 -0.019535 0.367206 
0.894995 -0.252439 -0.163742 
0.836572 0.407839 -0.236645 
0.667138 -0.377780 0.367206 
-0.013213 0.536011 0.211797 
0.002678 0.798965 0.367206 
-0.526385 -0.236133 0.295737 
0.920281 -0.135728 0.171099 
-0.616176 -0.030788 0.366516 
-0.068167 -0.730862 -0.353125 
0.397026 0.840245 0.000867 
0.503663 0.193960 -0.321097 
-0.651657 -0.651335 -0.042213 
0.478297 0.221212 0.189088 
0.819933 -0.437793 -0.099819 
-0.676777 -0.625352 -0.177648 
0.548689 0.123912 0.102908 
-0.318996 0.474010 -0.033656 
0.370737 -0.848919 -0.293255 
0.225596 0.471957 -0.302476 
0.134487 0.517923 0.207886 
-0.667998 0.470455 0.367206 
-0.287811 -0.492612 0.012384 
-0.557334 -0.657808 0.367206 
-0.218563 0.551355 0.316466 
-0.188763 -0.520354 0.250741 
-0.731793 -0.268513 0.367206 
0.369828 0.730165 -0.353125 
-0.054018 -0.566943 -0.059733 
0.683378 0.631387 -0.308459 
-0.154302 -0.861592 -0.353125 
0.886314 0.229866 -0.353125 
0.708751 0.529187 -0.353125 
-0.325735 -0.863507 -0.172094 
0.247700 0.894731 -0.070457 
0.451483 0.371232 0.292401 
-0.504954 0.774160 -0.216767 
0.046852 -0.919761 -0.353125 
-0.877718 -0.279072 -0.077401 
-0.255343 -0.887037 0.214165 
-0.413968 -0.306975 -0.281051 
0.930743 0.006651 0.132184 
-0.920056 -0.040465 0.025725 
0.569393 0.096657 -0.150100 
0.504091 -0.260385 -0.353125 
0.253091 0.497784 0.106994 
-0.867614 -0.308250 0.009849 
0.884160 0.291490 -0.235645 
0.353627 0.669135 0.367206 
0.040874 -0.633353 -0.353125 
-0.763110 -0.515625 0.245623 
-0.702667 0.419676 -0.353125 
-0.216021 -0.735914 -0.353125 
-0.822363 -0.414300 -0.285965 
0.503639 -0.778834 -0.016870 
-0.114557 0.519563 0.145742 
0.269974 -0.846260 -0.353125 
-0.464024 0.632191 0.367206 
-0.165347 0.781723 0.367206 
-0.645748 0.659946 0.164687 
-0.423232 0.822191 -0.046906 
-0.401855 0.392797 0.264929 
-0.850326 -0.353467 -0.153015 
0.905954 -0.210445 -0.010889 
-0.184645 -0.540565 -0.050950 
-0.303890 -0.439353 -0.235330 
0.495318 0.786689 -0.067135 
-0.511419 -0.232358 0.096547 
-0.425993 0.305552 0.153681 
-0.320917 0.411276 -0.306908 
0.433233 -0.784394 -0.353125 
0.582869 -0.163706 -0.353125 
-0.384825 -0.470214 0.348417 
0.582436 0.006883 -0.137015 
0.523071 -0.568182 0.367206 
-0.112958 0.590031 0.328420 
-0.892711 0.229716 0.342016 
0.571777 -0.076470 -0.150231 
-0.165621 0.518364 -0.333084 
0.082338 0.872059 -0.353125 
-0.202278 -0.600723 -0.353125 
0.456199 0.320986 -0.343886 
0.485558 0.528455 -0.353125 
-0.427185 -0.595048 0.367206 
0.308079 0.876000 0.113158 
-0.833520 0.395003 -0.285077 
-0.819417 0.263188 0.367206 
0.196079 0.907114 0.361239 
-0.534768 0.160678 -0.174798 
0.171458 0.549928 0.083459 
0.822415 -0.264315 -0.353125 
0.926108 0.090963 -0.342092 
-0.907956 -0.153305 0.301694 
-0.078698 0.570048 -0.135969 
0.713713 -0.037827 0.367206 
0.599406 0.408863 0.367206 
0.487623 -0.788538 -0.294706 
-0.539313 0.010162 -0.332763 
0.132626 0.918322 0.129897 
0.178961 0.677709 -0.353125 
0.467541 -0.302025 0.109887 
-0.731672 -0.559549 0.109483 
-0.721448 -0.572729 0.171495 
0.214424 -0.866258 0.367206 
-0.129598 -0.657951 -0.353125 
0.061767 0.743276 -0.353125 
0.903148 -0.223000 -0.227307 
-0.529846 0.124329 -0.338280 
-0.810495 0.066620 -0.353125 
-0.815780 0.429923 -0.206373 
0.215164 0.562039 0.326025 
-0.488947 -0.302290 -0.081740 
-0.518539 -0.471054 0.367206 
0.671354 0.559912 0.367206 
0.169460 0.655510 0.367206 
-0.012804 -0.924236 0.109163 
-0.912327 -0.125713 -0.086667 
0.892585 -0.260735 0.213664 
0.862374 0.350371 -0.201301 
-0.548043 0.154217 -0.063818 
-0.521388 0.029751 -0.263126 
0.068014 0.925181 -0.099643 
-0.920662 -0.021172 -0.038355 
0.854797 0.367880 0.240164 
0.760490 0.191856 -0.353125 
0.603946 0.707167 0.170755 
-0.332296 -0.861146 -0.031120 
-0.450252 -0.722700 -0.353125 
0.142032 -0.511607 -0.253488 
-0.066524 -0.570580 0.040257 
-0.264492 0.488935 0.251148 
0.511943 -0.773192 0.073909 
0.611302 -0.697980 -0.271186 
0.487384 -0.777298 0.367206 
-0.895318 -0.215351 0.223413 
-0.522086 0.131634 0.226200 
-0.176194 0.909427 0.096665 
0.473835 -0.574984 -0.353125 
-0.086441 0.568488 0.015439 
0.067176 -0.566277 -0.062960 
0.382740 0.421888 -0.168005 
-0.174774 0.513805 -0.222990 
-0.552931 -0.199414 -0.353125 
0.898981 0.241421 0.094604 
0.404036 0.403612 0.268761 
-0.887341 -0.245947 -0.191396 
0.780969 0.506087 -0.334286 
-0.752176 -0.531715 -0.335540 
-0.519933 -0.761279 0.288227 
-0.382139 0.842558 0.166563 
-0.743171 -0.094713 -0.353125 
-0.079279 -0.920513 0.314181 
-0.453016 0.750781 -0.353125 
-0.080363 0.570982 -0.073622 
0.925583 0.096519 0.284324 
0.426727 -0.387590 0.007341 
0.133286 0.918217 -0.275685 
-0.431810 -0.815118 -0.232096 
-0.533811 -0.083186 -0.333966 
-0.547846 -0.154919 0.008659 
0.088678 0.553826 0.254545 
0.114358 0.920801 0.224503 
0.220922 0.474427 0.165707 
-0.909504 0.146236 -0.204934 
-0.538972 -0.748340 0.212828 
-0.435385 -0.607494 -0.353125 
-0.619970 0.278878 0.367206 
0.866833 -0.336915 0.006045 
0.549865 -0.747350 0.178615 
-0.435031 -0.380241 -0.095256 
0.465371 0.664327 -0.353125 
0.035139 0.568729 -0.160118 
0.413248 0.832139 0.346591 
0.462864 -0.803181 0.175072 
0.502448 0.239088 -0.202081 
0.253282 -0.570678 0.367206 
0.595752 -0.711689 0.049893 
-0.146943 -0.536968 -0.183424 
-0.859121 -0.130687 -0.353125 
0.824558 -0.428717 0.322586 
0.869606 -0.095782 -0.353125 
0.673013 -0.418348 -0.353125 
-0.873338 0.295051 0.037027 
0.874355 0.318726 -0.080555 
0.925976 0.092355 -0.021545 
-0.920027 -0.041374 0.348148 
0.793295 0.486511 0.051007 
0.526385 0.420226 -0.353125 
0.267848 -0.886176 -0.152683 
-0.603168 0.699442 0.096936 
0.926488 0.086948 0.216144 
-0.489919 0.784239 0.318992 
0.643570 0.216636 0.367206 
0.078260 -0.509129 0.172688 
0.679175 -0.633357 -0.335060 
0.607458 0.026776 0.333918 
0.901696 0.232075 0.360987 
-0.305504 -0.870791 0.104798 
-0.435241 0.379727 -0.115988 
-0.466906 0.245612 -0.316705 
0.552993 -0.005370 0.235685 
-0.792517 0.471695 -0.091462 
0.744821 -0.554896 -0.269131 
-0.278276 0.739074 -0.353125 
-0.502651 -0.773023 -0.040789 
-0.684104 -0.617042 0.217896 
0.839387 0.402314 0.353896 
-0.083744 -0.529188 0.217531 
-0.705636 -0.592620 -0.012804 
-0.204470 -0.796835 0.367206 
-0.874652 -0.288700 0.223101 
-0.569104 -0.725027 -0.066461 
0.344331 -0.860246 -0.049957 
-0.504113 -0.268399 0.039461 
-0.900880 -0.190469 -0.134771 
-0.286991 0.836995 -0.353125 
0.549519 0.033801 0.122550 
0.057482 -0.733157 -0.353125 
0.783197 -0.500107 -0.112915 
0.905813 0.213775 0.253920 
-0.727407 0.567748 -0.105549 
0.526765 -0.231429 -0.030298 
0.008059 -0.807828 0.367206 
-0.206057 0.902752 -0.322778 
-0.921000 0.013110 0.165535 
0.829242 -0.419522 0.189630 
0.347858 -0.456016 -0.025780 
0.560335 -0.174295 -0.104751 
-0.695517 -0.139757 0.367206 
-0.745366 -0.339056 0.367206 
-0.425569 -0.371584 -0.156901 
0.651162 0.067547 0.367206 
0.245757 0.839494 0.367206 
-0.535934 0.308630 0.366663 
0.797873 -0.349524 0.367206 
-0.258265 0.888890 0.045970 
0.495698 0.669183 0.367206 
-0.135738 -0.735928 0.367206 
-0.585573 0.451138 0.367206 
0.163762 0.723650 0.367206 
-0.869976 -0.301687 -0.256511 
0.151993 -0.544424 -0.353125 
0.424949 -0.383313 -0.058695 
-0.502314 0.272517 -0.135280 
-0.547845 -0.182127 0.296659 
-0.784592 0.359235 -0.353125 
-0.133357 0.916695 -0.297015 
0.300343 0.865223 0.367206 
0.521812 0.244535 -0.034371 
-0.678825 -0.539228 -0.353125 
-0.561166 -0.731184 0.054783 
0.789568 -0.210485 -0.353125 
-0.468623 -0.323960 0.015215 
-0.475252 0.238108 -0.243493 
-0.147706 0.551799 0.276939 
0.306507 0.432935 -0.264193 
-0.181637 0.538951 0.093795 
-0.698987 0.602863 0.207850 
0.482736 0.250353 0.133742 
-0.290971 0.878724 -0.234714 
-0.002444 -0.852309 -0.353125 
0.925686 0.095423 -0.255866 
-0.816632 0.428250 0.076664 
-0.920045 0.043479 -0.291311 
-0.907657 -0.155198 -0.274976 
0.395352 -0.838268 0.272607 
0.909348 0.197962 -0.298440 
0.251195 -0.713956 -0.353125 
-0.530218 0.264044 0.320337 
-0.481200 0.303390 -0.020928 
0.159825 -0.747324 -0.353125 
0.307234 0.876304 -0.038470 
-0.025160 0.672648 0.367206 
-0.028314 0.926451 0.307165 
-0.196831 0.877026 0.367206 
-0.274725 -0.505158 0.083139 
0.485323 0.792599 0.141289 
-0.508849 -0.768811 0.145008 
0.289556 0.501234 0.284079 
-0.006187 0.603863 0.332572 
-0.708181 0.592435 0.061445 
-0.797773 -0.460105 -0.310167 
-0.386575 -0.371340 -0.328162 
-0.742241 0.548625 -0.342343 
-0.329448 0.864872 0.193830 
0.107067 -0.918788 0.205386 
0.506286 -0.777037 0.313170 
-0.282869 0.790812 0.367206 
-0.021095 -0.602661 -0.353125 
0.542350 -0.223380 0.297331 
0.643331 0.241822 -0.353125 
-0.067377 -0.578745 0.300147 
0.698774 -0.611224 0.011308 
0.858878 -0.355749 0.181325 
0.360431 -0.496012 -0.353125 
0.110220 0.830900 0.367206 
0.821149 -0.435407 -0.252631 
0.782823 -0.500657 -0.198810 
-0.741085 0.550115 -0.167705 
-0.405205 0.342363 -0.318902 
-0.648255 -0.434821 0.367206 
0.613566 -0.098194 0.357281 
-0.679503 0.174666 -0.353125 
-0.146662 -0.911886 -0.132443 
0.533176 -0.212782 0.079938 
-0.396463 0.416089 -0.077396 
-0.196717 0.487413 0.196422 
-0.311071 0.871488 -0.089247 
0.542939 -0.395499 -0.353125 
0.300026 -0.762671 -0.353125 
0.587127 -0.522184 -0.353125 
-0.517898 -0.325399 -0.353125 
0.118017 0.565026 0.023419 
-0.851619 -0.136326 0.367206 
0.140989 0.916997 -0.019556 
0.734474 -0.568234 0.321105 
0.034402 -0.923858 0.033231 
-0.565564 0.397341 -0.353125 
0.865641 0.342820 0.179768 
-0.332251 -0.533327 -0.353125 
0.080970 0.662352 -0.353125 
-0.478226 -0.788453 -0.317427 
-0.677967 -0.251039 0.367206 
0.270035 -0.502044 0.272427 
-0.745191 0.544695 -0.026359 
0.415939 0.462931 0.359527 
0.719844 -0.291206 -0.353125 
0.357348 -0.400179 -0.244992 
0.524582 -0.059661 -0.272533 
-0.295739 0.640908 -0.353125 
0.526982 0.245296 0.285634 
-0.220121 0.899609 -0.204000 
0.916439 0.162678 -0.081092 
-0.308332 -0.495140 0.304723 
-0.693095 0.217368 0.367206 
0.904632 0.024029 -0.353125 
0.783934 -0.224521 0.367206 
-0.222467 0.471768 -0.305720 
0.876771 0.312017 0.296292 
0.133861 -0.542030 -0.184056 
-0.515026 0.767315 0.024667 
-0.338291 0.679328 0.367206 
-0.829616 -0.400065 0.146865 
0.700839 -0.173913 -0.353125 
-0.609254 0.694078 -0.334624 
-0.276966 0.683658 0.367206 
0.450567 0.359282 0.065069 
0.867772 -0.334311 -0.266021 
0.421822 0.391699 -0.032435 
-0.825693 -0.407765 0.257831 
-0.121144 0.918630 0.313169 
-0.003972 0.644123 -0.353125 
-0.766931 -0.033658 -0.353125 
0.127166 0.529648 -0.224638 
0.527054 0.239383 0.050176 
0.574672 -0.297873 0.367206 
-0.724486 0.503380 0.367206 
0.796435 0.481200 0.119158 
0.036611 0.926490 0.129006 
-0.794949 0.037913 0.367206 
-0.382638 -0.652679 -0.353125 
-0.229557 -0.698543 0.367206 
0.147119 0.916026 -0.135445 
0.427949 -0.386245 0.072657 
-0.589715 -0.708601 -0.138276 
-0.638634 0.472341 -0.353125 
-0.872922 -0.293503 0.133394 
0.666523 0.615611 0.367206 
0.913974 0.177268 0.352443 
0.433418 0.821861 -0.221168 
0.425479 -0.523271 0.367206 
0.685733 -0.626016 -0.198140 
0.558038 -0.026177 -0.345149 
-0.373930 -0.843410 -0.316937 
-0.680121 -0.621560 -0.321894 
0.399573 0.368193 -0.233955 
0.676617 -0.635915 0.075980 
-0.522016 -0.343907 0.367206 
0.594188 -0.712970 -0.122880 
-0.314556 -0.486971 -0.113606 
0.057245 -0.923139 -0.063330 
-0.919837 0.050143 -0.231871 
-0.053955 0.587477 0.308686 
0.822637 0.435188 0.046534 
0.842904 -0.306173 0.367206 
-0.233275 0.826899 0.367206 
-0.465046 0.222491 0.184241 
-0.624364 -0.678054 0.311584 
-0.903312 0.182288 0.085046 
0.572868 -0.729507 0.331620 
0.868581 -0.332059 0.107551 
0.397961 0.839841 0.062091 
0.072798 -0.646743 0.367206 
-0.589038 0.509344 -0.353125 
0.567127 -0.110114 -0.003378 
-0.500940 -0.166818 -0.248037 
-0.565240 0.730726 0.357617 
0.286884 -0.756114 0.367206 
-0.026846 0.542700 0.128276 
0.316029 -0.481965 0.019034 
-0.249885 0.516277 0.087532 
0.776198 -0.510405 0.002268 
-0.907666 0.157843 -0.266945 
0.390619 0.786235 0.367206 
0.813558 -0.449544 -0.328058 
0.615546 -0.199181 0.367206 
0.929386 0.049846 0.090778 
-0.837543 0.385708 0.249850 
-0.369622 0.417204 -0.182538 
-0.518950 -0.227498 -0.029549 
0.427948 -0.821947 -0.046559 
0.152308 -0.629603 -0.353125 
0.919977 -0.137644 0.230992 
0.756511 0.542074 -0.167119 
0.171737 0.588821 0.346611 
0.306211 0.876672 0.246672 
0.846408 -0.179974 -0.353125 
-0.440082 -0.389599 -0.353125 
-0.497879 0.778968 -0.045529 
-0.612715 0.691026 0.219792 
0.531578 0.042477 -0.260031 
-0.285467 -0.434915 0.192333 
0.117989 -0.523412 0.137258 
0.076098 -0.760464 0.367206 
-0.920361 -0.030742 -0.154836 
-0.460820 0.430178 0.367206 
-0.169277 0.727154 0.367206 
-0.340139 0.456358 -0.151569 
-0.853302 0.190305 -0.353125 
-0.584535 0.643932 -0.353125 
-0.347015 0.857758 -0.007337 
0.676298 -0.073592 -0.353125 
0.122139 -0.917281 0.078988 
0.342706 0.863533 0.322938 
0.483171 -0.322894 -0.079877 
0.550605 0.749478 0.274572 
-0.006992 0.836174 -0.353125 
0.855850 0.154938 -0.353125 
-0.568907 -0.059675 0.286720 
0.885318 0.288275 -0.349341 
-0.428320 -0.816897 0.203573 
-0.214316 0.839033 -0.353125 
-0.103721 -0.918203 0.183081 
-0.808966 -0.440594 0.320013 
-0.565402 -0.100620 -0.084710 
0.906508 -0.207968 -0.126765 
0.508545 0.244935 -0.352090 
-0.508683 0.352750 -0.353125 
-0.351807 0.470116 0.308330 
0.257629 0.839105 -0.353125 
0.722488 0.088952 -0.353125 
-0.745937 -0.540895 -0.106414 
0.205904 0.755431 -0.353125 
0.456222 0.291036 0.214872 
0.482890 -0.253686 0.128865 
0.703756 0.027088 -0.353125 
-0.730354 0.368054 0.367206 
0.661399 -0.159311 0.367206 
-0.593659 -0.487140 -0.353125 
0.268295 0.522636 -0.107127 
-0.434002 -0.814002 -0.170034 
0.503696 -0.289005 0.287193 
-0.256729 -0.854044 -0.353125 
-0.383476 0.373804 0.217888 
-0.545314 0.746182 0.309948 
-0.124453 -0.574590 0.309980 
-0.489840 0.784287 0.247093 
-0.585039 -0.712667 -0.228429 
0.055677 0.533061 -0.246267 
-0.597457 0.353979 -0.353125 
-0.503975 0.455722 -0.353125 
0.375386 0.849609 -0.118059 
-0.676294 0.628603 -0.278752 
-0.897008 -0.207789 -0.302465 
-0.590890 0.207060 0.367206 
0.792320 0.211567 0.367206 
0.225210 -0.482967 -0.250154 
-0.319410 -0.865784 0.196667 
0.396373 -0.837826 0.327443 
0.549031 -0.739983 -0.353125 
0.399002 -0.836688 0.217832 
-0.610280 -0.601111 -0.353125 
0.832493 0.415845 -0.098117 
0.449851 0.333086 -0.193656 
-0.067840 0.737257 -0.353125 
-0.894169 0.223193 -0.301823 
0.035219 0.625529 0.367206 
0.614581 -0.695089 0.213439 
0.414088 0.326635 0.161172 
0.663066 -0.649466 0.312194 
-0.833509 0.395028 0.036647 
0.850121 0.244477 0.367206 
0.930716 0.007515 0.185583 
0.706849 -0.582908 0.367206 
-0.805049 0.450504 0.202976 
-0.606678 0.696349 -0.267682 
0.200798 -0.542931 -0.085097 
-0.919810 -0.048292 -0.304256 
0.272010 -0.884967 0.058273 
-0.352416 -0.756517 0.367206 
-0.409997 0.828935 -0.123651 
-0.455533 -0.263848 0.205180 
-0.907913 0.156282 0.250393 
-0.471658 -0.452199 -0.353125 
-0.866253 0.292140 -0.353125 
0.904584 -0.216576 0.240500 
0.310300 -0.490558 -0.085190 
0.273334 0.463344 0.211408 
-0.218980 0.630647 0.367206 
0.234342 -0.895860 0.259357 
-0.559368 -0.082004 -0.150035 
0.657947 0.657287 0.317892 
-0.188391 -0.903408 -0.353125 
0.564101 0.622691 0.367206 
0.911768 0.187137 -0.218056 
-0.418905 0.445672 -0.353125 
0.339225 0.813302 -0.353125 
0.344259 0.457210 -0.160033 
-0.755424 0.529637 0.179942 
0.481832 -0.704372 -0.353125 
-0.080039 -0.510294 0.168347 
-0.749397 -0.535804 0.356526 
0.631900 0.032719 -0.353125 
0.759205 -0.535409 -0.331605 
0.564136 -0.016230 -0.181356 
-0.511010 -0.231395 -0.353125 
-0.241448 0.473940 0.143841 
-0.167417 -0.908599 -0.234359 
-0.028394 -0.923746 0.350565 
0.020461 -0.521574 0.160204 
-0.915667 -0.097802 0.226402 
-0.860774 0.329952 0.330699 
-0.509508 0.646579 -0.353125 
0.562782 0.740033 -0.045451 
-0.469326 0.292515 -0.190662 
0.923672 -0.114030 -0.191873 
0.156751 0.500099 0.163283 
0.558857 -0.479360 0.367206 
-0.817164 -0.424506 0.038343 
0.052916 0.925978 0.332960 
0.356080 0.478380 -0.353125 
0.512490 -0.772821 -0.178766 
0.411318 -0.408952 0.288000 
0.030495 0.578521 0.062254 
0.258184 -0.512054 -0.011624 
-0.190717 0.906181 -0.085858 
-0.399787 0.834137 -0.325762 
0.820821 -0.436049 0.008651 
-0.501257 -0.520544 0.367206 
0.241480 -0.519450 0.090401 
-0.804612 0.175998 0.367206 
0.839654 0.401790 -0.301095 
-0.616699 -0.224720 0.367206 
-0.577905 0.067758 0.303858 
-0.238998 -0.585301 0.367206 
-0.718630 -0.576363 -0.136036 
0.003710 -0.924756 0.252100 
-0.376912 -0.842120 0.036109 
0.412868 0.832333 0.148092 
0.929556 0.044407 -0.245263 
-0.092065 -0.764590 0.367206 
0.681632 -0.630667 -0.094293 
-0.485869 0.786635 -0.155610 
-0.573534 0.724292 0.241378 
-0.348388 0.442990 -0.353125 
0.611782 -0.237030 -0.353125 
0.469481 -0.227438 -0.286014 
0.668219 0.647015 0.086195 
0.049132 -0.811934 -0.353125 
-0.630706 0.155246 -0.353125 
-0.496116 0.696884 -0.353125 
0.475345 0.798501 0.007516 
-0.917022 0.086167 -0.053846 
-0.610936 -0.689892 0.262787 
-0.406990 0.547474 -0.353125 
0.329225 -0.593698 0.367206 
-0.886540 0.251410 -0.082547 
0.297617 0.552084 0.367206 
-0.186864 -0.745099 0.367206 
0.566579 -0.068265 0.088599 
0.080481 0.580187 0.298484 
0.334488 0.866492 -0.304112 
-0.395246 -0.531886 0.367206 
-0.475647 0.501241 -0.353125 
-0.812289 0.000490 -0.353125 
0.495779 -0.282497 -0.162746 
-0.045254 0.925918 -0.221785 
0.570188 0.109404 0.037213 
0.219859 0.537057 -0.128769 
-0.543817 0.747344 -0.076170 
-0.253940 -0.887445 0.056104 
0.303609 -0.626069 -0.353125 
0.526919 -0.076497 0.199709 
0.297459 -0.671661 0.367206 
-0.694851 0.073857 -0.353125 
-0.800197 -0.456007 0.192148 
-0.886910 0.250132 0.259810 
-0.550819 -0.243518 0.340461 
0.383325 0.570895 0.367206 
-0.540131 0.165250 0.272855 
0.676116 -0.636416 0.176900 
0.385767 -0.842415 0.049274 
0.597606 0.712756 0.338907 
-0.679790 0.624637 -0.340983 
-0.583286 -0.714026 0.318052 
0.005274 -0.530705 -0.251605 
-0.558527 -0.007985 -0.171441 
-0.592880 -0.257284 -0.353125 
0.357697 0.404886 -0.322769 
-0.433275 0.372242 0.006624 
-0.798136 0.462194 -0.332661 
0.239124 -0.456347 0.175229 
-0.036685 0.546399 -0.335670 
-0.817555 -0.353272 0.367206 
-0.339444 -0.462385 -0.062141 
0.929155 0.057163 0.365244 
0.463267 0.345124 -0.069529 
0.517307 0.772248 -0.144155 
-0.238813 -0.522940 -0.069901 
-0.329272 -0.445063 0.252627 
0.477395 -0.203547 0.176504 
0.928713 -0.060714 -0.138943 
-0.109201 -0.854757 0.367206 
-0.636855 -0.666138 0.191651 
0.727168 0.580355 -0.273719 
-0.097761 0.637902 0.367206 
-0.313710 0.870538 -0.315498 
0.925233 -0.097510 0.127517 
-0.326479 0.440467 0.115243 
-0.470734 0.795586 -0.316740 
0.274699 0.703172 0.367206 
-0.546275 0.745437 -0.225812 
0.808521 -0.458063 0.283041 
0.553170 -0.744786 0.091649 
0.619216 0.531267 0.367206 
-0.449110 0.646798 -0.353125 
-0.907938 0.156125 0.035576 
-0.226433 0.619733 -0.353125 
-0.856062 0.342914 -0.300318 
0.780386 -0.376416 -0.353125 
0.395458 -0.479193 0.362149 
0.572255 -0.729984 -0.196645 
-0.228831 -0.495241 -0.338151 
-0.360544 0.851904 -0.111688 
0.184605 -0.751738 0.367206 
0.491594 0.550738 0.367206 
-0.470477 0.547237 0.367206 
-0.249965 -0.888599 -0.105435 
-0.486389 -0.783626 0.048251 
-0.561500 -0.730926 -0.015823 
0.388586 0.626845 0.367206 
0.722107 0.586880 -0.213421 
0.006260 0.520506 0.167466 
-0.189092 -0.538193 -0.000390 
-0.237897 -0.505184 -0.176821 
-0.199878 -0.884702 0.367206 
0.221480 -0.520531 0.265516 
0.872184 0.324757 -0.307134 
-0.684007 0.619854 0.347042 
0.335349 -0.451435 0.258173 
0.868674 0.334506 0.012084 
-0.538364 -0.011916 0.131155 
0.676718 0.149684 -0.353125 
-0.861749 0.084606 0.367206 
-0.713257 0.039172 0.367206 
-0.674998 0.377265 -0.353125 
-0.241396 0.519416 0.004266 
0.915409 0.169183 0.023347 
-0.919556 -0.056374 -0.223348 
-0.411527 -0.429046 0.325081 
0.778857 -0.506493 0.096585 
0.003644 -0.620714 0.367118 
0.166393 0.535821 0.253883 
0.852896 0.372274 -0.117429 
0.137624 -0.914829 -0.287261 
-0.846536 0.364926 -0.111006 
0.499362 -0.291572 0.015956 
-0.680310 -0.130894 -0.353125 
-0.468514 -0.794197 0.329577 
0.304570 0.469878 -0.190415 
0.588128 -0.141895 0.329044 
0.522901 -0.150895 -0.327692 
0.524272 0.089328 0.197438 
-0.061897 -0.922157 -0.202213 
-0.912550 -0.124305 -0.199702 
-0.104381 -0.820214 -0.353125 
-0.558030 0.135344 0.083550 
0.888837 0.276334 0.170181 
0.893883 -0.256267 0.038268 
-0.209635 0.748927 -0.353125 
-0.539338 0.074442 -0.207866 
-0.269163 -0.630399 -0.353125 
0.038150 -0.686776 -0.353125 
-0.094678 -0.919058 0.075440 
-0.782612 0.207533 -0.353125 
0.679905 0.635327 0.260021 
-0.909912 -0.140953 -0.035268 
0.565489 0.737933 -0.303405 
-0.105782 0.920710 -0.099194 
-0.393249 0.829173 0.367206 
0.621582 -0.688916 0.005705 
-0.525198 -0.079864 -0.240106 
0.575194 -0.004322 0.040178 
-0.802011 0.455642 0.116055 
-0.577374 -0.001659 -0.113457 
-0.891521 -0.231560 0.125951 
0.854826 0.367812 0.088902 
0.656168 0.319632 0.367206 
0.238402 -0.894730 0.327758 
-0.513144 0.768595 0.074766 
0.530722 0.126073 -0.328375 
0.470806 0.253285 -0.256094 
-0.515162 0.088616 -0.263072 
0.806472 0.464227 0.219003 
0.766037 0.528058 0.042130 
0.607203 0.308801 -0.353125 
0.520200 -0.326645 0.347274 
0.605179 0.127478 -0.353125 
-0.567206 -0.050850 0.087999 
-0.264355 0.887121 -0.097652 
0.531618 -0.674074 0.367206 
-0.914585 -0.109245 -0.315831 
0.690492 -0.620617 -0.274030 
0.149196 0.507423 -0.265828 
0.044799 -0.855865 0.367206 
0.212772 -0.900681 -0.081095 
0.783534 -0.021432 -0.353125 
0.579637 0.088612 0.295080 
-0.499678 0.777745 -0.095382 
-0.029320 -0.923718 -0.278502 
0.282750 -0.881847 0.155280 
0.267817 -0.886184 -0.207891 
-0.484629 -0.615141 -0.353125 
0.686063 0.573551 -0.353125 
0.635300 0.679524 0.044314 
0.557287 0.238117 0.329967 
0.544810 -0.491629 -0.353125 
0.147606 -0.913247 0.291502 
-0.918629 -0.066461 0.118264 
-0.808297 -0.230476 0.367206 
-0.882806 0.264258 -0.241621 
0.157099 -0.550893 -0.023685 
-0.188374 -0.904003 -0.042908 
-0.503819 0.248872 0.097813 
-0.865422 0.317040 -0.025458 
0.562712 -0.131106 -0.147645 
-0.300465 0.875307 0.310516 
-0.920656 -0.021389 -0.345800 
-0.383946 -0.789136 -0.353125 
-0.382010 -0.420955 -0.014167 
-0.189328 0.906491 0.234178 
0.191738 0.772711 0.367206 
0.653903 -0.658629 0.124847 
-0.333068 0.423764 -0.228350 
0.575587 -0.358460 -0.353125 
-0.207609 -0.507947 0.112661 
-0.434789 -0.348740 0.260518 
0.836166 0.408635 -0.012024 
0.052309 0.533789 -0.320487 
0.655063 -0.320501 -0.353125 
0.789102 0.395053 -0.353125 
-0.366178 -0.440931 0.054566 
0.341365 0.864016 0.077276 
0.437469 0.292762 -0.304544 
0.183653 -0.907190 -0.317356 
0.081409 0.923916 0.096219 
-0.523571 -0.140755 0.233451 
0.128433 0.776000 0.367206 
-0.504993 0.774133 0.191866 
-0.149935 -0.521313 -0.333908 
0.710434 0.396615 -0.353125 
0.104907 -0.869700 0.367206 
-0.228243 -0.894911 0.121507 
-0.099822 -0.567670 0.075993 
0.834880 -0.408458 -0.033466 
-0.060498 0.710058 0.367206 
0.276386 -0.496413 -0.161458 
0.570716 -0.071328 -0.043513 
-0.319198 0.464256 0.265820 
0.638840 0.481253 -0.353125 
-0.744255 -0.432579 0.367206 
0.624712 -0.686158 0.095730 
-0.649912 -0.596812 0.367206 
-0.921257 0.004938 0.043491 
0.328100 0.518285 -0.353125 
0.928207 -0.066055 0.254621 
-0.919822 0.050597 -0.147698 
-0.078193 -0.544142 -0.201019 
-0.174748 -0.710118 -0.353125 
-0.574090 0.012828 0.027770 
0.639594 -0.570263 0.367206 
0.273441 -0.471614 -0.332292 
-0.781447 0.123512 -0.353125 
0.259346 -0.888646 -0.331879 
0.875664 -0.312386 -0.066967 
0.433642 -0.449615 0.367206 
0.519257 -0.132126 0.146713 
-0.379297 -0.841087 -0.099887 
-0.841840 0.355650 0.367206 
-0.510369 -0.183330 -0.336375 
-0.437178 0.815085 0.139510 
-0.551071 0.570004 0.367206 
0.169592 0.912468 0.061274 
-0.143455 -0.499657 -0.275027 
-0.373052 -0.441662 -0.109346 
