-0.614711 -0.756909 -0.190259 
0.548047 0.798382 0.213940 
0.743903 -0.617222 0.213101 
-0.810740 0.543139 0.218404 
0.955163 0.139978 -0.203999 
-0.178996 0.923883 -0.213558 
0.170321 -0.954987 -0.199496 
-0.973842 -0.086407 -0.208256 
-0.153806 -0.581191 0.213455 
0.401207 0.370027 -0.186238 
0.484679 -0.229752 -0.175116 
-0.417787 0.384748 -0.195473 
-0.567118 -0.158874 0.194022 
0.018756 0.591208 0.203517 
0.633159 0.104700 0.218404 
-0.429111 0.858669 0.218404 
0.311701 0.858195 -0.213558 
0.279013 -0.768200 0.218404 
-0.782780 -0.583348 0.213363 
-0.966187 0.102866 0.218404 
0.574939 -0.702774 -0.213558 
-0.901919 0.376959 -0.198600 
0.941448 -0.212626 0.107653 
0.836656 0.483579 0.081035 
-0.485578 -0.325831 -0.207683 
0.135114 -0.520305 -0.179069 
-0.585699 0.780578 -0.186138 
-0.238564 -0.942907 -0.070235 
-0.413665 0.448091 0.218404 
0.030285 0.572260 -0.202953 
0.181822 0.953939 0.175061 
0.515539 -0.298462 0.215123 
0.847645 -0.421645 -0.213558 
0.417473 0.425738 0.213391 
-0.484824 -0.826496 0.218404 
0.684652 0.683446 -0.201825 
-0.611519 0.065165 -0.213558 
-0.869461 -0.445138 -0.189182 
-0.944168 -0.253216 0.117013 
-0.238139 -0.595746 -0.213558 
-0.021039 -0.959254 0.218404 
0.609195 0.092993 -0.213558 
-0.630757 0.176443 0.218404 
0.951012 0.166189 0.147272 
-0.142293 0.962587 0.109423 
-0.460698 -0.463595 0.218404 
-0.233953 0.575722 -0.018447 
0.319082 -0.490268 0.068239 
0.755781 0.376680 -0.213558 
0.528329 -0.810617 0.063069 
0.798415 -0.120674 -0.213558 
0.238470 0.554275 0.028097 
-0.778743 0.589719 -0.060252 
0.083073 0.967899 -0.084180 
-0.029129 -0.768425 -0.213558 
0.551536 0.256485 0.007566 
0.588026 -0.099206 0.036361 
-0.967964 0.138726 -0.045262 
0.398365 -0.503413 -0.213558 
-0.398377 0.889406 -0.042155 
-0.648062 0.729847 0.140537 
-0.239370 0.681455 0.218404 
0.103336 -0.577747 0.200457 
-0.342210 0.703558 -0.213558 
0.434435 0.633512 -0.213558 
0.311259 -0.743028 -0.213558 
0.282311 0.716682 0.218404 
0.206020 -0.947365 0.051338 
-0.740023 -0.228682 -0.213558 
0.749308 -0.610254 -0.055660 
-0.566906 0.265940 -0.029743 
-0.910515 0.356838 0.067843 
-0.028665 -0.615827 -0.009613 
0.533125 0.808522 -0.045865 
-0.649086 -0.727781 0.057941 
0.676331 0.350527 0.218404 
0.497625 -0.583820 0.218404 
-0.347976 -0.510486 0.003491 
0.757817 -0.335774 0.218404 
-0.265802 -0.935627 0.213878 
-0.656878 0.444243 -0.213558 
-0.632570 -0.517582 -0.213558 
-0.808314 -0.082537 0.218404 
-0.380153 -0.811850 -0.213558 
-0.616790 0.036808 0.022790 
0.965315 -0.008897 -0.019113 
-0.519300 -0.330128 0.031532 
0.776607 -0.085588 0.218404 
0.686598 0.602625 0.218404 
-0.722448 -0.332829 0.218404 
0.870228 -0.418900 0.022805 
0.614146 -0.420207 -0.213558 
-0.003569 -0.971246 -0.038127 
-0.864096 -0.455669 0.039035 
-0.443354 -0.866994 0.000862 
0.917439 0.302599 -0.028279 
-0.799672 0.182054 -0.213558 
0.372285 0.895243 0.083283 
0.040987 0.796056 -0.213558 
0.488260 -0.366864 -0.004919 
-0.029648 0.812409 0.218404 
-0.632696 0.419840 0.218404 
-0.596578 -0.157257 -0.071215 
0.381404 -0.890132 -0.069899 
0.226803 0.487952 -0.177966 
-0.028180 0.615713 -0.001854 
-0.423472 0.451789 0.003557 
-0.764512 -0.606899 -0.076616 
-0.976114 -0.062374 0.035313 
-0.016782 -0.748156 0.218404 
-0.939762 -0.268381 -0.104995 
-0.350157 -0.668797 0.218404 
-0.451069 -0.618406 -0.205077 
0.413384 0.448615 0.006072 
0.725893 0.639021 0.005378 
-0.820401 0.253106 0.218404 
0.944125 -0.200650 -0.094852 
-0.458118 0.645622 0.218404 
-0.175059 0.559980 -0.210612 
0.568066 0.482968 -0.213558 
0.883794 0.344768 0.218404 
-0.498119 0.582113 -0.213558 
-0.575850 -0.643304 0.218404 
0.487312 0.608072 0.218404 
-0.107251 -0.956470 -0.213558 
0.964250 -0.042772 0.205125 
-0.796302 -0.010725 -0.213558 
0.233790 0.681889 -0.213558 
-0.042280 -0.576956 -0.206728 
0.567982 0.287261 -0.213558 
-0.602007 0.260488 -0.213558 
-0.480887 0.271673 0.133591 
0.814866 0.520424 -0.103889 
0.437085 -0.863768 0.213822 
0.513802 0.267657 0.196025 
0.597966 -0.090561 -0.213558 
0.585679 -0.129554 0.218404 
0.964108 -0.047300 -0.201796 
-0.181944 0.521808 0.156595 
0.177842 -0.584974 0.008558 
-0.552349 0.804022 -0.012108 
-0.152770 0.736916 -0.213558 
0.675227 -0.250900 -0.203161 
-0.096752 0.967796 -0.062819 
0.290908 -0.580076 0.218404 
0.585922 0.087474 0.046253 
0.270275 0.931831 -0.056033 
-0.435578 0.869056 -0.213558 
0.198033 0.561955 0.210493 
-0.880580 -0.410700 0.218404 
-0.367341 -0.456443 -0.209396 
0.165876 -0.909135 0.218404 
0.602100 -0.756915 0.213133 
0.785555 0.054220 -0.213558 
-0.724169 0.654543 -0.213558 
-0.255980 0.886600 0.218404 
0.790168 0.197601 0.218404 
-0.190767 -0.753959 0.218404 
-0.965674 0.086765 -0.213558 
-0.287954 -0.477462 0.162151 
-0.635224 0.004483 0.218404 
0.499118 0.794887 -0.213558 
0.913966 0.312247 -0.211867 
-0.210386 -0.821182 -0.210082 
-0.975423 -0.069689 0.203372 
0.146409 -0.788784 -0.206449 
0.716813 -0.566020 -0.213558 
0.014969 0.971828 0.163938 
0.607628 -0.436431 0.218404 
0.840415 -0.476059 0.188141 
-0.825331 0.522634 -0.213558 
0.416532 -0.430751 0.217811 
0.483861 -0.838137 -0.188709 
0.132811 0.793352 0.218404 
-0.339589 0.526188 -0.206149 
-0.121801 -0.964265 0.091839 
0.641191 -0.723631 -0.013123 
-0.496547 -0.308609 0.190399 
0.721102 0.219031 -0.213558 
-0.189057 -0.586391 -0.060181 
0.616131 0.746888 0.076995 
-0.865179 0.454707 -0.053180 
-0.657818 -0.484314 0.218404 
-0.652956 -0.096243 -0.213558 
-0.250972 0.941100 -0.017236 
-0.599954 0.579632 0.218404 
-0.680256 0.700442 -0.012730 
0.131640 0.594142 -0.077688 
0.169435 0.956292 -0.212714 
-0.784765 0.070374 0.218404 
-0.637148 -0.353976 -0.213558 
0.566821 0.462275 0.218404 
-0.949799 0.232807 -0.169178 
0.298723 -0.512721 -0.097268 
0.357537 -0.900461 0.080844 
0.596069 -0.001285 -0.089714 
-0.345756 0.910844 0.098698 
0.912618 -0.314824 0.214736 
0.953613 0.149770 -0.053844 
0.008085 0.952557 -0.213558 
-0.888320 0.408381 0.207214 
0.853232 0.062440 0.218404 
0.563440 -0.240615 -0.049048 
-0.743318 0.319744 -0.213558 
0.884125 -0.277471 -0.211916 
-0.032801 -0.543752 0.135841 
0.766485 0.477528 0.218404 
0.139333 -0.719398 0.218404 
-0.951271 0.226223 0.140170 
-0.830190 -0.227678 0.218404 
-0.571276 -0.789995 -0.054039 
0.386695 0.840136 0.218404 
-0.563500 0.164378 0.077572 
-0.440071 -0.428311 -0.075212 
-0.747588 0.628706 0.105623 
-0.409405 -0.401754 0.095631 
0.415315 -0.716109 0.218404 
-0.312026 0.466498 0.115382 
-0.779008 -0.558929 -0.213558 
0.247022 -0.612336 -0.213558 
0.397599 -0.361532 -0.181085 
0.277890 0.465604 0.136056 
0.304023 -0.887804 -0.213558 
-0.290961 -0.928318 0.071842 
0.518257 -0.210780 0.101470 
-0.978095 0.004385 -0.093751 
0.078218 -0.663561 -0.200775 
-0.599964 0.135299 -0.078667 
0.544199 0.180954 -0.122057 
-0.790638 -0.573218 0.068640 
0.070520 -0.967921 0.111846 
0.082493 0.572796 0.079483 
-0.558427 -0.205871 -0.213558 
-0.170842 -0.557269 0.076466 
-0.099656 0.671407 0.218404 
-0.307948 0.924456 -0.159633 
0.425422 -0.662612 -0.212998 
-0.881937 -0.191406 -0.213558 
-0.590466 -0.114467 0.061414 
0.411860 0.877784 -0.049138 
0.357040 0.560314 0.218404 
0.785983 -0.561880 0.093164 
-0.299501 -0.925836 -0.194486 
-0.304986 0.557571 0.218404 
-0.538782 0.813243 0.134999 
0.547182 0.015143 0.161027 
0.029303 -0.962731 -0.213558 
0.718728 0.508172 -0.213558 
-0.825978 0.522739 0.069856 
0.531621 -0.573920 -0.208330 
-0.976037 0.064364 0.083723 
0.238565 -0.939878 -0.083473 
0.376333 0.511989 -0.213558 
0.837566 -0.480876 -0.093396 
-0.919045 0.333144 -0.071580 
-0.499953 -0.474287 -0.203440 
0.891027 -0.156693 0.218404 
0.906194 -0.332670 -0.073129 
-0.128446 -0.679505 -0.202670 
0.687035 -0.222519 0.218404 
-0.707146 -0.177046 0.218404 
-0.127757 -0.870854 0.218404 
0.879207 0.400320 -0.108544 
0.646867 0.719791 -0.061197 
0.920229 0.293398 0.103659 
0.486644 0.341008 -0.091808 
0.513627 0.148212 0.143411 
0.323907 0.501328 -0.092049 
0.170260 0.811248 -0.213558 
0.295132 -0.923368 0.212911 
-0.709819 -0.669715 -0.203417 
-0.840812 -0.321032 -0.213558 
-0.169184 0.790384 0.218404 
0.190360 -0.509895 0.132583 
-0.577947 -0.029413 -0.131852 
0.487768 0.836992 0.084932 
-0.499315 -0.836450 -0.171019 
0.425981 -0.344099 0.122979 
-0.965788 -0.151303 -0.058230 
-0.472591 0.723780 -0.209106 
-0.523370 0.155882 -0.179281 
-0.030652 0.689899 -0.213558 
0.964495 0.036145 0.100728 
-0.552728 -0.802600 0.096230 
0.550062 -0.795848 -0.064329 
-0.695034 0.286006 0.218404 
-0.368514 0.747173 0.218404 
-0.694858 -0.684676 0.204055 
-0.492455 0.336890 -0.104867 
-0.741931 -0.437952 -0.213558 
0.445345 0.331431 0.111131 
-0.273939 -0.514655 -0.120138 
-0.520446 0.356227 0.218404 
0.558967 0.684664 -0.213558 
0.206917 0.948329 0.052329 
0.067899 0.969333 0.050304 
-0.397152 -0.888772 0.124661 
-0.376818 -0.897571 -0.100688 
0.055854 -0.849607 0.218404 
-0.759254 0.429525 0.218404 
0.689989 -0.676943 -0.163778 
-0.320047 -0.789459 0.218404 
-0.085438 0.572137 -0.125298 
-0.544712 0.048421 0.145765 
-0.072824 0.557255 0.109679 
-0.338029 0.519925 -0.055338 
-0.524922 -0.300768 -0.093127 
0.687161 -0.679770 0.122924 
-0.083567 0.845573 -0.213558 
0.725467 -0.363083 -0.213558 
-0.595241 -0.772011 0.214980 
-0.260522 0.796547 -0.212452 
0.407108 -0.458584 -0.015774 
-0.911973 -0.351624 -0.004723 
0.378428 0.742204 -0.213558 
-0.115668 -0.964844 -0.086297 
0.635132 -0.561840 0.218404 
-0.701834 0.646854 0.218404 
0.758162 0.600005 0.116208 
0.666366 -0.012474 0.218404 
0.296028 0.924210 0.204055 
-0.523634 -0.231019 0.099687 
0.078938 -0.575036 0.076287 
-0.104071 0.906431 0.218404 
-0.842134 -0.494461 -0.072252 
0.641777 0.724278 0.205162 
-0.369921 -0.543578 0.218404 
-0.502619 0.835661 -0.115801 
-0.665181 -0.713591 -0.091627 
-0.540760 0.418698 -0.213558 
0.441110 0.734509 0.218404 
0.101186 -0.965022 -0.093670 
0.157353 0.673076 0.218404 
-0.547536 0.723308 0.218404 
-0.505317 0.357371 0.013206 
-0.729191 0.087726 -0.213558 
0.033922 -0.589075 -0.105564 
0.117128 0.670162 -0.213558 
-0.308618 -0.719104 -0.213558 
0.957984 -0.120852 0.013337 
-0.580399 -0.647968 -0.213558 
-0.452054 0.863726 0.075846 
0.575477 -0.116315 -0.102254 
-0.154194 -0.521809 -0.181385 
0.740223 0.622768 -0.119633 
0.424859 0.871161 -0.166781 
0.619814 0.219929 0.218404 
-0.402602 0.394327 0.113712 
0.838403 0.156528 -0.213558 
0.728019 -0.494371 0.218404 
-0.607570 -0.301945 0.218404 
-0.903214 -0.372801 0.112639 
0.912131 -0.316176 0.050285 
0.936227 -0.176064 -0.213558 
-0.246255 0.521630 -0.130707 
0.073304 0.891149 0.218404 
-0.482923 -0.713119 0.218404 
-0.630782 0.591030 -0.209735 
-0.515189 0.497648 0.218404 
-0.011476 -0.617421 0.218404 
0.641618 0.398019 -0.213558 
-0.923408 0.302260 0.218404 
-0.949731 -0.177963 0.218404 
-0.834941 -0.506625 0.147227 
0.683759 0.008477 -0.213558 
-0.240312 0.659947 -0.202025 
0.961180 -0.087056 -0.097496 
-0.966729 -0.145365 0.109351 
0.478900 -0.323109 -0.116519 
-0.354760 -0.565316 -0.200546 
0.536624 0.009860 -0.181385 
-0.951926 0.223293 0.030506 
0.241155 -0.495106 -0.189551 
-0.887261 -0.008019 0.218404 
-0.764922 -0.464743 0.218404 
-0.496431 0.273416 -0.194233 
0.439988 -0.862288 0.022319 
0.869119 0.422242 -0.001800 
0.841307 0.475714 -0.198296 
0.773796 0.304763 0.218404 
0.925886 0.246128 0.218404 
-0.690631 0.187703 -0.213558 
0.501810 0.398766 -0.213558 
-0.247077 0.942169 0.125390 
0.139735 0.546604 -0.197068 
-0.685019 0.512519 0.218404 
0.300957 -0.470905 0.171248 
0.645180 -0.336922 0.218404 
0.751170 0.092362 0.218404 
0.232427 0.560819 -0.079000 
-0.846580 0.287703 -0.213558 
-0.614853 0.757963 -0.086741 
-0.549281 -0.405654 0.218404 
0.964060 0.049998 -0.149117 
0.037028 -0.857322 -0.213558 
-0.237951 -0.644365 0.218404 
-0.558691 -0.519801 0.218404 
0.138150 -0.581613 -0.093335 
-0.576796 -0.225922 0.009108 
0.224182 0.849114 0.218404 
0.561726 -0.289470 -0.213558 
-0.944213 -0.253057 0.012422 
0.815869 -0.517564 0.002066 
-0.482711 -0.596162 0.218404 
0.572081 -0.657415 0.218404 
0.241241 -0.671291 0.218404 
-0.104712 -0.672274 0.218404 
0.784283 -0.250261 -0.207539 
-0.915435 -0.286474 0.218404 
0.598812 0.119413 -0.051294 
0.490295 -0.393693 -0.213558 
0.392895 -0.596263 0.218404 
-0.752012 -0.124911 -0.213558 
-0.724792 0.549369 -0.213558 
0.528040 -0.084135 0.142936 
0.962328 -0.074907 0.105094 
0.810264 -0.526152 -0.199534 
-0.031676 0.971699 0.025953 
-0.563771 0.677681 -0.213558 
0.937957 0.229409 -0.157063 
0.316146 0.438668 -0.172817 
0.856387 0.447230 0.180856 
0.798114 0.545195 -0.006368 
0.322905 -0.430482 -0.180853 
0.620465 -0.741903 -0.113509 
-0.723083 -0.655339 0.111261 
0.182888 0.523509 0.118015 
0.089688 -0.966109 0.012474 
0.962189 0.077534 0.194736 
0.493253 0.356840 0.007848 
0.882893 -0.390638 0.154734 
-0.361973 0.445002 -0.136584 
-0.514272 -0.744708 -0.210609 
0.174825 -0.690307 -0.211213 
0.367184 0.403027 0.129403 
0.941290 0.214497 0.045110 
0.052116 0.733660 0.218404 
0.721007 -0.465985 -0.213558 
0.585415 0.588361 -0.207727 
0.592934 -0.194340 -0.200881 
0.596681 0.762284 -0.136127 
-0.166025 -0.957663 0.187883 
-0.094313 -0.595099 -0.089835 
-0.538180 -0.110555 -0.173506 
-0.555587 0.241393 0.213078 
0.590342 0.577675 0.218404 
0.293044 0.602081 -0.213558 
-0.621798 -0.055010 -0.014670 
-0.688301 0.692398 -0.129174 
-0.677619 -0.581152 0.218404 
0.889406 0.055131 -0.213558 
-0.742736 0.192311 0.218404 
0.502852 -0.790534 0.218404 
-0.762266 0.447012 -0.213558 
0.484460 0.245066 -0.166655 
-0.300937 0.532674 0.043736 
-0.909637 -0.357959 -0.131450 
-0.013187 0.972280 -0.113720 
-0.251744 -0.561777 0.010910 
-0.166182 0.565389 0.070461 
-0.848890 -0.093075 -0.213558 
0.408622 -0.758759 -0.210911 
-0.962076 -0.174740 -0.160539 
0.029807 0.589409 -0.106995 
-0.109084 0.631633 -0.213558 
0.672386 0.452575 0.218404 
0.530752 0.696584 0.218404 
0.708493 -0.157736 -0.213558 
0.335831 0.482234 0.059872 
0.683119 -0.125652 0.218404 
-0.021999 -0.970838 0.083046 
0.226684 -0.942746 0.147133 
-0.930248 -0.284072 -0.213558 
-0.724315 -0.034488 0.218404 
-0.837125 0.157908 0.218404 
0.176527 0.955123 -0.054562 
0.592875 0.188182 -0.213558 
0.211085 -0.860272 -0.211491 
0.580754 0.336980 0.218404 
-0.206225 -0.941894 -0.213216 
0.395477 -0.884043 -0.183859 
-0.203865 0.951828 -0.125069 
-0.399797 -0.372823 -0.175096 
0.712340 -0.653230 0.021767 
0.470991 0.526977 -0.209226 
-0.890004 0.145678 -0.213558 
-0.059688 -0.873199 -0.213558 
-0.356580 0.652024 0.218404 
-0.354892 0.813166 -0.213558 
0.335152 -0.577334 -0.200820 
-0.728784 -0.648872 0.001570 
-0.220593 -0.848077 0.218404 
-0.818588 -0.338068 0.218404 
0.256333 0.935881 -0.178939 
0.583351 -0.231580 0.218404 
0.309821 -0.918079 0.000359 
0.844691 -0.037561 -0.213558 
-0.650371 -0.100893 0.218404 
0.620796 -0.741611 0.077844 
0.933686 -0.245914 -0.012099 
0.815479 0.302955 -0.213558 
-0.540609 -0.081516 0.145952 
-0.553231 0.145087 0.174179 
0.376446 -0.420031 0.096173 
0.731390 0.602542 -0.213558 
0.105735 0.879795 -0.213558 
-0.121285 -0.791018 -0.213558 
0.388612 0.435338 -0.109898 
-0.357509 -0.905449 0.004334 
-0.850257 0.481890 0.151072 
-0.276153 0.767867 0.218404 
-0.364932 -0.871897 0.218404 
0.288910 -0.540257 -0.004655 
-0.186754 0.591429 0.218404 
-0.697752 0.103767 0.218404 
-0.700879 -0.000835 -0.213558 
0.371343 -0.455107 -0.103818 
0.510966 -0.491919 0.218404 
-0.158963 -0.958782 0.006965 
-0.219889 -0.691900 -0.213558 
0.109455 0.561798 0.182987 
-0.557097 0.510669 -0.211326 
0.959880 0.101955 0.035664 
-0.376338 -0.430503 0.177098 
-0.340932 0.912581 0.192655 
0.071104 -0.951640 0.218404 
0.069711 0.609938 -0.010907 
-0.446444 0.505595 -0.211524 
-0.903987 -0.018994 -0.213558 
0.624904 -0.558236 -0.213558 
-0.823117 0.526949 -0.111158 
0.521786 -0.138393 -0.183528 
0.271075 0.617544 0.218404 
0.194751 -0.805309 0.218404 
0.334375 0.910405 -0.137567 
0.386046 0.660895 0.218404 
-0.180398 0.574806 -0.092863 
0.289049 0.762552 -0.213558 
0.556303 -0.791606 -0.157356 
0.797816 -0.253350 0.218404 
0.664969 -0.663426 0.218404 
0.835537 -0.484308 0.085024 
-0.431510 0.537710 0.218404 
0.605298 -0.008586 0.000874 
0.078653 -0.613868 -0.029927 
-0.035514 -0.970414 -0.129593 
-0.750134 -0.331091 -0.213558 
0.479084 0.350533 0.211220 
0.886642 0.383137 0.123758 
-0.414348 0.615600 -0.203655 
-0.977623 -0.018235 0.121079 
-0.522501 -0.563311 -0.210082 
-0.499404 0.799613 0.218404 
-0.746507 0.629933 0.013720 
-0.976948 0.040883 -0.011380 
-0.425355 -0.447301 0.011556 
0.283927 0.927865 0.114991 
-0.333978 -0.472890 0.085006 
-0.840385 0.067654 -0.213558 
-0.195156 0.952659 0.218404 
0.516178 0.238149 0.087946 
-0.550566 0.250729 0.057399 
-0.409643 -0.777763 0.218404 
-0.548663 0.214586 -0.116750 
-0.033016 -0.870673 0.218404 
0.155913 0.587855 0.026448 
0.055786 -0.559577 -0.188860 
-0.605387 0.160584 -0.213558 
-0.611054 0.760909 0.039059 
-0.110323 0.966514 -0.176538 
-0.067122 -0.587970 0.065390 
-0.811870 0.358236 0.218404 
-0.565735 -0.406375 -0.213558 
-0.177402 0.826658 -0.213558 
-0.869096 0.447020 -0.155909 
-0.629017 0.360444 -0.213558 
-0.495447 -0.838739 -0.064439 
-0.469649 -0.853596 0.088853 
-0.647049 0.706475 -0.213558 
0.459194 -0.852502 0.107693 
0.751334 0.136394 -0.213558 
-0.971089 0.116707 -0.130374 
-0.758381 0.615968 -0.141514 
0.349969 -0.853924 0.218404 
-0.164720 0.959034 0.024683 
0.525717 0.112122 -0.173195 
-0.657924 -0.198012 -0.213558 
0.754910 0.004899 0.218404 
-0.565972 0.084524 -0.141248 
-0.441066 0.426871 -0.078406 
-0.109378 0.605930 -0.048337 
0.881050 0.396062 -0.195757 
-0.216584 -0.525830 0.175954 
0.670253 0.697843 0.124800 
-0.315356 0.616893 -0.213558 
0.068864 -0.655897 0.218404 
0.495086 -0.747163 -0.213558 
0.487740 -0.308466 0.072975 
0.471440 0.846648 0.199879 
0.224331 -0.556751 -0.088528 
-0.945145 0.251016 -0.061217 
0.343445 0.907139 -0.004638 
-0.593932 0.183571 -0.001327 
0.795328 -0.548131 0.209409 
0.906931 0.139298 0.218404 
0.470780 0.523488 0.218404 
-0.110654 -0.785323 0.218404 
-0.501299 0.804518 -0.213558 
-0.919441 0.181761 0.218404 
0.199968 -0.596438 0.218404 
0.597130 0.761935 -0.004965 
-0.007129 0.671276 0.218404 
0.325924 -0.681977 0.218404 
0.910747 0.321189 -0.113562 
-0.435358 -0.535044 -0.213558 
-0.873720 -0.137025 0.218404 
-0.804795 -0.552744 -0.128311 
-0.576999 -0.288738 -0.213558 
-0.445011 -0.376075 0.188577 
-0.653103 -0.599921 -0.213558 
0.796143 0.548096 -0.207040 
-0.399000 -0.729262 -0.211591 
-0.599247 -0.022777 -0.213558 
0.671819 0.287877 -0.213558 
0.573595 0.005818 0.078014 
0.162703 -0.605866 -0.212672 
0.558028 0.165098 0.064704 
-0.821917 -0.527549 0.002849 
0.580403 -0.179409 0.006572 
0.069549 -0.754800 -0.204550 
-0.003571 -0.677944 -0.213558 
0.791086 0.555537 0.199330 
0.758690 -0.178802 0.218404 
0.873552 -0.412224 -0.060799 
0.760693 -0.045867 -0.213558 
0.524137 -0.381682 0.218404 
-0.418355 -0.879596 -0.182804 
0.432039 -0.391882 -0.108249 
0.823003 -0.341745 -0.213558 
-0.827248 0.520797 -0.018776 
0.474329 0.844940 0.002952 
-0.688217 0.692482 0.069577 
-0.587519 -0.033083 0.077743 
0.455937 0.412021 -0.055112 
0.481021 -0.839818 -0.046137 
0.847391 -0.042422 0.218404 
-0.244523 -0.514503 -0.198678 
0.077721 0.968404 -0.166804 
-0.101415 0.569100 0.186471 
0.338832 0.468124 0.192034 
-0.046539 0.771556 -0.213558 
0.851553 -0.184050 -0.213558 
0.556311 -0.479313 -0.213558 
0.691226 -0.675706 -0.058137 
-0.013412 0.893346 0.218404 
0.900266 -0.349134 -0.174259 
0.210939 0.593917 -0.213558 
-0.927450 0.309799 -0.150336 
-0.749449 -0.255044 0.218404 
0.466551 0.709213 -0.213558 
-0.866833 0.451462 0.072890 
0.742902 0.398631 0.218404 
-0.000847 0.866691 -0.213558 
-0.605535 0.665289 0.218404 
0.437456 0.447487 -0.199060 
-0.628285 -0.383792 0.218404 
-0.470047 0.341230 0.085164 
-0.200488 -0.951418 0.109682 
0.352431 0.664821 -0.213558 
0.927052 -0.268749 -0.136075 
-0.136519 -0.524724 0.142724 
0.566638 0.785587 0.128612 
-0.621679 0.014121 -0.057434 
0.544156 -0.196874 -0.114771 
0.281301 -0.927463 0.087639 
0.101230 0.966182 0.205380 
0.728336 -0.411323 0.218404 
-0.822393 0.382082 -0.213558 
-0.967772 0.139939 0.111840 
0.027723 0.546284 0.133020 
-0.888748 -0.406230 -0.059793 
0.469496 0.316306 -0.202001 
-0.243295 0.512404 0.104737 
0.531302 0.809761 -0.139569 
-0.482463 -0.306675 0.099524 
0.920909 -0.289896 0.126172 
0.567911 -0.783436 0.128014 
0.148358 -0.958465 0.135406 
0.667264 0.700832 0.014584 
-0.865258 0.075800 0.218404 
0.108536 -0.894535 -0.210623 
-0.568917 -0.232570 -0.078638 
-0.507542 -0.254572 -0.156696 
-0.560136 -0.237020 0.216284 
0.502720 -0.697917 0.218404 
-0.971914 0.009014 0.218404 
-0.630750 0.333570 0.218404 
-0.448164 0.380436 0.193632 
0.386119 -0.504600 0.218404 
0.304101 -0.920139 -0.140548 
0.564867 0.163328 0.206485 
0.286149 0.524193 0.213199 
0.297786 0.536083 -0.025287 
-0.344232 -0.501341 -0.085345 
-0.394016 0.891293 -0.149507 
-0.107527 0.602763 0.031067 
0.765583 -0.589272 -0.155257 
-0.627814 -0.746534 0.132159 
-0.974984 -0.074332 -0.075523 
-0.080983 -0.968123 0.018586 
0.937242 -0.221190 0.218404 
-0.680897 -0.281476 -0.213558 
-0.293757 -0.588090 0.218404 
0.744578 -0.616352 0.133135 
0.388644 -0.887000 0.155601 
-0.336107 0.914318 -0.000052 
0.069636 0.653232 0.218404 
-0.063011 0.970714 0.153073 
0.368811 0.896746 0.166690 
-0.354444 0.834171 0.218404 
0.956234 -0.132059 0.182201 
0.583116 -0.040591 0.202968 
-0.373607 0.469134 0.061382 
-0.039325 0.541689 -0.180774 
0.472817 -0.269250 0.156410 
-0.074192 -0.577313 0.192914 
0.202887 0.736435 0.218404 
-0.925234 -0.314790 0.062691 
0.313383 0.813974 0.218404 
0.720703 0.232552 0.218404 
-0.445395 0.735559 0.218404 
-0.289886 0.868413 -0.211631 
0.659413 0.530277 0.218404 
0.581896 0.201137 -0.036680 
0.544780 -0.254139 0.024463 
0.687517 0.093388 -0.213558 
-0.658741 -0.445233 -0.213558 
0.361657 -0.777917 0.218404 
0.542496 -0.063879 -0.160402 
-0.709878 -0.525383 -0.213558 
-0.977961 -0.007478 -0.196430 
-0.289496 -0.719082 0.218404 
-0.269098 0.503120 0.176279 
0.491910 0.446288 0.218404 
0.232120 -0.553739 0.052630 
0.190546 -0.950824 -0.024837 
-0.668253 -0.255257 0.218404 
-0.236251 -0.521433 0.093524 
0.227864 -0.785661 -0.213558 
-0.963399 -0.166386 0.035878 
0.506825 0.608842 -0.213558 
0.806217 -0.394984 0.218404 
0.501892 -0.663018 -0.213558 
-0.804633 -0.187877 -0.213558 
0.145588 0.960068 0.108089 
0.872863 -0.413729 -0.136834 
-0.278953 -0.931806 -0.006816 
0.444326 -0.563881 -0.213558 
-0.202073 -0.951065 -0.136284 
-0.425523 -0.660713 0.218404 
-0.062860 0.920525 -0.213558 
-0.489242 -0.370844 -0.076600 
-0.158838 -0.610459 -0.207952 
-0.601016 0.768697 0.190373 
-0.884045 0.222130 -0.213558 
-0.582084 0.075437 0.077595 
0.204310 0.948912 -0.126122 
-0.529429 0.819598 0.057788 
-0.671645 -0.707889 -0.010956 
-0.288197 0.476071 -0.173284 
-0.473859 -0.387666 0.047623 
-0.066240 0.738574 0.218404 
0.351336 -0.679693 -0.212064 
0.360600 0.731322 0.218404 
-0.303131 0.925946 -0.068730 
-0.465692 0.856777 -0.043466 
0.448104 -0.379608 0.056895 
0.195924 0.886345 -0.213558 
-0.348933 0.482207 0.202983 
0.528919 0.279796 -0.087049 
0.962352 0.075807 -0.056839 
-0.477274 0.850650 0.154171 
0.438616 0.396151 0.052519 
-0.258208 0.935600 -0.213558 
-0.164737 0.706990 0.218404 
0.096330 -0.965481 -0.182005 
0.714564 0.651871 0.170629 
-0.329306 -0.460558 -0.146053 
-0.104650 -0.606243 0.004299 
0.524393 -0.190420 0.172284 
-0.891771 0.400408 -0.095716 
-0.900190 0.380955 0.136916 
-0.744263 0.575153 0.218404 
0.044167 0.659721 -0.213558 
0.654521 -0.320776 -0.213558 
0.842145 0.230035 -0.213558 
0.233669 -0.880717 0.218404 
-0.624518 0.097645 0.218404 
-0.328178 -0.916008 0.133985 
-0.611052 -0.759747 -0.116950 
0.058183 -0.776257 0.218404 
-0.900138 -0.379910 -0.202849 
0.352473 -0.502772 -0.036703 
-0.154303 -0.561595 -0.119734 
0.179930 0.538762 -0.136340 
-0.966071 0.150677 0.039409 
0.006298 -0.583652 0.073605 
-0.659831 0.714317 0.218404 
0.951643 0.162209 -0.131627 
-0.797013 -0.389900 -0.213558 
0.456106 -0.320255 -0.195482 
-0.275778 0.933893 0.058804 
0.078091 0.553010 -0.151474 
0.563049 0.081860 0.185370 
-0.721807 0.367140 0.218404 
0.911334 0.018771 0.218404 
-0.698592 0.259914 -0.213558 
-0.520956 0.198347 0.125539 
0.906104 -0.110141 -0.213558 
0.024275 -0.568147 0.179089 
0.359314 -0.427961 0.171595 
-0.551154 -0.169870 -0.134025 
0.643121 -0.721930 -0.198643 
-0.452797 -0.862182 0.162479 
0.657503 0.546694 -0.213558 
0.562531 0.788539 0.052656 
-0.657290 0.516320 -0.213558 
0.701269 0.144189 0.218404 
-0.719094 -0.659862 -0.093478 
0.829887 0.392009 0.218404 
-0.090384 -0.932012 0.218404 
0.544045 -0.138002 0.098496 
0.691438 -0.088172 -0.213558 
-0.547949 -0.146285 0.109430 
0.940172 0.219497 -0.062903 
0.612391 0.012918 -0.213558 
-0.583499 -0.098299 -0.113621 
-0.579354 -0.035401 0.184265 
-0.604859 -0.764551 0.015666 
0.240115 0.825882 -0.213558 
-0.698158 0.377591 -0.213558 
-0.390261 -0.658907 -0.204717 
0.266928 0.534757 -0.213558 
0.820783 0.510418 0.153046 
-0.226015 -0.945713 0.038517 
0.176325 0.723480 -0.213558 
-0.531453 0.348485 -0.213558 
-0.935527 0.284117 0.062791 
0.100253 0.966275 -0.012540 
-0.449817 -0.863701 -0.121497 
0.235743 -0.926508 -0.213558 
-0.538182 -0.812485 -0.117056 
-0.306558 -0.923787 -0.072587 
-0.040160 0.606283 -0.083173 
-0.755522 -0.618489 -0.183819 
0.432408 -0.786046 0.218404 
0.525648 -0.304349 -0.067178 
-0.673777 0.582174 0.218404 
-0.435472 -0.441054 -0.199873 
-0.782063 -0.584273 -0.009904 
-0.600859 -0.577420 0.218404 
0.445842 -0.859305 -0.103825 
-0.291453 -0.549433 -0.045792 
0.125880 -0.529641 0.152467 
0.623542 -0.739190 0.148022 
0.771845 -0.581199 0.004070 
0.642783 -0.653093 -0.211426 
-0.825116 0.453003 0.218404 
-0.634344 -0.692427 -0.213558 
-0.399738 -0.477711 -0.045888 
-0.288345 0.631671 0.218404 
0.954197 -0.144919 0.096312 
-0.173975 -0.590275 0.007864 
0.227813 0.923088 0.218404 
0.860881 0.279026 0.218404 
-0.493384 0.382456 -0.052298 
-0.564627 0.434215 0.218404 
0.561443 0.068118 -0.132865 
0.258389 -0.499553 0.100917 
0.946414 -0.190410 0.027832 
-0.561052 -0.796943 -0.209101 
-0.445322 -0.531367 0.218404 
0.834115 0.487876 -0.022068 
0.137424 -0.644902 0.218404 
-0.547977 0.217094 -0.210116 
0.569402 -0.633688 -0.213558 
-0.447951 0.401784 0.059803 
-0.012189 0.577425 0.083059 
-0.177863 -0.752082 -0.205152 
0.061180 0.729886 -0.213558 
0.217667 -0.736342 0.218404 
0.038973 0.804225 0.218404 
0.695346 0.672750 -0.046678 
-0.822639 -0.526489 0.212169 
0.322004 -0.913694 0.150143 
-0.494777 -0.678653 -0.207826 
0.935583 0.240029 0.144484 
-0.703356 0.677343 0.156658 
0.830542 -0.189548 0.218404 
0.773981 0.579610 -0.077992 
0.430509 0.381972 -0.121409 
0.896175 0.361110 0.014305 
0.596682 -0.504293 0.218404 
0.574956 -0.332861 0.218404 
0.622768 0.645987 -0.210577 
-0.037149 -0.576967 -0.123366 
-0.155867 -0.862814 -0.213558 
-0.976962 0.040457 0.157566 
0.454917 0.855846 -0.106976 
0.562047 -0.787703 0.007857 
0.536493 0.389427 0.218404 
-0.038335 -0.951281 -0.213558 
-0.789140 0.576315 0.011208 
0.126765 -0.796773 0.218404 
0.102604 0.601756 -0.213558 
-0.615748 -0.698922 0.218404 
-0.832847 -0.510165 -0.173968 
0.841258 -0.474633 -0.166982 
-0.360751 0.905446 -0.207515 
0.363022 0.492841 -0.007256 
0.254419 -0.517110 0.190367 
-0.097498 -0.554879 -0.162519 
0.635868 -0.177312 0.218404 
-0.172751 -0.667029 0.218404 
-0.277765 -0.831040 -0.213558 
-0.036980 0.622035 -0.213558 
-0.874798 -0.434664 0.115841 
-0.907095 0.051971 -0.213558 
0.964866 -0.023169 -0.120876 
0.956196 -0.132299 -0.165465 
0.443387 -0.641795 0.218404 
-0.749796 0.626203 0.173484 
0.258269 0.515032 0.079830 
-0.394413 0.475154 -0.068557 
0.262233 0.934167 0.011302 
-0.313773 -0.617757 -0.213558 
-0.180684 0.886405 0.218404 
0.788817 -0.557710 -0.072275 
-0.137065 0.538867 -0.158570 
-0.717823 -0.415970 0.218404 
-0.775572 0.593806 -0.207593 
0.432382 0.806159 -0.213558 
-0.444187 0.327046 0.152332 
0.893417 -0.366317 -0.012719 
0.457449 -0.409220 -0.047548 
-0.300979 -0.530752 0.047456 
-0.914557 -0.344445 0.183985 
0.525143 0.176460 -0.193235 
-0.311058 -0.503933 -0.197360 
0.584626 0.656166 0.218404 
0.306408 -0.504572 -0.203064 
-0.767522 0.307611 0.218404 
0.045527 -0.969703 -0.138105 
-0.337542 -0.873730 -0.213558 
0.258498 -0.678615 -0.213558 
-0.756375 -0.617391 0.155626 
0.075840 0.968582 0.135796 
0.635876 0.729481 -0.204738 
0.735770 0.443376 -0.213558 
0.434730 0.866132 0.113584 
-0.343855 -0.483987 0.202558 
-0.073280 0.970015 0.078280 
-0.813289 0.541410 0.132786 
0.664262 0.460915 -0.213558 
0.874276 -0.410548 0.089004 
0.846630 -0.324803 0.218404 
-0.729152 -0.538601 0.218404 
0.777313 0.575315 -0.148542 
0.442455 -0.373532 0.195309 
-0.451856 0.331098 -0.157434 
-0.615927 0.095309 -0.009161 
0.604358 -0.068227 -0.028839 
0.001725 0.972243 -0.048822 
0.197917 -0.949176 -0.139200 
0.633220 -0.081525 0.218404 
0.458131 -0.450500 -0.201352 
0.735633 0.305900 -0.213558 
-0.974027 -0.084459 0.134385 
0.847293 0.465077 -0.087440 
-0.281453 0.560224 -0.213558 
0.524383 -0.311753 -0.000994 
-0.399438 0.736429 -0.213558 
0.575631 0.398227 -0.213558 
0.338776 0.908821 -0.071800 
0.724533 0.540494 0.218404 
-0.429364 -0.349157 0.129699 
0.441627 -0.549348 0.218404 
0.140685 -0.555119 0.086741 
0.507435 0.825360 0.146494 
-0.058750 0.966706 0.218404 
0.457845 0.277330 0.145976 
0.129870 -0.961393 0.072584 
-0.447987 -0.772717 -0.210121 
-0.737314 0.640361 -0.061057 
0.372824 0.881332 -0.213558 
0.965085 0.017394 -0.210572 
-0.402747 -0.886351 0.059653 
0.552722 0.060211 0.107292 
-0.591047 0.776430 0.122301 
0.228244 0.500726 0.159367 
0.345073 -0.837293 -0.213558 
-0.172056 0.598660 -0.032499 
-0.355055 0.418858 0.150659 
-0.211235 -0.533187 -0.133064 
-0.478990 0.398684 -0.213558 
-0.034545 -0.678107 0.218404 
-0.524638 -0.195519 0.161440 
-0.531356 -0.817124 0.155721 
-0.977302 -0.028444 -0.019944 
-0.092711 0.827336 0.218404 
0.163129 0.870616 0.218404 
0.511673 0.292569 0.053266 
-0.563162 0.796674 -0.083589 
0.186900 -0.531281 -0.141957 
0.916684 0.304696 0.038299 
0.896761 0.359756 -0.061403 
-0.972004 -0.105861 -0.012725 
-0.230171 0.827382 0.218404 
-0.475666 -0.309680 -0.145934 
-0.721121 -0.062142 -0.213558 
0.563266 -0.056698 0.090364 
-0.405194 -0.599452 0.218404 
-0.610590 -0.154171 -0.213558 
0.894193 -0.086792 0.218404 
-0.028139 0.556151 0.163694 
0.795803 0.548595 0.106430 
-0.970191 -0.123500 -0.122296 
0.550235 -0.370008 -0.213558 
-0.518491 0.271274 -0.121987 
0.376782 -0.471214 0.046838 
0.608287 0.054523 -0.011677 
0.698363 0.669733 -0.133445 
-0.769838 0.239045 -0.213558 
-0.096659 -0.966641 -0.149067 
0.964154 -0.045836 0.033452 
-0.276210 0.546359 -0.079532 
0.951426 0.163581 0.083118 
0.925102 0.201769 -0.213558 
-0.924533 0.317900 0.116805 
0.582708 -0.168423 -0.065641 
0.009485 -0.614106 -0.213558 
-0.271465 -0.933982 -0.125134 
0.573629 0.269416 0.218404 
0.664252 -0.490851 0.218404 
0.648504 -0.474040 -0.213558 
0.415982 0.572419 -0.213558 
0.962459 -0.073513 -0.029218 
0.534143 0.536245 -0.204625 
0.710648 -0.563138 0.218404 
-0.162152 0.666873 -0.213558 
0.623460 0.243914 -0.213558 
-0.825898 -0.521693 0.086150 
0.121606 0.613082 0.218404 
0.459361 0.673695 0.218404 
-0.529602 0.327755 -0.054197 
-0.975951 0.065261 -0.075940 
0.871511 0.213605 0.218404 
0.860973 -0.258387 0.218404 
-0.402005 0.887836 0.169460 
-0.108039 0.785302 -0.213558 
-0.442267 0.868713 -0.100699 
0.155231 0.958541 0.017168 
-0.092276 0.968220 0.009478 
0.691540 0.072414 0.218404 
-0.297368 -0.881448 0.218404 
-0.634263 0.742013 -0.029161 
0.777988 0.245684 -0.213558 
-0.870125 -0.443836 -0.106524 
0.960182 0.098768 0.101279 
-0.133439 0.963937 0.218404 
-0.951022 0.160252 -0.213558 
0.561381 0.787326 -0.213558 
-0.360834 0.467228 -0.205586 
-0.186168 0.955638 -0.034070 
-0.059968 0.622993 0.218404 
0.901386 -0.346024 0.106560 
0.823545 -0.127365 0.218404 
0.913492 0.313563 0.162488 
-0.779334 -0.386728 0.218404 
0.868572 0.423314 0.060655 
0.093865 -0.558130 -0.139376 
-0.472849 -0.407390 -0.026345 
0.508957 0.462903 -0.213558 
-0.609306 -0.120136 0.002182 
-0.947435 -0.241967 -0.170853 
-0.852779 0.464322 -0.213558 
-0.047441 0.971203 -0.180653 
-0.010956 0.972349 0.107261 
0.272980 -0.830145 0.218404 
-0.783668 -0.015766 0.218404 
-0.319611 0.761932 -0.212350 
0.492301 0.214659 0.140311 
-0.785654 0.113718 -0.213558 
0.614551 0.328390 -0.213558 
0.048148 0.904811 -0.213558 
-0.555435 -0.016994 0.128389 
0.376424 0.441073 -0.208275 
0.526240 -0.255593 -0.105729 
-0.353822 -0.906776 -0.157542 
0.705695 -0.060398 0.218404 
0.048110 -0.548127 0.125497 
-0.772347 0.137908 0.218404 
0.590808 0.146618 0.003771 
0.882207 -0.392223 0.216623 
-0.935908 0.282809 -0.205407 
0.821789 0.396512 -0.213558 
0.031627 -0.970139 0.159908 
-0.538490 0.572955 0.218404 
-0.954743 0.210691 -0.107034 
0.964934 0.022163 0.160899 
-0.223782 -0.946212 0.169334 
-0.952636 -0.218951 0.066364 
0.572396 -0.771877 -0.213558 
-0.378420 -0.455700 -0.108898 
-0.004585 -0.808618 0.218404 
-0.733341 -0.619870 0.218404 
0.336090 0.879593 0.218404 
-0.872965 0.349737 0.218404 
-0.558996 0.575995 -0.206185 
0.696031 0.672066 0.075133 
0.947805 0.185350 0.217205 
0.111309 0.716766 0.218404 
-0.225865 0.556486 0.058317 
0.534361 -0.225110 -0.211142 
0.645878 -0.129454 -0.213558 
-0.213050 0.757525 -0.213558 
0.225205 -0.943077 0.208456 
-0.548158 0.000609 -0.176277 
0.320475 0.915409 0.057412 
0.023855 -0.901910 0.218404 
-0.901125 0.378794 -0.034782 
0.777864 -0.443106 -0.213558 
0.633365 0.394141 0.218404 
-0.957864 0.196731 0.086946 
-0.753512 -0.109758 0.218404 
-0.528559 0.307339 0.049990 
0.053730 -0.715265 0.218404 
0.495678 -0.831149 -0.125256 
-0.957297 -0.198098 0.139821 
-0.672411 0.060900 -0.213558 
0.371327 -0.894493 -0.009878 
-0.949640 0.233525 0.207153 
-0.574657 -0.466683 -0.213558 
0.371924 -0.412794 -0.149231 
-0.932389 -0.130781 -0.213558 
-0.529924 -0.466066 0.218404 
-0.600064 -0.570632 -0.207291 
0.427424 -0.841544 -0.213558 
-0.487946 0.844339 0.020850 
0.621260 0.045130 0.218404 
-0.546412 -0.328997 0.218404 
0.915387 -0.307134 -0.018886 
0.652407 0.176595 -0.213558 
-0.156233 0.960378 -0.088726 
0.103996 -0.602669 -0.198360 
-0.542987 -0.809221 0.036895 
0.904241 -0.003507 -0.213558 
-0.513096 -0.189418 -0.176602 
-0.445410 -0.383965 -0.115935 
0.696968 -0.305983 0.218404 
-0.422403 -0.877669 -0.066607 
-0.666924 0.232769 0.218404 
0.741924 -0.619673 0.073084 
0.807004 -0.530950 -0.123035 
0.406424 0.379918 0.168736 
0.843297 -0.471185 -0.024691 
0.640743 0.302076 0.218404 
0.770001 0.584741 0.029090 
-0.936091 -0.281014 -0.046410 
-0.976897 0.042519 -0.163198 
-0.791869 0.572796 0.071079 
-0.518418 0.285964 0.197719 
-0.978179 -0.000551 0.063759 
-0.530509 -0.330433 -0.027304 
-0.210520 0.513536 -0.178069 
0.274392 0.491872 -0.141893 
0.061277 -0.968795 -0.049257 
-0.957871 0.196698 -0.034495 
0.339214 -0.544824 0.218404 
-0.508555 0.468814 -0.208645 
-0.469759 -0.383087 -0.213558 
0.300411 -0.473870 -0.142527 
0.130024 0.962534 -0.120599 
-0.420846 -0.836342 0.218404 
0.407322 0.783626 0.218404 
-0.398452 0.889374 0.017459 
-0.594040 0.043758 -0.108053 
0.305930 0.702015 -0.213558 
0.095534 0.540093 0.129383 
-0.553150 0.112596 0.113805 
-0.292800 -0.559226 -0.209086 
-0.792727 -0.073778 -0.213558 
0.669176 -0.406327 0.218404 
-0.516883 0.653777 0.218404 
0.823293 -0.505009 0.139210 
0.928056 -0.265296 -0.067838 
0.318006 0.916298 -0.194180 
-0.561688 -0.273527 -0.022656 
-0.364219 0.583656 -0.210805 
-0.119999 0.529496 0.146661 
-0.773193 -0.488140 -0.213558 
-0.889692 -0.404048 0.025799 
0.617809 0.745408 0.155442 
0.700195 -0.639447 -0.213558 
0.837455 0.083191 -0.213558 
-0.508233 0.223149 -0.165813 
-0.399613 0.888871 0.089282 
0.480768 0.841131 -0.182092 
0.771258 -0.454434 0.218404 
-0.936577 0.280504 -0.011023 
0.546490 -0.445025 0.218404 
0.442864 -0.415380 0.010549 
-0.651044 0.727218 -0.158143 
0.099390 -0.888848 0.218404 
-0.573887 0.319410 0.218404 
0.409772 -0.417649 -0.197370 
0.827172 0.328866 0.218404 
-0.300437 0.505619 -0.115306 
0.658358 0.669711 0.218404 
-0.669558 0.318211 -0.213558 
-0.851447 -0.289656 0.218404 
0.294251 -0.923685 -0.075769 
-0.265792 -0.758915 -0.213558 
-0.362406 0.568355 0.218404 
0.234092 -0.572084 -0.033166 
-0.062132 -0.817633 0.218404 
-0.659444 0.138539 -0.213558 
0.222915 0.944753 0.134905 
-0.296943 0.689817 0.218404 
-0.535176 -0.280606 0.057565 
0.426225 0.870466 0.023256 
0.792310 0.049381 0.218404 
-0.955462 -0.197595 -0.213558 
0.147303 -0.851277 -0.209066 
-0.612670 -0.102833 -0.059104 
0.046408 -0.969675 0.050934 
0.849609 0.130711 0.218404 
0.112595 -0.716022 -0.203175 
-0.916425 0.340421 0.175015 
-0.752777 -0.621656 0.046738 
0.821625 0.508996 0.215256 
0.949476 0.175893 -0.002384 
0.522447 0.235271 -0.123415 
0.262614 0.889981 -0.213558 
0.135527 -0.960498 -0.139876 
-0.953999 -0.212852 -0.111957 
0.773110 -0.312852 -0.213172 
0.560225 0.528563 0.218404 
0.616650 0.491682 0.218404 
0.606849 -0.753232 0.022389 
0.185764 -0.547622 0.191483 
0.753831 0.605586 0.173265 
0.252188 -0.555150 -0.213558 
0.723736 -0.640303 -0.097370 
-0.596998 0.522296 0.218404 
-0.259661 0.938576 -0.124673 
-0.131438 0.623677 0.218404 
-0.920900 -0.326826 -0.084659 
0.426283 -0.869272 -0.040994 
-0.545376 -0.800041 0.218404 
0.959535 0.105618 -0.135313 
-0.690978 0.017464 0.218404 
0.357322 -0.900553 -0.133585 
0.922818 0.284486 -0.156717 
0.521177 -0.815478 0.135155 
-0.539656 -0.719512 0.218404 
-0.426880 0.381228 -0.139242 
0.349768 0.595828 -0.213558 
-0.492761 -0.840327 0.038445 
-0.617993 0.657443 -0.212388 
0.383785 -0.374261 0.146530 
0.964636 0.031641 -0.095197 
-0.860460 0.209849 0.218404 
0.095285 0.836178 0.218404 
-0.083331 -0.646527 -0.213558 
0.506155 -0.277681 -0.209884 
-0.552409 0.803981 0.189488 
-0.193132 0.648257 0.218404 
0.639403 0.726372 -0.125144 
-0.525040 0.745684 -0.210859 
-0.633714 -0.741332 -0.053258 
0.264257 0.770567 0.218404 
0.287982 -0.794843 -0.213558 
0.647940 -0.717679 -0.070183 
0.901843 0.345919 -0.163816 
-0.877677 0.430179 0.153843 
-0.267061 -0.528510 0.201666 
-0.694768 -0.134521 -0.213558 
-0.377718 0.659464 -0.213558 
0.673010 -0.525074 -0.213558 
-0.563395 0.094735 -0.196872 
0.664067 0.607403 -0.213558 
0.729208 0.049015 -0.213558 
-0.296396 0.927904 0.149079 
-0.589725 -0.088034 0.202095 
-0.860208 -0.463299 -0.028750 
0.485501 -0.364769 -0.068165 
-0.685686 -0.693849 0.093776 
-0.414187 0.558063 -0.205134 
-0.362410 -0.414575 -0.168549 
0.583964 0.715147 0.218404 
-0.239121 -0.564043 -0.073211 
-0.890876 0.402478 0.041319 
0.551943 -0.188236 0.062423 
0.892324 -0.368843 0.050872 
0.368811 0.441335 0.080010 
-0.560302 -0.056742 -0.191332 
0.598391 -0.133743 -0.024224 
0.134839 0.554450 0.091838 
-0.839403 -0.232050 -0.213558 
-0.246869 -0.757123 0.218404 
0.174000 0.667358 -0.213558 
-0.562780 -0.184717 0.071264 
0.458770 -0.471233 0.218404 
0.698229 0.283983 0.218404 
0.589882 -0.062874 -0.093082 
0.894001 0.149159 -0.213558 
0.105072 0.953902 -0.213558 
0.488773 0.296553 -0.125909 
-0.656757 -0.646141 0.218404 
0.730967 -0.233175 -0.205172 
-0.350994 -0.907794 0.060394 
0.251445 -0.936136 -0.029101 
-0.901298 -0.206050 0.218404 
-0.117275 0.890267 -0.213558 
-0.790003 0.575201 0.170721 
0.334671 0.794719 -0.213558 
-0.378014 -0.475322 0.050869 
-0.412986 0.818075 -0.213558 
0.593231 0.070268 -0.087107 
-0.231139 0.539348 0.195052 
-0.714195 -0.595849 -0.213558 
0.655994 -0.183913 -0.208411 
0.039919 -0.607419 0.036208 
-0.911906 0.041807 0.218404 
0.031630 0.971304 -0.002018 
0.663977 -0.702955 0.179473 
0.308814 0.498371 -0.213558 
0.750198 0.610271 -0.038347 
-0.171548 -0.956788 0.062694 
0.569151 0.118325 -0.110644 
-0.360377 0.416065 -0.183841 
-0.471327 0.576258 0.218404 
0.457962 0.403948 -0.000335 
-0.185221 -0.954623 -0.060924 
0.129403 -0.591986 0.046959 
-0.490795 -0.650935 0.218404 
-0.770928 -0.306119 0.218404 
0.215031 -0.731823 -0.213558 
-0.759333 0.252875 0.218404 
-0.088532 0.560223 -0.197948 
-0.689625 -0.689910 0.149243 
-0.950577 -0.228166 0.195299 
-0.923310 -0.320130 0.117638 
-0.798132 -0.142296 0.218404 
0.576843 -0.555819 0.218404 
0.074583 -0.809692 -0.206889 
0.956977 -0.127371 -0.060066 
0.049995 0.604918 0.048623 
0.012540 -0.613436 -0.060977 
-0.883373 -0.082799 0.218404 
-0.694550 0.686149 -0.063875 
0.504031 -0.826209 0.016282 
0.965008 -0.018661 0.096433 
0.145051 -0.958989 0.208369 
-0.850070 0.482208 0.012994 
-0.253950 -0.939070 0.123979 
-0.783353 -0.262439 -0.213558 
0.277011 0.864103 0.218404 
-0.377449 0.495677 -0.020560 
0.514071 -0.512824 -0.203355 
-0.616195 -0.160633 0.218404 
0.680127 0.194759 0.218404 
-0.584008 0.020942 0.086029 
-0.533933 -0.254839 -0.212288 
-0.684216 0.602395 -0.213558 
0.622392 -0.706390 0.218404 
-0.454748 0.445538 -0.199143 
0.522447 0.348229 -0.213558 
0.402052 0.461363 -0.063849 
0.002795 0.559666 -0.151123 
0.776709 -0.381742 -0.213558 
-0.771605 0.505162 0.218404 
-0.434954 -0.837782 -0.213558 
-0.371699 -0.510005 -0.200438 
-0.791453 0.043742 -0.213558 
0.484644 -0.600854 -0.213558 
0.440901 0.337855 0.168210 
-0.118689 -0.572763 0.073599 
-0.972619 0.100519 0.019446 
0.909175 0.253758 -0.213558 
0.703834 -0.412961 -0.213558 
0.050650 0.940564 0.218404 
-0.779113 -0.209101 0.218404 
0.257076 -0.934501 0.037873 
0.254464 -0.511421 -0.128779 
0.468114 0.848615 -0.054773 
-0.835382 -0.440834 0.218404 
-0.412776 0.588686 0.218404 
0.928315 -0.264400 0.052890 
-0.686717 0.414326 0.218404 
-0.053822 -0.698477 -0.213558 
0.156761 0.596628 -0.213558 
0.399944 0.527140 0.218404 
0.543153 0.222953 0.205007 
-0.596592 -0.770964 0.093019 
0.004787 0.759994 0.218404 
-0.643124 0.213698 -0.213558 
-0.795816 0.567122 -0.135072 
-0.971514 -0.111045 0.058553 
-0.512508 0.829813 -0.046172 
-0.968109 0.137810 0.177198 
-0.012021 -0.834593 -0.213558 
0.567252 -0.027291 -0.129260 
0.324268 0.608115 0.218404 
-0.580521 0.044863 0.185997 
-0.497883 0.636053 -0.213558 
-0.446262 0.790508 0.218404 
-0.615675 -0.025559 0.032414 
-0.461188 0.418719 -0.016005 
-0.435861 -0.329936 -0.175969 
-0.599779 -0.088219 -0.213558 
-0.877923 -0.271834 -0.213558 
-0.931752 -0.295948 0.164874 
-0.939704 0.269741 -0.116741 
0.603617 -0.613953 0.218404 
0.807369 -0.006381 0.218404 
0.949151 -0.176780 0.153433 
0.590996 -0.765529 -0.047510 
-0.291454 -0.648146 0.218404 
0.965450 0.005766 0.047894 
-0.148175 -0.960490 -0.162447 
-0.617411 -0.238403 0.218404 
0.458632 -0.318435 0.172158 
0.698678 0.404762 -0.213558 
0.008221 0.614509 -0.061781 
0.929790 -0.259326 0.169168 
-0.206825 0.951167 0.056696 
0.200260 -0.528261 -0.198919 
-0.157656 -0.810804 0.218404 
0.932138 -0.229357 -0.213558 
-0.549573 -0.592443 0.218404 
-0.557629 0.163251 -0.128542 
-0.253473 -0.906684 -0.213558 
-0.723264 -0.377202 -0.213558 
0.344315 -0.475176 0.203090 
0.162276 -0.956260 0.020013 
-0.498517 -0.389438 0.218404 
0.360298 0.401826 -0.173809 
-0.078808 -0.968328 0.181194 
0.505383 0.766817 0.218404 
0.679219 -0.687713 0.045219 
0.572922 -0.022321 -0.207582 
-0.592773 0.430048 -0.213558 
0.774839 0.499792 -0.213558 
0.043597 -0.703731 -0.204406 
-0.541943 0.304528 -0.001369 
0.816162 -0.517068 -0.051075 
0.528399 0.311813 -0.044712 
0.732521 -0.630340 -0.161354 
-0.295498 0.542426 -0.008134 
-0.364245 -0.434472 0.105574 
-0.851689 -0.010496 -0.213558 
0.912699 0.086631 0.218404 
-0.093283 -0.591261 -0.206880 
-0.933356 0.291595 0.163651 
0.023882 -0.779945 -0.213558 
0.057195 0.562948 0.174883 
-0.095433 -0.620227 0.218404 
0.762651 0.143968 0.218404 
0.561249 0.128054 -0.208951 
-0.580406 -0.450431 0.218404 
0.375457 0.425921 0.181342 
0.963941 0.053764 0.014431 
0.704963 -0.305212 -0.213558 
-0.716810 0.473809 -0.213558 
-0.966521 -0.146680 0.179374 
-0.281204 0.932317 0.210823 
-0.150336 -0.926032 -0.213558 
-0.644788 -0.731570 -0.155106 
0.511442 -0.244362 0.182291 
0.725530 0.331545 0.218404 
0.181639 0.578191 -0.082608 
0.281000 -0.534551 0.048044 
-0.609770 0.083533 -0.077134 
-0.831497 0.513612 -0.161420 
0.852041 0.455758 -0.150748 
0.559366 0.243121 -0.059120 
0.563401 0.231766 -0.213558 
-0.115977 -0.738696 -0.213558 
0.822185 0.508048 -0.161525 
-0.590977 0.142330 0.214875 
0.759656 -0.526850 -0.213558 
0.516242 -0.135262 0.144823 
-0.372433 -0.814804 0.218404 
-0.275276 -0.816860 0.218404 
-0.731387 0.050962 0.218404 
0.147545 0.601335 -0.028192 
-0.977503 -0.022050 0.176483 
-0.795551 0.314855 -0.213558 
-0.147563 -0.724319 0.218404 
0.552651 -0.713695 0.218404 
-0.832674 -0.475903 -0.213558 
0.019333 -0.672815 0.218404 
0.708933 0.350915 -0.213558 
0.957606 0.124562 0.217225 
0.118139 0.807312 -0.213558 
0.589114 -0.520003 -0.213558 
-0.742415 0.180768 -0.213558 
-0.929415 -0.303173 0.004018 
0.050889 -0.907652 -0.212200 
0.195344 -0.537930 0.086167 
0.939687 -0.220502 -0.151536 
-0.481830 0.698164 0.218404 
-0.482808 0.847378 -0.190179 
-0.716974 0.460081 0.218404 
-0.163790 0.959182 -0.157597 
0.636444 0.616452 0.218404 
-0.102491 -0.966090 -0.036006 
0.510010 0.667129 -0.213558 
-0.598714 -0.170283 -0.006537 
-0.463723 0.462119 0.218404 
-0.042874 -0.970182 -0.072063 
-0.204471 -0.880875 -0.210677 
0.142811 -0.959343 -0.063193 
0.236435 0.528838 -0.119662 
0.655944 -0.710624 -0.143900 
0.066353 0.607199 -0.074852 
0.909368 -0.323854 0.163817 
0.551401 -0.120935 0.180520 
0.226948 0.734494 -0.213558 
0.267372 -0.851212 -0.213558 
-0.675147 -0.361842 0.218404 
-0.340197 -0.729375 0.218404 
0.399586 0.883429 -0.123350 
0.324713 -0.627246 -0.209492 
0.301468 0.516156 0.041407 
0.844811 -0.243986 -0.209925 
0.053233 0.846264 -0.213558 
0.639193 -0.242008 0.218404 
-0.111420 -0.889074 -0.213558 
-0.891921 0.261376 0.218404 
0.236727 0.571298 -0.028655 
-0.380525 0.878659 0.218404 
-0.537530 -0.234620 -0.119856 
-0.976749 -0.046059 -0.162304 
0.348653 -0.904100 -0.191117 
-0.557583 0.252899 -0.083618 
0.329656 0.437929 0.125193 
0.295177 0.666910 0.218404 
0.009563 -0.562004 -0.166502 
0.748216 -0.128481 0.218404 
0.487620 0.372137 -0.040874 
0.173077 0.927782 0.218404 
-0.669232 -0.047520 -0.213558 
-0.207513 -0.573368 0.044305 
-0.384386 0.517337 0.218404 
-0.409398 -0.463719 0.218404 
0.909791 -0.322676 -0.123284 
-0.491451 -0.261626 0.125293 
0.524450 0.722530 -0.213558 
-0.553696 -0.334366 -0.213558 
0.479264 0.290883 0.101494 
0.748894 -0.238259 0.218404 
0.629842 0.503650 -0.213558 
0.098890 0.601447 0.034107 
0.188894 0.785596 0.218404 
-0.572890 0.383810 0.218404 
-0.633268 -0.529074 0.218404 
-0.923265 -0.320257 -0.163046 
-0.333655 -0.433298 0.149264 
-0.349581 -0.908303 0.179649 
-0.302292 -0.667418 -0.213558 
-0.639803 0.737129 0.073654 
-0.438626 0.870568 0.127763 
0.339240 -0.506421 0.012262 
0.274667 -0.548993 -0.053267 
-0.135515 0.569520 -0.116111 
0.335554 -0.449670 0.101797 
0.658666 0.709389 0.063853 
0.395793 -0.883907 0.051917 
0.032586 0.971274 -0.091958 
0.545290 -0.117543 -0.143760 
0.491741 -0.253559 0.112139 
-0.494941 0.296749 0.091910 
-0.710501 -0.491533 0.218404 
-0.949487 -0.233040 -0.037398 
0.273004 0.931037 0.065341 
0.916331 -0.033412 0.218404 
-0.319898 -0.536013 0.218404 
-0.220807 -0.559658 0.213319 
-0.898218 -0.323168 -0.213558 
-0.579856 0.738540 -0.213558 
-0.561809 0.630711 0.218404 
-0.616085 -0.410117 -0.213558 
0.443533 -0.709670 -0.210471 
-0.772563 0.374188 -0.213558 
-0.217225 -0.898412 0.218404 
0.237704 0.533599 0.197630 
-0.923030 -0.113939 0.218404 
-0.074965 -0.810836 -0.213558 
0.796844 0.430036 0.218404 
-0.573020 0.789974 0.054721 
-0.878762 0.129584 0.218404 
-0.509172 0.246575 0.167747 
-0.652655 0.725798 -0.095006 
-0.699704 -0.679830 -0.051561 
0.004815 -0.970983 -0.088058 
-0.811587 0.543914 -0.060609 
-0.441952 0.868874 -0.163676 
-0.401863 -0.582760 -0.202246 
0.229060 0.943380 -0.029719 
-0.457321 -0.761956 0.218404 
0.184966 0.514743 -0.185360 
-0.631142 -0.743600 0.194413 
0.437478 -0.863567 -0.165610 
-0.210005 0.620187 -0.205726 
-0.259642 0.590607 0.218404 
-0.332138 -0.797615 -0.213558 
0.656346 0.254522 0.218404 
0.552734 -0.794032 0.216428 
0.153830 0.541285 0.172544 
0.535647 -0.805644 -0.210994 
0.175046 -0.954239 0.093378 
-0.637073 0.009861 -0.213558 
0.533415 0.808325 0.099060 
-0.402632 -0.728318 0.218404 
-0.130114 0.586348 -0.213558 
0.296882 0.652934 -0.213558 
0.801302 0.450074 -0.213558 
0.726460 0.638377 -0.179239 
0.344175 0.906877 0.124558 
0.942215 -0.209192 -0.044648 
-0.262898 0.606145 -0.208673 
-0.120747 0.965528 -0.127924 
0.655022 -0.604943 -0.213558 
-0.056128 0.591403 0.064478 
0.525714 0.308853 0.004827 
-0.909206 -0.233277 -0.213558 
0.711076 -0.654664 0.202204 
0.933509 0.247687 0.009027 
0.842547 -0.436838 0.218404 
-0.426468 -0.418707 0.205782 
0.959333 0.107749 -0.013548 
0.380180 0.604129 0.218404 
0.864146 0.432001 -0.054625 
0.805430 -0.071655 -0.213558 
-0.215670 -0.691663 0.218404 
0.442425 0.564018 0.218404 
-0.195476 -0.520088 0.121471 
0.535723 -0.805592 -0.111552 
-0.069652 -0.969194 0.066684 
0.363851 -0.650304 0.218404 
-0.365293 0.435150 0.105154 
-0.285896 0.677476 -0.209485 
-0.326822 -0.840476 0.218404 
0.718027 0.647943 0.121535 
-0.577236 0.216316 0.031630 
0.718715 0.489986 0.218404 
-0.096401 0.679333 -0.213558 
-0.134760 0.867798 0.218404 
-0.837925 -0.008398 0.218404 
0.413216 0.877094 0.175408 
0.651945 0.059266 -0.213558 
0.186039 -0.652950 0.218404 
0.829181 0.238815 0.218404 
0.539053 0.117548 0.114460 
0.442057 0.483502 0.218404 
0.718092 0.647869 -0.083549 
-0.649205 -0.435862 0.218404 
0.549589 -0.046010 0.165290 
-0.221765 0.727350 0.218404 
-0.145339 -0.604029 -0.029639 
0.886043 -0.383358 -0.098563 
0.573309 0.190762 0.016420 
0.124373 0.963429 -0.057935 
0.953182 -0.151330 -0.102793 
0.631447 0.733385 0.023003 
0.913987 0.097641 -0.213558 
0.615210 0.456782 -0.213558 
-0.484163 0.846576 0.202577 
-0.848696 0.180715 -0.213558 
0.750659 -0.109596 -0.213558 
-0.318922 0.733583 0.218404 
-0.711649 -0.476439 -0.213558 
0.383608 0.793828 -0.213558 
0.221799 0.937828 -0.213558 
-0.027703 -0.970659 0.004405 
-0.406399 0.413309 0.184834 
-0.200077 0.952675 0.133710 
0.840822 0.034453 -0.213558 
0.862982 0.434287 0.134213 
-0.500487 -0.369518 -0.012619 
0.320426 -0.815025 0.218404 
-0.712557 0.668141 0.034924 
-0.152345 0.540931 0.111909 
-0.559286 -0.597282 -0.210573 
-0.244408 -0.649680 -0.213558 
0.405748 0.378872 0.111730 
0.796878 -0.545851 0.143078 
-0.835543 -0.139941 -0.213558 
0.874865 -0.332347 -0.212302 
-0.342965 0.911850 -0.128206 
0.706371 0.172652 -0.213558 
0.489782 -0.279885 -0.135962 
0.430704 0.859236 -0.213558 
0.957994 0.121921 0.166098 
-0.604770 0.217476 0.218404 
-0.272588 0.510023 -0.204307 
0.563205 0.079782 -0.204203 
-0.582160 0.096375 0.194734 
-0.226834 0.779000 0.218404 
-0.916968 0.326703 -0.213558 
-0.359069 0.500374 0.024067 
0.021915 0.860149 0.218404 
-0.162752 0.593574 0.014801 
-0.036866 0.574987 -0.127877 
-0.613936 0.473605 -0.213558 
0.797412 -0.545064 0.037388 
0.478858 0.302784 0.181397 
-0.563415 -0.795337 -0.160777 
0.284262 0.528795 -0.088215 
0.708195 0.655970 0.218404 
-0.760854 -0.611616 -0.124612 
0.876932 0.343304 -0.213558 
0.404114 -0.619203 -0.213558 
0.388003 0.888442 -0.002999 
-0.943673 -0.046584 -0.213558 
0.778365 0.256698 0.218404 
0.169229 0.626282 0.218404 
0.933530 0.247618 0.096176 
-0.340187 -0.621611 0.218404 
-0.512048 0.245090 0.108159 
-0.210140 0.695711 -0.213558 
-0.806690 -0.549955 -0.080240 
-0.137824 0.746952 0.218404 
0.140041 0.561574 -0.121903 
0.503317 0.562684 0.218404 
-0.806239 0.408739 0.218404 
-0.684798 -0.302870 0.218404 
0.521670 0.329344 0.218404 
-0.740146 0.040896 -0.213558 
0.860717 -0.126040 -0.213558 
0.446319 0.860227 0.065684 
-0.526193 0.403897 0.218404 
-0.350299 -0.742919 -0.213558 
0.566403 0.785769 -0.071888 
-0.371144 -0.900026 -0.041344 
0.258267 0.935319 0.165924 
0.580147 0.743202 -0.213558 
-0.639493 0.631439 0.218404 
-0.118297 0.965761 0.049676 
0.451045 0.359995 -0.208904 
-0.362857 -0.619692 -0.202694 
0.190275 -0.587091 -0.045266 
0.581890 -0.772592 -0.121703 
0.516298 0.819958 -0.095341 
-0.036049 -0.639529 -0.213558 
0.091295 0.769728 0.218404 
0.570202 0.020219 -0.125559 
0.629506 0.173184 0.218404 
-0.552453 0.264492 -0.213558 
0.353290 -0.519025 -0.213558 
0.859504 -0.439947 0.123516 
0.226244 0.599519 0.218404 
-0.454169 0.767468 -0.213558 
0.812835 0.523533 -0.046139 
0.886026 -0.217527 -0.213558 
0.598699 -0.054645 0.023559 
0.959242 -0.107543 -0.205928 
-0.526147 -0.260302 0.192580 
-0.887228 -0.409745 0.154343 
-0.583780 0.027275 -0.206458 
-0.491325 -0.791986 -0.211761 
0.485237 -0.796860 -0.212080 
-0.778101 0.518111 -0.213558 
-0.799897 0.561115 -0.183299 
0.339215 -0.907497 0.193914 
0.459606 -0.747182 0.218404 
0.342938 -0.726241 0.218404 
-0.282281 -0.489929 -0.159732 
-0.505904 -0.832554 0.111002 
-0.762405 0.610781 0.054016 
0.128991 0.722032 -0.213558 
-0.172474 -0.663147 -0.208687 
0.897292 0.358527 0.084736 
-0.652584 0.478034 0.218404 
0.126342 -0.943688 -0.212795 
0.015133 0.971822 0.042310 
0.577248 -0.151011 -0.211527 
-0.840825 -0.496675 0.035456 
0.196168 0.950732 -0.172649 
-0.453822 -0.319119 0.156706 
-0.921194 0.327173 0.032693 
0.455207 -0.518047 -0.210487 
0.347873 0.508882 -0.048983 
0.864327 0.014493 0.218404 
-0.081576 -0.861120 0.218404 
-0.960732 -0.182729 -0.023398 
0.816361 0.517896 0.027452 
-0.719892 0.660122 -0.115799 
-0.238038 0.893065 -0.213558 
-0.715490 0.235747 0.218404 
0.513220 -0.264924 0.071844 
0.654917 -0.711529 0.089866 
-0.509295 -0.755449 0.218404 
0.600006 0.101072 -0.003456 
0.342280 -0.463551 -0.208098 
0.169052 -0.892921 -0.210965 
-0.966252 0.149541 -0.097068 
-0.939782 0.013948 -0.213558 
0.574115 -0.142409 0.048588 
-0.125326 0.936574 -0.213558 
-0.729357 -0.289029 -0.213558 
0.514113 0.821411 0.010963 
0.400450 -0.820346 0.218404 
0.432916 0.346076 -0.151453 
-0.009175 -0.971241 0.136877 
0.919866 -0.293485 -0.175220 
-0.449533 -0.485214 -0.206796 
0.569107 0.638968 -0.213558 
0.176466 -0.758540 0.218404 
-0.667268 0.712915 0.033117 
-0.027707 -0.576501 0.188072 
0.068019 -0.602555 0.218404 
-0.464408 0.374267 -0.103957 
0.483465 -0.344855 0.043968 
0.014905 0.723391 -0.213558 
-0.477568 -0.345810 -0.114206 
-0.874816 -0.330037 0.218404 
0.585747 -0.176208 0.218404 
0.674997 -0.691934 -0.007788 
0.686364 -0.038082 -0.213558 
-0.495691 -0.279117 -0.194500 
-0.178190 -0.620769 0.218404 
0.884029 -0.062491 -0.213558 
0.187765 -0.951445 -0.093813 
0.462799 0.357517 0.062039 
-0.029361 0.814825 -0.213558 
0.019063 -0.970535 0.002509 
-0.197893 -0.942985 0.218404 
-0.827628 -0.429679 -0.213558 
-0.690192 0.690507 -0.206801 
-0.058492 0.970856 -0.036634 
-0.658517 -0.179810 0.218404 
-0.385538 -0.483152 0.003327 
-0.563808 0.796235 -0.148281 
-0.017086 0.719019 0.218404 
0.315872 0.472810 -0.133330 
-0.247663 -0.547785 0.057023 
0.772818 -0.579944 0.184147 
0.453851 -0.300593 0.127878 
0.179911 -0.559928 -0.106094 
0.242717 0.778132 -0.213558 
0.523139 -0.622567 0.218404 
-0.295462 0.928175 -0.019532 
0.528414 0.082499 0.142895 
0.112012 -0.603266 0.000442 
0.355108 -0.728059 -0.213558 
-0.259691 -0.937402 -0.173831 
-0.512420 0.829866 0.100745 
0.398300 -0.558763 -0.213558 
0.277802 -0.624439 0.218404 
-0.134012 0.847188 -0.213558 
0.550042 -0.092160 -0.196152 
0.598781 -0.759490 -0.177720 
0.287383 0.818920 -0.213558 
-0.537481 -0.704888 -0.213558 
-0.642353 -0.644748 -0.210784 
-0.791972 0.216713 0.218404 
-0.517570 -0.638949 -0.213558 
0.759825 -0.596695 -0.110092 
0.578561 0.117935 0.209518 
0.961028 -0.088650 0.208176 
-0.598496 -0.055901 -0.100238 
-0.199508 -0.517791 -0.188624 
0.550482 -0.004075 0.116579 
-0.355036 0.860234 -0.213558 
-0.400383 0.422843 -0.124488 
0.130343 0.962483 0.151365 
-0.348918 0.698784 0.218404 
-0.859773 -0.186405 0.218404 
-0.569167 0.030753 -0.144385 
0.062839 0.597558 0.214622 
-0.581295 0.175874 -0.091313 
0.460358 0.288221 -0.166887 
0.737957 -0.624173 -0.013457 
0.377117 -0.891988 0.214519 
-0.581124 -0.372698 0.218404 
-0.624540 -0.009407 -0.017977 
0.527395 -0.714707 -0.213558 
0.598935 -0.101853 -0.065707 
-0.104231 -0.546412 0.118607 
0.415848 -0.446568 -0.059057 
-0.625764 0.746973 -0.213558 
-0.591975 0.619952 -0.209132 
0.257959 -0.747531 -0.213558 
0.334152 0.773254 0.218404 
0.433527 0.864113 0.218404 
-0.050625 -0.605675 -0.081770 
0.799856 -0.490018 0.218404 
0.965475 0.004952 0.203171 
-0.683841 0.147240 0.218404 
-0.976661 -0.048867 0.078896 
-0.174414 0.553513 0.188477 
-0.836240 0.505593 -0.061607 
-0.676826 -0.063785 0.218404 
-0.464709 0.551131 -0.213558 
-0.001042 0.972331 0.206593 
0.300450 -0.504050 0.202494 
-0.865168 0.454728 0.190114 
-0.546223 -0.123976 0.161412 
0.100516 -0.599763 -0.075246 
0.435500 0.760762 -0.213558 
-0.476444 -0.344480 0.074936 
0.551878 -0.271293 0.218404 
-0.234482 0.564435 -0.080389 
-0.580106 0.225174 -0.055468 
-0.367260 0.768545 -0.213558 
-0.428088 -0.684001 -0.206452 
0.949093 -0.177143 -0.164598 
0.604039 -0.598266 -0.208618 
0.678233 0.689864 0.168748 
-0.420943 -0.878413 0.190345 
-0.037100 -0.551015 -0.160506 
-0.270250 0.473227 0.142281 
-0.320202 0.920044 0.062526 
-0.817081 -0.534666 -0.210916 
0.555927 0.754093 0.218404 
0.184041 -0.813770 -0.207830 
0.524730 0.651815 0.218404 
0.736250 0.045990 0.218404 
-0.293423 -0.927602 0.179113 
-0.682981 0.697718 0.121936 
0.320696 -0.914165 0.058757 
-0.597149 -0.717898 -0.213558 
0.529418 0.261332 -0.213558 
0.296476 -0.554407 -0.203355 
-0.976645 -0.049374 -0.112968 
0.961005 -0.088903 0.046116 
0.586112 -0.238121 -0.208507 
-0.296510 0.721153 -0.208966 
-0.312838 0.499813 0.072003 
-0.854119 0.110452 -0.213558 
-0.385194 -0.893947 -0.209492 
0.860757 0.301398 -0.213558 
0.084733 -0.856488 -0.208906 
-0.571914 -0.085797 0.090568 
0.125616 0.930816 0.218404 
-0.136138 -0.552784 0.177736 
-0.849473 -0.378385 0.218404 
-0.794265 -0.338994 -0.213558 
0.171492 0.565773 0.062220 
0.765541 -0.589326 0.050034 
0.518723 -0.320552 -0.213558 
-0.948108 0.240372 0.084105 
-0.538968 -0.668741 0.218404 
-0.910943 -0.354482 0.047619 
0.811290 -0.007736 -0.213558 
-0.717771 0.662528 -0.027465 
0.455063 -0.597594 0.218404 
0.683751 -0.448620 0.218404 
0.433647 0.637099 0.218404 
0.159470 -0.548758 -0.203452 
0.015686 -0.616721 -0.014858 
0.612580 0.000688 -0.048281 
0.786690 0.163652 -0.213558 
-0.401771 0.423173 0.079665 
-0.853343 -0.475508 0.173389 
-0.208628 -0.805096 0.218404 
-0.596290 0.772363 -0.001454 
-0.540393 0.210924 0.087430 
-0.640446 -0.333903 0.218404 
-0.706217 -0.132526 0.218404 
0.963792 0.058502 0.058696 
0.115722 0.657309 0.218404 
-0.434911 0.448845 -0.039360 
0.119487 -0.963038 0.172175 
-0.518637 -0.435209 -0.213558 
-0.162882 -0.958161 -0.116505 
-0.901348 0.378278 -0.133067 
0.709166 0.427618 0.218404 
0.832872 0.353486 -0.213558 
-0.889610 -0.404238 -0.111414 
0.243655 0.694849 0.218404 
-0.681615 -0.525227 0.218404 
0.527464 -0.445591 -0.213558 
-0.398125 -0.405316 -0.143919 
-0.396787 -0.382026 0.133299 
-0.938206 -0.273736 0.052051 
-0.041504 -0.970226 -0.173533 
-0.053180 0.873740 0.218404 
-0.304719 -0.522706 -0.089286 
0.793952 0.103860 0.218404 
-0.952799 0.152612 0.218404 
-0.812928 0.249222 -0.213558 
0.564489 0.206213 -0.083027 
-0.818731 -0.532238 -0.041518 
0.581028 -0.202145 -0.036276 
-0.487320 -0.594620 -0.213558 
0.002285 0.604803 0.051588 
0.356097 0.433696 -0.143555 
-0.776413 0.592722 0.132551 
0.463059 -0.427301 0.218404 
0.552516 -0.519002 0.218404 
-0.145674 0.921560 0.218404 
-0.456799 0.813046 -0.213558 
-0.645217 0.531499 0.218404 
0.792060 -0.552939 -0.169626 
0.293944 -0.459137 0.129356 
0.385032 -0.452926 -0.209484 
-0.565248 0.773307 0.218404 
-0.146541 0.596175 -0.069913 
0.411760 -0.445117 0.025920 
0.962373 0.075595 -0.100860 
-0.553320 -0.272871 -0.070301 
0.527296 0.179417 0.171222 
-0.403780 0.378204 0.154567 
-0.608742 -0.030551 0.217186 
0.945004 0.197882 -0.106882 
0.511083 -0.231109 -0.140068 
0.485589 -0.837116 0.148870 
0.495562 -0.202859 0.141702 
0.105689 0.605836 -0.044410 
0.947160 -0.187068 0.071478 
0.513384 0.484423 0.218404 
0.666393 0.218024 -0.213558 
0.550603 -0.795480 0.166318 
-0.195946 0.881326 -0.213558 
0.004908 0.606210 -0.213558 
0.962356 0.075775 -0.184348 
0.231495 0.942835 -0.092492 
-0.697549 -0.681985 0.012783 
0.397359 -0.883229 -0.133038 
0.154640 -0.867011 0.218404 
0.181063 -0.574865 0.050843 
-0.204914 0.533777 -0.137282 
0.165368 -0.749588 -0.205321 
0.273716 0.489835 0.171990 
-0.458854 0.343106 -0.198690 
-0.857394 -0.361281 -0.213558 
0.626665 0.351131 0.218404 
0.097691 0.966517 0.098224 
0.839792 0.478277 0.037962 
-0.492618 -0.434028 0.218404 
0.539177 -0.280497 -0.033410 
-0.963082 0.169555 -0.000911 
0.393863 0.651595 -0.213558 
