0.010668 0.514180 -0.264840 
0.029412 -0.943159 0.267633 
-0.930435 -0.120842 0.263487 
0.955132 -0.110331 0.266433 
-0.265436 -0.323684 -0.264840 
0.672204 0.690138 0.244028 
-0.659420 0.679754 0.253224 
0.621632 -0.696048 -0.264840 
0.517439 0.020100 -0.264840 
0.018685 0.957346 0.267585 
-0.691417 0.240233 -0.264840 
-0.611584 -0.710861 0.183336 
0.319536 -0.346839 0.267633 
-0.846378 -0.402817 -0.259435 
-0.404215 0.139263 0.233388 
-0.258040 -0.904617 -0.250436 
0.822473 0.497229 -0.264840 
-0.485524 0.816871 -0.263819 
0.274904 0.305584 0.178843 
0.423221 0.863616 -0.215990 
-0.215779 -0.385296 0.257965 
0.917975 -0.279935 -0.235883 
0.764390 -0.573370 0.239844 
0.232836 -0.393959 -0.264840 
0.198086 -0.925418 -0.180345 
-0.157842 0.531413 0.267633 
-0.054885 0.955053 -0.205566 
-0.888812 0.311417 0.165703 
0.907627 0.323505 0.206113 
0.436138 -0.843588 0.191480 
0.558252 -0.000115 0.267633 
-0.301390 0.279227 -0.159635 
0.955749 0.117249 -0.137658 
-0.605458 -0.716263 -0.240009 
0.390469 0.390118 -0.264840 
-0.344284 0.888270 0.139710 
-0.938220 -0.026435 -0.144818 
-0.579127 -0.271342 0.267633 
-0.579054 -0.116974 -0.264840 
0.300391 0.664726 0.267633 
-0.734669 0.595263 -0.098528 
-0.306369 -0.888899 0.133295 
-0.025597 -0.444929 -0.031484 
-0.836021 -0.423142 0.084599 
0.578443 -0.358679 -0.264840 
0.422803 -0.178230 -0.003579 
0.155758 -0.633103 0.267633 
-0.396510 -0.183912 0.001838 
0.589610 0.369597 0.267633 
-0.026818 -0.671334 -0.264840 
0.206296 0.937029 0.013680 
0.661432 0.700786 -0.067127 
0.888453 -0.359956 0.061130 
0.677597 -0.279516 0.267633 
-0.711288 0.085254 0.267633 
0.026345 0.454214 0.043849 
-0.463021 0.518077 -0.264840 
-0.541767 0.407532 0.267633 
-0.550510 -0.429155 -0.264840 
-0.322349 -0.621973 -0.264840 
0.319143 -0.670839 -0.264840 
-0.158329 -0.669145 0.267633 
-0.217794 0.691818 -0.264840 
0.448131 0.119665 -0.004835 
-0.049617 -0.942104 -0.045977 
0.705868 0.230128 -0.264840 
0.161344 0.776481 -0.264840 
0.470940 0.839197 0.081755 
0.639194 -0.706946 0.012030 
0.240664 -0.380558 0.008213 
0.472385 -0.571342 0.267633 
-0.241736 0.332981 0.097810 
-0.900851 0.272580 -0.098404 
0.816805 0.512161 0.044575 
-0.436267 0.075297 -0.032104 
-0.450220 -0.506873 0.267633 
0.440897 -0.841163 -0.105044 
-0.559782 0.766298 0.026422 
0.766369 -0.062177 -0.264840 
0.807143 -0.513457 -0.192157 
0.210313 -0.922685 0.082874 
0.953889 -0.119037 -0.034519 
-0.405921 0.646273 0.267633 
0.522600 0.620196 -0.264840 
0.804139 0.094234 0.267633 
0.269993 0.918840 0.267633 
-0.285113 0.909997 -0.107922 
0.042008 0.705477 0.267633 
-0.455586 -0.821129 -0.057737 
0.084393 -0.401353 0.202275 
-0.711870 -0.609787 -0.041780 
0.365910 -0.180833 -0.240738 
0.255346 0.390065 -0.063188 
-0.121004 0.947946 0.067520 
-0.411402 -0.102184 0.234532 
-0.471870 0.113653 -0.264840 
-0.698327 -0.487894 0.267633 
-0.919607 -0.184028 0.029143 
0.114892 0.482567 0.267633 
-0.935477 0.086612 0.125018 
-0.246940 -0.362373 0.001234 
-0.828747 0.450865 -0.254130 
-0.186691 0.777230 0.267633 
-0.011381 -0.442934 -0.264840 
-0.791529 0.515726 0.139417 
0.908875 0.320042 -0.036005 
0.958884 0.084083 0.102273 
-0.229114 0.465487 -0.264840 
-0.397360 -0.733309 0.267633 
0.301974 0.596054 -0.264840 
-0.036249 -0.927460 -0.264840 
0.813856 0.517027 0.264245 
-0.375369 -0.078525 -0.193218 
0.358629 0.176587 -0.228047 
-0.761325 0.033347 -0.264840 
-0.847847 -0.186146 -0.264840 
0.431298 0.184305 0.261740 
0.397365 -0.152538 0.206177 
0.613748 -0.728963 0.261081 
0.898327 -0.317825 0.267633 
0.393960 0.453715 0.267633 
-0.805396 -0.287971 0.267633 
0.901986 0.304857 -0.264840 
-0.644372 0.683033 -0.264840 
-0.162849 0.427067 -0.065868 
0.791091 -0.537078 0.034160 
0.249221 -0.819500 0.267633 
-0.343757 0.454939 0.267633 
-0.467955 0.319057 -0.264840 
-0.160426 -0.879096 0.267633 
0.480850 0.743523 0.267633 
0.170580 0.371947 -0.238621 
-0.925543 0.165175 -0.259722 
0.599079 0.393107 -0.264840 
0.761433 -0.097725 0.267633 
-0.703912 -0.547993 -0.264840 
0.482781 -0.527033 -0.264840 
0.242515 0.928933 -0.178109 
-0.725017 0.322184 0.267633 
-0.441868 -0.815984 -0.264840 
-0.712329 -0.119436 0.267633 
0.567435 -0.164616 -0.264840 
0.960630 -0.050544 -0.228521 
0.135571 -0.563717 -0.264840 
-0.475209 0.822971 0.267593 
-0.276306 -0.899310 -0.062270 
-0.873433 -0.340689 -0.083904 
-0.678913 -0.275624 -0.264840 
0.501631 -0.386840 0.267633 
0.735550 -0.245666 -0.264840 
-0.833131 0.442260 -0.061531 
-0.043673 -0.517034 0.267633 
0.397793 0.032572 0.162718 
0.641721 0.193050 0.267633 
-0.300726 -0.235760 0.174642 
-0.623998 0.413058 -0.264840 
0.013572 -0.761771 0.267633 
-0.032421 0.689614 -0.264840 
-0.373947 0.238458 0.010073 
0.116506 -0.779634 -0.264840 
0.032687 0.956905 -0.025354 
0.362075 -0.877151 -0.261649 
-0.101913 -0.378678 0.115922 
0.368832 0.275113 0.028343 
-0.079163 0.387576 0.168865 
0.696364 0.665978 -0.236714 
0.524771 0.573597 0.267633 
0.441488 -0.052614 -0.124139 
-0.150638 -0.382553 -0.146813 
-0.572845 0.235631 0.267633 
-0.479069 -0.807242 0.125145 
-0.417487 -0.334075 0.267633 
-0.160941 -0.529434 -0.264840 
0.122231 -0.418022 -0.116315 
-0.681855 0.657279 0.078725 
-0.893883 0.172577 0.267633 
0.312692 -0.304483 -0.127138 
0.652521 -0.517963 -0.264840 
-0.083570 0.382502 -0.208553 
-0.488458 -0.259850 -0.264840 
0.294684 -0.514066 0.267633 
0.834690 0.121138 -0.264840 
0.713226 0.647973 0.084465 
-0.277987 -0.541658 0.267633 
-0.464078 0.829554 -0.096820 
-0.549071 0.041804 0.267633 
-0.747254 -0.565593 0.116141 
0.570094 0.776233 -0.228062 
-0.380655 -0.465567 -0.264840 
-0.054020 -0.941688 0.123279 
-0.164467 0.941062 0.246748 
-0.685443 0.511567 0.267633 
-0.392337 0.014488 0.116478 
-0.595437 -0.725097 -0.069366 
0.936521 -0.212009 0.116929 
-0.275061 0.846139 -0.264840 
0.176027 0.395087 0.082580 
0.381203 -0.708053 0.267633 
0.313732 -0.259721 0.114481 
0.074139 0.437318 -0.123339 
0.415021 -0.358431 -0.264840 
0.768772 0.581167 -0.117871 
-0.167453 -0.753397 -0.264840 
0.751587 0.366874 0.267633 
0.544419 0.216849 -0.264840 
0.544540 -0.187220 0.267633 
0.948295 0.167797 0.262406 
0.668967 -0.441102 0.267633 
0.363053 -0.876728 0.031762 
0.100134 0.952966 -0.250010 
0.672704 0.072306 -0.264840 
-0.378423 0.692014 -0.264840 
0.461841 -0.744583 -0.264840 
0.378806 0.883357 -0.041405 
-0.932086 0.122497 -0.030574 
-0.348593 0.286110 0.261891 
0.141083 0.618184 -0.264840 
0.323196 0.904628 0.117055 
0.704682 -0.644214 -0.118087 
-0.805441 -0.478757 -0.119644 
-0.336473 -0.247592 -0.129095 
0.177671 0.791877 0.267633 
0.848288 -0.444535 0.189893 
0.113085 0.951741 0.137671 
0.892757 -0.350010 -0.099240 
-0.938083 -0.030797 0.021783 
0.113660 -0.938241 -0.036263 
-0.485885 -0.577680 -0.264840 
-0.854905 0.012687 0.267633 
0.390903 0.722522 -0.264840 
0.551714 -0.775278 0.115870 
0.593190 0.758355 0.118759 
-0.542899 0.558347 0.267633 
0.011068 0.832628 -0.264840 
0.855100 0.444613 -0.095265 
0.591755 -0.746022 -0.122562 
0.934183 0.235911 0.082306 
-0.823971 0.431190 0.267633 
-0.617819 0.718811 -0.124768 
0.103550 -0.432036 0.037328 
-0.212251 0.393040 0.248149 
-0.848764 0.306318 -0.264840 
0.339429 -0.498306 -0.264840 
0.295384 0.297062 -0.175599 
0.700224 -0.648672 0.130573 
-0.178378 -0.924645 0.041997 
-0.257108 0.636560 0.267633 
0.365521 0.175045 0.132450 
0.960053 -0.058268 0.125912 
-0.745305 0.581553 -0.247675 
-0.147370 0.943770 -0.082608 
0.405833 0.871661 0.264036 
-0.618017 0.038538 -0.264840 
0.799340 -0.390580 -0.264840 
0.520921 0.809638 -0.098058 
0.249901 0.435871 0.267633 
-0.313211 0.217812 0.140276 
-0.584424 -0.600176 0.267633 
-0.828872 -0.434290 0.267633 
-0.360665 0.151097 -0.187384 
-0.012867 0.541073 0.267633 
0.159837 -0.932019 0.217192 
-0.054757 0.824649 0.267633 
0.674305 0.505942 0.267633 
-0.292930 -0.834136 0.267633 
-0.918808 -0.187605 -0.144676 
-0.313729 0.833828 0.267633 
-0.345021 0.383449 -0.264840 
0.961655 0.031355 0.243841 
-0.905563 -0.242913 0.153408 
0.620204 -0.570210 0.267633 
0.645779 0.540729 -0.264840 
-0.448340 0.838861 0.061903 
-0.550455 -0.412619 0.267633 
-0.357302 -0.222185 -0.264840 
-0.437214 -0.060636 -0.041222 
-0.142653 0.815092 -0.264840 
0.175416 0.612221 0.267633 
0.445725 -0.057131 0.051846 
0.067321 0.389564 0.162315 
0.962159 0.015347 -0.042407 
-0.583853 0.747627 0.164919 
0.411242 0.209173 -0.098223 
-0.553569 -0.139463 0.267633 
0.306073 -0.897347 0.174235 
0.161218 -0.499007 0.267633 
-0.299032 -0.777373 -0.264840 
-0.593032 0.549228 -0.264840 
0.389397 0.310989 0.267633 
0.204771 -0.334955 0.131533 
0.393718 0.033540 -0.216622 
-0.932180 0.031253 -0.264840 
0.477426 0.495032 -0.264840 
-0.137507 0.585737 -0.264840 
0.075090 -0.941887 0.090456 
0.818017 0.247750 0.267633 
0.097413 -0.933111 -0.264840 
-0.523951 -0.769476 0.267633 
-0.730723 -0.127179 -0.264840 
0.214280 0.492537 -0.264840 
0.925524 -0.253948 -0.016779 
-0.241871 0.922761 0.024675 
-0.129762 -0.933113 -0.148640 
-0.775399 0.539524 0.012348 
0.302104 -0.898546 -0.081275 
0.302250 0.817889 -0.264840 
-0.359705 -0.868151 -0.157155 
0.781412 0.353557 -0.264840 
-0.499093 -0.014666 -0.264840 
-0.180662 0.937580 -0.244727 
0.699954 0.016136 0.267633 
0.957249 0.079766 -0.264840 
0.142436 0.948221 -0.098230 
-0.517149 0.660335 -0.264840 
-0.370669 -0.124051 0.112295 
-0.273870 0.361280 -0.065474 
-0.665770 -0.659957 0.079392 
-0.874280 0.351781 0.045519 
0.867648 -0.166557 -0.264840 
0.143083 0.929962 0.267633 
-0.102726 0.681533 0.267633 
0.777660 -0.358016 0.267633 
0.352421 -0.288967 -0.007700 
0.022601 -0.943776 -0.150196 
0.870063 0.415247 0.106022 
-0.338430 0.539961 -0.264840 
-0.405866 0.038296 -0.152559 
-0.328827 -0.282735 0.055299 
-0.915876 0.214167 0.054829 
0.834112 -0.209481 0.267633 
0.241456 -0.793040 -0.264840 
-0.583845 0.175833 -0.264840 
-0.713042 -0.608458 0.228398 
0.101309 -0.392023 -0.247949 
0.844696 -0.451553 -0.044986 
0.455746 -0.088063 -0.264840 
-0.214641 -0.325537 0.115522 
-0.199902 0.332477 -0.207648 
0.731070 -0.614287 -0.235341 
0.946618 0.178386 -0.030468 
0.402648 0.593063 0.267633 
-0.734489 0.355796 -0.264840 
-0.401489 -0.849438 0.209647 
-0.390326 0.868346 -0.186168 
-0.046102 0.448058 -0.104952 
-0.539315 0.699641 0.267633 
-0.788233 -0.507192 0.010895 
0.638312 -0.091537 0.267633 
0.039978 0.400137 -0.235208 
-0.452350 -0.139104 -0.264840 
-0.386908 -0.339810 -0.264840 
0.400359 -0.186794 -0.124614 
0.425895 -0.288607 0.267633 
0.000904 0.957233 0.092079 
0.393596 -0.444085 0.267633 
-0.937028 -0.056760 0.160917 
-0.278441 -0.677582 0.267633 
-0.926669 -0.095281 -0.264840 
0.937641 -0.206997 -0.142585 
0.501031 -0.688546 0.267633 
-0.003872 -0.630122 0.267633 
-0.432213 0.015376 0.244586 
0.764221 0.587034 0.181083 
0.445722 0.072512 -0.114502 
-0.144896 -0.399553 -0.264840 
0.130669 0.442811 -0.018335 
0.427218 0.267092 -0.264840 
-0.666234 -0.659494 -0.154421 
-0.362900 0.262554 -0.264840 
-0.031951 -0.808520 -0.264840 
-0.835423 0.279245 0.267633 
-0.587451 0.300828 -0.264840 
-0.371278 -0.863142 0.038275 
0.137413 -0.782230 0.267633 
0.286479 -0.283667 -0.240088 
-0.163130 0.413105 0.062269 
-0.368289 0.877882 -0.031628 
0.936432 0.225853 -0.177480 
-0.659755 -0.370329 0.267633 
-0.431711 -0.699366 -0.264840 
-0.820374 -0.171888 0.267633 
0.539264 0.136580 0.267633 
-0.000089 -0.417526 -0.142223 
0.512180 -0.801362 -0.021908 
-0.730978 -0.387796 -0.264840 
-0.770621 0.149375 -0.264840 
0.254525 -0.693861 0.267633 
0.572430 0.774459 -0.000572 
-0.725514 0.607066 0.173238 
0.333319 0.781871 0.267633 
0.872805 0.409563 -0.209084 
-0.552007 -0.758883 0.049892 
-0.389251 0.148700 0.080975 
0.613099 -0.044259 -0.264840 
0.463748 0.121997 -0.264840 
-0.403636 -0.211866 0.267633 
-0.377600 -0.598696 0.267633 
-0.624499 -0.046642 0.267633 
-0.864620 -0.361492 0.175927 
0.441432 -0.050573 0.229986 
0.215863 -0.385912 0.242534 
0.515483 -0.635775 -0.264840 
-0.068327 0.953782 0.188011 
-0.260219 -0.342761 -0.109622 
-0.317251 -0.434848 0.267633 
0.489932 -0.247197 -0.264840 
0.008059 -0.402419 0.103508 
0.270088 0.704221 -0.264840 
-0.696805 -0.258622 0.267633 
-0.192233 -0.921548 0.168517 
0.723166 -0.623253 0.009793 
-0.541677 -0.766355 -0.162342 
-0.089343 -0.419464 0.235960 
0.772931 -0.562359 -0.082933 
-0.156319 -0.414673 -0.038523 
0.499446 0.291726 0.267633 
-0.450999 0.485711 0.267633 
-0.010423 -0.561110 -0.264840 
0.366169 0.500407 -0.264840 
-0.859425 0.386944 -0.154517 
-0.782391 0.170822 0.267633 
-0.426812 0.364778 0.267633 
-0.159830 -0.640486 -0.264840 
-0.897063 -0.272169 -0.213081 
0.076916 0.838055 0.267633 
0.273867 0.343427 0.074717 
-0.881203 -0.319105 0.074924 
-0.243180 0.922380 0.169505 
-0.923937 0.175310 -0.149501 
0.197639 -0.691465 -0.264840 
-0.163444 -0.558679 0.267633 
0.872702 0.409799 0.265434 
0.462574 0.058185 0.259005 
0.692725 -0.346892 -0.264840 
0.673550 -0.136159 -0.264840 
0.719436 0.459198 -0.264840 
0.837338 -0.019057 0.267633 
-0.514086 0.418091 -0.264840 
-0.643508 0.695666 -0.015879 
-0.596626 -0.564514 -0.264840 
0.476623 0.835836 0.190045 
0.041138 0.956640 -0.135942 
0.907556 -0.310256 0.159879 
-0.103756 0.472355 -0.264840 
0.274848 0.375899 -0.264840 
0.362841 -0.823539 0.267633 
0.232040 -0.503261 -0.264840 
0.694492 -0.654404 0.245042 
0.176013 0.402842 -0.133662 
-0.472891 -0.658033 0.267633 
-0.132240 -0.881116 -0.264840 
0.550179 0.468464 0.267633 
0.827412 0.229140 -0.264840 
0.603227 -0.356414 0.267633 
-0.459882 0.222726 0.267633 
0.234860 -0.373805 -0.109526 
-0.394004 -0.159940 -0.117125 
0.510597 0.331523 -0.264840 
0.160319 0.400171 0.210709 
-0.787695 0.521429 -0.151766 
0.056560 -0.484712 0.267633 
0.797318 -0.527915 0.138890 
-0.810340 -0.304228 -0.264840 
-0.280823 -0.427625 -0.264840 
-0.411142 0.157422 -0.092418 
0.507345 -0.804221 0.257549 
0.453447 -0.834768 -0.212429 
0.342877 0.315201 -0.084135 
-0.646223 0.412031 0.267633 
0.387188 -0.169275 0.094186 
0.268680 0.538573 0.267633 
-0.793839 -0.498374 -0.246839 
-0.216408 -0.763483 0.267633 
0.395829 -0.600475 -0.264840 
-0.817983 -0.070572 -0.264840 
-0.326557 0.559481 0.267633 
0.007296 0.444443 0.235964 
-0.494230 0.811722 0.166320 
-0.898732 -0.239660 0.267633 
0.756393 0.597126 -0.016259 
0.903948 0.333726 -0.146337 
-0.091811 0.451751 0.262873 
0.258842 0.924561 -0.073838 
0.623046 0.603182 0.267633 
0.937929 -0.205710 0.233063 
-0.724362 -0.017848 0.267633 
0.556465 -0.772049 -0.214774 
-0.773990 -0.528150 0.212437 
0.955910 -0.102098 -0.141129 
-0.938361 0.035374 0.212594 
0.624341 -0.720039 0.159781 
-0.397460 0.003647 -0.248099 
-0.573986 -0.313878 -0.264840 
-0.078768 0.447185 0.018284 
0.631669 0.090629 0.267633 
0.625866 -0.247001 -0.264840 
-0.517561 0.139867 0.267633 
-0.707427 0.469725 -0.264840 
-0.673484 0.231011 0.267633 
-0.840919 -0.413529 -0.022420 
0.884063 -0.370100 -0.197448 
0.707619 0.268973 0.267633 
0.447413 -0.837843 0.070180 
-0.742085 -0.572257 -0.175108 
0.742541 0.581397 -0.264840 
-0.060680 -0.368030 -0.219738 
0.775826 -0.477605 0.267633 
-0.270955 0.311868 0.203995 
-0.060303 -0.898582 0.267633 
-0.931311 -0.115308 -0.042800 
0.563169 0.110692 -0.264840 
0.340002 -0.776666 -0.264840 
-0.347753 -0.864038 -0.264840 
0.683972 0.334047 -0.264840 
0.211012 0.935975 0.143575 
-0.309260 -0.302737 0.247479 
0.784394 0.035325 -0.264840 
-0.370439 0.811466 -0.264840 
-0.377276 0.741039 0.267633 
0.929511 0.180179 -0.264840 
-0.325016 -0.297889 -0.042193 
-0.936852 0.072070 -0.175069 
-0.547633 0.775722 -0.085034 
0.038288 0.608945 -0.264840 
-0.458561 -0.819370 -0.157659 
-0.649104 -0.674683 0.267633 
0.351821 0.894322 -0.155524 
-0.853826 0.399882 0.140468 
-0.170669 0.351962 0.167104 
0.936066 0.227490 0.185399 
0.200161 -0.924954 -0.082171 
-0.077583 -0.725264 0.267633 
-0.512293 0.312732 0.267633 
-0.253858 0.600989 -0.264840 
-0.067721 0.953840 -0.027032 
0.057768 -0.849740 0.267633 
-0.365125 0.254773 -0.090251 
0.572672 0.774271 0.258031 
0.464396 -0.014867 -0.037480 
0.418119 0.096100 0.092130 
-0.902488 -0.253496 -0.052813 
-0.834242 0.440080 0.044210 
0.752528 0.176135 0.267633 
-0.917152 0.208460 0.151438 
0.558631 -0.453267 -0.264840 
-0.601982 -0.505389 0.267633 
-0.369388 -0.863961 -0.058463 
-0.467043 0.223102 -0.264840 
-0.682433 0.656624 -0.180844 
-0.560660 0.765617 -0.185570 
-0.927111 -0.141829 0.118554 
0.425756 0.633610 -0.264840 
0.841699 0.470067 0.178688 
-0.654391 -0.466642 -0.264840 
-0.686726 -0.042728 -0.264840 
0.813079 0.518169 -0.052015 
0.874347 -0.066502 -0.264840 
0.095195 -0.649649 -0.264840 
-0.848990 0.076809 -0.264840 
0.261783 -0.885495 -0.264840 
0.464863 0.781529 -0.264840 
0.103848 0.529779 -0.264840 
0.638579 -0.192588 0.267633 
-0.431941 -0.045770 0.055899 
0.330421 -0.404577 -0.264840 
0.960542 -0.053097 0.031966 
0.338561 0.297422 -0.264840 
0.498141 0.389781 0.267633 
-0.863949 -0.363043 -0.176480 
0.522164 -0.278167 0.267633 
0.383088 -0.078854 0.150261 
-0.519331 -0.667448 -0.264840 
0.749522 -0.506149 -0.264840 
0.425244 -0.450809 -0.264840 
0.385487 -0.538455 0.267633 
-0.813681 -0.070568 0.267633 
0.048609 0.612854 0.267633 
-0.237059 0.886080 0.267633 
0.171425 -0.347872 -0.206323 
0.830254 0.489419 -0.172404 
0.962054 -0.005215 -0.132674 
0.357462 -0.246055 0.222299 
0.316669 0.906978 -0.245102 
0.732467 0.583956 0.267633 
0.958015 0.093277 0.006602 
0.590635 0.694322 -0.264840 
0.113474 -0.383092 0.114691 
-0.472037 -0.380989 -0.264840 
0.245880 -0.914735 -0.002943 
-0.768843 0.549170 0.258231 
0.301894 -0.898607 0.266023 
0.956543 0.108855 0.190716 
-0.900382 0.274191 -0.196008 
0.289423 -0.584024 -0.264840 
-0.063663 -0.433877 0.051269 
-0.670789 0.113597 -0.264840 
-0.315597 0.316357 0.002610 
-0.938935 0.017106 -0.064236 
0.851942 -0.437364 -0.135110 
-0.617890 0.101940 0.267633 
-0.295595 -0.534698 -0.264840 
-0.082615 -0.428273 -0.105395 
-0.616330 0.720124 0.081042 
-0.568550 -0.207143 -0.264840 
0.639057 0.720512 -0.192394 
-0.424679 0.432850 -0.264840 
0.048440 -0.942964 0.177031 
0.392196 0.713026 0.267633 
-0.273345 0.313019 -0.256427 
-0.232786 0.481089 0.267633 
-0.298046 0.905342 -0.200709 
0.223040 0.913662 -0.264840 
0.052973 0.718176 -0.264840 
0.076409 -0.675526 0.267633 
0.096643 -0.480178 -0.264840 
0.593612 0.292044 -0.264840 
0.572095 -0.494325 0.267633 
0.392500 -0.084461 -0.201132 
-0.841151 0.204975 -0.264840 
0.876335 0.401405 -0.016482 
0.507165 -0.105770 0.267633 
-0.636170 -0.174205 0.267633 
0.110488 -0.938541 -0.166877 
-0.129332 0.677942 -0.264840 
0.033807 -0.745811 -0.264840 
0.767650 -0.151499 -0.264840 
-0.531173 -0.759121 -0.264840 
-0.492756 -0.216849 0.267633 
0.927014 0.260989 0.267633 
0.744983 -0.212895 0.267633 
0.313466 -0.894685 -0.188953 
-0.185880 -0.392001 0.059036 
-0.601113 0.320337 0.267633 
0.836432 -0.309548 -0.264840 
0.449202 -0.116186 -0.061824 
-0.229692 0.386597 0.009349 
-0.034490 0.416798 0.097684 
-0.937422 0.065279 0.036963 
-0.823186 -0.448334 0.180270 
0.848119 -0.116344 0.267633 
0.495367 0.824751 -0.182153 
-0.299116 0.731390 -0.264840 
-0.269481 0.724219 0.267633 
0.364335 0.226756 0.204256 
-0.263971 -0.696131 -0.264840 
-0.377760 0.873784 0.221471 
0.452290 0.848804 -0.006538 
-0.214702 0.929971 -0.157126 
-0.256059 -0.905193 -0.147872 
-0.761877 -0.364592 0.267633 
-0.251541 -0.906505 0.239236 
-0.631275 -0.693502 0.004596 
0.511710 -0.801639 -0.139127 
0.947764 -0.157705 -0.229695 
-0.049831 0.592281 -0.264840 
0.336244 -0.235778 -0.176609 
0.769539 0.580178 0.093675 
-0.074821 -0.939722 0.038044 
-0.352550 0.128049 0.157904 
-0.709592 0.625817 0.001726 
0.396793 -0.259060 -0.264840 
-0.167457 -0.358332 0.190287 
-0.400341 -0.561787 -0.264840 
0.415605 0.205107 0.006874 
-0.213764 -0.483181 0.267633 
-0.085448 -0.596778 0.267633 
0.306633 0.910591 -0.001913 
-0.057588 0.954798 -0.119035 
-0.630475 0.578140 0.267633 
-0.236427 -0.597549 -0.264840 
-0.572460 0.730616 -0.264840 
0.373548 0.885632 0.184385 
0.360957 -0.621076 0.267633 
0.930817 0.249176 -0.079802 
-0.417615 0.615305 -0.264840 
-0.594093 0.489142 0.267633 
0.121432 0.950952 0.013792 
0.301031 -0.343694 -0.051564 
0.279890 -0.308679 0.201844 
-0.771725 -0.225079 -0.264840 
-0.160967 0.386940 -0.154475 
-0.389978 0.172217 -0.264840 
0.582968 -0.567633 -0.264840 
-0.917628 0.206330 -0.038389 
0.282165 0.359918 0.245831 
-0.676706 -0.628813 -0.264840 
0.039437 -0.943247 0.005359 
0.572890 -0.642749 0.267633 
-0.334945 -0.154556 -0.218077 
0.686365 -0.431781 -0.264840 
0.030477 0.956975 0.183301 
-0.738628 0.406102 0.267633 
0.830841 0.335859 0.267633 
-0.092510 -0.938050 0.199629 
-0.771733 0.270590 -0.264840 
-0.324291 0.372300 0.267633 
0.413422 0.106347 0.201700 
-0.241325 -0.317094 0.196580 
0.303608 -0.898108 0.088354 
-0.845747 0.097004 0.267633 
-0.269156 -0.261866 -0.207012 
-0.147398 0.943766 0.159361 
-0.450002 -0.422383 0.267633 
-0.554341 -0.757073 0.141859 
0.271616 -0.327393 0.080500 
0.167779 -0.419558 -0.045310 
0.561627 0.542127 -0.264840 
-0.561771 -0.681116 0.267633 
0.141090 -0.866163 0.267633 
0.612932 0.289010 0.267633 
-0.064735 0.927996 0.267633 
0.655863 0.705696 0.064814 
0.450530 -0.172481 0.267633 
-0.462280 0.580527 0.267633 
0.036234 0.459844 -0.038868 
-0.456037 -0.817834 0.267633 
-0.189973 -0.922053 -0.040395 
0.912112 0.311048 0.110496 
-0.447135 -0.826127 0.050664 
0.399625 0.152139 -0.159991 
-0.715777 0.618802 0.256567 
-0.932541 0.117672 0.202934 
-0.188862 -0.330585 -0.233446 
0.186414 -0.920338 -0.264840 
-0.679206 0.659968 -0.098014 
-0.073791 0.861333 -0.264840 
-0.547800 0.775593 0.235750 
0.679472 0.682870 0.161885 
-0.220333 -0.832368 -0.264840 
-0.410464 0.166788 -0.010209 
0.261102 0.821776 0.267633 
0.097790 -0.574541 0.267633 
0.037202 -0.853246 -0.264840 
-0.037919 0.630780 0.267633 
-0.878164 0.340993 -0.058690 
0.466687 0.644708 0.267633 
0.879138 -0.381482 -0.019118 
0.916915 -0.283581 0.072152 
-0.523273 -0.778862 -0.038281 
-0.474521 -0.496442 -0.264840 
0.051476 -0.444151 -0.084133 
0.383142 0.881481 0.066172 
-0.389441 -0.030323 0.184944 
-0.356520 0.218354 0.216657 
0.399321 -0.691871 -0.264840 
-0.194495 0.391404 -0.264840 
0.303775 0.350975 -0.010159 
-0.106713 -0.801661 0.267633 
0.457918 -0.171970 -0.264840 
0.756269 -0.583839 0.091463 
0.178222 -0.396606 0.058398 
0.396666 -0.234335 -0.056872 
0.946365 -0.166536 0.031310 
0.692713 -0.026770 -0.264840 
-0.781064 0.531188 -0.071123 
0.832123 -0.472813 0.090089 
-0.424116 0.077364 0.063138 
-0.501704 -0.347469 0.267633 
-0.001144 -0.395093 0.184000 
0.491392 -0.484211 0.267633 
0.600901 0.752374 -0.082566 
-0.363116 0.880121 0.049163 
0.091149 0.822470 -0.264840 
0.508675 0.412135 -0.264840 
0.722380 0.637590 -0.083879 
-0.460185 0.740410 -0.264840 
0.312065 0.280723 0.107811 
-0.350477 -0.161915 0.180428 
-0.005401 0.932259 -0.264840 
-0.072647 0.759330 -0.264840 
-0.319501 -0.758168 0.267633 
-0.091349 -0.569804 -0.264840 
0.843045 -0.454345 -0.242740 
0.543954 0.693861 0.267633 
-0.149403 0.616248 0.267633 
0.386345 -0.866648 -0.158069 
0.689444 0.672898 -0.152035 
0.238391 -0.916409 0.220047 
-0.876928 0.344425 0.246443 
0.352597 0.243380 -0.159646 
-0.353139 -0.714097 -0.264840 
0.557222 -0.771535 0.204500 
0.906113 0.018495 -0.264840 
-0.675032 0.547899 -0.264840 
0.218385 0.723302 0.267633 
0.698047 0.664295 0.007965 
0.445731 0.028149 0.061021 
0.872759 -0.396222 0.131583 
-0.310241 0.465619 -0.264840 
0.717209 0.439082 0.267633 
-0.524118 -0.535765 0.267633 
0.159265 0.945555 -0.175682 
0.201918 -0.607075 -0.264840 
-0.358881 -0.196991 0.084010 
0.835085 0.167025 0.267633 
0.618303 0.614897 -0.264840 
-0.481103 0.819485 -0.173290 
0.153636 0.697913 -0.264840 
0.042479 -0.943152 -0.073867 
-0.929696 -0.125509 -0.192070 
-0.758381 -0.551120 -0.066451 
-0.669929 -0.655799 0.182425 
0.615408 0.182683 -0.264840 
-0.135218 0.836844 0.267633 
0.019909 -0.441733 0.032700 
0.192590 0.518324 0.267633 
0.961602 0.033062 0.165183 
0.256613 -0.615282 0.267633 
-0.027858 0.445825 -0.264840 
0.533133 0.801352 0.145077 
0.673242 0.366272 0.267633 
-0.533000 0.785698 0.097290 
0.211044 0.410972 -0.002235 
0.006503 0.775098 0.267633 
0.709171 0.152075 -0.264840 
0.575454 -0.758667 0.043329 
-0.544601 0.085384 -0.264840 
0.480674 0.705174 -0.264840 
0.284684 -0.416491 0.267633 
0.153534 0.443803 -0.264840 
-0.398144 0.090194 -0.256279 
-0.739973 -0.574981 0.039218 
-0.274006 -0.899978 0.063413 
0.917481 -0.281634 -0.136123 
0.216826 0.336781 0.138129 
-0.274740 -0.276652 0.114157 
0.825171 -0.286315 0.267633 
-0.329079 -0.880723 0.217674 
-0.433903 -0.012380 -0.101493 
-0.863754 0.376941 -0.230867 
-0.193498 0.934711 0.098213 
0.501382 0.821194 0.261527 
0.345545 -0.191203 0.164294 
-0.111685 -0.469036 -0.264840 
0.211417 0.834957 -0.264840 
0.290163 0.479623 -0.264840 
-0.537491 0.491377 -0.264840 
0.437716 -0.644989 0.267633 
-0.698132 -0.196771 -0.264840 
-0.096980 -0.937628 -0.217917 
-0.305714 0.227195 -0.227904 
-0.310392 0.292487 0.075279 
-0.938092 -0.030504 0.251669 
0.902158 0.338698 0.037973 
0.847678 -0.445735 0.266462 
0.699113 -0.142191 0.267633 
-0.197508 0.698154 0.267633 
0.435190 -0.780995 0.267633 
0.579022 0.467811 -0.264840 
-0.659852 -0.665877 -0.060209 
0.907735 -0.047743 0.267633 
-0.909567 0.242396 0.242005 
-0.351652 0.885082 -0.263009 
-0.193031 -0.460561 -0.264840 
0.941697 -0.188852 -0.068963 
0.654522 -0.693432 -0.196452 
-0.522754 -0.029410 0.267633 
0.952087 -0.130411 0.148125 
-0.860037 -0.340629 0.267633 
-0.665518 0.673656 0.150960 
-0.205598 0.542593 -0.264840 
0.701985 -0.355500 0.267633 
0.928941 0.255636 0.009415 
0.372331 -0.235746 0.061198 
-0.509071 0.578133 -0.264840 
0.354547 0.389126 0.267633 
-0.921865 -0.173928 -0.255347 
0.785174 0.559231 -0.188330 
-0.642221 -0.392085 -0.264840 
0.227496 0.608582 -0.264840 
0.648941 -0.698352 -0.109979 
0.149044 0.682694 0.267633 
-0.413495 -0.843321 0.132309 
0.960213 -0.056584 -0.075882 
-0.932315 -0.106628 0.052376 
-0.699891 0.159469 0.267633 
0.169754 0.943895 0.078879 
-0.799646 -0.488553 0.090176 
-0.736930 0.592350 0.063046 
-0.212492 0.930466 -0.047885 
0.379618 -0.869559 0.104544 
0.764926 -0.572679 -0.173927 
0.371766 -0.872957 -0.071172 
0.298333 -0.762961 0.267633 
0.961847 0.025236 -0.201039 
0.464266 0.569497 -0.264840 
-0.805085 0.492803 0.225067 
-0.500028 -0.794659 0.201437 
0.503833 -0.806298 -0.260845 
0.011297 0.416556 -0.168204 
0.655349 -0.629404 -0.264840 
0.909653 0.079340 0.267633 
0.425659 0.192505 -0.264840 
-0.429545 -0.061502 -0.264840 
0.456583 0.846616 -0.103665 
0.156414 -0.932561 0.032595 
0.602820 -0.737439 -0.045210 
-0.346322 -0.512352 0.267633 
0.075961 0.417116 0.093815 
0.582760 0.766446 -0.153075 
0.234409 0.337099 -0.188838 
0.881150 0.390277 0.187789 
-0.283954 0.910415 0.084393 
0.443086 -0.840048 -0.031002 
0.480129 -0.820316 0.136606 
-0.898135 0.281926 -0.018738 
0.284224 0.917187 0.178653 
0.636095 -0.709677 0.087541 
0.548551 -0.706659 -0.264840 
-0.667124 -0.554765 0.267633 
0.879605 -0.380400 0.233315 
0.393124 0.798630 -0.264840 
0.254958 -0.322496 -0.169268 
0.106404 0.567255 0.267633 
-0.458716 0.095642 0.267633 
-0.927430 0.153258 0.094850 
-0.595682 0.645947 0.267633 
-0.287736 0.909053 -0.031149 
0.418350 0.866097 0.128645 
-0.865160 -0.014570 -0.264840 
0.318076 0.238667 -0.226248 
0.148464 -0.845506 -0.264840 
-0.571151 -0.044234 -0.264840 
-0.412572 -0.115336 0.045461 
-0.622134 0.715006 -0.203165 
-0.652311 -0.106955 -0.264840 
-0.829957 -0.435044 -0.172506 
-0.446837 0.719574 0.267633 
-0.728141 -0.193029 0.267633 
-0.597686 -0.637177 -0.264840 
-0.839189 -0.416925 -0.094829 
-0.320995 0.627881 -0.264840 
-0.449128 -0.155651 0.267633 
-0.887583 -0.301385 0.208885 
-0.471869 -0.080651 0.267633 
-0.670234 0.322886 -0.264840 
-0.588058 -0.351004 0.267633 
-0.510580 -0.094136 -0.264840 
-0.938020 -0.032813 -0.230532 
-0.106339 -0.715049 -0.264840 
-0.938449 -0.019160 0.099370 
0.429047 -0.128365 0.052063 
-0.420361 -0.133629 -0.043996 
0.344129 0.551001 0.267633 
0.751515 -0.589968 0.170924 
-0.157753 0.744675 -0.264840 
0.184327 0.863568 0.267633 
0.727211 0.108849 0.267633 
0.807149 -0.239304 -0.264840 
-0.921051 -0.177569 0.220358 
-0.399236 0.535573 0.267633 
-0.120966 -0.934506 0.098294 
0.780730 0.168449 -0.264840 
-0.437479 -0.209296 -0.264840 
0.016576 -0.383911 -0.203269 
-0.388190 0.074472 0.189328 
0.424589 -0.379549 0.267633 
0.236869 -0.469726 0.267633 
-0.535460 0.243861 -0.264840 
0.687747 -0.546776 0.267633 
0.108573 0.773542 0.267633 
0.167735 -0.717499 0.267633 
0.960172 -0.057016 0.219258 
-0.021735 -0.943076 0.192900 
-0.917398 0.092236 0.267633 
0.950501 0.153867 0.113074 
0.549255 -0.565725 0.267633 
0.348335 -0.333895 -0.264840 
-0.635980 -0.437266 0.267633 
0.856800 0.441278 0.038951 
-0.145156 0.944121 -0.157120 
-0.225254 -0.593507 0.267633 
0.539019 -0.298380 -0.264840 
0.274831 -0.726164 -0.264840 
-0.503346 0.805850 0.010009 
0.153234 -0.437757 -0.264840 
0.137865 0.365685 0.153300 
-0.071579 0.756097 0.267633 
0.421998 -0.027731 -0.250686 
-0.383493 -0.116770 -0.252521 
-0.399752 0.336918 -0.264840 
-0.234371 -0.315389 -0.177123 
-0.179017 -0.924502 -0.234969 
0.038517 -0.943276 -0.227595 
0.373894 -0.872037 0.217805 
-0.379108 -0.226028 -0.051773 
0.381451 0.102737 -0.218241 
0.516275 0.812386 0.018113 
-0.754153 0.258273 0.267633 
0.517355 0.223970 0.267633 
0.649696 0.465524 -0.264840 
-0.919096 -0.186317 -0.042264 
-0.594889 -0.725580 0.094076 
-0.707146 -0.615146 -0.119180 
0.774993 0.275262 -0.264840 
0.441662 0.154824 -0.064807 
-0.000320 0.401825 0.174135 
0.806708 0.527544 0.120331 
0.139167 -0.935293 0.117124 
0.083508 0.433837 0.228958 
0.273269 0.310525 -0.241044 
-0.903319 -0.250637 0.017494 
-0.876466 -0.332262 0.006824 
0.904871 -0.317716 -0.034854 
-0.027262 0.701457 0.267633 
0.533363 0.067461 0.267633 
0.103032 0.952692 0.206261 
0.944950 0.187746 -0.108645 
-0.387681 0.491357 -0.264840 
0.379885 0.272022 -0.039877 
0.955171 -0.109918 0.080306 
0.466600 -0.312921 -0.264840 
0.851954 0.352040 -0.264840 
0.962159 0.015338 0.038569 
-0.338276 -0.288267 -0.264840 
-0.387244 0.869680 -0.117500 
0.546817 0.792052 0.078361 
0.585094 -0.250564 0.267633 
0.954938 0.125823 -0.205743 
-0.496251 -0.797081 -0.210502 
0.453735 0.487383 0.267633 
0.182604 0.448614 0.267633 
-0.116191 0.424932 -0.119309 
-0.378640 -0.404599 0.267633 
-0.256986 0.568178 0.267633 
-0.757189 -0.039661 -0.264840 
-0.823112 0.461925 -0.187085 
0.374865 0.877558 -0.264840 
-0.544726 0.353878 -0.264840 
-0.783753 0.527231 -0.262100 
-0.025311 -0.438615 0.248936 
-0.112708 -0.935814 -0.018370 
-0.654203 0.014602 0.267633 
0.242591 0.774568 -0.264840 
-0.407432 0.826860 0.267633 
0.426813 -0.848340 0.258548 
-0.759422 -0.458405 0.267633 
-0.145502 0.417966 0.238960 
-0.358565 -0.817426 0.267633 
-0.883646 0.325764 -0.138524 
0.240528 -0.915931 0.152383 
0.101636 0.378215 -0.218079 
-0.303350 -0.366998 0.267633 
-0.222756 0.803317 -0.264840 
0.340014 0.857071 0.267633 
0.819337 -0.494433 -0.119803 
-0.295720 0.906180 0.241039 
0.066463 -0.588608 -0.264840 
0.745097 0.611688 -0.202207 
-0.812189 0.480791 -0.004835 
0.331514 0.422853 -0.264840 
-0.779238 -0.435066 -0.264840 
0.027778 -0.545642 0.267633 
-0.784700 0.068609 0.267633 
0.009307 0.890760 0.267633 
0.807170 0.424373 0.267633 
0.600719 0.512686 0.267633 
-0.859974 0.385675 -0.010618 
0.332616 0.755563 -0.264840 
0.148673 0.438942 -0.082716 
0.026667 0.957095 -0.201315 
-0.117104 0.943581 -0.264840 
0.491730 -0.027558 0.267633 
0.156166 0.912477 -0.264840 
0.612007 0.706974 0.267633 
0.315234 0.490687 0.267633 
-0.899078 0.278683 0.058707 
0.360216 0.645995 -0.264840 
0.043057 0.504793 0.267633 
-0.528058 0.480381 0.267633 
-0.708642 -0.613449 0.148696 
0.455377 0.043981 -0.264840 
-0.621832 -0.701827 -0.128790 
0.787564 0.029848 0.267633 
0.416413 -0.036129 0.107667 
0.914183 -0.220245 -0.264840 
-0.903817 -0.248921 -0.123930 
-0.429728 0.087731 -0.097036 
-0.091131 -0.434410 -0.029019 
-0.344377 -0.234893 0.224684 
0.232795 0.427250 -0.264840 
0.715691 -0.049632 0.267633 
0.884152 0.383342 -0.107027 
-0.755380 0.482042 0.267633 
-0.320175 0.314473 -0.072957 
0.091435 0.953788 -0.056321 
0.846995 -0.447074 0.030888 
0.385538 0.223109 0.065734 
0.399470 0.781766 0.267633 
0.794451 -0.156559 0.267633 
0.291626 0.915036 -0.136064 
-0.786044 -0.510413 -0.174329 
0.412735 -0.120166 -0.149430 
0.727246 0.393676 -0.264840 
-0.697901 0.051442 -0.264840 
-0.300122 -0.891148 -0.001314 
0.798559 -0.526088 0.209144 
0.225756 -0.328727 -0.238346 
-0.278865 -0.333039 0.050854 
0.682135 -0.666761 0.041733 
0.572713 -0.097667 0.267633 
-0.243731 0.922220 -0.234054 
-0.821660 0.464775 0.103863 
0.628128 0.730147 -0.018673 
-0.445498 0.045543 -0.264840 
-0.418577 -0.282337 -0.264840 
-0.257379 0.800335 0.267633 
0.748532 0.519066 0.267633 
-0.582555 0.658289 -0.264840 
0.932985 -0.097406 -0.264840 
0.104878 -0.434542 0.254737 
-0.781679 0.401033 -0.264840 
0.461258 0.067010 -0.041243 
-0.518858 0.159037 -0.264840 
0.924685 -0.256838 0.194649 
0.706253 -0.561592 -0.264840 
0.334541 -0.239951 -0.245934 
0.618205 -0.426993 -0.264840 
-0.259050 0.399310 -0.264840 
0.077732 0.903058 0.267633 
0.118858 -0.930860 0.267633 
-0.903250 0.264322 -0.260155 
-0.932390 0.119273 -0.117866 
-0.859496 0.142720 -0.264840 
-0.407104 -0.080385 -0.136646 
-0.441897 0.842296 0.143183 
0.724065 -0.622234 -0.055031 
0.434423 0.377900 0.267633 
-0.381859 0.078369 0.119173 
0.398496 0.874837 -0.108740 
-0.704802 0.631251 -0.256309 
-0.509499 0.642318 0.267633 
-0.314651 -0.372782 -0.264840 
0.122270 0.439504 0.055064 
0.217967 -0.763196 0.267633 
-0.223298 0.388868 -0.094143 
0.681217 0.630679 0.267633 
-0.157089 -0.820532 -0.264840 
-0.726111 -0.487723 -0.264840 
-0.151555 -0.407192 0.245755 
-0.149133 0.943491 0.010028 
-0.062750 0.954309 0.099427 
-0.724387 0.608520 -0.174534 
0.427106 0.028187 -0.156951 
0.958875 0.084179 -0.056865 
-0.126141 -0.933686 -0.080975 
-0.915487 0.215908 -0.220057 
0.931129 0.248103 -0.259847 
-0.013993 -0.943318 0.057587 
-0.522051 -0.614298 0.267633 
0.610725 0.744753 0.215960 
-0.554153 -0.492981 -0.264840 
-0.180869 0.639671 -0.264840 
-0.860575 -0.123533 -0.264840 
-0.062273 -0.663240 0.267633 
-0.221375 0.313750 0.160217 
-0.208564 -0.396103 -0.264840 
0.312716 -0.667874 0.267633 
-0.440593 -0.569862 0.267633 
0.034888 -0.495778 -0.264840 
0.912421 -0.252709 0.267633 
0.533647 -0.787556 -0.080229 
-0.640616 -0.685113 0.132874 
0.826222 -0.024841 -0.264840 
0.125377 -0.716668 -0.264840 
0.373770 0.229099 -0.262330 
-0.383823 -0.769675 -0.264840 
0.133596 -0.368303 0.173028 
0.061649 0.955996 0.074004 
0.206415 0.927428 0.267633 
-0.360620 0.214819 -0.139237 
-0.187891 -0.394224 -0.096893 
0.303746 -0.898069 0.025075 
-0.143878 -0.498571 0.267633 
0.749333 -0.318778 -0.264840 
-0.441833 0.002065 -0.034777 
-0.609456 0.184132 0.267633 
0.036277 -0.431397 0.236927 
-0.934890 0.092825 -0.234652 
0.645791 0.249479 -0.264840 
0.722683 0.637246 0.156459 
-0.189638 -0.922128 -0.172862 
0.496740 -0.810492 0.042016 
0.406023 -0.215972 0.257550 
0.456480 -0.657862 -0.264840 
-0.372289 0.057333 -0.209187 
-0.820127 -0.453924 0.021268 
-0.369201 -0.088104 0.170417 
0.456486 0.127001 0.267633 
-0.933324 -0.095952 -0.102573 
-0.327847 -0.638731 0.267633 
-0.398708 -0.850855 -0.230504 
0.266957 0.601345 0.267633 
-0.836868 0.216499 0.267633 
-0.252945 -0.906097 0.164978 
0.458297 0.564094 0.267633 
0.634871 0.724202 -0.127128 
0.861157 0.038951 0.267633 
-0.406368 -0.399400 -0.264840 
0.613105 0.052974 -0.264840 
0.269019 0.347282 -0.137619 
-0.491356 -0.279477 0.267633 
-0.901784 -0.255921 0.079859 
-0.704212 -0.414371 0.267633 
-0.463080 0.381904 -0.264840 
-0.512522 -0.179371 -0.264840 
0.051663 0.466980 -0.264840 
0.375079 0.263775 -0.101613 
-0.796201 -0.366022 -0.264840 
-0.860033 0.385540 0.200913 
-0.055501 -0.399814 -0.164804 
0.901264 0.331771 0.267633 
0.767876 0.306678 0.267633 
0.510283 0.269034 -0.264840 
-0.051155 -0.829943 0.267633 
0.352322 0.630262 0.267633 
0.278964 -0.439726 -0.264840 
-0.856510 -0.380233 0.044350 
0.497534 -0.465420 -0.264840 
-0.884298 0.323957 0.104912 
0.949873 0.157835 0.028171 
-0.391518 0.752818 -0.264840 
0.426536 -0.814994 -0.264840 
0.362056 -0.283947 -0.071104 
0.525968 0.806221 -0.259893 
0.398611 -0.756172 -0.264840 
-0.874761 -0.081706 0.267633 
-0.750180 0.575268 0.121245 
-0.792253 -0.501055 0.159648 
-0.285627 -0.837921 -0.264840 
0.339127 0.281015 0.220377 
0.094516 0.422467 -0.261463 
-0.514113 -0.328916 -0.264840 
0.261358 0.379245 0.024589 
-0.421837 0.852516 -0.058172 
0.632693 -0.182277 -0.264840 
-0.539421 0.781334 -0.253734 
-0.398495 -0.647574 -0.264840 
0.893768 0.104163 -0.264840 
0.034247 -0.678220 -0.264840 
0.747563 0.608509 0.043778 
-0.281396 0.264135 0.166754 
-0.656794 0.351521 0.267633 
0.103143 -0.392505 -0.168828 
0.349152 -0.401703 0.267633 
0.266877 0.922226 0.100095 
0.265155 -0.276811 0.151584 
-0.808093 0.487718 -0.104701 
-0.076703 0.510835 0.267633 
0.580945 -0.433822 0.267633 
0.063555 -0.415048 0.081268 
-0.159244 -0.928443 0.219469 
0.327811 0.218543 0.152814 
-0.323681 0.620454 0.267633 
0.109121 -0.938670 0.172116 
0.377905 -0.151167 -0.188733 
0.830724 0.436836 -0.264840 
0.404045 0.560114 -0.264840 
-0.120330 -0.422143 0.032199 
-0.717913 -0.322384 -0.264840 
-0.165064 -0.360549 0.106799 
0.241214 -0.915778 -0.138522 
-0.755575 0.208264 -0.264840 
0.397836 0.238093 0.253527 
0.461934 -0.396863 -0.264840 
0.592131 0.759177 0.055054 
0.161101 -0.386020 -0.150101 
0.723928 0.030986 -0.264840 
-0.313338 -0.209426 -0.204101 
-0.023477 0.459647 -0.049193 
0.050171 -0.437153 -0.264840 
0.316033 0.907207 0.230059 
-0.400127 0.231864 0.267633 
0.814062 -0.502558 -0.264840 
0.392226 -0.234119 0.003388 
-0.933430 -0.094826 0.209060 
-0.001264 -0.886277 0.267633 
0.211999 0.720429 -0.264840 
-0.134617 0.379331 -0.240363 
0.942435 -0.185552 0.170711 
0.879591 -0.170015 0.267633 
0.009079 0.957490 -0.084995 
0.657393 -0.690901 -0.050863 
-0.772391 -0.121073 0.267633 
0.365816 -0.289223 0.267633 
-0.653200 -0.329891 -0.264840 
0.413922 -0.131091 -0.262894 
-0.870150 -0.348714 -0.248847 
-0.329815 -0.880458 0.078679 
-0.801309 0.343067 -0.264840 
-0.046424 -0.369848 0.153988 
0.753240 -0.446441 -0.264840 
0.446463 0.443847 -0.264840 
-0.795597 0.005001 0.267633 
-0.367607 -0.235889 0.007966 
0.742605 -0.427923 0.267633 
0.951409 -0.134691 0.207616 
0.591617 -0.508629 -0.264840 
-0.128581 0.735267 0.267633 
-0.362748 -0.866834 0.152987 
-0.905380 0.256988 0.184366 
-0.337520 0.891130 -0.142401 
-0.517446 -0.476565 0.267633 
-0.459993 -0.758402 0.267633 
-0.064406 -0.415845 -0.264840 
-0.159393 0.423777 0.003811 
-0.783769 0.527208 0.081562 
0.431254 -0.111961 0.233458 
-0.358129 -0.337515 0.267633 
0.101374 0.952849 -0.187081 
0.100535 0.891529 -0.264840 
-0.685435 -0.639772 -0.207087 
0.161728 -0.417486 0.253201 
-0.040156 -0.612501 -0.264840 
0.960745 0.060311 -0.121938 
0.791221 0.550333 -0.246618 
0.230043 0.375345 0.222418 
-0.020085 -0.868037 -0.264840 
-0.623300 -0.232029 0.267633 
0.323110 -0.292337 0.066080 
-0.476883 0.396169 0.267633 
0.520534 -0.370461 -0.264840 
-0.435809 0.012475 0.046698 
0.101601 -0.728979 0.267633 
0.190919 -0.762421 -0.264840 
0.196099 0.548691 -0.264840 
-0.880303 -0.249298 -0.264840 
0.961994 0.020599 0.097349 
0.338192 -0.464012 0.267633 
-0.089251 0.423562 0.077161 
-0.490453 -0.800510 -0.100451 
-0.737130 0.592091 -0.039822 
0.456972 -0.067994 -0.013352 
-0.282336 -0.482075 0.267633 
0.215943 0.934872 -0.112554 
0.869048 -0.403793 -0.257320 
-0.772002 0.357860 0.267633 
-0.321339 -0.204510 0.128451 
0.780495 0.566052 -0.061121 
0.846979 0.063816 -0.264840 
0.933658 -0.224819 0.033433 
-0.217361 -0.915931 -0.091825 
0.820032 -0.088468 -0.264840 
0.836096 -0.353955 0.267633 
-0.399081 0.096345 -0.149845 
-0.060881 -0.941040 -0.172020 
-0.260409 0.348178 -0.120864 
0.698478 0.515394 -0.264840 
-0.402012 -0.277704 0.267633 
-0.127857 0.900621 0.267633 
-0.325610 -0.881972 -0.111831 
-0.196772 0.369081 0.088885 
0.229159 -0.883936 0.267633 
0.196014 -0.352411 0.186503 
0.076495 0.664795 -0.264840 
0.654144 -0.019976 0.267633 
-0.310630 0.765448 0.267633 
-0.937425 0.065184 -0.096980 
0.844000 0.466175 0.116496 
-0.938840 0.020138 -0.201163 
-0.309832 0.502168 0.267633 
0.781823 0.096921 -0.264840 
-0.026367 0.393899 -0.206224 
0.854187 0.177569 -0.264840 
-0.508392 0.802422 -0.047771 
0.947849 0.170612 0.184156 
-0.393089 0.214081 -0.059691 
-0.937144 -0.055537 -0.061063 
0.514847 -0.189020 -0.264840 
0.429359 -0.847043 0.124492 
-0.931325 0.128670 -0.186094 
-0.589991 0.727642 0.267633 
0.086833 0.454309 -0.066407 
-0.816949 -0.459297 -0.062395 
0.845111 0.464217 0.236099 
-0.507160 -0.789812 0.016111 
-0.689968 -0.064242 0.267633 
-0.938420 0.033525 0.147544 
0.573151 -0.633243 -0.264840 
-0.398162 -0.481988 0.267633 
0.646984 -0.700078 0.223796 
-0.039612 -0.493241 -0.264840 
0.617018 0.420357 0.267633 
0.419778 -0.010670 0.193856 
-0.053649 0.955169 0.028842 
-0.860704 -0.370544 0.100994 
0.329046 0.311649 0.048349 
0.066016 -0.443008 -0.028461 
-0.460142 -0.437278 -0.264840 
0.827861 -0.480019 0.148001 
0.458507 0.018142 -0.100845 
-0.347351 0.214996 0.094105 
-0.161127 -0.820182 0.267633 
-0.761181 -0.537773 0.267633 
-0.579637 -0.737451 0.222863 
-0.375375 0.589594 0.267633 
0.155682 -0.932677 -0.132150 
-0.202170 0.594111 0.267633 
-0.400811 0.450578 0.267633 
0.003122 -0.943856 0.123994 
-0.371216 -0.142376 -0.166544 
-0.455135 0.314342 0.267633 
-0.104062 -0.935378 0.267633 
-0.116318 -0.361600 -0.231215 
-0.204328 -0.676361 -0.264840 
0.337458 0.549806 -0.264840 
-0.218066 0.929220 0.230898 
0.586521 0.238399 0.267633 
-0.176926 0.488595 -0.264840 
-0.395565 0.192702 0.045193 
0.464649 -0.829061 -0.156078 
0.605715 -0.145967 0.267633 
0.577472 -0.108468 -0.264840 
-0.123751 0.525762 -0.264840 
0.776436 0.458483 -0.264840 
-0.343014 0.181980 0.174907 
0.632486 0.726305 0.144693 
-0.427205 -0.836335 -0.113242 
0.598990 0.155396 0.267633 
-0.210587 -0.389742 -0.044852 
0.637315 -0.333864 -0.264840 
0.489585 0.172705 -0.264840 
-0.112007 0.384869 0.122475 
0.236874 -0.526616 0.267633 
-0.772328 -0.530597 -0.117636 
0.070234 -0.370471 0.149401 
0.904468 -0.318834 0.025284 
-0.643997 -0.681732 -0.201775 
0.357952 0.892115 0.014039 
-0.230237 -0.912694 -0.001436 
-0.192627 0.851382 -0.264840 
0.426833 0.323817 -0.264840 
-0.280480 0.789709 -0.264840 
-0.822232 0.463652 0.160515 
0.642897 -0.491369 0.267633 
0.666414 -0.682481 0.164286 
-0.892129 -0.166270 0.267633 
-0.353695 0.259583 0.059886 
-0.841924 0.425004 -0.116576 
0.344441 0.312142 -0.015788 
-0.161746 -0.749261 0.267633 
-0.616628 0.719861 -0.059259 
0.151648 -0.649125 -0.264840 
-0.637079 -0.525169 -0.264840 
0.557147 -0.037180 -0.264840 
0.156709 0.500018 -0.264840 
0.623086 -0.668214 0.267633 
0.482783 -0.038698 -0.264840 
0.671004 0.394539 -0.264840 
0.201909 0.661799 0.267633 
0.425713 -0.552881 -0.264840 
-0.431103 0.847795 0.198049 
-0.764089 -0.249884 0.267633 
0.084631 0.668897 0.267633 
0.689688 -0.290824 -0.264840 
0.658867 0.703047 -0.255996 
0.144596 0.947879 -0.037179 
0.100683 0.406104 -0.169451 
0.525792 0.738450 -0.264840 
-0.095483 0.417024 -0.261668 
0.554284 0.326162 0.267633 
-0.243079 -0.777599 -0.264840 
-0.433123 0.836384 -0.264840 
-0.286848 0.518394 -0.264840 
-0.918320 -0.189786 -0.200539 
-0.341859 0.882097 0.267633 
-0.446289 -0.760324 -0.264840 
0.161685 0.738424 0.267633 
-0.848407 -0.398835 0.214059 
-0.641360 0.697814 0.194998 
0.293567 0.720017 0.267633 
0.187559 -0.406686 -0.095730 
-0.599908 -0.455303 -0.264840 
0.446133 0.307635 0.267633 
-0.715980 0.618572 0.114333 
-0.688867 -0.635879 0.001596 
-0.789939 0.081016 -0.264840 
0.716709 -0.173681 -0.264840 
0.237311 0.930096 0.205358 
-0.863025 -0.285211 0.267633 
0.293368 -0.339357 0.030912 
-0.068334 0.425782 0.219885 
0.447707 0.080188 0.042058 
0.386244 -0.411453 -0.264840 
-0.382349 -0.009066 -0.196331 
-0.930196 0.135794 0.149918 
0.692036 -0.082136 -0.264840 
-0.036314 0.801101 -0.264840 
-0.594471 -0.725945 0.030226 
0.666411 -0.600665 0.267633 
-0.152419 0.427342 -0.264840 
0.252648 -0.629142 -0.264840 
-0.449779 -0.328007 -0.264840 
-0.343055 0.328192 -0.264840 
0.487265 0.172923 0.267633 
0.447805 -0.433250 0.267633 
0.173923 -0.523987 -0.264840 
0.021222 0.673002 -0.264840 
0.462984 0.381132 -0.264840 
-0.929629 0.139373 0.021919 
0.032969 0.883240 -0.264840 
-0.572270 0.133037 0.267633 
-0.645663 -0.317089 0.267633 
0.960708 -0.048062 -0.167216 
-0.618809 -0.016700 -0.264840 
0.289713 -0.367575 -0.264840 
-0.935163 -0.076488 -0.167766 
-0.081847 -0.665824 -0.264840 
-0.809354 -0.146901 -0.264840 
-0.754610 0.569556 -0.150262 
-0.710705 -0.344633 0.267633 
0.559027 0.616525 0.267633 
0.716236 0.284059 -0.264840 
0.442223 0.830706 0.267633 
-0.049966 -0.721110 -0.264840 
0.371266 -0.762031 0.267633 
-0.093847 -0.542574 0.267633 
-0.160972 0.476666 0.267633 
-0.541934 0.779627 0.179944 
0.022471 0.831604 0.267633 
0.202345 -0.835384 -0.264840 
-0.071776 -0.460898 0.267633 
0.677209 -0.214247 -0.264840 
-0.397939 -0.037318 0.099624 
-0.762171 0.469773 -0.264840 
0.902654 -0.323874 0.107099 
-0.308031 -0.310401 0.010474 
-0.259161 0.300812 -0.186914 
0.889665 0.170157 0.267633 
0.722256 -0.613103 0.267633 
-0.178372 -0.924646 0.115758 
0.269170 -0.361437 0.252368 
0.169401 -0.930504 -0.020402 
-0.538346 0.782065 -0.138535 
-0.127793 0.869275 -0.264840 
-0.212656 -0.664216 0.267633 
-0.118728 -0.777855 -0.264840 
-0.763169 0.557520 0.171127 
0.449990 -0.707691 0.267633 
0.402741 -0.025218 -0.199879 
0.096621 -0.939851 -0.114309 
-0.415681 0.249536 -0.264840 
-0.284016 -0.896947 -0.193754 
-0.669675 0.167932 -0.264840 
0.182331 0.941903 -0.227401 
-0.459887 -0.625368 -0.264840 
0.519634 -0.796953 0.174694 
0.309005 -0.830335 0.267633 
-0.827561 0.352034 0.267633 
0.925473 0.267572 -0.130535 
0.123314 0.627212 0.267633 
0.594828 -0.743639 0.107424 
-0.469032 0.632169 -0.264840 
0.547050 -0.357446 0.267633 
0.178477 -0.827127 0.267633 
0.232385 0.776006 0.267633 
-0.413171 -0.843486 0.010438 
0.820327 -0.492758 -0.020027 
0.652052 -0.333524 0.267633 
0.579399 -0.755606 -0.260718 
0.103618 -0.939190 0.044785 
0.102662 0.739003 -0.264840 
0.460410 -0.062215 -0.066788 
-0.015471 0.740709 -0.264840 
0.157097 -0.932453 -0.214521 
0.679088 0.576936 0.267633 
-0.269187 0.354309 0.056809 
-0.797952 -0.491417 0.243497 
-0.349847 0.209751 -0.253109 
-0.233835 0.354103 0.218076 
0.614052 0.742172 -0.234697 
-0.650471 -0.581968 -0.264840 
-0.169697 -0.349507 -0.187022 
0.224763 -0.556417 -0.264840 
-0.350853 -0.412367 -0.264840 
-0.926032 0.162085 -0.086183 
-0.731836 0.421975 -0.264840 
-0.858276 -0.376152 -0.123896 
0.961646 -0.016631 0.267633 
0.258438 -0.375328 -0.058798 
0.939852 0.210552 0.134758 
0.934148 -0.165017 0.267633 
0.568960 0.777004 0.176465 
0.115039 -0.435915 -0.048658 
0.138268 0.853629 -0.264840 
-0.805750 -0.017262 -0.264840 
-0.354853 0.272549 -0.026431 
-0.559526 -0.262425 -0.264840 
-0.294258 0.906705 0.168290 
-0.277644 -0.604048 0.267633 
0.227149 0.391957 -0.108518 
0.629667 0.349316 -0.264840 
-0.824974 0.255873 -0.264840 
-0.002442 -0.442254 -0.094953 
0.072334 0.453206 -0.000143 
-0.525950 0.035395 -0.264840 
0.828663 0.492110 -0.095859 
0.739914 -0.604256 -0.120224 
-0.074869 -0.939717 -0.094170 
-0.233693 -0.813875 0.267633 
-0.002197 0.568466 -0.264840 
0.598753 0.651956 0.267633 
0.919520 0.288064 -0.217478 
0.705360 -0.479909 0.267633 
-0.551536 -0.610806 -0.264840 
-0.548178 0.775299 -0.025278 
0.312189 -0.895144 -0.251080 
-0.539643 -0.079780 0.267633 
-0.882056 0.330182 -0.213516 
-0.840396 0.163507 0.267633 
-0.600444 -0.720684 -0.187340 
-0.596653 0.095769 -0.264840 
0.450280 0.832504 -0.264840 
-0.423143 0.117276 0.028254 
0.954162 0.130759 -0.081700 
0.313305 0.315558 -0.129287 
-0.641404 -0.601087 0.267633 
0.311648 -0.267697 0.190965 
0.409550 -0.181872 0.047868 
0.199590 0.420314 -0.053078 
-0.516390 0.796985 -0.205643 
-0.259359 -0.413655 0.267633 
0.353193 -0.880382 -0.020040 
-0.617856 -0.152834 -0.264840 
0.740848 0.057812 0.267633 
0.506131 0.818385 -0.048134 
-0.562147 -0.699128 -0.264840 
-0.436036 0.563423 -0.264840 
0.068554 -0.421590 -0.128670 
0.097465 0.582143 -0.264840 
-0.934775 -0.080598 0.004717 
0.212421 0.935660 -0.051494 
-0.553314 -0.757869 -0.076146 
-0.904726 0.029788 0.267633 
-0.111580 0.949439 -0.197346 
0.785662 0.558512 0.248222 
-0.202264 -0.362986 -0.136750 
0.903475 -0.321592 -0.203838 
-0.384954 0.396675 0.267633 
-0.346041 0.887510 -0.090110 
-0.482895 0.527507 0.267633 
-0.084134 -0.860018 -0.264840 
-0.381946 0.166324 -0.141847 
0.863248 0.428623 -0.144612 
-0.924446 -0.158651 -0.086542 
-0.561130 -0.364746 -0.264840 
0.661999 0.144663 0.267633 
-0.137142 -0.345685 0.148644 
0.494465 -0.703508 -0.264840 
-0.522056 0.248702 0.267633 
-0.913673 0.224023 -0.165989 
0.381504 -0.127125 0.129917 
-0.337133 -0.877823 -0.215417 
0.396166 0.146211 -0.248373 
0.059602 0.754936 0.267633 
0.436467 0.037023 0.218880 
-0.041591 0.517069 -0.264840 
-0.403565 -0.644133 0.267633 
0.319366 0.686677 -0.264840 
0.404752 0.505728 0.267633 
-0.382986 0.567262 -0.264840 
0.307982 0.352002 -0.071559 
0.909123 0.319350 -0.088247 
-0.760887 0.123221 0.267633 
0.189590 -0.406807 0.008452 
0.211615 0.574650 0.267633 
0.128574 0.879858 0.267633 
0.374980 -0.540755 -0.264840 
0.161749 -0.363947 0.119016 
-0.881224 0.332493 -0.007391 
0.375100 -0.232311 -0.122813 
0.771851 -0.563752 -0.006178 
0.447803 -0.602342 -0.264840 
0.894839 0.358643 0.098639 
0.738244 0.226108 0.267633 
0.343469 -0.883883 0.140762 
-0.472902 -0.007181 0.267633 
-0.435743 0.783384 0.267633 
-0.356500 0.442178 -0.264840 
0.918850 0.290367 0.157471 
-0.343953 -0.553070 -0.264840 
-0.917225 0.208133 -0.107905 
-0.256527 0.411069 0.267633 
-0.372496 0.640354 -0.264840 
0.498966 0.462399 0.267633 
-0.902886 -0.252124 0.217764 
-0.207559 -0.551480 -0.264840 
0.107502 -0.523904 0.267633 
0.362030 -0.639386 -0.264840 
-0.490779 0.813763 0.106570 
0.012864 -0.607087 -0.264840 
-0.396486 -0.160925 0.063319 
0.961538 -0.021657 0.181798 
-0.689257 -0.635437 0.265292 
-0.526143 -0.545527 -0.264840 
-0.001423 0.957160 0.013213 
-0.079084 -0.388448 0.189178 
-0.391299 -0.537396 0.267633 
-0.310436 0.280378 0.213503 
-0.262088 0.291605 0.127853 
-0.276633 -0.280188 0.190993 
-0.689694 0.562754 0.267633 
0.227751 0.359628 -0.252519 
-0.720994 0.167802 -0.264840 
0.886334 -0.364852 0.169856 
-0.424776 0.065896 0.239545 
0.684819 -0.228728 0.267633 
0.406823 0.103204 -0.173660 
0.003062 -0.943855 -0.030789 
-0.462154 0.146789 0.267633 
0.718000 0.328155 0.267633 
-0.721969 0.035140 0.267633 
0.187424 -0.372028 -0.255831 
-0.042815 -0.397213 0.106471 
0.183197 -0.589875 0.267633 
-0.309984 -0.290056 -0.118460 
0.666535 0.184059 -0.264840 
-0.208255 -0.897159 0.267633 
-0.082648 0.450237 -0.032595 
-0.662173 0.010345 -0.264840 
0.426350 0.493801 -0.264840 
0.340111 0.323536 0.262805 
-0.020384 -0.562666 0.267633 
-0.271715 -0.779771 0.267633 
-0.586573 0.369291 0.267633 
-0.628668 -0.266722 -0.264840 
-0.658271 0.483384 -0.264840 
-0.589598 0.425266 0.267633 
0.657139 0.261693 0.267633 
-0.561663 -0.751393 0.000392 
-0.332838 0.192373 -0.202411 
0.536283 0.799211 0.231643 
0.497351 -0.810131 -0.204714 
-0.044284 -0.942367 0.238555 
0.427827 0.124766 -0.127618 
-0.861782 -0.368052 -0.031493 
0.950446 -0.140774 -0.181835 
0.830106 0.489670 -0.013531 
-0.713267 0.286113 -0.264840 
-0.696139 -0.627631 0.051196 
-0.347521 -0.269693 -0.084752 
-0.676996 0.373128 -0.264840 
0.617654 0.132053 -0.264840 
-0.375159 -0.686070 0.267633 
-0.516117 -0.783725 0.075550 
0.008758 0.405206 0.121312 
0.877460 0.236759 -0.264840 
0.141405 -0.897186 -0.264840 
0.305105 -0.275508 -0.172969 
-0.112732 -0.621992 -0.264840 
0.456962 0.035028 0.012193 
0.435732 0.142483 0.038549 
-0.437978 -0.044692 0.256936 
0.583447 0.060692 0.267633 
-0.059801 0.874930 0.267633 
0.231392 0.370656 0.077303 
-0.287954 0.335173 0.245458 
0.305510 0.266419 0.169942 
-0.746099 -0.567083 -0.225167 
0.525441 0.512458 0.267633 
0.487539 -0.815934 -0.063453 
0.564303 -0.214964 -0.264840 
-0.541732 -0.766317 0.200986 
-0.005105 -0.943598 -0.108078 
-0.928005 -0.136181 0.180906 
0.409421 -0.210364 -0.264840 
-0.448030 -0.239840 0.267633 
-0.460284 0.831798 0.009961 
-0.294178 -0.330088 -0.065412 
-0.402503 -0.180266 -0.049532 
0.559097 0.060620 -0.264840 
-0.238540 -0.364012 0.050716 
-0.467185 0.669349 0.267633 
0.316031 0.907207 -0.092891 
0.310314 -0.817132 -0.264840 
0.190178 0.940632 0.191736 
-0.683038 0.655937 -0.028330 
-0.248536 -0.350822 0.242045 
0.379102 0.180719 0.191017 
-0.857133 0.392241 -0.060219 
0.062943 -0.942508 0.224987 
0.350695 -0.709733 -0.264840 
-0.742018 -0.572343 -0.108738 
-0.608970 -0.644771 0.267633 
0.587951 -0.748972 -0.172358 
-0.886592 -0.304138 -0.052386 
-0.542567 -0.221428 0.267633 
-0.262842 0.916668 -0.154388 
0.217544 0.934515 0.090243 
-0.109532 -0.851569 0.267633 
-0.337589 0.710687 0.267633 
-0.302684 -0.887456 -0.264840 
0.282099 0.771202 0.267633 
0.662567 0.699775 0.114959 
-0.220366 0.833797 0.267633 
0.020399 -0.900224 -0.264840 
-0.322314 -0.883159 -0.045277 
-0.308490 0.277686 -0.257464 
0.106650 0.713603 0.267633 
-0.021291 -0.398092 -0.245611 
0.478215 0.642637 -0.264840 
-0.172829 -0.925885 -0.111570 
-0.276385 0.895838 -0.264840 
0.328739 0.442853 0.267633 
-0.337289 -0.809077 -0.264840 
-0.472123 0.824796 0.213969 
-0.762617 0.558332 -0.207358 
-0.012880 0.455627 0.013520 
-0.653615 0.067545 0.267633 
0.162319 0.945072 0.145453 
0.823648 -0.487145 0.253724 
0.084747 -0.808190 0.267633 
-0.273981 -0.301165 -0.150563 
0.358556 -0.452461 -0.264840 
0.177836 0.376826 -0.175703 
0.961329 -0.028304 0.074769 
-0.366300 0.136672 -0.239909 
-0.770971 -0.532593 0.087973 
-0.520098 0.090530 0.267633 
-0.607468 0.459593 -0.264840 
-0.065398 0.558904 0.267633 
0.442053 -0.482459 0.267633 
-0.054685 0.930231 -0.264840 
0.117729 0.397445 0.111122 
-0.810808 -0.338461 0.267633 
0.498036 -0.203437 0.267633 
-0.426225 0.704752 -0.264840 
0.551748 -0.775255 -0.035220 
-0.509650 -0.161711 0.267633 
0.625012 -0.091998 -0.264840 
-0.904753 0.117338 -0.264840 
-0.097051 -0.922910 -0.264840 
-0.144038 -0.930852 -0.195641 
-0.605654 0.006839 0.267633 
0.267008 -0.908742 -0.181193 
-0.369488 -0.214835 -0.113235 
0.938550 0.216375 0.250680 
0.575353 -0.758745 0.254076 
-0.592817 0.252057 -0.264840 
0.720538 0.639680 -0.028025 
0.651723 0.319029 0.267633 
-0.007687 -0.807234 0.267633 
-0.070712 0.407949 -0.168662 
0.468343 0.225052 0.267633 
0.954356 0.129535 0.067932 
-0.682859 0.423755 -0.264840 
-0.550173 -0.310841 0.267633 
-0.294872 0.365923 -0.264840 
-0.480244 0.472265 -0.264840 
-0.593675 0.740008 0.220454 
0.372230 0.187460 -0.179825 
-0.429456 -0.082914 0.012994 
-0.369418 -0.175083 -0.259884 
-0.735919 -0.580207 0.261051 
0.857690 -0.214394 -0.264840 
-0.560117 0.614894 -0.264840 
-0.104162 -0.392281 -0.158251 
-0.410773 0.858154 0.086366 
0.821995 -0.400675 0.267633 
-0.388887 0.868969 0.144053 
-0.542506 0.542629 -0.264840 
-0.426111 0.122507 -0.025356 
-0.234324 -0.288262 0.157897 
0.239308 -0.313392 0.170828 
0.337570 -0.547405 0.267633 
0.866808 0.127155 0.267633 
0.013254 0.440197 -0.125689 
-0.812573 -0.466697 -0.205071 
0.224417 -0.376256 0.053837 
0.273358 0.305968 0.122869 
0.346752 0.234136 0.110869 
0.122420 0.821092 0.267633 
-0.795653 0.315428 0.267633 
-0.925694 0.164225 0.190958 
0.725101 0.634504 0.247331 
-0.637336 0.467224 0.267633 
-0.292335 0.683391 -0.264840 
0.586127 -0.309615 -0.264840 
-0.196732 -0.392198 0.011840 
0.271515 0.633693 -0.264840 
-0.479824 0.691171 -0.264840 
0.838690 0.475155 -0.217881 
-0.691932 0.286860 0.267633 
0.465989 0.841825 0.143224 
0.688772 0.063210 0.267633 
-0.656606 0.273820 -0.264840 
-0.776496 -0.194233 0.267633 
-0.489424 -0.394220 0.267633 
0.319039 -0.323760 -0.010822 
0.556475 0.346596 -0.264840 
0.367968 0.888047 0.124189 
-0.492184 0.265225 -0.264840 
0.162194 -0.931646 0.168998 
0.754944 -0.371711 -0.264840 
0.661398 0.700816 0.000278 
0.385503 -0.867013 -0.220738 
-0.348142 -0.184185 -0.173242 
0.399910 -0.860778 0.005080 
0.234924 0.339759 0.182718 
-0.138851 0.783126 0.267633 
-0.865173 0.373661 0.101652 
0.384725 0.129909 0.170977 
-0.049842 -0.781774 0.267633 
-0.454817 -0.821584 0.000070 
-0.306937 -0.238463 -0.241992 
-0.433064 -0.833350 0.175123 
0.751136 -0.578897 -0.264840 
-0.140592 -0.396236 0.074677 
-0.559938 0.281958 0.267633 
-0.855514 0.395983 0.047779 
0.946108 0.181609 -0.161397 
0.676432 0.023949 -0.264840 
0.773971 -0.561018 -0.219605 
0.866065 0.299152 0.267633 
-0.289917 -0.894822 0.265549 
0.563874 -0.301779 0.267633 
0.180939 0.363859 0.174234 
-0.584070 -0.460962 0.267633 
-0.424635 0.851091 -0.140942 
0.511174 0.128580 -0.264840 
0.238070 -0.916481 -0.237149 
-0.413922 -0.843103 -0.049379 
0.804330 0.531043 0.002447 
-0.591925 -0.192327 0.267633 
0.362927 0.890228 0.230763 
-0.713806 -0.082483 -0.264840 
0.542570 -0.139527 0.267633 
0.520337 0.572522 -0.264840 
-0.714984 -0.244389 -0.264840 
-0.121225 0.947911 0.199015 
-0.518297 0.314184 -0.264840 
-0.124035 -0.934020 0.027912 
0.535541 -0.613125 0.267633 
-0.446564 0.180058 -0.264840 
0.575790 0.649031 -0.264840 
-0.282308 0.349094 -0.006727 
-0.710372 -0.442790 -0.264840 
0.303754 0.396295 0.267633 
0.528091 -0.058260 0.267633 
-0.589863 0.742965 0.117965 
-0.248930 -0.525566 -0.264840 
0.383895 0.881155 -0.195821 
0.500124 -0.434363 0.267633 
-0.595337 -0.408004 -0.264840 
0.687263 -0.661633 -0.250680 
-0.913543 -0.211164 0.069106 
0.903596 -0.000433 0.267633 
0.404336 0.676974 -0.264840 
-0.379521 0.321663 0.267633 
0.415371 0.051774 0.108830 
0.734902 -0.609942 0.210624 
-0.252731 -0.362428 -0.045853 
0.813681 0.517283 0.216858 
-0.490257 0.451806 0.267633 
-0.218084 0.397548 -0.035265 
-0.757714 -0.552100 -0.019129 
-0.177818 0.386641 0.216314 
0.438049 -0.538808 0.267633 
-0.656836 0.139971 0.267633 
0.667132 -0.393873 0.267633 
-0.582514 0.748666 -0.114970 
-0.170592 -0.925703 0.267633 
-0.473389 -0.705286 0.267633 
-0.214430 0.547674 0.267633 
-0.361004 -0.452828 0.267633 
-0.442124 0.266478 0.267633 
0.625905 -0.587209 -0.264840 
0.366423 -0.341583 0.267633 
0.431135 0.675711 0.267633 
0.917877 -0.280271 -0.088976 
0.070115 -0.894666 -0.264840 
0.663396 0.428771 0.267633 
0.070828 -0.791238 -0.264840 
0.813239 -0.504486 0.060759 
-0.647481 0.691693 -0.083644 
0.522221 0.808768 -0.146917 
-0.881078 -0.026455 0.267633 
-0.294906 0.312327 -0.126785 
0.592642 -0.202509 0.267633 
-0.437402 -0.037101 -0.000561 
0.034344 -0.943407 0.067132 
-0.938627 0.026943 -0.124229 
0.296897 -0.900059 -0.021352 
0.254689 -0.912321 0.071496 
0.102270 0.952763 0.263154 
0.278968 -0.501434 -0.264840 
0.639955 0.656551 -0.264840 
0.057987 -0.746312 0.267633 
-0.230699 0.750598 0.267633 
0.589893 -0.747466 0.000134 
0.823881 -0.486748 0.206156 
-0.749179 0.576558 0.225688 
0.210127 0.652074 -0.264840 
0.629646 0.009169 -0.264840 
-0.202496 -0.323163 0.171159 
0.560941 0.173094 -0.264840 
-0.027593 0.427754 -0.144771 
-0.936409 0.076759 -0.022017 
-0.914743 -0.205792 0.183657 
-0.723491 -0.596229 0.077403 
-0.597526 0.374598 -0.264840 
-0.241609 -0.643941 -0.264840 
-0.162067 -0.927996 -0.001586 
-0.108545 0.949919 -0.128793 
-0.808650 0.125270 0.267633 
0.340500 0.344013 -0.264840 
-0.933273 0.109935 0.078659 
0.420113 0.865200 -0.053074 
-0.847832 -0.209544 0.267633 
0.141510 0.435330 0.250178 
-0.871284 0.359540 -0.108935 
0.810417 -0.508641 -0.076362 
0.945170 -0.006849 -0.264840 
-0.915749 0.214736 0.200948 
0.529296 -0.529016 -0.264840 
0.746750 -0.540471 0.267633 
0.866869 -0.408068 0.046676 
-0.090405 0.615057 -0.264840 
-0.017577 0.956652 -0.046885 
-0.602714 0.534847 0.267633 
0.036036 0.956800 0.122520 
-0.387742 -0.060127 -0.244600 
-0.875385 -0.335266 -0.137786 
0.193754 -0.926387 0.248411 
-0.515406 -0.459510 -0.264840 
0.857464 0.439972 -0.034083 
0.508843 -0.760380 -0.264840 
-0.447055 0.839621 -0.197420 
0.105482 -0.639446 0.267633 
0.868375 -0.405114 -0.106193 
-0.829403 -0.436132 0.136015 
-0.299679 -0.256759 -0.172556 
0.127264 -0.360288 -0.226413 
-0.019420 -0.431891 0.064789 
-0.415247 -0.795947 0.267633 
0.477389 0.689728 0.267633 
-0.116790 0.395236 0.194686 
0.937014 0.223247 -0.036431 
0.286753 0.916452 -0.182747 
-0.590690 -0.728878 0.146102 
0.220927 -0.426403 0.267633 
0.431261 0.426531 0.267633 
0.165370 -0.800857 -0.264840 
-0.853273 -0.387714 -0.216404 
-0.935019 -0.078008 0.120032 
-0.168971 -0.624292 0.267633 
-0.640054 0.633505 0.267633 
-0.332181 -0.590991 0.267633 
