0.171132 0.732685 -0.296109 
-0.194656 -0.924694 0.304595 
-0.922171 0.209020 0.281398 
0.927020 -0.208137 0.275139 
-0.782992 -0.494823 -0.296109 
0.509039 -0.799445 -0.280611 
0.718251 0.600116 0.307352 
-0.367608 0.874829 0.306913 
-0.406907 0.225069 -0.284049 
0.468135 0.004434 -0.282786 
-0.087117 -0.444622 -0.196761 
-0.507346 -0.323313 0.307352 
0.350069 -0.529094 0.307352 
0.781845 0.531056 -0.296109 
0.096752 0.483590 0.258642 
-0.475525 0.820637 -0.279968 
-0.944026 0.047370 -0.266047 
0.871183 -0.377629 -0.269635 
0.487323 0.106599 0.266726 
-0.395527 0.275811 0.247265 
-0.400051 -0.856041 -0.290413 
0.946661 0.089641 -0.124157 
0.344991 0.886583 0.138773 
0.047417 -0.944521 -0.125293 
-0.727640 0.607045 0.073703 
-0.587793 -0.739018 0.127209 
-0.904424 -0.272088 0.085202 
-0.449390 -0.187340 -0.124767 
-0.095227 -0.478887 0.259973 
0.749798 -0.581120 0.117854 
0.325614 0.384709 -0.102615 
0.324883 -0.378347 -0.107228 
-0.070403 0.947504 0.013542 
0.894849 0.213067 0.307352 
-0.120467 0.487179 -0.100314 
-0.799939 0.429192 -0.296109 
0.216068 -0.910234 0.307352 
0.528795 0.790940 -0.234473 
0.573670 -0.235155 0.307352 
0.466123 -0.824826 0.065781 
0.171170 -0.667194 -0.296109 
-0.436374 -0.502207 -0.296109 
0.847763 0.431924 0.033261 
-0.633576 0.024448 0.307352 
-0.787359 -0.521136 0.304650 
0.053535 0.818051 0.307352 
-0.218546 0.567133 0.307352 
-0.148804 0.883885 -0.296109 
0.419214 0.419124 0.307352 
0.489976 -0.102403 0.014576 
-0.315248 -0.890485 0.014108 
-0.727090 -0.183966 -0.296109 
-0.900481 0.290408 -0.032799 
0.552533 -0.484002 -0.296109 
0.564150 0.305400 -0.296109 
-0.671847 0.411595 0.307352 
-0.485558 0.104226 -0.010540 
-0.377620 -0.601881 0.307352 
-0.289636 -0.400685 0.035936 
0.599274 0.739293 0.060058 
-0.776800 -0.536672 0.005103 
-0.365805 0.521795 -0.296109 
-0.451836 0.834470 0.026316 
0.797585 -0.092087 -0.296109 
0.917022 -0.248388 -0.012699 
-0.623162 -0.709300 -0.181963 
-0.106573 -0.743887 -0.296109 
0.126238 -0.471164 0.077918 
0.569165 -0.720027 0.307352 
0.189835 0.931798 -0.089125 
-0.944712 0.025556 0.038626 
0.092563 0.450628 -0.274608 
-0.687154 0.176033 -0.296109 
-0.351837 0.353858 -0.029910 
-0.551518 0.672157 0.307352 
0.009322 -0.731416 0.307352 
0.456150 0.703890 0.307352 
-0.425719 -0.088152 0.175400 
-0.939976 -0.095176 0.284229 
0.905134 0.294059 -0.295596 
-0.669854 0.670096 -0.178119 
0.676171 -0.664742 -0.121973 
0.470119 0.178276 -0.022877 
0.741844 -0.023385 0.307352 
0.015826 -0.945514 0.136269 
0.343586 -0.269130 0.155609 
0.669365 0.343132 0.307352 
0.304503 -0.896410 -0.156421 
0.383904 0.537474 -0.296109 
0.775527 -0.408199 0.307352 
-0.758725 -0.269345 0.307352 
0.950701 -0.011997 0.120506 
0.107547 0.489738 0.002311 
0.433813 -0.256741 -0.296109 
-0.498562 -0.015880 -0.296109 
-0.083015 0.631492 -0.296109 
-0.888046 -0.321164 -0.162899 
-0.116544 0.435941 0.131966 
-0.148135 0.938104 0.243088 
0.149979 -0.416171 -0.261102 
-0.408186 -0.851961 0.236053 
-0.297972 -0.312672 -0.252832 
0.279654 0.361181 0.126121 
0.249219 -0.913070 0.074507 
-0.855755 0.404828 0.163860 
0.073636 0.947738 -0.293289 
-0.561611 0.399340 -0.296109 
0.926938 0.213251 0.080360 
0.722292 0.141125 -0.296109 
0.714409 0.628532 -0.100847 
-0.170881 -0.929751 -0.183585 
0.320556 0.895380 -0.269528 
0.673432 -0.276658 -0.296109 
0.241995 0.645046 0.307352 
0.835005 -0.452213 -0.042702 
0.112759 -0.534350 0.307352 
-0.297235 0.901720 -0.134705 
-0.295519 -0.389921 0.262642 
-0.433451 0.490118 0.307352 
0.354313 -0.559255 -0.296109 
0.579390 -0.509503 0.307352 
-0.080345 -0.488394 0.041004 
0.380214 0.225847 -0.232013 
-0.292935 0.718595 -0.296109 
0.401381 0.862687 -0.061585 
-0.243132 0.364840 -0.232853 
-0.233492 -0.577979 -0.296109 
-0.937939 -0.116629 -0.136902 
0.858583 0.410690 0.251316 
-0.551157 -0.294642 -0.296109 
-0.577243 -0.545046 0.307352 
-0.792758 0.517941 -0.109610 
-0.202431 -0.710807 0.307352 
0.090000 0.946191 0.150945 
0.143434 -0.870267 -0.296109 
0.248363 -0.706380 0.307352 
-0.471037 -0.818541 -0.100864 
0.457033 -0.095792 0.217729 
-0.912473 0.249134 -0.230660 
-0.587283 0.228030 0.307352 
0.744038 -0.588546 -0.294824 
0.588040 0.580179 -0.296109 
0.410269 -0.838713 0.307352 
0.244212 0.891761 0.307352 
0.744353 0.592889 0.089087 
-0.423613 -0.253874 0.056972 
-0.731981 0.601475 0.296541 
0.904498 0.296086 -0.093007 
-0.194749 0.758372 0.307352 
-0.294080 0.902856 0.123117 
0.944511 -0.107630 -0.176985 
-0.594166 0.738824 0.105443 
0.615852 -0.720781 0.125269 
0.272184 0.381609 -0.282766 
-0.514170 0.637596 -0.296109 
0.882787 -0.350814 0.161862 
0.064318 -0.495192 -0.098904 
0.924710 0.016764 0.307352 
-0.544959 -0.741574 0.307352 
-0.007500 -0.578683 -0.296109 
-0.103512 -0.939624 -0.002647 
-0.442686 0.103779 0.205621 
-0.474730 -0.689094 -0.296109 
0.741949 -0.591240 0.306600 
0.002074 0.630187 0.307352 
0.891958 0.062523 -0.296109 
0.335750 -0.750549 -0.296109 
-0.364603 0.694217 0.307352 
-0.911325 -0.197209 -0.296109 
-0.618497 -0.156788 0.307352 
-0.843951 -0.423443 0.159695 
0.363092 0.715143 -0.296109 
-0.266214 0.398885 0.240777 
-0.808970 0.056011 0.307352 
-0.028496 -0.944936 -0.289477 
0.835444 0.456100 -0.144634 
0.440762 -0.247598 -0.077408 
-0.756407 -0.009458 -0.296109 
0.653029 0.151438 0.307352 
-0.609283 -0.536507 -0.296109 
0.577796 0.494018 0.307352 
-0.937617 0.123413 -0.109030 
0.242025 -0.396480 0.218246 
0.747141 -0.217095 0.307352 
0.616556 0.724910 0.242995 
-0.002828 -0.925315 0.307352 
0.405909 0.260481 0.239303 
0.441258 -0.382460 0.307352 
0.468285 -0.823547 -0.115091 
-0.490898 -0.067047 -0.008302 
0.472632 0.047510 0.095599 
-0.109087 0.457173 -0.286154 
-0.924644 0.197959 0.107122 
0.502517 0.031876 -0.100324 
-0.571291 0.756568 -0.073015 
-0.065486 0.947969 -0.165087 
0.582592 -0.649653 -0.296109 
0.750179 0.366658 -0.296109 
-0.275288 -0.739561 -0.296109 
-0.201510 -0.923162 0.130260 
-0.703205 -0.630010 0.172217 
0.278530 -0.403315 0.058069 
-0.374737 -0.330884 -0.086151 
-0.480675 0.817592 0.194369 
-0.651019 0.535571 -0.296109 
0.551080 -0.144558 -0.296109 
-0.460300 0.078056 -0.168530 
-0.431297 -0.168120 -0.284075 
-0.670792 -0.410481 0.307352 
0.262045 0.452236 0.304197 
0.212920 0.554741 -0.296109 
-0.765720 0.231141 0.307352 
-0.412115 0.230983 0.094885 
0.582877 -0.038566 0.307352 
-0.208009 -0.453622 -0.092815 
-0.429782 0.244005 -0.115442 
0.330444 -0.378239 -0.296109 
-0.706474 -0.355754 -0.296109 
-0.944271 0.039559 0.200881 
-0.744772 -0.580235 -0.168268 
0.451954 -0.123162 -0.174891 
0.416186 0.855546 0.305769 
-0.404897 -0.234382 0.228820 
0.566214 0.147496 -0.296109 
0.647158 0.005110 -0.296109 
-0.607814 -0.722831 -0.028041 
-0.896135 -0.298696 0.241269 
-0.470413 -0.818910 0.054216 
-0.303714 0.889013 -0.296109 
-0.937054 -0.122211 0.104348 
0.945581 -0.096313 -0.008559 
0.579885 0.754333 -0.093959 
0.911876 -0.199467 -0.296109 
-0.059747 0.494999 0.268256 
-0.761379 -0.100775 0.307352 
-0.222893 -0.548659 0.307352 
0.477618 0.822777 0.099463 
-0.203502 -0.425947 -0.293220 
0.192019 0.454634 -0.124077 
-0.338207 -0.882219 -0.137681 
-0.220998 0.447148 0.022767 
0.027439 0.780718 -0.296109 
0.397749 0.281227 0.076295 
0.807217 -0.499514 -0.191343 
-0.839780 0.436380 0.007568 
0.426343 -0.673175 0.307352 
-0.447456 -0.468890 0.307352 
0.107236 -0.939812 0.017368 
0.225079 0.923921 0.057014 
0.449013 0.402571 -0.296109 
-0.832725 -0.445477 -0.099646 
-0.434661 0.843222 -0.121322 
-0.196279 -0.387783 0.151796 
-0.840536 0.372990 0.307352 
0.061540 0.601207 -0.296109 
0.148640 0.428368 0.131689 
0.374353 0.580756 0.307352 
0.943307 0.123555 0.201235 
-0.520569 0.128815 -0.296109 
-0.000015 0.950581 0.277501 
-0.824345 0.124951 -0.296109 
0.659146 0.686518 -0.221875 
0.897331 -0.311243 -0.143275 
0.522112 0.317093 0.307352 
-0.225830 0.922476 -0.003196 
0.325517 -0.888844 0.201138 
-0.226893 0.589954 -0.296109 
-0.668239 -0.663867 0.307352 
0.040550 -0.442667 0.189071 
-0.860136 0.394707 -0.135226 
0.431077 -0.246464 0.266548 
0.356190 -0.877493 -0.012341 
0.574635 -0.753655 -0.051651 
-0.353139 -0.742548 0.307352 
-0.588866 0.525316 0.307352 
-0.706049 0.324521 -0.296109 
0.035162 0.479821 -0.149752 
0.816346 -0.484075 0.193610 
-0.237066 -0.879328 -0.296109 
-0.515344 -0.062963 0.307352 
-0.055438 0.496991 0.022277 
-0.311603 -0.310762 0.142200 
0.252219 0.434470 0.004215 
0.933716 -0.178181 0.139842 
0.676372 -0.421577 -0.296109 
0.196671 -0.455756 -0.109786 
0.760278 -0.567611 -0.055104 
-0.402365 0.362383 -0.296109 
0.790253 0.530034 0.202870 
-0.852613 -0.322649 -0.296109 
0.152765 -0.933526 0.170119 
0.209987 -0.536063 -0.296109 
0.437436 -0.225613 0.056854 
0.759580 0.235963 0.307352 
-0.288988 0.359595 0.112682 
0.518189 -0.793398 0.186948 
-0.460300 -0.060860 -0.172269 
0.948923 0.065714 0.009492 
-0.027116 -0.584919 0.307352 
0.652945 -0.352595 0.307352 
-0.791079 0.520412 0.186543 
-0.587931 -0.116142 -0.296109 
-0.573061 0.755195 -0.215301 
-0.421010 -0.341885 -0.296109 
-0.769368 0.552357 -0.236088 
0.440858 0.109701 -0.206043 
0.395075 -0.860666 -0.246631 
0.193177 0.869908 -0.296109 
0.014309 0.441141 0.150400 
-0.708135 -0.624304 -0.296109 
0.936077 0.169198 -0.232156 
0.014667 -0.795994 -0.296109 
-0.666083 0.673867 0.194919 
0.059488 0.948892 -0.092650 
-0.880657 -0.341690 -0.023674 
0.818410 0.092862 0.307352 
-0.239215 0.435113 -0.114834 
0.540032 -0.332414 -0.296109 
0.782267 0.541784 -0.024495 
-0.660057 0.679893 -0.010171 
-0.095179 -0.940412 0.217183 
0.412211 0.291414 -0.078534 
-0.364365 -0.609453 -0.296109 
-0.145874 0.744129 -0.296109 
0.879875 -0.332537 0.307352 
0.420221 0.168552 0.133451 
-0.067671 0.775830 0.307352 
-0.929884 -0.167481 -0.019549 
0.177015 -0.929684 -0.088741 
0.016322 -0.450519 -0.270713 
0.434505 -0.657972 -0.296109 
0.272206 -0.860586 -0.296109 
0.462972 0.636668 -0.296109 
-0.907721 -0.070387 -0.296109 
0.616795 0.456890 -0.296109 
-0.625665 0.004662 -0.296109 
0.185392 0.779743 0.307352 
-0.154771 0.937052 0.116915 
-0.096214 -0.800880 0.307352 
0.946148 -0.090314 0.229470 
0.893402 0.326907 0.164411 
-0.520661 -0.787836 -0.233773 
0.680794 -0.660119 0.221473 
-0.562282 0.246157 -0.296109 
-0.242431 0.888457 0.307352 
-0.059365 -0.498030 -0.085797 
-0.856721 -0.192716 0.307352 
-0.532671 -0.423683 -0.296109 
-0.697160 -0.636867 -0.025280 
-0.327379 -0.425762 -0.296109 
0.696685 -0.643886 0.025261 
0.789395 -0.216417 -0.296109 
-0.775004 -0.539316 0.129045 
-0.337523 0.331201 -0.160783 
-0.628015 -0.279426 0.307352 
0.840210 -0.441999 0.080714 
0.136542 0.940844 0.275799 
0.125753 0.607130 0.307352 
0.573945 0.616108 0.307352 
0.439939 -0.436962 -0.296109 
-0.473804 -0.006592 0.096222 
0.135876 -0.659422 0.307352 
0.332200 0.357011 0.248555 
0.949432 -0.052376 -0.285375 
0.055757 0.949009 0.034280 
0.697089 0.648178 0.194430 
0.371332 -0.326552 0.044592 
0.428404 0.849320 -0.178764 
-0.593856 -0.663967 -0.296109 
0.157797 -0.786546 0.307352 
-0.480576 0.379038 0.307352 
-0.321951 -0.888071 0.159848 
-0.351772 0.881683 -0.029035 
-0.412397 0.703531 -0.296109 
0.293371 0.904992 -0.144317 
-0.842346 -0.414530 0.307352 
-0.925615 -0.188865 0.203509 
-0.634776 0.691817 -0.296109 
0.373049 -0.286386 -0.168309 
0.675449 -0.111200 -0.296109 
-0.500845 0.133863 0.305820 
-0.236600 0.465604 -0.296109 
0.472076 -0.560955 0.307352 
-0.828714 0.302562 -0.296109 
0.824506 0.201927 -0.296109 
-0.469572 0.758324 0.307352 
-0.764756 0.487755 0.307352 
0.677930 0.271188 -0.296109 
0.762325 0.451592 0.307352 
-0.937490 0.090654 0.307352 
0.497716 0.810892 -0.016593 
0.324445 0.729810 0.307352 
0.215533 -0.471872 0.305177 
-0.482364 0.503240 -0.296109 
0.605278 -0.729887 -0.189996 
0.424217 0.842220 -0.296109 
-0.179537 0.932823 -0.193710 
-0.677579 0.153508 0.307352 
-0.363614 0.380309 0.307352 
0.669943 -0.129462 0.307352 
-0.486879 -0.207614 0.307352 
0.934371 0.179970 -0.051757 
-0.516413 -0.790722 0.202950 
-0.069806 -0.425062 0.159270 
0.783384 0.022931 -0.296109 
-0.897923 0.298483 0.179823 
0.569137 0.694048 -0.296109 
-0.111538 0.647711 0.307352 
0.869115 0.387158 -0.238844 
-0.249569 -0.815238 0.307352 
0.045995 -0.685889 -0.296109 
-0.119071 -0.553323 -0.296109 
-0.945220 0.009358 -0.107280 
0.494651 0.812704 0.234632 
0.174441 -0.930092 -0.204762 
-0.020020 0.883409 -0.296109 
-0.064276 -0.943333 -0.109416 
-0.460579 -0.141292 0.082233 
-0.021569 0.949904 0.135266 
-0.782421 0.533151 0.007830 
-0.566961 0.759927 0.238747 
0.821098 -0.132445 0.307352 
0.515927 -0.129102 0.307352 
0.797176 -0.460578 -0.296109 
0.544259 0.207129 0.307352 
0.330816 -0.400421 0.304679 
-0.090856 -0.681644 0.307352 
-0.449003 0.213290 -0.009800 
-0.838808 -0.433537 -0.210366 
-0.329702 0.559064 0.307352 
-0.380924 0.869067 0.183994 
0.299315 -0.836652 0.307352 
0.322414 0.894711 0.012641 
-0.168563 0.451205 0.242927 
0.343257 0.365418 0.029242 
0.712917 0.617734 -0.296109 
0.688441 -0.490854 0.307352 
0.879775 -0.357773 -0.006662 
-0.919139 -0.217836 -0.186598 
-0.455992 0.617169 0.307352 
-0.884528 0.335687 0.077259 
0.256242 -0.378991 -0.192844 
0.255846 0.663285 -0.296109 
0.663265 0.682398 -0.020699 
-0.295303 -0.366884 -0.158379 
0.682697 -0.658216 -0.230287 
-0.685824 0.432635 -0.296109 
0.103458 -0.903647 0.307352 
-0.254722 -0.909811 -0.074217 
-0.467709 -0.665856 0.307352 
0.543397 -0.338903 0.307352 
-0.145580 0.938508 -0.073769 
0.141108 0.940121 -0.184955 
-0.930047 0.171207 -0.012732 
0.362768 0.325083 -0.296109 
-0.385771 -0.234160 -0.197830 
0.457918 -0.066021 0.114412 
-0.342004 -0.489734 0.307352 
0.454920 0.182830 -0.296109 
-0.464874 0.000080 0.222163 
0.934718 -0.173031 -0.086841 
0.481093 0.540107 0.307352 
0.276888 -0.650162 -0.296109 
0.893528 0.326557 0.306954 
0.903733 0.298211 0.020160 
-0.725985 0.608922 -0.054678 
0.074217 0.713819 0.307352 
-0.499969 -0.000398 -0.090438 
-0.181541 -0.460039 0.026380 
0.441378 -0.140186 -0.278828 
-0.083794 -0.847211 -0.296109 
0.866664 0.392822 -0.062883 
-0.682126 -0.556178 0.307352 
0.238524 0.920915 0.206229 
-0.379216 -0.329905 0.283983 
0.130098 -0.763933 -0.296109 
0.335845 0.314358 -0.195162 
-0.196312 -0.452548 0.268278 
0.079836 -0.942402 -0.254755 
0.753111 0.581599 -0.185639 
0.673765 0.671898 0.088224 
-0.655299 -0.679902 0.074241 
-0.012728 0.436877 -0.252088 
-0.485097 0.247870 0.307352 
-0.644016 -0.247748 -0.296109 
0.497056 -0.571917 -0.296109 
-0.581278 0.353282 0.307352 
0.554970 0.773152 0.159897 
0.483350 -0.150506 -0.079917 
-0.935443 0.137132 -0.215147 
0.440049 0.196470 -0.149876 
0.481398 0.007127 0.239491 
-0.208577 -0.921582 0.027233 
0.004270 -0.945877 0.016966 
-0.818856 -0.136962 -0.296109 
-0.680756 0.289191 0.307352 
0.658516 -0.522617 -0.296109 
0.497262 0.066293 -0.002157 
0.430851 -0.843324 0.160237 
0.146734 -0.431659 0.205775 
0.233422 -0.751713 -0.296109 
-0.627276 -0.705672 0.215206 
-0.105972 -0.939391 0.099798 
0.850251 -0.422291 -0.141418 
-0.942493 -0.068546 -0.038389 
-0.558069 -0.762074 -0.107203 
-0.567365 -0.404911 0.307352 
-0.389536 -0.860591 -0.053184 
0.787819 -0.326861 -0.296109 
0.292973 -0.472160 -0.296109 
-0.374741 -0.721822 -0.296109 
-0.299938 -0.895996 0.273695 
-0.167054 -0.663116 -0.296109 
0.027037 -0.488792 0.074857 
-0.905604 0.272776 -0.131902 
0.355764 -0.321769 0.240688 
-0.428445 0.107416 -0.261400 
-0.131999 0.862293 0.307352 
0.852689 0.422257 0.151485 
-0.273469 0.475705 0.307352 
0.924713 0.223212 0.212034 
0.924011 -0.221597 -0.179730 
-0.849981 -0.411609 0.060238 
0.261994 -0.909358 -0.025728 
0.115085 -0.450394 -0.174220 
0.165293 0.419023 -0.214258 
0.188015 0.432270 0.223127 
-0.263770 0.655766 0.307352 
0.675513 0.054534 0.307352 
-0.883259 -0.009712 0.307352 
-0.878966 0.351136 -0.222094 
0.554714 -0.768576 0.063932 
-0.469378 0.095867 0.086583 
0.463109 -0.013209 -0.185759 
-0.325372 0.611788 -0.296109 
0.275883 0.760974 -0.296109 
0.164256 -0.470274 -0.017934 
-0.451972 -0.203085 -0.022347 
-0.243181 0.917914 0.205656 
0.750877 -0.579730 -0.189422 
0.501820 -0.803715 0.305709 
0.345536 -0.283337 -0.263710 
-0.733354 0.599705 -0.151534 
0.788227 0.329203 0.307352 
-0.775884 0.216323 -0.296109 
-0.665515 -0.067618 0.307352 
-0.370933 0.328248 0.070345 
-0.306030 -0.893803 -0.228845 
-0.365898 0.814101 -0.296109 
0.340813 0.888087 0.253498 
0.401986 -0.192648 0.141373 
0.917412 0.251797 -0.178556 
0.283856 -0.343828 0.138450 
-0.428814 0.168676 -0.182427 
-0.006115 0.503064 -0.060759 
0.805485 0.507191 0.076745 
-0.367285 -0.330404 0.039802 
-0.322750 0.287325 0.166875 
0.278638 0.555848 0.307352 
0.284094 -0.599406 0.307352 
0.475881 0.739094 -0.296109 
-0.690891 -0.467116 -0.296109 
-0.398916 0.198770 0.189895 
-0.514952 0.033013 0.303504 
0.859220 -0.404688 0.237780 
-0.850826 0.150397 0.307352 
-0.481127 0.297187 -0.296109 
0.046995 -0.819508 0.307352 
-0.943771 -0.050720 0.168847 
-0.408985 -0.851554 -0.195155 
-0.612727 0.102760 -0.296109 
-0.209446 0.412551 0.111579 
-0.236436 0.795554 -0.296109 
-0.472456 -0.570955 0.307352 
-0.808246 0.492864 0.097382 
-0.568915 -0.639562 0.307352 
0.407424 -0.202373 -0.201260 
0.582374 -0.603957 0.307352 
0.471049 0.501451 -0.296109 
-0.907293 -0.262212 -0.066786 
0.562847 0.053412 0.307352 
0.075702 -0.534688 -0.296109 
0.563553 0.048310 -0.296109 
0.743040 -0.319946 0.307352 
-0.503379 -0.568130 -0.296109 
-0.717395 0.618664 -0.277435 
-0.379577 -0.226398 0.138839 
-0.637915 0.701043 0.285115 
0.187495 0.533918 0.307352 
-0.156624 0.441116 -0.173499 
0.225378 0.461549 -0.296109 
0.682901 0.523096 -0.296109 
-0.200026 -0.402151 -0.202977 
0.498835 0.810229 -0.131591 
0.355945 0.487725 0.307352 
-0.192039 -0.797595 -0.296109 
0.929942 0.126603 0.307352 
-0.335019 0.433738 -0.296109 
-0.802053 -0.401023 -0.296109 
-0.559527 0.765692 0.019000 
0.809259 -0.494886 0.307352 
0.237612 0.921120 -0.216926 
-0.821467 0.470508 -0.184084 
0.933914 -0.177295 0.044321 
-0.930257 0.169881 0.195264 
0.489115 0.123415 -0.096739 
-0.142349 0.552514 -0.296109 
0.320130 0.459286 -0.296109 
-0.728199 0.606352 0.202660 
0.047663 0.550216 0.307352 
0.899784 -0.074819 0.307352 
0.393852 0.865945 0.063665 
-0.115411 -0.938499 -0.260292 
-0.165666 -0.930577 -0.081697 
0.336014 -0.885065 0.083931 
0.545410 0.724822 0.307352 
0.607209 -0.728388 0.216141 
-0.130254 0.538289 0.307352 
-0.785318 -0.524138 -0.108740 
0.340823 0.286364 0.180796 
-0.944885 -0.015294 -0.199717 
-0.395571 -0.857979 0.115126 
-0.021705 0.564032 -0.296109 
0.912271 -0.264743 0.157382 
-0.109017 -0.450970 -0.284713 
-0.805779 -0.229368 -0.296109 
-0.043258 0.949222 -0.077057 
0.594840 0.742733 -0.191087 
-0.086479 0.817874 -0.296109 
0.601688 0.403589 0.307352 
0.951048 -0.000983 -0.122787 
0.261171 -0.426053 -0.053413 
0.533808 -0.782783 -0.174514 
0.798168 -0.513638 0.012018 
0.241032 -0.915448 0.171489 
0.003608 -0.945898 -0.203945 
0.655781 -0.670061 0.307352 
-0.837922 0.035986 -0.296109 
0.658609 0.377209 -0.296109 
0.074480 -0.491450 -0.001528 
0.665737 0.475316 0.307352 
0.511629 -0.450787 0.307352 
-0.041459 -0.667047 -0.296109 
0.298156 0.820429 0.307352 
-0.442808 -0.810569 0.307352 
0.442833 0.271384 -0.296109 
-0.056940 0.716888 -0.296109 
0.136416 0.940864 0.071658 
-0.435873 0.842604 0.118828 
0.113776 0.802767 -0.296109 
-0.941924 0.079322 0.121174 
0.792572 0.285076 -0.296109 
-0.620881 -0.379992 -0.296109 
-0.834531 0.446683 0.239401 
0.602707 0.279524 0.307352 
-0.296401 -0.509086 -0.296109 
-0.311212 0.314943 -0.260589 
0.054167 0.949059 -0.200593 
0.894567 -0.286455 -0.296109 
-0.036932 0.875683 0.307352 
-0.755643 -0.384809 0.307352 
-0.546880 0.719988 -0.296109 
-0.877663 0.195762 -0.296109 
0.427622 -0.768660 -0.296109 
0.947928 0.076244 0.125028 
-0.303833 0.394379 0.032253 
0.651012 -0.689783 -0.034802 
-0.565066 0.555872 -0.296109 
-0.658068 -0.677133 -0.107620 
-0.086950 0.945939 -0.286113 
-0.849208 -0.094700 0.307352 
0.449505 0.184335 0.245283 
0.419975 -0.351347 -0.296109 
-0.528263 0.787419 -0.143103 
-0.136255 -0.442486 0.104617 
-0.540974 -0.774031 -0.004021 
-0.694336 0.071205 -0.296109 
0.123692 0.539698 -0.296109 
-0.593786 0.128724 0.307352 
-0.386737 0.866551 -0.190536 
0.535593 0.391445 -0.296109 
0.433952 0.846493 0.182011 
0.446145 0.071270 0.192397 
0.359745 -0.729196 0.307352 
0.504946 -0.801866 -0.032490 
0.405776 0.333368 0.307352 
-0.485894 -0.234259 -0.296109 
0.547482 -0.058264 -0.296109 
-0.444121 0.838402 0.287552 
-0.142050 -0.578817 0.307352 
-0.009184 -0.945543 0.219603 
-0.746171 0.345213 0.307352 
-0.278826 0.776817 0.307352 
0.512701 -0.714876 -0.296109 
0.601931 -0.732482 -0.283334 
0.191472 -0.422980 0.106363 
-0.878619 -0.347245 0.140257 
-0.687916 -0.647284 -0.215808 
0.056902 -0.625583 0.307352 
-0.164750 0.399232 -0.247994 
-0.808671 -0.487395 0.204680 
0.550712 -0.247345 -0.296109 
0.384585 -0.322845 -0.080731 
-0.409900 0.283950 -0.037892 
-0.472863 0.170297 -0.079715 
-0.737670 0.008940 0.307352 
0.738470 -0.595726 0.221430 
-0.725358 -0.604883 0.252266 
-0.699425 -0.208092 0.307352 
-0.362234 -0.843538 0.307352 
0.231317 -0.402199 -0.282321 
-0.433502 -0.055143 -0.257552 
0.721968 0.447385 -0.296109 
0.616241 -0.432728 0.307352 
-0.620224 0.337591 -0.296109 
-0.301406 -0.823769 -0.296109 
-0.900722 0.289582 0.264807 
0.949871 0.043158 -0.236985 
0.087598 0.717133 -0.296109 
-0.476818 0.403926 -0.296109 
-0.087133 -0.934330 0.307352 
0.665566 0.666407 0.307352 
0.045965 0.490523 0.060368 
0.676029 -0.268531 0.307352 
-0.610172 0.725502 -0.145484 
0.160956 0.936978 -0.009058 
-0.470759 -0.109499 0.252849 
-0.011364 -0.487749 0.258379 
-0.582030 -0.743489 -0.271102 
-0.828293 -0.454173 -0.009057 
0.676335 -0.664579 0.109446 
-0.497779 -0.099926 -0.296109 
-0.828493 -0.331650 0.307352 
0.818848 -0.260864 0.307352 
-0.378592 0.262224 -0.185066 
-0.143459 0.476536 0.035192 
0.058983 -0.867164 -0.296109 
0.260928 0.376136 -0.199877 
-0.867712 0.377199 -0.044599 
0.160540 -0.932294 0.081070 
0.194196 0.452988 0.061131 
-0.423286 -0.261810 -0.098167 
-0.285973 -0.602970 0.307352 
0.715599 0.627182 0.013074 
-0.521660 -0.787157 0.112044 
0.823650 0.476475 -0.064851 
0.516474 0.400009 0.307352 
-0.535547 0.440994 0.307352 
0.935164 0.174962 -0.149556 
0.909519 -0.274213 0.065568 
-0.431191 0.027775 -0.239237 
-0.677181 0.540480 0.307352 
-0.654868 0.685082 0.089317 
-0.005730 -0.478247 -0.145451 
0.405118 -0.856320 -0.156919 
0.950692 -0.012306 0.203092 
0.941615 -0.129491 -0.257248 
0.152742 0.688860 0.307352 
0.833326 -0.026180 0.307352 
0.381107 0.627825 -0.296109 
-0.440251 -0.379639 0.307352 
0.266637 0.912758 0.126905 
0.132283 0.489567 -0.080188 
-0.289503 -0.642761 -0.296109 
-0.256728 0.913978 -0.213535 
-0.658170 0.681780 -0.091985 
-0.452688 0.188780 0.261062 
-0.354216 0.462913 0.307352 
0.466364 0.163521 0.057431 
-0.927650 0.129304 -0.296109 
-0.306353 0.400830 -0.083371 
-0.163520 0.645141 -0.296109 
0.337141 0.814843 -0.296109 
0.945565 -0.096490 0.148147 
-0.940876 0.090407 -0.013247 
0.444579 0.623197 0.307352 
-0.377670 0.870476 0.047402 
0.578092 -0.563689 -0.296109 
-0.938923 -0.106316 -0.230020 
0.303285 0.547737 -0.296109 
-0.406181 0.618693 -0.296109 
0.804824 0.101147 -0.296109 
0.004590 0.664137 -0.296109 
-0.271179 -0.905030 0.093043 
-0.755145 -0.566863 -0.247513 
0.202956 -0.614017 0.307352 
-0.734272 -0.279780 -0.296109 
0.154163 -0.933304 0.252739 
-0.495235 0.024730 -0.007487 
0.777410 0.548931 -0.116619 
0.800759 -0.509824 -0.112175 
-0.234800 -0.915599 0.231413 
-0.296410 -0.686043 0.307352 
-0.607328 0.468614 -0.296109 
0.440267 -0.017525 0.175399 
-0.181901 0.467340 -0.053259 
-0.043352 0.472944 -0.162343 
0.504570 -0.043857 -0.075217 
-0.510258 0.538669 0.307352 
0.664004 0.681659 -0.132251 
-0.430440 0.317108 0.307352 
0.886060 0.347300 -0.151185 
-0.221142 0.923524 -0.094044 
0.896052 0.143693 -0.296109 
0.836440 0.454147 -0.266475 
0.451677 -0.832712 0.236199 
-0.915677 0.238073 0.027560 
-0.384007 -0.244671 -0.276475 
0.435505 -0.840952 -0.005540 
0.467307 -0.824126 -0.217898 
0.743759 0.593657 0.228083 
-0.740672 -0.585521 -0.085958 
0.418201 -0.273739 -0.003094 
0.618105 -0.345677 -0.296109 
-0.124513 -0.480450 -0.024626 
-0.667919 0.255163 -0.296109 
0.746659 -0.106148 0.307352 
0.900085 -0.303594 0.224999 
-0.509173 0.800393 0.122852 
-0.588278 -0.738642 0.048373 
-0.327017 -0.373181 -0.039885 
-0.607352 0.616591 0.307352 
0.666544 -0.189393 -0.296109 
0.146166 0.658099 -0.296109 
0.487831 -0.722176 0.307352 
-0.456979 -0.802118 -0.296109 
-0.606679 0.181143 -0.296109 
0.611546 -0.724576 0.032410 
-0.873052 0.364859 0.236491 
0.148617 0.870132 0.307352 
-0.493982 -0.084561 -0.084541 
-0.464968 0.171420 0.066886 
0.950074 -0.031954 -0.195864 
-0.726109 0.513784 -0.296109 
0.681646 0.230633 0.307352 
0.359376 0.657399 0.307352 
-0.264348 -0.482022 0.307352 
-0.159146 -0.868184 -0.296109 
0.593885 -0.146084 0.307352 
0.841960 -0.028184 -0.296109 
-0.489431 0.219135 -0.296109 
0.525963 -0.408796 -0.296109 
0.423982 0.269619 0.004152 
0.461445 -0.194641 -0.019937 
-0.923033 0.205167 -0.167577 
-0.464758 -0.822254 -0.023102 
-0.027913 -0.839633 0.307352 
0.877598 -0.109389 -0.296109 
0.616289 0.725145 0.134346 
-0.480842 0.817493 -0.196400 
0.086667 -0.941757 -0.058633 
-0.415460 -0.271098 -0.018713 
-0.320375 0.893389 0.248648 
-0.285653 0.905575 0.042641 
0.776743 0.549913 0.303058 
0.808657 0.176373 0.307352 
0.148745 0.938912 -0.277944 
-0.816187 -0.058106 -0.296109 
0.325433 -0.379179 -0.030195 
-0.020248 -0.496188 -0.006289 
0.696401 0.068777 -0.296109 
-0.803889 -0.495481 0.073003 
0.465506 -0.149193 0.070112 
0.017242 0.950220 0.201238 
-0.868877 -0.369756 0.248978 
0.486180 0.790686 0.307352 
0.085658 -0.728012 0.307352 
-0.494492 0.075793 -0.089607 
-0.896493 -0.260432 0.307352 
-0.935179 0.138805 0.060010 
-0.723790 -0.606661 0.102512 
-0.416078 -0.164726 -0.206500 
0.546268 0.221093 -0.296109 
0.049729 0.521415 -0.296109 
-0.914913 -0.235983 0.010219 
0.316273 -0.326858 -0.198890 
-0.619610 -0.481802 0.307352 
0.887229 0.344052 0.090612 
-0.254458 -0.387460 0.102896 
-0.429648 0.024861 0.159635 
-0.178721 -0.842479 0.307352 
-0.145215 0.938566 0.001893 
-0.944018 -0.042869 0.070856 
-0.475710 -0.815778 -0.179756 
-0.537990 -0.480472 0.307352 
0.837604 0.262353 0.307352 
0.002875 0.468292 0.219951 
0.454569 0.088885 -0.277342 
-0.864660 -0.379502 -0.121022 
0.223262 -0.918073 -0.296109 
0.454808 -0.305383 0.307352 
-0.862910 0.387552 -0.296109 
0.230095 -0.440873 0.014127 
0.717452 -0.358437 -0.296109 
0.290206 -0.481376 0.307352 
-0.043414 -0.488662 -0.296109 
0.219308 0.407626 0.115711 
0.535497 0.786386 0.043710 
-0.247344 0.363331 0.177225 
0.726741 0.166280 0.307352 
-0.454327 -0.828423 0.151531 
0.076548 0.891386 0.307352 
0.128660 -0.605423 -0.296109 
0.513739 0.570113 -0.296109 
-0.800557 -0.501114 -0.178288 
0.638205 0.127104 -0.296109 
0.180259 0.469728 -0.026359 
0.281032 0.908576 -0.048087 
0.777535 -0.543997 0.258703 
-0.362813 0.768860 0.307352 
0.556327 0.772229 0.245965 
0.906979 0.219449 -0.296109 
-0.692927 -0.316121 0.307352 
-0.615915 -0.715689 0.295791 
0.200672 -0.924627 0.013688 
0.223228 -0.919585 -0.146162 
0.660059 0.682764 -0.296109 
0.445519 -0.064108 -0.265179 
0.497933 -0.007942 0.000412 
0.435170 0.845872 0.002645 
0.743750 -0.041108 -0.296109 
0.392967 -0.496050 -0.296109 
0.136082 -0.491757 -0.296109 
-0.310688 0.344672 0.217072 
-0.031702 0.696007 0.307352 
-0.911675 -0.247128 0.154402 
-0.414178 0.274770 0.035313 
0.006344 0.950562 -0.022319 
-0.702793 -0.060282 -0.296109 
-0.141525 -0.454806 -0.147872 
-0.928621 -0.175419 0.053864 
-0.121120 0.724912 0.307352 
0.313420 -0.893200 -0.083238 
-0.400376 -0.436439 -0.296109 
0.938501 0.153895 0.017021 
0.253858 -0.911722 0.243925 
0.044539 -0.452300 -0.195306 
0.497007 -0.194548 -0.296109 
0.867700 -0.385677 -0.079959 
0.427239 -0.169393 0.206410 
0.073514 -0.943000 0.252921 
0.836711 0.354511 -0.296109 
0.816244 0.488999 0.257956 
-0.608675 0.454616 0.307352 
0.225922 -0.837027 0.307352 
-0.502796 -0.356867 -0.296109 
0.558452 0.770785 -0.025947 
0.091646 -0.481542 0.261320 
-0.071684 0.947382 0.263180 
0.358989 -0.601666 0.307352 
-0.730239 -0.475611 0.307352 
-0.938731 -0.108341 0.022803 
-0.083964 0.445250 0.196687 
-0.868704 -0.370156 -0.243037 
0.759246 -0.568940 0.046483 
0.598621 -0.427404 -0.296109 
-0.591587 -0.196976 -0.296109 
0.354239 -0.821043 -0.296109 
0.000778 0.950606 -0.277360 
-0.399682 -0.164790 0.171959 
0.665919 -0.632243 -0.296109 
-0.854897 0.223001 0.307352 
-0.168767 -0.500300 -0.296109 
-0.283552 0.379450 -0.291445 
0.789785 -0.525973 -0.265371 
0.949877 -0.038220 -0.051925 
0.097220 -0.429101 0.145838 
0.402602 -0.857408 0.091834 
0.310148 -0.668476 0.307352 
0.491501 0.468019 0.307352 
0.811935 0.496284 -0.200128 
-0.415805 0.852829 -0.046145 
0.894285 -0.319704 -0.067444 
-0.358015 -0.287417 0.214530 
-0.623703 0.602415 -0.296109 
0.510869 -0.058693 0.292244 
0.845418 -0.431776 -0.229466 
-0.488856 -0.071064 0.063698 
-0.178804 0.927055 0.307352 
0.395737 0.212113 0.186904 
0.863907 -0.190328 0.307352 
0.703008 0.641464 -0.186846 
-0.704636 0.633136 0.140152 
0.120265 0.440667 0.200423 
0.949722 0.047905 -0.065675 
0.456823 0.217194 -0.081812 
-0.100308 0.944677 0.189923 
-0.324206 0.892010 -0.224279 
-0.254215 0.658172 -0.296109 
-0.827794 0.302387 0.307352 
0.391510 -0.265521 0.094854 
-0.409505 -0.536620 0.307352 
-0.597033 -0.046457 0.307352 
0.198911 -0.419141 -0.177495 
0.729709 0.387813 0.307352 
-0.145122 -0.420009 0.190152 
-0.704208 0.072150 0.307352 
0.356024 0.882314 -0.170273 
-0.227158 -0.917429 -0.236417 
-0.905213 -0.269371 -0.234170 
0.898032 0.314048 -0.227413 
0.724463 -0.612378 -0.118243 
-0.749580 -0.116292 -0.296109 
-0.226405 -0.642052 0.307352 
-0.477217 0.068865 -0.296109 
-0.421959 0.129838 0.142774 
0.646538 -0.196531 0.307352 
0.514729 -0.795749 0.116078 
0.088746 -0.941560 -0.184369 
0.279342 -0.904318 -0.240718 
0.345570 -0.667728 -0.296109 
-0.300446 -0.343189 0.209603 
0.477501 -0.208118 0.303804 
0.250250 0.398567 0.221748 
-0.232034 -0.369526 -0.256984 
-0.266105 0.422899 -0.025970 
0.399602 0.775624 -0.296109 
0.759086 0.573898 0.157429 
-0.770350 -0.546164 0.210733 
-0.806925 0.495096 -0.252350 
-0.921683 0.211205 -0.070032 
0.898872 -0.306962 -0.213392 
-0.210397 0.925926 -0.264722 
0.771788 0.040682 0.307352 
0.255825 0.828007 -0.296109 
0.414922 -0.851440 -0.071556 
0.095023 0.461524 0.100844 
-0.758892 0.566782 0.145419 
0.562616 0.123211 0.307352 
-0.781851 0.160751 0.307352 
0.080279 -0.942360 0.162516 
-0.047269 -0.461230 0.104223 
0.740027 -0.137118 -0.296109 
-0.449090 -0.611592 -0.296109 
-0.282601 0.906461 -0.039925 
-0.760104 -0.170235 0.307352 
0.269107 -0.772597 0.307352 
-0.781215 0.353107 -0.296109 
-0.413238 -0.849387 0.014522 
-0.291978 -0.402245 -0.098874 
-0.581272 -0.337048 0.307352 
0.485144 -0.086797 -0.126181 
0.197911 -0.811112 -0.296109 
-0.021736 -0.669640 0.307352 
0.743453 0.594051 -0.047694 
-0.855055 -0.401650 -0.046586 
0.809685 -0.348167 0.307352 
0.275080 0.426668 -0.081271 
-0.496474 0.808247 -0.019316 
-0.182363 0.485530 0.301148 
0.907183 0.287007 0.231519 
0.250377 -0.418069 -0.131011 
0.385861 -0.247279 0.205477 
0.934174 -0.176131 0.208724 
-0.241667 -0.381810 0.203250 
0.048545 0.877459 -0.296109 
-0.027353 0.468593 0.103042 
0.697627 -0.422696 0.307352 
0.350598 0.415113 0.307352 
-0.335035 0.627551 0.307352 
0.909253 0.279880 0.101316 
-0.285185 -0.756528 0.307352 
-0.198459 0.632785 0.307352 
-0.476669 -0.139414 -0.028820 
-0.218182 0.824297 0.307352 
0.386915 0.868947 -0.245175 
-0.945164 0.011149 0.115053 
-0.689798 -0.131660 0.307352 
0.342020 -0.882903 0.280428 
0.154905 -0.933186 -0.270270 
0.444747 0.568716 -0.296109 
0.427248 -0.589977 -0.296109 
0.627101 -0.710864 -0.110298 
-0.428956 -0.264212 0.285390 
-0.223338 -0.442701 -0.027147 
0.614063 0.727109 -0.035941 
-0.362475 -0.291769 -0.169738 
-0.564869 0.054210 -0.296109 
0.286497 0.403930 0.054604 
0.647988 0.697199 0.187761 
-0.685371 0.654580 0.270163 
0.423464 -0.233369 -0.142838 
0.849035 -0.424677 0.301927 
0.950110 -0.030780 0.015621 
-0.285358 0.374361 -0.166025 
0.869406 -0.381736 0.102911 
-0.331315 -0.884700 -0.294362 
-0.509743 0.800006 0.049843 
0.726364 -0.521598 -0.296109 
0.949655 0.050022 0.229829 
0.819250 0.483915 0.162541 
-0.944368 -0.031723 0.260898 
-0.007742 -0.878687 -0.296109 
0.615578 -0.054712 -0.296109 
0.235695 0.734580 0.307352 
-0.087582 -0.941130 -0.172807 
-0.916082 0.236266 0.219964 
0.210420 0.380489 -0.246331 
-0.616677 0.719767 0.195143 
0.812781 0.406855 0.307352 
0.799686 -0.511404 0.079382 
-0.695854 -0.638349 -0.147677 
0.490877 -0.032759 0.062627 
-0.155898 -0.644730 0.307352 
-0.362727 0.343687 -0.099619 
0.157487 -0.468851 0.267236 
-0.029494 -0.944905 -0.051821 
-0.454147 -0.128281 -0.156655 
-0.458092 0.575935 -0.296109 
0.935426 0.173312 0.255810 
0.348667 0.885260 -0.103545 
0.853241 -0.416422 0.012400 
0.128145 -0.486105 -0.080215 
0.946238 0.094113 -0.193466 
0.612745 0.213179 0.307352 
0.445461 -0.833340 -0.296109 
0.362884 0.350935 -0.058283 
0.122289 0.452735 -0.175421 
-0.799626 0.507438 0.251740 
0.894158 -0.256828 0.307352 
0.391158 0.735929 0.307352 
0.048188 -0.552162 0.307352 
-0.063064 -0.943447 0.151018 
-0.688570 0.222744 0.307352 
0.630844 0.580919 0.307352 
-0.376049 0.871176 -0.262727 
-0.255508 -0.909583 -0.141046 
0.294997 0.344945 0.194409 
0.347713 0.398507 -0.296109 
-0.049881 0.949013 -0.229888 
-0.232891 -0.417947 -0.143325 
-0.537352 0.465680 -0.296109 
0.422951 -0.100312 0.160725 
-0.417828 0.434676 -0.296109 
0.881697 0.358082 0.001452 
0.322133 0.658505 -0.296109 
0.391521 -0.862204 0.210330 
0.089452 -0.941493 0.081338 
-0.449961 -0.184340 0.257329 
0.574621 0.758416 -0.280879 
0.938639 -0.128618 0.307352 
-0.151562 -0.490408 0.299293 
-0.884352 -0.331428 0.063457 
0.356557 -0.463109 0.307352 
0.730669 0.295516 0.307352 
-0.938121 -0.114801 0.184313 
-0.065234 0.550363 0.307352 
0.636311 -0.543034 0.307352 
0.043320 0.499412 -0.009342 
-0.738826 -0.587901 0.022045 
-0.048773 -0.425621 -0.246935 
-0.806367 0.496039 -0.048919 
-0.608378 0.727084 0.042139 
-0.923184 -0.199738 -0.080484 
-0.306078 0.786487 -0.296109 
-0.410472 -0.710120 0.307352 
0.089780 0.946212 0.229731 
-0.327614 -0.352469 -0.296109 
0.501797 -0.649960 -0.296109 
0.944262 -0.110273 -0.104176 
0.752672 -0.270973 -0.296109 
-0.329102 -0.885497 -0.059875 
-0.765266 0.281166 -0.296109 
-0.214063 0.925106 0.091313 
-0.005817 0.950399 -0.137786 
-0.350740 -0.424681 0.307352 
0.946080 0.095785 -0.279715 
0.008238 0.503138 0.275251 
0.628818 0.316261 -0.296109 
-0.596102 -0.218370 0.307352 
-0.533114 0.742774 0.307352 
0.493515 -0.286542 -0.296109 
0.616277 -0.245122 -0.296109 
-0.642967 -0.691839 0.137206 
0.949937 -0.036302 0.278999 
-0.593108 -0.473372 -0.296109 
-0.054239 0.490873 -0.296109 
-0.145318 -0.933800 0.263074 
0.446926 -0.500891 0.307352 
0.199299 0.929683 0.262767 
-0.175287 0.824478 -0.296109 
-0.301022 0.516085 -0.296109 
-0.428131 0.708118 0.307352 
0.448982 0.244079 0.285176 
0.007004 -0.500045 -0.068596 
0.503702 0.129701 -0.296109 
-0.579250 -0.745645 0.197338 
-0.943855 0.052813 -0.155513 
0.782612 -0.536527 0.176157 
0.229978 0.828594 0.307352 
-0.944662 0.027122 0.297767 
0.121040 0.943257 -0.073817 
0.937682 0.159071 0.147575 
-0.664058 -0.570637 -0.296109 
0.612122 0.726054 0.307352 
-0.902249 -0.147025 0.307352 
0.237778 0.416340 -0.155076 
-0.164349 -0.930786 0.073238 
0.294051 -0.346968 0.201996 
-0.802597 -0.497664 -0.048996 
-0.463185 -0.823185 0.218970 
0.478543 0.070837 -0.145535 
-0.079574 -0.547720 0.307352 
-0.201920 -0.423874 0.095891 
-0.360026 0.264876 -0.265305 
-0.421028 -0.183826 0.109798 
-0.301303 0.414241 0.292403 
-0.255666 -0.909536 0.161923 
-0.404941 0.547617 0.307352 
-0.552246 -0.277459 0.307352 
0.458232 0.339064 -0.296109 
0.165937 0.432151 -0.277048 
-0.357257 0.337136 0.260369 
-0.524540 -0.730483 -0.296109 
-0.045866 -0.454990 0.210440 
0.381170 -0.230337 -0.261244 
0.124339 0.524143 0.307352 
-0.386332 -0.541955 -0.296109 
-0.220302 0.405941 -0.278860 
0.007280 0.773983 0.307352 
0.249399 -0.530454 0.307352 
-0.678088 -0.657113 0.224193 
-0.487450 0.083500 0.269075 
0.636667 -0.702430 -0.238230 
-0.926076 -0.186806 0.139611 
0.257227 -0.431857 0.278389 
-0.528638 0.787164 -0.290721 
-0.735786 -0.421997 -0.296109 
0.935754 -0.166492 -0.150237 
-0.893402 0.005003 -0.296109 
-0.181231 -0.927695 -0.293900 
-0.542778 0.312410 -0.296109 
-0.476323 0.005632 -0.149047 
-0.575304 0.052135 0.307352 
-0.239650 0.879235 -0.296109 
0.925194 0.221056 -0.099169 
0.069001 0.500571 -0.067277 
-0.476710 -0.757143 0.307352 
-0.542745 0.609517 0.307352 
0.919742 -0.239029 0.220490 
0.440381 0.029576 -0.231911 
0.619842 0.024816 0.307352 
-0.207518 0.696586 0.307352 
-0.673335 0.666616 -0.253019 
0.257523 0.915407 -0.276473 
0.126604 0.756995 0.307352 
0.270125 -0.340145 -0.240471 
0.064972 0.633389 0.307352 
0.232463 0.369450 0.166978 
-0.624693 -0.610352 0.307352 
-0.622742 0.714420 -0.051576 
0.398624 -0.333201 0.303700 
-0.090357 0.448815 -0.196255 
0.693555 0.531573 0.307352 
-0.237906 -0.478355 -0.296109 
0.027735 -0.451154 0.124964 
-0.196735 0.513902 -0.296109 
0.334776 -0.319230 0.111669 
0.623492 -0.086141 0.307352 
-0.044137 -0.740216 -0.296109 
-0.775346 0.400485 0.307352 
0.446574 -0.528164 -0.296109 
-0.344676 -0.778710 -0.296109 
0.138693 0.940504 0.191297 
0.714784 0.103111 0.307352 
0.839964 -0.159211 -0.296109 
-0.526818 -0.485845 -0.296109 
0.350872 -0.879717 -0.206938 
0.451239 0.218842 0.028014 
-0.881646 0.062922 0.307352 
0.457061 0.834719 -0.062412 
-0.333752 -0.557708 0.307352 
0.806015 -0.398981 -0.296109 
-0.882305 0.341863 -0.093647 
-0.451465 -0.077158 0.112990 
-0.560314 -0.760333 -0.169297 
-0.119978 -0.862778 0.307352 
0.916558 -0.249987 -0.074798 
0.913799 0.264231 0.166778 
-0.309796 -0.352295 0.096194 
-0.381754 0.868708 -0.095470 
0.317045 0.304974 -0.253490 
0.513921 0.600880 0.307352 
-0.785398 0.068763 -0.296109 
0.949765 0.046536 0.068331 
0.274967 -0.531364 -0.296109 
0.358719 -0.444594 -0.296109 
-0.200326 0.928177 0.162329 
-0.853257 0.409929 0.061725 
0.914259 0.262650 -0.042010 
0.822910 -0.472977 0.131254 
-0.856154 0.403909 -0.199609 
-0.934242 -0.139967 -0.294103 
0.067735 0.442419 -0.218753 
0.426703 0.144449 0.189837 
0.285208 -0.902614 0.296215 
0.733295 0.607110 -0.238909 
0.248186 -0.595677 -0.296109 
0.950274 0.030313 -0.176775 
0.012639 0.950363 0.084095 
0.296020 0.904214 0.180311 
0.893070 0.077347 0.307352 
-0.504543 -0.428851 0.307352 
0.209986 0.927295 -0.162336 
-0.096555 0.945031 -0.110262 
0.506787 -0.388256 0.307352 
0.386997 0.261024 -0.182099 
-0.597024 -0.602610 -0.296109 
0.862518 0.402402 -0.132151 
-0.367311 0.281046 0.109388 
-0.798614 -0.222748 0.307352 
0.889438 -0.333169 0.048683 
-0.761177 0.156789 -0.296109 
-0.646963 0.098267 0.307352 
0.527196 0.666328 0.307352 
-0.388535 0.865774 0.244671 
-0.719036 0.616804 -0.216301 
-0.521925 0.791726 0.265266 
0.035469 -0.934622 -0.296109 
0.167179 -0.711922 0.307352 
0.292436 0.905263 0.072019 
0.692254 -0.648659 -0.065256 
-0.664714 -0.670487 0.014085 
0.107001 -0.683357 -0.296109 
0.295562 -0.796515 -0.296109 
0.726976 -0.460597 -0.296109 
0.181418 -0.393016 0.158529 
-0.495075 -0.147214 0.305437 
0.153539 -0.847308 0.307352 
0.922713 0.232154 0.022637 
-0.926733 0.188616 -0.246387 
-0.434507 -0.282559 -0.296109 
0.173529 -0.537283 0.307352 
0.489319 -0.619291 0.307352 
0.390573 0.316593 -0.015093 
0.845919 -0.250062 -0.296109 
0.095140 -0.440652 -0.270056 
-0.907668 0.265671 -0.288864 
0.617012 -0.282715 0.307352 
-0.357842 -0.874306 0.210615 
-0.151581 0.423397 0.191762 
0.943734 0.120611 -0.059726 
-0.944958 -0.012968 -0.014354 
0.730394 0.241027 -0.296109 
-0.392089 -0.663877 -0.296109 
0.289899 -0.901251 0.138841 
0.875576 -0.367477 -0.138974 
0.059896 0.948879 0.299576 
-0.419065 -0.111678 -0.235036 
-0.822630 -0.463790 0.258374 
0.377607 -0.327072 -0.021036 
-0.211113 0.404101 0.202802 
0.389789 0.232966 0.130721 
0.444305 0.841218 -0.239356 
-0.762485 -0.333807 -0.296109 
0.408579 -0.567703 0.307352 
0.189676 0.809960 -0.296109 
0.101667 0.945088 -0.013753 
-0.494394 -0.017244 0.035381 
-0.193290 0.707374 -0.296109 
-0.097426 -0.645494 -0.296109 
-0.049065 -0.944290 0.044238 
0.849917 0.267713 -0.296109 
-0.228704 -0.637702 -0.296109 
0.513966 -0.796268 0.247521 
-0.458085 -0.186402 0.034820 
-0.145955 0.938449 -0.143415 
-0.016060 0.823762 -0.296109 
-0.103480 -0.939627 -0.064531 
-0.132532 -0.483415 -0.083706 
-0.876229 -0.245468 -0.296109 
0.446338 -0.178672 -0.149561 
-0.773663 0.546038 0.298596 
0.874291 0.147880 0.307352 
-0.835876 0.444041 0.123725 
-0.912840 -0.243121 0.228044 
-0.739976 -0.570078 0.307352 
0.209637 -0.385975 -0.229125 
-0.943461 -0.058303 -0.096949 
0.359596 0.284204 0.124422 
-0.427554 0.846842 -0.245758 
-0.790200 0.521705 -0.168836 
0.414133 -0.435296 0.307352 
0.389726 0.867730 0.226759 
0.166410 0.936114 0.122521 
-0.613903 -0.717463 -0.086694 
0.714754 0.628141 0.141594 
0.168529 0.603317 -0.296109 
0.094454 -0.819865 -0.296109 
-0.516848 0.190755 0.307352 
-0.308649 -0.814848 0.307352 
-0.931429 -0.157725 -0.202027 
0.297690 0.405617 -0.019858 
0.518021 -0.793513 0.025060 
-0.591673 0.740758 0.300758 
-0.516686 -0.790537 -0.138046 
0.519561 -0.258513 0.307352 
-0.125320 -0.409875 -0.245753 
-0.645014 -0.071728 -0.296109 
-0.913865 0.244342 0.141791 
0.075747 0.947538 0.089662 
-0.233544 0.920714 -0.151529 
-0.902610 0.283082 0.096483 
0.858943 0.409981 0.094290 
0.461622 0.314924 0.307352 
0.202128 -0.924301 0.214681 
-0.932881 0.153309 0.265987 
-0.457931 0.433250 0.307352 
0.925118 -0.216649 -0.241565 
0.266502 0.593429 -0.296109 
0.399338 0.863571 -0.123514 
0.447775 0.120537 0.114294 
-0.359930 -0.657696 0.307352 
0.585076 -0.383165 0.307352 
0.208241 0.597236 0.307352 
-0.616311 0.306427 0.307352 
0.485650 0.161492 0.286814 
-0.036088 -0.781763 0.307352 
-0.899048 0.295341 0.025419 
-0.079589 0.477443 0.078409 
0.487272 0.122478 -0.022813 
0.207427 0.479187 0.303555 
0.286183 0.907080 0.261288 
0.152067 -0.933636 -0.036213 
-0.197436 0.409460 -0.200499 
0.580490 -0.194833 -0.296109 
0.666799 0.582184 -0.296109 
-0.725821 0.444468 0.307352 
-0.792838 -0.009468 0.307352 
-0.767291 0.555414 -0.043705 
-0.626245 -0.706582 -0.263220 
0.185494 -0.593216 -0.296109 
-0.114755 0.943311 0.051172 
-0.383435 0.299766 -0.131567 
-0.061803 0.617713 0.307352 
-0.299372 0.877035 0.307352 
0.037376 -0.680253 0.307352 
0.308102 -0.375001 0.250767 
0.774363 0.553414 0.059118 
-0.112130 -0.745179 0.307352 
-0.513178 -0.623908 0.307352 
-0.361878 0.877309 0.102669 
-0.018020 -0.527789 0.307352 
0.803227 0.417206 -0.296109 
-0.895018 -0.301801 -0.108860 
-0.944195 -0.037229 -0.253167 
-0.630654 0.707444 0.140514 
0.799048 -0.192029 0.307352 
0.083837 0.946774 -0.144846 
0.501455 0.257323 -0.296109 
0.345082 -0.881800 -0.265940 
-0.138190 -0.934929 -0.132141 
-0.677504 0.375641 -0.296109 
-0.734512 -0.543841 -0.296109 
0.698664 -0.629190 0.307352 
0.135217 0.482735 -0.296109 
-0.201234 -0.418278 0.222324 
0.585115 0.334235 0.307352 
0.603469 0.665411 0.307352 
-0.456967 -0.446372 -0.296109 
-0.524232 -0.785409 0.259622 
0.486277 0.114594 0.034889 
0.149232 -0.934085 -0.138797 
0.945226 0.104825 0.051366 
0.575042 -0.753340 0.175661 
0.230535 -0.917952 -0.205188 
0.343910 0.886972 -0.040002 
-0.123268 -0.937292 0.154472 
-0.055167 0.439200 0.147428 
0.245233 -0.914228 -0.093504 
-0.483684 0.815811 -0.109882 
-0.464848 0.133696 0.251008 
0.364024 0.831894 0.307352 
0.745231 -0.484020 0.307352 
-0.513407 -0.792766 -0.072422 
0.023949 -0.945259 -0.072020 
-0.462852 -0.823382 -0.243453 
-0.703963 -0.629150 -0.086341 
-0.323789 -0.887410 0.080077 
-0.154706 0.937063 -0.260188 
0.499125 0.073317 -0.061379 
0.349635 -0.331733 -0.143048 
0.361939 0.322036 -0.145137 
-0.494260 -0.296788 -0.296109 
0.627340 0.535513 -0.296109 
-0.551377 -0.537532 -0.296109 
-0.391962 0.817711 0.307352 
0.180495 -0.730889 -0.296109 
-0.891430 0.316515 -0.269241 
-0.797390 -0.449868 0.307352 
-0.697499 0.641232 0.008078 
-0.322251 0.669919 -0.296109 
0.565375 -0.760839 0.236725 
0.926215 0.216486 0.138683 
-0.754079 -0.568237 0.073752 
-0.889753 0.321173 -0.175130 
-0.336334 -0.265878 0.166537 
0.387846 -0.302782 -0.296109 
0.366688 -0.672843 0.307352 
0.650023 -0.690655 -0.184391 
-0.559353 -0.353241 -0.296109 
-0.024985 -0.494434 0.051513 
0.098955 -0.783020 0.307352 
-0.658274 -0.302487 -0.296109 
-0.566626 -0.063752 -0.296109 
-0.234155 -0.884372 0.307352 
-0.827191 0.460828 0.185186 
0.426072 0.232422 0.078988 
0.603055 0.387455 -0.296109 
-0.219073 0.923986 0.256369 
0.726237 -0.610366 -0.009268 
-0.478880 -0.047758 0.248607 
0.731890 -0.192921 -0.296109 
0.073748 -0.763603 -0.296109 
-0.077954 0.560660 -0.296109 
-0.384093 -0.862946 -0.111292 
0.123963 0.813230 0.307352 
-0.398920 0.424137 0.307352 
0.074408 -0.637329 -0.296109 
0.717221 -0.620593 0.175699 
-0.121212 0.917451 0.307352 
-0.844413 0.241030 -0.296109 
-0.491083 0.040508 0.070995 
-0.248131 -0.800172 -0.296109 
-0.513113 0.797715 -0.237867 
0.229983 0.437760 0.259868 
-0.112981 0.419978 -0.242834 
-0.691504 0.648032 -0.121762 
-0.735812 0.385850 -0.296109 
0.186855 -0.457269 0.062403 
0.696196 0.649190 -0.252991 
0.693183 -0.546536 0.307352 
-0.282972 0.568966 -0.296109 
0.851789 0.424024 -0.200599 
0.340705 0.344201 0.080856 
-0.941701 0.081679 -0.216531 
-0.208340 -0.490556 0.307352 
-0.333697 0.830547 0.307352 
-0.064761 -0.565840 -0.296109 
-0.241986 0.441002 0.277185 
0.426547 -0.124848 -0.224447 
0.560034 0.769710 -0.156962 
-0.040242 -0.804867 -0.296109 
0.400586 -0.858282 0.036297 
0.191110 0.931514 0.175391 
-0.145740 -0.456532 0.245773 
-0.420275 0.758452 -0.296109 
0.650007 -0.690669 0.068176 
-0.490100 -0.178975 -0.296109 
0.034818 -0.497242 -0.296109 
0.491916 -0.125368 -0.296109 
-0.329959 0.889938 0.190207 
0.448900 0.838877 -0.124506 
-0.487611 0.303185 0.307352 
0.020187 -0.867888 0.307352 
-0.039946 -0.944577 0.265526 
-0.658879 0.477736 0.307352 
0.429000 0.521637 0.307352 
-0.347203 -0.257570 -0.237372 
0.471713 -0.164617 0.270387 
-0.347081 0.379929 -0.296109 
0.636840 -0.702277 0.254623 
-0.764040 -0.330318 0.307352 
-0.125129 -0.795788 -0.296109 
-0.808997 0.491592 0.032221 
-0.278726 -0.349221 -0.207773 
0.403830 0.677919 -0.296109 
-0.136288 -0.605562 -0.296109 
-0.346974 0.883759 -0.149738 
-0.810520 0.113042 0.307352 
-0.741441 0.101731 -0.296109 
-0.617729 0.400432 0.307352 
0.898470 -0.308082 0.107361 
-0.384624 0.598628 0.307352 
0.378711 -0.623996 -0.296109 
0.554397 0.623493 -0.296109 
0.845167 0.437020 -0.033450 
0.175845 0.934619 -0.230577 
-0.845091 0.425956 -0.261494 
-0.936917 0.127823 -0.054544 
0.625647 0.255364 -0.296109 
-0.285945 -0.404959 -0.018385 
-0.780869 0.535436 0.076875 
0.837627 -0.304566 -0.296109 
-0.103036 -0.447306 0.213090 
-0.683356 0.358263 0.307352 
-0.384686 0.192461 -0.246387 
-0.208215 -0.921663 -0.114634 
-0.119832 0.473535 0.252849 
-0.867470 -0.164855 -0.296109 
-0.760081 0.285307 0.307352 
-0.757451 0.568640 -0.286670 
0.933816 -0.177734 -0.010123 
-0.479738 0.123818 0.041039 
0.391507 0.258689 -0.283180 
0.747672 0.573403 -0.296109 
-0.075457 -0.469591 -0.149885 
-0.243995 -0.430205 0.036468 
0.299330 0.874761 0.307352 
0.807508 -0.499020 -0.044207 
-0.361393 -0.872769 0.036599 
-0.431990 -0.155372 0.214565 
0.572585 -0.755246 -0.105844 
-0.367687 -0.332340 -0.032387 
-0.635908 0.203990 0.307352 
-0.512179 0.572384 -0.296109 
-0.348091 0.305451 0.216433 
-0.445995 0.217416 0.045394 
-0.842064 -0.427147 -0.270560 
-0.351991 0.757817 -0.296109 
0.357236 -0.827871 0.307352 
-0.628936 0.418996 -0.296109 
0.244521 -0.379533 0.128141 
0.801311 -0.082109 0.307352 
0.776215 -0.545940 -0.155661 
0.655751 -0.685162 -0.291757 
-0.942775 0.070316 -0.100267 
-0.373017 0.257774 0.201547 
-0.008638 0.950310 0.029600 
-0.565458 -0.167086 0.307352 
0.026084 0.689292 0.307352 
-0.431170 -0.626109 0.307352 
0.476100 0.823675 0.031171 
-0.024304 -0.455309 -0.190612 
0.403555 -0.287661 -0.116962 
0.889062 0.338961 -0.048338 
0.386548 0.869106 -0.010233 
-0.918432 -0.220999 0.094628 
-0.095453 0.764821 -0.296109 
-0.544605 -0.170809 -0.296109 
0.404001 0.277439 -0.133812 
0.162617 -0.915969 0.307352 
0.315866 -0.596823 -0.296109 
-0.662661 0.122505 -0.296109 
-0.472019 0.156824 -0.027748 
-0.361839 -0.292491 -0.286622 
0.658722 -0.682191 0.156926 
0.769208 0.472738 -0.296109 
0.540640 0.444815 -0.296109 
0.367502 0.298517 0.225659 
-0.554419 0.192982 -0.296109 
-0.337915 -0.334611 -0.148997 
-0.320758 0.893251 -0.075111 
0.835605 0.455300 0.307352 
-0.860229 -0.095088 -0.296109 
0.205599 0.928275 -0.276532 
-0.823589 -0.462169 0.128955 
0.776342 0.550503 -0.222413 
-0.603133 0.286929 -0.296109 
-0.153106 0.937316 0.185843 
0.495058 -0.047794 -0.296109 
-0.785974 -0.523174 -0.250900 
-0.491684 -0.260820 0.307352 
0.503080 0.006629 -0.053252 
0.422620 0.124953 -0.254328 
-0.515745 -0.791177 -0.286837 
0.329668 0.540361 0.307352 
0.177358 0.405965 0.177982 
-0.242283 -0.421089 0.256235 
-0.524140 -0.549782 0.307352 
-0.289130 -0.561890 -0.296109 
-0.073717 0.947190 0.124665 
-0.639033 -0.367714 0.307352 
-0.935935 -0.129278 -0.085219 
0.626218 0.716392 -0.251174 
-0.943223 -0.060826 -0.150099 
-0.181555 -0.789362 0.307352 
-0.878564 -0.347369 -0.080984 
-0.261367 0.399598 0.091118 
-0.549300 -0.768373 0.068982 
0.880350 -0.356443 -0.221731 
0.485962 0.791305 -0.296109 
-0.267795 -0.351221 0.139451 
-0.441516 0.152295 -0.286748 
-0.940694 0.092327 0.206300 
0.208353 0.927660 -0.031264 
0.736685 -0.598026 -0.237272 
0.098920 -0.451846 0.217215 
-0.388550 0.214112 0.140104 
-0.418474 0.821668 -0.296109 
-0.441158 0.239427 0.278733 
0.587148 0.000737 -0.296109 
-0.777975 0.487022 -0.296109 
0.185725 0.509219 -0.296109 
-0.409589 -0.851247 0.183056 
-0.541777 -0.673735 -0.296109 
0.515451 0.800009 0.182785 
0.213904 0.458038 -0.065560 
-0.824501 -0.460626 -0.154086 
-0.537190 -0.223877 0.307352 
-0.897102 -0.296013 -0.002775 
-0.489553 0.807236 0.307352 
-0.146534 -0.426132 -0.200195 
0.713846 0.629170 0.263480 
0.203313 -0.924037 0.110891 
-0.181351 -0.927668 -0.017578 
0.527473 0.727988 -0.296109 
-0.756333 -0.047561 0.307352 
0.223910 -0.666319 -0.296109 
0.295508 0.704036 -0.296109 
-0.580144 -0.744952 -0.215668 
-0.618494 0.232526 -0.296109 
-0.170222 0.436399 -0.284974 
0.950860 0.011703 -0.015545 
0.150579 0.461573 0.245826 
0.851144 -0.420539 0.188232 
0.717802 -0.619933 -0.181725 
-0.279323 0.574274 0.307352 
0.557242 -0.096521 0.307352 
0.801614 0.513315 -0.250694 
-0.448727 0.195695 -0.124099 
0.898544 -0.044534 -0.296109 
0.374318 0.872584 -0.296109 
-0.441842 -0.310200 0.307352 
0.494350 -0.088855 -0.050048 
-0.273783 0.839266 -0.296109 
-0.502828 -0.375656 0.307352 
0.012573 -0.645378 -0.296109 
0.416283 0.669714 0.307352 
0.704984 0.339933 -0.296109 
-0.608145 -0.097746 0.307352 
-0.876050 0.357931 0.151913 
0.118937 0.943456 -0.235017 
0.833019 0.145370 -0.296109 
0.482362 0.209603 0.307352 
-0.376923 -0.866048 -0.233969 
-0.048751 0.949050 0.181809 
-0.541133 -0.773923 0.159946 
-0.159226 0.669306 0.307352 
-0.134514 0.590463 0.307352 
-0.005407 0.833913 0.307352 
0.949465 -0.051338 -0.108774 
0.071879 0.438497 0.180745 
-0.455578 -0.381065 -0.296109 
0.864346 0.015850 0.307352 
-0.878647 0.314323 0.307352 
-0.100038 0.944702 -0.215995 
0.234247 0.710825 -0.296109 
-0.594731 -0.264960 -0.296109 
0.917149 -0.247955 -0.126951 
0.004709 0.500213 0.025749 
0.391404 -0.692645 -0.296109 
0.709367 0.634250 0.082504 
-0.740935 0.128455 0.307352 
0.713637 -0.177163 0.307352 
-0.640483 -0.451671 -0.296109 
-0.463115 0.123805 -0.143742 
-0.706635 0.005665 -0.296109 
-0.876617 -0.308494 0.307352 
-0.137111 0.456880 0.089029 
0.486225 -0.111292 0.268568 
0.753986 0.182310 -0.296109 
0.372066 0.457699 -0.296109 
-0.745237 -0.579636 0.142606 
0.936036 -0.164708 -0.219509 
-0.039237 0.949349 0.082465 
0.817428 0.486997 0.030440 
-0.164077 0.416105 0.137956 
0.678344 0.667319 -0.084529 
0.583395 -0.104013 -0.296109 
0.280944 -0.396290 -0.296109 
-0.925399 0.194579 0.054049 
-0.149021 -0.708767 0.307352 
-0.418155 0.764791 0.307352 
0.125647 0.416187 -0.248646 
-0.180072 -0.388607 -0.248824 
0.272898 0.341151 -0.250445 
-0.753123 0.574220 0.019392 
-0.127571 0.484747 -0.049113 
-0.787699 -0.178269 -0.296109 
0.291988 -0.380158 -0.147088 
-0.127408 -0.696575 -0.296109 
0.457149 0.132262 0.229781 
0.397481 -0.182051 -0.252837 
0.711991 -0.626525 0.253257 
0.836096 0.454822 0.115068 
0.511073 0.183424 -0.296109 
-0.233655 -0.755372 0.307352 
-0.585395 0.745627 -0.273423 
-0.676451 -0.520636 -0.296109 
-0.690558 -0.225668 -0.296109 
0.450003 0.838315 0.232637 
0.106805 -0.939852 -0.106002 
-0.190548 0.456454 0.063240 
-0.701551 -0.604345 0.307352 
0.618226 0.174518 -0.296109 
0.329916 0.754462 -0.296109 
-0.240640 -0.701558 -0.296109 
-0.905893 -0.267030 -0.179698 
-0.885977 0.099259 -0.296109 
0.840671 0.445842 0.195515 
0.319490 -0.761068 0.307352 
-0.444908 0.257335 -0.296109 
-0.693510 0.645757 0.091723 
-0.342921 -0.312928 0.101670 
-0.428712 -0.841503 -0.083290 
-0.100819 -0.939878 0.048810 
0.779409 0.545991 0.109565 
0.302717 -0.548665 0.307352 
-0.681926 -0.400720 -0.296109 
-0.458950 0.830439 -0.062277 
0.316072 0.356439 -0.290551 
-0.845303 -0.420789 0.242393 
0.036965 0.472371 -0.289021 
0.577290 -0.751596 0.005673 
0.756625 0.084301 -0.296109 
-0.664054 0.640860 -0.296109 
0.413236 0.202006 -0.273755 
0.694840 0.184148 -0.296109 
0.533245 -0.590508 0.307352 
-0.838127 -0.145310 0.307352 
-0.901080 -0.283599 0.188274 
0.850852 -0.421112 -0.286422 
0.724709 0.485797 0.307352 
-0.285102 0.443366 -0.296109 
-0.043789 -0.715423 0.307352 
0.438688 0.028433 0.153794 
0.312056 0.675896 0.307352 
0.726653 0.614644 -0.150761 
-0.729456 0.458639 -0.296109 
0.553930 0.539095 -0.296109 
0.057672 -0.944199 0.027348 
-0.843128 -0.247063 0.307352 
-0.006190 -0.706574 -0.296109 
0.514637 -0.795812 -0.219602 
0.474332 -0.819971 0.134779 
-0.879741 -0.344234 0.206585 
0.438713 0.247206 -0.045287 
-0.944360 0.036748 -0.023815 
-0.327596 -0.370887 0.010647 
-0.249865 -0.528849 -0.296109 
-0.053578 -0.899970 -0.296109 
-0.892641 -0.308404 -0.263650 
0.772761 0.555771 0.244533 
0.672271 0.004173 0.307352 
0.772013 -0.552123 -0.226045 
-0.854650 -0.402446 0.115087 
-0.324431 -0.728248 -0.296109 
0.749560 0.586176 -0.097140 
0.824645 -0.470044 -0.092481 
-0.458180 0.008718 -0.278669 
-0.807385 -0.066588 0.307352 
-0.754016 0.064578 0.307352 
0.310046 0.370297 -0.148277 
0.609939 0.664601 -0.296109 
0.411265 0.495273 -0.296109 
-0.773110 0.546852 0.225346 
0.886964 0.344787 0.210937 
0.312128 0.454913 0.307352 
-0.532778 0.784351 -0.193606 
0.383948 -0.861546 -0.296109 
-0.468777 -0.058988 -0.293658 
-0.862475 -0.384550 0.000048 
-0.772001 -0.543734 -0.044376 
-0.045352 -0.944407 0.104091 
-0.277677 -0.355193 -0.272012 
-0.436064 -0.756568 -0.296109 
-0.101290 0.678158 -0.296109 
0.354845 0.274526 -0.218886 
0.475780 0.823865 -0.173927 
-0.078626 -0.941977 -0.222087 
-0.494574 0.710882 0.307352 
0.627838 -0.568948 -0.296109 
0.588813 0.498355 -0.296109 
-0.638264 -0.640966 -0.296109 
0.074429 -0.489781 0.058964 
0.137408 -0.469019 -0.126273 
0.543876 -0.753922 -0.296109 
-0.496894 -0.706409 0.307352 
0.646580 0.065077 -0.296109 
0.533592 -0.205330 0.307352 
0.947566 0.080071 0.303274 
0.219934 -0.781161 0.307352 
0.255549 -0.911230 0.023714 
-0.942030 -0.073454 0.233650 
0.949448 0.056643 0.170861 
0.859446 0.100318 -0.296109 
-0.918936 -0.056372 0.307352 
-0.722252 0.175555 0.307352 
0.218227 -0.448849 -0.042599 
0.120408 0.480945 0.049573 
0.941951 -0.127364 0.187006 
-0.076826 0.495239 -0.022612 
-0.052934 0.922761 0.307352 
-0.313563 0.672360 0.307352 
0.468326 0.131020 -0.141210 
0.939889 -0.140385 0.108206 
0.355042 -0.877990 0.038421 
0.123778 -0.426767 -0.217027 
-0.062698 0.434401 -0.234885 
-0.464920 0.064134 0.229298 
-0.724641 0.525922 0.307352 
-0.546183 0.499983 0.307352 
-0.429625 0.845787 0.069700 
-0.435757 0.317293 -0.296109 
-0.446923 0.646999 -0.296109 
-0.274607 0.908783 0.168396 
0.488888 -0.037603 -0.131145 
-0.382061 -0.261344 0.103811 
0.475809 -0.819098 0.013220 
-0.411159 0.483745 -0.296109 
-0.652935 -0.682266 -0.217527 
0.340625 -0.296809 0.196526 
0.135310 -0.578382 0.307352 
-0.727183 -0.425252 0.307352 
0.762324 0.116563 0.307352 
0.541304 0.460746 0.307352 
-0.648600 -0.686600 -0.060094 
-0.671630 0.590595 -0.296109 
0.413005 -0.270284 0.050679 
0.685155 -0.062834 -0.296109 
-0.805543 -0.287984 0.307352 
0.695987 -0.577480 -0.296109 
-0.396129 -0.267825 -0.142775 
-0.395769 -0.807255 -0.296109 
0.259924 -0.710144 -0.296109 
0.582029 0.100833 -0.296109 
0.184048 0.726903 0.307352 
0.176554 -0.441112 -0.294247 
0.327100 0.594658 0.307352 
-0.113267 0.505157 -0.296109 
-0.022161 0.526638 0.307352 
0.711017 -0.627630 -0.277076 
0.888607 0.340224 -0.292000 
0.465118 -0.195081 -0.089763 
0.641981 0.090453 0.307352 
0.583734 -0.746598 0.098504 
0.924964 0.222081 -0.216953 
-0.714767 0.621645 0.247381 
0.400070 -0.485928 0.307352 
-0.029744 0.949647 0.237701 
-0.093783 0.817418 0.307352 
0.459702 0.833374 0.300804 
0.022568 -0.945302 -0.249220 
0.151938 0.453636 0.089750 
0.914022 -0.258717 -0.210199 
-0.795559 -0.509070 0.162683 
0.411947 0.322850 -0.296109 
0.308329 -0.895032 -0.032988 
-0.570124 0.757473 0.143868 
0.947262 -0.078535 -0.243989 
0.522306 0.795351 -0.056016 
-0.132866 -0.476683 0.023495 
0.609410 -0.654299 0.307352 
0.249607 -0.813424 -0.296109 
0.339324 0.888623 -0.224874 
0.379318 -0.400243 -0.296109 
-0.896969 0.247813 0.307352 
-0.365972 -0.870788 -0.176185 
-0.252132 -0.429100 -0.296109 
-0.364659 0.570598 -0.296109 
-0.258129 -0.425149 -0.056498 
0.408373 -0.146847 0.161610 
0.306963 -0.356810 0.097509 
-0.157017 -0.413615 0.138856 
0.493796 0.016930 0.042089 
-0.378692 0.319815 -0.296109 
-0.261292 -0.907903 -0.189299 
-0.589539 0.674001 -0.296109 
0.344393 -0.491043 -0.296109 
-0.439682 -0.042803 0.185908 
0.028729 0.900027 0.307352 
-0.481411 -0.812406 0.101919 
-0.681595 0.623560 0.307352 
-0.586929 0.004973 0.307352 
-0.409807 0.234936 -0.159795 
0.295662 0.388934 0.250017 
-0.341714 -0.327385 0.236655 
0.346386 0.886081 0.304289 
-0.444778 0.231563 -0.071052 
-0.647908 0.692042 -0.215352 
0.941542 -0.129944 0.051111 
-0.863674 -0.381778 0.174536 
-0.390412 -0.490903 0.307352 
-0.561107 0.604123 -0.296109 
-0.246871 -0.912092 -0.000811 
-0.556877 0.767748 0.094710 
0.461710 0.049862 -0.185716 
-0.279981 -0.867596 0.307352 
0.939671 -0.100808 -0.296109 
0.060624 -0.925999 0.307352 
-0.327935 -0.309730 -0.198329 
0.134965 -0.477593 0.030849 
-0.764066 0.560112 -0.155616 
-0.408448 0.362403 0.307352 
0.876978 0.368987 0.147401 
0.021821 -0.778354 0.307352 
0.867368 -0.386445 0.054941 
0.126899 0.751921 -0.296109 
-0.483804 -0.103546 0.022400 
-0.305721 0.517243 0.307352 
0.831912 -0.457755 -0.191168 
-0.829012 0.457512 -0.138297 
-0.457334 -0.126105 -0.295618 
-0.837207 -0.273683 -0.296109 
0.466753 -0.362644 -0.296109 
-0.162115 0.935889 0.047054 
0.917301 -0.144029 -0.296109 
0.010678 -0.945676 -0.156399 
0.053849 0.949069 -0.029012 
-0.846600 -0.418245 -0.149729 
0.670010 -0.365621 -0.296109 
0.946566 -0.085888 -0.056269 
0.480612 0.023031 -0.148795 
-0.492444 -0.495411 0.307352 
-0.808972 0.209347 0.307352 
-0.773040 -0.542207 -0.175332 
-0.488134 0.171279 -0.296109 
0.612199 -0.724002 -0.051526 
-0.746153 0.583205 -0.108477 
-0.684651 -0.490139 0.307352 
0.937693 0.158996 0.064585 
0.236769 -0.370397 0.178500 
0.231697 -0.423382 0.080507 
-0.340553 -0.361665 -0.099165 
0.886769 0.345329 0.263515 
0.912871 -0.262677 -0.257814 
-0.477723 -0.149360 -0.075552 
-0.412787 0.637558 0.307352 
0.501071 0.061928 0.276539 
-0.619458 0.717315 0.244197 
0.437455 -0.128845 0.125340 
-0.472086 -0.817921 0.270426 
0.392161 -0.298152 0.260471 
0.758849 -0.569453 -0.102714 
-0.006282 0.500629 -0.108357 
0.681190 0.430251 0.307352 
-0.226505 0.415028 -0.163181 
-0.816895 0.478238 0.285159 
0.460788 -0.060687 -0.182905 
0.370239 0.334995 0.266865 
0.532100 -0.504032 0.307352 
0.939340 -0.143853 -0.049513 
-0.743494 -0.581883 0.194344 
-0.608940 -0.428033 0.307352 
-0.567987 0.759131 -0.120387 
0.436568 -0.017034 -0.240496 
0.785954 0.229711 -0.296109 
0.712907 0.630235 -0.053383 
0.006684 0.950551 -0.201443 
0.608988 -0.292060 -0.296109 
0.551608 0.368044 0.307352 
-0.898890 0.295797 -0.227171 
-0.728953 0.390377 0.307352 
0.919929 -0.174000 0.307352 
0.582916 0.751982 0.113933 
0.627306 0.447504 0.307352 
0.857315 -0.288604 0.307352 
