-0.899258 -0.342887 0.176392 
0.898971 0.313562 -0.265451 
-0.270628 0.915121 0.247578 
0.374451 -0.883672 0.189136 
-0.854487 0.434707 -0.265138 
-0.354872 -0.865229 -0.265451 
0.908324 -0.296252 0.245526 
0.332982 0.870631 -0.265451 
0.465212 0.443578 0.261468 
0.483047 -0.381162 -0.259666 
-0.614363 0.209397 0.259571 
-0.225640 0.577386 -0.265451 
-0.315136 -0.582882 0.270906 
-0.592099 -0.078612 -0.239465 
0.256372 0.917098 0.247489 
0.927886 0.213821 0.270906 
-0.778507 -0.562936 -0.265451 
0.148218 -0.932881 -0.265451 
0.933198 -0.201109 -0.241906 
0.427268 0.393322 -0.233293 
-0.686841 0.666494 0.137432 
0.453948 -0.420914 0.219555 
-0.083004 -0.958307 0.170894 
-0.955990 0.094261 0.003875 
0.635510 0.001218 0.016760 
-0.017960 0.579362 0.139427 
0.685078 0.660807 -0.034242 
-0.070279 0.951057 -0.120457 
0.711090 -0.641016 -0.026502 
-0.382474 -0.458567 -0.192220 
0.088531 -0.582308 0.136433 
-0.596549 -0.755929 0.038058 
-0.571404 0.766979 -0.264084 
-0.522872 0.386893 -0.073308 
-0.521378 -0.278639 0.135763 
-0.027582 -0.591841 -0.234868 
-0.938871 -0.209057 -0.248063 
-0.372395 0.513869 0.243395 
0.489224 -0.824886 -0.251857 
0.120297 0.577087 -0.186125 
-0.875646 0.391338 0.137384 
0.552351 0.775318 0.257330 
0.950484 0.073695 -0.034537 
0.788526 0.508832 0.270906 
-0.843835 -0.034979 0.270906 
0.634880 0.139965 -0.265451 
0.621931 -0.682547 0.270906 
-0.663288 -0.558322 0.270906 
0.309249 -0.570035 -0.086941 
-0.374506 -0.886872 0.234510 
0.627697 -0.170759 0.268478 
-0.436312 0.849770 0.000159 
0.614483 0.179679 0.256486 
-0.786280 0.145611 -0.265451 
-0.646483 0.004681 0.039464 
0.272860 0.555790 0.070965 
0.801439 -0.499823 -0.265451 
0.871813 0.382979 0.021203 
-0.190777 -0.621191 0.010693 
0.432250 0.848044 0.003729 
-0.102509 -0.956463 -0.130719 
0.549527 0.322422 0.017247 
-0.306461 0.904204 -0.265451 
0.521762 0.663556 -0.265451 
0.159771 -0.947571 0.013446 
-0.792260 -0.547072 0.010670 
0.000732 0.953413 0.146735 
0.880317 -0.371781 -0.035120 
0.587801 -0.265579 -0.012226 
0.635014 -0.157083 -0.265451 
-0.617053 -0.347865 -0.265451 
-0.596150 -0.755336 -0.265451 
0.117463 -0.818483 0.270906 
-0.246675 0.592414 0.008798 
0.188370 0.933766 -0.044174 
-0.732517 0.616709 -0.115980 
0.773204 0.555699 -0.257561 
-0.491602 0.775664 0.270906 
0.952750 -0.045737 0.222514 
0.335135 -0.645176 0.270906 
0.707054 -0.445757 0.270906 
-0.662383 0.455761 0.270906 
-0.340107 -0.900579 -0.007999 
0.173183 0.656717 0.270906 
-0.947171 -0.167082 0.015951 
0.860045 0.049936 -0.265451 
-0.091556 -0.674783 0.270906 
-0.012706 0.766591 -0.265451 
-0.555110 0.208053 -0.237219 
-0.203734 0.684994 0.270906 
0.487949 -0.825640 -0.013297 
-0.569850 0.519687 -0.265451 
-0.438695 -0.477846 0.036822 
-0.709838 -0.239341 0.270906 
0.230791 -0.699402 -0.265451 
-0.939801 0.196442 0.249326 
0.940610 -0.161472 0.029116 
-0.623161 -0.200072 -0.050845 
0.596007 -0.629429 -0.265451 
-0.907155 0.312498 -0.068766 
-0.279103 -0.641735 -0.265451 
-0.879633 -0.390576 -0.138742 
-0.471987 0.332550 0.150751 
0.749334 0.008211 0.270906 
-0.510353 -0.723098 0.270906 
0.467281 -0.446683 -0.008800 
-0.033181 -0.803825 -0.265451 
-0.961290 0.002582 -0.189518 
0.303953 0.658559 -0.265451 
-0.006868 0.781085 0.270906 
0.124539 0.928693 -0.265451 
-0.485193 -0.442815 0.265575 
0.632690 0.400517 -0.265451 
0.329000 -0.901897 -0.123298 
-0.619206 0.198545 -0.029303 
-0.052285 0.643290 -0.054940 
-0.550854 -0.554628 -0.265451 
-0.383662 0.429869 -0.217792 
-0.637228 -0.029614 0.241314 
-0.247967 0.921704 0.036242 
0.094158 -0.646105 -0.053921 
0.390834 0.629662 0.270906 
0.295968 -0.517137 0.122329 
-0.386244 0.695163 -0.265451 
-0.791768 -0.062674 -0.265451 
0.827327 -0.479603 0.121492 
0.396115 0.507271 -0.078888 
0.611928 0.590882 0.270906 
0.687860 -0.339020 -0.265451 
0.367662 -0.554957 -0.265451 
-0.539651 -0.363340 -0.090628 
0.622036 0.170037 -0.061621 
0.637362 0.374427 0.270906 
-0.502855 -0.821230 -0.120693 
-0.408470 0.492550 0.025353 
-0.703950 -0.657564 -0.126058 
-0.197858 -0.853911 0.270906 
-0.830606 -0.484464 0.270906 
-0.558650 0.605761 0.270906 
-0.823712 0.489858 -0.022745 
-0.197529 0.759593 -0.265451 
0.931318 0.201065 0.091032 
-0.590199 0.752400 -0.086072 
-0.943899 -0.186564 0.252603 
-0.923746 0.260356 -0.253209 
0.499246 0.810505 -0.165579 
0.761659 0.570959 0.100116 
0.918672 0.252181 -0.090717 
-0.664270 0.345942 -0.265451 
-0.787541 0.286154 0.270906 
0.591894 -0.753760 0.109852 
0.121988 0.625971 0.015877 
0.423473 0.434499 0.091657 
0.594516 0.008024 0.189607 
0.592616 0.744748 0.086794 
0.531729 0.267256 -0.175356 
-0.708108 -0.652848 0.132341 
0.790558 0.530162 -0.074738 
-0.795438 -0.309077 -0.265451 
0.159400 0.752743 -0.265451 
0.801378 -0.163594 0.270906 
0.519338 -0.241583 0.154983 
0.804983 0.336118 0.270906 
0.591382 -0.013985 -0.184986 
0.145710 -0.558892 -0.222350 
0.414277 0.857201 0.172328 
0.166036 -0.652009 0.270906 
-0.626793 0.061743 -0.128634 
-0.008792 -0.961847 0.011762 
0.458940 -0.762852 0.270906 
-0.201887 0.548635 0.173348 
-0.062447 0.572771 -0.227511 
-0.296812 -0.525955 0.114840 
0.794008 -0.107641 -0.265451 
-0.797955 0.530239 0.185086 
0.269171 0.503310 -0.218902 
-0.184137 -0.944830 0.040261 
0.750234 -0.594141 0.211428 
0.951825 -0.067959 -0.118168 
-0.139526 0.913460 -0.265451 
0.220469 -0.935044 0.213372 
-0.733091 0.549514 -0.265451 
-0.549177 0.782537 0.097637 
-0.328322 -0.566825 -0.058739 
0.870654 -0.351984 -0.265451 
0.594599 -0.751663 -0.111899 
-0.650270 -0.396643 0.270906 
-0.456417 0.839526 -0.175862 
-0.211734 -0.789731 -0.265451 
-0.569586 0.094643 0.154824 
-0.748091 0.119527 0.270906 
-0.108838 -0.574032 0.146467 
-0.960136 0.039316 0.155101 
0.542358 -0.261879 -0.169876 
-0.456880 -0.847743 0.087870 
0.580843 0.176011 0.092419 
-0.396000 0.869118 0.161951 
0.075009 -0.958358 0.155199 
0.631536 -0.130782 -0.082658 
0.565136 -0.520279 0.270906 
-0.257048 -0.927519 -0.142369 
-0.871277 -0.409886 0.036756 
-0.065343 -0.650126 -0.079742 
0.596697 -0.324516 0.270906 
0.807331 -0.513414 -0.029726 
0.523001 0.291856 0.197870 
0.275987 -0.789503 0.270906 
0.100684 0.893621 0.270906 
-0.931971 0.231469 0.072197 
0.290173 -0.854054 -0.265451 
0.746840 0.246818 -0.265451 
-0.022145 -0.961428 -0.262868 
0.299687 0.903997 0.059503 
0.776532 0.184378 0.270906 
-0.190990 -0.588939 -0.150760 
0.313010 -0.907653 0.029474 
0.672326 0.673560 -0.237224 
-0.333735 0.541889 -0.107055 
-0.121470 0.942509 0.270906 
0.730744 -0.618723 -0.193801 
-0.554083 -0.232818 -0.183246 
0.334922 0.496937 0.198889 
0.250304 0.594231 -0.074734 
-0.326583 0.775648 0.270906 
-0.237165 0.924525 -0.131659 
-0.586039 -0.112630 0.125035 
0.408055 0.542742 -0.265451 
0.210548 -0.610519 0.038730 
-0.498370 0.434079 0.270906 
0.856158 0.416807 -0.150896 
-0.946599 0.162240 -0.140678 
0.335222 0.891204 -0.116021 
-0.509537 0.349257 -0.260603 
0.386678 -0.716435 -0.265451 
-0.049818 -0.837688 0.270906 
0.328467 0.764705 0.270906 
-0.454404 -0.711303 -0.265451 
0.610439 -0.140076 0.063902 
-0.929241 -0.249895 -0.105447 
-0.364274 -0.743423 0.270906 
0.126077 0.560621 0.162368 
0.082157 -0.683400 -0.265451 
0.031310 0.952452 0.004165 
0.838046 0.452357 0.144277 
-0.056800 0.644829 0.265447 
0.042430 -0.960556 -0.131462 
-0.653299 -0.707770 0.266678 
0.948273 0.097087 0.188931 
-0.710966 0.606056 0.270906 
-0.015106 -0.645003 0.059634 
0.157654 0.939454 0.095415 
0.496229 0.406138 -0.086656 
0.937736 -0.179619 0.170352 
-0.650442 0.106127 -0.265451 
0.720990 0.013430 -0.265451 
0.851268 -0.434858 0.253281 
0.925945 -0.233554 -0.104703 
0.393413 -0.468152 -0.157278 
0.679085 0.666800 0.172945 
0.643285 -0.472609 -0.265451 
-0.849069 0.424883 0.270906 
-0.490139 -0.582807 0.270906 
-0.139663 0.943483 0.132701 
-0.422756 0.654669 0.270906 
0.941693 0.146186 -0.206946 
-0.166168 0.595884 -0.137780 
-0.664335 -0.213122 -0.265451 
0.731845 -0.294022 0.270906 
-0.421715 -0.402025 0.150181 
-0.560128 0.318059 0.039489 
-0.672231 0.681104 -0.229812 
-0.407257 -0.571379 -0.265451 
-0.960411 -0.039012 -0.059344 
-0.800756 -0.348602 0.270906 
-0.642283 -0.073977 -0.098600 
0.591735 0.745431 -0.085879 
-0.291069 -0.917635 0.131556 
-0.735513 0.613311 0.019749 
0.082571 0.949191 -0.127642 
-0.470199 -0.365682 -0.236733 
0.415613 0.764258 -0.265451 
0.886460 -0.357586 0.098545 
0.902431 0.304928 0.171391 
-0.630871 0.719089 0.266562 
0.787577 0.402590 -0.265451 
-0.721687 -0.431619 -0.265451 
-0.147520 -0.907152 -0.265451 
0.936495 -0.069755 -0.265451 
-0.794497 -0.543782 0.156955 
-0.124990 0.616415 0.057960 
-0.913792 0.100957 -0.265451 
-0.858826 -0.434646 -0.262190 
-0.147808 -0.673467 -0.265451 
0.584750 0.546871 -0.265451 
0.953165 -0.032521 0.057193 
0.505934 -0.533025 -0.265451 
-0.320350 0.496899 0.123807 
0.521573 -0.348249 0.065317 
-0.002077 0.953501 -0.241403 
-0.786008 -0.556272 -0.135294 
-0.150860 0.804179 0.270906 
0.843023 -0.451041 -0.138373 
-0.589651 -0.209850 0.222008 
-0.441587 0.535713 -0.265451 
0.474508 -0.612099 0.270906 
0.040732 -0.681932 0.270906 
-0.214153 -0.713824 0.270906 
-0.682701 -0.660408 -0.265451 
-0.565423 0.277437 -0.125307 
-0.361823 0.883907 -0.103295 
-0.779383 0.291813 -0.265451 
-0.934191 -0.229992 0.130007 
-0.541437 0.217741 0.142784 
0.508117 -0.373482 -0.120417 
-0.633151 0.717080 0.028962 
-0.125543 0.945719 0.006896 
-0.486544 -0.830876 0.209369 
0.212141 -0.936905 -0.154900 
0.814121 -0.234852 -0.265451 
-0.605754 -0.748788 -0.115172 
-0.575647 -0.301468 0.012819 
-0.375089 -0.886620 -0.129640 
-0.575239 0.335576 0.270906 
0.698750 -0.655013 0.115897 
0.499758 -0.818656 0.162106 
-0.262176 -0.518871 -0.223978 
-0.515611 0.634966 -0.265451 
-0.485961 -0.831221 -0.242870 
0.061449 0.667561 -0.265451 
-0.729162 -0.106714 0.270906 
-0.805284 0.519455 -0.141292 
0.865686 0.048051 0.270906 
0.189850 0.778396 0.270906 
0.260920 -0.518589 -0.214923 
0.005632 -0.961712 0.255762 
-0.905091 0.081395 0.270906 
0.365717 -0.503984 0.223085 
-0.204028 -0.592990 0.223605 
0.243464 -0.573518 0.221880 
0.437295 -0.853926 -0.146143 
-0.825290 -0.190590 0.270906 
-0.712527 -0.647836 -0.006711 
-0.959297 -0.067729 0.268435 
0.235897 0.562820 0.214702 
0.728244 0.613105 -0.135419 
0.599415 -0.747927 -0.248129 
-0.429871 -0.490453 -0.087049 
0.203737 0.930331 -0.176821 
0.413238 -0.866184 0.077834 
0.503094 0.667673 0.270906 
-0.893962 0.349010 -0.180618 
-0.953293 -0.128427 -0.162602 
0.384084 -0.517217 0.037124 
-0.798904 -0.180274 -0.265451 
0.894225 -0.336174 -0.150682 
0.952549 0.043703 -0.152141 
0.594234 0.102613 -0.163467 
-0.908769 0.308017 0.244107 
0.498484 0.810956 0.095924 
0.204386 -0.596050 -0.127333 
0.115927 -0.822350 -0.265451 
0.580896 0.474758 0.270906 
-0.337522 -0.740862 -0.265451 
0.569061 -0.108172 0.165974 
-0.679404 -0.004647 -0.265451 
-0.626566 -0.731339 0.147897 
0.558285 0.771285 -0.262428 
0.915906 -0.270153 0.007330 
-0.484004 0.416693 0.062361 
-0.514882 -0.394046 0.036928 
-0.280257 0.578442 0.256294 
0.002099 0.949232 0.270906 
-0.958650 -0.074564 0.155525 
0.044425 -0.616710 -0.150690 
-0.294553 0.497875 -0.212442 
-0.416463 0.423916 0.184122 
-0.634449 0.117185 0.045839 
-0.734781 0.437881 -0.265451 
0.655731 0.068233 0.270906 
0.212826 0.850015 -0.265451 
-0.922117 -0.274415 0.002350 
-0.010720 -0.602142 0.188709 
0.509879 0.465746 -0.265451 
0.050031 0.670827 0.270906 
-0.433089 0.456257 -0.123091 
-0.901159 -0.074296 -0.265451 
-0.841121 -0.468875 -0.071974 
0.662839 -0.066704 0.270906 
0.766988 -0.572542 0.091290 
-0.909554 -0.314290 -0.239725 
0.040486 0.630232 -0.111519 
0.642190 -0.710997 0.021556 
-0.367738 0.802890 -0.265451 
0.450870 0.813530 0.270906 
-0.072066 0.675176 -0.265451 
0.532847 0.788573 -0.005013 
-0.770036 -0.578215 0.269649 
0.867798 0.209591 -0.265451 
0.675028 -0.679309 -0.123192 
0.401305 -0.435502 0.125913 
-0.335719 0.582889 -0.265451 
0.018397 0.630391 0.047189 
-0.257420 -0.912459 -0.265451 
0.463332 -0.640102 -0.265451 
0.910953 0.278751 0.013778 
-0.635849 -0.126307 0.027130 
-0.123075 -0.952885 0.270906 
-0.574072 -0.320652 0.267217 
0.940343 -0.141231 0.270906 
0.247974 -0.927991 -0.053842 
-0.603182 -0.454498 -0.265451 
0.638007 0.706231 0.263983 
-0.360171 -0.486643 0.191773 
0.576083 -0.296570 -0.265451 
-0.856635 -0.438945 0.138274 
-0.640810 0.106163 0.258947 
0.566655 -0.773338 0.263259 
0.397895 -0.873527 -0.043920 
-0.810689 0.511502 0.081068 
0.547949 0.321547 -0.265451 
-0.596732 0.176850 -0.139919 
0.810154 0.500188 0.037557 
-0.036186 -0.698150 -0.265451 
0.686442 0.280947 0.270906 
0.639697 0.011521 -0.095026 
0.108742 -0.948198 0.270906 
-0.486696 -0.465218 -0.265451 
-0.683416 0.296575 0.270906 
-0.838380 0.184851 0.270906 
0.067392 0.833071 -0.265451 
-0.582652 -0.631620 0.270906 
-0.461415 -0.845432 -0.015954 
-0.675084 0.242570 -0.265451 
-0.585043 -0.210297 0.090026 
0.510089 0.550590 0.270906 
0.462025 -0.341212 0.153950 
0.481024 0.350629 0.110719 
-0.290767 0.909270 0.146346 
0.229414 0.586577 -0.265451 
0.419573 0.648364 -0.265451 
0.216097 -0.936021 0.110529 
0.327370 0.551642 -0.016193 
0.643143 -0.053827 -0.265451 
-0.474945 0.545952 0.270906 
-0.477779 0.373626 -0.164899 
-0.738616 0.386838 0.270906 
0.655295 0.292579 -0.265451 
0.831052 -0.053367 0.270906 
-0.582447 0.019846 -0.213426 
0.201452 -0.559109 0.126571 
0.679036 0.514074 0.270906 
-0.951694 0.130070 0.109421 
-0.509680 0.808741 -0.057465 
-0.423604 0.856245 0.258872 
0.895637 0.323798 -0.160169 
-0.283730 -0.919767 0.265352 
0.534843 0.370585 0.270906 
-0.960732 -0.028808 0.065176 
0.791923 -0.536608 -0.156376 
0.787486 0.147890 -0.265451 
0.731128 0.412498 0.270906 
-0.492595 0.818844 0.173268 
0.136379 -0.951276 -0.084793 
0.849956 0.428981 0.263342 
0.347954 0.881492 0.270906 
0.695312 0.650460 0.074742 
0.384328 -0.817995 -0.265451 
-0.936387 0.211716 -0.026567 
0.462235 -0.512099 0.270906 
0.808557 0.502888 -0.172567 
0.586213 0.261158 -0.085185 
0.705630 0.627743 0.270906 
-0.767953 0.043220 -0.265451 
0.778508 -0.516337 0.270906 
0.575089 -0.121113 -0.193418 
-0.182216 -0.945196 0.168179 
-0.110555 0.585717 0.190826 
0.370612 -0.826597 0.270906 
0.296457 -0.906111 0.270906 
-0.408029 -0.523473 0.270906 
-0.856640 0.430484 -0.095525 
0.774297 -0.388341 -0.265451 
-0.630735 0.439489 -0.265451 
-0.681826 -0.112420 -0.265451 
0.088019 -0.640028 0.045013 
-0.598339 -0.002348 0.125966 
-0.310459 0.677810 0.270906 
0.622457 0.096549 0.050374 
-0.750514 0.515230 0.270906 
-0.351112 0.888165 0.032736 
-0.466921 0.752258 -0.265451 
0.135714 0.942929 0.192914 
0.292543 0.621653 0.270906 
-0.335811 0.550302 -0.007460 
-0.110807 0.806016 -0.265451 
-0.587419 -0.472172 0.270906 
0.613826 0.044091 -0.262662 
-0.212528 -0.938485 -0.053349 
-0.290999 0.670118 -0.265451 
0.851951 -0.433518 0.038687 
0.560227 0.207629 -0.247549 
0.405027 -0.509454 -0.069377 
0.413642 0.857525 -0.170606 
0.667940 0.495536 -0.265451 
-0.208050 -0.579845 0.097468 
-0.724457 -0.460089 0.270906 
-0.902973 0.324114 0.063728 
0.307725 0.535254 -0.135551 
0.662282 0.683604 -0.126032 
-0.579817 0.760454 0.195206 
0.951421 0.063781 0.068453 
-0.757121 0.586413 0.111297 
0.535792 0.267522 0.104948 
-0.093398 -0.957324 0.074584 
0.158180 0.623108 -0.082695 
-0.540706 -0.796747 0.137100 
-0.394954 -0.651887 0.270906 
-0.893543 -0.322209 0.270906 
0.243345 0.920883 0.152064 
0.939752 0.158436 -0.098054 
0.188348 -0.749758 0.270906 
-0.279718 -0.586341 0.022313 
0.646962 -0.706790 0.178316 
0.575972 0.101459 0.176151 
-0.603779 -0.148903 -0.145026 
-0.683415 -0.549926 -0.265451 
0.285164 0.908734 -0.035052 
0.348436 0.499644 0.087733 
0.282899 0.751645 -0.265451 
0.924471 -0.240151 0.097942 
0.304575 -0.569160 0.030018 
-0.033393 0.860989 -0.265451 
-0.958265 0.070192 -0.121248 
0.517855 -0.807214 -0.128461 
0.755442 0.578974 -0.001548 
-0.457085 -0.419438 -0.149313 
0.407727 0.490648 0.013278 
-0.146903 -0.582235 -0.241485 
0.076732 -0.958196 0.056693 
0.845971 0.436801 -0.059418 
0.952756 0.037105 -0.256038 
0.413945 0.521768 0.270906 
0.184061 0.583555 0.083347 
0.309860 -0.628878 -0.265451 
0.415285 -0.445709 -0.253235 
0.052938 0.601808 0.204108 
-0.315133 -0.824264 0.270906 
0.677714 -0.676625 -0.244700 
-0.613156 -0.119286 0.220923 
-0.113171 -0.634570 0.061036 
-0.137293 -0.782752 0.270906 
0.599175 -0.044401 0.104847 
-0.146786 0.942355 -0.177163 
0.052217 -0.905358 -0.265451 
-0.725069 0.213426 0.270906 
0.690726 -0.575647 -0.265451 
0.384738 0.870768 0.085529 
0.896442 0.321563 0.269108 
0.950754 -0.079295 -0.022693 
0.238124 -0.930853 -0.243556 
0.366093 0.453055 -0.197884 
-0.567414 -0.778528 0.223873 
-0.774009 0.564641 -0.052033 
0.590109 0.236332 0.023423 
0.885385 0.351617 -0.064195 
0.553692 -0.200200 -0.237141 
-0.149409 0.628504 -0.053469 
-0.155980 0.637688 -0.265451 
-0.368859 -0.535244 0.020498 
-0.652810 0.011739 -0.051741 
0.757033 0.576924 0.191474 
-0.649393 -0.711214 -0.026683 
0.467225 0.829443 -0.081854 
0.420585 0.415231 0.186705 
-0.769390 0.017812 0.270906 
-0.610945 0.530977 0.270906 
0.883632 -0.364120 0.190228 
0.605145 -0.219318 -0.088570 
0.794864 -0.365780 0.270906 
-0.070814 0.867033 0.270906 
0.784634 0.091965 0.270906 
-0.853440 0.436763 0.051997 
-0.868846 -0.414981 0.225080 
-0.196280 0.933663 -0.051067 
-0.237525 0.845106 -0.265451 
-0.867550 0.331066 -0.265451 
0.159563 0.644048 -0.265451 
0.514922 -0.720756 -0.265451 
0.685523 0.588673 -0.265451 
0.816463 -0.262233 0.270906 
-0.227252 0.926740 -0.228107 
-0.705279 -0.314947 -0.265451 
0.294169 -0.763670 -0.265451 
0.550099 -0.342221 -0.041117 
-0.098527 -0.956839 -0.015420 
-0.468662 0.446622 -0.023532 
0.527835 -0.423627 0.270906 
0.704997 -0.647927 0.269086 
-0.587803 0.754259 -0.176022 
-0.374931 -0.886688 0.121653 
-0.536265 0.285605 0.201151 
0.520271 -0.805572 0.075999 
-0.953331 0.119733 0.198246 
-0.232731 -0.612794 -0.075393 
-0.950870 -0.143725 -0.074696 
0.568100 -0.252635 0.081112 
-0.295873 -0.678631 0.270906 
-0.524518 -0.639449 -0.265451 
-0.282104 -0.561987 -0.134150 
-0.104498 -0.605622 -0.158971 
0.943794 -0.141373 -0.166772 
0.210901 -0.868665 0.270906 
0.102806 0.793316 0.270906 
-0.239836 0.791712 0.270906 
0.620912 -0.588600 0.270906 
-0.053634 0.951985 0.077422 
0.036827 0.573668 -0.213576 
0.261764 -0.701456 0.270906 
0.952689 0.039247 0.263002 
-0.047322 0.609302 -0.149167 
0.551400 0.189258 0.173970 
0.028915 -0.768827 0.270906 
-0.674095 0.679240 -0.134599 
0.694011 -0.538800 0.270906 
0.948154 -0.106805 0.123094 
0.464518 -0.445246 -0.096691 
-0.904634 -0.327953 -0.075219 
0.260493 0.507532 0.151944 
-0.912345 0.298082 0.157591 
-0.109680 0.713756 0.270906 
-0.905009 -0.326912 0.091214 
0.892634 0.332141 0.088320 
-0.640520 0.125878 -0.071539 
0.156352 -0.638598 -0.265451 
0.286024 0.908484 -0.192882 
0.473578 0.371406 -0.162689 
0.261819 0.709545 0.270906 
0.611425 -0.379363 -0.265451 
-0.229086 0.564188 0.092818 
-0.524784 -0.807568 0.052632 
0.448357 -0.394273 -0.181643 
-0.810337 0.512020 -0.256456 
-0.753335 -0.599747 0.081668 
0.228005 0.562371 -0.154029 
0.475326 0.420950 0.024227 
-0.621954 0.621000 -0.265451 
0.586484 0.749504 0.172504 
0.940049 0.156562 -0.012038 
0.838063 0.244470 0.270906 
0.757097 -0.585294 -0.073133 
-0.455162 0.433063 -0.265451 
0.149678 -0.743554 -0.265451 
0.451939 -0.846465 0.252786 
-0.364661 0.882679 -0.206407 
-0.185035 -0.944630 -0.198302 
-0.572108 0.286986 -0.265451 
-0.909878 0.015573 -0.265451 
-0.579343 0.104478 -0.202023 
-0.608346 0.196811 0.062590 
0.715493 0.102028 -0.265451 
0.953843 -0.010949 0.144590 
-0.492767 -0.354862 0.109296 
0.511773 0.802894 0.179696 
-0.192845 0.934431 0.218765 
0.570551 -0.241438 0.223016 
-0.588445 0.277442 -0.043423 
0.097818 -0.956203 -0.201027 
-0.526840 -0.316157 -0.160076 
-0.948728 -0.157248 0.171931 
-0.693538 0.659796 -0.054209 
0.699979 -0.211206 -0.265451 
0.449913 0.839044 -0.245956 
-0.663820 -0.697968 -0.188549 
-0.892044 0.183051 -0.265451 
0.172991 0.937024 0.268632 
-0.510743 0.285719 -0.205155 
-0.748420 0.597631 0.195471 
-0.378528 -0.650399 -0.265451 
0.573104 0.196411 -0.157061 
-0.592167 -0.259300 -0.101695 
0.853205 0.150291 0.270906 
0.059615 0.593544 0.110166 
0.434553 0.731335 0.270906 
0.876666 -0.203985 0.270906 
0.028411 -0.867545 0.270906 
-0.749818 0.595828 -0.195196 
0.867187 0.393669 -0.241115 
-0.833705 -0.481414 0.058519 
-0.116173 -0.829580 -0.265451 
0.849900 -0.437544 -0.237701 
-0.104904 -0.745598 -0.265451 
0.007855 0.953189 -0.075931 
-0.445136 0.845274 0.083009 
0.525349 -0.339685 0.230410 
-0.372585 -0.494879 0.093408 
-0.705486 -0.642928 0.270906 
-0.929643 0.240058 -0.164342 
0.132684 -0.597674 0.205060 
-0.750289 -0.603673 -0.077304 
-0.465240 0.835022 -0.264979 
0.592505 0.044574 0.115366 
-0.236244 0.546621 -0.179703 
-0.663335 -0.698453 0.079814 
-0.732860 -0.624773 -0.210378 
-0.188838 0.607233 0.247912 
0.325155 0.541952 -0.265451 
0.566507 0.765000 -0.179607 
-0.620440 -0.603079 -0.265451 
0.532701 0.328269 -0.120241 
-0.425379 -0.863793 -0.197827 
-0.580474 0.429767 0.270906 
0.817977 0.486959 -0.262947 
0.255456 0.917364 -0.111184 
-0.589543 -0.180556 -0.255974 
-0.517044 -0.339843 0.211343 
0.857122 -0.048838 -0.265451 
-0.545244 0.422710 -0.265451 
0.619637 -0.175888 -0.009078 
0.627320 -0.463824 0.270906 
-0.549577 0.712631 0.270906 
0.935524 0.118680 0.270906 
0.735407 -0.103423 0.270906 
-0.023228 -0.961393 -0.068241 
-0.410431 0.773613 0.270906 
-0.834788 -0.479582 -0.199028 
-0.523348 -0.304998 -0.245598 
-0.251615 -0.542024 0.180279 
-0.679592 0.673743 0.220170 
0.485746 -0.314375 -0.213690 
-0.327655 -0.905063 -0.192725 
0.362603 0.880346 -0.022213 
-0.002679 -0.652047 -0.028412 
-0.301751 0.905935 -0.053633 
0.609398 0.731453 0.008694 
-0.847476 0.448467 0.193455 
-0.403539 -0.814194 0.270906 
0.319918 -0.905166 -0.210338 
0.241748 0.841138 0.270906 
-0.231394 -0.711395 -0.265451 
0.340053 -0.725743 0.270906 
0.566648 -0.447331 -0.265451 
-0.511667 0.359870 0.227763 
0.760494 -0.580914 0.007233 
0.214248 0.601925 0.010975 
-0.884696 -0.135239 0.270906 
-0.005021 -0.961966 0.147857 
0.810511 -0.508037 0.197571 
0.197640 -0.864952 -0.265451 
0.743559 0.327037 -0.265451 
0.058630 -0.607951 -0.251596 
0.109276 0.946666 0.031893 
-0.280442 -0.835490 -0.265451 
-0.821840 0.221665 -0.265451 
-0.256101 0.594744 -0.070709 
0.642298 -0.059932 -0.034493 
-0.357123 0.594616 0.270906 
0.908290 -0.296368 -0.222236 
0.433668 -0.680719 0.270906 
-0.656986 0.525413 -0.265451 
-0.521421 0.801401 -0.201710 
0.341625 -0.484810 -0.238106 
0.691921 -0.225097 0.270906 
-0.089724 -0.615742 0.217486 
-0.679293 0.037522 0.270906 
0.721788 -0.459901 -0.265451 
0.698325 0.198371 0.270906 
-0.957687 -0.084755 0.008850 
0.554434 -0.782356 -0.013858 
0.044815 -0.787209 -0.265451 
-0.307132 0.747692 -0.265451 
0.093198 0.948186 -0.045626 
-0.516567 -0.760325 -0.265451 
-0.078923 0.950240 -0.223186 
-0.019661 -0.961505 -0.180359 
-0.909315 -0.314952 -0.160754 
-0.738058 -0.241420 -0.265451 
-0.149473 0.565341 -0.234638 
0.930451 0.204943 0.169715 
-0.961420 -0.001535 0.225815 
0.638783 0.088648 -0.079156 
0.584306 -0.525416 -0.265451 
-0.668398 -0.172532 0.270906 
-0.399096 -0.876231 0.042866 
0.183527 0.539235 -0.223064 
0.260995 -0.595888 -0.030958 
0.550342 -0.785136 -0.199836 
0.954037 -0.003630 -0.044931 
-0.344703 0.890472 0.247432 
-0.689519 0.663816 0.057523 
-0.633834 -0.256844 0.270906 
0.943859 -0.140961 -0.069909 
0.131151 -0.621479 -0.118994 
0.859261 -0.171370 -0.265451 
-0.880432 0.380278 0.214250 
0.326161 0.549280 0.255765 
0.416050 0.463243 -0.265451 
0.719351 -0.129345 -0.265451 
0.862735 0.128683 -0.265451 
0.314444 -0.560532 0.250468 
-0.400756 -0.481233 -0.264094 
-0.936744 0.210119 0.146590 
-0.559911 -0.544669 0.270906 
0.035885 0.642379 -0.027385 
-0.446875 0.844388 -0.085559 
-0.648553 -0.055117 -0.012801 
-0.347091 -0.513513 -0.150657 
-0.215750 0.929311 0.134556 
-0.817615 -0.267620 0.270906 
-0.357186 0.485996 -0.168542 
-0.948826 -0.156635 0.094596 
0.617284 0.627143 -0.265451 
0.232863 -0.622030 -0.265451 
-0.643734 0.371256 0.270906 
0.915623 0.262675 -0.202613 
-0.582429 -0.766881 -0.036652 
-0.441403 0.615238 -0.265451 
-0.254609 -0.928228 0.014708 
0.874784 0.376115 0.179024 
0.477424 0.353139 0.191099 
0.149775 -0.949154 0.187260 
-0.242308 -0.791554 0.270906 
-0.204426 -0.940295 0.241072 
0.908164 -0.296801 0.164183 
0.448556 -0.439572 0.066238 
-0.746487 -0.608576 0.203822 
-0.956074 0.093361 -0.193829 
0.514982 -0.711442 0.270906 
-0.791986 0.366705 -0.265451 
0.396535 -0.874116 -0.206957 
-0.153308 -0.628937 -0.098551 
-0.073400 0.950762 0.168713 
-0.688746 -0.673041 0.202683 
-0.607755 -0.034449 -0.167314 
-0.272139 0.521088 0.177519 
-0.557425 -0.402818 0.270906 
-0.813252 -0.103918 0.270906 
0.023209 0.876830 0.270906 
-0.385611 0.464696 0.104203 
-0.800187 -0.384208 -0.265451 
0.303637 -0.911028 0.104081 
-0.783609 -0.473946 -0.265451 
-0.954248 -0.121136 -0.237155 
0.844218 -0.448694 -0.036329 
0.514519 0.388421 -0.265451 
-0.633086 0.717137 0.165664 
0.665813 -0.352804 0.270906 
0.787178 -0.021092 -0.265451 
-0.496127 0.816755 0.030097 
-0.484255 -0.440005 -0.079877 
0.194444 0.932408 0.031099 
0.724422 0.441833 -0.265451 
-0.393064 0.515154 -0.043775 
0.592280 0.462772 -0.265451 
-0.436231 -0.724264 0.270906 
0.953771 -0.013286 -0.201695 
-0.622561 0.174690 -0.265451 
0.698235 0.178177 -0.265451 
-0.621742 0.644383 0.270906 
-0.610981 0.064328 0.096815 
-0.083560 -0.958255 -0.222110 
0.344212 0.692654 0.270906 
0.481593 0.545737 -0.265451 
0.630417 0.712923 -0.185491 
-0.925931 -0.261288 0.245910 
0.218221 -0.771696 -0.265451 
0.590814 -0.172924 -0.143934 
0.427856 0.428403 -0.156924 
-0.050199 -0.602189 0.112726 
-0.320728 -0.907557 0.065322 
-0.403616 -0.772421 -0.265451 
0.777803 -0.557385 -0.225157 
-0.205877 0.884699 0.270906 
0.802588 0.512462 0.116089 
0.271513 0.910209 -0.265451 
-0.081689 -0.640981 -0.265451 
-0.546332 -0.408624 -0.265451 
0.757206 0.576018 0.270906 
-0.732681 0.195195 -0.265451 
-0.559779 -0.174894 0.165340 
-0.141227 0.576699 0.116957 
-0.711691 -0.027835 0.270906 
-0.836536 0.092793 -0.265451 
-0.422146 -0.459275 0.218452 
0.806187 0.288981 -0.265451 
0.943054 0.137584 0.128697 
-0.919741 0.274140 0.006912 
-0.607616 0.053493 0.201238 
0.765498 0.256279 0.270906 
-0.860445 0.423015 -0.018999 
0.068454 0.760558 -0.265451 
-0.834595 0.471455 -0.201456 
-0.543920 -0.794563 -0.207709 
-0.024948 -0.649413 0.257718 
0.340160 -0.524327 -0.133940 
0.490382 0.746478 -0.265451 
-0.054590 0.951955 -0.005728 
0.028503 -0.607645 0.105181 
0.618219 0.304753 0.270906 
0.611152 -0.096120 0.223410 
0.321725 -0.904516 -0.042133 
-0.928252 0.244849 -0.090120 
-0.336195 0.535937 0.065304 
-0.534168 0.291944 0.101450 
-0.185464 0.936081 0.069669 
0.557549 -0.184775 0.176872 
-0.604163 -0.236851 0.025839 
0.124118 0.724809 0.270906 
0.698401 -0.655409 0.198055 
0.220305 0.714922 -0.265451 
0.350904 0.801289 -0.265451 
0.308148 -0.909404 0.180843 
-0.437672 0.462060 0.245271 
-0.257827 -0.927293 0.194176 
-0.615150 0.705355 -0.265451 
0.064720 0.950878 0.192013 
-0.959924 -0.054512 -0.146599 
-0.473755 -0.784922 0.270906 
0.872090 -0.390794 -0.103367 
0.817675 -0.495924 0.042227 
0.001311 0.613141 -0.261128 
0.247067 -0.631763 0.270906 
-0.084891 -0.645548 -0.011430 
-0.578052 0.761823 0.034445 
0.340298 -0.468291 0.149080 
-0.218568 -0.569080 -0.249351 
0.734895 0.605462 -0.064261 
-0.865444 0.413204 -0.170043 
0.136527 -0.608023 0.085858 
0.645303 -0.708252 -0.065645 
-0.873520 -0.404702 -0.033910 
0.489373 0.295230 -0.224794 
0.063787 -0.613282 0.210479 
0.054390 0.951726 0.076353 
0.439727 -0.852687 0.177722 
-0.454573 -0.623974 -0.265451 
-0.116455 -0.861414 0.270906 
0.863971 -0.345130 0.270906 
-0.017363 0.703209 0.270906 
0.576551 -0.283648 -0.094278 
0.806423 -0.322613 -0.265451 
0.627442 -0.072594 0.046650 
0.563636 -0.643016 0.270906 
0.294769 -0.525321 0.192256 
0.413206 -0.562556 0.270906 
-0.502325 0.499947 -0.265451 
0.106134 0.599221 -0.257318 
-0.815989 0.502916 0.248836 
-0.960278 0.034814 -0.060671 
0.439478 -0.574141 -0.265451 
0.141026 0.597826 0.219800 
-0.935949 -0.222127 -0.169389 
-0.579255 0.189273 0.202423 
-0.231991 -0.934134 0.090126 
-0.802244 -0.532382 -0.056912 
0.573606 -0.767946 0.175679 
0.929947 -0.215653 -0.173797 
0.639644 0.704788 0.119023 
0.312359 0.899435 0.210066 
0.630831 -0.055668 -0.110907 
-0.419511 -0.414485 -0.231251 
0.306312 0.901612 0.129707 
-0.070577 0.600417 0.098136 
0.541040 0.348481 -0.046569 
0.929267 0.210242 -0.144954 
-0.023204 0.611231 0.214904 
0.361028 0.452970 0.137366 
-0.778912 0.558261 0.041030 
-0.024092 -0.622350 -0.142721 
-0.842391 -0.258343 -0.265451 
-0.105556 0.947722 -0.061168 
0.350038 -0.547794 -0.035914 
-0.482425 0.697120 0.270906 
-0.585207 -0.717238 0.270906 
-0.276908 -0.921749 -0.071063 
0.740073 -0.267083 -0.265451 
-0.456395 -0.418854 0.093277 
0.044578 0.952035 -0.184846 
-0.390356 -0.880013 -0.062974 
-0.603590 -0.280521 -0.265451 
-0.220803 0.660214 -0.265451 
0.379927 0.705664 -0.265451 
0.364255 0.493204 -0.142314 
-0.463064 -0.659596 0.270906 
-0.638770 0.712126 -0.039129 
-0.578668 -0.681348 -0.265451 
-0.623142 -0.050814 0.084495 
0.145494 0.941379 -0.096871 
0.589576 -0.394322 0.270906 
-0.518496 0.383553 0.013613 
0.633308 0.227924 -0.265451 
-0.577199 0.153495 0.121042 
-0.042849 0.636721 0.017814 
0.276309 0.825139 -0.265451 
0.560816 0.103062 -0.222888 
0.944427 -0.137375 -0.263800 
0.181508 -0.930053 0.270906 
0.665287 0.447439 0.270906 
-0.290469 0.854385 0.270906 
-0.804365 0.369603 0.270906 
0.582614 0.693429 -0.265451 
0.008110 -0.961634 0.077363 
-0.889315 0.015616 0.270906 
-0.478258 -0.532334 -0.265451 
-0.671057 0.165431 0.270906 
-0.738807 -0.375578 0.270906 
0.905732 -0.049241 0.270906 
0.674127 -0.000161 0.270906 
0.641748 -0.711387 -0.172351 
-0.517559 -0.399540 -0.037458 
0.723963 -0.062100 -0.265451 
-0.881147 -0.387077 -0.219984 
-0.123959 0.645570 0.270906 
-0.888415 0.361830 -0.022365 
0.206083 -0.619165 -0.062027 
-0.588803 0.371638 -0.265451 
-0.325037 -0.499173 -0.236804 
0.737998 0.334249 0.270906 
-0.960288 -0.042918 -0.265342 
0.588474 0.241074 0.251042 
-0.164796 -0.668680 0.270906 
0.123734 0.944826 -0.180171 
0.611587 -0.219715 -0.265451 
-0.509320 -0.817406 -0.053151 
-0.680030 -0.376777 -0.265451 
-0.301324 0.906089 -0.131640 
-0.102454 0.629700 -0.100896 
-0.602674 0.229654 -0.097399 
0.767039 -0.187694 -0.265451 
0.547003 -0.362815 -0.265451 
0.523729 -0.293214 0.109535 
0.255631 -0.577478 0.074645 
-0.024392 -0.869661 -0.265451 
-0.645080 0.067213 0.003398 
0.715353 -0.636182 -0.092897 
-0.393571 0.477288 -0.263095 
-0.471172 -0.451236 -0.014381 
0.516778 -0.598317 -0.265451 
0.130143 0.854101 -0.265451 
0.939502 -0.168470 0.100852 
-0.190745 -0.547347 0.155095 
0.301579 -0.555420 -0.265451 
-0.260959 -0.620621 0.270906 
0.189467 0.911766 -0.265451 
-0.080414 -0.908604 -0.265451 
-0.066724 -0.959846 0.237355 
-0.941217 0.190106 -0.205810 
-0.014699 0.953208 -0.156238 
-0.473216 -0.514674 0.270906 
0.455958 0.620484 0.270906 
0.479886 0.612856 -0.265451 
-0.187157 0.605321 0.039739 
0.349402 -0.882490 -0.265451 
-0.323357 -0.906610 0.187645 
0.228832 0.924722 0.088195 
-0.467757 -0.387859 0.194628 
-0.895036 0.151915 0.270906 
0.882370 -0.109286 -0.265451 
0.324376 -0.696421 -0.265451 
0.121299 -0.753173 0.270906 
-0.812736 -0.516871 0.216974 
0.819381 0.484585 0.218591 
-0.543199 0.786600 -0.115971 
-0.641315 -0.122325 -0.037884 
-0.945700 0.167916 0.056479 
-0.884306 0.371326 -0.093256 
-0.330447 0.895604 0.094265 
0.788851 -0.541127 0.144221 
-0.651024 -0.097641 0.269486 
-0.168568 0.836128 -0.265451 
-0.955369 -0.109274 0.218424 
0.927999 0.215914 0.014563 
0.101744 -0.645323 0.263381 
0.060352 0.918059 -0.265451 
-0.940399 -0.202221 -0.048294 
-0.960261 0.035315 0.054419 
-0.283864 0.911275 -0.200128 
0.143983 -0.950072 -0.149322 
-0.959453 0.057622 -0.247989 
0.449550 0.458209 -0.024397 
0.617612 0.170856 0.003063 
-0.416664 -0.845742 -0.265451 
0.518828 -0.381101 0.009579 
-0.546980 -0.238766 0.179886 
0.205136 -0.554223 -0.197626 
-0.845041 -0.461701 -0.135956 
-0.391435 0.871094 -0.047580 
-0.655479 -0.705848 -0.125219 
-0.319613 -0.591739 -0.265451 
-0.025887 -0.735134 0.270906 
0.612619 -0.737067 0.236626 
0.937786 0.170849 0.224254 
-0.651538 -0.475178 0.270906 
0.934168 -0.196767 -0.024073 
0.568102 -0.060332 -0.222737 
-0.496329 0.361926 0.093396 
-0.137060 0.880289 0.270906 
0.467953 -0.837465 0.094692 
0.091646 -0.583927 -0.199053 
0.804626 0.219263 -0.265451 
0.095813 0.636758 -0.079904 
0.654625 -0.284439 -0.265451 
-0.558385 0.333500 -0.049451 
-0.295321 -0.756001 0.270906 
0.552160 0.775447 0.125363 
-0.096201 0.743952 -0.265451 
-0.609381 0.737522 0.084450 
0.262368 0.773249 0.270906 
-0.771277 0.441533 0.270906 
0.096849 0.631141 0.253972 
0.541059 0.782992 0.058056 
0.468619 -0.388193 0.097572 
0.502553 -0.812799 0.270906 
0.006383 0.699036 -0.265451 
-0.907436 0.250548 0.270906 
0.658514 -0.695825 0.080909 
0.401129 -0.626364 0.270906 
-0.581839 -0.051323 0.162586 
0.730584 -0.522562 -0.265451 
0.770132 0.560035 -0.194516 
0.577181 0.043276 -0.207752 
-0.551126 -0.338836 0.057551 
0.912031 0.275038 0.116589 
0.394093 -0.767968 0.270906 
-0.403833 -0.874181 0.176326 
0.947006 0.110486 -0.138298 
-0.813216 -0.410347 0.270906 
0.824970 -0.483588 -0.202701 
-0.829570 0.036357 0.270906 
0.383666 -0.879685 0.023939 
-0.345794 0.476970 0.177775 
0.692299 0.653587 -0.181046 
-0.459242 0.348547 -0.219442 
0.184569 0.541545 0.149687 
-0.266821 0.735008 0.270906 
-0.502241 -0.372798 -0.140132 
-0.086055 0.806194 0.270906 
0.006003 -0.649345 -0.090395 
0.362189 -0.888979 0.107124 
-0.150671 -0.635522 -0.035115 
-0.496375 0.611509 0.270906 
0.068165 0.950553 0.254442 
-0.853195 -0.332999 -0.265451 
0.409186 0.859796 0.265522 
-0.523741 0.561884 -0.265451 
0.719918 0.063317 0.270906 
-0.358836 0.722223 0.270906 
0.440768 0.843704 0.117467 
0.621694 -0.232785 0.270906 
0.484663 -0.827583 -0.189740 
-0.562768 0.229582 -0.165172 
-0.619790 -0.540755 -0.265451 
-0.571578 0.247287 0.079410 
0.346309 0.485571 -0.247172 
0.401709 -0.631365 -0.265451 
0.632410 0.115873 -0.022038 
0.533911 -0.779975 -0.265451 
0.513154 0.369740 0.034681 
0.655596 0.135322 0.270906 
-0.377205 -0.586361 0.270906 
-0.119085 0.584353 -0.176642 
-0.551821 0.708049 -0.265451 
0.156818 -0.948039 0.124313 
0.465946 -0.479309 -0.265451 
-0.842740 -0.027383 -0.265451 
-0.627717 0.721870 -0.124849 
-0.856889 0.286427 0.270906 
0.871664 -0.391779 -0.166077 
0.502150 0.808788 -0.259373 
0.546487 0.606896 -0.265451 
0.229728 0.783071 -0.265451 
-0.148237 -0.594895 0.100594 
0.951468 -0.071741 -0.181940 
0.210685 -0.937231 0.049034 
0.505586 -0.298459 0.174664 
-0.351665 0.523298 -0.265451 
0.482740 0.820267 0.025708 
-0.553268 -0.788210 -0.107619 
0.721765 -0.628908 -0.265231 
0.368733 0.877694 -0.207664 
0.412742 0.857984 -0.079624 
0.923603 0.140062 -0.265451 
-0.741393 -0.615094 -0.150081 
-0.461878 -0.845197 0.268525 
0.762384 -0.575617 0.270906 
0.611271 0.102642 0.226403 
0.775428 0.041794 -0.265451 
0.419989 -0.768142 -0.265451 
-0.159576 0.711466 -0.265451 
0.109943 -0.879273 0.270906 
0.504990 0.489160 0.270906 
0.563366 -0.191851 0.116368 
-0.547215 0.783871 0.246764 
-0.958027 0.072702 0.241533 
0.422929 -0.488825 -0.000558 
-0.127912 -0.953797 -0.068913 
0.037654 -0.960706 0.203749 
0.885096 -0.230479 -0.265451 
-0.643655 -0.634626 0.270906 
0.949488 -0.092689 0.047569 
-0.685802 -0.345453 0.270906 
-0.585199 -0.293937 -0.052073 
0.946582 0.114978 0.031984 
-0.947339 0.157566 -0.263984 
0.794810 0.404266 0.270906 
-0.302426 0.843447 -0.265451 
0.349495 0.597752 -0.265451 
-0.551945 -0.349655 -0.031958 
0.928678 -0.221331 0.213668 
0.516827 -0.392192 -0.050742 
-0.880366 0.380430 0.067369 
0.905711 -0.304271 -0.041927 
0.952759 0.036999 0.196726 
-0.918722 -0.286102 0.190965 
0.522382 -0.271886 -0.236848 
-0.557288 0.777025 -0.037330 
0.727932 0.478243 0.270906 
-0.961494 -0.004558 -0.112325 
-0.283880 -0.768945 -0.265451 
-0.629812 0.049205 -0.265451 
0.516307 0.246093 0.158982 
-0.750252 -0.144451 -0.265451 
0.181769 0.848207 0.270906 
0.208526 0.601496 0.252107 
0.716726 0.626169 -0.228935 
0.645029 -0.532922 -0.265451 
0.864120 -0.409211 0.120335 
0.596007 -0.157021 0.219042 
0.436399 0.381621 0.136880 
0.795949 0.522230 0.177860 
-0.185794 -0.944460 -0.138114 
-0.957330 -0.088530 0.071740 
-0.581540 -0.122871 -0.194508 
0.067656 -0.959054 -0.076856 
0.903851 -0.309437 0.067015 
0.097520 0.607873 -0.139795 
-0.819609 -0.505249 0.111862 
0.722726 -0.627818 0.068065 
-0.928797 0.242970 0.213078 
0.522022 0.795929 -0.063562 
-0.733419 0.330360 -0.265451 
-0.943567 0.179594 -0.076655 
-0.145065 -0.621322 0.239772 
0.213339 0.928185 0.203386 
-0.477184 -0.836411 0.150473 
0.877452 -0.378403 0.043146 
0.438579 -0.853272 0.006215 
-0.596732 0.239217 0.022009 
-0.433185 0.428835 0.098680 
-0.960973 -0.021144 -0.002396 
-0.097913 0.634851 -0.005112 
0.351602 0.885106 0.037009 
-0.568665 0.162787 -0.195992 
0.948728 0.092273 -0.231043 
-0.392123 0.870796 0.072040 
-0.327273 -0.558151 0.056159 
0.538855 -0.310105 -0.135484 
0.360166 0.881401 0.144203 
-0.610661 0.241906 -0.265451 
-0.103895 0.609357 -0.265073 
0.247037 -0.561557 -0.156333 
-0.352234 -0.527737 0.233743 
0.630239 -0.120523 0.009227 
-0.807145 0.114730 0.270906 
-0.894369 -0.174078 -0.265451 
-0.261557 0.569718 -0.124082 
0.311567 -0.836788 0.270906 
0.521740 0.428846 0.270906 
0.603937 0.223183 -0.043041 
0.083369 -0.957568 -0.258348 
0.952880 0.033141 0.008402 
0.177788 0.594236 -0.130335 
-0.771068 -0.576885 -0.208562 
0.552404 0.591715 0.270906 
-0.835054 -0.479132 -0.014200 
0.736309 0.499610 -0.265451 
-0.392043 0.870830 -0.152222 
-0.574317 0.281654 0.247092 
-0.700525 0.137198 -0.265451 
-0.762875 -0.587447 -0.022086 
-0.309212 0.903250 0.201918 
0.449578 0.446796 -0.105402 
0.739816 -0.607572 0.129984 
-0.858481 -0.369425 0.270906 
0.536904 -0.794268 -0.068672 
0.735320 0.604914 0.060032 
-0.739432 -0.290111 0.270906 
0.777813 -0.217285 0.270906 
0.660400 0.079597 -0.265451 
-0.690712 -0.671076 -0.070568 
-0.264078 -0.566565 0.086474 
-0.490084 0.820330 -0.131896 
-0.776948 -0.508033 0.270906 
0.598052 -0.691957 -0.265451 
0.846719 0.435335 0.013256 
-0.699399 -0.493550 -0.265451 
0.039575 -0.848141 -0.265451 
-0.713725 0.638024 -0.213815 
-0.149922 -0.950311 0.119591 
0.650945 0.694825 -0.067445 
0.589272 0.118977 0.102386 
-0.829207 0.480567 0.148129 
-0.520926 0.509946 0.270906 
-0.947425 0.157026 -0.000864 
-0.022957 -0.913188 0.270906 
0.108978 0.604177 0.081288 
0.576614 0.270959 -0.265451 
-0.434512 0.482790 -0.068544 
-0.409265 0.759388 -0.265451 
0.034130 0.601923 -0.162900 
0.548079 -0.575719 0.270906 
0.647392 0.697957 0.061954 
-0.633418 -0.146456 -0.089995 
-0.598662 0.113446 0.201303 
-0.708372 0.383546 -0.265451 
0.717480 0.625314 0.185711 
0.269902 0.582575 -0.021465 
-0.251079 0.651664 0.270906 
-0.910519 0.303155 -0.216563 
0.109136 -0.955132 -0.013509 
0.674595 0.671290 0.235923 
0.030904 -0.647160 0.024704 
0.556065 0.318411 0.257931 
0.606310 0.164796 -0.116979 
-0.175847 -0.835022 -0.265451 
0.024492 -0.679725 -0.265451 
-0.938693 -0.209852 0.053849 
0.713683 -0.390641 -0.265451 
0.730251 0.383198 -0.265451 
0.952532 0.044246 0.122747 
0.794755 0.523987 -0.012667 
-0.472854 0.830520 0.226149 
0.727204 -0.046423 0.270906 
-0.881575 0.377636 -0.234637 
-0.516545 -0.638323 0.270906 
0.638333 0.057835 0.006902 
0.009657 0.953132 0.208181 
0.598025 -0.018025 -0.247347 
-0.903185 -0.331980 0.034102 
-0.648753 0.070057 -0.053759 
-0.527621 0.659754 0.270906 
0.232132 0.543619 0.117761 
0.631335 -0.026301 0.243351 
-0.116670 0.946672 0.214054 
-0.550359 -0.294008 0.219172 
0.589684 -0.755474 -0.170798 
-0.019082 0.637275 -0.101093 
-0.282075 0.552197 0.075068 
0.852834 0.423332 0.202523 
0.278692 -0.919067 -0.143943 
0.728500 -0.160027 0.270906 
0.929655 -0.216962 0.036321 
-0.435801 0.376535 0.152691 
0.800013 -0.442863 -0.265451 
0.567274 0.409921 -0.265451 
0.539781 -0.792314 0.131492 
-0.354779 0.636457 -0.265451 
-0.373389 -0.537212 -0.040818 
0.404978 -0.477383 0.071830 
-0.460975 0.409566 0.216280 
-0.557093 -0.346030 -0.265451 
-0.876076 0.345814 0.270906 
0.242507 0.656232 0.270906 
0.718774 -0.373058 0.270906 
-0.433562 -0.579109 0.270906 
-0.608563 0.111915 -0.147738 
-0.953473 0.118838 -0.092548 
0.224107 -0.564534 -0.250013 
0.122406 -0.637390 0.000108 
0.571551 -0.027735 0.152215 
-0.515504 0.781308 -0.265451 
0.833273 0.461095 -0.201627 
0.389348 0.486863 0.233897 
-0.447911 0.699053 -0.265451 
0.242101 -0.921516 0.270906 
-0.183314 -0.618175 -0.265451 
-0.562776 -0.229685 -0.248143 
-0.678433 0.509907 0.270906 
-0.634311 0.716057 -0.206883 
-0.604144 0.567506 -0.265451 
0.682140 -0.672199 0.030123 
-0.245628 0.922384 -0.026417 
0.336370 0.826412 0.270906 
0.434702 -0.466866 0.245746 
0.267189 -0.922408 0.000310 
-0.520862 -0.810233 0.253363 
-0.525617 0.352992 -0.118127 
0.346627 -0.487710 -0.181584 
-0.299351 0.906776 0.019080 
0.501205 0.756648 0.270906 
-0.759748 0.583026 0.255508 
-0.943713 0.122081 0.270906 
0.554053 -0.325826 0.012361 
0.925438 0.227372 -0.040247 
-0.565245 -0.495735 -0.265451 
0.160542 -0.589893 -0.161581 
-0.718526 0.495471 -0.265451 
0.803245 -0.519949 0.091085 
-0.843308 -0.084416 -0.265451 
0.886593 0.348826 -0.209346 
0.341977 -0.510149 0.091332 
-0.956864 -0.093462 -0.106627 
0.477146 0.395245 0.227847 
0.495963 0.302592 0.135063 
0.168872 0.813873 -0.265451 
0.041324 0.809066 0.270906 
0.377636 -0.441061 -0.212462 
0.789268 -0.540514 -0.080650 
0.623134 0.029345 0.232243 
-0.764299 -0.012256 -0.265451 
-0.222749 -0.869004 -0.265451 
-0.953204 -0.127369 0.270906 
0.874319 0.377190 -0.116474 
0.800942 0.348703 -0.265451 
-0.433523 -0.859645 -0.143067 
-0.053187 0.804576 -0.265451 
0.728678 0.612613 0.116133 
0.894118 0.328020 0.032895 
-0.848131 0.447183 0.108192 
0.379419 -0.881522 -0.112908 
-0.683999 0.574990 -0.265451 
-0.924442 -0.266413 -0.200433 
-0.427815 -0.494473 -0.031982 
-0.489605 -0.317035 0.159597 
-0.795864 0.459493 -0.265451 
-0.648641 0.571326 0.270906 
0.582915 -0.134203 -0.246471 
0.925725 -0.234538 0.160163 
0.239492 -0.930455 0.160178 
-0.946844 -0.169143 -0.210884 
-0.486589 0.421535 -0.096103 
0.117336 0.679444 -0.265451 
0.350536 0.532900 -0.096235 
-0.689044 -0.672744 0.036394 
-0.946752 0.027560 0.270906 
0.191092 -0.583837 0.208616 
-0.625144 -0.013419 -0.264755 
0.605635 0.734649 0.229869 
-0.800328 -0.121846 -0.265451 
0.578159 -0.133812 0.118247 
0.569254 0.301064 -0.051486 
0.617925 0.347639 -0.265451 
0.658329 -0.696010 0.232110 
-0.625497 -0.347679 0.270906 
0.186002 -0.804570 0.270906 
0.010617 0.637494 0.252344 
-0.780899 0.555336 -0.175155 
0.947783 -0.110722 0.177787 
-0.391941 -0.444836 0.133286 
-0.204952 0.613909 -0.075065 
-0.925620 -0.262358 -0.050963 
-0.838804 0.464340 -0.134682 
-0.402159 0.550652 0.270906 
-0.909654 -0.044815 0.270906 
-0.814772 0.238697 0.270906 
0.045177 0.569558 0.157174 
-0.102976 0.872799 -0.265451 
0.901241 -0.016568 -0.265451 
-0.628602 -0.729543 -0.230004 
0.292845 0.585829 -0.265451 
0.938337 0.167374 0.044390 
0.679343 -0.674996 -0.187493 
0.416077 -0.501182 -0.265451 
0.285618 -0.908300 -0.265451 
-0.697077 0.641853 -0.265451 
-0.657562 -0.455308 -0.265451 
-0.502930 -0.389242 0.236071 
-0.350045 -0.683301 0.270906 
0.582646 -0.760934 0.056780 
-0.578303 0.660621 -0.265451 
-0.252934 0.750578 -0.265451 
0.761158 -0.449903 0.270906 
0.478431 0.822815 0.225098 
-0.530915 0.390666 0.270906 
0.917629 0.255772 0.066193 
-0.710113 -0.530954 0.270906 
0.551956 -0.661067 -0.265451 
-0.744646 -0.197762 0.270906 
0.519148 0.322825 0.084012 
-0.305220 -0.913140 -0.122197 
-0.722036 0.628596 0.082715 
0.502625 -0.338228 -0.164186 
-0.647995 0.250224 0.270906 
0.246929 0.919842 0.034543 
-0.740606 0.312982 0.270906 
-0.299152 0.573625 -0.045868 
0.838265 -0.460379 0.170754 
0.649833 0.695805 0.007266 
0.937308 -0.182321 -0.116950 
-0.665928 -0.278167 -0.265451 
-0.875511 -0.400102 0.170449 
-0.346330 0.889886 0.160705 
0.709880 -0.594393 0.270906 
-0.921590 -0.276231 0.084179 
-0.609954 -0.067138 0.205564 
-0.094726 -0.728422 0.270906 
-0.241065 0.527472 -0.229653 
-0.805434 -0.527687 -0.176399 
0.119983 0.945252 0.270906 
-0.294677 -0.508340 0.165482 
-0.620483 0.153643 0.244395 
0.872502 0.381388 0.081401 
0.375177 -0.680813 0.270906 
0.902310 -0.102722 0.270906 
-0.326469 0.541320 0.240547 
-0.307740 -0.514695 -0.186988 
0.837810 -0.000230 0.270906 
0.055060 0.613727 -0.264120 
-0.237879 -0.606761 -0.010240 
0.509292 0.389356 -0.014943 
-0.152691 0.623621 0.003190 
0.623298 -0.015755 0.066753 
0.612882 0.014916 -0.145549 
0.210580 0.659761 -0.265451 
0.948189 0.097979 -0.086432 
0.662891 0.575073 0.270906 
-0.412751 0.861775 -0.216224 
0.158456 0.623088 -0.029356 
0.953968 -0.001469 -0.123820 
-0.626404 0.164620 0.011128 
0.563934 0.251002 -0.136215 
-0.784816 -0.558025 0.091734 
0.419102 0.574743 0.270906 
0.493440 -0.562358 0.270906 
0.918276 0.253543 0.236824 
-0.219129 0.575332 0.218013 
-0.287056 -0.553466 0.218208 
0.722117 0.620056 -0.006639 
-0.208027 -0.624059 0.267774 
0.380815 0.872465 0.210633 
0.045239 -0.734114 -0.265451 
-0.732040 -0.366198 -0.265451 
0.931932 0.198320 -0.207993 
0.032679 -0.960862 -0.243065 
-0.644333 0.003035 -0.103330 
0.254980 -0.517765 0.155891 
0.845844 -0.287224 -0.265451 
-0.729008 -0.088424 -0.265451 
-0.424185 0.388006 -0.223199 
0.053169 0.951765 0.139969 
-0.631849 -0.726681 0.200302 
-0.075832 -0.574830 -0.221518 
0.192849 -0.619829 -0.010209 
0.778004 0.548635 -0.143506 
0.602461 0.737111 -0.223242 
0.590257 0.542710 0.270906 
-0.830294 0.478729 0.029816 
-0.333947 -0.547311 -0.112269 
0.562314 -0.467551 0.270906 
-0.564131 -0.317466 -0.099724 
0.516286 -0.808281 0.211150 
0.694206 0.250619 -0.265451 
-0.396509 0.587507 -0.265451 
-0.659425 -0.064669 -0.265451 
-0.076017 0.754332 0.270906 
-0.186344 0.935884 -0.139847 
0.072038 0.732934 0.270906 
0.740256 -0.344707 -0.265451 
0.073051 -0.723467 0.270906 
-0.602637 -0.209988 -0.116625 
0.119843 0.844705 0.270906 
-0.873102 -0.405669 -0.086432 
0.618318 -0.581890 -0.265451 
-0.764010 -0.585985 0.150623 
0.417978 -0.399665 0.160324 
0.639985 -0.539831 0.270906 
0.532761 0.224909 -0.206503 
0.370382 0.523061 -0.008138 
-0.672371 0.657282 0.270906 
-0.195279 0.764442 0.270906 
0.581897 -0.761515 -0.053099 
0.877607 0.199699 0.270906 
-0.876415 -0.398013 0.112607 
0.869278 0.100118 0.270906 
-0.186389 0.890540 -0.265451 
0.562252 -0.572779 -0.265451 
0.431373 -0.856944 -0.241744 
0.618216 0.642620 0.270906 
-0.960972 -0.021183 0.177585 
0.517898 -0.475773 -0.265451 
-0.781140 -0.160620 0.270906 
-0.383508 0.515482 -0.094944 
-0.559206 -0.281573 -0.138546 
-0.413554 0.840877 -0.265451 
-0.653010 0.699571 0.115851 
-0.786434 0.182799 0.270906 
0.675636 0.340388 -0.265451 
-0.174673 -0.564968 -0.201116 
-0.954988 0.104849 0.064130 
0.939715 0.158669 -0.156585 
0.321906 0.486390 0.130558 
-0.612136 -0.567072 0.270906 
0.658180 -0.301485 0.270906 
-0.781660 0.554217 -0.247171 
0.875684 -0.264984 0.270906 
-0.708273 0.431690 0.270906 
-0.049050 0.952129 -0.073222 
-0.922593 0.264324 0.119684 
0.160462 -0.625587 0.043443 
-0.783105 0.552091 0.140056 
0.947815 -0.110384 0.230010 
-0.698373 0.288790 -0.265451 
0.643450 -0.399472 0.270906 
0.465695 0.359329 -0.240047 
0.738722 0.600529 -0.187354 
-0.450298 -0.801344 -0.265451 
0.702767 0.642003 -0.081747 
-0.029982 0.619253 0.072276 
0.833931 0.459982 -0.133220 
0.027344 -0.593717 -0.193697 
-0.671916 0.189957 -0.265451 
0.622407 -0.177181 -0.061905 
0.094784 0.948036 -0.222802 
0.063056 -0.807537 0.270906 
0.186339 -0.812277 -0.265451 
-0.147002 -0.950773 0.205488 
0.152644 -0.635206 -0.074160 
-0.051932 -0.960491 -0.121578 
-0.617905 0.295462 0.270906 
-0.332927 -0.560479 -0.006453 
0.406848 -0.511567 0.267532 
-0.895816 -0.352446 0.226859 
0.403035 0.830587 -0.265451 
0.532853 0.550286 -0.265451 
0.639090 -0.105801 -0.265451 
0.857266 0.283026 -0.265451 
-0.058879 -0.774565 0.270906 
-0.067441 0.574157 0.165369 
0.488397 -0.369317 0.210510 
0.877033 0.370917 0.230036 
-0.548233 -0.288071 0.093066 
-0.340774 0.891887 -0.017386 
-0.288099 0.531011 -0.251052 
0.564929 -0.292648 0.246313 
-0.838183 0.270262 -0.265451 
0.605481 -0.063967 -0.154669 
0.862868 0.403639 0.137477 
-0.465840 0.834667 -0.038972 
-0.384201 -0.511384 -0.115429 
-0.820007 -0.504577 -0.123501 
-0.960132 -0.047892 -0.197929 
-0.435265 -0.858757 -0.075186 
0.686044 0.358715 0.270906 
-0.384191 -0.719913 -0.265451 
0.172770 -0.590899 -0.256959 
-0.253230 -0.550926 -0.174894 
-0.327871 -0.657277 -0.265451 
0.911661 0.235828 -0.265451 
0.771950 0.557544 0.051885 
-0.420605 -0.866226 0.226791 
0.438537 0.844841 0.054310 
0.553620 0.660716 0.270906 
0.751612 -0.592365 -0.155448 
-0.214448 -0.938055 -0.255529 
-0.001654 -0.624705 -0.263970 
-0.125868 -0.954121 0.035422 
-0.190180 0.567531 -0.173459 
-0.490898 -0.588270 -0.265451 
-0.562892 -0.781669 0.007996 
-0.129552 -0.593080 0.195274 
0.801406 -0.416248 0.270906 
0.491621 -0.823468 0.037391 
0.464800 -0.412847 -0.137280 
-0.056055 0.626447 -0.265451 
-0.038407 0.918595 0.270906 
-0.593535 -0.758266 0.088647 
-0.899892 -0.341125 -0.026457 
-0.355142 0.886714 -0.256044 
0.568520 -0.216134 -0.158296 
-0.076212 0.950496 0.249515 
0.340979 -0.744372 -0.265451 
0.554987 0.146070 0.147798 
-0.324725 -0.906118 -0.065434 
-0.510589 0.272846 0.159492 
-0.800489 -0.534964 -0.229512 
0.500641 0.329035 -0.167917 
0.644310 0.042487 -0.055354 
-0.309721 -0.874490 0.270906 
-0.138950 0.605477 0.227610 
0.602994 -0.209859 0.024357 
0.567712 0.247008 0.071654 
0.386942 0.452336 0.192976 
0.197189 0.931795 -0.093826 
0.411499 0.776225 0.270906 
-0.189888 0.836163 0.270906 
0.166083 0.610826 0.035100 
-0.595803 -0.398884 -0.265451 
0.939114 -0.170920 0.230207 
0.355807 -0.580780 0.270906 
0.907760 0.289741 -0.059028 
-0.244913 -0.888204 0.270906 
0.603154 0.093095 -0.258394 
-0.530172 0.795453 0.149335 
-0.769935 0.068113 0.270906 
0.296103 -0.548199 -0.138247 
-0.195121 0.933922 0.020416 
0.372953 0.733848 0.270906 
0.678780 -0.675559 -0.047385 
0.010939 0.604413 0.097335 
-0.163325 -0.948188 -0.005321 
-0.273879 -0.570991 -0.265451 
-0.596911 0.747194 0.148166 
-0.422744 0.469224 0.070765 
-0.955673 0.097605 0.147379 
-0.166963 -0.767311 -0.265451 
-0.728256 0.621542 -0.066349 
0.017407 0.831054 -0.265451 
-0.084942 0.924169 -0.265451 
-0.897059 0.340539 -0.131482 
0.552253 0.151895 -0.216762 
-0.168811 0.926584 0.270906 
0.173988 0.722034 0.270906 
0.832470 -0.470906 0.222661 
-0.786360 -0.228738 0.270906 
-0.946944 -0.161541 -0.265451 
-0.597617 0.008071 0.183336 
0.550621 0.251296 0.206543 
-0.070733 -0.628536 -0.126355 
-0.343701 0.459156 -0.222974 
0.004654 0.953290 0.077484 
-0.235520 -0.933345 -0.097955 
0.441007 -0.684487 -0.265451 
0.157442 -0.864850 0.270906 
0.327648 -0.800272 -0.265451 
0.613770 0.064983 -0.137723 
0.207912 0.609847 -0.054289 
0.306171 -0.604937 0.270906 
-0.174385 -0.715314 -0.265451 
0.508281 -0.493755 0.270906 
-0.232567 0.533882 0.137323 
-0.586281 -0.263612 0.063531 
-0.393278 0.429245 0.140648 
0.647994 -0.642843 -0.265451 
-0.795734 0.533508 -0.083845 
-0.013248 0.577919 -0.229524 
-0.157909 0.572042 0.186477 
0.095240 -0.956446 -0.143926 
-0.118772 -0.947378 -0.265451 
0.797656 0.139660 0.270906 
0.168907 0.577039 -0.251330 
-0.627369 -0.689700 -0.265451 
-0.385309 0.827483 0.270906 
0.947098 -0.117963 -0.210119 
-0.179093 0.937238 -0.230719 
0.371095 0.563357 0.270906 
-0.290737 0.571050 0.014590 
0.208344 -0.589352 0.083197 
-0.605292 -0.749146 0.235350 
0.825169 0.474797 -0.035897 
0.302427 0.562398 -0.094783 
0.463824 0.831454 -0.138500 
-0.622690 -0.176469 0.252985 
0.161889 -0.947236 -0.220371 
0.017247 -0.634897 0.236894 
-0.364687 -0.514717 -0.265451 
0.103889 -0.761609 -0.265451 
-0.852976 -0.233394 0.270906 
-0.242620 -0.588082 -0.120693 
-0.628071 0.176617 -0.072400 
0.918639 0.252294 0.187682 
-0.374267 0.504951 0.065925 
-0.099893 -0.602978 0.102794 
-0.959855 0.048277 -0.013505 
-0.613065 -0.175691 0.069480 
0.154195 -0.569194 0.134827 
0.921158 -0.252078 -0.238841 
0.245991 -0.595067 -0.101529 
-0.959917 -0.054750 0.110786 
-0.410815 -0.871160 0.092230 
0.586814 0.168204 -0.259079 
-0.255215 0.919599 0.107354 
-0.414710 0.606445 0.270906 
0.892388 0.089819 -0.265451 
0.439747 -0.373228 -0.224909 
-0.282592 0.789960 -0.265451 
0.225405 0.584942 0.057320 
0.384998 0.870655 -0.133262 
-0.581756 -0.028962 -0.214632 
-0.383358 -0.883041 -0.213554 
-0.556241 0.476299 0.270906 
-0.252745 0.701809 -0.265451 
-0.508520 0.809426 0.096251 
-0.208103 0.609355 -0.015751 
-0.436088 0.849884 -0.132796 
-0.446270 -0.475849 0.259028 
-0.724027 -0.634791 -0.262278 
-0.866709 -0.281543 0.270906 
-0.579251 -0.131720 0.176760 
0.882461 -0.155655 0.270906 
-0.905022 0.318422 -0.006919 
0.778313 -0.556633 0.224535 
-0.854905 -0.435412 0.270906 
0.303758 0.707703 -0.265451 
0.228718 0.924748 -0.018554 
-0.012732 -0.961723 0.210751 
0.924800 -0.238680 0.258912 
0.566943 0.280764 0.035252 
0.480549 0.821563 0.147456 
0.463440 -0.840134 -0.052689 
0.614312 -0.735574 0.156687 
0.623259 0.719233 0.162927 
0.620679 -0.729961 0.078784 
0.096131 -0.610339 -0.150761 
-0.245887 -0.540085 0.132095 
-0.938439 -0.210990 0.210997 
0.162265 -0.947176 0.061925 
0.274214 0.535601 0.202554 
-0.706551 0.549472 0.270906 
0.868948 -0.398053 0.221653 
-0.306748 0.621812 -0.265451 
-0.620050 0.493993 -0.265451 
-0.322199 0.512345 0.202003 
0.581071 0.753703 -0.132370 
0.010334 0.590327 0.184212 
0.636586 -0.108959 -0.039772 
0.226490 0.887049 0.270906 
0.573895 -0.300282 -0.045010 
-0.340694 0.711431 -0.265451 
-0.849359 -0.191656 -0.265451 
0.696407 0.109459 0.270906 
-0.339197 -0.473848 0.150233 
0.099139 -0.956078 0.099364 
0.952394 -0.057088 0.130651 
0.633406 -0.718741 -0.111171 
-0.279466 -0.707860 -0.265451 
0.628804 0.527366 -0.265451 
0.942812 -0.147566 -0.016956 
-0.874627 -0.077882 0.270906 
-0.705078 0.647832 -0.153885 
-0.704267 0.344565 0.270906 
-0.158516 0.940497 0.185582 
0.234051 0.531277 -0.201692 
0.953212 -0.031038 -0.084417 
0.288715 0.566786 0.019854 
-0.035760 0.819488 0.270906 
0.213333 0.928187 -0.227150 
0.269482 -0.921743 0.231459 
0.628236 0.030369 0.054368 
-0.255474 -0.584863 0.239402 
-0.504677 0.324424 -0.177569 
0.810724 0.499222 -0.105223 
-0.589369 -0.761497 0.147769 
-0.914980 0.290530 -0.110580 
-0.465666 -0.422208 -0.265451 
-0.643649 -0.063309 0.043081 
-0.630731 -0.165068 -0.019084 
-0.035482 -0.648431 0.006239 
0.279711 -0.718057 -0.265451 
0.908278 -0.296408 -0.173076 
0.248790 -0.927754 0.076140 
0.777730 -0.321252 0.270906 
-0.351022 -0.633309 0.270906 
0.742363 0.199355 -0.265451 
0.191802 -0.611828 0.247138 
0.936376 0.178440 -0.054167 
-0.418727 -0.675912 -0.265451 
-0.248739 0.921480 0.205790 
-0.540176 -0.361150 0.255785 
-0.183658 -0.772188 0.270906 
0.339842 0.616772 0.270906 
-0.218492 -0.546207 -0.207016 
-0.919170 0.276105 0.062011 
-0.786211 -0.555972 0.211962 
-0.071507 -0.879951 0.270906 
0.949154 0.087766 0.141461 
0.390068 -0.518365 -0.025191 
-0.504094 0.408432 -0.035377 
0.840018 0.445018 -0.265451 
-0.518509 0.803379 -0.011159 
0.499031 0.810633 0.266045 
-0.820711 -0.503386 -0.262984 
0.482457 -0.430348 0.258894 
0.892263 0.333172 -0.107328 
0.351768 -0.606733 -0.265451 
0.765166 0.566439 -0.057922 
-0.557313 -0.728222 -0.265451 
0.904920 0.298015 0.218182 
0.945082 0.124786 -0.047530 
-0.560357 0.473310 -0.265451 
0.938432 -0.175221 -0.199405 
0.348893 -0.894732 0.062087 
0.419548 -0.862969 -0.096071 
-0.558874 -0.784400 -0.263545 
0.803381 0.511294 -0.225107 
0.952727 0.038029 -0.067287 
0.160248 -0.947496 -0.044207 
-0.779991 0.556672 0.219862 
-0.282986 -0.919983 -0.196159 
-0.602982 0.085179 -0.250829 
-0.476603 0.391371 -0.260149 
-0.530278 -0.765851 0.270906 
0.453230 -0.465397 -0.049751 
-0.187651 0.584635 0.083565 
0.410484 -0.483679 -0.116209 
0.123531 0.577946 0.118653 
-0.668480 0.467613 -0.265451 
-0.419327 -0.430141 -0.185346 
0.333291 0.531132 0.056235 
0.600836 -0.199735 0.243035 
-0.757470 0.585964 -0.141287 
0.081638 0.568400 -0.226684 
0.437136 0.684423 0.270906 
0.290481 -0.548320 0.087621 
0.464718 0.452825 -0.265451 
0.667498 0.432056 -0.265451 
0.203880 0.930300 0.127587 
-0.605642 -0.136629 -0.260009 
0.584039 -0.722505 0.270906 
0.545484 -0.307871 0.065988 
-0.449642 0.410788 -0.159438 
-0.229863 0.926157 -0.177988 
0.412445 0.464817 -0.127669 
-0.916207 -0.294759 -0.109273 
0.579881 0.167223 0.203970 
-0.593104 -0.758601 -0.159201 
0.140299 0.942202 -0.002888 
0.337657 -0.537777 0.053836 
-0.144533 -0.951165 -0.159085 
-0.510973 -0.399862 -0.095907 
-0.640453 0.049074 0.247634 
0.331449 -0.901015 0.140254 
0.681975 -0.155860 0.270906 
-0.419026 -0.867030 -0.028471 
0.826549 0.472464 0.263089 
0.889416 0.341081 -0.018917 
-0.540830 0.324117 0.234644 
0.270533 -0.803822 -0.265451 
-0.061406 -0.643272 0.054807 
-0.396043 0.449083 -0.177244 
0.582463 0.147534 -0.166654 
0.952717 -0.046809 0.012902 
0.632371 -0.637231 0.270906 
-0.700603 0.078823 0.270906 
0.255414 0.594010 0.266950 
0.538113 0.728437 0.270906 
-0.899452 -0.342348 -0.204133 
-0.547292 -0.792271 -0.153462 
0.717227 0.246241 0.270906 
-0.577736 0.607028 -0.265451 
0.625388 0.675539 -0.265451 
-0.614696 -0.670817 0.270906 
0.138051 0.552868 -0.221419 
0.022152 -0.961193 -0.085275 
0.906875 -0.301039 0.118075 
0.417813 0.488698 -0.038805 
0.465785 -0.787342 -0.265451 
-0.121754 -0.638054 0.015688 
0.893664 -0.337735 -0.207572 
-0.516553 0.566157 0.270906 
-0.459593 0.482278 -0.265451 
-0.479681 0.826481 -0.213623 
-0.572961 0.242972 0.221813 
0.704874 -0.648067 -0.139631 
0.671679 -0.682659 0.147598 
-0.623469 -0.124457 0.071598 
-0.335713 -0.902162 0.140501 
0.255856 0.650731 -0.265451 
0.569799 0.034036 0.154157 
-0.535721 0.354774 0.053139 
-0.530592 0.795169 0.051892 
0.250906 0.918686 -0.065292 
0.869009 -0.397915 -0.261650 
0.856161 -0.425256 -0.193729 
-0.951586 0.130756 -0.038487 
0.608657 -0.218416 -0.042640 
-0.221533 0.928019 0.270826 
0.947493 -0.113787 -0.116607 
-0.606116 0.155124 0.082018 
-0.331905 -0.903533 0.239685 
-0.823692 0.489892 0.192865 
0.002477 -0.581534 0.149730 
-0.487587 0.675733 -0.265451 
-0.579289 0.662133 0.270906 
0.926616 -0.230555 -0.058793 
0.641945 -0.341757 -0.265451 
0.303526 -0.911068 -0.083856 
-0.517059 -0.281094 -0.206823 
-0.640861 -0.499890 -0.265451 
-0.063447 -0.765434 -0.265451 
-0.559556 0.534813 0.270906 
-0.960136 0.039329 0.201039 
-0.694967 0.658368 -0.008330 
-0.457709 0.838868 0.151111 
-0.751219 -0.197428 -0.265451 
0.829537 -0.475866 -0.002456 
0.296062 0.905302 -0.079438 
0.280723 0.522295 -0.178847 
-0.867608 0.222461 -0.265451 
0.299723 -0.575588 -0.017445 
0.822419 -0.465694 0.270906 
-0.801204 0.525459 0.018212 
-0.664822 -0.696966 0.171890 
-0.288496 0.541789 0.215039 
-0.579543 -0.168803 -0.178334 
-0.502255 0.314101 0.179632 
0.275949 0.529126 0.107939 
0.273086 -0.866889 0.270906 
-0.888795 -0.369405 0.055920 
-0.451673 -0.850396 0.187316 
-0.171015 -0.816034 0.270906 
-0.955244 0.102143 -0.238578 
0.818403 0.202462 0.270906 
0.744422 -0.601633 -0.236556 
-0.405388 0.696832 0.270906 
0.889983 -0.347959 0.011620 
0.111345 -0.631499 -0.265451 
-0.529925 0.294089 -0.249764 
0.902769 -0.312444 -0.112748 
0.485587 -0.349446 0.114457 
-0.726474 0.240306 -0.265451 
0.812494 -0.188534 -0.265451 
-0.048967 -0.690691 0.270906 
-0.124045 0.945957 -0.138005 
-0.553431 0.779646 -0.160647 
0.147958 0.809043 0.270906 
0.621250 0.721004 -0.141756 
0.652623 0.020681 -0.265451 
0.214651 -0.663487 0.270906 
0.571030 -0.251520 -0.130035 
0.376688 -0.882704 -0.167102 
-0.959905 0.046648 0.110361 
-0.420352 -0.472060 0.077867 
-0.362595 0.757862 -0.265451 
-0.668807 -0.220127 0.270906 
-0.945801 0.167279 0.135113 
0.539613 0.253143 -0.246410 
0.036418 -0.960745 0.013486 
0.386952 -0.469751 0.202537 
-0.508960 0.809167 0.242943 
-0.649473 -0.146033 -0.265451 
-0.825387 0.397043 -0.265451 
-0.835645 -0.478133 0.220097 
-0.475237 0.434611 0.019452 
-0.621500 0.151885 -0.109548 
-0.736860 0.169915 0.270906 
-0.787540 -0.429043 -0.265451 
0.118169 0.770953 -0.265451 
0.825268 -0.322030 0.270906 
-0.719243 -0.025657 -0.265451 
0.899513 0.276226 0.270906 
0.207650 -0.549788 0.170177 
0.166326 0.890488 0.270906 
0.477686 0.823256 -0.038517 
-0.284452 0.797581 0.270906 
0.594167 0.698851 0.270906 
-0.224790 -0.603210 0.062862 
-0.817266 0.456690 0.270906 
0.583294 0.266780 -0.008969 
-0.058785 -0.960276 0.133073 
