-0.230425 0.685437 -0.202535 
0.272400 -0.933263 0.207217 
0.943030 0.204306 0.207217 
-0.907601 -0.368179 0.180742 
0.452109 0.855898 0.206491 
0.804624 -0.483108 -0.202535 
-0.412011 -0.877055 -0.202535 
-0.870373 0.427211 0.207217 
0.419070 0.308662 -0.179965 
-0.517699 0.034292 -0.168420 
0.181798 -0.482579 -0.172308 
-0.327090 -0.431727 0.168233 
0.523516 -0.181474 0.192088 
-0.534345 0.814724 0.190074 
-0.042668 0.969703 0.183218 
0.106519 0.506576 0.127653 
-0.733521 0.633174 -0.202535 
-0.366418 0.363762 0.139602 
0.806748 0.005847 -0.202535 
-0.974755 -0.090547 -0.198723 
-0.644038 -0.460848 -0.202535 
0.676746 -0.684087 0.207217 
0.210128 0.866541 -0.202535 
0.652419 0.713862 -0.201424 
-0.201561 -0.942476 0.207217 
0.471028 -0.844933 -0.202535 
0.033542 -0.974225 -0.185781 
-0.646134 -0.734740 0.187841 
0.589054 0.441181 0.207217 
-0.738177 0.024012 0.207217 
0.938693 -0.234548 0.117309 
0.060831 -0.566053 0.201047 
-0.228226 -0.528552 -0.199376 
0.886768 0.383608 -0.156857 
-0.917383 0.291234 -0.202535 
0.509128 -0.234758 -0.202535 
-0.452987 0.389974 -0.202535 
-0.210259 0.669389 0.207217 
0.159240 0.534390 -0.202535 
0.401291 -0.492221 0.207217 
0.508472 0.138738 0.107040 
-0.541008 -0.229295 0.040727 
-0.309147 0.922379 -0.010496 
0.483885 -0.540158 -0.202535 
-0.068936 0.968767 -0.181599 
-0.970291 0.127716 0.053153 
-0.498991 0.815774 -0.202535 
0.769581 0.584711 0.030987 
-0.901296 -0.382750 -0.109778 
0.737472 0.004089 0.207217 
0.708584 -0.394589 0.207217 
0.516923 0.046768 -0.178714 
-0.712659 -0.190736 -0.202535 
0.206447 0.946871 0.063961 
0.678136 -0.693672 -0.074566 
-0.343023 -0.704406 0.207217 
-0.003812 -0.688124 -0.202535 
-0.601214 -0.437906 0.207217 
-0.603282 0.550594 0.207217 
-0.640827 -0.739419 -0.083920 
0.351510 0.593345 0.207217 
-0.528115 0.149765 0.089618 
-0.973268 -0.106282 0.191989 
0.443446 0.860312 -0.075097 
0.932746 -0.250387 -0.202535 
0.965919 0.034688 0.002940 
0.499492 -0.833364 0.086171 
-0.408288 -0.333857 -0.158685 
0.255886 -0.939100 -0.054596 
0.432707 0.567833 -0.202535 
-0.800814 -0.563384 0.048731 
-0.195181 -0.956723 -0.069901 
0.672502 0.249286 -0.202535 
0.034899 -0.836621 0.207217 
-0.665202 0.249134 -0.202535 
0.139300 0.742937 0.207217 
-0.456971 -0.864232 0.050455 
-0.115455 0.577446 -0.007919 
-0.855215 0.472688 -0.035359 
0.450855 -0.374377 -0.004404 
0.252247 -0.714602 -0.202535 
0.409196 0.382029 0.052651 
0.849884 0.429162 0.207217 
-0.143994 -0.548988 0.063428 
0.644562 0.711605 0.207217 
0.815983 -0.523086 0.031097 
-0.696569 0.682779 0.033859 
-0.001024 0.740561 -0.193897 
0.287969 -0.699376 0.207217 
0.660423 0.479516 -0.202535 
-0.233805 0.459835 -0.165515 
0.695396 0.228775 0.207217 
-0.716434 -0.203108 0.207217 
-0.455545 -0.589244 -0.202535 
-0.789345 0.060786 -0.202535 
0.253677 -0.519917 0.040925 
0.578395 -0.103787 -0.025716 
-0.262948 0.935225 0.207217 
-0.212851 -0.778926 -0.202535 
-0.616820 0.329458 0.207217 
0.046659 -0.973812 0.039607 
-0.503487 0.601426 -0.202535 
-0.954577 -0.217879 0.011693 
0.953373 0.157769 -0.168371 
-0.553175 -0.073761 0.184672 
0.963931 -0.010447 0.207217 
0.269248 0.522728 -0.025482 
0.712266 -0.190530 -0.202535 
-0.866333 0.219962 0.207217 
-0.117073 -0.693177 0.207217 
-0.410523 0.619763 0.207217 
-0.356047 -0.482256 -0.031280 
0.059290 -0.593583 -0.035022 
0.356607 -0.385758 -0.180440 
-0.267081 0.887479 -0.202535 
0.917795 0.303017 0.036592 
-0.516165 -0.163445 -0.154848 
-0.525926 0.820304 -0.007645 
-0.202342 0.471817 0.140799 
-0.653647 0.454039 -0.202535 
0.898316 -0.361540 -0.043594 
-0.594115 -0.048444 -0.007462 
0.629792 0.733811 -0.010642 
-0.806275 -0.555350 -0.157569 
0.627633 -0.406947 -0.202535 
0.769343 -0.185249 0.207217 
-0.972354 0.111324 -0.165276 
-0.526847 0.265108 -0.063163 
-0.030093 0.521360 -0.178031 
-0.111522 0.964741 0.004269 
-0.930658 0.301062 -0.009202 
-0.495139 -0.592437 0.207217 
-0.050614 0.569340 0.207217 
-0.046576 0.761755 0.207217 
0.955514 -0.148870 -0.047261 
0.287574 0.684255 -0.202535 
0.539725 0.216342 -0.058024 
-0.355390 0.473530 -0.028346 
-0.044592 -0.513603 -0.168442 
-0.777582 0.590072 0.200014 
0.501260 -0.665080 0.207217 
0.469173 0.300968 0.197017 
0.513555 -0.357034 0.207217 
-0.713422 -0.574284 0.207217 
0.179146 -0.878901 -0.202535 
-0.977823 -0.047390 -0.029810 
0.065722 0.967921 -0.071320 
0.738159 0.562428 0.207217 
0.275891 0.433959 0.150582 
0.553347 -0.010705 0.192663 
-0.465368 -0.298518 0.179192 
-0.388013 -0.881183 0.207217 
0.870637 -0.424168 0.160340 
0.265802 0.875320 0.207217 
-0.835320 0.446611 -0.202535 
-0.351745 0.779536 0.207217 
0.049161 0.588811 -0.042952 
0.487932 0.750403 -0.202535 
-0.886405 -0.233964 -0.202535 
0.806906 0.531912 -0.124091 
0.567134 -0.684956 -0.202535 
0.966138 -0.032325 -0.170434 
0.589747 -0.523887 0.207217 
-0.230161 -0.571577 0.207217 
-0.525967 -0.755493 -0.202535 
-0.912118 0.046814 0.207217 
-0.658469 0.170589 0.207217 
-0.768681 -0.348142 -0.202535 
-0.635014 -0.626753 -0.202535 
0.515167 0.596373 0.207217 
0.226186 -0.520131 0.201135 
0.304872 0.423839 -0.180503 
0.293950 0.923425 -0.070000 
-0.584340 -0.310870 -0.202535 
-0.665397 0.713141 0.188231 
0.128040 0.956418 0.207217 
-0.468256 -0.370159 -0.012503 
-0.623979 0.749399 -0.110304 
0.407514 -0.683192 -0.202535 
-0.042878 -0.974313 0.202497 
0.128738 -0.709807 0.207217 
-0.312606 -0.925750 0.041115 
0.642796 -0.049629 -0.202535 
0.856504 0.447290 0.030372 
0.711154 -0.608988 -0.202535 
0.582383 0.069367 -0.025060 
-0.060959 -0.833662 -0.202535 
0.366119 -0.355058 0.141504 
-0.478973 0.456276 0.207217 
-0.748881 -0.389886 0.207217 
0.428178 -0.872709 -0.045994 
-0.340146 0.575619 -0.202535 
0.324091 -0.536600 -0.202535 
0.517218 0.818100 0.054516 
-0.644991 -0.051562 -0.202535 
0.333243 -0.913943 -0.197341 
-0.524883 0.186427 -0.196818 
0.406350 -0.822033 0.207217 
0.760792 -0.556336 0.207217 
0.798788 -0.323671 -0.202535 
0.345982 0.745956 0.207217 
0.829903 0.238268 -0.202535 
-0.102962 -0.970167 0.061145 
0.520866 -0.226385 0.040385 
-0.714613 0.450528 0.207217 
-0.308834 -0.664422 -0.202535 
-0.706657 -0.677309 0.065547 
-0.129111 -0.967628 -0.201845 
0.048731 0.881070 -0.199233 
-0.891789 -0.404719 0.038413 
0.634717 -0.734087 0.060476 
0.130297 -0.965515 0.185268 
-0.424395 0.876214 0.114471 
0.573007 0.361450 -0.202535 
0.371576 0.847205 -0.202535 
-0.527409 -0.824044 0.172566 
0.418175 0.463336 0.207217 
0.553423 -0.798113 -0.046035 
-0.134320 0.799518 -0.196499 
-0.840367 -0.502414 0.203380 
-0.375034 0.740434 -0.202535 
0.125663 -0.622996 -0.202535 
-0.830008 -0.089946 -0.202535 
0.718039 0.647176 -0.088992 
-0.879479 -0.215208 0.207217 
0.706607 0.110002 -0.202535 
0.147139 0.713150 -0.201359 
-0.234904 -0.797950 0.207217 
0.820714 0.120216 0.207217 
0.380424 0.890286 0.049363 
-0.640727 0.095514 -0.202535 
-0.571924 0.131448 -0.073955 
0.337356 -0.472717 -0.070645 
0.828278 0.286495 0.207217 
0.067810 0.967724 0.079496 
-0.412683 0.881587 -0.112736 
-0.158439 -0.562607 -0.075824 
-0.185274 0.818052 0.207217 
-0.498444 0.257155 0.189547 
-0.477369 0.321665 0.054281 
0.652610 -0.107351 0.207217 
0.567844 0.603703 -0.202535 
-0.798262 0.562522 0.053426 
-0.462829 -0.433943 0.207217 
-0.383510 -0.462446 -0.202535 
0.529970 0.229776 -0.202535 
0.712009 0.379276 0.207217 
-0.745200 -0.634776 -0.058569 
-0.925143 0.316379 0.126211 
0.954713 0.149300 0.083086 
-0.252380 -0.910592 -0.202535 
-0.580972 -0.787375 0.053297 
0.762012 0.356465 -0.202535 
-0.572426 0.066203 0.204354 
-0.099524 -0.851633 0.207217 
0.309298 -0.922564 0.068064 
-0.834275 -0.088375 0.207217 
0.497174 -0.374322 -0.202535 
-0.148395 -0.661041 -0.202535 
-0.062010 -0.973712 -0.069220 
0.502511 -0.107994 -0.159354 
0.130003 -0.527098 0.091951 
0.903510 -0.141746 0.207217 
0.927579 0.270443 -0.098062 
-0.071996 -0.556391 0.191012 
0.190027 -0.828327 0.207217 
-0.772030 0.330467 0.207217 
-0.766174 0.604778 -0.076709 
0.875589 -0.130328 -0.202535 
-0.318694 0.524004 0.207217 
-0.486875 -0.848016 -0.097406 
0.860509 -0.291501 0.207217 
-0.235483 0.539541 -0.047379 
0.963596 -0.079978 0.067929 
-0.591341 -0.244373 0.207217 
-0.576583 0.346127 -0.202535 
-0.979173 -0.000174 0.092112 
0.483138 0.274488 0.059054 
0.742576 -0.623962 0.069804 
-0.014041 -0.556862 0.073381 
0.493291 0.725044 0.207217 
0.499843 -0.279963 -0.079894 
0.395599 0.419896 -0.071372 
0.087854 -0.780838 -0.202535 
-0.519009 -0.424566 -0.202535 
0.598766 0.141591 0.207217 
0.181878 -0.956980 0.066208 
0.662004 -0.258453 0.207217 
0.206223 0.530795 0.207217 
-0.359015 -0.556452 0.207217 
0.042092 0.856377 0.207217 
0.577730 -0.769096 0.207217 
-0.743701 0.351554 -0.202535 
0.690820 0.676371 0.087026 
-0.456195 0.372175 -0.062141 
0.238859 0.663255 0.207217 
-0.351028 -0.911918 -0.096570 
-0.544914 0.677469 0.207217 
0.139978 -0.963981 -0.116994 
0.772707 -0.585300 -0.094472 
0.049775 0.645542 0.207217 
0.156569 0.556801 0.016880 
0.569839 0.781964 -0.113396 
-0.200157 0.950994 0.091320 
-0.959069 0.193170 -0.064517 
0.190209 -0.554779 -0.060251 
0.550180 -0.014183 0.068344 
-0.595882 0.771194 0.092599 
0.008962 -0.681032 0.207217 
-0.861491 0.461365 0.087087 
-0.021778 0.539927 0.091693 
-0.965863 0.155674 0.177934 
-0.963305 -0.176442 -0.113063 
-0.907937 0.010676 -0.202535 
0.279916 0.546434 -0.202535 
-0.785919 0.237812 -0.202535 
-0.337003 0.390245 -0.167643 
-0.212234 0.948294 -0.078095 
0.716535 0.605566 -0.202535 
-0.467390 -0.725318 0.207217 
-0.528634 -0.254704 -0.076304 
0.438997 -0.259441 0.144850 
-0.615235 0.652560 -0.202535 
0.440998 0.424314 -0.202535 
-0.285829 -0.491122 0.064095 
-0.099189 0.674292 -0.191656 
0.843393 0.118273 -0.202535 
0.598746 -0.567601 -0.202535 
-0.373534 -0.765619 -0.202535 
-0.500210 -0.173730 0.154226 
-0.844938 -0.494685 -0.065165 
-0.582846 0.054977 0.045782 
0.884998 -0.392316 -0.164378 
0.952324 0.164390 -0.032413 
-0.664915 -0.097668 0.207217 
0.138224 0.958125 -0.202479 
-0.438918 0.282288 -0.161567 
0.535415 0.492572 -0.202535 
0.076509 0.614233 -0.189371 
0.365279 -0.798186 -0.202535 
-0.130584 0.535862 -0.114675 
-0.897711 0.386418 -0.126206 
-0.554832 -0.062080 -0.115355 
-0.933800 -0.295497 0.094464 
0.400724 -0.609300 0.207217 
-0.882553 0.175696 -0.202535 
0.845841 -0.472598 -0.067668 
-0.387731 -0.403239 0.075059 
0.579290 0.270663 0.207217 
-0.300288 0.460056 0.082385 
0.289381 -0.437252 0.119726 
-0.971849 -0.121289 0.069919 
0.670160 -0.301236 -0.202535 
0.474491 0.340742 -0.050615 
0.808710 0.529258 0.124991 
0.848648 -0.006818 0.207217 
-0.424167 0.876331 0.002801 
0.379016 0.354551 0.156452 
-0.550197 -0.118568 0.071478 
0.619984 0.559035 0.207217 
0.570950 0.781101 0.152436 
-0.558741 -0.530625 -0.202535 
0.086996 -0.527733 -0.140742 
-0.634974 -0.744578 -0.199432 
-0.316429 0.919756 0.098748 
0.561385 -0.792701 -0.154911 
-0.795174 0.137254 0.207217 
0.183690 0.534625 -0.091651 
-0.284436 -0.432122 -0.169423 
0.961356 0.099055 0.189884 
-0.747969 0.510339 -0.202535 
-0.977229 0.059758 -0.042538 
0.933637 -0.254207 -0.049353 
-0.295558 -0.931107 0.156368 
0.524589 -0.116020 0.090976 
-0.482874 0.709717 -0.202535 
0.424366 -0.302954 -0.152213 
-0.212066 0.580077 -0.202535 
0.892841 0.369575 -0.043178 
0.195080 -0.626090 0.207217 
0.963619 0.075107 -0.101606 
0.338610 0.461291 0.027521 
-0.218386 -0.951537 0.084150 
-0.037350 -0.580836 -0.078489 
0.784213 0.463343 -0.202535 
-0.357319 0.885928 0.207217 
-0.793878 -0.459697 -0.202535 
0.208628 0.494294 0.094453 
-0.237991 -0.688104 0.207217 
0.772435 -0.094711 -0.202535 
0.914542 0.312051 0.141885 
0.888491 -0.384244 0.064101 
-0.434861 0.493913 -0.202535 
-0.805588 -0.290360 0.207217 
-0.070921 0.871107 0.207217 
0.296373 0.922600 -0.180618 
-0.171400 0.571699 0.207217 
-0.189274 -0.486020 0.133843 
-0.314766 0.662727 0.207217 
-0.475245 -0.257687 -0.184625 
-0.568448 -0.667116 0.207217 
0.228778 -0.605674 -0.202535 
0.614256 0.158369 -0.202535 
-0.696863 0.682486 -0.072075 
0.696678 0.106270 0.207217 
-0.266498 -0.531686 -0.050541 
0.353837 -0.448303 0.039046 
0.608454 -0.191986 -0.202535 
-0.164412 0.901469 -0.200459 
0.360429 0.898938 0.173085 
0.203371 0.947558 -0.122979 
0.966081 0.029538 0.105961 
-0.647700 -0.346102 0.207217 
0.540986 0.121958 -0.103072 
-0.531065 0.008918 0.121575 
-0.894041 -0.337630 -0.201647 
-0.606939 -0.186245 -0.196825 
0.392786 0.712377 -0.202535 
-0.939478 -0.275949 -0.115321 
-0.375743 0.842762 -0.202535 
0.362189 -0.902793 0.162763 
0.669926 -0.701882 -0.191968 
-0.373801 -0.418192 -0.111034 
-0.731145 0.646101 0.128935 
0.568132 -0.018626 -0.080374 
-0.699331 -0.548510 -0.202535 
-0.159366 0.920151 0.207217 
0.076452 0.535912 -0.125475 
0.248289 0.771861 0.207217 
-0.546294 0.168987 0.200160 
0.935245 0.064726 -0.202535 
0.614570 -0.347330 0.207217 
-0.682715 -0.290777 -0.202535 
-0.126586 0.533132 0.081488 
-0.528378 0.457645 -0.202535 
0.403987 -0.395693 -0.092937 
-0.901007 0.378800 0.047040 
0.256953 -0.814369 -0.202535 
-0.052438 0.871914 -0.198876 
-0.579941 -0.148035 -0.018976 
-0.043775 -0.765548 0.207217 
0.036853 -0.866283 -0.202535 
-0.616384 0.434963 0.207217 
0.279298 -0.450304 -0.182615 
-0.430534 0.716732 0.207217 
0.306709 -0.578730 0.207217 
0.262351 0.782800 -0.202535 
-0.142654 -0.506562 -0.155597 
0.616705 0.045000 -0.202535 
-0.381597 0.443911 0.207217 
-0.715329 -0.668637 -0.164768 
-0.008286 0.970783 0.017653 
0.173937 0.841182 0.207217 
0.493424 -0.459022 0.207217 
0.526694 -0.182273 -0.100291 
0.956317 -0.143797 -0.148856 
0.127423 0.814642 -0.197091 
-0.606569 0.555201 -0.202535 
-0.550064 -0.348041 0.207217 
-0.112959 0.661843 0.207217 
0.728636 -0.391434 -0.202535 
0.814988 0.520020 -0.027641 
0.123004 -0.966669 -0.021011 
0.502410 -0.567091 0.207217 
-0.920408 -0.334148 -0.022315 
-0.475729 -0.291949 0.076755 
-0.419903 0.399090 0.041469 
-0.358950 -0.556482 -0.202535 
0.397659 -0.706335 0.207217 
0.044860 0.550500 0.187956 
0.500590 -0.832714 0.188107 
-0.441281 0.361499 0.200841 
-0.749332 -0.036568 -0.202535 
0.763292 -0.314876 0.207217 
-0.847302 -0.490687 0.092138 
0.485605 0.836960 -0.158533 
-0.333092 0.479459 -0.202535 
-0.160376 -0.877021 -0.202535 
-0.791748 -0.248589 -0.201157 
0.045904 -0.973836 0.135116 
0.815956 -0.523131 0.136873 
-0.389844 -0.896087 -0.008996 
0.038202 0.969461 -0.166062 
0.660987 -0.495901 -0.202535 
-0.775743 -0.597060 0.133888 
-0.802435 0.498760 0.207217 
0.488312 0.399632 0.207217 
0.416826 -0.878493 0.047817 
-0.060003 -0.611969 -0.202535 
-0.311332 0.921592 -0.104734 
0.454795 -0.314325 0.068092 
-0.017354 0.622279 -0.189464 
0.396071 -0.475825 -0.202535 
-0.566620 -0.797407 -0.083123 
0.522468 0.195975 0.197983 
-0.413754 -0.673456 -0.202535 
-0.829740 0.515766 -0.139296 
0.768758 -0.091416 0.207217 
-0.953229 0.219292 0.063689 
-0.978682 -0.020076 -0.137127 
-0.733586 0.245393 0.207217 
0.641923 0.723116 -0.106151 
0.666237 0.365058 -0.202535 
-0.726559 0.131973 -0.202535 
0.421837 0.665130 0.207217 
-0.510199 0.555654 0.207217 
0.878058 0.403735 0.109492 
0.857547 0.445243 -0.094639 
-0.961719 -0.185930 0.146924 
0.360965 0.625664 -0.202535 
0.292422 0.923868 0.087387 
-0.390361 -0.358775 0.155533 
0.328567 0.504293 0.207217 
0.314495 -0.838008 0.207217 
0.623251 0.739578 0.080811 
-0.227304 0.514012 0.063141 
0.472726 0.260077 -0.123481 
-0.402334 -0.790527 0.207217 
-0.275618 0.833940 0.207217 
0.538311 0.184558 0.033398 
0.965986 -0.037193 -0.078869 
0.137925 0.591815 0.207217 
-0.937584 -0.282470 0.187196 
-0.862812 0.336400 0.207217 
0.513705 0.045574 0.126209 
0.256685 -0.496905 -0.104297 
0.309154 0.472800 -0.089380 
0.170677 0.624035 -0.202535 
0.671080 0.484498 0.207217 
0.163839 0.955584 -0.015227 
-0.565506 0.172779 0.010757 
-0.591821 0.024973 -0.059794 
-0.627387 0.741914 -0.202535 
0.712625 0.653316 0.002620 
-0.544846 -0.508076 0.207217 
0.493751 0.145083 -0.176084 
0.117391 -0.944161 -0.202535 
0.032669 -0.563625 -0.202535 
0.907933 0.282639 -0.202535 
-0.720129 -0.663213 0.197667 
-0.598786 0.768941 -0.001233 
-0.057972 0.573126 -0.078440 
0.316632 -0.652733 -0.202535 
-0.036812 0.969886 -0.098298 
-0.079152 0.967801 0.087089 
0.498887 -0.628148 -0.202535 
0.728471 -0.639961 -0.024913 
0.926778 -0.232475 0.207217 
0.200196 0.948268 0.156283 
-0.826819 0.022116 0.207217 
0.380487 -0.894875 -0.124869 
-0.979036 -0.008792 0.190574 
-0.411375 0.628176 -0.202535 
0.203132 0.465302 -0.169029 
0.649189 -0.001063 0.207217 
-0.866111 -0.456916 -0.142634 
0.053521 -0.923043 0.207217 
-0.226165 -0.616384 -0.190497 
-0.721338 -0.486500 0.207217 
0.061425 0.552056 0.065278 
-0.432178 0.815556 0.207217 
0.374232 0.892965 -0.118659 
-0.957454 0.200397 -0.163396 
0.814942 -0.237253 -0.202535 
0.810088 -0.467203 0.207217 
-0.433705 0.285233 0.137324 
0.647430 -0.589897 0.207217 
-0.030245 0.581271 0.012244 
0.155369 -0.705418 -0.202535 
0.393555 -0.589896 -0.202535 
0.920616 -0.299023 -0.130777 
-0.532924 0.815688 -0.121884 
0.962984 -0.086448 0.163894 
0.468268 0.213699 0.127361 
-0.674853 0.600691 0.207217 
-0.645018 0.017722 0.207217 
0.786084 -0.567168 -0.186853 
0.616095 -0.750503 -0.097510 
-0.467154 -0.494658 -0.202535 
0.523370 -0.457352 -0.202535 
-0.548323 -0.634689 -0.202535 
-0.427375 -0.648119 0.207217 
-0.073929 -0.747770 -0.202535 
-0.296867 0.449081 0.169123 
-0.437013 -0.874402 0.135923 
-0.942248 0.261798 0.203852 
0.589082 0.645020 0.207217 
0.549436 0.796205 -0.022813 
-0.559981 -0.035571 -0.198786 
0.206695 -0.490703 0.108190 
-0.610703 0.242580 0.207217 
-0.656235 -0.372893 -0.202535 
0.569280 -0.274146 0.207217 
-0.384516 0.422560 -0.091201 
-0.255602 0.588713 0.207217 
0.505288 0.511045 0.207217 
-0.525976 0.820275 0.083693 
0.211058 -0.950457 0.149631 
-0.526614 0.385044 0.207217 
-0.308308 0.472522 -0.099882 
0.549461 -0.049658 -0.200353 
0.108082 -0.792530 0.207217 
0.952468 -0.168097 0.065913 
0.699991 -0.671817 0.126277 
0.923694 -0.288430 0.027864 
-0.630442 -0.555823 0.207217 
0.433731 -0.386267 0.207217 
0.487073 -0.196711 0.112365 
-0.474819 -0.331265 -0.087516 
0.137000 -0.572372 0.003172 
0.455849 0.853993 0.008742 
-0.121702 -0.968396 0.172624 
0.039519 0.969419 0.163766 
-0.134178 0.541318 -0.198873 
0.057053 -0.973357 -0.104526 
0.147548 -0.556374 0.207217 
-0.319700 -0.830430 -0.199255 
0.915709 -0.313427 0.136023 
0.261504 -0.937468 -0.159981 
-0.288269 0.746629 -0.202535 
-0.195889 0.951948 0.007450 
-0.218004 0.803085 -0.202535 
0.861512 -0.442078 0.009585 
-0.661304 0.335916 -0.202535 
-0.429490 -0.511072 0.207217 
0.590643 -0.770444 0.124464 
-0.169088 -0.961296 0.010609 
0.479308 -0.845301 -0.119326 
0.668264 0.308141 0.207217 
-0.855090 0.346740 -0.202535 
0.750375 0.213292 -0.202535 
0.019406 -0.516457 0.138140 
0.430190 0.867066 0.111922 
0.938540 0.230618 0.076436 
-0.482063 -0.832212 -0.202535 
0.127559 -0.883128 0.207217 
0.392316 0.491622 -0.202535 
0.581299 -0.275759 -0.202535 
0.704640 0.662374 0.178046 
0.771152 0.455311 0.207217 
-0.264399 -0.497592 0.191887 
-0.526597 0.257986 0.035063 
0.373887 0.823823 0.207217 
-0.141364 -0.598337 0.207217 
-0.086997 0.510631 0.150448 
0.523553 0.673439 -0.202535 
0.490780 -0.838516 0.004221 
0.646673 -0.449201 0.207217 
0.574081 -0.783291 0.033731 
-0.415262 0.519254 0.207217 
-0.794997 -0.178289 0.207217 
-0.723317 -0.293996 0.207217 
0.880158 0.352621 0.207217 
0.637667 0.560242 -0.202535 
-0.595675 0.752383 0.207217 
0.830733 -0.368131 0.207217 
-0.788751 0.410949 0.207217 
-0.203184 -0.954935 -0.151684 
-0.974213 -0.096273 -0.098665 
-0.265544 -0.874320 0.207217 
0.766415 0.588792 -0.057981 
0.495566 0.334765 -0.202535 
-0.486155 0.230066 0.107323 
-0.520854 -0.827921 0.014512 
0.584625 -0.687916 0.207217 
0.692294 -0.679514 0.038192 
-0.110690 -0.506390 0.138045 
0.371250 0.894254 -0.031238 
-0.788428 -0.161727 -0.202535 
0.808972 0.207696 0.207217 
0.331840 -0.914448 -0.040289 
0.326235 -0.462089 0.200900 
-0.308452 -0.631026 0.207217 
-0.224232 -0.508916 -0.115805 
0.059552 0.757104 0.207217 
0.440250 0.566109 0.207217 
-0.651735 -0.729803 0.038725 
-0.226717 0.945057 -0.163783 
-0.734683 -0.058047 0.207217 
-0.820902 0.529208 0.135342 
-0.523788 0.110797 -0.145118 
0.264477 0.587318 0.207217 
0.726626 0.007253 -0.202535 
-0.300146 -0.480689 -0.102386 
0.792537 0.358177 0.207217 
-0.033635 -0.974604 0.100935 
0.447344 0.649052 -0.202535 
-0.879020 -0.431579 0.135751 
-0.153664 0.959122 -0.131487 
0.845265 0.333035 -0.202535 
0.730609 -0.474123 0.207217 
-0.967142 -0.152214 -0.037218 
0.338678 0.403346 0.108244 
-0.233439 -0.695321 -0.195759 
-0.891038 0.401837 -0.033180 
-0.803432 0.151779 -0.202535 
0.558261 0.347078 0.207217 
-0.125369 0.753458 0.207217 
0.611045 -0.198039 0.207217 
-0.697853 -0.113152 -0.202535 
-0.046289 -0.589378 -0.000597 
-0.723955 0.101561 0.207217 
-0.285436 -0.934048 -0.134186 
0.557559 -0.112212 0.207217 
-0.002584 -0.781004 -0.202535 
-0.906962 -0.130140 -0.202535 
-0.477624 -0.334011 -0.202535 
0.810691 -0.404930 -0.202535 
0.165201 -0.793329 -0.202535 
0.675387 -0.120877 -0.202535 
-0.302774 -0.929010 -0.036525 
0.400627 -0.377453 0.074871 
-0.802752 0.555915 -0.027761 
-0.034191 -0.894639 0.207217 
0.274349 0.929119 0.011498 
-0.517830 0.294606 -0.202535 
-0.629847 -0.749099 0.111148 
-0.879399 -0.430836 -0.036704 
0.454934 -0.759174 0.207217 
-0.838729 -0.393165 0.207217 
-0.720014 0.537304 0.207217 
-0.044370 -0.974266 0.006547 
0.281261 -0.522330 -0.031701 
-0.065232 -0.911146 -0.202535 
-0.898971 0.129499 0.207217 
-0.556112 -0.155661 0.204874 
-0.500102 0.217683 -0.130602 
0.475786 -0.719444 -0.202535 
-0.934532 0.288358 -0.127335 
-0.905814 -0.030079 0.207217 
0.433030 0.291282 0.115223 
0.139486 0.959442 0.110248 
0.244935 -0.530468 -0.202535 
-0.868730 0.076842 -0.202535 
0.897575 0.138371 0.207217 
0.227326 -0.746641 0.207217 
-0.587021 -0.779877 0.207217 
-0.688164 0.357549 0.207217 
-0.295007 0.509988 0.001490 
-0.973999 0.093925 0.133406 
-0.363733 -0.907343 0.130895 
-0.038041 -0.974465 -0.158669 
0.746159 0.535034 -0.202535 
0.354443 0.368585 -0.162423 
-0.834839 -0.011341 -0.202535 
0.778053 0.076399 -0.202535 
-0.481175 0.846769 -0.075750 
0.725485 -0.643348 -0.106949 
-0.551662 0.477736 0.207217 
-0.591127 0.038222 -0.202535 
0.560628 -0.424295 0.207217 
0.545162 0.087641 0.065093 
-0.699155 0.680194 -0.154392 
0.141109 0.667402 0.207217 
0.043772 -0.752886 0.207217 
-0.504143 0.747713 0.207217 
-0.698178 -0.685788 -0.088169 
0.592037 -0.118370 -0.202535 
-0.200811 0.744192 0.207217 
0.011666 -0.547028 -0.124682 
0.847008 0.465927 0.139195 
-0.555791 -0.136041 -0.096902 
-0.710636 -0.424953 -0.202535 
-0.694312 0.563135 -0.202535 
-0.024971 -0.612870 0.207217 
-0.513398 0.108172 0.150515 
0.333802 0.758958 -0.202535 
0.578415 0.058636 0.207217 
0.245228 -0.942197 0.028711 
0.917416 0.275542 0.207217 
0.445894 -0.863682 0.147419 
0.518469 -0.068668 0.160522 
0.720693 0.423742 -0.202535 
-0.403721 -0.435135 0.001931 
0.856685 0.446934 -0.182856 
0.459608 -0.342938 -0.080774 
-0.749943 0.624779 0.059830 
0.855709 -0.209393 0.207217 
-0.119754 -0.581798 -0.011357 
-0.607414 -0.766865 -0.023093 
-0.639405 -0.629849 0.207217 
-0.188736 -0.869026 0.207217 
-0.156446 -0.587076 -0.202535 
-0.152190 -0.735904 -0.202535 
0.005201 0.814567 -0.196682 
-0.599343 0.626865 0.207217 
-0.333476 0.913619 -0.175219 
-0.228625 0.514229 0.195866 
0.325012 0.674687 0.207217 
0.323085 -0.736721 -0.202535 
0.628671 -0.739418 -0.013264 
-0.342859 -0.903529 -0.202135 
-0.558961 -0.126563 -0.202535 
-0.652848 0.724204 0.089590 
0.510638 0.282686 -0.009031 
0.555281 -0.184976 -0.032300 
0.169172 -0.562181 -0.202535 
0.866052 -0.057165 -0.202535 
0.732282 -0.635638 0.204090 
-0.448753 -0.402301 -0.202535 
0.419732 0.766167 0.207217 
-0.389971 -0.444571 0.207217 
0.737620 0.624965 0.124268 
0.363147 0.416779 0.191694 
-0.522665 -0.826851 0.087671 
0.632179 -0.640166 -0.202535 
-0.899286 0.382777 0.142507 
-0.293753 -0.589136 -0.202535 
0.870755 -0.288773 -0.202535 
0.564786 0.785773 -0.186028 
0.157356 -0.526655 -0.118927 
-0.518850 -0.250919 0.203650 
-0.210602 -0.547567 0.034187 
0.609802 0.427262 -0.202535 
-0.978087 0.034379 -0.185274 
-0.570562 -0.042464 0.061031 
0.121726 0.962255 -0.117141 
0.889430 0.174349 -0.202535 
-0.560046 0.699650 -0.202535 
0.523890 0.100775 0.172112 
-0.762112 -0.614633 -0.152504 
-0.782571 0.583639 -0.144081 
-0.272966 0.619317 -0.202535 
0.824329 0.504356 0.204395 
-0.127238 0.963256 0.140916 
-0.519646 -0.287762 0.004056 
0.131751 0.569314 -0.055346 
0.963298 -0.083130 -0.018415 
-0.264324 0.935563 0.044518 
0.640377 0.642750 -0.202535 
-0.046370 0.689467 0.207217 
0.473493 -0.181351 -0.169768 
-0.072667 0.762307 -0.194825 
0.839754 -0.078158 0.207217 
0.616589 -0.750068 -0.172070 
0.578052 -0.037751 0.002496 
-0.344236 0.592302 0.207217 
-0.396080 0.339783 -0.160350 
-0.977932 0.039304 0.026112 
0.113973 0.886190 0.207217 
0.564029 0.155540 -0.026765 
-0.431838 -0.397609 -0.074697 
-0.687871 -0.696096 0.131923 
-0.423146 -0.881467 -0.132123 
0.335042 -0.645883 0.207217 
0.439820 -0.416516 -0.202535 
0.642139 0.393872 0.207217 
-0.473553 0.851167 -0.146209 
-0.571438 -0.596174 0.207217 
-0.889289 -0.145079 0.207217 
0.515480 -0.305963 -0.202535 
0.592036 -0.474370 -0.202535 
-0.588564 0.095967 -0.011591 
-0.950499 -0.236124 -0.056530 
-0.499829 0.327335 -0.029158 
-0.759316 -0.618238 0.032300 
0.515696 0.402875 -0.202535 
-0.851333 0.266063 -0.202535 
-0.004614 0.909403 0.207217 
0.294853 0.453848 0.085522 
-0.596008 0.262940 -0.202535 
-0.181834 0.553918 0.027074 
-0.956785 -0.208003 -0.175635 
0.846508 -0.471471 0.100112 
-0.169780 0.721138 -0.202535 
0.811869 -0.529227 -0.110998 
0.556765 -0.091331 -0.091469 
-0.303675 -0.783467 0.207217 
0.311710 -0.767895 0.207217 
-0.785150 -0.584932 -0.087532 
0.952081 -0.170539 0.165615 
0.484995 -0.275649 0.195239 
-0.938439 -0.279527 -0.190962 
-0.357323 0.456153 0.041801 
-0.081943 0.595095 -0.188627 
0.939171 -0.232415 -0.119423 
-0.282323 -0.745486 -0.195777 
0.510821 -0.287897 -0.011242 
-0.170212 0.560675 -0.060950 
0.205149 0.936280 -0.202535 
-0.977729 -0.050394 0.043565 
-0.819389 0.271695 0.207217 
-0.873887 -0.304987 0.207217 
0.548275 0.041386 -0.109803 
0.662021 -0.521738 0.207217 
-0.574004 0.115632 -0.202535 
0.397799 -0.887383 -0.191879 
-0.547539 -0.810374 -0.148775 
0.061415 0.710060 -0.192874 
0.561295 0.739136 0.207217 
0.115441 -0.967839 0.082624 
0.082848 0.966302 0.011938 
-0.111201 -0.781159 0.207217 
-0.669882 -0.430514 0.207217 
-0.199075 0.505600 -0.127217 
0.050456 -0.973693 -0.029319 
-0.551812 0.201223 -0.070475 
0.469120 0.330775 0.021817 
-0.435569 -0.347940 0.077007 
0.724171 -0.460093 -0.202535 
-0.712626 0.666723 0.206868 
0.862633 0.052260 -0.202535 
0.767257 0.587709 -0.130591 
-0.459802 -0.365262 0.207217 
-0.552753 0.304564 0.207217 
0.075457 -0.669827 -0.202535 
-0.468878 0.853549 0.161560 
0.681524 0.604737 0.207217 
0.760083 0.279095 0.207217 
-0.468376 -0.858422 -0.017227 
-0.953448 0.218312 0.132166 
-0.822151 -0.531987 -0.008240 
0.236349 0.605020 -0.202535 
0.856038 -0.452822 -0.151452 
0.961716 0.095241 0.034227 
-0.969894 0.083187 0.207217 
0.522701 -0.012862 -0.146002 
-0.821055 -0.397099 -0.202535 
0.938799 0.229459 -0.017078 
0.408988 -0.422336 -0.028851 
-0.467714 0.311462 -0.107163 
0.770162 -0.588580 -0.009024 
-0.459346 -0.241098 0.143211 
0.033082 0.544923 -0.186610 
0.948775 0.184828 -0.097101 
-0.820838 -0.533919 0.137327 
-0.359320 0.904315 -0.059913 
0.632559 0.200426 0.207217 
-0.756716 0.616972 -0.010718 
-0.592295 0.184302 -0.202535 
0.218521 0.944171 -0.057117 
-0.380463 -0.388418 -0.187121 
0.513775 -0.775259 -0.202535 
0.070508 -0.653551 0.207217 
0.200457 0.756145 -0.202535 
-0.658708 -0.245848 0.207217 
0.871600 0.076118 0.207217 
-0.309196 0.832607 -0.202535 
-0.299090 0.728132 0.207217 
-0.274513 -0.454472 0.119268 
-0.561094 0.766804 -0.202535 
-0.134177 0.962208 -0.195954 
0.233454 0.521874 0.031208 
0.278966 0.927777 0.167598 
0.787731 0.155641 -0.202535 
-0.483444 -0.651555 -0.202535 
-0.658366 0.719338 -0.007295 
-0.012283 0.970658 0.088526 
0.737466 -0.253114 0.207217 
-0.407514 0.561382 -0.202535 
-0.160601 0.650314 -0.202535 
0.915940 -0.067194 0.207217 
-0.684725 0.002105 -0.202535 
-0.657282 0.098282 0.207217 
-0.103693 -0.548923 -0.111392 
0.241570 0.487627 -0.119325 
-0.236111 -0.947575 -0.018067 
-0.838620 0.500750 0.022738 
0.172888 0.484362 0.149682 
0.010102 0.512488 0.145855 
0.877769 -0.409020 -0.085332 
-0.713243 -0.670723 -0.000213 
-0.971279 0.121478 -0.099715 
-0.626141 -0.188072 0.207217 
0.753219 -0.610424 0.133706 
-0.390255 0.410996 -0.202535 
0.463398 0.219268 -0.174664 
0.519675 0.816430 0.174462 
-0.776897 -0.592522 0.207217 
0.639265 -0.730076 0.178264 
0.434993 0.789800 -0.202535 
0.123846 -0.566701 -0.078600 
-0.965260 0.159474 -0.008167 
0.906713 -0.338415 0.203569 
-0.936136 0.282835 0.067647 
-0.493725 0.619460 0.207217 
-0.091186 0.966664 -0.058368 
0.660634 -0.232203 -0.202535 
0.021032 -0.586626 0.018124 
0.816239 -0.158819 -0.202535 
0.662497 0.704694 0.144332 
-0.254938 0.509794 -0.202535 
0.937937 -0.109746 -0.202535 
-0.332665 -0.432269 0.095746 
-0.150408 -0.801452 -0.202535 
0.260226 0.485108 0.188465 
-0.498678 0.191101 0.160919 
0.086939 -0.574619 0.045387 
0.345087 0.553187 -0.202535 
-0.374079 -0.902909 0.054205 
-0.944189 -0.204285 0.207217 
0.906355 -0.005736 -0.202535 
-0.432661 0.770958 -0.202535 
-0.362871 0.903036 0.144561 
-0.360970 0.903721 0.053941 
0.200071 -0.952913 -0.144730 
-0.837214 -0.507746 -0.194988 
-0.317297 -0.506399 -0.202535 
-0.860783 0.462755 -0.117679 
0.582379 0.101623 -0.202535 
-0.510760 -0.095699 0.140531 
-0.900218 -0.065473 -0.202535 
0.171651 -0.501801 0.161771 
-0.015113 0.938168 -0.201320 
0.633473 0.308987 -0.202535 
-0.516252 0.370131 -0.202535 
0.507978 0.578843 -0.202535 
0.814911 -0.524750 -0.044792 
-0.620114 0.394086 -0.202535 
-0.476108 -0.805240 0.207217 
0.942290 -0.218460 0.026660 
-0.192460 0.952715 0.155466 
0.953945 0.154153 0.156936 
-0.560883 -0.208210 -0.045088 
-0.817565 0.520692 -0.202535 
0.431488 0.357923 -0.095587 
0.115848 0.497869 -0.171781 
-0.368698 0.403299 0.088697 
0.899394 0.354127 0.071170 
-0.789326 0.306128 -0.202535 
0.550356 -0.610046 0.207217 
0.387607 0.433959 -0.009071 
-0.565569 0.003304 0.192603 
0.248029 -0.465655 0.159993 
0.315942 -0.435410 -0.131913 
0.966325 -0.026402 0.137668 
0.186752 -0.935474 0.207217 
-0.540339 -0.417339 0.207217 
0.120213 0.805944 0.207217 
0.308948 0.832944 -0.202535 
-0.659771 0.185217 -0.202535 
-0.664312 -0.683777 -0.202535 
0.730623 0.276314 -0.202535 
-0.664079 0.506034 0.207217 
0.309889 -0.850423 -0.202535 
0.795355 0.031390 0.207217 
-0.854626 -0.478303 0.004191 
-0.488781 0.539191 -0.202535 
0.883522 0.391110 0.016324 
-0.663657 -0.719291 -0.140090 
-0.731514 0.645682 -0.111441 
-0.371489 0.692051 0.207217 
0.669346 -0.560814 -0.202535 
-0.622027 -0.259470 -0.201300 
-0.369886 -0.627219 -0.202535 
-0.797751 -0.036171 0.207217 
-0.722062 -0.125743 0.207217 
0.425700 -0.317724 0.166621 
-0.580293 -0.787903 0.120202 
-0.340125 -0.484035 0.207217 
0.092401 0.577521 0.002138 
0.498232 0.829492 -0.040099 
0.309128 0.797609 0.207217 
-0.778696 -0.516810 0.207217 
-0.337672 -0.836990 0.207217 
-0.471082 0.852426 0.078775 
0.548536 -0.801435 0.160883 
-0.123656 -0.968211 -0.082889 
-0.728934 0.182279 0.207217 
0.938919 0.227500 -0.202535 
0.592520 0.238907 -0.202535 
-0.137672 0.859632 0.207217 
-0.415273 0.420673 -0.036016 
0.675471 0.173871 -0.202535 
0.458423 -0.241023 -0.155665 
0.893587 -0.372468 0.132323 
-0.512461 -0.200865 0.089301 
-0.715661 -0.618204 -0.202535 
0.962244 -0.094276 -0.105075 
0.499852 -0.128218 0.152545 
0.760785 0.167397 0.207217 
-0.724506 0.224769 -0.202535 
-0.977538 0.051859 -0.125028 
-0.415757 0.880256 0.185143 
-0.052057 -0.695383 0.207217 
-0.604003 0.492613 -0.202535 
-0.562471 -0.704619 -0.202535 
-0.951531 -0.231509 0.072589 
-0.088183 0.512579 -0.156981 
-0.546588 0.090656 0.081916 
0.547260 -0.146810 0.041691 
-0.553184 0.063966 -0.116419 
0.065108 0.797575 -0.196161 
0.308210 -0.493798 0.026062 
0.380791 -0.418603 0.201874 
-0.083415 -0.686259 -0.202535 
0.449730 -0.786493 -0.202535 
-0.150992 0.489667 -0.168577 
-0.843916 -0.282384 -0.199172 
0.370200 -0.555142 0.207217 
-0.472496 -0.281127 -0.127113 
0.739085 -0.306631 -0.202535 
-0.206024 -0.517408 0.185363 
-0.448837 0.858531 -0.202535 
0.184127 0.916940 0.207217 
-0.160046 0.509232 0.166152 
0.551865 0.171888 -0.202535 
0.766721 -0.415763 0.207217 
-0.901726 -0.381754 0.107043 
0.442649 -0.335477 -0.201483 
0.679133 0.688058 -0.063870 
0.914444 0.312325 -0.035158 
0.966313 0.022160 -0.062046 
-0.944211 0.255042 -0.047967 
-0.599398 -0.773084 -0.157894 
0.556437 -0.357251 -0.202535 
-0.089169 0.930006 0.207217 
-0.626202 -0.565735 -0.202535 
0.526294 -0.175549 -0.202068 
0.095269 -0.846608 -0.202535 
-0.196438 -0.625916 0.207217 
-0.579249 0.784096 0.157037 
-0.977641 -0.053209 0.148042 
0.360726 0.437181 -0.202535 
-0.514793 -0.095368 -0.173233 
0.698750 -0.043670 0.207217 
0.337137 0.417639 -0.128571 
-0.083748 -0.641587 0.207217 
-0.422635 -0.816611 -0.202535 
-0.872654 -0.444071 0.203050 
-0.541974 -0.355170 -0.202535 
-0.744588 -0.635470 0.089371 
-0.617500 -0.036977 0.207217 
-0.407431 -0.713019 0.207217 
-0.705823 0.422329 -0.202535 
-0.532602 0.164054 -0.114921 
0.698437 -0.147636 0.207217 
-0.923055 -0.326795 0.043229 
-0.374245 -0.618213 0.207217 
0.518033 -0.756733 0.207217 
0.510275 0.172916 -0.124449 
-0.234642 -0.947903 0.156407 
-0.356178 -0.468598 0.027994 
0.396822 0.520282 0.207217 
0.749981 -0.614598 -0.156107 
0.290607 0.478656 -0.202535 
0.234181 0.505361 -0.202535 
-0.178376 -0.699713 0.207217 
-0.757426 0.577461 -0.202535 
0.383161 -0.893718 0.095868 
-0.465677 0.361769 0.010362 
0.153659 0.518777 0.087409 
0.246462 -0.585111 0.207217 
0.534420 -0.238578 -0.050981 
0.092160 -0.552835 -0.201584 
-0.452542 0.327772 -0.199000 
0.243775 -0.942619 0.099488 
0.402911 0.344655 0.101947 
-0.563284 -0.002719 -0.108809 
-0.108671 0.601686 0.207217 
0.104024 0.534731 0.180886 
0.567377 0.040933 0.034290 
0.183926 -0.685242 0.207217 
0.602262 0.495023 -0.202535 
0.384230 -0.765009 0.207217 
-0.000618 0.970680 -0.050270 
-0.415561 0.370702 -0.112587 
-0.593162 -0.428792 -0.202535 
0.880537 -0.220595 -0.202535 
-0.060094 -0.528352 0.114194 
0.509495 0.667188 0.207217 
-0.699578 -0.483999 -0.202535 
0.667681 -0.361256 -0.202535 
0.325708 0.912039 0.037551 
0.179092 -0.533706 0.058038 
0.715562 -0.520774 -0.202535 
-0.860846 -0.179827 -0.202535 
-0.428248 -0.878869 -0.056488 
0.803529 0.536881 -0.183510 
-0.416405 0.335311 0.109925 
0.442555 0.378954 -0.001060 
-0.530869 -0.246078 -0.202535 
-0.300234 -0.546798 0.207217 
0.503142 0.826588 -0.099385 
0.573468 0.705799 -0.202535 
-0.674238 0.628497 -0.202535 
-0.978331 -0.031231 -0.198540 
0.966672 0.010726 -0.129478 
0.852858 -0.360091 -0.202535 
-0.888891 0.406798 -0.181212 
-0.919731 -0.336028 -0.141243 
-0.083444 0.813203 0.207217 
0.764855 0.100519 0.207217 
-0.217401 -0.557558 -0.030062 
0.607182 0.501297 0.207217 
-0.026709 0.680600 -0.191665 
-0.713541 0.283098 -0.202535 
0.643950 0.079784 0.207217 
0.838023 0.481201 -0.137146 
0.806097 0.533102 0.029190 
-0.927302 0.103525 -0.202535 
-0.810392 0.201279 0.207217 
-0.781127 0.585501 0.141387 
-0.236166 -0.833007 -0.202535 
-0.970643 -0.130111 -0.148662 
0.220813 -0.937102 -0.202535 
0.403917 0.378613 -0.201786 
0.429827 0.855584 -0.202535 
0.180095 -0.957378 -0.074533 
-0.068823 0.555549 0.060264 
-0.467169 -0.859037 0.185551 
-0.666333 -0.716931 -0.036126 
-0.775972 -0.577716 -0.202535 
0.795302 -0.553604 0.091220 
-0.529832 -0.822408 -0.043178 
0.809644 -0.142706 0.207217 
0.947246 -0.196288 -0.173261 
0.007713 -0.630707 -0.202535 
0.413333 -0.880174 0.207217 
-0.123343 0.859820 -0.198673 
-0.140883 -0.965764 0.105491 
-0.754281 -0.097675 -0.202535 
-0.249160 0.939969 -0.013545 
-0.344363 -0.914317 0.187065 
-0.010188 -0.939430 -0.202535 
-0.484075 0.249157 -0.188731 
-0.705115 0.301813 0.207217 
-0.920875 0.183442 0.207217 
0.793752 0.306050 -0.202535 
0.346196 0.904663 0.098127 
0.957600 -0.135693 0.113822 
0.075127 -0.526952 0.110928 
0.329538 -0.416625 0.164955 
-0.235014 0.884371 0.207217 
0.901204 -0.353719 0.016425 
-0.100098 -0.970438 -0.009143 
0.338829 -0.411633 0.103466 
-0.220138 -0.476735 -0.174603 
-0.598519 0.144810 0.207217 
-0.218919 -0.510431 0.077893 
-0.803307 0.555099 -0.085694 
-0.019419 0.812929 0.207217 
-0.555345 -0.174016 0.050427 
-0.469619 0.311614 0.192964 
0.526426 -0.059446 0.103171 
-0.584111 -0.101184 -0.060440 
-0.544610 0.554306 -0.202535 
-0.513416 -0.566524 -0.202535 
-0.587537 0.384930 0.207217 
0.789578 0.557408 0.181407 
0.478497 -0.248997 0.089395 
-0.916342 0.340824 -0.156298 
-0.686067 0.059806 -0.202535 
0.685600 -0.341652 0.207217 
0.725068 0.504715 0.207217 
-0.185453 -0.928892 -0.202535 
-0.921057 0.327727 0.182538 
0.914563 -0.316611 -0.075676 
-0.141958 0.960975 0.085343 
-0.535715 0.198738 0.060417 
-0.925329 0.315861 -0.077675 
-0.692498 0.686851 0.116645 
-0.578520 0.608327 -0.202535 
-0.467549 0.672759 0.207217 
0.500263 0.221425 0.072995 
0.937506 0.235244 -0.142398 
0.477416 0.841802 0.132728 
0.960339 0.109806 -0.048228 
-0.417921 -0.524111 -0.202535 
-0.951599 0.226587 -0.110505 
0.117443 -0.520265 0.164282 
0.690063 0.677128 -0.129062 
-0.474938 0.850458 -0.003268 
0.326248 -0.905764 0.207217 
-0.952173 0.224018 0.006660 
-0.023134 0.542098 -0.125146 
0.742283 0.619677 0.067146 
0.504696 -0.830286 -0.050661 
0.599877 -0.073825 0.207217 
-0.728020 -0.654262 0.141892 
0.289383 0.497314 0.021432 
-0.425992 -0.315527 0.122913 
0.885927 0.385551 -0.099925 
0.319591 -0.918858 -0.142254 
0.438751 -0.443010 0.207217 
0.353336 -0.471000 -0.013198 
0.811281 -0.530093 0.205637 
0.657360 -0.714125 0.126728 
0.177423 -0.646364 -0.202535 
-0.265492 -0.939842 -0.081337 
0.789985 0.406857 -0.202535 
0.091187 0.926366 -0.201071 
0.664522 0.702669 0.044191 
0.515853 0.092301 -0.144913 
-0.008041 0.647743 0.207217 
-0.218054 -0.741126 0.207217 
-0.491740 -0.648945 0.207217 
0.412136 0.876265 0.169170 
-0.262400 0.936123 0.102368 
-0.152654 -0.825518 0.207217 
0.554953 -0.621096 -0.202535 
0.216018 -0.878502 0.207217 
0.471907 -0.519537 0.207217 
-0.253297 0.462809 0.118354 
0.744492 0.617056 0.194922 
-0.670759 0.705949 -0.202535 
-0.466080 -0.705115 -0.202535 
0.071255 0.952954 0.207217 
0.216997 0.539491 -0.037839 
0.451304 0.479603 -0.202535 
-0.697251 -0.016135 0.207217 
-0.247788 0.785190 0.207217 
0.539821 -0.536305 -0.202535 
0.794633 -0.024663 0.207217 
0.471461 0.284270 -0.200234 
0.144420 0.902526 -0.200453 
-0.591115 -0.108166 0.207217 
-0.677663 0.246393 0.207217 
-0.554937 0.246746 0.207217 
0.836294 0.484124 0.087426 
-0.973658 0.097532 0.006225 
0.299778 -0.925991 0.159043 
-0.177894 0.513066 0.090613 
-0.102126 -0.929214 0.207217 
-0.819648 -0.535672 -0.093330 
-0.655734 0.721660 -0.146823 
0.691385 0.050516 0.207217 
0.196949 -0.742491 -0.202535 
0.019466 0.970049 -0.102266 
-0.495769 -0.478832 0.207217 
0.435908 0.345577 0.195717 
0.634060 0.261177 0.207217 
0.074985 -0.971663 0.190947 
-0.481840 -0.538488 0.207217 
0.032464 0.698332 0.207217 
-0.280118 0.930975 -0.157959 
0.388467 -0.365276 -0.136695 
0.582166 0.006135 -0.031234 
0.132576 0.583040 -0.201181 
0.690667 0.666157 -0.202535 
-0.259734 0.644335 0.207217 
0.914339 -0.317235 -0.183433 
0.260567 0.446551 -0.156228 
0.223471 0.461837 0.148653 
-0.972683 -0.112469 0.000942 
-0.586350 -0.045591 -0.072924 
-0.873988 0.436838 0.006142 
0.886253 0.192520 0.207217 
0.949921 -0.184176 -0.089456 
0.280908 0.927213 -0.127837 
-0.734664 -0.273672 -0.195199 
-0.592510 0.016303 0.007641 
-0.844010 0.074536 0.207217 
0.112944 0.963457 -0.034992 
0.966489 -0.021175 0.082768 
-0.648125 0.652565 0.207217 
-0.480622 -0.336000 0.044036 
-0.711030 -0.367316 -0.202535 
0.965586 0.045291 0.178696 
-0.249868 0.500159 -0.106691 
-0.557465 0.583863 0.207217 
0.940782 0.220585 0.130488 
0.323371 0.485225 -0.037732 
-0.409176 -0.374899 -0.119348 
0.527291 0.289901 -0.202535 
0.516362 -0.823299 -0.176065 
-0.367566 0.901111 -0.000502 
-0.887961 -0.413565 -0.168257 
-0.832130 0.511724 0.076120 
-0.767193 -0.456349 0.207217 
-0.022167 -0.561774 -0.202048 
0.449040 -0.579773 0.207217 
0.864320 -0.434791 -0.202535 
0.600177 0.758432 -0.049613 
0.382997 -0.746383 -0.202535 
-0.150784 0.701417 0.207217 
-0.593147 -0.383774 0.207217 
-0.538717 -0.043538 0.105515 
0.566363 0.103815 0.017323 
-0.949904 -0.238789 0.156660 
-0.634087 0.740745 -0.057250 
0.671329 -0.700479 -0.020725 
0.532892 -0.521699 0.207217 
0.369467 0.895027 -0.173019 
-0.342472 -0.428466 -0.190592 
0.237968 0.925957 0.207217 
-0.487346 -0.204385 -0.176569 
0.962474 0.087222 -0.160937 
0.622428 0.740303 -0.154118 
-0.485574 0.652957 -0.202535 
0.554774 0.558884 0.207217 
0.449017 0.258471 0.155730 
0.266647 0.720534 0.207217 
-0.254496 -0.929736 0.207217 
-0.525145 -0.209280 -0.106060 
0.099180 -0.969376 -0.152591 
-0.413715 0.881140 -0.050303 
-0.292463 0.927388 0.162274 
-0.285728 0.672115 -0.202535 
-0.665697 0.516986 -0.202535 
0.274532 -0.906362 -0.202535 
-0.901655 -0.381920 -0.044343 
0.260433 0.886817 -0.202535 
-0.517310 0.825400 0.139702 
0.132155 -0.519838 -0.185732 
-0.973671 -0.102020 0.124781 
-0.516369 -0.697224 0.207217 
0.139013 -0.654911 0.207217 
0.210852 -0.950503 -0.012353 
-0.597812 -0.719746 0.207217 
-0.181715 -0.959296 0.154998 
0.560577 -0.220696 0.207217 
0.039966 -0.553914 0.074555 
-0.774977 0.083626 0.207217 
-0.647783 -0.133573 -0.202535 
-0.570753 0.131104 0.044799 
0.097171 0.964948 0.143440 
0.032763 0.565988 -0.089135 
-0.576649 0.785974 -0.110598 
-0.327782 -0.430741 -0.137194 
0.491527 0.294191 -0.072066 
-0.022457 -0.841921 0.207217 
0.564093 -0.080127 0.032931 
-0.265010 -0.529816 0.003405 
-0.058509 0.969205 -0.004491 
0.317849 0.453598 0.192314 
-0.962819 -0.179506 0.048655 
-0.153314 -0.747501 0.207217 
-0.883724 0.417730 -0.084167 
0.463698 -0.703739 0.207217 
0.173482 0.500195 -0.140611 
0.917252 -0.309143 0.077190 
0.511248 0.268979 0.207217 
0.704894 -0.075922 -0.202535 
-0.568624 -0.583469 -0.202535 
0.188477 -0.556965 0.003312 
0.497132 0.165074 0.162100 
0.680099 0.537436 0.207217 
0.662733 0.072634 -0.202535 
0.005888 -0.975094 -0.059145 
0.011824 0.588124 0.207217 
-0.537105 -0.760275 0.207217 
0.958163 0.127522 -0.111455 
-0.794256 -0.237992 0.207217 
-0.520536 -0.021142 -0.165594 
-0.583268 -0.089628 0.024965 
0.622927 0.739863 0.136469 
0.944910 0.117549 -0.202535 
-0.280107 0.566357 -0.202535 
0.965757 -0.044468 0.018377 
0.922115 0.057505 0.207217 
0.733346 0.629814 -0.040608 
0.897873 -0.362564 -0.122022 
0.306796 -0.464004 0.070278 
-0.270930 -0.938262 0.071946 
-0.376718 0.668695 -0.202535 
0.714266 0.332747 -0.202535 
0.566728 -0.769107 -0.202535 
-0.772950 0.463262 -0.202535 
-0.259270 -0.473322 -0.138596 
0.607269 -0.322267 -0.202535 
0.008563 -0.961824 0.207217 
-0.675402 -0.690278 0.207217 
-0.923498 0.238444 -0.202535 
0.153601 0.540461 0.199091 
-0.889216 0.290411 0.207217 
-0.380873 0.838488 0.207217 
-0.876485 -0.436555 -0.089241 
0.961673 0.095704 0.087128 
0.834749 -0.491354 -0.006841 
-0.394046 -0.447482 -0.048570 
0.926785 0.273173 0.105504 
0.559214 -0.218017 -0.202535 
-0.328554 0.411303 0.122056 
-0.657881 -0.199795 -0.198970 
0.601286 0.750618 -0.202535 
0.703922 -0.553715 0.207217 
0.507081 -0.021651 0.139676 
-0.597212 0.683771 0.207217 
-0.836870 0.503709 -0.073751 
0.264963 -0.792130 0.207217 
-0.214723 0.881915 -0.202535 
-0.836253 -0.145580 0.207217 
0.481935 0.799952 0.207217 
0.008724 -0.563335 0.194296 
0.328988 -0.438637 -0.195359 
-0.646741 -0.517338 -0.202535 
0.109995 -0.968353 0.134911 
0.651091 0.005248 -0.202535 
-0.393592 0.889848 -0.187509 
0.033498 0.665577 -0.191133 
-0.940064 0.269316 0.144193 
-0.431514 0.427546 0.207217 
0.259262 -0.472786 0.095468 
-0.461807 0.576044 0.207217 
-0.545840 0.806912 -0.054321 
-0.477213 0.446015 -0.202535 
0.546289 0.136707 0.203020 
-0.162872 -0.544468 0.197585 
-0.816453 -0.345773 0.207217 
0.446666 -0.632022 -0.202535 
0.928400 -0.272231 0.173199 
-0.612632 -0.506599 0.207217 
-0.153317 -0.963794 -0.138553 
0.396449 0.342409 -0.145480 
-0.632514 0.006225 -0.202535 
-0.862443 0.459496 0.139359 
0.648858 -0.721619 -0.126288 
0.873677 0.246881 0.207217 
0.758495 -0.166169 -0.202535 
0.448782 0.514584 0.207217 
0.366843 -0.638437 -0.202535 
-0.918693 -0.338911 -0.087406 
0.694336 0.541273 -0.202535 
-0.046996 0.814735 -0.196724 
0.111025 0.765131 -0.195158 
-0.327529 0.783744 -0.202535 
-0.104730 -0.527386 -0.184751 
0.517726 -0.174596 0.076430 
0.913131 0.315973 -0.162795 
0.231623 0.941243 0.115364 
0.377929 -0.895982 -0.055965 
0.570860 0.109260 -0.056441 
-0.740033 0.077434 -0.202535 
0.430674 -0.514626 -0.202535 
-0.427581 -0.563011 0.207217 
-0.561629 0.796181 0.022681 
0.456214 -0.280937 -0.188751 
-0.012757 -0.975260 0.160328 
0.536623 -0.809530 0.059007 
-0.013355 0.544435 0.179220 
-0.833407 -0.333012 -0.202023 
-0.963898 0.168074 -0.123465 
-0.097437 -0.568574 0.052379 
0.005073 0.742168 0.207217 
-0.344622 0.424147 0.177050 
-0.773608 0.393638 -0.202535 
0.869660 0.421469 0.160158 
0.763604 -0.242565 -0.202535 
0.350812 -0.507360 0.207217 
-0.400345 -0.396851 0.190716 
-0.835300 0.217095 -0.202535 
-0.004706 -0.832485 -0.202535 
-0.887299 -0.078151 0.207217 
0.137759 0.531465 -0.114729 
-0.820677 -0.455006 0.207217 
0.262992 0.729452 -0.202535 
-0.003487 -0.732551 0.207217 
-0.363779 0.529947 -0.202535 
0.786821 -0.269154 0.207217 
-0.313355 -0.502627 -0.057811 
0.538406 -0.125606 -0.201078 
-0.655090 0.401197 0.207217 
-0.735176 -0.646145 -0.122179 
0.098268 0.695732 0.207217 
0.786534 -0.566506 0.163960 
0.199176 0.796459 0.207217 
-0.148601 -0.652705 0.207217 
0.480246 0.450263 0.207217 
0.543315 0.800365 -0.073604 
0.088418 0.664010 -0.191280 
0.223718 -0.481979 -0.142903 
-0.237096 0.748175 -0.202535 
-0.536445 0.065461 0.166798 
0.952293 0.164588 0.034298 
0.239688 -0.538367 -0.006639 
-0.169292 -0.571572 -0.019987 
0.555021 0.792409 0.027842 
0.487043 0.516122 -0.202535 
0.354717 0.678322 -0.202535 
0.047335 -0.816307 -0.202535 
0.770445 -0.521020 -0.202535 
0.890280 0.375493 0.150186 
0.494246 -0.207859 -0.130200 
0.342557 -0.589120 -0.202535 
-0.491987 0.759886 -0.202535 
0.857717 0.382455 -0.202535 
0.912145 0.318711 -0.103470 
0.417086 -0.335216 0.098080 
0.410112 -0.410440 0.020645 
0.529833 0.466450 0.207217 
-0.673001 -0.168250 0.207217 
0.604723 -0.147561 0.207217 
-0.605081 -0.318341 0.207217 
-0.407717 0.346852 0.163940 
0.001516 -0.788623 0.207217 
0.258569 -0.664222 -0.202535 
0.722634 0.428925 0.207217 
-0.766330 -0.097745 0.207217 
-0.305437 0.522032 -0.202535 
-0.978860 0.009768 -0.033933 
0.455611 -0.858731 0.088413 
0.551713 0.001026 -0.200570 
0.838035 -0.485799 0.163154 
-0.580856 0.078133 -0.076361 
0.869285 -0.426823 0.092558 
0.665735 -0.445441 -0.202535 
0.780330 -0.363524 0.207217 
-0.475188 -0.854928 -0.146097 
0.710212 0.488221 -0.202535 
-0.356142 0.487395 0.207217 
0.304284 0.628804 0.207217 
-0.213235 -0.952687 0.034138 
-0.965305 0.159192 0.127799 
0.532449 -0.704478 0.207217 
-0.514267 -0.474562 -0.202535 
-0.104758 0.552687 0.197052 
-0.775708 -0.597104 0.080481 
0.178286 -0.757064 0.207217 
0.868995 -0.427393 -0.039520 
-0.329523 -0.730022 -0.202535 
0.154679 0.957036 0.034012 
0.262812 0.825325 0.207217 
0.442445 0.718761 -0.202535 
-0.382923 0.460500 -0.202535 
-0.556032 0.400494 -0.202535 
-0.107626 0.907288 -0.200372 
0.097828 -0.896510 -0.202535 
0.526340 -0.130002 -0.121346 
0.875608 -0.407676 0.207217 
0.154968 -0.961607 -0.174784 
-0.038395 0.513542 0.134354 
-0.172501 -0.960755 0.066980 
0.206895 -0.820638 -0.202535 
-0.588980 -0.075932 -0.202535 
0.409525 0.407200 0.207217 
0.839106 0.189310 -0.202535 
-0.373625 0.546486 0.207217 
0.917354 -0.308857 -0.017052 
-0.934015 -0.294757 -0.049450 
-0.952968 -0.225078 -0.113365 
0.868686 0.423381 -0.051391 
0.228894 -0.530557 -0.079962 
-0.285957 0.452590 -0.139509 
-0.455252 0.298371 0.094570 
-0.509085 0.298583 0.012511 
0.828424 0.497433 -0.200399 
-0.393895 0.753411 0.207217 
-0.494605 -0.339075 -0.040761 
0.521722 -0.819656 -0.120548 
0.524993 -0.725500 -0.202535 
0.958711 -0.128682 0.000589 
-0.264181 0.935605 -0.111271 
0.246522 0.832935 -0.202535 
-0.107114 0.570465 -0.072869 
-0.086644 -0.971710 -0.115599 
0.669266 -0.702542 0.076688 
-0.977354 0.057703 0.099851 
0.716359 0.061535 -0.202535 
-0.014592 -0.975202 0.055373 
-0.347709 -0.913113 -0.153956 
-0.501454 0.170655 -0.152587 
0.326100 0.408813 0.160135 
0.535160 0.414852 0.207217 
0.966109 0.028652 -0.189438 
-0.069657 0.968698 0.142037 
0.416917 0.616172 0.207217 
0.507435 -0.056133 -0.163723 
-0.361250 0.638449 0.207217 
-0.017726 0.588772 -0.054942 
-0.725529 0.652471 0.002451 
-0.200470 0.532435 -0.202535 
-0.273373 0.501675 0.051816 
0.827135 -0.111052 -0.202535 
0.409816 0.712597 0.207217 
-0.814515 -0.203163 -0.202535 
-0.569482 0.790844 -0.158788 
0.658717 0.427580 -0.202535 
-0.178111 -0.524993 -0.117570 
0.405919 0.879252 0.009166 
0.354565 -0.405535 -0.130152 
-0.040978 -0.528882 0.159137 
0.656580 0.134143 0.207217 
0.654928 -0.169786 0.207217 
0.944384 -0.209089 -0.034145 
-0.897772 -0.262429 0.207217 
0.771630 -0.586687 0.057641 
0.850908 -0.462891 0.052336 
0.479411 -0.335029 -0.002364 
0.790143 0.556579 0.068671 
-0.761578 -0.423349 -0.202535 
-0.723043 0.607182 0.207217 
0.667580 -0.168859 -0.202535 
0.479574 0.840526 0.075567 
0.419846 -0.876954 -0.093697 
0.319025 -0.485657 -0.202535 
0.591271 -0.769957 -0.018584 
0.800735 -0.222313 0.207217 
-0.292398 -0.883094 -0.201306 
0.098352 -0.613785 0.207217 
0.929146 0.265046 0.161328 
0.807226 -0.060931 -0.202535 
0.904584 0.339711 0.003583 
0.748827 -0.052426 -0.202535 
0.429808 0.400308 -0.043260 
-0.102202 -0.797523 -0.202535 
-0.596308 0.770863 -0.055372 
0.565768 -0.143115 -0.054102 
-0.550779 0.063662 -0.194645 
0.303612 0.915120 0.207217 
0.809749 0.527729 -0.076028 
0.496854 -0.616969 0.207217 
-0.335288 0.424047 -0.133237 
-0.008355 -0.891207 -0.202535 
-0.693217 0.372097 -0.202535 
-0.925295 -0.320572 0.160309 
0.252615 0.464727 0.106085 
0.351606 0.457957 -0.071984 
-0.763185 -0.613250 -0.015503 
-0.526788 0.436452 0.207217 
0.339645 0.872006 0.207217 
0.551953 -0.061940 0.194512 
0.675226 0.691965 -0.016011 
0.433048 -0.870227 0.003239 
-0.692234 0.687114 -0.018820 
-0.808053 0.356974 -0.202535 
0.238090 -0.832056 0.207217 
-0.303620 0.779205 0.207217 
-0.813767 0.539707 0.184686 
0.458120 -0.327892 0.200602 
0.279684 0.636868 -0.202535 
0.840098 -0.482311 -0.114354 
-0.358612 -0.396391 0.114355 
0.030462 0.600600 -0.188693 
0.028787 0.536803 -0.131260 
-0.384890 0.399182 0.184835 
0.728880 -0.639497 0.023080 
-0.659357 0.718466 0.136792 
-0.503802 -0.291846 -0.202535 
-0.319504 0.495330 -0.059173 
-0.114428 -0.890731 -0.202535 
0.546279 0.793663 0.207217 
-0.898242 0.385188 0.094639 
-0.066008 0.714872 -0.193027 
-0.064013 0.586525 -0.021356 
0.471387 -0.214814 0.153813 
-0.896875 0.388350 0.198441 
-0.203047 0.628261 -0.202535 
0.412220 -0.655727 0.207217 
0.026928 -0.584507 -0.069049 
-0.056158 -0.552872 -0.114639 
0.374236 0.414531 0.055252 
0.081562 -0.702372 0.207217 
0.786470 -0.566600 -0.139101 
0.435544 0.864338 0.050668 
0.949016 -0.188369 0.111268 
0.524676 0.242413 0.012270 
0.606827 -0.022923 0.207217 
0.095552 -0.847827 0.207217 
0.517691 0.090052 0.109725 
0.661845 0.126186 -0.202535 
0.193297 0.649611 0.207217 
0.059347 0.812057 0.207217 
0.033182 0.969618 0.112032 
0.529991 0.728224 -0.202535 
-0.108934 0.964986 -0.102433 
-0.496956 -0.218912 0.168592 
0.954752 -0.153675 -0.195306 
-0.318630 -0.502823 -0.010447 
0.369527 -0.439266 -0.080723 
0.600729 0.368287 0.207217 
-0.684573 -0.615277 0.207217 
-0.182162 -0.694390 -0.202535 
0.640810 -0.386847 0.207217 
-0.975685 -0.080717 -0.152328 
0.767148 -0.504352 0.207217 
0.444641 0.315865 0.076372 
0.418435 0.873056 -0.036091 
0.338510 0.907430 -0.070923 
0.284853 -0.620734 0.207217 
0.216454 0.861984 0.207217 
-0.859724 -0.127298 -0.202535 
0.086041 0.839965 -0.197820 
-0.835121 0.043553 -0.202535 
0.324913 0.912324 -0.009718 
0.362270 -0.838969 0.207217 
-0.531944 0.508859 -0.202535 
0.051100 -0.561274 -0.102237 
0.090787 0.593269 0.207217 
-0.869641 0.130357 -0.202535 
-0.528034 0.233104 -0.202535 
-0.156139 -0.529652 -0.194398 
-0.123847 0.560232 0.035118 
0.253710 0.935115 0.063056 
-0.534294 -0.109729 -0.132852 
-0.620767 0.146804 -0.202535 
0.536192 0.805206 0.131806 
0.823661 -0.510103 0.075650 
0.618856 -0.714304 -0.202535 
0.515140 -0.228644 -0.093614 
-0.187876 -0.779315 0.207217 
-0.772888 0.110996 -0.202535 
0.064560 0.519824 0.158377 
-0.581945 0.143446 -0.029691 
0.966783 0.007222 0.045391 
-0.275796 0.514069 -0.070118 
-0.629636 0.607894 -0.202535 
-0.355199 0.457503 -0.080170 
-0.303363 -0.928839 -0.200897 
-0.865885 -0.457357 0.044641 
0.301276 0.558225 0.207217 
-0.070416 0.968626 0.041032 
-0.435347 -0.410565 -0.022357 
-0.267429 0.537803 0.207217 
-0.781571 0.584929 0.012606 
-0.767739 -0.203778 -0.202535 
0.433458 0.320859 -0.124052 
0.013487 -0.974855 0.092769 
0.507100 0.824247 -0.198057 
-0.846926 0.486705 0.199636 
-0.969804 0.130789 -0.044723 
0.779567 0.519823 0.207217 
0.521662 0.109819 -0.188522 
-0.517406 0.825343 0.038109 
-0.432576 -0.341662 0.177577 
-0.703025 -0.381604 0.207217 
0.713493 0.279371 0.207217 
-0.277631 -0.530825 -0.202535 
-0.634466 -0.132921 0.207217 
-0.149584 -0.520258 0.099659 
-0.763905 0.176388 -0.202535 
-0.603168 -0.682015 -0.202535 
-0.708671 -0.059212 -0.202535 
0.272324 -0.520599 0.207217 
0.962268 -0.094026 -0.151611 
0.583491 -0.421618 -0.202535 
0.609647 -0.017002 -0.202535 
0.619351 0.305268 0.207217 
-0.879680 0.425668 0.110647 
0.284315 -0.560579 -0.202535 
0.858734 -0.177551 -0.202535 
0.015970 0.579637 0.016477 
0.257895 -0.664010 0.207217 
-0.409572 -0.582954 -0.202535 
-0.163918 0.957498 0.040581 
-0.492113 0.823152 0.207217 
-0.207019 0.929030 -0.202535 
0.744735 -0.621361 -0.064104 
-0.460677 0.583736 -0.202535 
0.038616 0.532715 0.100636 
-0.901132 0.341810 -0.202535 
-0.745782 -0.486539 -0.202535 
-0.706916 0.058544 0.207217 
-0.316732 -0.775919 -0.201261 
-0.437423 0.869576 0.052163 
0.041532 0.907062 0.207217 
0.274839 -0.609324 -0.202535 
-0.630281 0.293922 -0.202535 
-0.117030 -0.627126 -0.202535 
0.224270 -0.869173 -0.202535 
-0.927532 0.186003 -0.202535 
-0.849137 0.482968 -0.177714 
0.101013 -0.969202 0.019396 
-0.493519 -0.844087 0.148665 
0.372192 0.634489 0.207217 
-0.085765 0.546141 -0.112240 
0.741170 0.620938 -0.148883 
-0.836244 -0.509385 -0.149013 
-0.557149 -0.552411 0.207217 
-0.341337 -0.465827 -0.088301 
0.788754 0.260341 -0.202535 
0.654479 0.438152 0.207217 
-0.229494 -0.484669 0.163227 
0.487744 -0.494364 -0.202535 
0.964920 0.061343 -0.038105 
0.821374 -0.422684 0.207217 
0.730951 -0.567553 -0.202535 
0.529346 0.007156 0.103247 
-0.730069 0.647321 -0.065618 
-0.157742 0.651908 0.207217 
-0.541513 -0.248070 -0.002968 
-0.564537 0.021105 0.070688 
0.388481 0.579947 -0.202535 
-0.839195 0.400938 -0.202535 
0.961165 0.101073 0.144098 
-0.933924 -0.155469 0.207217 
0.209306 0.543848 -0.202535 
-0.011011 0.564769 0.050408 
0.484734 0.697765 -0.202535 
0.659064 -0.712622 0.028177 
-0.274828 -0.715269 0.207217 
0.918462 -0.005521 0.207217 
0.601125 0.689124 0.207217 
0.760568 0.593288 -0.202535 
0.582742 -0.464278 0.207217 
0.710189 0.185547 0.207217 
-0.259652 0.932543 -0.202535 
0.530160 -0.247048 -0.004751 
0.563799 0.212978 0.207217 
0.389939 0.378748 -0.118669 
-0.818423 0.108212 -0.202535 
-0.361367 0.903578 -0.140563 
-0.402444 -0.360104 0.105852 
-0.596095 -0.474235 -0.202535 
-0.932381 -0.093387 0.207217 
-0.669671 -0.532859 0.207217 
0.311652 0.878309 -0.202535 
-0.157987 -0.929664 0.207217 
0.219324 -0.948609 -0.095668 
-0.524936 -0.143140 0.100119 
0.610647 0.605080 0.207217 
0.458971 -0.804378 0.207217 
0.691728 -0.599645 0.207217 
-0.418656 -0.761370 -0.202535 
0.313178 0.916550 0.140078 
0.472186 -0.849513 0.047276 
-0.530108 -0.123893 0.170216 
0.336986 -0.912595 0.033683 
-0.231990 0.943878 0.135287 
0.418753 -0.819465 -0.202535 
-0.376104 -0.902033 -0.060240 
0.016859 0.785838 0.207217 
0.604021 -0.760067 0.081171 
0.050962 -0.533272 0.165832 
-0.550481 0.013883 -0.191918 
-0.232471 -0.948388 -0.117887 
-0.961620 0.038800 0.207217 
0.905607 -0.293130 0.207217 
-0.157234 -0.566480 0.023993 
0.403271 0.880399 -0.086507 
-0.635391 -0.399582 0.207217 
0.095269 0.565703 -0.081598 
-0.325974 0.818363 0.207217 
-0.433385 0.328485 -0.130909 
-0.746879 -0.144258 -0.202535 
-0.653203 -0.324840 -0.202535 
0.522078 -0.819415 0.122592 
0.522386 0.814588 -0.138329 
-0.066084 -0.552609 -0.197860 
0.303904 -0.924506 -0.006410 
-0.504364 -0.298700 -0.077723 
0.419954 -0.533212 0.207217 
0.398768 -0.373376 0.181957 
0.503750 0.251260 -0.092109 
0.244424 0.937813 -0.180639 
-0.979202 -0.003498 0.009050 
0.939055 0.159506 0.207217 
0.421339 0.823120 0.207217 
0.162420 -0.960427 0.154233 
0.575644 -0.782078 -0.113621 
-0.246487 -0.643977 0.207217 
0.644825 0.720558 -0.050853 
-0.375139 -0.510397 -0.202535 
0.490163 -0.298811 0.027117 
-0.612322 0.758442 0.132395 
-0.318535 0.863304 0.207217 
0.953658 -0.093661 0.207217 
0.142422 -0.501609 0.127716 
0.094284 0.965221 -0.152514 
-0.537807 0.050247 0.105482 
0.204108 -0.512010 -0.116061 
-0.385232 -0.722379 -0.202535 
0.492134 0.118390 0.143446 
0.262069 0.493346 0.056652 
0.391857 0.885337 0.125979 
0.057400 -0.795481 0.207217 
-0.550221 -0.805286 0.207217 
-0.708267 0.671082 0.075406 
-0.912928 0.350309 -0.103310 
0.760366 -0.601209 -0.200137 
0.903835 0.334081 -0.202535 
-0.265927 0.698259 0.207217 
-0.564627 -0.170295 -0.068323 
-0.530269 -0.282419 -0.038954 
0.715494 -0.235034 -0.202535 
-0.498718 -0.253743 0.075183 
-0.107081 0.732153 -0.193845 
-0.798067 -0.527615 -0.202535 
-0.525129 -0.825392 -0.193429 
-0.105464 0.965314 -0.156361 
0.100236 -0.938798 0.207217 
0.063373 -0.972760 0.094178 
-0.556510 -0.400606 -0.202535 
-0.943535 0.056442 -0.202535 
0.061523 0.512820 -0.174819 
0.914856 0.311179 0.085760 
-0.428381 -0.857501 0.207217 
-0.096332 -0.586350 -0.202535 
-0.332339 0.870542 -0.202535 
0.566695 0.310434 -0.202535 
-0.868855 -0.005478 0.207217 
0.705265 -0.666283 0.078527 
0.571243 -0.381224 0.207217 
-0.478407 0.524741 0.207217 
-0.588744 0.451003 -0.202535 
0.332710 0.440711 0.066322 
-0.643390 0.294061 0.207217 
0.712313 0.653671 0.046877 
0.228092 -0.946650 0.196075 
-0.417910 -0.360533 -0.192640 
0.333250 -0.913940 -0.084500 
0.245727 0.669950 -0.202535 
0.931301 0.257629 0.042194 
-0.474624 0.782552 0.207217 
-0.598365 0.030526 0.207217 
-0.625628 0.748119 0.064318 
0.051523 -0.625027 -0.202535 
0.621189 0.682658 -0.202535 
0.768711 -0.372926 -0.202535 
-0.492489 -0.844696 -0.053770 
-0.259168 -0.941679 -0.171979 
-0.127770 -0.885491 0.207217 
-0.183600 0.536214 -0.095101 
-0.527674 0.125201 -0.186577 
0.742730 0.169951 -0.202535 
0.853605 -0.142204 0.207217 
-0.977663 -0.052494 -0.100564 
0.461208 0.260126 0.102347 
-0.890153 -0.408500 0.180615 
-0.450024 0.356042 0.053507 
-0.572263 0.302420 -0.202535 
-0.653052 0.548545 0.207217 
0.928108 0.268620 -0.033827 
0.368219 -0.892854 0.207217 
0.470332 -0.675875 -0.202535 
0.250030 -0.481887 -0.191035 
0.618948 0.384398 -0.202535 
0.633160 -0.679506 0.207217 
-0.560468 -0.199203 0.207217 
-0.121357 -0.558036 0.200935 
-0.382172 0.376602 -0.140320 
-0.877930 -0.433719 0.006952 
-0.195497 0.944832 0.207217 
-0.359198 -0.393510 -0.149222 
-0.783193 -0.291295 -0.197139 
-0.873668 -0.390467 -0.202535 
0.462412 -0.275386 -0.128920 
-0.595843 0.054140 -0.022045 
0.494020 0.470270 -0.202535 
0.548713 0.686494 0.207217 
-0.184343 -0.581304 0.207217 
-0.314437 -0.889641 0.207217 
-0.356908 -0.797757 0.207217 
-0.249057 -0.484381 0.095831 
0.682924 -0.296805 0.207217 
-0.574563 -0.792008 -0.188447 
-0.255805 0.526635 0.011082 
-0.515238 0.826625 -0.160269 
0.462801 0.680103 0.207217 
-0.546131 0.244544 -0.029898 
0.827587 0.498848 0.161266 
0.373087 0.377522 0.101185 
0.565526 0.524092 -0.202535 
0.643919 0.216380 -0.202535 
0.586737 -0.036219 -0.040381 
-0.964118 -0.132620 -0.202535 
-0.552184 -0.465150 0.207217 
-0.105928 -0.840893 -0.202535 
0.940071 0.223769 -0.079713 
0.442874 -0.378368 -0.061882 
-0.661915 -0.720827 0.103173 
-0.077042 -0.972618 0.102072 
0.564285 0.658302 -0.202535 
0.365771 -0.901243 -0.165237 
-0.960167 -0.192873 -0.023721 
-0.212694 0.547529 -0.002756 
0.503244 0.826527 0.002892 
0.886508 0.113721 -0.202535 
