0.623827 -0.739626 -0.230311 
-0.618245 0.726780 0.259936 
0.779627 0.556127 0.262065 
-0.685476 -0.662939 0.260894 
0.100603 0.945742 -0.260400 
-0.906455 0.054309 -0.256406 
0.968559 -0.025507 -0.244147 
-0.136426 -0.953164 -0.229210 
0.453883 -0.195190 0.260597 
0.077160 0.475599 0.255246 
-0.481212 0.055775 0.264589 
-0.374228 -0.326747 -0.264845 
-0.325044 0.399214 -0.262628 
0.452984 0.365655 -0.261484 
0.272808 -0.922304 0.260046 
-0.115194 -0.490130 0.264570 
0.148716 -0.479858 -0.262541 
-0.933517 -0.199979 0.227253 
-0.153269 0.938628 0.196176 
0.908635 0.043607 0.263717 
0.737857 -0.619814 0.259471 
0.375619 0.878023 0.181894 
-0.896796 0.318884 0.187281 
-0.853221 -0.434603 -0.231686 
-0.767707 0.571117 -0.202418 
-0.382228 0.870924 -0.234916 
0.488802 -0.108528 -0.255414 
-0.286508 -0.917503 0.230341 
-0.555775 -0.782452 -0.233546 
0.532704 0.794004 -0.262139 
0.873556 0.394352 -0.129441 
0.421916 0.243706 0.154177 
0.869051 -0.413608 -0.100797 
0.061952 0.531832 -0.261489 
-0.345696 0.435081 0.264465 
0.279783 -0.922985 -0.161472 
-0.507953 0.050193 -0.261833 
-0.487456 -0.332993 0.264108 
0.298578 -0.545377 0.264633 
0.889668 -0.309565 0.264628 
-0.167044 -0.599106 -0.262357 
0.447210 0.554406 0.263266 
0.365295 -0.322608 -0.038219 
0.029626 -0.961911 0.049293 
-0.462396 -0.146536 0.002649 
-0.125163 0.463664 -0.009195 
0.511795 -0.817912 0.053975 
0.563209 -0.432315 -0.256840 
0.706994 0.645137 -0.039687 
0.233126 0.423746 -0.018476 
-0.411554 0.247138 -0.003643 
0.682501 0.136251 -0.255414 
-0.835933 -0.459667 0.078680 
0.097033 -0.475553 0.036737 
-0.252205 -0.407774 0.006307 
0.112701 0.946211 0.047364 
-0.954416 0.061809 0.038341 
-0.511693 -0.809412 0.068156 
-0.707850 -0.176610 -0.260054 
-0.426301 0.851890 0.058388 
-0.376136 -0.632245 0.264285 
0.005702 -0.759663 0.264313 
-0.900006 0.319755 -0.126050 
-0.642911 0.307896 -0.263860 
-0.933672 -0.207547 -0.071198 
0.951669 -0.135214 0.041784 
-0.161156 0.654900 0.259117 
-0.622241 0.344746 0.264378 
0.613423 0.060263 0.260403 
0.908181 0.308559 0.158496 
0.486751 -0.029940 0.018553 
0.116916 0.755604 0.262354 
-0.120215 0.772428 -0.260359 
-0.783517 0.033054 0.261446 
0.056603 -0.759537 -0.259554 
0.360736 -0.668672 -0.262749 
0.270303 0.721532 -0.263940 
-0.770580 0.564226 0.105529 
-0.596108 -0.511796 -0.258946 
-0.481817 0.618653 -0.258620 
0.732807 -0.627539 -0.013797 
-0.700176 -0.653370 -0.040348 
0.753797 -0.176358 -0.255414 
0.644140 0.330096 0.263324 
0.673232 0.503294 -0.256173 
-0.143235 0.940494 -0.060641 
-0.618131 0.728950 -0.067803 
0.594969 0.748975 0.171527 
0.535388 -0.436074 0.261361 
0.951503 0.125125 -0.010926 
-0.278450 -0.920332 -0.027794 
0.315666 0.900922 -0.085957 
0.499933 -0.691652 0.261913 
-0.675563 -0.185290 0.262044 
0.450348 0.187528 -0.076549 
0.772710 -0.560704 -0.258878 
-0.303997 -0.794254 -0.256993 
-0.380393 0.758646 0.264084 
0.701940 -0.180269 0.263322 
0.947609 0.201035 -0.247191 
0.346492 -0.351054 -0.262081 
-0.700104 -0.438922 0.263403 
-0.164085 0.549162 -0.262877 
0.506912 0.810042 -0.046439 
0.468385 0.580122 -0.260842 
-0.394419 -0.585039 -0.260611 
0.276777 0.398787 0.247410 
0.849005 -0.450358 0.108544 
0.310637 -0.911068 0.052492 
0.941004 -0.223822 -0.154203 
0.074044 -0.961602 -0.167342 
0.099307 -0.476189 0.245929 
0.820711 0.494225 0.045937 
-0.078150 -0.959387 0.225783 
0.252795 0.412407 -0.253572 
-0.081067 -0.475524 -0.085452 
-0.479013 0.051503 -0.049815 
-0.139174 0.460252 0.202530 
-0.285211 -0.385372 0.229215 
0.330246 -0.360545 0.189194 
0.478393 0.093258 -0.255277 
-0.423727 0.227423 -0.214343 
-0.468077 -0.832795 0.263402 
-0.539842 0.528508 0.263112 
-0.418085 0.244967 0.241329 
0.038942 0.951769 0.251203 
-0.462240 -0.147017 -0.258977 
-0.707651 0.022986 -0.260484 
-0.196806 -0.717688 0.261531 
-0.902197 -0.145618 -0.256287 
0.458279 -0.844692 -0.179510 
-0.465636 -0.136565 0.235990 
-0.945074 0.139478 0.241196 
0.274420 0.640866 0.261479 
0.204928 -0.742907 0.262414 
-0.572970 -0.309730 -0.261378 
-0.296468 0.374750 0.076149 
0.066483 0.743872 -0.258480 
0.049698 0.479026 0.059210 
0.745972 -0.362768 -0.261850 
-0.435406 -0.856278 -0.105089 
-0.203365 0.938631 -0.254771 
0.761285 0.171960 0.263660 
-0.227135 -0.422112 -0.185764 
-0.309165 0.685031 -0.263533 
-0.763839 0.462866 0.263571 
-0.639087 0.161702 0.263684 
-0.875073 -0.386683 0.244641 
0.714782 -0.402675 0.262980 
-0.392851 -0.284641 0.116053 
0.217909 0.921831 0.264655 
0.788924 0.305184 -0.262741 
-0.381215 -0.298270 -0.086072 
-0.847734 0.424142 0.022768 
-0.529986 -0.539143 0.263119 
0.666871 0.686172 -0.210093 
-0.697148 -0.657962 -0.219992 
-0.631245 0.717349 -0.261159 
0.653009 -0.709984 0.122869 
-0.804797 0.408227 -0.263709 
0.353566 0.886657 -0.259135 
0.099090 -0.958527 0.257049 
0.948988 -0.144711 0.244352 
-0.118565 -0.770676 -0.259150 
0.433982 -0.853569 0.248060 
-0.031060 -0.489465 -0.264634 
-0.108445 -0.472217 0.086784 
0.248491 -0.417651 -0.124953 
-0.507251 0.447126 -0.261160 
0.523012 -0.600402 -0.258654 
0.456480 0.382263 0.264734 
-0.953372 -0.031368 0.183270 
0.433671 -0.226616 0.086450 
0.617480 0.317331 -0.263458 
-0.923273 0.244785 0.034957 
-0.468068 0.125933 0.103682 
0.460131 -0.163697 -0.096280 
0.485279 0.082017 0.149757 
0.619133 0.498237 0.264734 
-0.857338 0.216890 -0.256886 
-0.140055 -0.952145 0.061430 
0.428633 0.742308 0.264579 
0.910614 -0.303309 0.057111 
-0.914689 -0.279647 0.078145 
-0.794587 -0.534630 -0.109777 
-0.269468 0.916608 0.045381 
0.371650 0.312130 0.010905 
0.772780 -0.011462 -0.255414 
-0.259496 0.403029 -0.085509 
-0.749282 -0.595170 0.124437 
-0.653022 0.696605 0.101554 
0.012668 0.959310 -0.109591 
-0.073705 0.794019 0.262790 
-0.626282 -0.020891 0.262942 
0.722195 0.628906 0.122636 
0.605114 -0.274041 -0.258994 
0.176245 -0.640511 -0.260551 
0.792685 0.537904 -0.126680 
-0.878615 -0.379906 -0.055994 
0.317223 -0.512617 -0.262390 
-0.949272 0.116455 -0.112821 
0.621590 -0.741166 -0.069996 
0.823218 0.402350 0.264478 
0.260166 -0.797141 -0.257224 
0.758352 -0.008478 0.260625 
-0.487647 0.815499 -0.093543 
-0.067612 -0.960862 -0.079258 
0.965821 -0.016544 -0.080453 
0.244910 -0.420745 0.051297 
-0.290034 0.899139 0.263910 
-0.568074 -0.772588 -0.076792 
-0.043919 0.954287 0.084071 
-0.013191 0.602293 0.260320 
-0.052401 0.476709 -0.146147 
0.962064 0.023547 0.106449 
0.247826 0.567617 -0.263027 
-0.374023 -0.885073 0.089695 
0.169320 -0.948051 0.115631 
0.087414 -0.476713 -0.120014 
0.907137 0.311334 -0.002773 
-0.727884 0.620552 -0.054016 
0.166400 0.944025 -0.115205 
-0.643733 -0.710279 0.121273 
-0.397420 0.606404 0.261505 
0.144892 0.460529 -0.154531 
-0.951756 -0.091081 0.037290 
-0.335773 0.888587 -0.090335 
-0.764964 0.248142 0.264131 
-0.052456 0.915959 -0.256044 
-0.954688 -0.062503 -0.113571 
-0.483679 -0.028603 0.130504 
0.929140 0.202101 0.264685 
0.607031 -0.013663 -0.255414 
0.832945 0.450173 -0.264977 
-0.911170 -0.292720 -0.221851 
0.354239 0.331665 -0.153487 
-0.701900 0.602278 0.259847 
-0.499430 0.809101 0.181740 
0.577946 -0.278351 0.260535 
0.256272 0.922304 0.080577 
0.351189 -0.700847 0.264622 
0.540994 -0.074910 0.259518 
-0.631037 0.554716 -0.257812 
0.043254 -0.611889 0.263208 
-0.038989 0.640327 -0.259965 
0.152960 -0.951524 -0.031428 
-0.289164 -0.917300 -0.174778 
0.199200 0.441594 0.130671 
0.642577 0.642688 0.264124 
0.891589 -0.354680 -0.251884 
-0.403929 -0.465739 0.263106 
0.486843 -0.025001 -0.135899 
0.610230 0.736340 0.027234 
0.460623 -0.258970 -0.260875 
-0.650361 0.156301 -0.261282 
0.551004 0.219149 0.260660 
0.602760 -0.568131 0.262420 
-0.463286 -0.440719 -0.261935 
-0.807028 -0.257578 0.260167 
0.449924 -0.557936 0.261176 
-0.713632 -0.333725 -0.258878 
0.767933 -0.578886 0.126155 
0.477964 0.827592 0.092118 
-0.019796 -0.639210 -0.262033 
-0.506848 0.805073 -0.255508 
-0.252047 -0.527796 0.263524 
0.821276 -0.495354 0.260739 
0.889810 -0.142673 -0.260463 
-0.589318 -0.063611 -0.260594 
0.174830 -0.925167 -0.255893 
-0.735722 -0.502873 -0.256787 
0.286772 0.778392 0.263159 
-0.532626 -0.648519 -0.257126 
-0.836106 -0.108344 0.260216 
0.407504 0.712748 -0.264236 
0.799162 -0.530939 -0.088383 
0.879737 0.082681 -0.259150 
-0.623771 -0.323081 0.263038 
-0.357172 0.316920 -0.126516 
0.716774 -0.644264 -0.167445 
-0.318266 0.534891 -0.263081 
0.145256 0.599106 0.260476 
-0.559331 -0.711158 0.261464 
-0.446994 -0.189070 -0.131662 
0.419464 -0.861911 -0.033910 
-0.169682 -0.859070 0.262284 
-0.788846 -0.539334 0.259092 
0.938652 0.228825 -0.116817 
0.320202 0.365297 0.122028 
0.431262 0.852554 -0.147499 
0.174969 -0.593962 0.262340 
0.489697 0.238394 -0.262556 
-0.193464 0.436765 -0.199570 
-0.341302 -0.797943 0.259958 
0.494790 -0.728721 -0.257036 
-0.433960 -0.739658 -0.257516 
-0.081047 -0.652828 0.262653 
0.944020 0.173455 0.137902 
0.228326 0.849441 -0.256611 
-0.464426 0.364546 0.264102 
0.445560 -0.325119 0.262283 
-0.246452 0.816238 -0.261532 
-0.012735 -0.926443 -0.256173 
0.199656 -0.445253 0.169489 
-0.818877 0.491984 -0.114535 
-0.555464 0.770685 0.061681 
0.442745 -0.477570 -0.261875 
-0.004376 -0.484963 0.160775 
0.361263 -0.892672 -0.255459 
-0.279741 -0.669336 -0.258772 
0.960072 0.091041 -0.147687 
-0.383997 0.293840 0.119559 
-0.493792 0.702596 0.263290 
0.772275 0.581864 -0.255001 
0.401152 0.866454 0.000115 
-0.014589 0.479977 0.169057 
-0.539811 0.229586 -0.262965 
-0.476578 -0.049125 -0.181170 
-0.354693 0.881466 0.157326 
-0.411685 -0.868505 -0.227619 
0.458721 0.164876 0.046110 
0.568578 -0.779404 0.206373 
0.402122 -0.873021 0.127774 
0.936682 -0.217998 0.144635 
0.558270 0.456693 -0.262093 
-0.219755 0.535028 0.260043 
0.240073 0.516422 0.260128 
-0.281426 0.683384 0.262052 
-0.201367 0.813320 0.259321 
-0.434332 0.339789 -0.263694 
0.636690 -0.553519 -0.262960 
0.138672 0.944339 0.167404 
0.479620 -0.092433 0.123935 
0.380731 0.464737 -0.263239 
0.830549 -0.119179 0.263211 
0.143495 0.648835 -0.259667 
0.797485 0.177988 -0.255414 
0.589432 0.591924 -0.265046 
-0.455508 0.165699 -0.084450 
-0.678342 0.423627 -0.255414 
-0.847183 0.425707 0.159460 
0.849667 0.443066 0.151485 
-0.221457 -0.427114 0.137049 
-0.543884 0.233345 0.263382 
0.386673 -0.296953 -0.152420 
-0.372948 -0.305383 0.247682 
0.900170 0.329846 -0.228855 
-0.780372 -0.070947 -0.257877 
-0.680113 0.673968 -0.152760 
-0.940284 0.166853 0.122626 
0.836137 0.275515 0.264260 
0.504266 0.109677 0.263118 
-0.350920 -0.475482 -0.261487 
0.842623 -0.460775 -0.238602 
0.585568 0.766148 -0.161360 
0.105719 0.470149 -0.043145 
0.519455 0.669146 0.264076 
0.641908 -0.143800 -0.255414 
-0.560862 -0.422931 0.263437 
-0.449174 -0.183970 0.126415 
-0.158700 -0.472968 -0.264122 
-0.188577 -0.943380 -0.123987 
-0.800326 -0.246032 -0.257858 
0.345829 -0.343100 0.073718 
-0.229328 0.932412 -0.142513 
0.641298 -0.681880 0.261629 
0.151371 -0.856497 0.261546 
-0.196231 -0.859458 -0.257063 
-0.190528 0.438725 0.081376 
0.746040 -0.292613 0.263783 
-0.757240 0.271943 -0.258518 
0.064059 -0.556485 -0.263666 
0.250598 0.413831 -0.130724 
0.532374 -0.806566 -0.097182 
-0.194214 -0.940499 0.167908 
0.920383 -0.275854 -0.055147 
-0.779644 -0.554590 0.001167 
0.368279 0.316244 0.237185 
-0.650288 0.463755 0.262849 
0.272544 -0.425634 0.261913 
-0.761216 0.122712 -0.259198 
-0.595311 -0.185628 -0.262222 
0.790085 0.541533 0.144152 
-0.545283 -0.787201 0.179539 
-0.318170 0.354863 0.187574 
-0.447239 -0.720486 0.263297 
0.011921 0.715670 0.261748 
0.008183 -0.894190 0.264102 
-0.885075 0.331360 -0.255646 
-0.723153 -0.084529 0.261666 
0.888133 -0.363861 0.167422 
0.356220 0.592765 -0.264136 
-0.175321 0.659733 -0.260096 
-0.084901 0.471917 -0.255734 
0.714699 0.424409 0.263131 
-0.881535 -0.372800 0.135301 
0.412639 -0.454060 0.261101 
0.256184 -0.412680 -0.234934 
0.476202 0.105335 -0.145421 
0.576047 0.164735 -0.256491 
0.516705 0.803952 0.241013 
0.837860 -0.259381 -0.260511 
-0.313943 -0.360534 0.123423 
-0.736791 0.354192 0.263903 
-0.632268 -0.721421 0.012812 
-0.407092 0.734115 -0.264310 
0.298263 -0.800230 0.263087 
-0.014974 0.479938 -0.028887 
-0.469963 -0.274098 -0.258119 
-0.304127 -0.369707 -0.114634 
-0.254014 -0.525140 -0.262294 
-0.630315 -0.723597 -0.165114 
0.955476 -0.087957 0.152092 
0.736279 0.400039 -0.264322 
-0.560039 -0.235395 0.263194 
0.698463 -0.517841 0.264196 
-0.654692 -0.559456 0.260789 
0.836420 -0.470898 -0.006887 
0.282798 -0.920783 -0.053764 
-0.070293 0.936802 0.264579 
-0.794517 0.531293 0.006037 
0.271065 -0.923549 0.152658 
0.696002 -0.464180 -0.263588 
-0.577115 0.762862 -0.160880 
0.428357 0.232572 -0.174817 
0.246302 0.930307 -0.188755 
-0.242982 0.410975 0.246518 
0.837165 0.466455 -0.059400 
-0.804262 0.148901 0.262300 
0.698989 0.241310 -0.260564 
0.166154 0.472846 -0.262320 
0.470538 -0.134660 0.020991 
0.446493 0.201850 0.261333 
-0.927980 0.227415 -0.082373 
0.011845 -0.484011 -0.035427 
-0.774033 -0.359216 0.260093 
0.113098 0.877551 0.263872 
-0.944225 0.151445 -0.238956 
-0.908563 0.042273 0.260486 
0.383847 -0.771701 -0.264669 
-0.098454 -0.776744 0.261150 
-0.941386 -0.160555 0.116126 
-0.543581 0.342620 -0.255414 
-0.908466 0.236105 0.262004 
0.515615 0.469511 0.264734 
0.952310 -0.120092 -0.139958 
-0.438518 -0.854433 0.007472 
-0.257844 0.921834 0.161395 
0.101318 -0.699049 0.262145 
0.369546 0.484348 0.263052 
0.726266 0.625067 -0.140504 
0.021896 0.957040 -0.003283 
-0.067745 0.474892 0.079256 
0.230825 0.930710 -0.020099 
-0.177304 -0.449642 -0.052634 
-0.945452 -0.042184 -0.255620 
0.764096 0.585063 0.023187 
-0.099883 0.544811 0.259723 
-0.892693 0.335306 -0.006652 
-0.343204 0.329829 -0.004868 
-0.437971 -0.853544 0.164999 
0.037442 -0.962973 -0.070602 
-0.953681 0.067867 0.149457 
0.010413 -0.959557 0.172442 
-0.406874 0.481669 -0.262735 
-0.704583 0.645043 -0.255459 
-0.826650 -0.474107 0.188796 
-0.935467 -0.200983 -0.173938 
-0.583674 0.629969 0.262491 
-0.470564 0.151226 -0.264845 
-0.650454 -0.414551 -0.255414 
0.483499 0.081448 -0.008311 
0.369482 -0.892786 -0.121781 
-0.331155 -0.343914 -0.008341 
-0.025522 -0.820816 -0.258321 
-0.491587 -0.538980 -0.260106 
-0.475685 0.092559 -0.174703 
0.487662 -0.007277 -0.240363 
-0.152158 0.454116 -0.107958 
0.340608 0.362239 -0.264893 
0.105215 0.470641 0.156576 
-0.858452 0.405924 -0.177504 
-0.562709 -0.129050 0.264178 
-0.283185 -0.918668 0.124948 
-0.419478 -0.240962 -0.012041 
0.668801 0.212878 0.262831 
0.157550 -0.753495 -0.259147 
0.487648 0.009833 0.220124 
0.963330 -0.033768 0.023648 
0.111725 -0.843726 -0.257736 
-0.774505 0.557811 0.205781 
0.166445 0.753512 -0.258141 
-0.406700 0.855375 0.264032 
0.656680 0.695716 -0.109853 
0.693469 -0.655494 -0.264030 
-0.849693 0.368365 0.260290 
0.037163 0.839256 -0.257149 
0.403138 -0.275684 0.186720 
-0.811317 0.023797 -0.258368 
-0.910952 -0.291392 0.195347 
-0.925683 0.239809 -0.188443 
-0.200246 -0.439014 0.261989 
0.533469 0.319886 0.260491 
-0.910968 -0.292872 -0.116352 
-0.889412 0.345315 0.092070 
0.939410 0.213438 0.032081 
0.645062 -0.099358 0.260860 
0.846233 0.121276 0.264570 
-0.478661 -0.054531 0.034903 
-0.140148 0.940794 0.066317 
0.959081 -0.041620 0.239190 
-0.954861 0.032625 -0.173245 
0.091947 -0.477237 0.141371 
0.514091 -0.347022 -0.260974 
-0.579443 0.754281 0.165199 
-0.943549 0.153411 0.004454 
0.027271 0.953992 0.151774 
-0.954822 -0.012116 -0.025949 
0.785690 -0.557082 0.032444 
-0.135826 0.942535 -0.169340 
0.428346 -0.574226 -0.260110 
0.166184 -0.459866 -0.064712 
-0.430492 -0.224898 0.213024 
-0.381128 0.609159 -0.263465 
0.664795 -0.695482 0.004245 
-0.693813 0.070294 0.262050 
0.870561 0.400963 0.005148 
0.280198 -0.614842 -0.261810 
-0.393694 -0.282180 -0.180777 
-0.286972 0.908313 -0.216674 
-0.458187 0.157455 0.250885 
-0.931860 -0.095246 0.259029 
-0.547067 0.414627 0.263526 
0.144435 0.461863 0.050980 
0.527093 0.697664 -0.257972 
0.268794 0.915345 0.182886 
0.852868 -0.213077 0.264250 
-0.102644 -0.472837 -0.179458 
0.494973 -0.825803 0.164848 
-0.495934 -0.629289 0.262209 
-0.417611 0.857215 -0.146426 
-0.163776 -0.948045 -0.031281 
-0.855061 0.411105 -0.078255 
0.456408 -0.173153 -0.192694 
0.739583 0.324797 0.263827 
0.954759 0.104781 0.203414 
0.437344 -0.216923 -0.014141 
-0.441285 0.200391 0.156897 
0.324549 0.360987 -0.056083 
-0.737060 -0.612492 -0.146544 
-0.913200 -0.285024 -0.016788 
-0.476519 -0.062979 -0.087096 
-0.728154 0.619977 0.041425 
-0.503472 -0.816363 -0.157850 
0.192113 -0.943541 0.207632 
0.782628 0.084694 -0.260043 
0.688565 0.034244 -0.255414 
-0.378301 -0.882911 0.232174 
-0.312674 -0.708458 0.261137 
0.712056 -0.648318 0.083671 
-0.279919 -0.617379 0.262355 
-0.714593 0.510027 -0.257028 
-0.286092 -0.385882 -0.248925 
0.608306 -0.377371 0.261663 
0.199113 -0.483593 0.263653 
-0.618784 -0.694093 -0.256017 
-0.498175 0.710671 -0.260456 
0.908051 -0.310941 -0.140877 
-0.244895 0.597605 -0.263216 
0.178662 -0.456362 -0.173215 
-0.312548 0.525773 0.261419 
-0.324880 -0.887749 -0.255643 
0.683203 -0.673110 -0.085182 
0.379459 0.821275 0.264101 
0.827709 -0.378929 0.263727 
-0.215988 -0.737034 -0.259373 
0.444355 0.845556 -0.239295 
-0.000801 -0.485128 0.253681 
-0.358270 -0.892156 -0.067639 
-0.027456 0.771839 -0.258107 
0.703137 -0.655982 0.181430 
-0.466036 0.133298 0.001697 
0.273270 -0.921118 -0.255481 
0.425161 0.238117 -0.003335 
0.374547 -0.610958 0.262714 
0.299435 0.382972 0.030838 
0.016378 -0.483374 -0.178234 
-0.018400 -0.484314 0.051514 
-0.680408 -0.075674 -0.259286 
0.316697 -0.369303 -0.162757 
0.434315 -0.755410 0.264186 
0.344363 0.890121 0.096738 
-0.840317 -0.456028 -0.119841 
0.858315 -0.056964 -0.255414 
0.928930 -0.265242 -0.257950 
0.577758 0.739182 0.264623 
0.606841 -0.752224 0.056729 
0.161692 -0.950517 -0.145877 
0.609484 0.744226 -0.250039 
-0.575267 0.097243 0.263618 
0.105768 0.946894 -0.047847 
0.646829 0.414359 -0.261167 
-0.018412 0.490200 0.258909 
0.381917 0.664835 0.264437 
0.344845 0.777927 -0.264421 
-0.627577 0.064873 -0.260048 
-0.261761 0.920331 -0.044369 
0.735795 -0.096773 0.261988 
-0.133559 0.861499 -0.260602 
0.556261 -0.790958 -0.200393 
-0.480620 0.060142 0.163753 
0.335631 0.567663 0.264436 
0.678649 0.675141 0.188397 
0.759931 0.082166 0.262272 
0.076678 -0.934720 -0.255957 
-0.208554 0.430393 -0.008400 
-0.803731 -0.520868 -0.201028 
-0.451867 0.510734 0.263556 
-0.844033 -0.341172 -0.256374 
-0.887958 -0.356848 0.030468 
0.086827 -0.643097 -0.261862 
0.885878 0.367157 0.094732 
0.248759 -0.644418 0.263891 
-0.340265 0.793462 -0.264343 
0.906808 0.312209 -0.113051 
-0.551296 -0.425964 -0.260760 
-0.935439 -0.196186 0.017127 
-0.527596 0.542334 -0.259734 
0.569092 0.592587 0.263027 
0.701175 -0.077596 -0.259113 
-0.489153 -0.032705 0.264663 
-0.658394 -0.587164 -0.256983 
-0.246476 -0.791255 0.260460 
0.458055 -0.174533 0.174387 
-0.824669 0.485054 -0.224563 
0.355695 -0.895847 0.244182 
0.892594 0.349973 0.248769 
0.409017 0.273522 -0.255541 
0.601025 0.748690 -0.066442 
0.297793 0.494273 -0.263551 
-0.378589 0.320054 0.264672 
0.472092 0.474149 -0.265046 
0.614612 -0.481019 0.262828 
-0.103161 -0.957044 0.141543 
-0.583588 -0.759928 0.081017 
0.837195 0.466400 -0.163857 
-0.132732 -0.679819 -0.260927 
-0.711264 0.640226 0.181328 
0.890620 -0.357253 -0.008652 
-0.920259 0.253571 0.134293 
-0.502205 0.807594 -0.007813 
0.186667 0.931988 -0.256265 
-0.071604 0.950805 0.168235 
0.643593 -0.394594 -0.264725 
-0.723958 -0.628021 0.047830 
0.241729 -0.712009 -0.258461 
-0.263619 0.467175 -0.262564 
0.951958 -0.123668 -0.044444 
0.239986 -0.422935 -0.037284 
0.066158 0.476591 -0.121904 
-0.586667 -0.613234 0.262015 
-0.758713 -0.586149 -0.249886 
0.307848 -0.377775 -0.004181 
-0.097742 -0.547229 -0.263715 
0.228229 -0.545663 -0.260746 
0.691037 -0.263939 -0.260558 
0.595764 -0.193722 0.262731 
-0.203439 -0.938537 0.258229 
-0.739049 -0.416302 -0.257651 
-0.013596 0.871633 0.263720 
-0.408539 0.247605 -0.129939 
-0.567403 0.628717 -0.261662 
0.568565 0.401537 0.261430 
0.805055 -0.521438 -0.173778 
0.565587 -0.679990 -0.256970 
-0.485929 -0.828556 -0.253091 
-0.823652 -0.485141 -0.040724 
-0.698329 -0.654814 0.159198 
0.452892 0.840993 0.172937 
0.760536 0.495660 -0.264017 
-0.480555 0.044944 0.079576 
-0.103871 -0.472715 0.181730 
0.161567 0.464117 0.258891 
-0.771142 0.565529 -0.117419 
-0.223490 -0.934837 0.063997 
-0.673680 0.679111 0.013127 
-0.267467 0.397935 -0.182951 
-0.143997 0.745873 0.262316 
-0.372038 0.874836 -0.003145 
0.207018 0.692935 0.261820 
-0.421065 -0.559952 0.263456 
-0.884074 -0.368044 -0.186365 
-0.335174 -0.545342 0.264371 
0.528573 -0.609167 0.259838 
0.099751 -0.783733 0.260983 
0.487543 0.013619 0.091177 
-0.481518 0.810614 0.264453 
0.354871 0.886166 -0.160666 
-0.413855 -0.377424 0.264144 
-0.854823 0.132776 -0.257278 
0.607210 0.086585 -0.257984 
0.459463 0.163146 0.130233 
-0.079296 0.555654 -0.261101 
0.841981 -0.015944 0.262337 
-0.029258 0.959810 -0.188290 
-0.794564 -0.453452 0.263591 
-0.289057 0.815216 0.263660 
0.093811 -0.959182 0.163116 
0.679060 0.112214 0.264308 
0.422436 -0.251352 -0.092088 
-0.250960 -0.926910 -0.255454 
0.307020 0.903750 0.001178 
0.544021 0.787871 0.025048 
0.736510 0.612973 0.218689 
0.512005 -0.803306 0.262744 
0.196252 0.841348 0.263602 
0.359039 0.396059 0.259749 
-0.084050 -0.569692 0.264224 
0.012854 0.480299 -0.218638 
0.486815 -0.827340 -0.255550 
0.116564 0.861915 -0.263979 
0.967526 0.010473 -0.165388 
-0.067720 -0.960706 0.022165 
0.371740 -0.382162 0.261541 
-0.488070 0.815269 0.099274 
-0.079402 0.665155 0.261178 
-0.953815 -0.014096 0.070452 
0.175737 -0.455764 0.079059 
0.660749 0.691905 0.074672 
-0.657715 -0.273435 -0.260419 
-0.698126 -0.264329 0.261440 
-0.489210 -0.823808 -0.052131 
-0.814261 0.494704 0.102506 
0.060163 0.565714 0.259891 
0.460738 -0.654196 -0.258541 
0.484455 -0.057826 -0.058429 
-0.084310 0.952541 0.007638 
0.674924 0.567547 0.264734 
-0.193143 -0.440744 0.061528 
-0.361060 -0.660584 -0.259660 
-0.188911 0.908093 0.263148 
0.548432 -0.795344 -0.017798 
-0.058830 -0.714865 -0.260434 
0.071470 0.659670 0.261084 
0.818907 0.497126 0.206247 
0.372223 -0.436965 -0.262900 
0.953463 0.116870 -0.263161 
-0.349487 0.883425 0.074532 
0.109824 0.948254 -0.179737 
-0.083547 -0.877541 -0.257079 
0.929660 -0.238563 0.261804 
0.424610 -0.372014 -0.264812 
-0.483916 -0.362516 -0.262639 
-0.878668 -0.226425 -0.256427 
0.050905 0.664635 -0.259622 
0.930944 0.260399 -0.190637 
0.406395 0.267306 0.069387 
-0.840653 0.279513 0.264016 
0.884179 -0.374202 0.084666 
0.231524 -0.935255 0.066261 
0.651757 -0.010408 0.258451 
0.116673 -0.957084 0.055672 
-0.559234 0.111967 -0.263296 
0.480492 -0.088991 0.208774 
-0.249164 0.407282 0.166657 
-0.484710 -0.448036 0.263186 
0.231952 -0.853365 0.262243 
-0.746021 -0.598510 0.226174 
0.164130 0.571438 -0.260664 
0.538754 0.790543 0.132705 
-0.690929 0.277618 0.261620 
-0.869794 -0.067063 -0.256615 
-0.233701 -0.446165 -0.264750 
-0.626425 -0.726207 0.197291 
-0.865894 -0.024772 0.262170 
0.567831 -0.103539 -0.256104 
-0.334759 0.338273 -0.199370 
0.518025 0.803131 -0.143814 
-0.671758 -0.684008 -0.107363 
0.374131 0.309213 0.158796 
-0.427221 0.851327 0.164778 
-0.472941 -0.106620 0.133823 
0.399767 0.276455 -0.115933 
0.923567 0.269602 0.091801 
-0.725594 0.151236 0.263191 
0.656475 -0.275041 0.262528 
0.055347 0.824255 0.263134 
-0.675393 0.675646 0.241469 
-0.478630 -0.032518 -0.257789 
-0.081970 -0.959583 -0.173268 
0.382310 -0.885772 0.033976 
-0.294363 -0.592564 -0.261322 
0.284526 0.881185 0.264379 
-0.380929 -0.882330 -0.157431 
0.942663 -0.206410 -0.027871 
-0.189107 0.938269 0.002233 
-0.792977 -0.535290 0.075296 
0.854492 0.263554 -0.260815 
0.340163 0.674011 -0.263841 
0.098253 -0.473920 -0.203834 
0.949174 0.139231 0.068419 
-0.946809 -0.134393 -0.028274 
0.100719 0.471070 -0.217303 
0.647396 -0.717598 -0.159946 
-0.331157 -0.343912 -0.202087 
-0.003193 -0.962897 -0.164077 
0.577545 -0.773526 0.124855 
0.279546 0.917896 -0.257248 
0.764211 -0.590717 -0.122036 
0.561400 -0.000780 0.256601 
0.912419 -0.297358 0.137341 
-0.201517 -0.640955 0.262441 
0.921290 0.268744 0.222939 
0.932653 0.247909 -0.037778 
-0.482542 -0.247347 0.264646 
0.188256 -0.849736 -0.257190 
-0.838157 -0.184885 0.262081 
0.948606 0.153334 -0.104677 
0.963185 0.050119 -0.001054 
-0.827409 -0.161146 -0.257743 
-0.806532 0.332220 -0.257142 
0.884392 -0.373649 -0.177345 
0.777421 -0.190980 0.263778 
-0.726544 0.190516 -0.259608 
0.224359 -0.937882 -0.104505 
-0.492453 0.626480 0.264255 
0.477368 -0.100365 -0.139715 
0.619482 0.663633 -0.265046 
-0.318555 -0.906947 0.035206 
0.317205 -0.736257 -0.258364 
-0.049838 0.956890 -0.066964 
0.707516 0.644579 0.036005 
0.254502 -0.415869 0.126143 
-0.747931 -0.207158 0.261066 
-0.321233 -0.441723 0.264384 
-0.513247 -0.212464 -0.263616 
-0.469002 -0.123874 -0.162706 
0.429400 0.275321 0.259083 
0.838860 0.200116 0.264153 
-0.707050 0.347578 -0.264849 
0.881314 0.377228 0.174335 
0.425608 -0.245963 -0.191994 
-0.390252 0.288458 -0.062969 
-0.933406 0.197489 0.194928 
0.390683 -0.294353 0.108980 
0.381778 -0.526628 0.261913 
-0.546128 0.778691 -0.061290 
-0.788669 -0.540535 0.157356 
0.793172 -0.093476 -0.261027 
-0.557024 -0.779898 0.013908 
-0.425712 0.440602 0.263973 
-0.829399 0.464281 0.221074 
-0.187314 0.467422 0.259365 
0.296004 0.384031 -0.199501 
0.938916 -0.214505 0.069946 
-0.544097 -0.787549 0.254333 
-0.187614 0.740119 -0.258361 
-0.186072 0.476048 -0.262687 
0.044943 -0.483388 -0.255269 
0.398303 -0.281719 0.014663 
0.602428 0.234377 -0.258666 
-0.354041 0.666926 0.264242 
-0.258953 0.612394 0.261048 
-0.531220 -0.110008 -0.263871 
0.951564 -0.144475 -0.219010 
-0.053485 -0.852778 0.260157 
0.854574 0.379002 -0.264904 
-0.420572 0.233327 0.068791 
-0.441678 -0.642300 -0.259098 
0.583420 -0.728191 0.261148 
0.858388 -0.435046 0.226342 
-0.720502 -0.010553 0.263575 
0.473949 -0.394791 0.260552 
-0.619182 0.467909 -0.259114 
0.662317 0.579328 -0.265046 
0.520173 -0.508373 0.262258 
-0.339129 -0.899000 0.168947 
0.546483 0.297325 -0.261140 
0.526550 -0.331250 0.260478 
0.413696 0.860771 -0.072332 
0.134368 0.944287 0.240869 
-0.383010 -0.296726 0.018962 
0.816997 -0.344035 -0.263534 
0.208543 0.436022 -0.186630 
-0.953604 0.038202 -0.079345 
0.328676 -0.472718 0.261913 
0.222448 -0.937814 -0.012757 
-0.354000 -0.321685 0.170750 
0.040518 -0.826656 0.261900 
0.562896 -0.539411 -0.265043 
-0.123939 0.464738 0.131174 
0.531747 -0.167543 -0.256841 
0.778448 -0.560344 0.247883 
0.000319 -0.670756 0.264453 
0.228575 0.637895 -0.263381 
0.464500 0.150487 0.212884 
-0.948042 -0.126497 0.195233 
0.766263 -0.483396 -0.264963 
-0.490958 0.283389 -0.258110 
-0.947392 -0.132374 -0.152594 
0.691860 0.495471 0.263387 
0.329578 0.715297 0.262622 
0.254776 0.412009 0.179385 
-0.683807 0.531927 0.262444 
-0.837397 0.081794 0.260231 
-0.106085 0.859061 0.263647 
-0.003389 0.563435 -0.261081 
0.956740 0.098865 0.128184 
0.539331 -0.243878 -0.257547 
0.444596 0.650617 -0.264266 
-0.549812 0.749879 0.264317 
-0.444787 0.840564 -0.040944 
0.918129 0.127198 0.264683 
-0.635558 0.712963 0.191305 
-0.386351 0.291814 -0.239280 
0.961164 -0.016090 0.171858 
-0.626807 -0.493165 0.262865 
0.402981 -0.301610 -0.255578 
-0.247539 -0.863133 0.259588 
-0.475315 0.281450 0.264628 
0.513966 -0.234399 0.260217 
-0.711484 -0.509740 0.262395 
0.825389 -0.179856 -0.255414 
-0.415891 -0.386990 -0.263391 
-0.269026 0.748363 -0.264115 
0.820231 -0.497033 0.189204 
0.966235 -0.059691 -0.179022 
-0.938455 0.183306 -0.137645 
-0.050398 0.844569 -0.257059 
-0.492698 0.812756 -0.164707 
0.845779 -0.455624 -0.153544 
-0.438743 0.417922 -0.262589 
0.364271 -0.773432 0.263181 
-0.305621 0.367640 -0.131048 
-0.562020 -0.583742 -0.258455 
0.135044 -0.556734 -0.262761 
-0.424439 0.675851 0.262515 
-0.257582 -0.404234 -0.073662 
-0.195286 0.935706 0.110701 
-0.706198 0.645782 0.110804 
-0.233020 0.749984 0.263294 
0.254137 -0.479789 -0.264716 
-0.859864 -0.421026 0.019753 
-0.847418 -0.323141 0.259413 
-0.702761 -0.368145 0.262268 
-0.662597 -0.487610 -0.258183 
0.454735 -0.845091 -0.108856 
-0.952580 -0.081696 0.107367 
0.214990 -0.940551 -0.191137 
-0.208795 -0.432747 -0.118425 
0.881370 0.377106 -0.060362 
-0.262455 -0.925286 -0.096308 
-0.381721 0.503767 0.263954 
0.851443 0.439743 0.078329 
-0.570925 0.022649 0.263638 
0.479047 0.169155 -0.255846 
-0.096602 0.706175 -0.262253 
0.006689 -0.483969 -0.105592 
0.876778 0.197052 -0.255414 
0.126937 -0.538314 0.263722 
-0.428068 0.826680 -0.264489 
-0.076912 0.473411 -0.061333 
0.594350 0.751791 0.093839 
0.770840 0.249903 0.263785 
-0.125831 -0.468541 0.018941 
-0.623248 0.724353 0.031098 
0.724171 0.626947 -0.231445 
0.601019 -0.204177 -0.258417 
0.686638 0.327422 -0.263855 
0.472779 0.121936 -0.064225 
-0.481017 0.018620 0.015146 
-0.183880 -0.514198 0.264021 
-0.210545 -0.663557 -0.260842 
0.790904 0.463836 0.264212 
-0.349878 0.883278 -0.158047 
-0.541485 -0.717303 -0.256460 
-0.451810 -0.845846 0.074941 
0.308253 0.374549 -0.124561 
0.460000 0.837194 0.021759 
0.900833 0.016973 -0.255414 
0.272884 -0.730450 0.263704 
0.645640 0.423020 0.262384 
0.207649 0.761882 0.262659 
-0.188670 0.440121 0.158981 
-0.438358 -0.209275 -0.241520 
-0.372536 -0.787244 -0.256698 
0.450920 0.676126 0.264734 
-0.085559 0.472491 0.244000 
-0.052037 -0.480596 -0.008387 
0.007884 0.961996 -0.246138 
-0.327936 -0.720705 -0.257823 
-0.655687 0.240555 -0.260685 
-0.751735 0.450877 -0.255414 
0.963172 0.073168 -0.081556 
-0.479169 0.027926 -0.197121 
0.334715 -0.829620 -0.256432 
0.518500 0.384445 -0.255954 
-0.393977 0.283368 0.190216 
0.161604 -0.460974 0.003442 
-0.557209 -0.307816 0.264497 
0.519706 0.629894 -0.261303 
0.165345 0.943810 -0.006324 
0.578196 -0.774811 -0.136403 
-0.561570 0.764545 -0.257649 
-0.129461 0.461163 -0.205419 
0.086741 -0.877743 0.259818 
0.869968 -0.411217 0.029358 
0.190105 0.938058 0.082373 
0.531700 -0.142232 0.262273 
-0.805634 -0.480228 -0.255414 
0.766038 -0.456019 0.263879 
-0.426123 0.224500 -0.067532 
-0.780470 0.526260 -0.255741 
-0.248081 0.408328 0.042596 
0.022990 -0.868897 -0.257350 
0.756462 -0.601506 -0.201806 
0.703499 -0.531030 -0.255916 
-0.684901 0.668578 -0.074491 
-0.585177 0.012310 -0.262991 
0.948327 -0.156281 0.177787 
0.896596 -0.341376 -0.081785 
-0.429662 0.545096 -0.260084 
0.487682 0.008617 -0.048441 
-0.192063 -0.942953 -0.192877 
-0.120201 0.621247 -0.260079 
0.679698 -0.338091 0.261806 
-0.627795 -0.725607 -0.054095 
-0.269855 0.470527 0.262167 
0.351246 0.887530 0.260127 
0.894309 -0.098201 0.263978 
0.753052 -0.596569 0.197653 
-0.177915 0.587109 0.263262 
-0.475344 0.094055 -0.107853 
0.808010 0.514651 -0.016439 
0.815904 0.501957 -0.226317 
0.366535 -0.599631 -0.260423 
-0.313076 0.601454 -0.263218 
0.538496 0.548765 -0.265046 
0.207241 0.932715 0.163767 
-0.935843 -0.018614 0.262569 
0.588729 -0.356736 -0.264620 
-0.166753 -0.456194 -0.186837 
0.042951 -0.694334 -0.260900 
0.631455 -0.478406 -0.255483 
-0.563225 0.162570 0.264379 
-0.020823 -0.549355 0.264005 
-0.528602 0.347537 0.263847 
0.937658 0.207724 0.194364 
0.955856 -0.084377 0.084217 
-0.606927 -0.178496 0.262875 
0.263124 0.923043 -0.119738 
0.168028 0.453501 -0.028068 
0.822608 -0.312900 0.264257 
-0.484498 -0.010358 0.194150 
-0.801542 0.181318 -0.258160 
-0.949541 0.110883 0.082335 
0.944737 -0.213211 -0.220456 
-0.508228 0.116576 0.264511 
0.321046 0.364701 0.212258 
-0.417445 -0.523199 -0.259546 
0.461406 0.750784 -0.264929 
0.967841 0.039580 -0.233831 
0.107684 -0.472660 -0.032557 
0.030507 -0.483673 0.095581 
0.489314 0.604818 0.263661 
-0.502924 -0.813852 0.137010 
-0.870993 -0.242800 0.259448 
-0.341139 0.855188 0.264364 
0.808547 0.338469 0.264239 
0.628611 -0.646211 -0.262784 
-0.679680 -0.674370 0.061376 
-0.636638 -0.085579 0.262746 
0.507042 -0.489717 -0.265046 
0.441839 -0.849945 0.026483 
0.381911 -0.521997 -0.261411 
0.429120 0.853699 0.232488 
-0.000909 0.704274 -0.259079 
0.637644 0.713354 0.264732 
-0.311472 0.361682 -0.066371 
0.005351 -0.958400 0.253175 
0.756112 -0.261387 -0.261785 
0.385335 0.828859 -0.264800 
0.870794 0.400448 -0.194134 
-0.176147 -0.448943 0.178226 
0.394849 0.594233 0.264734 
0.808090 -0.516558 0.077887 
-0.615317 0.403282 -0.255414 
0.261905 -0.412049 0.190385 
-0.842668 0.438529 0.088089 
0.604326 0.182782 0.262661 
-0.728100 0.621081 -0.192911 
-0.006250 0.480226 0.105160 
0.407580 -0.669742 0.262967 
0.536934 -0.045739 -0.255414 
0.193718 -0.677599 0.262291 
-0.137186 -0.952076 0.195854 
-0.902614 0.299980 0.259384 
-0.855198 -0.429659 0.149237 
-0.479811 0.217431 0.264203 
-0.312336 0.897408 -0.012258 
-0.617598 -0.669341 0.260690 
0.414510 -0.865141 -0.232841 
0.770030 0.579384 -0.083457 
0.428410 -0.856138 0.184333 
-0.949134 -0.121446 -0.220093 
-0.581021 0.285395 0.264733 
0.004322 -0.579991 -0.263248 
0.303353 -0.609115 0.264517 
-0.316552 0.757163 0.263019 
0.219958 0.431153 0.071215 
-0.760585 0.097891 0.261174 
-0.066960 -0.959934 -0.255439 
0.047296 0.478991 -0.015442 
0.475814 0.828741 -0.186313 
-0.950858 0.099119 -0.028004 
-0.851021 0.208660 0.262378 
-0.837649 0.452783 -0.033069 
-0.555001 -0.782401 -0.143161 
-0.902634 -0.151475 0.260708 
0.235236 -0.543513 0.262925 
0.177444 -0.946915 0.035355 
-0.278987 0.912139 -0.108820 
0.339510 0.346834 0.064608 
0.410214 -0.272626 0.260099 
0.906666 -0.314621 -0.205301 
-0.822687 0.482620 0.034823 
-0.784337 0.530661 0.261958 
0.571677 -0.764435 -0.255655 
0.374434 0.527459 -0.262371 
-0.430030 -0.225757 0.048195 
0.479877 -0.835607 -0.051872 
0.460648 -0.170272 -0.255484 
0.373098 0.310386 -0.209608 
0.654961 0.192732 -0.257715 
0.626733 0.259604 0.262128 
0.078974 -0.960869 0.005511 
0.657454 0.694992 -0.047013 
-0.145403 -0.681587 0.263083 
-0.427882 -0.226445 -0.181995 
0.559330 0.046133 -0.255414 
-0.334021 0.474268 -0.260794 
-0.777269 -0.129874 0.261746 
-0.650610 -0.002793 -0.261663 
0.033543 0.954940 0.089503 
-0.476811 -0.077905 -0.023099 
0.579991 0.394856 -0.259815 
-0.595621 0.745079 0.102107 
-0.306361 0.873714 -0.264900 
0.846635 0.058897 0.263333 
0.582881 -0.660212 0.259355 
0.249140 -0.863006 -0.256373 
-0.522758 -0.185475 0.263859 
-0.313991 -0.869674 0.259244 
0.157426 0.458297 0.188198 
0.238795 0.474405 -0.262497 
-0.217315 -0.579467 0.263102 
-0.110853 -0.879256 0.259814 
-0.261527 -0.466293 0.264662 
0.453830 0.475278 0.260951 
0.919574 -0.273774 0.194411 
-0.656113 0.396850 0.263945 
-0.491753 -0.762314 -0.256500 
-0.076101 -0.959790 0.085747 
0.609582 0.533213 -0.265046 
0.456060 0.807997 0.264691 
-0.651551 0.229741 0.264410 
0.445431 -0.774097 -0.257527 
-0.256021 -0.833571 -0.257249 
-0.217190 -0.936184 -0.002103 
-0.454507 0.754807 0.263666 
-0.931076 -0.216503 0.075527 
-0.138086 -0.838023 -0.257729 
0.626385 -0.072440 -0.258326 
0.735904 0.183787 -0.255414 
0.789812 -0.549370 -0.028774 
0.364825 0.320349 -0.079512 
-0.767661 0.569608 -0.034301 
-0.863231 0.398754 -0.238606 
-0.419576 -0.239272 -0.073700 
-0.619231 -0.261630 0.262378 
0.239410 0.445032 0.263433 
0.328848 0.431619 -0.263331 
-0.619365 0.727842 -0.129314 
0.696244 -0.197800 -0.256611 
-0.235769 -0.418373 0.213837 
-0.533566 0.788415 0.130553 
0.827970 0.015209 -0.255414 
-0.194343 0.940643 -0.192141 
0.485934 0.049825 -0.169393 
0.358290 -0.834294 0.259950 
-0.917636 0.206297 -0.255736 
0.639598 0.711716 0.152312 
-0.933911 -0.208055 -0.237507 
0.579796 0.659363 0.264144 
0.490687 -0.548540 -0.260015 
-0.393794 -0.766663 0.261396 
0.961654 -0.086084 -0.247864 
-0.821848 0.481220 0.161730 
0.487320 0.021579 0.158217 
0.215127 0.433326 -0.076030 
-0.953742 0.053502 0.220984 
-0.571740 -0.068736 0.263585 
-0.256935 -0.683787 0.261693 
0.668142 0.684981 0.012977 
-0.403694 -0.267895 0.179200 
0.210252 -0.922889 0.261983 
-0.138851 0.807739 0.263074 
0.136376 -0.467689 0.181869 
0.802808 -0.403201 -0.263206 
-0.448804 0.571483 0.264369 
-0.342990 -0.332079 -0.142406 
-0.346411 -0.328658 0.055519 
-0.096064 0.605443 0.260467 
0.342477 -0.900324 0.185062 
0.654776 -0.707595 0.208300 
-0.447708 0.185364 -0.026442 
-0.765227 -0.576463 -0.186309 
-0.458231 0.770120 -0.264565 
-0.238843 0.657843 -0.263542 
0.137502 0.822160 0.263225 
0.744088 -0.610281 0.049159 
0.804430 -0.249367 0.264028 
-0.453331 0.211739 -0.264729 
-0.252307 0.526603 -0.262682 
0.819577 0.496048 0.117336 
0.429429 0.421198 -0.265046 
-0.836012 0.273378 -0.256986 
-0.453782 -0.173048 -0.194192 
-0.462815 -0.504236 0.262676 
0.114689 0.522572 0.259452 
0.947029 0.181611 -0.031297 
0.458599 -0.171072 0.067293 
0.323015 -0.906564 0.127713 
-0.427709 -0.663006 0.263122 
-0.495705 -0.093201 0.264619 
-0.628882 -0.331543 -0.260449 
0.463017 -0.840182 0.081767 
-0.940517 0.170960 -0.066400 
-0.402138 -0.257506 -0.234754 
-0.386699 -0.879484 -0.009245 
0.045217 -0.962014 0.107143 
0.455060 0.174982 -0.018159 
0.476589 -0.118828 0.260860 
-0.409627 0.674328 -0.263931 
-0.223174 0.669814 0.263745 
0.865319 -0.423329 0.159371 
0.561617 0.092759 0.264120 
-0.100129 0.949036 -0.241636 
0.038740 -0.483385 0.026105 
0.689967 -0.458685 0.263457 
-0.292579 -0.379836 0.040249 
-0.352612 -0.415834 -0.262378 
0.787478 0.549645 -0.204442 
0.545225 0.521268 0.264442 
0.392582 -0.879436 -0.175104 
-0.587825 0.752933 -0.022411 
0.795760 -0.070864 0.262705 
-0.526760 0.170829 -0.263632 
-0.864953 0.150817 0.261393 
0.702043 0.644379 0.264734 
0.944502 -0.203363 -0.087240 
-0.285836 -0.385199 0.169756 
-0.115233 0.945171 -0.112888 
-0.504426 0.386839 -0.261979 
0.147635 0.694258 0.261656 
0.769705 0.569972 0.192099 
-0.602459 -0.627149 -0.257243 
0.148596 -0.466126 -0.123071 
-0.482555 -0.824727 0.206491 
-0.743824 -0.263857 -0.258847 
-0.417760 -0.270578 0.264664 
-0.379275 0.872058 0.214263 
-0.561480 0.481129 -0.259864 
0.321374 0.450009 0.264219 
-0.212030 0.932564 0.199051 
0.637392 0.713781 -0.162727 
0.402521 0.356305 0.264466 
0.057428 -0.961376 0.215293 
-0.114814 -0.956277 -0.124317 
-0.743247 -0.308842 0.260706 
-0.235629 0.416060 -0.253167 
0.188088 0.687498 -0.258983 
-0.351612 -0.357678 0.264648 
0.664441 -0.695933 -0.232433 
-0.932611 0.206042 -0.019517 
0.693663 -0.322735 -0.260817 
-0.589860 0.559387 0.262010 
0.057081 0.959585 -0.202950 
0.645347 -0.158046 0.262960 
-0.827146 0.424911 0.264576 
-0.466098 0.133107 0.198057 
-0.292040 0.382114 0.260881 
-0.821513 0.084460 -0.257272 
0.482478 -0.070420 -0.211270 
0.904474 -0.185218 0.264514 
-0.489981 -0.760633 0.262529 
0.737839 -0.619841 -0.078549 
0.332993 -0.355992 -0.073915 
0.486244 0.070369 0.223669 
-0.870508 -0.397354 0.072217 
-0.376730 0.371806 -0.264153 
0.413963 0.255629 -0.063142 
-0.119127 -0.470486 -0.041370 
-0.928040 -0.232521 -0.123706 
0.096114 0.579210 -0.261020 
-0.819177 -0.394085 -0.256406 
-0.463159 0.829306 -0.217881 
-0.915015 0.274322 -0.050104 
-0.884666 0.362795 -0.064143 
-0.762534 -0.579322 -0.090166 
0.757719 0.590695 0.096454 
-0.952761 0.082343 -0.203737 
-0.289044 -0.384110 -0.190692 
0.959558 0.020458 0.247242 
0.130038 0.944503 0.109752 
-0.263426 -0.400745 0.106491 
-0.645451 0.588223 0.260504 
-0.098139 -0.472964 -0.237385 
0.884635 -0.373013 0.254075 
0.288444 -0.393128 0.077960 
0.690167 -0.597602 -0.262301 
0.280961 0.394392 -0.037423 
0.098490 -0.711012 -0.260458 
-0.557948 0.692483 0.263644 
0.471888 -0.427626 -0.264844 
0.118889 0.521718 -0.261507 
-0.476576 0.088654 0.036908 
0.955818 0.107667 -0.206121 
0.007173 0.480561 -0.082297 
0.144305 0.461124 -0.085246 
-0.930226 0.213639 0.090211 
-0.451373 0.176789 0.036707 
-0.201748 -0.549379 -0.261335 
0.492873 0.167785 0.259977 
-0.158806 -0.948218 0.115673 
-0.623276 0.615841 -0.257078 
0.087769 0.948666 0.207440 
-0.920367 0.258258 -0.134263 
-0.757612 0.375441 -0.264929 
0.462387 -0.157945 -0.039191 
-0.642758 -0.436809 0.262986 
-0.430823 -0.857306 0.227324 
0.535017 0.102011 -0.255414 
-0.355702 -0.542880 -0.261770 
0.296314 0.906997 0.122819 
-0.413824 0.248681 0.137991 
0.109936 -0.958004 -0.122938 
-0.956060 -0.022594 -0.158837 
0.865895 -0.421828 -0.203965 
0.236843 0.767575 -0.260034 
-0.484473 -0.010909 -0.108968 
-0.374259 0.302218 0.034155 
-0.889780 0.349386 -0.201827 
0.267025 0.697314 0.262113 
-0.956288 0.006781 -0.223945 
0.500289 0.244914 0.262319 
-0.880305 0.003799 -0.256973 
0.844878 -0.457095 0.051672 
-0.906615 0.295187 0.071502 
-0.038641 -0.483335 -0.192529 
0.959274 0.083454 0.073554 
0.462392 0.835914 -0.102986 
0.697818 0.654934 -0.101442 
-0.599668 0.745540 -0.210023 
-0.828509 0.476816 -0.168533 
0.314185 0.901480 0.219498 
-0.154443 0.454203 0.040441 
-0.424984 -0.235133 0.130111 
-0.526101 -0.267682 -0.262914 
-0.159684 -0.731483 -0.259778 
-0.439063 0.205589 -0.152366 
0.100687 -0.509690 -0.264103 
0.302592 -0.383198 0.145375 
0.204089 -0.789935 -0.258214 
0.100946 -0.588529 0.264078 
-0.541795 0.781753 0.207305 
0.694307 -0.583933 0.262288 
-0.457696 -0.161003 0.075557 
0.116964 0.718815 -0.261409 
-0.776410 -0.127201 -0.258884 
-0.460778 -0.151516 -0.091934 
-0.166449 0.815880 -0.257235 
-0.543227 0.472296 0.262077 
-0.609286 -0.377487 0.263890 
-0.342746 0.730132 -0.263690 
0.137624 -0.954248 0.197994 
-0.252481 -0.927913 0.171089 
-0.448142 -0.186383 0.255190 
0.784217 -0.554537 0.177271 
-0.649682 0.030132 0.262641 
-0.009107 0.952867 0.222283 
0.222617 -0.608972 -0.259931 
-0.472607 -0.108080 0.050392 
0.484346 0.748561 0.264734 
0.625907 -0.322301 0.261320 
0.286828 -0.670427 -0.258833 
0.940926 0.202223 0.089907 
-0.615810 -0.734900 -0.112181 
0.177346 -0.806908 0.262515 
0.539786 0.213950 -0.257922 
-0.065036 0.475150 -0.004441 
0.442024 -0.502593 0.260735 
-0.604962 -0.456604 -0.259509 
0.808247 0.514269 -0.078489 
0.317400 -0.447680 -0.263244 
0.447309 0.196715 0.186656 
0.203608 0.637183 0.261134 
0.350095 -0.337891 -0.130859 
0.959659 0.051861 0.186293 
-0.380292 0.375852 0.264439 
0.897747 -0.015393 0.263475 
0.338356 0.630084 0.264356 
0.858353 -0.399128 -0.264261 
0.093565 0.473077 0.092970 
-0.520923 -0.377479 0.263791 
0.534877 0.792653 0.189624 
-0.596512 0.440158 0.263194 
0.412370 0.861371 0.140777 
0.160954 -0.950946 -0.201466 
0.605845 -0.041713 0.259600 
0.499325 -0.827433 -0.146260 
-0.475155 0.094879 -0.258207 
0.508661 0.414459 0.264734 
-0.472424 -0.108884 -0.216016 
-0.346951 0.326083 0.145340 
-0.876477 0.377708 0.048944 
0.687274 -0.650942 0.263601 
-0.433590 0.267895 -0.255575 
0.458538 0.837975 -0.047766 
-0.865838 0.394155 0.111796 
-0.803487 0.337840 0.259854 
0.481055 -0.082840 0.003424 
-0.450090 0.179791 -0.204680 
0.901869 0.325332 0.062331 
-0.913262 0.283904 -0.252844 
-0.811668 0.502413 -0.060788 
0.138100 0.800839 -0.260291 
-0.383308 -0.518379 0.263792 
0.551936 -0.306895 -0.260871 
-0.479088 0.417696 0.263071 
0.485928 0.072788 0.095425 
0.662220 0.084079 -0.259088 
-0.177244 0.444484 -0.059919 
0.844295 0.453116 0.256286 
0.022824 -0.962342 -0.017570 
-0.593534 0.677344 -0.262418 
-0.718262 0.432100 0.263813 
0.099716 -0.644101 0.263097 
-0.695503 0.590831 -0.256327 
-0.730217 -0.620667 -0.073806 
-0.665601 -0.687672 0.216061 
0.217847 -0.436751 0.241956 
-0.153226 -0.458051 0.240967 
-0.078532 -0.598656 -0.262750 
-0.598400 0.344358 -0.257569 
0.877894 -0.390575 -0.051793 
0.261615 -0.479309 0.264712 
-0.048906 -0.697263 0.262116 
-0.383046 0.432300 -0.263849 
-0.133947 0.906276 0.264292 
0.365639 0.319369 0.104186 
0.951713 -0.131306 0.112208 
-0.058556 0.476256 0.136566 
0.315863 0.555730 -0.263143 
-0.431494 -0.858457 -0.159689 
0.497754 0.333787 -0.257728 
-0.902028 0.306073 0.128084 
0.908250 -0.079191 -0.258122 
-0.650896 0.700206 -0.213049 
0.475942 -0.623968 0.261913 
0.436020 -0.220934 0.155566 
-0.713905 -0.571918 0.261580 
-0.933270 -0.203409 0.149066 
-0.652692 0.667227 -0.256554 
0.914687 0.243806 -0.255574 
-0.757192 -0.210897 -0.258909 
0.358743 -0.330356 0.250582 
-0.811450 -0.026290 0.262130 
-0.011093 -0.740792 -0.259964 
0.026911 0.522803 0.259317 
-0.086577 -0.821052 -0.258221 
0.157908 0.944121 -0.204472 
-0.044389 -0.482195 0.197145 
-0.475153 -0.559582 0.261625 
0.433982 0.797425 -0.264761 
-0.119525 -0.948640 0.258923 
-0.672086 -0.131354 0.263534 
-0.849366 0.029105 0.261669 
0.768992 -0.313882 -0.262409 
-0.307428 -0.494799 0.264541 
-0.907352 0.301543 -0.176382 
-0.581560 0.533048 -0.258855 
-0.546151 -0.649046 0.260506 
-0.020795 -0.603345 0.263704 
0.896194 0.298532 0.264647 
-0.946504 -0.135219 0.068780 
-0.452677 0.835729 0.226473 
0.370715 0.750048 0.263380 
0.379987 0.876044 -0.207204 
0.292449 0.504849 0.264256 
0.843604 0.150384 -0.257511 
-0.901716 -0.319444 0.240304 
-0.290951 0.906375 0.200852 
0.254482 0.821299 0.263545 
-0.828181 -0.408416 0.259214 
0.846592 -0.110917 -0.262881 
0.822971 -0.492627 -0.054093 
0.566961 0.776233 -0.097457 
0.946099 -0.187211 0.024306 
-0.261072 0.920431 0.098183 
-0.372339 -0.685695 0.263542 
0.799917 0.032739 0.261491 
0.382633 -0.302397 -0.084694 
-0.244851 -0.930784 -0.202389 
0.609285 0.117113 0.264000 
-0.732235 -0.618052 -0.004090 
0.218689 0.565473 0.260341 
0.761060 -0.343960 0.262929 
-0.953410 0.043100 0.088450 
0.656827 0.274186 -0.261973 
0.296259 -0.385861 -0.211821 
-0.311790 0.897614 0.109669 
0.607056 0.555003 0.264734 
-0.764510 -0.350060 -0.257794 
0.150020 0.460397 0.121495 
-0.942257 -0.160594 -0.107497 
-0.634101 0.291363 0.262985 
-0.417164 -0.814718 0.260860 
-0.767711 0.568910 0.032905 
-0.791269 -0.538908 -0.056630 
0.390397 0.323053 -0.262834 
-0.658129 -0.157255 -0.261132 
-0.509669 0.173217 0.264649 
-0.065959 -0.479460 0.247022 
-0.814623 -0.499442 0.042276 
-0.736166 0.609117 0.216763 
-0.135031 0.941639 -0.004517 
0.924078 0.271932 0.028806 
-0.169408 0.941497 -0.128022 
0.715147 -0.128926 -0.256965 
0.450777 0.186300 -0.161107 
0.191612 0.935330 0.214563 
-0.143531 0.940235 0.143908 
-0.473339 0.823269 0.048801 
0.056888 -0.827936 -0.258163 
-0.298606 0.374783 -0.219273 
-0.253658 0.869076 -0.259951 
0.055084 0.478514 0.140823 
-0.376699 0.540892 -0.260311 
-0.223587 0.421940 0.119417 
-0.517370 -0.807352 -0.107393 
-0.734288 -0.615997 -0.203261 
0.957140 -0.084755 0.010665 
-0.634412 -0.718602 0.250915 
-0.817032 -0.498867 -0.141722 
0.332646 0.353572 0.001941 
-0.023297 -0.962800 -0.213041 
-0.362945 -0.850988 -0.255928 
0.320671 0.899038 -0.198937 
-0.130999 0.493264 0.261384 
0.712401 0.468382 -0.262890 
-0.431609 0.848638 -0.091529 
0.051933 0.479926 -0.259728 
-0.583193 0.757575 -0.095304 
0.169361 0.882051 -0.257618 
0.474609 0.527803 -0.264914 
-0.721012 -0.158365 0.263211 
0.472065 -0.266511 0.259472 
0.438905 -0.212726 -0.232890 
-0.718606 0.492255 0.262415 
-0.045980 -0.771311 0.261189 
0.734167 0.617979 -0.081065 
-0.882645 0.368676 -0.116500 
-0.697471 -0.657017 -0.144636 
-0.590348 0.745940 0.219556 
-0.460197 -0.153306 0.186369 
-0.468635 -0.125483 -0.045195 
0.599853 0.448953 0.262270 
-0.949378 0.111130 0.179005 
0.221711 -0.937127 0.140770 
0.112250 -0.780108 -0.259024 
0.320242 -0.574909 -0.262551 
-0.467226 -0.699035 -0.257853 
-0.143339 -0.734037 0.263189 
-0.695813 0.656628 0.060537 
-0.500797 -0.590558 -0.258141 
-0.146614 -0.889733 -0.256658 
-0.673291 -0.367573 -0.259303 
-0.325497 -0.349572 0.204681 
0.662450 -0.401611 0.262405 
0.333124 0.832519 -0.264698 
-0.102630 0.468265 -0.134119 
0.387637 0.385189 -0.265046 
-0.633894 0.644633 0.262220 
0.695884 -0.662214 0.030002 
0.913795 0.160209 -0.258265 
0.803222 0.369084 -0.264597 
-0.731987 0.552202 0.262139 
0.473410 -0.124808 0.169515 
-0.483913 -0.680151 0.262649 
0.513822 -0.777336 -0.256078 
-0.578470 -0.763202 0.211927 
0.397469 0.528459 0.263822 
0.696026 0.656847 -0.178219 
-0.029753 0.956504 -0.010641 
-0.759786 -0.023049 -0.259422 
-0.279798 -0.919781 0.067656 
0.848603 0.445056 -0.011955 
-0.163069 -0.456960 -0.112008 
0.841924 -0.461915 -0.101933 
-0.883876 -0.074952 0.259657 
0.567602 0.775908 -0.227957 
-0.801479 -0.519089 0.212799 
-0.664259 0.493960 -0.258056 
0.378585 -0.719908 -0.263453 
0.677986 -0.678689 -0.143811 
0.225876 -0.660919 -0.259222 
0.512713 -0.819457 -0.200706 
-0.626622 0.105574 0.263168 
0.030980 -0.554118 0.264178 
-0.819197 -0.488914 0.139486 
0.493471 -0.026096 0.257238 
0.394629 0.636394 -0.264720 
0.073902 0.890740 -0.257051 
0.432929 0.851663 0.082651 
-0.706472 -0.545773 -0.256762 
-0.604134 0.200085 0.264495 
-0.371902 0.304247 -0.174655 
0.556488 -0.374276 0.262132 
0.500068 0.046097 -0.255707 
0.123719 -0.469637 0.101056 
-0.003729 0.480301 0.021761 
0.022905 0.480034 0.204918 
0.279208 0.857765 -0.262131 
0.365055 -0.894117 0.098368 
0.053497 -0.739940 0.261588 
-0.240159 0.929676 0.001938 
0.312175 -0.912371 -0.095551 
-0.482337 0.045780 0.213818 
-0.030242 -0.541475 -0.264009 
-0.681644 0.067710 -0.259277 
-0.671684 -0.045683 0.262356 
0.226335 0.932736 -0.071589 
-0.512225 -0.160759 -0.263990 
-0.225981 -0.934524 -0.060831 
-0.221009 0.934071 0.049947 
-0.221873 0.422543 -0.115124 
-0.473342 0.102825 -0.047576 
0.322896 -0.398948 0.261753 
-0.067869 -0.921460 0.259277 
-0.593178 -0.752706 -0.010979 
0.324710 -0.907915 -0.026552 
0.167242 0.884003 0.264057 
-0.953526 0.042108 -0.027943 
0.316868 -0.912565 -0.229385 
0.730886 -0.630788 -0.235614 
0.712566 -0.401970 -0.262756 
0.180889 0.448632 -0.119676 
0.214718 -0.436319 -0.204021 
0.743268 0.117869 -0.259230 
-0.913965 0.174986 0.261731 
-0.580477 -0.470719 0.263090 
-0.919894 -0.263182 -0.062916 
-0.381795 0.810371 0.263464 
0.478080 0.096080 -0.195978 
-0.874864 -0.388820 -0.240560 
0.406869 -0.646259 -0.259219 
0.741207 0.481090 0.263794 
0.423915 0.492532 -0.264622 
0.685105 -0.067196 0.261310 
-0.889722 0.105871 0.259543 
0.063258 0.957495 -0.100992 
0.049125 -0.483390 -0.076706 
0.293583 0.652447 -0.263605 
-0.094864 -0.958116 -0.035893 
-0.251063 0.407142 -0.035084 
0.416562 -0.803529 0.264606 
0.453564 -0.844540 0.141084 
0.094498 0.630436 -0.262567 
0.869190 -0.299793 -0.264223 
0.020629 0.786540 0.262644 
0.872201 0.397341 0.250261 
0.336232 0.893182 0.152836 
0.951324 -0.165699 -0.163263 
-0.838107 -0.025205 -0.257822 
0.914822 0.294046 -0.050933 
0.320606 0.730877 -0.264102 
0.299043 -0.878536 0.263710 
-0.402318 0.863211 0.121703 
0.961709 -0.027621 0.122024 
0.123514 -0.956595 -0.072928 
0.555501 0.270048 0.262683 
0.443834 0.206203 -0.254749 
0.408358 -0.266772 0.067584 
0.353049 -0.335249 0.023823 
-0.356685 -0.319375 0.106630 
-0.860167 -0.420949 -0.151082 
0.370539 0.880269 -0.053474 
0.578785 -0.773342 0.019801 
-0.840556 -0.452109 0.232564 
0.539658 0.045156 0.259457 
-0.355804 -0.320133 -0.047777 
0.581869 -0.771674 -0.061148 
-0.034626 -0.960451 0.196030 
0.687508 -0.669411 -0.033006 
-0.764717 -0.574864 0.060576 
-0.234831 -0.932508 0.117928 
-0.017350 -0.961380 -0.072069 
-0.862280 -0.415057 0.204541 
0.020437 -0.963388 -0.119188 
0.242938 -0.803844 0.262388 
0.572921 -0.592667 -0.262833 
0.502512 0.812778 0.009023 
-0.101017 -0.705984 0.262594 
-0.404499 -0.871508 -0.066212 
0.567325 0.770398 0.226134 
0.221599 0.931658 0.043238 
-0.075137 0.800512 -0.260401 
-0.895369 -0.337680 -0.098674 
-0.737441 0.608921 -0.102358 
-0.667914 -0.687007 0.002446 
-0.616147 -0.244716 -0.261426 
-0.307145 0.627171 0.263273 
0.745292 0.261278 -0.261591 
-0.954562 -0.062515 -0.025426 
-0.158122 -0.523366 -0.263893 
0.965006 0.001223 -0.012951 
0.023836 0.905308 0.264145 
-0.280628 0.567053 0.263320 
-0.762310 -0.492048 0.262739 
0.966146 0.025481 -0.117404 
-0.118135 0.944428 0.235590 
0.220725 -0.939493 -0.241086 
0.816211 -0.503498 0.030048 
0.946192 0.157292 0.185380 
-0.330578 0.890542 0.227211 
0.856530 0.430225 -0.098811 
-0.502085 -0.489971 -0.260668 
0.117884 -0.956893 0.105780 
-0.078975 0.954448 -0.190901 
-0.829535 -0.478303 -0.206398 
0.653096 0.364420 -0.262544 
0.641957 -0.537248 0.261919 
-0.534569 0.068478 0.264046 
0.694288 -0.015247 -0.255414 
-0.424721 0.230712 0.194070 
-0.187543 -0.444660 -0.235034 
0.292750 0.388325 0.157589 
0.819588 -0.498067 -0.132320 
-0.858910 0.405052 0.227995 
0.520865 0.502257 -0.265046 
-0.775951 0.064537 -0.257945 
0.841179 0.331145 -0.263928 
0.113619 0.469432 0.222049 
-0.146386 0.700084 -0.258906 
-0.447031 -0.317945 -0.262397 
-0.523261 0.294347 0.264553 
0.830934 0.095891 -0.261492 
-0.795527 0.531146 -0.143481 
-0.309739 -0.910466 -0.096172 
-0.707740 0.269911 -0.259479 
-0.444704 0.840614 0.008587 
0.534459 0.792912 -0.189400 
-0.154702 -0.458452 0.097694 
0.544532 -0.797371 0.096845 
-0.041825 0.495310 -0.262016 
-0.030228 0.770541 0.262451 
0.866728 0.409422 0.114175 
0.384266 0.874105 0.072467 
0.081349 0.952064 0.009679 
-0.272592 -0.737230 0.260993 
0.115916 -0.957578 -0.236752 
0.054853 -0.482858 0.225689 
0.161143 0.454725 -0.216754 
-0.316940 -0.357961 -0.068523 
0.047248 0.585552 -0.260747 
-0.584351 -0.741557 -0.255635 
0.207472 -0.441512 -0.084330 
0.353144 0.886816 0.004429 
-0.689670 0.664077 -0.200028 
0.282487 -0.680220 0.261913 
0.668555 0.659864 -0.265046 
0.276663 0.915295 -0.059609 
-0.663348 -0.690304 0.166972 
0.687633 0.665808 0.106565 
-0.017294 0.880965 -0.256559 
0.445137 0.202467 0.074801 
-0.632165 0.716141 0.141585 
-0.525461 -0.320767 -0.255414 
0.486707 -0.033722 0.067540 
0.685042 -0.671530 0.117476 
0.386707 0.872999 -0.125685 
-0.942246 0.105274 -0.255532 
0.188800 -0.451822 -0.258332 
-0.575327 -0.519508 0.261427 
0.565609 -0.482692 0.260963 
0.472718 -0.443787 0.260725 
0.307173 -0.872574 -0.255998 
0.071526 0.952330 0.130804 
-0.094783 -0.648858 -0.261684 
0.485240 0.073034 0.039905 
0.399249 0.277555 -0.021916 
-0.470617 0.114762 0.151256 
-0.284312 -0.486741 -0.263511 
-0.455701 0.463793 -0.261692 
0.430037 -0.235058 0.037312 
-0.886470 0.355404 0.139820 
-0.839035 -0.113660 -0.257379 
-0.834176 0.452446 -0.259697 
-0.401412 0.785733 -0.264182 
0.151328 0.944196 -0.068740 
0.936537 -0.128888 -0.264044 
-0.907952 -0.302068 0.035339 
0.339609 0.346848 0.170888 
-0.949662 0.094283 0.258804 
-0.246768 -0.916316 0.258948 
0.465172 0.144750 -0.106553 
0.051472 -0.609664 -0.262608 
0.868046 -0.265977 0.264424 
-0.040167 -0.961325 -0.132509 
-0.442958 -0.198512 -0.015444 
0.344155 -0.343664 -0.214082 
-0.338298 -0.899833 -0.172877 
-0.251364 0.924711 0.249413 
0.714215 0.375846 0.263825 
-0.504387 0.561680 0.263117 
-0.694773 0.136704 -0.260487 
0.963921 -0.064866 -0.076281 
-0.572248 -0.676530 -0.256460 
-0.036746 -0.960856 -0.015183 
0.963509 -0.005856 0.063320 
0.641685 -0.724254 0.037871 
-0.442858 -0.564499 -0.258862 
-0.329972 0.343061 0.091117 
-0.515569 0.800337 0.042638 
-0.169294 -0.947215 -0.079391 
-0.840845 0.443705 -0.202135 
0.860178 0.423401 0.194427 
0.409466 0.560760 -0.260860 
-0.520350 0.647840 -0.259427 
-0.037484 0.953610 0.131978 
-0.475179 -0.834610 -0.206351 
0.597784 0.316397 0.262973 
-0.083270 -0.475943 0.040589 
0.368765 -0.892982 -0.073477 
-0.953952 -0.072513 -0.219043 
0.483751 0.287631 -0.257127 
-0.476927 -0.400437 0.263890 
0.687890 -0.669082 -0.197044 
0.595542 -0.088804 0.260223 
-0.341969 0.716201 0.262720 
-0.712627 -0.460598 -0.255414 
-0.716802 -0.129302 -0.260078 
0.301139 -0.384924 0.218777 
0.197369 0.812595 -0.257222 
0.920865 -0.269516 0.099008 
0.410822 -0.867545 0.068168 
-0.770007 0.217616 -0.258607 
-0.116553 0.910033 -0.264412 
-0.439408 -0.333936 0.264342 
-0.486063 -0.093604 -0.264844 
0.629348 -0.235399 0.263004 
-0.951056 -0.096442 0.157891 
-0.058963 0.475693 -0.215493 
-0.060943 -0.479278 0.086636 
-0.093325 0.470744 0.038843 
0.181784 -0.533578 -0.261139 
-0.473020 0.565500 -0.261926 
0.479280 0.825189 -0.265037 
0.906108 -0.316102 0.011152 
0.735222 0.615936 0.170895 
-0.034351 0.648895 0.260920 
-0.392759 0.550297 0.261405 
-0.951939 0.016422 0.185887 
-0.066126 0.950403 0.218875 
0.857795 -0.436013 -0.060025 
-0.125993 -0.636540 0.263784 
-0.163141 -0.787866 -0.258640 
-0.094446 0.950264 0.076413 
0.474306 -0.116926 0.065151 
0.162334 0.519945 0.259567 
-0.576932 0.302028 -0.262479 
0.088126 0.473715 0.008677 
-0.040154 -0.483026 -0.062087 
-0.849195 -0.293766 -0.256617 
0.547915 -0.387187 -0.258666 
0.958108 -0.067621 0.195123 
-0.953903 0.045881 -0.127474 
0.253597 0.412083 -0.178244 
0.811018 -0.039881 -0.255414 
0.627427 0.722227 -0.014865 
0.270646 -0.403717 -0.164719 
0.068125 0.707126 0.261676 
-0.569898 -0.769809 0.142752 
-0.712941 -0.640298 0.116343 
0.163240 -0.949998 -0.098194 
0.475954 -0.593784 -0.259282 
-0.123197 -0.470095 -0.134242 
0.870467 -0.144917 0.263761 
-0.479249 -0.054760 0.082394 
-0.206695 -0.434282 -0.018669 
0.864433 -0.061326 0.263557 
-0.249121 0.875313 0.260963 
-0.509489 -0.495815 0.263388 
-0.495099 0.491280 0.263461 
0.161798 0.781482 0.262770 
0.481300 -0.301424 -0.264412 
-0.299347 -0.914281 -0.220907 
0.243158 0.924905 0.134034 
0.395020 0.770661 -0.264508 
0.499259 0.362676 0.260432 
0.653318 -0.710068 -0.086052 
0.892293 0.350775 0.018550 
0.730114 0.531305 -0.258165 
-0.328762 0.478950 0.260146 
-0.280395 -0.829256 0.259871 
-0.129602 0.485167 -0.263045 
0.638798 0.712465 0.199491 
-0.393641 -0.439117 -0.262645 
0.776305 0.407274 0.264243 
0.394602 0.284758 0.117799 
-0.543752 -0.788858 0.095928 
0.783370 -0.562068 -0.154149 
0.416353 -0.863939 -0.128499 
0.270648 0.401631 0.063023 
-0.391589 -0.288329 -0.026519 
0.803959 0.521166 -0.170830 
-0.733478 -0.074500 -0.258536 
0.735005 0.016524 -0.255414 
-0.310498 0.362674 -0.012651 
0.442354 -0.206357 -0.104711 
-0.531026 0.790473 -0.180216 
0.338711 0.347110 -0.195007 
0.056708 0.956849 -0.054544 
-0.044084 0.960149 -0.232793 
-0.870735 0.088664 -0.256568 
-0.315113 -0.392976 0.264534 
-0.665447 -0.690864 -0.253206 
0.241800 0.418990 0.027319 
0.521092 0.743833 -0.262753 
0.492167 -0.578013 0.260146 
0.196472 -0.447951 -0.129340 
-0.222716 0.422313 -0.166053 
-0.952351 0.084622 -0.073784 
0.624741 0.381192 0.261879 
-0.691181 0.119586 0.262771 
-0.480077 -0.056846 0.167590 
0.541305 -0.724119 -0.256599 
0.486496 0.031868 -0.213302 
-0.389030 0.289510 -0.016265 
-0.352282 0.882373 -0.047087 
0.950856 0.156940 -0.230040 
-0.404399 0.253779 -0.181001 
0.889726 0.357593 -0.153239 
0.144051 -0.465293 0.253444 
0.468127 0.832849 0.216210 
0.062891 0.958540 -0.156766 
0.502258 0.812936 0.150956 
0.946228 0.169457 0.018470 
-0.332149 -0.342920 -0.253368 
0.880436 0.179266 0.264368 
0.624984 -0.738465 -0.116290 
0.600371 0.476315 -0.260091 
-0.885857 0.357186 0.211252 
-0.359688 0.314755 0.190615 
-0.016261 -0.484413 0.098296 
-0.344111 0.328922 -0.061984 
0.935247 -0.235311 0.007730 
-0.095193 0.950298 -0.037461 
0.474082 0.120962 0.117436 
-0.366776 0.326457 -0.264939 
0.103816 0.626370 0.260717 
0.147684 -0.700779 0.263086 
0.164757 -0.592335 -0.261316 
0.908536 0.307617 -0.189006 
-0.955298 -0.007149 -0.088894 
0.551342 -0.792078 0.158310 
0.762565 0.346804 -0.264320 
-0.484863 -0.000742 0.073093 
-0.799981 0.519252 0.202346 
-0.744403 0.598596 0.122257 
0.699852 -0.295387 0.262742 
-0.950257 -0.108453 -0.110416 
-0.945777 0.141315 -0.155611 
0.393326 -0.719917 0.264454 
0.528560 -0.188371 0.262338 
0.275200 -0.922996 -0.008227 
-0.399775 0.274584 0.069813 
0.484583 0.509733 0.261534 
-0.687407 -0.630664 -0.255944 
-0.296165 -0.785864 0.260313 
0.476840 -0.773338 0.263113 
-0.686739 0.176148 0.263385 
-0.126663 -0.954710 -0.183710 
0.407999 -0.811010 -0.265027 
0.436605 -0.219419 0.225350 
-0.502309 -0.289341 0.264587 
-0.378456 -0.427324 0.263682 
-0.636483 0.112346 -0.261747 
-0.142598 -0.789860 0.262859 
-0.719837 -0.632358 0.258177 
-0.221201 -0.492825 -0.262051 
-0.904162 -0.314655 -0.181971 
-0.638125 -0.204283 -0.261274 
-0.638855 -0.715707 -0.220703 
0.487703 0.007862 -0.094434 
0.865648 -0.422472 -0.016777 
0.884951 -0.372191 -0.113853 
-0.890212 -0.195714 0.261538 
-0.615398 -0.734739 0.153541 
-0.252880 0.924649 -0.181155 
-0.477735 0.081444 0.109634 
-0.711517 -0.022756 -0.260407 
-0.419856 0.284494 0.264601 
-0.200133 0.434188 0.036560 
-0.134901 -0.464769 0.148865 
0.076073 0.475144 -0.166658 
-0.680740 -0.672773 0.119688 
0.436827 0.219094 -0.046161 
-0.147888 0.455226 -0.163880 
-0.519522 -0.392959 -0.261685 
0.952619 0.120170 -0.073325 
0.760917 -0.127952 -0.258575 
-0.904193 0.307100 -0.080192 
0.406368 -0.571993 0.261913 
-0.016091 -0.960030 0.049501 
-0.659243 -0.239475 0.262010 
0.031827 0.952914 0.201969 
0.639043 -0.442434 0.263641 
0.927486 0.267616 -0.145668 
-0.855061 -0.430325 -0.024702 
0.890881 -0.188041 -0.255414 
-0.948851 0.118602 0.033524 
0.689234 0.337250 0.263583 
-0.274190 0.391276 0.219666 
-0.516360 0.761018 -0.262547 
0.559924 0.340851 -0.258867 
-0.263832 0.515698 0.263998 
0.945154 0.072438 -0.257170 
-0.388427 -0.741861 -0.257932 
-0.921687 -0.256137 0.168517 
-0.482867 -0.028155 -0.002025 
-0.514606 0.779297 0.263795 
0.768894 -0.581694 -0.004443 
0.932814 0.231633 0.155913 
-0.205950 0.893209 -0.256035 
-0.401921 -0.872521 0.033050 
0.207887 -0.941449 -0.055697 
