0.459506 0.740011 0.235613 
-0.452074 -0.850089 -0.228470 
-0.829751 0.487411 -0.203942 
0.847135 -0.469423 -0.226092 
-0.919980 -0.271414 0.229409 
0.269736 -0.889840 0.236444 
-0.162200 0.936549 -0.237137 
0.958088 0.156895 0.215694 
-0.318300 0.482227 0.236244 
0.500408 0.290158 -0.229354 
-0.496725 -0.200906 -0.235720 
-0.218727 -0.499523 0.236785 
0.465218 -0.296813 0.232986 
0.163497 -0.530349 -0.236811 
-0.779399 0.217578 0.231505 
0.343449 0.899260 -0.234696 
-0.959852 -0.000413 -0.193344 
0.004999 0.963427 0.236703 
0.073349 0.537121 -0.062809 
-0.673976 -0.684747 0.183230 
-0.354186 0.407821 -0.235146 
0.919347 0.009888 -0.236310 
0.527477 -0.816568 -0.153408 
0.001342 -0.966835 -0.178036 
0.922591 -0.299420 0.217693 
-0.544679 0.791014 -0.009455 
0.494756 0.237930 0.218222 
0.806080 0.540574 0.029492 
-0.790544 -0.545178 -0.224748 
-0.169779 -0.937091 0.232170 
0.513836 -0.187753 -0.204188 
0.666587 -0.680606 0.235263 
-0.523175 -0.120738 0.187366 
-0.232624 -0.490927 -0.237312 
0.160262 -0.523808 0.199532 
-0.616838 0.148537 -0.235394 
-0.765191 0.583436 0.222042 
0.649030 0.713843 -0.237270 
-0.332599 0.901694 0.234103 
-0.479918 0.238924 0.069154 
0.899204 0.359981 -0.234715 
0.240754 0.489680 0.224498 
-0.036195 0.647611 0.233367 
0.664613 -0.029348 0.234916 
0.528618 -0.500483 -0.232016 
0.337435 0.563625 -0.231009 
-0.910978 -0.301198 -0.079143 
0.267533 0.929034 0.061019 
-0.434313 -0.855203 0.109065 
-0.528112 -0.419568 0.235115 
-0.955979 0.010715 0.111471 
-0.361697 0.704758 -0.237362 
0.348242 -0.419019 -0.016505 
-0.921978 0.270184 -0.033175 
0.967345 -0.078109 0.036002 
0.611548 0.497979 0.234547 
0.540889 0.092671 -0.021810 
-0.365143 -0.396039 -0.004390 
0.816994 -0.519155 0.057199 
-0.020690 -0.540605 -0.017690 
0.071860 0.778766 -0.233644 
0.241795 -0.836566 -0.236647 
-0.498645 -0.571990 -0.232877 
0.515556 0.819186 -0.022758 
0.391064 0.386593 0.016647 
-0.215476 0.491972 -0.018633 
-0.243054 -0.934093 -0.071908 
0.403345 -0.630187 0.235453 
-0.661077 0.694552 -0.230300 
-0.006017 -0.729387 0.235383 
-0.487420 0.685468 0.236180 
-0.118015 -0.737659 -0.233206 
0.003695 0.963384 -0.027449 
0.048022 -0.965672 0.081415 
-0.535379 -0.025016 -0.051544 
-0.569440 0.418815 0.235075 
0.939735 -0.240700 -0.159583 
0.951983 0.192682 -0.049247 
-0.620547 -0.734249 -0.076820 
-0.119976 0.613705 -0.230508 
-0.770060 -0.160091 -0.232272 
0.474365 -0.843603 0.090323 
-0.327072 0.908943 -0.047405 
-0.824811 -0.485886 0.064334 
0.864947 0.416022 0.236695 
0.526260 -0.151297 0.040874 
0.674196 0.045064 -0.231336 
0.673133 0.467799 -0.234287 
0.188798 0.772981 0.234695 
0.716530 -0.653761 -0.142221 
-0.772247 -0.082021 0.235849 
-0.592233 0.427140 -0.234334 
0.697520 -0.418052 0.236836 
0.263280 -0.928122 -0.012521 
-0.732363 0.625557 -0.009088 
-0.416774 -0.629659 0.232447 
0.668678 0.701576 0.116831 
-0.836203 0.200036 -0.230794 
-0.583673 0.086618 0.236754 
0.747798 0.229870 0.234456 
-0.260827 0.696556 0.233511 
0.704852 -0.286611 -0.231785 
-0.871635 0.400731 0.162046 
0.389688 -0.672424 -0.233194 
0.880566 -0.091749 0.235762 
-0.675201 -0.367600 -0.232639 
-0.736068 -0.376000 0.236381 
0.705269 0.257805 -0.231618 
-0.243145 -0.737229 0.233881 
-0.322817 -0.694487 -0.232776 
-0.483073 -0.235489 -0.034998 
0.184226 0.947278 -0.121335 
-0.193268 0.943039 0.097125 
0.427411 0.423972 0.236257 
-0.396171 -0.379147 -0.237157 
-0.469001 0.259896 -0.169603 
-0.386117 0.376925 -0.033151 
0.916101 -0.325208 0.023926 
0.173065 -0.519771 -0.002489 
0.900535 0.370876 0.029486 
0.071985 -0.703261 -0.232460 
0.692864 -0.226340 0.233798 
0.340829 -0.459533 -0.229181 
-0.612928 -0.042413 -0.233965 
0.081473 0.536125 0.127406 
0.638987 -0.735037 0.011421 
0.339770 -0.425881 0.173352 
-0.843470 0.457283 -0.017589 
0.150787 0.592657 -0.230138 
-0.208889 -0.499187 0.019841 
0.188207 -0.703515 0.235792 
0.237952 0.490819 0.025661 
-0.151137 0.516580 0.168229 
-0.646390 0.713431 0.148462 
-0.026403 -0.538968 -0.201262 
0.469804 0.766013 -0.235946 
-0.452400 0.844660 -0.163781 
0.520505 0.586553 -0.233583 
-0.146286 0.836292 0.234537 
0.763101 0.598893 -0.149780 
-0.938683 0.201249 0.149286 
0.534496 -0.494242 0.235662 
-0.944350 -0.167039 0.085491 
-0.490781 0.573278 -0.235834 
-0.018809 -0.542978 0.159533 
0.877331 0.181788 -0.235826 
0.375463 0.891706 0.203297 
-0.164752 -0.921814 -0.229338 
0.542723 0.079655 0.153820 
0.011364 0.963533 -0.235587 
-0.783077 -0.555199 0.228950 
-0.729603 -0.624353 0.015426 
0.770877 0.589417 0.204016 
-0.942327 -0.181899 -0.212421 
-0.358180 -0.402420 0.169925 
-0.791196 0.020420 -0.232176 
-0.421334 0.861265 0.090082 
-0.879467 -0.384024 -0.227925 
0.176093 0.948621 0.216344 
-0.418250 0.336840 0.218180 
-0.605121 -0.265033 0.235280 
0.531255 -0.135754 0.221611 
0.312823 0.644510 0.233668 
0.372715 0.399944 -0.200019 
0.081929 -0.896427 0.233191 
0.239934 0.756377 -0.232707 
0.548183 -0.030141 -0.146792 
0.572398 -0.666729 -0.230098 
-0.523660 -0.760310 0.229982 
0.516858 -0.757072 0.234380 
0.666366 0.703741 -0.061934 
-0.668394 -0.659635 -0.229189 
0.782108 -0.138281 -0.233767 
-0.132670 -0.953527 0.051403 
0.460450 -0.303266 0.033007 
-0.417989 -0.866225 -0.067608 
0.456186 -0.339133 -0.236734 
0.532885 0.130219 -0.203813 
-0.613585 0.248651 0.235195 
0.377350 0.894817 -0.073551 
0.167015 -0.954225 -0.148948 
0.485586 0.255014 0.045728 
-0.334202 -0.897940 0.231578 
0.796852 -0.548939 0.216046 
0.384157 -0.892029 -0.166145 
0.806173 0.078484 0.234805 
0.029892 0.803729 0.236585 
0.686378 -0.457693 -0.237137 
-0.138627 0.776883 -0.233840 
0.858881 0.451962 -0.103500 
-0.957028 0.073721 -0.050455 
-0.521092 0.134648 -0.046163 
-0.728715 0.403795 0.236180 
-0.307831 0.857425 -0.231086 
-0.901654 -0.326936 0.078446 
0.970175 0.031301 -0.077839 
-0.469645 -0.261284 0.120050 
-0.065490 0.535338 0.011922 
-0.290594 0.551805 -0.236897 
0.629576 0.342158 0.233629 
-0.681367 0.298322 -0.232689 
-0.848482 0.054355 0.232892 
-0.951528 -0.107734 -0.058245 
-0.565920 -0.777541 0.062323 
0.864196 -0.437504 -0.068261 
-0.893716 0.353515 -0.162493 
-0.123671 -0.624887 0.235648 
-0.592955 -0.557696 0.233357 
-0.949148 -0.108895 0.226097 
0.968795 0.067900 0.078173 
-0.319233 0.435056 0.091865 
-0.534956 0.021589 0.091083 
0.452503 0.589988 0.235121 
-0.471425 0.834481 0.233655 
0.006851 0.541029 -0.200311 
-0.160954 0.947884 -0.047654 
0.923845 0.298947 0.167616 
-0.308839 -0.883181 -0.229146 
0.739239 -0.632492 0.109200 
-0.304460 -0.914845 0.060094 
-0.147213 -0.519493 -0.111618 
-0.508861 0.717902 -0.236705 
0.206734 0.503539 -0.130053 
0.125794 0.956294 0.073647 
0.821386 0.493343 -0.237111 
0.132674 0.640417 0.230811 
0.642585 -0.103424 -0.230839 
0.954096 -0.176557 0.139842 
-0.703149 0.549333 -0.229969 
-0.594523 0.559766 0.233364 
-0.551483 -0.747271 -0.229419 
0.515917 0.432248 -0.231297 
0.093884 -0.844477 -0.230428 
0.868033 -0.430325 0.156133 
0.353148 -0.775031 0.233784 
-0.530361 0.054209 -0.169085 
0.509655 0.822855 0.132184 
0.249283 -0.653607 -0.234021 
0.578742 0.664025 0.235720 
-0.276116 -0.464122 -0.099576 
0.475702 -0.282624 -0.105301 
-0.551839 -0.434970 -0.234003 
-0.859560 -0.416815 0.183648 
-0.803921 0.524235 0.098112 
0.453271 0.309593 -0.081073 
-0.639201 -0.040745 0.235534 
-0.367565 -0.526301 -0.235278 
0.964705 -0.104914 -0.172167 
0.173676 -0.951783 0.138147 
-0.783356 -0.219779 0.231671 
-0.844779 -0.451541 -0.067839 
-0.057092 0.961130 0.106035 
-0.151079 0.516140 -0.138680 
0.255639 -0.482685 -0.105993 
-0.640457 -0.205483 -0.233934 
0.341661 -0.904418 0.096909 
-0.037246 -0.964356 0.188168 
0.336570 0.432032 0.134573 
0.793479 -0.553646 -0.090828 
-0.944399 0.168265 -0.147044 
-0.372710 0.606113 0.236517 
0.072413 -0.619207 0.236714 
-0.111113 -0.958936 -0.104604 
0.838065 -0.302741 -0.233636 
-0.143221 -0.594004 -0.235968 
0.128950 0.900528 -0.236236 
-0.618828 0.736527 -0.111753 
0.300506 -0.535648 0.236180 
0.794228 -0.326815 0.234930 
0.429417 -0.868203 -0.031691 
0.630480 0.168927 0.232815 
0.433740 0.335443 0.136665 
0.042279 -0.966375 -0.050380 
-0.449946 -0.294072 -0.152040 
0.918875 0.327241 -0.109402 
0.590475 -0.331900 0.236836 
0.593753 -0.769432 0.130160 
0.761227 -0.566383 -0.237332 
0.266998 -0.476773 0.076160 
0.002211 0.666798 -0.231310 
-0.746948 -0.603516 -0.117534 
0.971043 -0.000267 0.221554 
-0.713022 0.081676 0.236405 
-0.100337 -0.818015 0.236395 
-0.534901 0.798022 0.119315 
-0.443254 -0.322087 0.236711 
-0.460546 0.488270 0.235692 
-0.526997 -0.103500 -0.153577 
0.548697 -0.628685 0.232732 
-0.506928 0.180459 0.193156 
-0.236223 0.676958 -0.229630 
0.579612 0.775968 -0.124221 
-0.887258 0.285316 0.230940 
0.429012 -0.793855 -0.233391 
0.950469 -0.194661 -0.041786 
-0.282834 -0.608843 0.236631 
0.652216 -0.554884 0.234883 
0.548310 -0.035979 0.087628 
0.078700 -0.536997 -0.131503 
0.735399 0.410692 0.235215 
-0.373152 -0.511727 0.235652 
0.773578 0.365359 -0.234633 
-0.366591 0.765559 0.235782 
-0.475298 0.366478 -0.235362 
0.311871 0.448625 -0.089713 
0.574373 -0.292936 -0.235047 
-0.772415 -0.288929 -0.230659 
0.846475 0.475170 0.128103 
-0.526641 -0.805472 -0.117530 
0.630840 -0.741977 -0.126608 
-0.059506 0.960892 -0.133946 
0.312220 0.790371 0.235362 
0.814280 -0.203440 0.235186 
0.722672 -0.648354 -0.015707 
-0.794238 0.542502 -0.091977 
-0.772022 0.381780 -0.230625 
-0.519595 -0.136888 0.029243 
-0.395315 -0.750506 0.236352 
-0.560923 -0.312596 -0.235226 
-0.064945 -0.850426 -0.230357 
-0.412090 0.343041 0.081711 
0.962106 0.132555 -0.155298 
0.807285 0.058725 -0.234059 
0.398084 0.881491 0.045867 
0.378429 0.678293 -0.233465 
0.509590 0.203037 -0.063855 
-0.943775 0.162328 0.034192 
-0.724346 0.635632 -0.144871 
-0.665432 -0.538316 -0.230875 
0.436502 -0.862914 0.228066 
0.947316 0.212699 0.086919 
0.024812 0.544294 0.234310 
-0.234786 0.579462 0.232477 
-0.262493 -0.472632 0.129475 
-0.138507 0.951591 0.206550 
-0.105134 -0.532505 0.066582 
0.545079 -0.804672 -0.007742 
0.638850 0.583804 -0.235235 
-0.729461 0.628807 0.118921 
-0.051601 0.863621 -0.235368 
-0.372895 -0.388936 -0.121864 
0.723262 0.646034 0.023563 
-0.301221 0.448846 -0.086396 
-0.262838 0.930805 -0.152527 
0.499138 -0.224549 0.148185 
0.409856 -0.557922 -0.229171 
-0.467770 0.262260 -0.044013 
0.520564 -0.168742 -0.090075 
0.636649 -0.570363 -0.233472 
-0.568878 0.766351 0.236180 
-0.642366 -0.442090 0.232007 
-0.232446 -0.797681 -0.231468 
-0.947774 0.121570 0.231064 
0.647782 0.158766 -0.231155 
0.598442 0.349236 -0.231691 
0.394340 -0.380249 0.084503 
-0.653855 0.706871 0.002038 
0.473834 0.843678 -0.153184 
-0.505904 0.172350 -0.234267 
-0.760781 -0.585864 0.122025 
-0.816414 0.483384 0.236075 
0.596617 0.763617 0.178321 
0.751202 -0.102005 0.232866 
-0.723657 0.110793 -0.233342 
0.279345 0.468883 -0.208811 
0.909897 -0.346854 -0.116828 
0.547477 -0.040577 -0.034844 
0.164201 -0.813239 0.233542 
0.348257 0.537906 0.233369 
-0.908356 0.313482 0.101875 
-0.954869 0.002913 0.230704 
-0.321360 0.911212 0.123208 
0.067663 -0.539377 0.050318 
-0.040502 0.538771 -0.096514 
0.553930 -0.017749 0.234240 
0.398885 -0.371755 -0.147179 
-0.051538 0.537478 0.123447 
0.431661 -0.431874 0.235546 
-0.870342 -0.099578 -0.229930 
0.690992 0.658680 0.236813 
-0.118395 0.729268 0.232287 
0.053428 0.962156 -0.133868 
0.241263 0.934872 -0.217003 
0.268212 0.928898 -0.048540 
0.856432 0.192529 0.235661 
0.159943 -0.954498 0.010789 
0.292561 -0.672703 0.234267 
-0.595378 0.536514 -0.231444 
-0.406614 0.502843 -0.236471 
-0.924669 0.261311 -0.219161 
-0.480660 -0.523182 0.234670 
0.517796 0.365394 0.234811 
0.363686 0.784755 -0.234197 
0.698777 0.075280 0.233451 
0.269186 -0.925987 -0.132469 
0.894529 -0.154645 -0.236088 
0.270648 0.902469 0.236538 
-0.401173 0.355576 -0.137001 
0.523745 0.164021 0.090671 
-0.279127 -0.597080 -0.234954 
-0.683929 0.501707 0.233814 
-0.212806 -0.839222 0.230387 
-0.450607 -0.713711 -0.231156 
-0.872152 0.099994 -0.229910 
-0.522709 -0.638019 0.233232 
-0.586805 0.249987 -0.234087 
-0.490980 -0.217329 0.215861 
0.597187 -0.769400 -0.226696 
-0.905823 -0.281708 -0.228961 
-0.624270 -0.145298 0.235524 
0.429540 0.512147 -0.231224 
-0.519596 0.141398 0.062417 
-0.410685 -0.348241 0.096499 
-0.537594 -0.013265 0.236829 
-0.672051 0.654530 0.231832 
-0.433795 -0.854116 0.214239 
0.076269 -0.598251 -0.234363 
-0.508339 0.285785 0.236180 
-0.250611 -0.931789 0.165291 
0.675467 -0.686360 -0.235047 
0.164827 -0.752277 -0.232809 
0.137978 0.525485 0.039764 
0.797826 0.326744 0.235461 
-0.763827 -0.422538 -0.230514 
0.587409 0.770381 0.034910 
-0.230088 0.487181 0.104874 
0.571198 0.030707 -0.229224 
-0.542386 0.792658 -0.163836 
-0.725284 -0.059106 -0.232042 
0.301397 -0.554600 -0.236330 
0.826000 -0.045066 -0.234433 
0.242638 0.639169 -0.230723 
0.936469 0.258181 -0.200992 
-0.795680 -0.537990 -0.043499 
-0.648952 -0.708373 0.087149 
0.481483 0.839590 0.228819 
-0.237123 0.937179 0.227785 
-0.129611 -0.527079 0.196148 
0.435465 -0.533299 0.234311 
0.604153 -0.398242 -0.237034 
0.930562 -0.195202 0.236593 
0.312314 -0.915962 -0.233169 
0.867177 -0.431927 0.055089 
-0.937139 -0.205394 -0.038894 
0.668026 -0.703716 0.113566 
0.553633 -0.234227 0.232105 
-0.886026 0.373478 -0.053227 
-0.039670 0.758086 -0.233205 
-0.691392 0.442208 -0.232968 
0.150573 0.711175 -0.232497 
0.057589 0.962019 0.146719 
0.647485 -0.127879 0.231335 
-0.038659 -0.964669 0.008384 
-0.041311 0.873964 0.236552 
0.223712 0.496899 0.124444 
0.001725 -0.828987 0.235796 
-0.368595 0.891151 -0.136336 
-0.016600 -0.748896 -0.233187 
-0.143494 -0.728471 0.234319 
-0.240613 0.793791 0.231776 
-0.958286 -0.043956 0.017438 
-0.492982 -0.204840 -0.136900 
0.032866 0.542867 0.041809 
0.307428 0.921019 -0.145231 
0.854353 0.460431 -0.005423 
-0.518632 -0.809565 0.144786 
-0.571469 0.641918 -0.234833 
-0.411675 -0.617812 -0.233233 
0.148802 0.523499 0.216483 
-0.432036 0.779179 -0.237362 
-0.256524 0.932391 0.016832 
-0.509306 -0.814331 -0.008698 
-0.397607 0.613605 -0.236807 
-0.460630 0.840261 0.000976 
0.510876 0.511349 0.236447 
-0.837949 0.304858 -0.229729 
-0.810974 -0.313318 0.232644 
0.090438 -0.715168 0.236561 
0.809256 -0.454822 0.236836 
-0.426767 -0.327283 -0.034452 
-0.807016 0.339694 0.232533 
0.102037 0.533125 -0.171206 
0.235084 0.586970 0.232615 
-0.863147 -0.165197 0.232804 
0.934805 -0.264296 0.096419 
-0.360741 -0.893967 -0.140020 
-0.569949 -0.636701 -0.230920 
-0.711032 -0.283288 0.233959 
0.210777 -0.929617 -0.230820 
-0.508628 0.166457 -0.138660 
-0.101694 0.577779 0.229710 
0.112334 0.852440 0.235514 
0.648145 -0.198991 -0.230602 
0.176563 -0.911507 0.233013 
0.453657 -0.312365 0.128011 
0.477452 -0.711392 -0.232965 
-0.302539 -0.447288 0.234236 
0.742063 0.144057 -0.232967 
-0.022515 -0.612311 0.235973 
0.584745 0.246088 -0.229964 
0.964951 -0.102417 -0.059536 
0.696145 -0.321215 0.234196 
-0.476703 0.591214 0.235705 
0.889930 0.391102 0.132637 
-0.959156 -0.009916 -0.099259 
-0.640176 0.056927 -0.233258 
0.688823 0.554777 0.235757 
-0.204128 0.514544 -0.228979 
-0.231281 0.794938 -0.230189 
-0.644059 0.360988 0.236180 
0.892642 -0.386884 -0.226419 
-0.578866 0.665094 0.234777 
0.538981 -0.098045 -0.213925 
-0.369876 0.395323 0.163307 
-0.884194 -0.372150 -0.001656 
0.074238 -0.938212 -0.229127 
0.206102 -0.596246 0.236836 
-0.952425 0.101074 0.135055 
0.775611 -0.411080 -0.237362 
0.351457 -0.903405 -0.067877 
-0.681400 -0.585967 0.232288 
0.251664 -0.484755 -0.198719 
-0.289826 -0.455388 0.008589 
0.539649 0.152722 0.231659 
0.733046 0.635515 0.116670 
0.174720 0.948848 -0.003972 
-0.869717 0.406826 0.054779 
-0.560720 -0.134765 -0.236552 
0.559382 0.786945 -0.237303 
-0.105368 0.956375 0.025129 
0.234381 0.693271 0.233879 
-0.679628 0.185233 0.233539 
0.258289 -0.481306 0.175826 
-0.638797 -0.718377 -0.165554 
-0.399981 0.873299 -0.232990 
-0.057898 -0.538580 -0.113269 
0.508776 0.204659 -0.156807 
-0.932713 -0.224713 -0.132454 
-0.794302 0.541705 0.009194 
-0.851174 -0.441902 -0.163645 
0.254858 -0.930991 0.091191 
0.544621 0.064323 -0.142255 
-0.854798 0.438850 -0.131285 
0.729428 0.577194 -0.236549 
0.269553 -0.475442 -0.016585 
-0.954699 -0.089358 -0.176558 
0.890179 0.037756 0.236710 
-0.717694 -0.154360 0.234349 
-0.920767 0.274176 -0.128124 
0.732621 0.636033 -0.073066 
-0.328358 -0.427696 -0.202222 
-0.717788 -0.491917 0.230269 
0.075157 0.725512 0.233872 
0.774165 -0.228177 -0.233008 
-0.059837 -0.668827 -0.232938 
0.084020 -0.536978 -0.038155 
-0.246074 0.481920 -0.149319 
0.849128 0.267181 -0.234094 
-0.322172 -0.908328 -0.037821 
-0.524748 -0.113643 -0.062138 
0.035756 0.962734 0.059555 
-0.384078 -0.883168 0.033089 
-0.244819 -0.933558 -0.190319 
0.727183 -0.027437 -0.232404 
-0.777876 0.566444 -0.176915 
0.932629 0.269991 -0.008076 
0.380817 0.392975 -0.076458 
0.327657 -0.811607 -0.231304 
0.168827 -0.521107 0.086950 
-0.178047 -0.510527 0.122904 
0.970636 -0.012722 0.116576 
-0.856338 0.172245 0.232606 
0.063092 -0.965153 0.179421 
0.338935 0.430236 0.227110 
0.933775 0.097840 -0.236709 
-0.819607 -0.493575 0.162393 
-0.148793 -0.951302 0.138945 
0.830291 0.502285 0.211235 
0.079589 -0.539308 0.165548 
0.962531 0.129984 0.014872 
0.514645 0.689284 -0.235149 
-0.308225 -0.812976 0.232698 
-0.166784 0.946922 -0.136250 
0.229868 0.844536 -0.235512 
0.731602 -0.620171 0.234674 
-0.852315 -0.044142 0.232929 
0.521717 -0.817353 0.169690 
-0.134762 -0.525248 -0.020789 
-0.474939 -0.478553 -0.234599 
0.201996 0.944028 0.132086 
0.431568 0.337039 -0.181332 
-0.086837 0.532251 -0.228736 
-0.484774 -0.356558 -0.236060 
0.572934 0.516053 -0.233307 
-0.811991 -0.512003 -0.128307 
-0.880534 -0.005406 -0.230359 
-0.595919 0.753692 0.050912 
-0.359060 0.894889 0.032830 
-0.492343 0.485429 -0.234307 
-0.937376 -0.202904 0.177918 
-0.857352 -0.192060 -0.230390 
0.474241 -0.424531 -0.232251 
0.499296 -0.223614 -0.000088 
-0.227893 0.488034 0.198696 
-0.681667 -0.677243 -0.051393 
0.965379 -0.098067 0.216088 
-0.725372 0.309166 0.233514 
0.291138 -0.729771 -0.232337 
-0.880833 -0.378624 -0.104413 
-0.599426 -0.751093 0.188711 
-0.421232 0.861320 -0.074196 
-0.158725 -0.514172 -0.198580 
0.658160 0.711427 -0.151235 
0.301994 0.918979 0.139644 
-0.057497 -0.892958 0.232895 
-0.734985 -0.004272 0.236045 
-0.347649 -0.412070 0.085257 
0.676175 -0.693969 -0.071734 
0.312759 0.448820 0.023438 
0.404427 -0.366924 -0.055124 
-0.918613 -0.275756 0.011754 
0.698864 -0.372832 -0.237362 
-0.079028 0.957205 -0.237326 
-0.224169 -0.938438 0.042356 
-0.346551 -0.677946 0.236488 
-0.531878 -0.055788 0.055435 
-0.156013 0.514848 0.037981 
-0.362844 -0.892604 0.151507 
0.434662 0.843519 -0.236982 
0.932382 -0.276358 -0.074836 
0.439208 -0.707339 0.235675 
-0.413644 -0.401834 0.236354 
-0.183780 0.660923 0.231745 
0.953846 -0.178076 0.055051 
0.836621 -0.487593 -0.130863 
0.181099 -0.514374 -0.130990 
-0.148364 -0.835502 -0.231132 
0.814082 0.528351 -0.053880 
0.619177 0.252716 0.233024 
-0.526874 -0.334001 0.235075 
0.615396 -0.470165 0.236532 
-0.210264 -0.659515 0.234940 
0.589056 0.579248 0.236610 
0.745879 -0.006896 0.236482 
-0.956954 0.047213 0.029576 
-0.333002 -0.802457 -0.230680 
-0.611029 -0.349022 0.236575 
0.514892 -0.368901 0.236310 
-0.679379 0.204230 -0.233871 
0.815268 0.526443 -0.160455 
-0.022832 0.738760 0.236144 
0.904329 -0.358410 0.133710 
0.415040 -0.359366 0.185354 
-0.532477 0.048089 -0.011193 
0.085719 0.931590 0.236475 
0.409768 0.875869 0.128354 
-0.085621 -0.948456 -0.228939 
-0.218590 -0.715433 -0.232941 
-0.450353 0.294802 0.153693 
-0.453529 -0.288447 0.042890 
0.452630 0.313533 0.231209 
0.719003 0.650582 -0.198430 
0.883963 -0.399796 0.232010 
-0.955263 0.093550 -0.182112 
-0.022697 -0.541733 0.076398 
0.031253 0.856398 -0.235188 
0.921189 -0.305132 -0.234817 
0.111397 0.957712 -0.074499 
-0.949897 -0.105288 0.140666 
-0.505711 0.815571 -0.078370 
0.604796 0.756904 -0.046148 
-0.610073 -0.665393 0.232243 
0.879727 0.311689 0.236360 
0.405776 -0.879906 0.046636 
0.365111 -0.897742 0.175809 
0.441427 0.610301 -0.232966 
0.699002 0.297675 0.234170 
0.443870 0.859695 -0.025030 
0.970298 -0.023038 -0.165218 
0.545125 0.062387 0.073386 
0.514971 -0.581334 -0.231495 
0.766534 -0.591811 0.043543 
-0.611083 0.347440 -0.233590 
-0.929566 0.242208 0.043991 
-0.510566 -0.166282 0.120694 
0.791698 0.560644 0.130455 
0.495661 0.235940 0.136619 
-0.391841 0.688045 0.236785 
-0.895149 -0.343769 0.189764 
-0.553894 0.093363 -0.236556 
0.383685 -0.386064 -0.225864 
0.614705 -0.753093 0.207060 
-0.533899 -0.022732 -0.195135 
-0.653257 -0.125204 -0.234752 
0.088607 -0.962960 -0.129367 
-0.417424 0.863355 0.180295 
-0.642632 -0.441891 -0.232426 
0.486315 -0.263953 -0.201040 
-0.942229 0.180665 -0.044761 
0.419051 0.663726 0.234526 
-0.928126 -0.244386 0.102608 
0.338839 -0.425466 -0.140866 
0.753998 0.494989 0.236087 
0.331760 0.910809 0.010978 
-0.139421 0.519962 -0.040542 
-0.526727 0.109232 0.135668 
-0.592424 0.735822 -0.235811 
0.094196 0.654165 -0.231166 
0.854950 -0.224289 -0.235596 
0.173921 -0.626871 -0.236661 
0.154699 -0.955892 -0.069000 
-0.329720 0.780555 -0.233549 
0.727190 0.150001 0.232961 
-0.088228 0.686997 -0.231865 
0.469100 0.846208 0.055060 
0.619020 0.076441 0.231518 
0.207317 0.854118 0.235746 
0.954810 -0.172236 -0.121782 
-0.177262 -0.949141 -0.151256 
-0.725911 0.625519 -0.228816 
-0.691062 0.671488 0.062588 
-0.178229 0.853748 -0.235095 
-0.903196 -0.323792 -0.157160 
0.967937 0.076609 0.202820 
-0.320412 0.434152 0.012723 
-0.063051 -0.964236 0.087283 
0.941985 0.231317 0.236824 
-0.500457 0.818469 -0.235771 
-0.773904 0.258888 -0.231513 
-0.576198 0.165080 0.235884 
0.737147 -0.501855 0.236716 
-0.732418 -0.621415 -0.203747 
0.970862 -0.005821 0.005023 
0.078424 -0.811545 0.234236 
0.023463 -0.544629 0.225725 
0.015423 -0.842020 -0.231301 
0.538327 -0.101134 0.151641 
-0.717703 -0.218379 -0.233011 
0.830696 -0.497121 0.139582 
0.239452 -0.791864 0.236565 
0.500329 -0.834189 -0.224663 
0.949136 0.204891 -0.128754 
-0.670759 -0.289770 -0.233218 
-0.253972 0.933083 -0.061051 
-0.061805 -0.545047 0.236828 
-0.926408 0.206176 0.230796 
-0.849383 0.389945 -0.229242 
-0.296577 0.452277 0.167875 
0.963675 0.119887 -0.073807 
-0.323162 0.635853 -0.236858 
0.501094 0.666338 0.236024 
-0.487669 -0.277986 -0.236878 
-0.595926 -0.504021 -0.232418 
0.794168 -0.552684 -0.168043 
-0.860644 -0.417517 0.062408 
0.330242 -0.432528 0.076527 
0.000112 -0.609927 -0.236035 
0.312964 0.718812 -0.232145 
-0.709800 -0.646920 0.086204 
0.776722 -0.577030 0.146978 
0.786272 0.222961 -0.233712 
0.614132 -0.496951 -0.236363 
-0.803874 -0.475379 0.235358 
-0.831954 0.474767 0.149672 
-0.413958 -0.783525 -0.230306 
0.015795 -0.936050 0.235780 
-0.782906 -0.555433 0.030072 
0.863024 0.428987 -0.237215 
0.485842 -0.840345 -0.093628 
0.530671 0.140755 -0.120636 
0.370839 -0.478055 0.234311 
-0.540039 0.319627 -0.235009 
0.898942 -0.373788 -0.045105 
0.621219 0.422539 0.235517 
-0.237516 0.937127 -0.226593 
-0.349489 0.412955 0.236328 
0.937077 -0.252988 0.004859 
0.343171 -0.850218 0.233461 
0.446496 0.319395 0.053096 
0.077015 0.575931 -0.229539 
0.894367 0.387694 -0.071346 
0.514383 0.191765 0.016275 
-0.668179 0.694787 -0.155207 
-0.650788 0.619741 -0.230071 
0.047960 0.655262 0.234251 
-0.294597 0.453741 -0.234219 
-0.811537 -0.391262 0.235619 
0.184609 0.511920 -0.022880 
-0.209399 0.606782 -0.229158 
0.549494 0.016015 0.014492 
-0.918566 0.158947 -0.229311 
-0.577613 0.326304 0.236180 
-0.454741 -0.845281 0.032270 
0.613108 0.422994 -0.232758 
-0.652869 -0.704851 0.011885 
0.547688 0.029495 -0.076160 
-0.264473 0.864483 0.232053 
-0.064705 0.960380 0.200693 
0.280863 -0.921767 0.170080 
0.540279 -0.092192 -0.106461 
0.084361 -0.963335 0.016531 
-0.577995 -0.769087 -0.157185 
0.766272 0.595029 -0.009247 
0.954047 -0.176856 -0.197500 
-0.246317 0.935161 0.148448 
-0.271099 -0.467318 -0.176606 
-0.734255 -0.618307 0.183214 
0.836658 -0.013582 0.236625 
0.217281 0.560207 -0.229544 
0.690496 -0.676681 0.044366 
-0.901466 0.331567 0.173088 
0.047364 -0.539183 -0.200863 
0.527642 0.199435 -0.228961 
0.884490 0.405688 -0.154871 
-0.762849 0.500176 -0.232010 
0.097848 0.575042 0.229658 
0.440925 -0.780969 0.236180 
0.090858 0.959734 -0.214766 
-0.658067 -0.210656 0.234894 
-0.560365 -0.237773 -0.235000 
-0.073451 0.959519 -0.041021 
0.034520 0.541140 -0.132463 
0.490409 -0.251518 0.080668 
0.576004 0.634265 -0.235065 
0.767893 -0.483874 -0.237362 
-0.161341 0.683441 -0.231526 
-0.077381 0.789814 0.234707 
0.383785 0.775193 0.235542 
-0.001439 0.541745 -0.034764 
0.535491 -0.113789 -0.036790 
-0.435894 0.419541 0.235464 
0.874121 -0.418805 -0.163417 
-0.404671 0.350616 -0.226107 
0.951633 -0.055437 -0.237002 
-0.177697 -0.564204 0.236209 
-0.495824 0.202732 -0.074966 
0.764182 -0.256142 0.234769 
-0.490498 -0.644234 -0.231848 
0.447576 -0.859935 -0.180848 
0.539731 0.804153 0.203987 
-0.491057 -0.211930 0.033146 
-0.484421 0.230183 0.141018 
0.962384 0.130873 0.148243 
-0.753775 0.599612 -0.073450 
0.479288 0.361799 -0.229820 
-0.759889 0.187935 -0.232368 
-0.461997 -0.843859 -0.157105 
0.564248 -0.702516 0.234005 
0.637503 -0.272760 0.233116 
0.752888 0.470585 -0.235678 
0.468409 -0.636311 -0.229515 
0.157173 0.520811 0.138305 
-0.209954 -0.643932 -0.233239 
0.568197 -0.788874 -0.100889 
0.348876 -0.613267 -0.235082 
-0.035217 0.539756 0.195031 
-0.558339 -0.783258 -0.051080 
0.424449 -0.487674 -0.233406 
-0.533174 -0.032337 -0.123007 
0.864172 0.120906 0.234823 
0.707339 0.404668 -0.234178 
-0.582131 0.764023 0.161195 
0.596482 -0.077499 0.230569 
-0.379218 -0.885760 -0.216064 
0.579169 0.776286 0.105774 
0.300942 0.819205 -0.233415 
0.008524 -0.545006 -0.087637 
0.287359 0.464289 0.093993 
-0.549755 -0.182184 0.236304 
-0.252336 -0.898750 0.229887 
-0.156673 -0.950858 -0.050152 
-0.784015 0.089419 0.235876 
0.351476 0.461364 -0.229430 
0.604314 -0.043271 -0.229914 
0.398271 0.382010 0.177221 
0.929864 0.279106 0.062483 
-0.213790 -0.497157 -0.123003 
-0.531166 0.077205 -0.101818 
-0.461436 0.281859 -0.236748 
-0.098449 -0.950939 0.234957 
0.585813 -0.402652 0.236431 
0.526824 0.812179 -0.092396 
-0.658542 0.027325 0.235299 
-0.309686 -0.542791 0.236181 
0.104939 0.958347 0.001734 
0.125236 -0.957016 0.073809 
0.163373 -0.857028 -0.230714 
-0.700851 -0.075158 0.236447 
0.430342 -0.866594 0.140500 
-0.086342 -0.536671 0.140335 
-0.826061 0.407446 0.235791 
-0.607807 0.744785 -0.042662 
0.478324 -0.630485 0.234311 
-0.440483 -0.695905 0.231263 
0.031232 0.887128 0.236717 
0.372264 0.897917 -0.159434 
-0.271026 0.471157 0.046298 
0.160639 0.780685 -0.233926 
-0.533470 0.066152 0.192109 
0.124891 -0.956022 0.216383 
0.531350 0.809365 0.066449 
0.949206 0.204591 0.165000 
-0.562032 0.497637 0.232973 
0.226009 -0.497786 0.235802 
-0.170820 0.550950 0.231514 
-0.203432 -0.558273 -0.234164 
-0.319676 0.912995 -0.190369 
-0.360718 0.837745 0.235847 
0.957151 0.162570 -0.225140 
-0.419053 0.434210 -0.236321 
0.674846 0.695799 0.016992 
-0.407886 -0.351526 -0.174270 
-0.443774 0.306901 0.003776 
-0.097982 -0.541070 -0.237223 
0.697369 -0.670630 0.173607 
0.404497 0.373489 0.083631 
0.397057 -0.871178 -0.231182 
0.937666 -0.250056 0.164390 
0.623039 -0.626488 0.235783 
-0.296863 -0.917675 -0.126671 
0.488176 -0.837852 0.014114 
-0.354933 0.407225 -0.100303 
0.528183 -0.758588 -0.231303 
-0.949105 -0.124545 0.008891 
0.542748 -0.075718 0.031234 
-0.755351 0.516265 0.234541 
0.504708 0.825932 -0.212279 
-0.318911 -0.434945 -0.054134 
-0.422912 -0.332306 0.162364 
0.543886 0.451043 0.233510 
0.406420 -0.880231 -0.102117 
0.436526 0.415659 -0.229873 
-0.677274 -0.010074 -0.234505 
0.551579 0.063599 0.230662 
0.755333 -0.608505 -0.177409 
-0.702264 -0.655400 -0.121948 
0.276869 0.470470 -0.030864 
-0.953900 0.106354 -0.110636 
-0.520580 0.370786 0.236129 
-0.839938 -0.300410 -0.229702 
0.776807 0.581424 -0.085024 
-0.945212 -0.163478 -0.104546 
0.539365 -0.376354 -0.236874 
0.765601 -0.593202 -0.042554 
-0.696250 0.364992 -0.232029 
-0.503533 -0.795885 -0.229160 
0.286826 -0.466583 0.235963 
0.949096 0.205062 0.017729 
0.210499 -0.501282 -0.058437 
-0.885316 0.374088 0.223766 
0.545262 -0.804233 0.060312 
-0.454556 -0.286835 -0.081379 
-0.626194 0.731009 0.227522 
-0.363173 -0.588036 0.233751 
0.594857 -0.157043 -0.230016 
0.335284 0.708481 0.234521 
-0.957047 0.054889 0.184480 
0.614563 0.748888 -0.190697 
0.964099 -0.111063 0.094975 
0.455026 0.307529 -0.012922 
-0.106238 0.528278 0.084879 
-0.493859 -0.822226 0.083301 
-0.353041 0.408733 -0.167730 
0.403450 -0.369193 0.018686 
-0.066301 0.535231 -0.158602 
0.822345 -0.510551 -0.047987 
-0.066570 -0.964093 -0.054486 
-0.915351 -0.286122 0.161666 
-0.800935 -0.478933 -0.229288 
0.733884 0.075762 -0.232601 
0.006173 -0.924159 -0.229626 
0.561760 -0.227287 -0.229584 
0.157785 0.520104 -0.206093 
-0.661196 0.565782 0.232119 
0.448078 -0.319635 -0.153705 
0.121320 0.956734 0.166334 
0.486440 0.252917 -0.101825 
-0.853967 -0.432759 -0.002275 
0.609611 0.085293 -0.230109 
-0.584497 -0.475062 0.234123 
0.018283 -0.966702 -0.112544 
-0.460267 -0.277871 0.189879 
0.668204 -0.703775 -0.166342 
0.779664 0.299081 -0.232817 
-0.954174 -0.081179 0.072463 
0.509311 -0.823180 0.235593 
0.336578 0.430600 -0.153310 
-0.854893 -0.258147 0.231007 
-0.771807 0.573999 0.068140 
0.148441 0.953186 -0.176877 
0.752629 -0.381148 0.236836 
0.752566 -0.332593 -0.233370 
0.337706 -0.621283 0.236180 
0.706828 -0.119520 -0.232187 
-0.508664 0.171858 0.121112 
0.021837 -0.661936 0.235767 
-0.601510 -0.390022 -0.233703 
0.873040 0.066211 -0.235411 
-0.532324 0.074855 0.051963 
-0.505657 0.436099 0.233444 
0.915901 0.331993 -0.023568 
-0.576163 -0.570952 -0.231801 
0.169854 0.707323 0.233800 
0.219214 -0.942513 -0.066041 
0.853288 -0.457912 -0.006568 
0.610285 0.736553 0.236681 
-0.522973 0.126162 0.226563 
0.639533 -0.300548 -0.232068 
-0.290286 0.637876 0.233524 
0.633749 0.733143 0.071126 
0.137058 -0.662451 0.235202 
0.697589 0.673445 -0.115123 
-0.775054 0.568942 0.158915 
0.236057 -0.550513 -0.234763 
0.968490 0.071003 -0.012863 
0.218930 -0.942216 0.193700 
-0.679998 0.262039 0.234440 
0.706891 0.663513 0.173600 
-0.822729 0.266472 0.232235 
0.596178 -0.768778 -0.026946 
-0.536115 -0.033664 0.125876 
0.540087 -0.559176 0.234686 
0.287597 0.464370 0.162592 
0.877828 -0.091933 -0.235569 
0.355139 -0.710262 0.236140 
-0.756565 -0.591656 -0.054527 
-0.505510 -0.175047 -0.028223 
-0.095395 0.909703 0.236237 
-0.471765 0.769719 0.236489 
0.328576 0.853060 0.236176 
-0.921821 0.270369 0.167144 
-0.412972 -0.345261 -0.095061 
0.917302 -0.032942 0.236753 
-0.526236 0.804231 0.205655 
0.645045 0.648159 -0.236236 
0.690556 -0.606039 -0.234233 
-0.804381 -0.232776 -0.231233 
0.867115 -0.166265 0.235081 
-0.434827 -0.316778 -0.221592 
-0.830535 -0.048791 -0.230974 
-0.054023 -0.965459 -0.144965 
-0.643652 -0.517849 0.233203 
0.093602 0.839983 -0.234932 
-0.492766 0.822711 0.054001 
0.226737 -0.734875 -0.236461 
-0.169428 -0.791763 0.233067 
-0.375427 -0.732035 -0.231604 
0.482580 -0.273316 -0.042037 
-0.466487 -0.438455 0.235550 
0.933403 0.268989 -0.132136 
0.326995 0.911679 0.077878 
0.019715 0.604863 -0.230047 
-0.658989 0.442588 0.235167 
-0.368483 0.396433 0.077709 
-0.773732 0.153724 0.233674 
0.921680 0.322658 -0.187678 
-0.531399 -0.077049 0.233540 
-0.879957 -0.103415 0.235741 
0.238548 0.935505 0.191986 
0.554815 0.220527 0.232119 
0.970055 -0.030450 -0.054080 
0.790935 0.143945 0.233423 
0.081616 0.536104 0.000656 
0.526053 0.590370 0.235105 
0.018540 0.545083 0.160749 
0.813402 -0.116937 0.233801 
0.451330 0.855707 -0.094524 
0.684739 0.219443 0.233657 
-0.701564 0.660516 -0.052753 
-0.191405 0.753186 0.233069 
-0.489369 -0.824521 0.204482 
0.211118 -0.503813 0.139434 
0.570211 0.720270 -0.236335 
0.447509 0.516095 0.233224 
0.366116 -0.731432 -0.235442 
0.525621 -0.153690 0.118238 
-0.445413 0.303886 -0.086502 
-0.718404 -0.466857 -0.230850 
-0.308789 -0.442712 0.160495 
0.139490 -0.529233 -0.067493 
0.370450 -0.402003 0.223176 
-0.343639 0.498034 -0.236705 
-0.299935 -0.916327 0.129085 
-0.104535 0.956457 0.147264 
-0.068409 -0.720534 0.236318 
0.921776 -0.317286 -0.171192 
0.512470 -0.192557 0.200802 
-0.552158 0.606336 0.234634 
0.571515 0.317804 0.232838 
0.213151 -0.944239 0.045922 
-0.468550 0.836028 0.156149 
-0.006481 -0.963233 0.114297 
0.066070 0.710175 -0.232238 
-0.245325 0.482152 -0.072857 
-0.340770 -0.585993 -0.234554 
0.786566 0.545249 -0.237093 
-0.546609 0.381780 -0.235742 
0.859070 0.451606 0.056261 
0.022371 -0.965305 0.023808 
0.508102 0.525382 -0.232494 
-0.304370 0.770389 0.234702 
-0.911202 0.047399 0.232928 
0.969715 -0.040837 0.174204 
0.032709 -0.544226 0.124419 
0.676810 0.389564 0.234439 
-0.782062 -0.143487 0.234087 
-0.817511 -0.389968 -0.229843 
0.669469 0.475164 0.235938 
-0.918724 -0.047726 0.232561 
-0.376302 0.885342 0.136857 
0.404095 0.833985 0.236324 
-0.423874 0.558416 0.236180 
-0.333327 0.708775 0.234635 
-0.111035 0.955817 -0.090301 
0.362462 -0.517832 -0.230271 
0.250481 0.784045 0.235033 
0.345290 -0.904910 -0.006151 
-0.722850 0.636676 0.201076 
-0.425970 -0.547056 -0.234220 
0.859855 -0.245454 0.235883 
-0.123975 0.953990 -0.191607 
-0.119178 -0.651308 -0.234934 
0.168925 0.579848 0.232267 
-0.911927 0.302418 0.041113 
0.713956 -0.214121 -0.231664 
-0.944614 0.151992 0.100865 
-0.296358 -0.451226 0.069901 
-0.940056 -0.118734 -0.228915 
-0.373983 -0.451531 -0.236405 
-0.674313 -0.389404 0.236457 
-0.246777 -0.554531 0.236287 
-0.719108 -0.219811 0.233790 
-0.615520 -0.738637 -0.218958 
0.831749 -0.384085 -0.235635 
-0.576697 -0.769522 0.134453 
-0.319909 -0.434179 -0.130941 
-0.412628 -0.345708 0.022627 
-0.204845 0.739338 -0.230399 
-0.267421 -0.667688 -0.232952 
0.550530 0.017110 0.118568 
0.376725 -0.573774 0.235211 
-0.957481 -0.038773 0.147917 
-0.306162 -0.529231 -0.235912 
-0.274080 -0.684106 0.234368 
-0.499181 0.197117 0.028410 
0.547635 -0.024850 -0.214878 
0.704168 -0.543594 -0.237003 
0.819219 0.118971 -0.234436 
0.651456 0.717706 0.173512 
-0.289041 -0.466715 -0.237175 
0.969936 0.038601 0.154663 
0.445607 0.858766 0.183079 
0.379993 0.590222 0.233679 
-0.122798 0.665765 0.231627 
-0.284198 0.461424 -0.028314 
-0.509433 -0.164615 -0.092196 
0.355851 0.415844 0.057126 
0.521866 0.170385 0.176025 
-0.462984 0.677673 -0.236705 
0.284988 0.878035 -0.234847 
0.336859 -0.908338 -0.131358 
0.403070 0.738262 -0.234782 
-0.229091 -0.490020 0.177503 
-0.958961 -0.022192 -0.039369 
-0.015986 0.962740 -0.181297 
0.534828 0.807202 -0.162926 
-0.483351 0.232330 0.214228 
-0.652055 -0.304241 0.235734 
0.225048 -0.940636 -0.172822 
-0.660207 -0.599479 -0.230150 
0.959448 0.148656 0.072520 
0.210245 0.942104 -0.060371 
0.851100 0.258269 0.235808 
-0.531579 0.037569 -0.229001 
0.529235 0.145894 -0.060035 
0.213676 -0.863716 0.234298 
0.471725 0.280947 0.169219 
0.317140 0.917376 -0.081996 
0.194011 -0.684178 -0.237097 
-0.536683 0.008046 0.176186 
-0.610883 -0.741975 0.034223 
-0.532665 -0.689976 -0.230583 
0.654306 0.289948 -0.231319 
-0.196544 0.942601 0.181519 
0.538721 0.371274 -0.230906 
-0.304005 0.540669 0.236809 
0.122721 -0.532951 0.123725 
-0.250848 -0.867363 -0.229997 
0.705071 -0.167588 0.233741 
-0.372627 0.507685 0.236180 
0.859545 0.005407 -0.235087 
-0.918653 0.062125 -0.229416 
-0.010210 0.810260 -0.234246 
-0.824931 0.492350 -0.080542 
-0.608409 0.744334 0.108742 
-0.022089 0.962540 0.044006 
0.447901 -0.319865 -0.056750 
-0.514671 0.254538 -0.235994 
-0.008509 0.962985 -0.102730 
-0.274706 -0.736072 -0.231278 
0.307666 -0.666533 -0.233761 
-0.546261 -0.275286 0.236719 
0.333345 0.433924 -0.030591 
-0.198456 0.942345 0.026432 
0.585142 -0.158861 0.232247 
0.226507 0.501366 -0.228821 
0.232116 0.493129 -0.062885 
-0.907277 0.317686 -0.211983 
-0.384062 -0.808832 0.236008 
0.190345 0.911436 -0.236660 
-0.668851 -0.644005 0.231913 
0.916043 -0.323190 0.083198 
0.295660 0.565233 0.232678 
-0.516117 -0.146892 -0.199475 
-0.533468 -0.065748 -0.235837 
0.593019 -0.532656 0.235201 
0.285921 0.598866 -0.230837 
-0.761378 -0.363480 -0.231111 
-0.082656 0.533078 -0.050389 
0.209510 0.688079 -0.231682 
-0.363030 0.565699 -0.236859 
-0.588701 0.759101 -0.178559 
0.930489 0.279241 -0.066342 
-0.762505 0.440010 -0.230274 
0.096600 -0.537804 0.221996 
0.816885 0.450041 0.236357 
0.006544 0.607228 0.236275 
0.632162 0.734445 0.005057 
-0.076635 -0.595831 -0.235473 
0.038521 -0.543324 -0.001488 
0.662727 -0.370701 0.236836 
0.865857 0.438909 0.182603 
-0.141601 0.519018 -0.212199 
0.751559 -0.080824 -0.232980 
0.862848 -0.345169 0.235737 
0.444096 -0.364130 0.236073 
0.600427 0.017970 0.235412 
0.475857 -0.525862 -0.231278 
-0.055683 0.638336 -0.230795 
-0.642107 0.089733 0.236662 
-0.088103 0.817893 -0.234511 
-0.529204 -0.093546 0.135913 
0.294476 -0.916940 0.035683 
-0.153415 -0.517042 0.034022 
-0.798751 -0.533295 0.124893 
-0.301628 0.920410 0.052043 
0.121589 -0.960560 -0.203192 
-0.193932 -0.945159 0.179595 
-0.482946 -0.420749 -0.235279 
0.262537 -0.780905 -0.235707 
-0.892477 0.356032 0.028977 
-0.953903 0.101091 0.007517 
0.968842 -0.062914 -0.122715 
-0.363391 -0.397645 -0.065009 
0.562681 -0.791244 0.201919 
-0.942778 -0.166923 0.223456 
-0.083876 -0.960779 0.141614 
0.510510 -0.196845 0.081404 
-0.408581 0.868356 0.017560 
-0.803584 -0.112508 -0.231725 
0.130957 -0.860942 0.236169 
0.471887 0.280462 0.096238 
-0.583162 -0.400860 0.233374 
0.111018 0.531235 -0.106700 
0.970781 0.012795 0.060002 
-0.081763 -0.782939 -0.231290 
-0.447807 0.299483 0.095660 
0.179930 0.513546 0.078003 
-0.404771 0.350473 0.151745 
-0.430239 0.565668 -0.236705 
-0.247473 0.850590 -0.230894 
0.261909 -0.611651 0.235143 
0.541668 0.086751 -0.082328 
-0.890310 -0.356881 0.126679 
0.287558 -0.464921 -0.150857 
0.624128 0.741039 -0.112290 
-0.957310 0.048741 -0.113588 
0.913929 0.333714 0.072453 
0.547233 -0.044205 0.155402 
-0.244723 -0.933587 -0.014297 
0.676096 -0.471511 0.236610 
0.505898 -0.425757 0.235689 
-0.025116 0.919028 -0.236476 
0.746747 -0.621302 -0.105568 
-0.818216 -0.500132 0.009006 
0.710178 -0.552635 0.236330 
-0.535965 -0.025969 0.005923 
-0.441904 0.310338 -0.174398 
0.970358 0.025730 -0.215194 
-0.442430 -0.566010 0.234578 
0.037433 -0.789122 -0.232366 
-0.857903 0.115111 0.236320 
-0.513847 -0.569858 0.233953 
-0.012875 0.541394 0.076235 
0.224731 -0.659436 0.236836 
-0.539855 0.453596 -0.232417 
-0.515134 0.632082 -0.235972 
-0.529728 0.723918 0.236180 
0.811961 -0.381124 0.235828 
0.282056 0.467282 -0.134732 
0.567643 -0.609868 -0.229329 
0.577836 -0.782611 -0.174682 
-0.475484 0.426400 -0.233799 
0.509835 -0.197620 -0.148195 
0.690474 0.196426 -0.231717 
0.519486 -0.307871 -0.237277 
0.674655 -0.695839 -0.009353 
-0.821997 0.494700 0.025352 
-0.569493 0.195798 -0.234550 
0.043508 -0.757344 0.234145 
-0.720509 -0.635593 -0.055214 
-0.907065 0.317634 -0.060683 
0.297256 -0.917480 -0.058266 
-0.715762 -0.573663 -0.229623 
-0.713702 -0.153286 -0.233424 
-0.452309 0.291206 0.229250 
-0.219651 -0.494729 -0.182239 
0.463536 0.662504 -0.234096 
0.103960 -0.536912 -0.198540 
0.057082 0.962036 -0.058976 
0.159394 0.852804 -0.235375 
0.776964 0.581206 0.056035 
0.169571 0.516580 -0.077213 
-0.862865 0.422402 -0.069614 
-0.096422 0.530311 0.157074 
0.393809 0.565651 -0.231659 
0.652092 -0.722768 0.177710 
0.422373 -0.732865 -0.232091 
0.797919 -0.547450 0.102009 
-0.096465 -0.534427 -0.072432 
-0.616291 -0.322778 -0.234130 
-0.107729 0.956143 0.081959 
0.483652 0.423446 0.234013 
0.785253 0.271868 0.235066 
0.957963 -0.153140 0.190858 
-0.176263 -0.786656 -0.231984 
0.893422 0.381194 0.202916 
0.023923 -0.674165 -0.234721 
0.854371 0.460398 -0.191419 
0.148148 -0.607399 0.235850 
-0.482689 -0.236227 -0.182234 
0.619225 -0.636032 -0.232932 
0.620918 -0.697957 -0.229316 
0.086880 0.780323 0.234576 
0.828295 0.505494 -0.110154 
0.531203 0.139321 0.026236 
-0.200053 0.942132 -0.091548 
0.816625 0.524262 0.081881 
-0.384862 -0.874489 0.233710 
-0.861267 -0.357959 0.231850 
0.843728 0.480310 -0.057816 
0.807308 0.432680 -0.236247 
-0.801937 0.023555 0.234854 
0.743331 0.338910 0.234894 
-0.797440 -0.032229 0.233891 
0.307149 -0.449899 -0.049001 
0.424678 0.869114 -0.145926 
0.551496 0.016055 0.189899 
-0.463011 -0.374266 0.236113 
0.487938 0.249760 -0.192970 
-0.412003 0.866203 0.235736 
-0.110040 -0.874595 0.236305 
-0.147769 0.609050 0.232284 
-0.764726 -0.581061 -0.165329 
-0.781194 -0.557904 -0.093466 
0.120520 -0.533439 0.033879 
-0.257005 -0.791213 0.233179 
0.749709 -0.437290 0.236836 
0.569506 -0.463074 -0.236390 
-0.422931 0.629832 0.236180 
-0.935994 0.213287 0.090964 
0.687754 -0.067366 -0.231655 
-0.514820 -0.705567 0.232120 
0.366515 -0.403575 -0.072394 
0.359302 0.840032 -0.233988 
-0.072258 -0.538622 0.002571 
-0.778002 0.100036 -0.231453 
0.289673 -0.864467 -0.235433 
0.139353 -0.675511 -0.234450 
0.815448 0.175905 -0.234569 
-0.923938 -0.258834 -0.044595 
-0.137667 -0.955494 -0.189380 
-0.382174 0.382516 0.025967 
0.264213 -0.598087 -0.234180 
-0.034875 -0.666167 0.235288 
-0.679553 0.130099 0.235007 
0.336760 0.619954 -0.232014 
0.419657 -0.431077 -0.229790 
0.636994 0.648171 0.236741 
-0.298959 -0.916537 0.193688 
-0.136673 0.781116 0.233393 
-0.181582 0.935231 0.236523 
0.509962 -0.693929 0.234311 
-0.554713 -0.785518 0.192294 
-0.724615 0.221367 0.233478 
-0.681708 0.681364 0.115825 
-0.097966 0.529951 -0.114024 
-0.864344 0.230717 0.229855 
0.248785 -0.554056 0.235684 
0.368520 -0.402251 0.133019 
0.307027 0.511374 -0.229776 
0.395038 0.884219 -0.020127 
0.003740 0.963386 0.136371 
0.632829 -0.740214 -0.056059 
0.765945 -0.592689 0.201935 
-0.155041 -0.669820 0.234643 
-0.862027 0.426845 -0.190816 
-0.885014 0.225062 -0.229708 
0.477794 -0.279793 0.182514 
-0.546172 0.789945 -0.218360 
0.835782 -0.488942 0.193404 
-0.405708 0.672330 -0.237103 
-0.687378 -0.670768 0.129981 
0.938472 0.250630 0.137560 
0.692680 0.678686 -0.237206 
-0.307712 0.711759 -0.232613 
0.611935 -0.756289 0.053876 
0.204066 -0.790164 -0.234750 
0.932958 0.101622 0.236427 
-0.820749 -0.497920 -0.182124 
-0.461966 -0.843005 -0.090011 
-0.115686 -0.530166 -0.169192 
-0.710279 -0.412445 -0.231576 
-0.235886 0.640928 0.232963 
0.450657 0.315452 -0.228782 
-0.132986 -0.952656 0.191046 
0.439327 -0.331039 0.078933 
-0.360994 -0.415620 0.236689 
-0.786395 0.322177 -0.230329 
0.543903 0.069772 -0.203062 
0.375030 -0.785043 -0.233562 
0.455042 0.306183 -0.143233 
0.572439 -0.532578 -0.232770 
-0.365611 -0.661085 -0.232976 
-0.330861 0.426134 -0.039879 
0.153950 0.952276 -0.230759 
0.174354 0.898133 0.235812 
0.513442 -0.189312 -0.040511 
0.446860 0.373664 0.232127 
0.292091 0.924100 -0.201999 
-0.529330 -0.804045 -0.182352 
-0.422835 -0.428406 -0.236076 
-0.935919 0.215255 -0.193298 
0.700689 0.670135 0.066293 
-0.904547 0.324554 -0.117419 
0.819609 -0.098680 -0.234400 
-0.617149 -0.736674 0.120423 
0.785623 -0.564610 0.001024 
-0.045768 -0.909592 -0.229856 
0.198912 -0.505287 -0.181032 
-0.605644 0.015647 -0.235793 
-0.125222 0.524346 0.220752 
0.547890 0.021648 -0.174972 
-0.098211 0.741288 -0.232989 
0.792961 -0.044967 0.235489 
-0.380487 0.755170 -0.237362 
-0.275041 -0.464807 -0.045744 
0.576626 0.462506 -0.232648 
-0.943341 -0.173613 0.032245 
-0.509210 0.510832 0.234573 
0.550327 -0.800476 0.125030 
-0.943879 -0.165334 0.140229 
0.340717 0.484853 0.234365 
0.293512 0.461254 0.215754 
0.594467 0.193400 -0.229831 
0.840248 -0.296678 0.235693 
0.717619 0.352186 -0.233860 
0.876238 0.119569 -0.235589 
0.406180 0.369903 -0.228786 
0.812722 0.396830 0.235995 
-0.406251 0.869695 -0.172856 
-0.846877 0.445829 0.191742 
-0.228956 -0.490090 -0.028507 
-0.000458 -0.543453 -0.155143 
0.929363 0.219847 -0.237038 
-0.699674 -0.337352 0.236158 
-0.450825 0.626023 -0.236705 
0.502743 0.296129 0.232120 
0.878982 0.415271 0.007530 
-0.072784 0.583384 -0.229730 
0.408364 0.715638 0.235021 
0.479462 -0.840493 0.147620 
0.305562 -0.916987 -0.180644 
-0.471564 -0.653110 0.233053 
-0.805145 0.525063 -0.158434 
-0.934225 0.221789 -0.077018 
-0.745870 -0.107729 -0.232878 
-0.654732 0.706213 -0.050715 
-0.919952 -0.070041 -0.229268 
-0.031084 -0.966249 -0.219526 
-0.525822 -0.496119 0.234508 
-0.573249 -0.772267 0.010454 
0.540643 -0.314945 0.236836 
0.290845 -0.780552 0.235934 
0.093143 -0.961927 -0.063091 
-0.822649 -0.492812 -0.043872 
-0.262225 0.503057 0.235583 
-0.679277 0.683807 0.188852 
-0.647785 -0.709203 0.221580 
-0.956982 0.072125 0.091527 
0.061072 -0.964473 0.231814 
0.954237 0.180214 -0.175882 
0.243083 0.487843 -0.164369 
0.536577 -0.704952 -0.229147 
0.887639 -0.392694 0.097790 
-0.600015 0.036885 0.236031 
-0.468361 0.373957 0.234771 
0.673817 0.121203 0.230986 
0.887271 0.398589 0.080922 
-0.822227 -0.110121 0.236376 
0.191850 -0.542247 0.236836 
-0.768427 0.279604 0.233316 
-0.519110 -0.506354 -0.233553 
0.774367 0.548886 0.236710 
-0.946474 -0.156387 -0.167086 
0.195229 0.658786 0.233317 
0.573034 0.773003 0.236798 
0.762905 -0.194712 0.234530 
-0.183180 0.505560 0.118202 
-0.886979 0.370402 0.087810 
0.649046 -0.357571 -0.237362 
-0.575321 -0.606647 0.233084 
0.012342 0.759360 -0.233196 
0.510973 0.747327 0.236455 
-0.071204 0.959740 -0.184578 
0.274750 -0.472737 0.127311 
0.042260 0.541601 0.093898 
0.350701 0.901976 0.134435 
0.943050 0.230995 -0.083012 
-0.530410 0.231355 0.235947 
0.407313 0.458464 -0.230097 
-0.889580 -0.359542 -0.051621 
-0.502805 -0.187146 0.167443 
-0.773035 0.572433 -0.033835 
-0.490791 0.213318 -0.175076 
0.364470 -0.897184 0.229631 
-0.159899 -0.950493 0.001446 
0.047497 -0.857867 0.233572 
0.400428 -0.609792 -0.233850 
0.282174 -0.502281 -0.236574 
-0.266261 0.596973 -0.230836 
0.309951 0.915877 0.190550 
0.525970 -0.152827 0.169833 
0.824359 -0.507311 -0.199502 
0.970446 0.023019 -0.141998 
-0.655236 0.396199 -0.232869 
-0.127980 0.865205 -0.235585 
0.479319 0.266749 -0.052717 
0.942276 -0.229800 -0.094519 
-0.629789 0.728085 -0.177104 
0.661649 -0.408423 -0.237362 
0.536481 0.115103 0.190640 
-0.711479 0.256618 -0.231656 
0.053870 -0.966162 -0.167126 
0.639013 -0.178532 0.232970 
0.257250 0.931144 -0.149625 
-0.613707 -0.249332 -0.233534 
0.358377 0.512321 -0.230353 
-0.957004 0.026545 -0.023302 
0.531429 -0.132396 -0.137104 
-0.732946 -0.565715 0.231946 
-0.295991 0.922121 -0.114378 
0.795906 -0.527007 -0.237340 
0.244885 0.643109 0.233321 
-0.549083 0.787859 -0.113254 
-0.202862 -0.885274 -0.229899 
0.030762 0.752547 0.236505 
-0.459301 0.735871 -0.236951 
-0.534315 -0.050577 0.189844 
0.846894 -0.469874 0.099476 
-0.170245 0.573942 -0.228740 
-0.026396 0.922833 0.236774 
-0.949365 0.131959 -0.058311 
-0.502568 0.817304 -0.021336 
0.835577 0.386019 -0.235514 
0.297073 -0.723474 0.234030 
0.684946 0.552336 -0.235524 
0.938535 -0.141136 0.236404 
0.289875 0.766456 -0.232657 
-0.716236 -0.623118 0.231650 
-0.214029 0.892306 0.234566 
0.137925 0.774516 0.233199 
0.541225 -0.086161 0.092289 
0.116063 -0.759083 0.236488 
0.628754 -0.742941 0.104513 
-0.348418 -0.730900 0.236413 
-0.501358 -0.819172 -0.058667 
-0.296490 -0.917868 -0.177457 
0.378201 0.397722 0.119634 
-0.776238 0.569135 -0.227560 
-0.333893 0.423808 0.139081 
-0.743437 0.611931 0.050118 
-0.804201 0.522852 0.206765 
-0.571689 -0.744380 0.231801 
-0.275825 0.467611 0.114277 
0.389926 0.890072 -0.216893 
-0.529406 -0.080817 -0.108476 
0.494782 -0.236957 -0.120305 
-0.845833 0.451190 0.051320 
-0.521309 0.133669 -0.205785 
-0.386296 -0.882264 -0.031814 
0.888442 -0.392583 -0.090691 
-0.920700 -0.269509 -0.152210 
-0.320817 0.588152 0.236836 
-0.472090 0.253961 -0.093462 
0.545222 -0.058755 0.203501 
-0.421808 0.775447 0.236836 
0.580310 -0.342811 -0.237362 
0.915486 -0.330278 -0.069731 
0.126231 -0.603242 -0.235947 
0.701770 -0.666756 0.117574 
0.352964 -0.415782 -0.199532 
-0.865307 -0.410224 -0.045665 
-0.717693 0.549356 0.232497 
0.045036 0.962430 0.000951 
0.899933 -0.371473 0.004996 
-0.718841 -0.304024 -0.232067 
-0.951507 -0.113762 -0.108034 
-0.664672 -0.109889 0.236103 
-0.484202 0.827434 0.109295 
0.844749 -0.175200 -0.235169 
0.574607 0.779555 -0.175748 
0.550544 0.012901 0.067655 
0.880621 -0.334503 -0.234362 
-0.204344 0.496418 -0.125748 
-0.687375 0.154834 -0.233962 
0.246367 0.486520 0.075929 
0.939519 -0.241624 0.220360 
-0.330355 -0.426165 0.015058 
0.175241 0.636210 -0.231116 
-0.226438 -0.491401 0.100440 
-0.501475 -0.187280 0.076291 
0.141095 -0.812351 -0.231688 
-0.167341 -0.515259 0.226624 
-0.867643 0.149695 -0.230368 
-0.425069 -0.478328 -0.235298 
0.969254 -0.054926 -0.008112 
0.586856 -0.107822 -0.229736 
0.466659 0.847514 0.137579 
-0.057326 -0.792926 0.234413 
-0.763363 -0.327970 0.233276 
-0.875815 -0.389997 -0.152640 
0.715158 -0.654969 -0.086897 
-0.530860 0.085977 -0.049693 
0.639100 0.556290 0.235779 
-0.480926 -0.289718 0.236351 
0.519801 0.756963 -0.236334 
0.389100 -0.809272 0.234945 
-0.356927 -0.403567 -0.166538 
0.205991 -0.507088 0.189964 
0.222101 0.535049 0.231948 
0.739109 -0.632686 0.037332 
0.794693 0.556465 -0.123981 
-0.614050 0.291412 -0.234019 
0.770774 -0.277634 -0.232613 
-0.532668 -0.126500 0.236703 
0.651630 0.339425 -0.232546 
0.120131 0.542725 -0.229009 
0.968141 0.074542 -0.101908 
0.448187 -0.319492 0.182694 
-0.534046 0.023301 -0.062185 
0.882173 0.313522 -0.234255 
0.905824 0.189782 0.236260 
0.241404 0.934839 -0.007389 
-0.615809 -0.092884 -0.235262 
-0.221750 0.939233 -0.178747 
0.360860 -0.900123 0.042255 
-0.544363 -0.181396 -0.235044 
0.588157 0.369147 0.233757 
-0.373841 -0.830297 -0.229818 
0.699558 0.626144 -0.236731 
-0.017705 -0.964880 -0.061681 
-0.581102 -0.766648 -0.091649 
-0.395675 -0.364852 -0.047069 
-0.654570 -0.703695 -0.211682 
0.965973 0.096550 -0.188843 
-0.267663 0.495018 -0.236768 
0.479546 -0.473487 -0.230802 
-0.877462 -0.332323 -0.229042 
0.272786 0.551433 -0.230172 
0.684973 -0.163619 -0.231938 
-0.610394 -0.664731 -0.229938 
-0.196704 -0.720958 0.233290 
-0.645575 -0.711926 -0.112825 
0.748081 0.105491 0.232856 
0.305296 -0.451793 0.007508 
0.031142 -0.730608 -0.233564 
-0.338438 0.904453 -0.097009 
-0.388059 0.374171 0.207864 
-0.792870 0.151557 -0.231869 
0.926162 -0.256315 -0.236654 
-0.073394 0.709654 0.233415 
0.866657 0.437413 0.102799 
-0.285397 0.914892 0.232091 
-0.615459 0.676744 -0.233081 
0.494738 -0.238173 0.203916 
0.548310 0.546716 0.236528 
0.015142 -0.963348 0.169445 
-0.871082 -0.239082 -0.229892 
0.887821 0.399894 -0.203382 
0.408834 -0.878015 0.185610 
0.695914 -0.671911 -0.191060 
-0.932483 0.229698 -0.146689 
-0.397831 0.874535 -0.029758 
0.115021 0.530348 -0.038214 
0.455285 0.467637 -0.230897 
-0.534911 0.552519 -0.233106 
-0.029306 0.704088 -0.232095 
0.165034 -0.946516 -0.228904 
0.528628 -0.143358 -0.228744 
0.304062 -0.451376 -0.194716 
0.659236 -0.080544 0.231964 
-0.483839 -0.234019 0.157888 
0.151690 0.952650 -0.047579 
-0.536775 -0.354889 -0.235202 
-0.951322 0.104199 0.183593 
-0.261290 -0.842762 0.232127 
0.295726 0.744640 0.234748 
0.726654 0.527358 -0.235885 
-0.270005 0.928732 0.106505 
-0.028833 0.788628 0.236374 
-0.278333 0.782842 -0.230493 
0.347540 0.906654 -0.118317 
0.888944 -0.390173 0.184696 
-0.928268 -0.014074 -0.229380 
-0.311076 -0.646545 -0.233758 
0.260631 -0.903279 -0.236511 
-0.591455 0.597892 -0.231260 
0.692448 0.678934 -0.029457 
-0.696916 0.348325 0.236180 
0.127486 0.956127 -0.133261 
-0.077577 0.838269 0.235317 
0.722072 0.458577 0.235384 
-0.262841 -0.472451 0.207397 
-0.764373 -0.580739 0.187866 
-0.165931 -0.850911 0.232750 
0.342996 -0.878635 -0.231797 
-0.578360 -0.313407 0.236647 
-0.258059 -0.474940 0.052469 
0.720603 -0.415934 -0.237362 
-0.875333 0.397299 -0.117805 
0.012502 0.705881 0.236431 
0.736579 0.040448 0.235447 
0.522188 -0.427897 -0.236395 
-0.337185 -0.902464 0.101761 
0.528222 -0.815842 -0.100308 
-0.709520 0.486893 -0.233302 
-0.082816 0.622130 0.230551 
-0.660572 0.315757 0.235519 
0.122391 0.528807 0.103152 
0.428276 0.795843 -0.236061 
0.620725 0.510718 -0.233970 
-0.742219 -0.014112 -0.233177 
-0.357675 -0.895012 -0.068283 
-0.948102 0.149045 -0.192687 
-0.484597 0.827216 -0.132654 
-0.792667 -0.542105 -0.168476 
-0.531806 0.800239 0.070651 
0.377935 0.892255 0.096110 
-0.382241 -0.883732 0.081057 
-0.444328 -0.491821 0.235271 
-0.692423 0.035457 -0.233640 
0.398731 0.462246 0.232307 
0.436237 0.863774 0.022866 
-0.340179 -0.901781 -0.188857 
-0.854004 0.330297 0.232079 
0.444610 -0.860654 -0.080082 
-0.957687 -0.018143 0.057799 
-0.305350 0.918552 0.167762 
-0.958667 -0.039080 -0.137226 
0.765581 -0.593232 0.091345 
-0.224125 0.532847 0.231960 
-0.918265 -0.207364 0.230537 
0.715478 -0.043741 0.234348 
0.395920 0.624880 -0.232702 
-0.904453 -0.319690 0.031323 
-0.609064 0.505887 0.232632 
-0.855626 -0.426276 0.137027 
-0.888030 0.368817 -0.210880 
-0.088890 -0.962079 -0.183335 
0.817139 0.328597 -0.233464 
-0.654660 -0.702917 0.143045 
0.467471 -0.577198 -0.231719 
-0.476658 -0.831730 0.149218 
0.537182 0.323632 -0.230353 
0.957973 -0.153075 -0.063829 
-0.855668 -0.409249 0.235196 
-0.055808 0.961256 0.010367 
-0.634867 0.509920 -0.230862 
0.454681 0.469131 0.236307 
-0.832417 0.480608 -0.126611 
-0.069322 -0.537730 -0.176906 
-0.689857 -0.445358 0.231646 
0.545546 0.800380 0.153900 
-0.489385 0.215484 -0.223022 
-0.525641 -0.109618 -0.009201 
-0.746042 0.064875 -0.231746 
0.936165 0.258333 0.188982 
0.734744 0.633446 0.197599 
-0.009902 -0.963758 0.058613 
-0.642774 -0.496355 -0.231771 
0.968641 -0.064949 0.084684 
-0.936578 0.211271 -0.008941 
-0.205423 -0.612325 0.235526 
0.192052 -0.949911 -0.023809 
-0.876278 -0.003351 0.235891 
-0.510603 -0.813668 0.039798 
0.563749 -0.750323 0.234311 
-0.640143 -0.716856 -0.032135 
0.228011 0.937962 -0.105873 
-0.840095 0.448539 -0.228918 
-0.421350 0.831282 -0.237362 
0.742433 -0.298180 0.234285 
-0.197691 -0.829805 -0.231027 
-0.761938 -0.453454 0.235184 
0.905659 -0.200577 -0.236498 
0.234270 -0.713930 0.236836 
-0.569061 0.490646 -0.231761 
-0.843285 -0.458212 -0.227500 
0.543795 0.070981 0.019973 
-0.696687 -0.661451 -0.168360 
-0.344697 -0.783026 0.234402 
0.428340 0.341537 -0.057078 
0.688731 0.089848 -0.231720 
-0.106010 -0.756903 0.236161 
0.365629 -0.404480 0.056135 
0.489364 -0.469810 0.236170 
-0.373343 -0.388525 0.041314 
-0.765759 0.582865 0.115009 
0.403479 -0.371171 0.137353 
0.723328 0.019370 -0.232316 
-0.159662 -0.675102 -0.234279 
-0.187537 0.503908 0.216679 
-0.955501 -0.074278 -0.018279 
-0.683843 -0.081102 -0.232986 
-0.703507 0.658758 -0.204456 
0.903120 0.271066 0.236483 
0.492539 -0.378103 -0.236817 
0.135249 -0.559962 0.236469 
0.742687 -0.627353 0.155629 
-0.080110 -0.537588 0.194365 
0.432155 -0.340386 -0.004538 
-0.844723 0.024741 -0.231081 
0.034769 0.962767 -0.176793 
-0.401713 -0.690850 -0.232079 
0.400826 0.519056 0.234176 
0.472396 0.719306 -0.235164 
0.923394 -0.298856 0.170949 
0.535044 0.122040 0.107852 
-0.233793 -0.936299 -0.117657 
0.640167 -0.450863 -0.237071 
-0.066136 -0.591543 0.236755 
0.479925 -0.792576 -0.230109 
-0.553798 0.030605 0.236617 
-0.697753 0.664488 -0.006449 
0.445065 -0.677888 -0.233684 
0.772225 0.587775 -0.221460 
0.180274 -0.580720 -0.236749 
0.214283 -0.500340 0.007170 
-0.880583 -0.378636 0.046274 
-0.277373 -0.917517 -0.228861 
-0.012226 0.540257 -0.157840 
-0.031502 0.962232 -0.062247 
0.224197 -0.909063 0.234109 
0.150095 -0.901628 -0.229859 
0.774728 0.105356 -0.233499 
-0.958542 0.043928 -0.207372 
-0.957338 -0.064133 -0.073402 
0.360291 -0.530271 0.234846 
-0.212896 0.493303 0.151751 
0.599723 0.203705 0.232575 
0.872474 0.426593 -0.036987 
-0.446102 0.848026 -0.110990 
-0.537557 -0.000644 0.044715 
-0.086409 0.911464 -0.236411 
-0.594127 -0.205959 -0.233782 
-0.107962 -0.958665 -0.034390 
-0.944066 0.157095 0.162158 
0.302836 -0.825278 0.236076 
0.749119 0.195329 -0.233340 
-0.756750 0.440636 0.236180 
0.962568 -0.056803 0.236825 
-0.337910 0.636572 0.236836 
-0.193815 0.613221 0.231514 
0.275957 0.856551 0.236002 
-0.470660 0.637024 0.236180 
0.138746 -0.529398 -0.141581 
-0.470359 0.835061 -0.049213 
0.127804 -0.956234 0.119874 
-0.042029 0.566682 0.231858 
0.934532 -0.098261 -0.236735 
-0.108088 0.527868 -0.004048 
-0.198658 -0.944120 0.080319 
-0.640930 0.109248 -0.235073 
0.430734 0.775994 0.235826 
-0.816875 0.135990 0.235104 
0.229007 0.494776 0.170140 
0.106601 0.532221 0.200280 
0.428848 0.340710 -0.127725 
0.066878 0.845208 0.235506 
-0.448795 -0.295878 0.098000 
0.669635 -0.257002 -0.231162 
0.925767 -0.304106 -0.122814 
-0.817655 0.242119 -0.230945 
-0.051578 -0.960305 0.231669 
0.228829 0.931694 0.236761 
0.204027 -0.506221 0.061399 
-0.583980 -0.224220 0.235723 
-0.529450 -0.067905 -0.187915 
0.967286 0.083221 0.144038 
-0.093015 -0.903135 -0.229571 
0.157163 0.842582 0.234635 
-0.474276 0.249762 0.024907 
-0.485279 -0.231251 0.074378 
0.946027 0.035054 0.236798 
-0.408000 0.731707 0.236836 
0.723918 -0.496873 -0.237221 
0.858822 -0.447558 -0.128206 
-0.868804 -0.210650 0.230677 
-0.153667 0.949088 0.033565 
-0.915922 -0.284308 0.069456 
-0.728482 0.160952 0.234211 
-0.441290 -0.371182 -0.236582 
-0.569842 -0.027078 -0.235341 
0.052845 0.539379 -0.216404 
0.960947 -0.135060 -0.214673 
0.760961 0.601501 0.128954 
-0.703989 0.031914 0.234724 
0.576631 0.778105 -0.075184 
-0.149510 0.949774 0.151493 
-0.958387 -0.050350 -0.199950 
0.672459 -0.698541 -0.116949 
0.388149 -0.673158 0.236180 
-0.424932 -0.861607 0.002001 
0.687366 -0.609582 0.234898 
-0.361791 0.561958 0.236321 
-0.155667 -0.951478 -0.099379 
-0.414530 0.340585 -0.004987 
-0.565652 -0.652892 0.232740 
-0.450085 0.295295 0.050468 
0.392882 -0.887027 -0.012424 
-0.718728 0.603405 0.231672 
-0.484163 0.321983 -0.236555 
-0.749951 -0.253097 0.233628 
-0.830119 0.082931 -0.230529 
0.304823 0.520807 0.232235 
-0.902762 0.123040 0.236249 
-0.512918 0.811595 0.162956 
-0.085067 0.532663 0.201529 
-0.522739 0.127219 0.019521 
0.414562 -0.358089 -0.187386 
-0.021244 0.585632 -0.229674 
-0.924199 -0.258006 -0.103041 
-0.604869 -0.011323 0.235982 
-0.130234 -0.526941 0.135545 
-0.232081 0.567396 -0.229824 
0.813811 -0.524274 0.171529 
-0.831418 -0.471867 0.124584 
0.077366 0.536724 0.065914 
-0.533850 0.661653 0.235481 
-0.898044 0.341414 -0.013369 
0.652975 0.014245 0.236336 
0.547164 0.271046 -0.230013 
-0.214683 -0.923599 0.229738 
-0.922953 0.114082 -0.229170 
-0.439992 -0.744968 0.234328 
-0.351863 0.848518 -0.234492 
-0.279923 0.922523 -0.230778 
-0.758957 -0.589115 -0.220502 
0.324711 -0.907671 0.158654 
0.710471 -0.363764 0.236836 
0.377444 -0.894507 0.122271 
0.623246 0.121187 0.230416 
-0.509812 -0.375591 0.235635 
0.568849 0.415217 -0.231931 
0.212306 -0.944428 0.095947 
-0.497344 0.200110 -0.030197 
0.351449 0.814486 0.235825 
-0.526731 0.109213 0.181657 
0.738759 -0.150952 -0.232951 
-0.327644 -0.484324 0.235924 
-0.554740 0.153616 -0.236606 
0.887322 -0.393307 0.041908 
0.044918 -0.541423 -0.061965 
0.516105 -0.183063 0.007992 
0.867185 0.075959 0.235568 
-0.016587 0.540301 0.007159 
0.512513 0.197030 0.218084 
-0.308251 -0.913503 0.004209 
-0.859162 0.424515 0.126478 
0.434192 -0.488754 0.233772 
0.606170 0.669938 -0.236017 
-0.371518 -0.390197 0.129208 
-0.407419 0.817613 0.236836 
0.110267 0.730146 -0.232744 
-0.005896 -0.799460 -0.232163 
-0.875037 0.397607 -0.017454 
0.840852 -0.057882 0.235221 
0.029232 0.542120 -0.067024 
-0.569832 0.697469 -0.235724 
-0.928446 -0.242942 0.196275 
-0.519034 0.576653 0.235300 
0.509085 0.204870 0.100397 
-0.186954 0.793062 -0.233279 
-0.726352 0.633050 -0.083761 
0.796122 0.554471 0.193217 
0.338611 -0.425773 0.028013 
-0.565678 -0.360033 0.234123 
-0.474625 -0.251717 0.022276 
0.898733 0.352968 0.236769 
-0.414825 -0.342846 0.204714 
-0.659821 0.701618 0.053313 
-0.301866 0.448369 0.211766 
0.808546 -0.255522 0.235300 
-0.250212 0.480640 0.008276 
0.033825 -0.544177 0.078602 
0.125950 0.701477 0.231687 
-0.763202 0.346303 0.233977 
0.119722 -0.552325 -0.236989 
0.576617 0.778114 -0.019324 
0.507404 0.628876 -0.234077 
-0.349001 0.411951 0.038270 
0.275728 0.471135 0.013523 
0.070526 -0.894082 -0.229758 
-0.019689 -0.868996 -0.230734 
-0.431652 0.384671 -0.234615 
0.333646 -0.429026 -0.087505 
0.032696 -0.561862 -0.235887 
0.482628 -0.273250 -0.157960 
0.504473 -0.210796 -0.085992 
0.083533 0.960456 0.085924 
0.525822 -0.151631 -0.181742 
0.803111 -0.457200 -0.237362 
0.256081 -0.930596 -0.090544 
-0.466150 0.265372 0.121571 
-0.955508 0.009697 0.155567 
-0.523103 0.125576 -0.130663 
-0.208003 -0.930334 -0.228979 
-0.450050 0.708844 0.236368 
0.819503 -0.515121 -0.091708 
-0.416381 -0.865436 0.060113 
-0.934023 0.222157 0.190489 
-0.115962 0.565232 -0.229525 
0.605365 0.002991 -0.229898 
0.289960 0.924338 0.013051 
-0.601571 0.448821 0.234447 
0.505818 -0.828856 -0.025139 
-0.318605 -0.435180 0.118327 
