0.668167 0.709980 -0.068350 
-0.626846 -0.726792 0.204171 
-0.736386 0.624823 -0.189747 
0.696601 -0.675156 -0.207662 
-0.069296 0.962999 0.211932 
0.943076 -0.012310 0.211889 
-0.956023 -0.025355 0.173394 
-0.011560 -0.964523 -0.194478 
0.242993 -0.557333 0.211902 
-0.505915 -0.272757 -0.210343 
0.099989 0.580932 -0.210740 
0.570624 0.163758 -0.209215 
-0.500966 0.306689 0.211927 
-0.308659 0.891412 -0.212620 
0.938237 -0.242487 -0.212386 
0.324810 0.517876 0.210893 
-0.529013 0.790105 0.211362 
0.719538 -0.439102 0.210371 
-0.199515 -0.539865 0.038003 
-0.750510 0.158321 -0.210576 
-0.457547 -0.823709 -0.207524 
0.856554 0.416927 0.211902 
-0.567394 -0.206060 0.211895 
-0.190250 -0.931835 0.211353 
0.510298 -0.290007 -0.194773 
0.294900 0.925943 -0.008512 
0.228660 -0.610694 -0.211632 
-0.872157 -0.395470 -0.028936 
-0.345327 0.466313 -0.202872 
-0.178917 0.557588 0.163837 
0.406674 -0.876358 0.032452 
-0.881790 0.379501 0.121237 
0.963475 0.158789 -0.147891 
0.579042 0.138927 0.200443 
0.438777 0.475739 -0.212857 
0.028600 0.956092 -0.209105 
0.514032 0.800100 0.211902 
0.799035 0.435914 -0.213024 
-0.948171 -0.099717 -0.207233 
0.567332 -0.173723 0.102893 
0.141898 -0.951179 0.203821 
-0.683602 -0.586852 -0.208340 
-0.576748 0.029128 0.016621 
0.634967 -0.733233 0.176444 
-0.080625 -0.669655 -0.212309 
-0.354847 -0.547781 -0.211524 
-0.444628 -0.473011 0.211824 
0.118872 0.725661 0.210532 
-0.007526 -0.702446 0.211747 
0.847919 -0.472489 -0.043992 
0.427374 0.776306 -0.212620 
-0.666192 0.541247 0.210598 
-0.741308 -0.460485 0.211471 
0.414853 -0.411969 0.047263 
0.704627 -0.094340 -0.211703 
-0.739632 0.141986 0.211663 
-0.513473 0.265860 -0.114712 
0.271795 -0.892138 -0.207630 
0.495826 0.322676 0.012428 
-0.320177 0.910687 0.060560 
-0.405187 -0.868812 0.059663 
0.594730 0.534117 0.211661 
0.938547 -0.249193 0.077263 
-0.880354 0.390995 -0.179082 
-0.945941 0.161403 -0.020743 
-0.158900 0.670687 -0.212224 
-0.531941 0.808016 -0.060291 
0.061387 -0.575489 -0.008251 
-0.913679 -0.278945 0.189412 
0.949554 0.214526 0.096298 
0.481866 -0.549585 -0.210560 
-0.310737 -0.699255 0.211644 
-0.367733 0.450016 0.053528 
0.265006 0.527554 -0.024976 
0.505952 -0.827278 -0.191527 
0.026134 0.586580 0.033799 
-0.624756 -0.060673 -0.212186 
-0.745541 -0.283375 -0.209441 
-0.242635 -0.930981 -0.105342 
-0.478447 -0.314860 0.023453 
0.972539 -0.046507 -0.037531 
-0.737668 -0.613623 0.014532 
0.297113 -0.781239 0.211542 
0.167286 0.953928 0.180918 
0.473663 -0.563593 0.210026 
-0.036224 -0.961102 0.033865 
0.731830 -0.344113 -0.210532 
-0.499416 0.634176 -0.210993 
0.796312 0.560555 0.042604 
0.591780 0.027529 -0.032688 
0.724332 -0.059075 0.211549 
-0.089638 0.964356 -0.009807 
-0.214026 0.786558 0.211738 
-0.636810 0.430426 -0.212507 
-0.712367 0.652665 0.029166 
0.193465 -0.945168 -0.011959 
0.212032 0.800129 -0.212069 
-0.575891 -0.766512 -0.020806 
-0.448028 0.569122 0.211289 
-0.770417 -0.118958 0.211619 
-0.947253 -0.142670 -0.001790 
0.635440 0.565407 -0.214248 
0.894841 0.387143 -0.035992 
0.770611 0.212632 -0.211051 
-0.940461 0.179614 0.192544 
0.620735 -0.746890 -0.027173 
0.473528 0.363415 0.211371 
0.309404 0.797201 0.211753 
-0.271036 -0.738721 -0.209627 
-0.159284 0.564084 -0.039200 
0.778384 0.156646 0.211118 
0.758582 -0.600870 0.093317 
-0.590660 -0.002314 0.211917 
0.531957 -0.338065 0.207792 
0.487043 0.843235 -0.036379 
0.111083 -0.777317 -0.210328 
0.263435 -0.519429 -0.015619 
0.797604 -0.257120 0.211932 
-0.692389 0.336060 0.211640 
-0.830761 -0.461405 -0.207326 
-0.955708 0.104163 -0.204140 
0.889827 -0.021622 -0.209417 
-0.351660 -0.452889 -0.039638 
-0.827434 0.492068 -0.022882 
-0.526864 -0.468729 -0.211075 
0.692928 0.682061 0.144498 
0.609055 0.378240 -0.214187 
-0.555755 -0.147272 -0.060108 
0.287277 0.594733 -0.212620 
0.113656 0.964147 -0.043988 
0.677758 0.369103 0.211932 
-0.154031 -0.579039 0.211906 
0.002716 0.758299 -0.210725 
-0.572705 0.102886 -0.159804 
0.167243 0.564858 0.142255 
0.877819 -0.410320 0.121767 
0.477369 -0.838823 0.190238 
-0.192307 -0.541835 -0.142722 
-0.015346 0.597520 0.211353 
-0.922034 -0.264118 -0.133156 
-0.537086 0.221152 0.052395 
0.810666 -0.518807 -0.208119 
-0.520168 -0.647928 -0.208977 
-0.462825 -0.805457 0.211385 
0.569616 -0.153503 -0.105926 
-0.041428 0.790765 0.211658 
0.349808 -0.738832 -0.211521 
0.455565 0.639195 0.211640 
-0.142143 0.961043 -0.208418 
0.401210 -0.424696 -0.128996 
-0.125548 -0.843242 -0.209402 
-0.325365 0.659851 -0.210468 
0.070165 -0.573833 -0.174403 
-0.788802 -0.034299 -0.209569 
0.321179 0.920144 -0.177806 
-0.731785 -0.279900 0.211611 
0.789643 0.575353 -0.125057 
0.591585 0.779375 -0.206403 
0.928226 0.304570 -0.212616 
-0.362149 0.866265 0.211895 
0.509665 -0.291064 -0.031966 
-0.158434 -0.763312 0.211623 
-0.959714 0.005641 -0.065587 
0.638105 -0.507581 -0.212217 
0.082677 -0.574654 0.170464 
-0.199322 -0.939298 0.049733 
0.593651 -0.015375 0.122690 
-0.443412 0.804605 -0.212072 
-0.032275 -0.908200 0.211422 
0.705542 0.064703 -0.208805 
0.138343 -0.788977 0.211594 
-0.312828 0.652690 0.210919 
-0.580843 0.169608 0.211897 
-0.561832 -0.579491 0.211573 
-0.584557 -0.401454 0.211729 
-0.900214 0.336583 -0.033194 
0.287638 -0.919688 0.138578 
-0.594045 0.762118 -0.208631 
0.914465 -0.329993 -0.085231 
0.394484 0.440863 0.005825 
-0.218643 0.939985 0.175909 
0.579617 0.782021 0.072095 
-0.301341 -0.490089 0.155894 
0.971035 0.062485 0.077476 
-0.463407 0.845309 0.082653 
0.755195 -0.607803 -0.060217 
-0.739746 -0.607958 0.168377 
0.137388 -0.956124 -0.158318 
-0.734486 0.312139 -0.209489 
-0.929720 0.247144 -0.155443 
0.566573 0.177424 -0.013082 
-0.041017 0.584189 -0.151158 
-0.793020 0.543892 0.116647 
0.372506 -0.449673 0.201519 
0.945335 -0.178607 0.211885 
-0.400519 0.419503 0.198293 
-0.647325 0.714178 0.151057 
0.028651 0.968025 0.083966 
-0.567633 -0.118218 0.087222 
-0.480300 0.400710 -0.214082 
0.623253 -0.558537 0.210937 
0.388544 0.889757 0.124770 
-0.819351 -0.493270 0.088731 
0.769277 0.574886 0.211914 
0.512464 0.295654 -0.139448 
-0.673352 -0.439838 -0.209348 
-0.322519 -0.848318 0.211420 
0.267785 0.652947 0.211517 
-0.219486 0.539776 -0.186565 
-0.429397 -0.379292 -0.139559 
-0.218908 0.943932 -0.075486 
0.498228 0.615938 -0.211534 
-0.394460 0.882430 -0.061925 
-0.054608 -0.575205 0.105057 
0.182675 0.953638 -0.208434 
0.877588 -0.390170 -0.212437 
-0.146872 0.815080 -0.209193 
-0.803403 -0.522583 -0.080550 
0.590352 -0.012990 -0.174384 
-0.462570 0.345531 0.077264 
-0.423870 0.393722 -0.064854 
0.665487 -0.188824 0.211759 
0.966269 -0.100786 0.094001 
-0.462385 -0.336473 0.175590 
0.954067 -0.196204 -0.057937 
0.389409 -0.886204 -0.128625 
-0.387681 -0.878713 -0.097107 
-0.630998 -0.724396 -0.144291 
0.136194 0.572641 -0.062603 
0.639488 -0.233784 -0.208450 
-0.654155 0.709000 -0.092125 
0.311364 -0.494935 -0.212428 
-0.088312 -0.569540 -0.043680 
0.928510 0.136386 0.211735 
0.804207 -0.199439 -0.209920 
0.913382 0.286215 0.211910 
-0.423876 -0.616633 0.211668 
0.534684 -0.691572 -0.208870 
-0.833678 0.028961 0.211534 
-0.285651 0.506658 -0.043430 
0.494107 -0.700837 0.211770 
-0.604518 0.227328 -0.211650 
0.365611 -0.650645 0.211342 
-0.827778 0.290309 0.211469 
-0.816350 0.512634 -0.169483 
0.541063 0.247052 0.117850 
-0.632436 -0.208932 -0.211316 
0.905793 0.355835 0.096156 
-0.581581 0.435839 0.211710 
-0.110644 -0.956503 -0.098770 
-0.808117 0.449735 0.211396 
0.511368 -0.821138 -0.057463 
-0.390903 -0.420602 0.083573 
0.938884 0.263608 -0.059237 
-0.307599 -0.866476 -0.207742 
-0.954958 0.078348 0.082235 
0.051663 0.884581 0.211805 
0.705913 0.674597 -0.189954 
-0.910571 -0.294816 0.046692 
0.839854 0.099585 -0.210757 
-0.928639 -0.147236 0.211365 
-0.867552 -0.399139 0.205400 
0.582815 0.669579 0.211801 
-0.526804 -0.799928 0.093950 
-0.661455 -0.693181 0.084525 
-0.806507 -0.169774 -0.207133 
0.779866 0.284884 0.211710 
0.460410 0.511049 0.211486 
0.163854 -0.556174 0.065512 
-0.413781 0.730877 0.211474 
0.539772 -0.800608 0.064956 
0.046093 -0.962550 -0.071131 
-0.114223 0.676253 0.210388 
0.729233 -0.636416 0.209922 
0.595333 -0.380648 -0.209846 
-0.307620 0.493967 0.160352 
-0.534555 0.513111 -0.211741 
0.298120 -0.501621 0.102952 
0.186237 0.834609 0.211754 
0.157798 -0.665829 0.211425 
-0.263153 0.771150 -0.212620 
0.398031 0.437708 0.129707 
0.354498 -0.615033 -0.211982 
0.167186 -0.555085 -0.084951 
0.165151 0.685849 -0.210987 
-0.758025 0.596325 -0.071561 
0.965422 0.132882 -0.023589 
0.585178 -0.090794 0.001232 
-0.566757 0.781329 0.063120 
0.490137 -0.323202 0.087058 
0.822010 -0.510305 0.165528 
0.363130 0.466126 -0.109872 
-0.575699 -0.031300 -0.090754 
0.689595 -0.312963 0.211932 
-0.092634 0.577766 0.081099 
0.969476 -0.102670 -0.167334 
0.628263 0.248898 0.211467 
0.810894 0.025152 0.211682 
0.674259 -0.693515 0.066615 
0.283292 0.517912 0.093293 
-0.710686 -0.003694 0.211728 
0.104799 -0.956878 0.067656 
-0.857915 -0.332348 -0.207699 
0.852452 0.475191 -0.107061 
-0.302273 -0.910366 0.104035 
0.855167 0.464891 0.083484 
0.694527 0.071585 0.211503 
0.837175 -0.098029 0.211635 
0.530298 -0.457382 0.210885 
-0.837938 0.077466 -0.208053 
-0.007971 -0.774089 -0.209845 
-0.726243 -0.627814 -0.105051 
-0.675949 0.066036 -0.209298 
-0.419131 -0.709441 -0.209086 
-0.930560 0.232049 0.072694 
-0.556950 0.614213 0.210747 
0.594850 -0.766433 -0.140329 
0.295233 0.712113 -0.212620 
-0.652906 -0.123359 0.211800 
0.228630 -0.779597 -0.209340 
-0.499957 -0.278169 -0.086089 
0.905215 -0.340291 0.211932 
-0.510122 -0.696198 0.211488 
-0.177396 0.951462 0.065926 
0.582194 0.114565 0.083750 
0.424271 0.877390 -0.144630 
0.448067 0.386910 -0.102323 
-0.478850 -0.831582 -0.042219 
0.668902 0.278703 -0.209026 
0.112259 0.861808 -0.212620 
0.302277 -0.917383 -0.039984 
0.177219 0.954701 0.052247 
-0.728363 0.632593 0.176828 
-0.531529 -0.227742 0.094204 
-0.620349 0.589837 -0.209390 
0.483197 -0.404221 -0.214671 
-0.279524 -0.587794 0.211823 
0.603500 -0.092524 0.209866 
0.707065 0.666079 0.032876 
0.126429 -0.664494 -0.213061 
-0.046133 -0.574471 -0.161132 
0.000183 0.972116 -0.078044 
-0.249564 0.526581 0.069776 
0.687472 0.458487 -0.213405 
0.273532 0.930226 0.154392 
0.974495 0.066306 -0.210123 
0.580715 0.116452 -0.108433 
-0.316316 -0.906545 -0.015826 
-0.293728 -0.495027 -0.123890 
0.488111 0.840782 0.092111 
-0.225611 -0.621691 -0.211413 
-0.183941 -0.945788 -0.197428 
-0.559970 0.148687 -0.027231 
-0.421880 0.556418 -0.211228 
0.573928 0.789037 -0.075522 
0.364596 -0.867614 0.211378 
-0.870179 -0.396543 0.089823 
-0.120815 0.866812 0.211390 
0.394941 0.648814 -0.212620 
-0.957354 -0.026247 0.054561 
-0.556582 -0.137927 -0.179402 
-0.561145 -0.779678 -0.205427 
0.790037 0.318466 -0.210834 
-0.049985 0.861171 -0.212620 
0.020447 -0.814704 0.211570 
0.568725 0.430023 0.211525 
-0.386154 -0.445090 -0.212412 
0.013425 -0.961330 0.128889 
-0.916385 0.004447 -0.207773 
-0.646915 -0.515143 0.210754 
0.210414 0.950431 -0.086514 
0.215780 -0.875355 0.211342 
-0.748153 0.417300 -0.209331 
-0.843151 0.217387 -0.208438 
0.835481 -0.491924 0.059076 
-0.487608 0.307784 -0.017882 
-0.631628 -0.343142 -0.212055 
0.754141 0.441544 0.211932 
0.256603 0.531260 -0.134551 
-0.682985 0.231483 0.211715 
-0.564960 0.133331 0.102727 
-0.953976 0.073659 0.207846 
-0.832895 -0.202940 0.211496 
0.468470 0.361002 0.107019 
0.328925 0.810442 -0.212620 
-0.316877 0.767766 0.211724 
0.164807 0.565340 0.038823 
0.016810 0.655868 -0.212365 
0.546072 -0.236213 0.198619 
0.323296 -0.486839 -0.102414 
0.974318 0.045446 -0.084165 
-0.939483 -0.183109 0.092559 
0.444051 -0.382705 0.170113 
-0.841638 0.155548 0.211501 
0.362822 0.692202 0.210797 
-0.572988 0.325074 -0.213377 
-0.944185 -0.168379 -0.103277 
0.873224 0.210575 -0.210088 
0.264971 -0.668736 0.211726 
-0.168046 -0.750242 -0.209898 
0.507424 0.365839 -0.213361 
-0.121056 -0.952496 0.139413 
0.119049 0.623610 0.210047 
0.823309 -0.098581 -0.211229 
0.793696 -0.369479 0.211932 
-0.041405 0.584300 -0.049782 
0.389728 0.891154 -0.011572 
-0.638946 0.722676 0.024133 
0.020141 -0.667216 -0.211368 
0.395513 -0.746614 0.211342 
0.670778 0.178247 -0.210649 
0.594029 0.039882 0.208167 
0.229116 -0.938418 -0.121615 
-0.915944 0.282176 0.157837 
0.476159 -0.341637 -0.111239 
-0.084622 0.963249 0.113520 
0.670650 -0.700952 -0.100089 
0.904762 -0.352235 0.011247 
0.762337 -0.603292 -0.187798 
-0.578420 0.031134 0.119132 
0.352859 -0.465018 -0.010217 
0.432996 -0.675733 -0.210138 
0.738325 0.633363 -0.063037 
0.580771 0.670756 -0.214214 
0.101377 -0.878539 -0.208293 
0.533943 0.503001 -0.212162 
0.733135 0.578925 -0.209488 
-0.529974 -0.228147 -0.006526 
-0.335737 -0.644565 -0.211926 
0.333863 0.507789 -0.212620 
-0.024460 -0.605541 0.211898 
0.903339 0.371189 -0.144744 
-0.650154 0.075889 0.211817 
0.509142 0.831819 -0.163999 
0.622523 -0.610703 -0.208818 
-0.117004 -0.858583 0.211487 
-0.955475 0.095065 -0.105908 
0.023325 0.703224 0.211518 
0.592144 -0.103729 -0.211632 
-0.759482 -0.392937 -0.209270 
0.620307 0.746993 0.164789 
0.416897 0.812996 0.211592 
0.671545 0.614227 0.211836 
0.197415 0.556085 -0.209553 
0.373865 -0.546973 0.211907 
-0.786865 -0.548915 -0.173336 
-0.602150 0.298288 0.211793 
0.742822 -0.441208 -0.211261 
-0.209273 -0.537002 0.143317 
0.109070 0.965864 -0.141446 
0.729718 -0.536117 0.211568 
-0.232618 0.941567 -0.177822 
-0.844929 0.457571 0.076104 
0.064474 0.584065 0.123231 
-0.771517 0.575889 0.025096 
0.819416 -0.302522 -0.211192 
-0.610957 -0.522808 -0.210208 
-0.139878 0.568197 -0.133985 
-0.767404 0.551260 0.211366 
0.630682 -0.401237 0.209166 
-0.725487 0.511058 -0.210871 
-0.869004 -0.071800 0.211474 
-0.276200 -0.504789 -0.008123 
0.856167 -0.459653 -0.138672 
0.546215 -0.476442 -0.214101 
0.583815 0.335398 0.211932 
0.406029 -0.480476 -0.212006 
-0.098985 -0.674520 0.211778 
-0.395910 -0.871818 0.154924 
-0.217054 0.630686 0.211466 
-0.410497 0.715393 -0.212620 
-0.457548 0.846640 0.184691 
0.858847 0.206750 0.211794 
0.244877 -0.526997 -0.152963 
-0.302360 0.919849 -0.117418 
-0.890108 -0.356864 -0.122007 
-0.712266 -0.096511 -0.211742 
0.572712 0.282906 -0.210974 
0.558710 -0.784668 0.197425 
0.753658 0.616154 0.105598 
-0.344771 0.467422 -0.108757 
0.096978 0.750646 -0.212620 
-0.104590 0.964345 -0.122362 
-0.230040 -0.832127 0.211490 
-0.860450 0.432378 -0.087206 
0.854773 0.468232 -0.011563 
0.494581 0.709493 -0.212604 
-0.940788 -0.192205 -0.194766 
0.589570 -0.050533 -0.084190 
-0.265539 0.864520 0.211839 
0.022904 -0.577400 -0.094063 
0.612712 0.073414 -0.207507 
-0.675153 0.448602 0.211577 
-0.927643 0.251118 -0.057480 
-0.359506 -0.536268 0.211830 
0.548743 -0.222029 0.016436 
0.823353 0.517161 0.163381 
-0.317992 0.554224 -0.212620 
0.161095 -0.556532 -0.178918 
-0.637623 -0.635211 0.211370 
-0.414245 0.876139 -0.151863 
-0.793028 -0.533182 0.189800 
-0.512244 0.269783 0.128683 
0.583603 -0.664184 0.208173 
0.343090 0.910676 -0.089349 
-0.560226 -0.779048 -0.113853 
0.387808 -0.843941 -0.209794 
-0.421997 -0.720657 0.211533 
-0.479772 -0.566173 -0.210239 
0.540503 0.244586 -0.069348 
-0.515382 -0.363349 -0.212785 
-0.546729 -0.784562 0.181461 
0.678916 0.161250 0.211502 
-0.922821 -0.257669 -0.035429 
0.438460 -0.388208 -0.037284 
0.051397 0.966144 0.171858 
-0.184240 -0.545109 -0.052357 
-0.441327 -0.364127 -0.050896 
0.400617 -0.877888 0.129128 
-0.291736 0.921875 -0.026778 
-0.219698 -0.696941 0.211699 
0.681428 0.495018 0.211729 
-0.488195 0.402548 0.211340 
0.904404 -0.159017 -0.208991 
0.046915 0.585286 -0.067673 
0.052130 -0.948628 0.211358 
0.807790 -0.540902 -0.089351 
-0.258024 0.549434 0.210573 
0.958647 -0.166117 0.033020 
-0.609004 -0.315589 0.211765 
-0.067777 0.683861 -0.212620 
-0.709708 -0.191997 0.211688 
-0.398283 0.878995 0.031899 
-0.533609 0.808072 -0.149199 
-0.853403 -0.436754 -0.108848 
0.213357 -0.939560 0.094025 
-0.794266 -0.342894 0.211483 
-0.645053 -0.711063 -0.057714 
-0.059326 -0.774440 0.211629 
0.824687 0.523609 -0.187908 
-0.680282 -0.396344 0.211606 
-0.568918 -0.112091 0.186226 
-0.546446 0.701871 0.211054 
-0.955912 -0.079251 -0.089504 
-0.345500 0.802891 -0.210994 
0.083802 -0.719659 0.211714 
-0.116767 -0.571731 -0.213468 
0.540770 -0.235981 -0.096618 
0.450604 0.726638 0.211751 
-0.573400 -0.069038 0.015012 
0.548608 -0.212508 -0.181076 
-0.646055 0.673443 -0.208285 
-0.231881 -0.816932 -0.208747 
-0.518180 0.255516 -0.201382 
-0.822413 0.302250 -0.208370 
0.976948 -0.011198 -0.170136 
-0.647908 0.629388 0.210197 
-0.582364 0.033104 -0.211122 
-0.307434 0.914196 0.153790 
0.225496 0.547206 0.204580 
-0.778812 0.362214 0.211499 
-0.547534 0.186090 -0.118698 
-0.363781 0.535909 0.211580 
0.539550 0.247949 0.029686 
0.267173 -0.688397 -0.210404 
0.004001 -0.859961 -0.208629 
0.893709 -0.248267 0.211932 
-0.874762 -0.246720 -0.207860 
-0.891264 0.352688 0.203038 
-0.055368 0.970128 -0.194427 
-0.788089 -0.543564 0.012127 
0.438693 -0.761743 -0.209439 
-0.655578 0.157883 -0.211448 
0.537704 0.254142 0.203641 
-0.476663 0.325560 -0.164408 
-0.906650 0.316777 0.050069 
0.720338 -0.181794 -0.209185 
0.926022 0.301915 0.032778 
0.322432 0.889833 0.211896 
-0.574234 0.062641 -0.084285 
0.026348 -0.578292 0.069727 
0.338376 0.604704 0.210263 
-0.538422 -0.202355 -0.123075 
-0.224422 0.850701 -0.212620 
-0.125207 -0.953315 0.009740 
-0.508434 -0.265471 0.186514 
-0.269162 -0.508750 0.076764 
0.727529 0.383287 -0.213553 
-0.228372 0.621897 -0.212620 
0.324627 0.915355 0.075129 
-0.121701 0.594604 -0.212332 
-0.601437 -0.607149 -0.208638 
0.164639 -0.556449 0.161170 
0.910387 -0.333760 0.107479 
-0.493748 0.727856 -0.208400 
-0.683361 -0.671052 -0.207168 
-0.413862 0.646941 0.211363 
-0.830890 -0.476577 -0.014255 
0.201619 0.712979 0.211574 
0.606628 -0.753685 0.082939 
-0.136001 -0.560844 0.092493 
-0.384268 -0.426861 0.177446 
-0.910299 0.314882 -0.199762 
0.966924 -0.083364 0.175719 
0.971703 -0.012307 0.113803 
-0.421934 0.395743 -0.147922 
0.631612 0.738350 -0.137330 
-0.092168 -0.949535 -0.207275 
0.934370 -0.266561 -0.003642 
-0.718607 -0.178993 -0.207133 
0.915655 0.135008 -0.211216 
-0.593509 -0.750853 0.092979 
-0.457309 0.479369 0.211501 
-0.101944 0.576323 0.187627 
-0.690041 0.233026 -0.210470 
0.551703 0.214986 -0.145709 
-0.487878 -0.297892 0.103677 
0.815331 0.535026 -0.039601 
-0.175725 0.558716 0.051993 
0.937764 -0.261090 -0.132088 
-0.748369 -0.485195 -0.208100 
0.968452 0.078067 0.169948 
0.794799 0.031285 -0.209435 
-0.949990 -0.112524 0.140592 
0.313326 -0.915163 -0.134701 
-0.594626 0.763042 -0.119099 
-0.278280 0.510638 -0.127766 
-0.482531 -0.830389 -0.123566 
0.611757 -0.289502 0.211932 
0.765344 -0.135954 0.210774 
0.076446 0.794906 0.211667 
-0.856100 -0.079313 -0.208567 
-0.946525 0.166452 -0.143006 
-0.574847 0.087444 0.184698 
-0.885941 0.144695 -0.208442 
0.737008 -0.632364 0.014507 
0.396551 0.558561 -0.212620 
-0.049894 -0.961569 -0.045987 
0.845331 0.337118 0.211835 
-0.246594 0.712859 0.211603 
0.202230 -0.732956 0.211346 
-0.650864 0.345287 -0.211778 
0.726553 -0.534735 -0.208598 
-0.028035 0.877523 0.211793 
0.919874 -0.320022 -0.205218 
0.194012 -0.874186 -0.208151 
0.391282 -0.434373 0.125454 
0.235919 0.894303 -0.211780 
-0.565719 0.678470 -0.212186 
0.526447 0.575292 0.211631 
-0.593041 -0.412886 -0.211312 
-0.211679 0.543810 -0.095723 
0.651582 0.722088 0.043034 
-0.512207 0.818640 0.019001 
0.448572 0.386368 -0.022948 
-0.461748 -0.838957 0.117192 
-0.258439 -0.512530 -0.192734 
0.962835 0.137834 0.111522 
0.902043 0.061635 0.211827 
-0.424086 0.467727 -0.211944 
-0.377861 -0.884151 -0.175873 
-0.509271 -0.518567 0.211701 
0.633970 -0.480045 0.210904 
0.386128 0.865383 -0.212620 
0.865172 0.355879 -0.212022 
0.748907 -0.255612 -0.210017 
-0.346164 -0.762526 -0.208902 
-0.405776 0.413584 0.112104 
0.310416 -0.913677 0.063411 
0.466466 -0.847519 -0.116378 
-0.493353 -0.735347 -0.208208 
-0.945614 0.155211 0.095574 
-0.562543 0.160977 -0.212504 
0.476513 -0.840710 0.033587 
0.035464 0.846463 -0.211253 
0.873230 -0.418013 0.199577 
0.116127 -0.956725 -0.016048 
-0.681874 -0.670424 0.156611 
0.929703 0.285825 0.121632 
0.057632 0.968027 0.010410 
0.880731 -0.410128 -0.077431 
0.875173 0.435126 -0.196217 
-0.288008 -0.913725 0.186762 
0.590426 0.037053 -0.114657 
0.642966 0.721439 -0.214358 
0.972303 0.058880 -0.001006 
-0.143329 0.954753 0.187284 
0.699066 -0.017179 -0.208685 
-0.373414 0.444799 -0.036464 
-0.452987 0.358998 0.152676 
-0.018181 -0.963411 -0.116197 
0.447429 -0.464285 0.211897 
-0.598357 0.756081 0.193162 
0.661726 0.702020 0.211922 
-0.315089 -0.908252 -0.117644 
-0.861251 0.428108 0.003050 
-0.346519 -0.767216 0.211523 
0.181072 -0.718328 -0.210355 
0.104148 0.578465 -0.132076 
0.585693 -0.171884 0.211699 
0.411898 0.423848 -0.158808 
0.948003 0.237193 -0.182161 
-0.462302 0.847992 -0.053582 
-0.234528 -0.932018 -0.029288 
0.486049 0.439030 0.211434 
-0.545822 0.202533 0.152461 
-0.432389 -0.374282 0.039233 
0.957227 -0.191568 -0.156868 
0.810919 -0.533693 0.000100 
-0.639908 0.506618 -0.210192 
0.701907 -0.665907 0.145150 
0.311215 -0.494772 0.177680 
0.458942 0.855367 0.160816 
-0.744327 0.064491 0.211672 
0.107558 -0.883814 0.211453 
0.513130 -0.285284 0.151050 
0.400259 -0.880348 -0.053777 
0.952023 0.197922 0.170139 
-0.415716 -0.633861 -0.210024 
-0.132066 0.749730 0.210821 
-0.547184 0.794300 0.138123 
0.696520 -0.675168 -0.032545 
0.542118 0.808790 0.001892 
-0.741044 0.024012 -0.210258 
-0.098623 0.576627 0.003317 
-0.121469 0.888904 -0.211777 
-0.800578 0.535832 -0.084322 
-0.421598 -0.511194 -0.211370 
-0.900551 0.338802 -0.129132 
0.735873 0.218351 0.211611 
0.080768 -0.960573 -0.207159 
0.529142 -0.607511 -0.209497 
-0.959306 -0.039000 -0.152403 
0.803636 -0.379455 -0.211415 
0.545167 0.804827 0.134280 
0.325817 0.492533 -0.050452 
0.214595 0.903627 0.211870 
-0.896718 -0.330836 0.138557 
-0.536208 -0.205138 -0.204525 
0.967085 -0.117359 -0.094559 
-0.266938 -0.767676 0.211569 
-0.087075 -0.570943 0.171685 
-0.394808 0.878733 0.146418 
-0.236336 0.937863 0.023114 
-0.069052 0.776581 -0.212620 
-0.774446 -0.045063 0.211625 
-0.767765 -0.569976 0.111423 
0.585363 -0.089765 0.138210 
-0.900279 -0.326554 -0.020807 
0.736584 -0.209006 0.211879 
0.221979 -0.936682 0.167804 
-0.524857 0.247468 -0.038563 
0.868102 -0.432718 0.029411 
0.571270 -0.781297 -0.208679 
-0.839056 -0.457313 0.149994 
-0.725450 0.636843 0.103446 
-0.124011 -0.562571 -0.125009 
0.140687 0.892336 0.211544 
0.732030 0.133262 -0.207627 
0.593382 -0.002214 0.050394 
0.407299 -0.563927 -0.211897 
0.609080 0.758933 -0.018463 
-0.337642 -0.464817 0.059034 
-0.671143 0.691536 0.085478 
-0.577239 0.774891 -0.013094 
0.292912 -0.822026 -0.208495 
-0.511748 -0.408173 0.211319 
-0.088737 -0.955170 0.204854 
0.414055 0.879171 0.056186 
-0.250548 -0.518686 0.200456 
0.649996 -0.428649 -0.208939 
0.462134 0.859126 -0.212342 
0.399990 0.883434 0.204914 
0.361395 -0.458392 0.063727 
-0.265205 -0.925304 -0.203129 
0.957041 0.197335 -0.086699 
-0.870497 -0.403165 -0.174373 
0.662359 0.006594 0.211447 
0.036515 0.586016 -0.176079 
0.040980 -0.961519 0.033605 
-0.577082 -0.049034 0.106310 
-0.794172 0.226202 0.211549 
0.633047 -0.737094 -0.194207 
-0.072478 -0.572645 0.026721 
-0.581877 -0.260553 -0.211721 
0.973407 -0.010230 0.024792 
-0.830145 0.452977 -0.207510 
0.290107 0.727847 0.211640 
0.873863 -0.170061 0.211653 
-0.688198 -0.665820 0.013196 
0.743743 0.628199 -0.150201 
-0.021781 0.586170 0.089455 
0.946013 0.235232 0.006282 
-0.748400 0.291222 0.211586 
-0.471152 -0.326675 -0.164560 
0.740505 0.630169 0.174599 
-0.575347 -0.017753 -0.161311 
-0.172886 -0.670019 -0.210989 
-0.600704 -0.710558 -0.207560 
-0.863570 0.418126 0.178525 
0.688589 0.287148 0.211577 
0.566173 0.184610 0.141652 
-0.664282 0.162681 0.211772 
-0.538040 -0.325124 0.211855 
0.515179 0.696517 0.211768 
-0.934337 -0.201703 0.165832 
0.661451 -0.333979 -0.214017 
0.573934 -0.779503 -0.069617 
-0.847222 -0.291078 0.211435 
0.776908 0.356160 0.211748 
0.258328 0.938911 -0.150635 
0.373015 0.458699 0.192732 
-0.574989 0.365239 0.211780 
0.000859 -0.587635 -0.212501 
-0.955580 -0.072311 -0.001188 
-0.386866 0.624706 -0.211491 
-0.654897 -0.276054 -0.210681 
0.460760 -0.848263 0.106610 
-0.565341 -0.475934 0.209923 
-0.237841 -0.929434 0.124873 
-0.550298 0.407682 -0.213634 
0.114225 0.937989 -0.212620 
-0.488237 0.629108 0.211277 
-0.153353 0.956456 -0.038440 
0.601051 0.482070 -0.212043 
-0.694007 0.672427 -0.047265 
0.890593 0.390531 0.155257 
-0.240278 0.531148 0.142313 
0.583584 0.103181 0.014580 
-0.013169 0.970405 -0.009243 
0.942820 -0.228397 0.143958 
-0.511622 0.523506 0.211535 
0.777993 -0.477493 0.211253 
0.434979 -0.642146 0.211915 
0.135433 -0.594992 0.211597 
-0.432216 -0.374479 0.115844 
0.884857 0.406398 0.052825 
-0.025898 0.966901 0.157435 
0.070820 -0.629505 0.211857 
-0.434811 0.381483 0.024388 
-0.453052 -0.394527 -0.213087 
-0.956957 0.061786 0.014628 
0.592357 0.054202 0.124639 
0.507881 0.303097 0.093307 
-0.957269 0.016257 0.117614 
0.051231 0.638927 0.211419 
0.752235 0.512144 -0.212500 
0.227896 -0.536087 0.083607 
-0.550434 -0.171556 0.028232 
0.464776 0.545641 -0.213364 
-0.094424 -0.737506 -0.211318 
-0.209834 -0.628405 0.211806 
0.228792 0.776573 0.211682 
0.428914 0.407442 0.074560 
-0.741611 0.429719 0.211504 
-0.511349 -0.810434 0.027498 
-0.856176 -0.428193 0.030106 
0.860475 -0.022791 0.211760 
-0.633699 -0.225003 0.211786 
-0.130310 0.745192 -0.210213 
-0.950048 -0.120665 0.065767 
-0.061279 -0.818830 -0.209171 
0.190193 0.557439 -0.141208 
-0.180997 0.954661 -0.134450 
0.091017 0.580925 0.012027 
0.102479 0.963040 0.126102 
-0.680533 -0.676258 -0.121414 
0.190444 -0.548537 0.002781 
0.661659 -0.624968 0.211473 
0.260984 0.935314 0.059422 
-0.338976 0.734707 -0.209437 
0.774310 -0.033971 -0.209764 
0.552096 -0.793665 -0.006401 
-0.947576 -0.081577 0.211349 
0.959049 0.166820 0.035247 
0.385512 0.548852 0.211460 
0.856636 -0.460643 -0.206777 
0.565326 0.755288 0.211889 
-0.619941 0.740703 0.094670 
-0.900315 0.015096 0.211429 
0.773628 -0.579904 0.183526 
0.520916 -0.273118 0.053278 
-0.632512 -0.055548 0.211847 
-0.179164 0.695347 0.211834 
-0.393482 -0.417718 0.000330 
-0.545013 -0.548180 -0.209798 
0.002019 -0.578760 0.155688 
0.326772 0.492058 0.048384 
0.307727 -0.615723 0.211615 
-0.313803 0.489974 0.093187 
0.066389 -0.726682 -0.210494 
-0.629097 -0.141544 -0.208421 
-0.384908 -0.424633 -0.116765 
-0.553298 0.582422 -0.209538 
-0.939947 0.186026 -0.207215 
-0.343783 -0.895382 0.051682 
0.268267 -0.556229 -0.212918 
0.337329 -0.907500 -0.205494 
-0.704234 -0.568797 0.210067 
0.416861 -0.409547 -0.205155 
0.817683 0.102111 0.211630 
0.913004 -0.092412 -0.211797 
0.332765 0.488179 0.147719 
0.725500 -0.369725 0.211932 
-0.724406 0.499666 0.211468 
-0.551404 0.233171 0.211908 
-0.876285 -0.178558 -0.207133 
0.565127 -0.514695 0.211467 
0.107994 -0.569941 0.099835 
-0.919004 -0.264682 0.105920 
0.191599 0.557123 -0.022010 
0.107299 0.647396 -0.212620 
-0.681555 -0.329523 0.211653 
-0.551026 -0.175287 0.130605 
-0.004648 0.973044 -0.144591 
0.418227 -0.816329 0.211342 
0.506079 0.306026 0.176165 
0.796940 -0.549661 0.111502 
0.718025 -0.654363 -0.102772 
0.698112 -0.594648 -0.212946 
-0.774499 0.574593 -0.132171 
0.967157 -0.101403 0.020878 
0.103725 -0.569579 -0.097958 
0.771092 -0.591584 -0.122556 
-0.179163 -0.945878 -0.117147 
0.666542 -0.112827 0.210164 
0.404170 0.431427 -0.071177 
-0.049344 -0.959344 0.149886 
0.560652 0.199074 0.076685 
0.448152 -0.378192 0.093384 
0.111959 0.963124 0.047677 
-0.805486 -0.445321 0.211396 
0.218271 0.618482 -0.212620 
-0.297515 0.500091 0.030289 
0.315184 -0.910536 0.205185 
-0.424067 -0.548667 0.211517 
0.869990 0.041010 -0.210279 
0.052055 -0.963103 -0.136500 
0.243434 -0.529475 0.152473 
-0.573055 -0.646487 0.208645 
0.634407 0.097679 0.210195 
-0.896232 0.119387 0.211425 
-0.670324 0.690854 0.208229 
0.768167 0.509464 0.211932 
-0.827306 -0.485515 -0.143792 
-0.425914 0.796113 0.211577 
-0.383274 -0.816357 -0.207986 
0.457385 -0.615093 -0.211137 
-0.423829 -0.861042 -0.022784 
-0.677326 -0.021918 -0.211160 
-0.373168 -0.677274 0.211630 
-0.478555 0.839822 -0.134503 
0.621503 0.469283 0.211628 
-0.210194 0.545103 -0.003249 
-0.735971 -0.616134 -0.183000 
-0.058885 -0.883900 -0.208252 
0.483420 0.426326 -0.214089 
0.510757 -0.289242 -0.128115 
0.207900 -0.612062 0.211822 
-0.210051 0.733677 -0.212620 
-0.772340 0.573974 -0.208310 
-0.876865 0.392211 0.054843 
0.571627 -0.152705 0.041731 
0.813420 -0.194281 0.211723 
0.495820 -0.778455 0.211657 
-0.282607 -0.917085 0.042767 
0.546687 -0.232743 0.119361 
-0.635690 -0.443146 0.211625 
-0.805330 -0.258933 -0.208756 
0.004696 0.946451 0.211900 
-0.275949 0.707922 -0.212620 
0.563164 0.185224 -0.089714 
-0.564638 0.127712 -0.097442 
-0.510467 0.796167 -0.208126 
0.665658 0.628777 -0.210669 
0.968642 0.112201 -0.103718 
0.231182 0.705446 -0.212620 
0.099789 -0.956363 0.155446 
0.934379 -0.269389 -0.067869 
0.190909 -0.947688 -0.192895 
0.583510 -0.265355 -0.208785 
0.486654 0.336415 -0.092992 
0.460753 0.858153 -0.095478 
0.625536 0.742701 0.100986 
0.527649 -0.598224 0.209154 
0.018849 0.823072 0.211706 
0.823388 0.518711 0.097684 
-0.430752 -0.381903 0.207802 
0.793188 -0.051564 0.211656 
0.765369 -0.125707 -0.211005 
-0.505159 -0.608818 0.209461 
-0.429495 -0.859631 -0.147492 
-0.757475 0.085602 -0.208661 
0.204241 0.648054 0.211477 
0.478857 0.348724 -0.159167 
-0.346263 -0.474063 0.211922 
0.483396 -0.485832 -0.211548 
0.360286 -0.896434 -0.007081 
0.353501 0.737396 -0.212620 
-0.649766 0.713836 -0.159425 
0.226698 0.546124 0.090588 
-0.809789 0.516024 0.180555 
-0.619290 0.219635 0.211816 
-0.289220 -0.601963 -0.212230 
0.898349 -0.082645 0.211826 
0.752463 -0.308402 0.211932 
-0.457315 -0.842420 0.032980 
-0.353108 0.899370 -0.017542 
0.436744 -0.862960 -0.169702 
-0.248557 -0.518010 -0.063091 
0.267779 -0.839952 0.211469 
0.681565 0.700198 -0.136580 
-0.479475 0.320992 -0.078766 
-0.157221 0.593853 0.211745 
-0.623950 0.484949 0.211610 
0.376870 0.764626 0.211666 
-0.759778 -0.584767 -0.074140 
-0.674917 -0.524760 -0.209282 
0.782727 0.583696 -0.061924 
0.275690 0.932880 -0.090737 
0.277150 0.521445 0.155483 
-0.176709 0.950344 0.130615 
0.544456 -0.801517 -0.128217 
0.535069 0.374782 0.211683 
0.594183 -0.019679 0.185106 
-0.348124 -0.454875 -0.163733 
0.882692 0.415655 -0.090257 
0.844734 0.480952 0.209608 
0.853172 -0.305823 0.211932 
-0.894123 0.258823 0.211384 
0.604619 -0.683340 -0.207981 
-0.831874 0.486413 -0.105898 
0.920889 0.320801 -0.042217 
0.939718 0.263849 -0.126460 
0.043433 -0.872575 0.211478 
-0.938084 -0.196409 -0.048044 
-0.960023 0.021338 -0.137497 
-0.930032 -0.226068 0.048704 
-0.693662 -0.345063 -0.210531 
-0.246493 0.934101 0.084221 
-0.758865 0.591247 0.142052 
0.226049 -0.535891 -0.088857 
0.631347 0.226058 -0.208255 
0.166802 -0.614638 -0.211839 
-0.361565 0.897677 -0.127332 
0.793651 0.562263 0.133047 
-0.891654 -0.342187 0.203376 
0.163291 0.955778 0.117422 
0.573306 -0.143833 -0.044960 
0.355905 -0.800399 0.211480 
-0.354665 0.712816 0.210933 
-0.952110 0.099159 0.151621 
0.972907 -0.061648 -0.120386 
-0.034388 0.585183 0.149800 
-0.801136 0.109153 0.211575 
-0.188383 -0.572664 -0.212253 
0.029906 -0.915800 -0.207827 
0.437014 0.398536 0.156742 
-0.057717 0.652014 0.211276 
0.158486 0.576511 0.211349 
0.924218 -0.291891 0.179204 
-0.957460 0.067788 -0.046481 
-0.179501 -0.943170 0.111570 
0.390941 -0.434332 -0.047318 
-0.749081 0.249677 -0.209598 
0.332326 -0.672193 -0.212819 
-0.955073 -0.065454 0.101735 
0.410807 0.707928 -0.212620 
-0.631207 -0.723838 0.041089 
-0.575706 0.080550 0.073743 
-0.030014 0.968447 0.066686 
0.903739 -0.361348 -0.163123 
0.483233 -0.332306 0.004583 
0.542788 -0.545997 -0.210062 
0.339742 0.908543 0.156478 
-0.609673 0.685134 0.210256 
0.668400 -0.149961 -0.207417 
-0.425459 -0.771972 -0.208766 
-0.830907 0.370215 -0.207901 
0.692433 0.522707 -0.209284 
0.329390 -0.553007 -0.212787 
-0.825346 0.148267 -0.209652 
0.113847 -0.568504 0.021486 
0.773861 0.089395 -0.209807 
0.372224 0.458639 -0.188708 
0.614753 0.186691 0.211415 
0.843210 -0.245814 -0.211256 
0.172586 0.857537 -0.208652 
0.006758 0.586371 -0.113017 
-0.715259 0.649927 -0.138829 
-0.615448 0.744668 -0.049055 
0.190043 0.956250 -0.143179 
-0.273536 0.924246 0.206552 
-0.075929 0.580370 -0.099229 
0.752055 0.011388 0.211588 
-0.790233 0.550346 -0.026586 
-0.406493 -0.827309 0.211397 
-0.371133 0.857603 -0.210592 
0.246257 -0.932478 0.043854 
0.241680 -0.934798 -0.062755 
0.290044 -0.612405 -0.212545 
-0.460580 -0.340083 -0.102673 
0.359068 -0.459824 -0.180449 
-0.028678 -0.576624 -0.039106 
0.687684 0.556220 0.211795 
0.528622 -0.345353 -0.209808 
-0.901622 -0.223591 0.211383 
-0.958733 -0.003619 -0.001200 
-0.572666 -0.320008 -0.213163 
-0.166939 -0.825040 0.211526 
0.331143 0.663899 -0.212620 
0.500590 -0.405170 0.209909 
0.298566 -0.501070 0.029442 
-0.738134 -0.554207 -0.207886 
-0.131991 -0.561764 0.032670 
0.556332 0.601349 -0.212424 
0.537372 0.751398 -0.210985 
0.133025 0.805666 -0.211715 
-0.939583 0.201481 -0.088722 
-0.639450 0.400567 0.211665 
-0.236673 -0.894142 0.211394 
0.646671 -0.079234 -0.210494 
0.914289 0.331012 0.157503 
-0.038367 -0.830354 0.211544 
-0.230015 -0.695339 -0.210410 
-0.728791 -0.624221 0.111989 
-0.095280 0.963031 0.049535 
-0.824943 0.492946 0.119707 
0.357200 0.832567 0.211832 
-0.358810 0.615002 0.211251 
0.073915 -0.619403 -0.212401 
-0.189666 0.840673 0.211932 
0.325185 0.872289 -0.212620 
0.865314 0.444039 0.151639 
0.591503 -0.032014 -0.003224 
-0.518187 -0.244951 -0.159466 
0.147986 -0.951288 0.107747 
0.365211 -0.893602 0.072953 
0.222020 0.546729 -0.071617 
0.760226 0.611601 -0.012656 
0.362729 0.466821 0.092342 
0.446090 -0.856989 -0.024835 
0.494965 -0.735172 -0.210397 
0.669100 -0.703959 -0.161407 
-0.510299 0.272637 0.042275 
0.971454 0.017345 0.164649 
0.563600 -0.191623 0.160841 
-0.056125 0.968326 -0.061352 
-0.721006 -0.086999 0.211703 
-0.805469 0.028411 -0.209340 
0.772529 -0.586402 0.005148 
-0.784617 -0.236559 0.211555 
-0.935002 0.209494 0.142198 
0.522230 0.277850 -0.017874 
0.442454 0.866583 -0.003251 
0.660605 0.425433 0.211932 
-0.525004 -0.804398 -0.154710 
-0.092219 -0.616192 0.211871 
0.559856 0.225731 -0.207308 
-0.836233 0.374356 0.211408 
0.345760 0.607085 -0.212620 
0.096715 0.962533 0.208922 
0.207778 -0.545446 -0.212605 
0.160939 0.606260 -0.212505 
0.596192 -0.322245 -0.214219 
-0.770698 -0.099705 -0.210487 
0.583867 -0.096789 -0.119582 
0.898174 0.371897 0.210205 
0.070481 -0.776601 0.211627 
0.641335 -0.007903 -0.207859 
-0.366693 -0.887486 -0.038501 
-0.475241 0.764820 0.211519 
0.264442 0.527934 0.038940 
-0.004803 0.908226 -0.209237 
0.861299 0.140866 0.211340 
-0.386982 0.482419 0.211569 
0.588943 0.592067 0.211718 
-0.560527 -0.271265 0.211864 
0.585078 0.089259 -0.041824 
0.152484 0.960371 -0.087023 
-0.501078 -0.815002 0.162480 
0.537228 0.813581 -0.113220 
0.059372 0.968931 -0.063935 
0.246282 0.940209 -0.036800 
-0.573097 -0.088861 -0.083947 
0.315624 0.499318 -0.111998 
0.029903 0.586784 0.176765 
-0.487363 -0.298985 -0.031548 
0.347475 -0.802376 -0.208580 
0.850952 -0.461369 0.154735 
0.960243 -0.139469 -0.211026 
-0.953137 -0.112909 -0.136464 
-0.737820 0.213091 0.211641 
0.827667 -0.511123 -0.153379 
0.792062 0.565943 -0.209948 
0.163010 -0.851835 0.211490 
0.831132 0.258284 0.211773 
-0.505911 -0.753794 0.211418 
-0.071458 -0.958116 0.096632 
0.653266 0.334019 -0.213319 
-0.454465 0.851709 0.003362 
-0.542550 0.205525 -0.003332 
0.052273 -0.576972 0.121053 
0.700333 0.230571 -0.209209 
0.807170 -0.427975 0.211932 
-0.704187 0.454282 -0.210752 
-0.315384 0.566843 0.210496 
0.103380 -0.958627 -0.072262 
-0.378699 0.439044 -0.164977 
0.967696 0.103238 0.037221 
0.505759 -0.822222 0.143226 
0.622980 0.140372 -0.208879 
0.268763 0.595696 0.211434 
0.710738 0.662115 0.211511 
-0.573161 -0.083328 -0.202513 
-0.455231 0.854097 -0.186088 
-0.496533 0.576807 -0.212620 
0.171764 -0.948140 0.040697 
0.745398 0.455552 -0.213244 
-0.664086 -0.275265 0.211713 
-0.573390 0.045997 -0.138782 
0.912441 0.229287 0.211884 
0.590211 -0.061702 0.049850 
-0.605179 0.538573 0.209106 
0.349625 -0.467705 0.145687 
0.277016 -0.512267 -0.080266 
-0.677138 0.587983 -0.208550 
-0.163880 -0.686590 0.211739 
-0.394202 0.424244 -0.107416 
0.492402 0.807937 -0.212620 
-0.725813 -0.628210 -0.048363 
-0.815012 -0.404277 -0.208138 
0.163525 -0.798756 -0.210111 
0.110056 0.577900 0.177922 
-0.800030 0.533966 0.061389 
-0.345643 -0.893648 0.136263 
0.483358 -0.332746 0.158593 
-0.280922 0.511558 -0.212133 
0.428796 -0.864519 0.177014 
-0.419120 -0.577458 -0.210649 
-0.318222 -0.504771 -0.212419 
-0.648726 0.271466 -0.210835 
-0.070802 0.627517 -0.212620 
0.746379 -0.618685 0.152916 
-0.140560 0.813312 0.211091 
0.844056 0.302938 -0.211475 
-0.458126 0.684464 -0.209197 
-0.910399 0.071181 -0.207504 
-0.576668 0.020172 -0.038781 
0.583788 0.106482 0.143042 
0.444728 0.390489 -0.195045 
-0.625283 0.089863 -0.212207 
0.973243 -0.069840 -0.212619 
0.259306 0.830239 -0.212620 
0.251508 0.827677 0.211769 
0.964093 0.162732 -0.207975 
0.565473 0.486484 0.211577 
0.664171 0.712897 -0.010616 
-0.500525 0.331387 -0.214580 
-0.733297 0.626205 -0.031397 
0.656582 -0.693658 0.209299 
-0.950956 0.122869 0.048875 
-0.406831 0.874299 0.092156 
0.952123 -0.193575 0.081070 
-0.518969 0.448986 0.210666 
0.901360 -0.355867 0.158637 
-0.785475 -0.343742 -0.208591 
-0.938941 0.198290 0.029289 
0.654598 -0.716709 0.020052 
0.925852 0.310941 -0.157427 
0.633909 -0.340494 0.211932 
-0.028386 0.585513 0.023087 
-0.881976 -0.371848 0.041476 
-0.949920 -0.130313 -0.055871 
-0.873618 -0.139768 0.211453 
0.889234 0.265072 -0.211923 
-0.556987 -0.140027 -0.115090 
-0.368443 -0.618066 0.211714 
0.645361 0.422490 -0.213860 
-0.181045 0.951918 0.009304 
-0.583316 0.452087 -0.212150 
-0.656808 0.289667 0.211721 
-0.135498 -0.910707 0.211401 
0.095557 0.673617 0.210773 
-0.186487 -0.942921 -0.003844 
-0.425292 0.404995 -0.214857 
-0.710985 -0.633916 0.207585 
-0.396527 -0.414484 -0.063857 
-0.216497 0.675688 -0.212620 
0.579769 -0.114427 0.080477 
-0.959818 0.048798 -0.198145 
0.118359 0.576315 0.066224 
0.188485 -0.946843 -0.085501 
-0.575719 0.073651 -0.015644 
-0.459355 -0.341312 0.074003 
-0.185596 0.914827 0.211932 
-0.128349 -0.953452 -0.046849 
-0.884865 0.376025 0.001822 
0.282256 -0.767956 -0.209269 
0.459752 -0.363116 -0.186892 
0.479361 -0.354070 0.208968 
-0.161415 0.563632 -0.190732 
-0.179469 -0.832907 -0.208714 
-0.347038 0.467285 0.133249 
0.573191 0.157401 0.037440 
-0.750402 0.603103 0.067640 
-0.108561 -0.798309 0.211583 
0.544867 0.630210 0.211715 
0.555217 -0.402977 0.210068 
0.150721 0.959515 -0.004072 
-0.037808 0.584384 -0.205713 
-0.932721 -0.221830 -0.096114 
-0.556791 0.162054 0.026525 
-0.495410 -0.513872 -0.210641 
0.474113 0.843680 0.211917 
-0.270662 0.810211 0.211760 
0.668604 -0.279884 -0.209078 
-0.264945 0.581489 -0.211846 
0.420711 0.877722 -0.054344 
0.572390 0.153350 -0.155766 
-0.113271 -0.732865 0.211684 
-0.919513 -0.049927 -0.207703 
0.927851 -0.282597 0.118917 
-0.301489 -0.533989 0.211881 
0.436088 0.568863 0.211532 
0.263038 0.932690 0.207684 
0.126301 -0.930938 -0.207515 
0.717257 -0.655244 -0.161582 
-0.532919 0.224506 -0.154120 
0.042564 0.970755 -0.117996 
-0.779520 -0.558126 -0.120427 
-0.859459 0.428821 0.119961 
-0.891576 0.193272 0.211413 
0.811336 0.368238 -0.211393 
0.430226 -0.396833 -0.092787 
-0.893532 0.237091 -0.207676 
0.939116 0.257318 0.064914 
0.695970 -0.578334 0.210047 
0.876608 -0.417485 -0.021762 
0.406777 -0.504085 0.211233 
0.906420 0.361060 -0.091728 
0.282796 0.525281 -0.212620 
0.860576 -0.445289 0.084474 
0.319682 -0.563151 0.211342 
0.480983 0.344081 -0.034769 
0.337296 -0.903085 0.156594 
0.605773 0.384610 0.211932 
-0.540790 -0.198722 -0.054577 
0.346107 0.908100 0.015025 
-0.323993 0.490968 0.211493 
-0.021693 0.740739 0.211578 
-0.297479 -0.691942 -0.210104 
-0.446588 0.624457 -0.209987 
-0.321343 -0.475435 -0.001445 
-0.565676 0.133559 0.158858 
-0.578639 -0.006312 0.056756 
-0.666244 -0.686044 0.205412 
-0.901343 -0.293210 -0.207307 
0.700484 -0.232769 -0.209259 
0.626747 0.741945 -0.079740 
-0.566183 -0.121695 0.008842 
-0.611378 -0.738997 -0.096748 
-0.573305 0.102041 -0.214880 
0.613114 -0.554827 -0.212041 
0.477625 0.348622 0.055460 
0.853658 -0.369936 0.211932 
-0.576282 -0.036964 -0.027516 
-0.332205 0.477255 -0.045978 
0.686437 -0.489488 0.211194 
0.415842 0.674723 0.211652 
-0.271747 0.652847 -0.212375 
-0.817885 -0.094797 0.211550 
0.534692 0.412171 -0.211479 
-0.688899 0.641850 -0.207641 
0.537369 -0.244792 -0.044235 
0.152294 -0.559039 -0.032808 
0.110906 -0.581318 -0.214593 
0.792566 -0.557870 0.045250 
-0.580936 -0.700460 0.208902 
-0.772646 -0.210686 -0.208066 
-0.211475 0.905809 -0.210916 
-0.605314 0.372580 -0.212315 
0.530283 0.815073 0.072633 
-0.052942 -0.582822 -0.213114 
-0.545167 0.211128 -0.212519 
-0.500680 0.823033 0.164715 
0.565195 -0.164421 -0.195995 
-0.505795 0.821086 0.103269 
0.553101 0.804369 -0.175000 
0.266697 0.937186 -0.207574 
-0.589985 -0.753270 0.145740 
0.500243 -0.500886 0.211932 
-0.751355 -0.408575 0.211498 
-0.895663 -0.340466 -0.071605 
0.451219 -0.750069 0.211460 
-0.428987 0.867865 -0.099207 
-0.705721 0.130300 -0.212124 
0.548307 0.227545 -0.018256 
0.193399 0.742318 -0.211917 
-0.012020 -0.709009 -0.210769 
-0.912960 0.298210 0.000644 
-0.505650 -0.267797 0.018238 
-0.662397 0.017394 0.211804 
0.836782 -0.000421 -0.207579 
-0.021858 0.816679 -0.212001 
-0.476106 -0.455110 -0.211425 
-0.953148 0.107586 -0.010831 
0.215638 -0.678205 -0.210775 
0.960717 -0.143197 0.124389 
-0.163455 -0.553543 0.162751 
-0.878847 0.391041 -0.060714 
-0.476331 -0.619232 -0.209689 
-0.123190 -0.907332 -0.208117 
-0.221114 -0.897410 -0.207685 
-0.368854 -0.598238 -0.210809 
-0.387962 0.505604 -0.212386 
-0.259728 -0.663226 0.211727 
0.716297 0.656181 0.105490 
0.805116 0.173455 -0.208197 
-0.580612 0.537867 -0.210708 
0.015214 -0.577118 -0.145756 
-0.913836 0.299200 -0.097751 
-0.710519 0.568892 0.210814 
0.636634 0.567276 0.211745 
0.944463 -0.227842 0.029867 
0.624282 -0.744120 -0.103495 
0.184690 -0.917225 0.211383 
0.632012 0.648222 0.211828 
-0.476016 0.679776 0.211552 
-0.336457 0.474722 0.005881 
0.271389 -0.735965 0.211623 
-0.115865 -0.956711 -0.161489 
0.592238 0.045652 0.073359 
-0.007270 -0.961508 0.081200 
0.259262 -0.930117 -0.013714 
-0.451692 0.360175 -0.198632 
0.473772 0.353832 0.158207 
-0.373987 0.795469 0.211801 
-0.289856 0.924478 -0.177330 
0.169763 0.753934 0.211487 
-0.215482 -0.774245 0.211584 
-0.545184 0.734508 -0.207897 
-0.547744 0.187766 -0.066888 
-0.494499 -0.359297 0.211882 
0.877610 0.423967 0.002563 
-0.779210 0.372547 -0.208558 
-0.708962 0.383616 -0.210362 
-0.229800 -0.526784 -0.013853 
-0.841854 -0.132165 -0.209341 
0.555660 -0.197450 -0.129192 
-0.631670 0.002165 -0.211822 
0.020088 -0.579595 0.209864 
0.701736 -0.489531 -0.209547 
0.710799 0.334655 -0.209891 
0.048176 0.734046 -0.212620 
-0.948095 0.152243 -0.076105 
-0.294072 -0.494834 -0.056288 
-0.784677 -0.547220 0.068417 
-0.705080 0.393455 0.211581 
0.855070 -0.343888 -0.211876 
0.496602 -0.648349 -0.209896 
0.437914 0.420955 0.211360 
-0.037864 -0.655164 0.211819 
0.577841 0.337441 -0.214473 
-0.398274 0.581759 0.211608 
0.213695 0.549976 0.036542 
0.022521 -0.758430 0.211659 
-0.274944 0.618157 0.211375 
-0.133126 -0.560968 -0.067043 
0.716104 -0.269107 0.211932 
-0.218949 0.796980 -0.212620 
0.701256 0.676592 -0.048078 
0.446068 -0.412106 0.211932 
-0.739348 -0.047347 -0.210264 
-0.568341 -0.528782 0.210362 
0.605825 -0.755570 0.020957 
-0.844357 0.212837 0.211478 
-0.493535 0.298157 0.083230 
0.161306 0.675671 0.211386 
-0.579082 0.036149 0.169926 
0.824571 0.518244 0.038993 
0.885229 -0.401769 -0.127535 
0.714448 -0.138999 0.210922 
-0.624067 0.351465 0.211725 
-0.524703 0.356899 0.211855 
0.191962 -0.547653 -0.139354 
-0.327576 -0.904154 -0.166874 
-0.409466 -0.776442 0.211466 
-0.342994 -0.461295 0.161545 
-0.352066 -0.711979 -0.210391 
-0.741172 -0.607991 0.065401 
-0.096594 0.920125 0.211869 
-0.398738 -0.411650 -0.176265 
0.848358 -0.460553 0.211932 
-0.419825 -0.857715 -0.207274 
0.974828 -0.017377 -0.079053 
-0.894979 -0.111864 -0.208064 
-0.531966 -0.702515 -0.208267 
-0.552515 0.178882 0.084315 
0.510425 0.298967 -0.062312 
-0.395591 -0.485226 0.211354 
-0.268254 -0.923777 -0.152709 
-0.523405 -0.242466 0.144097 
0.380926 0.897445 -0.173948 
0.059693 0.612053 -0.212620 
0.939267 0.030138 -0.209336 
0.525061 0.272235 -0.182350 
-0.498936 0.572345 0.210573 
-0.864072 0.425767 -0.137079 
0.227941 0.943703 0.022259 
0.076197 0.969596 -0.179483 
0.072789 -0.574836 0.049912 
0.348677 0.477156 -0.008328 
0.345805 -0.470186 -0.059784 
0.697912 -0.672422 0.027545 
-0.938541 -0.191794 0.004615 
-0.695179 0.668606 0.128015 
-0.761881 -0.168504 0.211617 
-0.366731 -0.872184 0.211359 
-0.305007 0.832550 -0.212620 
-0.579195 -0.028450 0.170605 
-0.581472 0.770055 0.109781 
-0.074758 0.846876 0.211750 
-0.794328 -0.532510 0.131606 
0.791488 0.205055 0.211690 
0.969613 0.108942 -0.153740 
0.174457 -0.557494 0.210318 
-0.729640 0.631468 -0.093279 
-0.871056 0.062322 0.211473 
0.311207 0.922620 -0.128788 
-0.706304 0.097028 0.211725 
0.823298 -0.515750 -0.048917 
-0.919803 0.271688 0.101218 
0.646305 0.313794 0.211690 
-0.022741 -0.577490 0.026777 
-0.399997 0.418964 0.031539 
0.183179 0.955542 -0.045052 
-0.829352 -0.480692 -0.073080 
0.419216 -0.567619 0.211597 
0.846027 0.485890 -0.058821 
0.201963 -0.820764 0.211342 
0.154577 -0.952022 -0.049364 
-0.694393 -0.660591 -0.069490 
0.257754 0.878767 0.211849 
-0.557899 0.150237 -0.155504 
0.525073 -0.548538 0.210983 
-0.619394 0.586274 0.209811 
-0.877244 -0.385759 -0.083590 
0.314644 -0.856667 0.211422 
-0.832997 -0.471164 0.046313 
0.467424 -0.353799 -0.058507 
0.865665 0.027728 0.211768 
0.584641 0.087872 -0.148921 
0.566897 -0.710875 0.211345 
-0.461651 -0.426365 0.211427 
0.961455 0.142272 0.160955 
-0.490742 -0.309800 0.211931 
0.565559 0.188888 0.205162 
-0.440144 0.375796 0.197535 
0.591963 -0.001968 -0.074468 
0.084066 -0.840184 0.211525 
-0.137432 0.568716 -0.083428 
0.809700 0.538070 0.206122 
0.780287 -0.557882 -0.207432 
-0.551805 -0.782984 0.035143 
0.310093 -0.495307 -0.162993 
0.060727 0.678598 -0.212620 
-0.028026 0.713263 -0.212620 
-0.307648 0.606392 -0.211343 
-0.298279 0.721984 0.211646 
0.580777 -0.427798 -0.212288 
-0.163769 0.648416 0.211854 
0.493486 -0.633751 0.211680 
0.576164 0.142624 -0.046710 
-0.085453 -0.569746 -0.095143 
-0.341593 0.905831 -0.171634 
0.545850 -0.795634 0.113591 
0.594814 -0.243267 0.211932 
0.845633 -0.475421 0.005098 
0.004044 -0.959171 0.211344 
-0.662335 -0.383009 -0.210688 
-0.923624 -0.247642 0.151843 
-0.151729 -0.946934 0.182391 
0.478454 0.755920 -0.212620 
0.546459 0.553268 -0.210180 
-0.547740 -0.185152 0.075881 
0.022533 0.586497 -0.025058 
0.665898 -0.534066 0.210420 
-0.174045 0.855950 -0.209010 
-0.791007 0.524615 -0.209746 
-0.957628 -0.053164 -0.046311 
0.664403 -0.548946 -0.212753 
0.024786 -0.646132 0.211835 
0.904736 -0.350510 0.060157 
-0.076580 0.707518 0.211120 
0.871171 -0.123222 -0.211877 
0.526297 0.819467 -0.053310 
0.208683 -0.660964 0.211665 
-0.719901 -0.522513 0.211445 
-0.954249 0.005391 0.211345 
-0.573078 -0.090576 0.131704 
0.904280 -0.131133 0.211595 
-0.442876 -0.848148 0.186331 
0.970172 -0.033928 0.177486 
-0.226615 -0.527674 -0.105634 
-0.264189 0.667308 0.211546 
-0.684639 -0.484235 0.211524 
-0.262410 -0.512483 0.124905 
-0.603264 0.647479 -0.209738 
-0.811438 -0.388501 0.211429 
0.939670 -0.239213 0.191331 
0.391754 0.891363 -0.091025 
0.971344 -0.044981 0.058781 
-0.085567 0.822340 -0.212620 
-0.910855 -0.032336 0.211412 
0.950330 0.035714 0.211901 
0.431734 0.617111 -0.212620 
-0.130792 0.960344 -0.081670 
0.268019 -0.901075 0.211377 
0.650812 -0.720910 0.132324 
-0.610944 -0.738527 -0.000413 
-0.167559 0.623028 -0.212620 
-0.307265 0.493764 -0.092842 
-0.653530 -0.632936 -0.207850 
0.486505 0.483747 -0.211925 
0.141451 0.816272 0.211093 
-0.544367 -0.596571 -0.209307 
-0.235615 -0.550429 -0.212304 
0.545000 -0.390743 -0.212939 
0.041556 0.894428 -0.211093 
-0.102619 -0.793788 -0.210346 
0.066067 0.747722 0.211591 
0.731476 -0.638929 0.081054 
-0.470700 0.334475 0.018659 
0.589673 0.033259 -0.193720 
-0.625722 0.725859 -0.212514 
0.612794 -0.605650 0.211932 
-0.417022 0.867983 0.199913 
0.517932 0.478197 0.211512 
-0.394841 0.815651 -0.208046 
0.968315 -0.095973 -0.027053 
-0.295845 -0.547491 -0.213953 
0.587800 -0.056790 -0.194452 
-0.611196 0.047447 0.211882 
-0.565103 0.258870 -0.212004 
-0.554177 0.546118 0.211418 
0.588250 -0.764169 0.165372 
-0.944571 0.158154 0.143640 
0.550754 0.227136 0.165957 
-0.454275 -0.845610 -0.087702 
0.131843 -0.834948 -0.209606 
-0.645706 0.715821 -0.025311 
0.962258 -0.125442 0.198472 
0.182497 -0.945209 0.140619 
0.583734 0.777876 0.124545 
-0.779490 -0.448620 -0.208318 
-0.284040 0.922339 0.111733 
-0.592091 -0.145391 0.211886 
0.747338 0.624771 -0.209449 
0.151850 0.568488 -0.114563 
0.850152 -0.469632 -0.092148 
0.572066 -0.586206 -0.209314 
-0.083353 0.579425 0.128065 
0.777322 -0.531290 0.211783 
-0.798764 -0.529021 -0.033381 
0.519502 -0.275193 -0.079484 
-0.931103 0.222764 0.210714 
0.281249 0.757754 -0.212620 
-0.522720 0.254112 0.084842 
-0.051533 0.917251 -0.212620 
-0.676570 -0.156433 -0.207133 
0.081418 0.847291 0.211750 
-0.949310 -0.143281 -0.187854 
0.242163 0.577220 -0.212620 
-0.695200 0.617575 0.207601 
0.614710 0.751586 0.049446 
0.955599 -0.187311 -0.011148 
0.314917 -0.913002 0.005717 
-0.479767 0.320517 0.160968 
-0.472032 -0.667636 0.211559 
-0.437489 0.378617 0.106114 
-0.798321 0.416078 -0.208439 
-0.249910 -0.516902 -0.146174 
-0.897410 -0.339418 -0.182208 
0.365600 -0.603124 0.211540 
-0.313083 -0.621408 0.211752 
-0.638629 0.122726 0.211825 
0.659653 0.714235 0.155077 
0.975271 0.000769 -0.034165 
-0.062677 0.594091 0.210608 
-0.070793 -0.960720 -0.124155 
0.612683 0.753250 0.211174 
0.553212 -0.213752 0.076452 
-0.664411 -0.596271 0.208351 
-0.747018 0.611055 -0.144615 
-0.852616 -0.436597 -0.041746 
0.582456 -0.102134 -0.065270 
-0.657169 -0.183980 0.211771 
0.809340 -0.324904 0.211932 
-0.707220 -0.648217 -0.148473 
-0.496084 0.828439 -0.027017 
-0.545172 0.490328 0.210077 
0.502102 0.662961 -0.210156 
0.913672 -0.330371 -0.038059 
-0.012552 0.968208 0.110465 
0.660141 -0.639088 -0.208402 
-0.602041 -0.747791 -0.173154 
0.242028 0.939114 0.120538 
0.552978 -0.737907 -0.208799 
-0.220820 -0.932889 0.168629 
-0.363379 -0.444497 0.113309 
0.578284 -0.345960 0.209304 
-0.356043 0.581833 -0.212327 
-0.091609 0.961821 0.170571 
-0.766009 0.477855 0.211431 
-0.577363 -0.669802 -0.208219 
0.063783 -0.574630 -0.127924 
0.509683 0.753398 0.211836 
-0.272661 -0.921264 -0.054344 
-0.358773 -0.818615 0.211441 
-0.432632 0.524856 0.211189 
0.973387 0.015137 0.064199 
-0.896730 0.340156 0.141758 
-0.047743 -0.636363 -0.211776 
-0.753163 -0.147539 -0.209567 
0.092088 0.580610 -0.078938 
-0.570101 0.110901 -0.052875 
-0.442546 0.372421 -0.102062 
0.544500 0.532163 0.211602 
0.188211 -0.947547 -0.142294 
-0.941798 -0.172289 0.046948 
-0.507434 0.822960 -0.101890 
0.211734 0.591307 0.211395 
-0.387710 0.438591 -0.212620 
-0.378510 -0.663014 -0.210686 
0.656688 -0.699195 -0.207315 
0.252597 -0.524696 0.045836 
0.092803 -0.670530 0.211789 
0.052389 0.942465 0.211896 
0.574216 0.723043 -0.209237 
-0.279439 0.926289 -0.077479 
0.484553 -0.330566 -0.209300 
0.953709 -0.183048 0.147207 
0.015470 -0.962798 -0.005170 
0.735153 0.636387 0.067966 
-0.277164 0.511782 0.191301 
-0.800344 0.199451 -0.209089 
0.686968 0.581391 -0.213590 
0.495516 -0.314670 -0.069335 
0.753183 -0.385215 -0.213384 
0.667831 -0.196249 -0.208664 
-0.305889 -0.785289 -0.208832 
0.910685 0.345328 0.028294 
0.217926 -0.834591 -0.208623 
0.076011 -0.959159 0.115897 
-0.841187 0.467870 -0.059765 
-0.627416 -0.384190 0.211687 
-0.713780 -0.364523 0.211583 
0.067773 0.595820 0.211038 
-0.129592 0.570538 0.036999 
-0.041555 -0.958977 0.204279 
-0.208362 0.946205 -0.030624 
-0.008773 -0.578466 0.101559 
0.600579 -0.436097 0.210587 
0.824772 0.378357 0.211831 
-0.771220 -0.495529 0.211402 
-0.896644 -0.333335 0.067780 
-0.053302 0.967426 0.026978 
-0.728893 -0.427319 -0.208977 
-0.684475 0.680686 -0.003012 
-0.784671 0.042379 0.211610 
0.804067 -0.547656 -0.138424 
0.506110 -0.826032 -0.134633 
0.720040 0.387049 0.211932 
-0.862675 0.324295 -0.207723 
0.341585 0.732876 0.211679 
0.393327 -0.755876 -0.212972 
-0.487159 -0.566651 0.209825 
-0.674869 -0.038197 0.211782 
-0.056389 -0.697009 0.211751 
0.467889 -0.354258 0.059744 
-0.019810 -0.576989 -0.110467 
0.481520 -0.778845 -0.208523 
-0.879369 -0.028071 -0.208284 
-0.248801 0.526837 0.012936 
0.893826 -0.231949 -0.211887 
0.591788 0.039351 0.011379 
-0.956899 0.087132 -0.161871 
0.489095 0.546465 0.211558 
0.844093 0.399913 -0.212004 
-0.271354 -0.722179 0.211634 
0.930993 -0.050553 -0.211925 
-0.830525 -0.016056 -0.208984 
-0.609101 -0.489765 0.210667 
-0.780562 0.161871 0.211594 
-0.198145 -0.540612 0.083464 
0.417110 0.418943 -0.112952 
0.366591 -0.453836 -0.133270 
0.598958 0.773411 -0.161965 
-0.527716 0.247086 0.164876 
-0.767899 -0.572589 -0.031135 
-0.740721 0.615694 0.025088 
-0.454005 -0.348421 0.005066 
-0.683424 0.683972 -0.165344 
-0.588357 0.124879 0.211901 
-0.527635 -0.648205 0.209764 
0.587857 0.084641 0.204306 
0.484259 0.591879 0.211608 
0.970152 -0.057108 0.120318 
-0.815894 -0.504720 -0.183186 
-0.737109 -0.234934 0.211627 
-0.655370 -0.701656 -0.189025 
0.756239 0.616285 -0.100940 
-0.425565 0.391893 -0.019664 
-0.763431 -0.577647 0.028792 
-0.747376 -0.593084 0.210418 
-0.862590 -0.248533 0.211432 
0.938564 -0.057313 0.211885 
0.815287 0.537699 -0.145981 
0.870995 -0.062671 -0.211160 
0.065991 -0.779934 -0.209740 
-0.447101 -0.357176 -0.188448 
0.520325 -0.811614 0.184608 
-0.700887 0.280034 0.211662 
0.706940 0.114939 0.210397 
0.576418 0.232207 0.211381 
0.505827 -0.824337 -0.012831 
-0.117597 0.615305 0.210870 
0.608237 -0.145572 -0.207171 
0.962051 0.157298 -0.061301 
0.744582 -0.067818 -0.209376 
-0.866059 -0.026847 0.211482 
0.327892 -0.675242 0.211671 
-0.575274 -0.074360 0.209968 
0.933549 -0.277306 -0.184257 
0.146722 -0.744763 0.211661 
-0.084439 0.751827 0.211238 
-0.942625 -0.181197 -0.151183 
-0.020797 -0.746362 0.211677 
-0.910094 0.299848 0.198763 
-0.386241 -0.742186 -0.209680 
-0.403220 0.877975 -0.018079 
0.922637 0.310751 0.084926 
0.443477 0.469465 0.211420 
0.840703 0.490024 0.132103 
0.953127 0.216447 -0.142699 
0.023191 0.969207 0.039103 
-0.616451 0.743783 -0.157503 
0.624023 -0.209269 0.211932 
-0.776472 -0.283352 0.211544 
-0.549869 -0.783058 0.128467 
-0.498347 0.726431 0.211472 
-0.360396 0.687758 -0.211424 
0.111987 0.708443 -0.212620 
-0.129179 -0.641386 0.211820 
-0.796395 0.107641 -0.209166 
0.854292 0.474332 -0.201304 
0.137845 0.572066 -0.160701 
-0.838929 0.474605 -0.163198 
-0.749818 0.602549 0.201963 
-0.357748 -0.448281 0.004364 
-0.415757 0.403413 0.154417 
-0.775092 0.569741 0.084095 
0.364918 0.693053 -0.212620 
-0.496519 -0.283857 -0.156751 
-0.239720 -0.930073 0.033199 
-0.550288 -0.180865 0.179324 
-0.704829 0.183095 0.211703 
0.625432 -0.131318 0.210842 
0.937445 -0.198095 -0.208530 
0.358331 -0.505211 0.211774 
-0.164315 -0.947843 -0.075194 
-0.755645 0.205629 -0.209689 
-0.559795 0.788738 -0.108739 
0.454860 0.858205 0.116001 
0.059733 0.584094 -0.138171 
0.543533 -0.645019 0.209664 
-0.848933 -0.439795 0.110376 
-0.056439 -0.709964 -0.210720 
0.367842 0.637948 0.210676 
0.643028 -0.728387 0.085768 
0.971453 -0.070415 -0.074940 
-0.392968 -0.875023 0.005921 
-0.487485 -0.677955 -0.208920 
-0.129992 -0.681365 -0.211897 
0.544944 -0.802100 -0.172571 
-0.155794 -0.947809 0.049094 
0.591211 -0.005417 -0.127378 
0.414342 -0.716954 -0.210096 
0.567875 -0.283286 0.211932 
-0.494272 0.494647 -0.212208 
0.025148 -0.960457 0.171614 
-0.467918 -0.711752 0.211506 
0.962432 -0.156809 -0.114172 
0.668702 -0.232988 0.211932 
0.922814 -0.303716 0.017473 
0.474120 -0.696129 -0.210923 
0.860041 -0.219560 0.211803 
0.691113 -0.026994 0.211494 
-0.699458 0.339081 -0.209790 
-0.255177 0.926305 -0.212620 
-0.817627 -0.494487 0.160520 
0.040024 -0.713712 0.211728 
0.306566 -0.916607 -0.083936 
-0.923596 -0.260700 -0.177163 
0.729256 -0.641476 -0.048261 
0.802433 -0.155347 -0.208454 
0.105426 -0.706114 -0.211777 
0.540326 0.327910 0.211932 
0.078037 -0.915982 -0.207795 
0.612669 -0.697752 0.208008 
-0.250232 0.932130 0.146156 
-0.094638 -0.569406 0.128288 
-0.077256 0.580016 -0.186549 
0.717795 0.291146 -0.209736 
-0.088903 -0.568741 -0.169964 
-0.198651 -0.871980 0.211442 
0.534135 0.254238 -0.136376 
-0.351290 -0.893100 0.007246 
-0.406751 -0.867551 0.103619 
0.735768 0.603354 0.211901 
0.830504 -0.414179 -0.212891 
-0.179213 0.759770 0.211932 
-0.145051 -0.636061 -0.211556 
0.098645 -0.951188 0.211349 
0.423982 -0.819226 -0.212352 
-0.283360 -0.829929 -0.208350 
0.386518 -0.440316 -0.212573 
0.881545 0.411670 0.117959 
0.153602 0.961395 -0.176584 
0.226108 0.544782 -0.178459 
-0.573385 -0.063829 -0.119952 
0.340740 0.482287 -0.143832 
0.283116 0.884369 -0.212620 
-0.185325 -0.545814 0.199854 
0.616634 0.522905 -0.214033 
-0.609294 0.748620 0.136359 
0.064888 0.583930 0.053884 
-0.410653 0.775000 -0.211051 
-0.484072 0.807637 0.211680 
-0.632685 0.729025 0.193343 
0.442823 0.392531 -0.145323 
-0.813275 -0.504655 0.014193 
-0.600283 -0.253118 0.211819 
-0.463282 0.542632 -0.212620 
-0.320311 0.878729 0.211888 
-0.488598 -0.823789 0.086302 
-0.276041 0.512303 0.125890 
-0.701184 0.275207 -0.210122 
-0.572456 -0.095218 0.050466 
0.842383 0.494103 -0.145057 
-0.761463 0.590972 -0.028426 
-0.505141 0.279393 -0.167316 
-0.583740 -0.010409 -0.212496 
-0.540827 0.800921 -0.008641 
-0.601750 -0.746196 -0.049319 
-0.848226 -0.211826 -0.207133 
0.527779 -0.781084 -0.210071 
-0.087310 0.942006 -0.212620 
0.502300 0.639177 0.211683 
0.285143 -0.924272 -0.181523 
-0.155880 0.915328 -0.208986 
-0.576045 0.019625 -0.090287 
0.636407 -0.734257 -0.150965 
-0.626695 0.308921 -0.211208 
0.390735 -0.521117 -0.212188 
-0.793434 -0.006018 0.211598 
0.944120 0.234735 0.134308 
-0.512609 -0.774198 -0.207599 
0.957301 -0.013487 -0.208712 
-0.160215 -0.554539 -0.102568 
-0.220497 -0.530024 -0.175172 
-0.352211 0.896595 -0.212620 
-0.365345 -0.483095 -0.212186 
0.430414 -0.396527 -0.144194 
0.925455 0.308963 -0.083624 
-0.928077 0.252025 -0.112443 
-0.924264 -0.250974 0.013767 
0.582446 0.104363 -0.207212 
0.887622 0.392865 -0.212528 
-0.077650 0.967436 -0.156071 
0.280311 -0.510196 -0.123327 
-0.282613 -0.915896 0.142104 
-0.367584 -0.885346 0.099751 
-0.949371 0.122765 0.187677 
0.261908 -0.927896 0.104891 
-0.553388 -0.158237 -0.012726 
-0.324809 -0.579866 0.211801 
0.723495 0.504682 0.211791 
-0.491537 0.301402 -0.131900 
-0.074277 -0.959071 -0.010493 
-0.533915 -0.225119 0.192498 
0.592195 -0.040053 0.087086 
0.673813 -0.693831 0.162165 
-0.318936 0.810825 0.211788 
-0.882118 0.377584 0.164265 
0.371733 0.805861 -0.212620 
0.398233 -0.882284 -0.193247 
0.269859 -0.515427 -0.199368 
0.353351 -0.900988 -0.166104 
-0.098410 -0.568454 0.073015 
0.091870 -0.960315 -0.120491 
0.809627 0.545179 -0.101897 
-0.136301 0.956826 0.117584 
-0.595985 -0.605531 0.211509 
-0.496732 -0.451112 0.210785 
0.376337 -0.891383 -0.088061 
0.949410 0.219050 0.048423 
-0.447970 -0.757490 0.211462 
0.971411 0.077825 -0.056150 
0.542813 -0.251799 -0.209654 
-0.833270 0.476635 0.189385 
-0.638169 -0.717180 0.111392 
-0.499395 -0.315072 -0.212775 
-0.062178 0.968281 -0.103794 
-0.505681 -0.424120 -0.212744 
0.034147 -0.577988 0.024738 
-0.608229 0.751038 0.014824 
-0.520585 0.813258 0.063889 
-0.699572 0.545036 -0.208904 
0.777105 -0.296365 -0.210597 
0.643728 0.484093 -0.210308 
-0.343495 -0.897016 -0.073131 
-0.606038 -0.103979 0.211878 
0.577977 -0.130263 0.149546 
0.432583 0.427134 -0.213278 
0.020823 -0.736244 -0.210386 
0.518526 0.285197 0.141070 
-0.917877 0.288047 -0.152808 
-0.533593 0.232831 0.125095 
0.360676 0.899563 -0.212620 
-0.564476 -0.132103 0.127535 
0.606420 0.439678 -0.212237 
0.282870 0.517726 -0.165227 
-0.385289 -0.425451 0.041392 
0.338233 0.911639 -0.026650 
0.914363 0.199811 -0.208443 
-0.255659 0.821807 -0.212620 
0.894154 -0.378749 -0.021352 
0.975793 -0.014818 -0.121462 
-0.800763 0.533736 0.011086 
-0.914774 0.294444 -0.055546 
-0.217572 0.542694 0.199563 
0.527307 -0.263743 0.097902 
0.964402 0.114160 0.208076 
-0.874325 0.048968 -0.208350 
0.807195 0.461454 0.211932 
0.268231 -0.928843 -0.134748 
