-0.916096 -0.311638 0.113552
0.887788 0.376426 -0.250066
0.388134 -0.882708 0.191610
-0.295982 0.923202 0.187043
-0.357827 -0.893455 -0.257706
-0.860976 0.444544 -0.243489
0.904503 -0.261131 0.244156
0.470795 0.819637 0.236219
0.461190 -0.371454 -0.281070
0.092335 0.592482 -0.280320
-0.341865 -0.513633 0.225896
-0.570531 0.165264 0.195654
0.558916 0.227981 0.209951
-0.506260 -0.297590 -0.272571
0.173351 -0.824243 -0.281196
0.936714 -0.140401 -0.273951
-0.470703 0.806417 -0.281799
0.570631 0.771842 -0.265485
-0.109569 -0.958731 0.210411
-0.708018 0.640673 0.230801
-0.938921 -0.023429 -0.278691
0.453613 -0.414509 0.224924
0.048355 0.580286 0.182325
-0.686963 -0.678699 -0.012326
0.696993 -0.666361 -0.040514
0.120709 0.958738 -0.026592
0.081428 -0.595650 0.106331
0.579244 0.082459 -0.270504
0.956752 0.134124 0.084508
0.779922 0.571953 0.099892
-0.427911 0.396134 -0.250329
-0.964361 0.076902 0.222302
-0.351312 0.485930 0.127665
-0.153365 -0.562119 -0.248655
0.401111 0.508355 -0.005778
-0.872975 -0.410664 -0.251064
-0.552282 -0.209280 0.151233
0.611422 -0.126392 0.037900
-0.586931 0.067157 -0.278576
-0.114381 0.900646 -0.282526
-0.445853 -0.856530 0.192196
0.812804 -0.456736 -0.279852
-0.888190 0.388871 0.083740
0.569940 0.442168 -0.282526
0.482889 -0.725888 -0.281805
-0.223648 0.628921 -0.147683
-0.694851 0.670933 -0.085182
-0.048874 -0.963654 -0.099789
0.738577 -0.540564 0.253365
-0.487561 -0.610414 -0.282259
0.352218 -0.543930 -0.039950
-0.756587 -0.540752 0.257739
0.292512 0.904343 -0.276026
0.062460 0.914239 0.255956
0.878529 -0.391372 -0.012365
-0.456942 -0.463358 -0.042841
-0.431344 0.735529 0.026326
0.853645 0.331085 0.254491
-0.607898 0.251091 -0.071449
0.223614 -0.543163 -0.282493
-0.961098 0.127200 -0.046740
0.242414 -0.933037 -0.039874
0.749005 0.026665 0.222269
0.672292 -0.196985 -0.282526
0.602671 0.250472 -0.055130
-0.225496 -0.799837 0.026326
-0.649151 -0.098874 -0.075827
0.434202 0.864178 -0.051615
0.955499 -0.136951 -0.002922
-0.102379 0.826138 0.029167
0.958542 0.119628 -0.180457
0.563251 0.494215 0.224956
0.349033 0.634138 -0.282526
0.139510 -0.819169 0.222176
0.521128 -0.664421 0.190458
0.496705 -0.824078 -0.037555
0.312019 0.568517 0.224841
-0.134188 -0.673373 0.226294
-0.715300 -0.433339 0.026326
-0.940246 -0.212684 -0.115584
-0.795721 -0.105770 0.210150
-0.736838 -0.623219 -0.249253
0.765246 0.592303 -0.241222
-0.224305 0.679158 0.218263
0.252222 0.771869 0.096276
-0.625730 0.404993 0.217986
0.535955 -0.356552 -0.000838
-0.817793 0.189609 -0.282252
0.040447 -0.658190 -0.126667
-0.637875 0.534516 -0.282113
0.644323 0.720664 -0.040440
0.092283 0.647860 -0.045551
0.658558 -0.275380 0.221127
-0.137137 -0.802546 -0.282526
0.898206 0.356902 0.018742
-0.328591 0.910368 -0.122182
-0.551970 -0.644901 0.188188
-0.451092 -0.852059 -0.047599
-0.533553 0.807080 0.222516
-0.779452 -0.193726 -0.281314
-0.786196 0.195590 0.138750
0.312443 -0.599463 0.222631
-0.964335 -0.089574 0.065887
0.687538 -0.644183 -0.274341
-0.266795 -0.583850 0.025035
0.089061 0.817176 -0.282526
0.954047 -0.046580 0.227469
-0.490579 0.433324 -0.046557
0.693601 0.269109 -0.282526
-0.712391 0.493382 0.026326
0.010372 -0.823565 0.042858
-0.135385 0.613350 0.040406
0.609100 0.079285 0.066730
-0.585068 -0.295076 -0.067243
-0.388700 0.618354 -0.282429
-0.658499 0.331636 -0.282526
-0.583179 -0.396916 0.222380
-0.080083 0.701074 -0.282526
-0.572144 -0.778532 -0.207719
0.263649 0.932457 0.217076
0.787370 0.091501 -0.282526
0.667267 0.665125 0.237756
-0.553862 0.593124 0.112239
0.282308 -0.765337 0.069285
0.466873 0.661378 0.103956
0.632726 -0.506194 0.086875
-0.378307 -0.448980 -0.247655
0.358538 -0.889994 -0.259121
-0.641068 0.066224 0.031212
0.786812 -0.231378 0.055094
0.656824 -0.033809 -0.127556
0.777971 0.205617 0.113483
0.010432 -0.929223 -0.281207
-0.686451 -0.363964 -0.280457
0.372063 0.446444 -0.250791
-0.609279 -0.020266 0.214534
-0.398388 -0.708775 0.082945
0.411732 -0.551560 -0.251634
0.823285 0.507098 -0.072065
0.832734 0.003365 0.026326
0.913390 -0.311801 -0.179886
-0.081666 -0.636371 0.022545
-0.800145 0.467235 0.245146
-0.812139 -0.522930 -0.110358
-0.289459 -0.685689 -0.282372
-0.022536 0.747288 0.226808
-0.740444 -0.298004 0.212477
0.715739 0.402101 0.060009
-0.913750 0.313007 -0.081839
0.484325 0.360462 0.106467
-0.131021 0.956856 -0.096973
-0.110026 0.962524 0.152089
-0.822136 0.026212 0.059442
-0.406985 0.662282 0.216033
-0.809163 -0.189670 0.028427
-0.281438 -0.923284 0.147491
-0.572857 -0.128556 -0.269153
0.608565 0.559271 0.041814
-0.262389 0.748012 -0.282526
0.241177 0.578797 0.039819
-0.243445 -0.934243 -0.124100
-0.519604 0.321284 0.091074
0.862965 -0.431520 0.183366
0.899220 0.123678 0.253987
0.638163 -0.399354 -0.282526
-0.351025 0.551428 -0.038913
0.592792 -0.059479 0.202450
-0.649781 0.715114 -0.251182
-0.880462 0.309843 0.244889
0.276156 0.925855 -0.102055
0.801338 -0.537307 0.049395
0.605648 -0.261656 -0.130911
-0.279618 0.846881 0.031056
0.062490 0.815226 0.080095
0.517806 0.277539 -0.274448
0.193589 -0.620708 -0.055801
0.791493 -0.551044 -0.127288
0.012996 -0.588922 -0.282096
0.243845 0.619695 -0.149060
0.124135 -0.956972 0.080377
0.018284 0.963956 -0.178112
-0.533255 0.805595 -0.123849
-0.318528 -0.581981 -0.151207
-0.602552 0.758308 0.026757
-0.769306 0.027522 -0.282526
0.513653 0.409841 -0.083550
0.687409 0.348766 0.217362
-0.446809 -0.397376 0.123451
-0.902012 -0.226565 0.258771
0.175841 0.681776 0.219205
-0.945173 0.214590 0.093642
-0.886915 -0.387016 -0.031527
0.672581 -0.690926 0.129865
0.521380 -0.642669 0.027204
0.376116 0.892126 0.103719
-0.846374 0.469754 -0.066429
-0.785004 -0.563550 0.097572
0.110504 -0.958314 -0.135619
-0.775479 0.574450 -0.193734
0.587252 0.769264 0.126805
0.602191 -0.750353 -0.142951
0.437742 0.861196 -0.216277
-0.855418 -0.413326 0.238381
-0.070254 0.657515 -0.103190
0.777376 -0.132865 0.216348
-0.163594 -0.948576 0.039647
-0.542968 0.220595 -0.261566
-0.615602 -0.513954 -0.280372
0.464998 -0.466771 -0.126542
-0.019061 -0.796958 0.226808
-0.968252 -0.027509 -0.086545
0.726965 -0.382489 0.049753
0.536188 0.598100 -0.282372
0.519109 -0.811617 0.119863
-0.427795 0.870693 0.114834
0.796283 0.497948 0.239221
0.964441 -0.043096 -0.152217
-0.324507 -0.676338 0.218840
-0.954854 0.151010 -0.202737
-0.267909 0.521329 -0.259103
-0.590328 -0.573826 0.051606
-0.663848 0.049433 -0.143770
0.227106 0.744123 -0.282526
0.241231 -0.933499 0.185022
0.280180 -0.711526 -0.281676
0.926505 0.274086 -0.140647
0.335362 -0.497403 0.109039
0.509492 -0.285612 0.161716
0.801766 -0.066993 -0.282526
-0.288457 0.914880 -0.270399
0.065865 -0.953700 0.229620
-0.106410 0.576476 0.186462
0.786692 -0.305635 -0.280269
-0.201998 -0.545067 0.173226
-0.513362 -0.427457 -0.179158
0.045532 0.966861 0.104766
-0.575993 -0.775774 0.022573
0.412314 0.443457 0.210555
0.566713 -0.553610 -0.282526
-0.422059 -0.757854 -0.278449
-0.178267 -0.630955 -0.093037
-0.133732 -0.954718 -0.247186
0.376604 -0.887932 0.026217
0.924212 -0.276885 0.093929
0.652535 0.116405 -0.144330
0.173834 -0.656103 0.223614
0.577166 -0.066629 -0.259295
0.724431 0.415128 -0.282526
-0.756454 0.321708 0.064237
-0.174629 0.833243 0.188889
0.375820 0.706917 0.214289
-0.215416 -0.805833 0.210795
0.002945 -0.753354 -0.282526
0.233916 0.540832 -0.273855
-0.922839 -0.271971 -0.261618
-0.478647 0.415953 0.226181
0.134167 -0.667859 -0.253867
0.229790 0.939401 0.074212
0.531151 -0.229918 -0.253108
-0.777059 0.069267 0.212250
0.617511 0.090741 0.226474
-0.021662 -0.964545 0.067336
0.964229 0.054298 -0.044604
0.150022 0.947910 -0.269323
-0.950000 -0.092114 0.234654
-0.687881 0.274523 0.218557
-0.320622 0.744004 0.132348
0.739529 0.623638 -0.088491
-0.625513 -0.248266 -0.209280
-0.721942 0.645405 0.087890
0.018728 -0.641682 0.226808
-0.691367 -0.675893 0.187254
0.378020 -0.742820 0.213789
-0.550683 0.383591 -0.180231
0.726548 -0.406080 0.211284
0.910971 0.239242 -0.276594
-0.668843 -0.170787 0.220395
0.583107 -0.516991 0.218109
-0.493787 0.525367 -0.282458
0.555836 0.790699 -0.123654
-0.859156 -0.444823 0.096045
-0.424853 0.871659 -0.028243
-0.563634 -0.779460 0.224866
-0.397821 0.840056 0.247875
0.370261 -0.890807 -0.113358
-0.602382 -0.088681 0.093251
-0.685975 -0.472863 0.158740
0.393531 0.749982 0.026326
-0.910190 0.316371 -0.259640
0.888612 -0.097881 0.111429
-0.429078 0.510813 -0.145290
-0.477875 -0.492895 0.221314
-0.128723 0.573780 -0.266431
-0.110462 -0.796999 0.123084
0.947540 -0.185152 -0.140576
-0.078153 -0.663879 -0.197098
-0.346056 -0.900953 0.023625
0.384410 0.545384 -0.158694
-0.598476 0.196559 0.066677
-0.759344 -0.493843 -0.280663
0.685321 0.683360 0.092117
0.658607 -0.652427 0.257865
0.008969 0.621158 0.055929
0.909909 0.012102 -0.282526
0.677624 0.690160 -0.215344
0.601498 -0.751464 0.003203
-0.544968 0.298776 0.226780
0.161279 -0.840780 0.026326
-0.632479 0.735068 0.154450
0.298088 -0.595891 -0.185741
0.920747 0.293067 0.146294
0.412771 -0.697070 0.094060
-0.679983 0.161117 -0.268000
0.216576 -0.554521 0.123273
0.186531 0.826704 0.199563
0.860803 0.440325 0.113682
0.444018 -0.433058 0.072433
-0.369945 -0.510796 0.061180
-0.754341 -0.316722 0.071104
-0.672303 -0.691470 -0.141730
0.499817 -0.776816 0.253140
-0.671468 0.513795 0.163954
0.432982 0.732940 -0.282526
0.324686 0.508570 0.110703
-0.238182 0.548453 0.134544
-0.066872 -0.584289 0.149290
0.929756 -0.258608 -0.036326
-0.488915 0.544005 0.219225
-0.968047 0.038530 0.074131
0.471159 0.605110 0.219294
0.700992 0.221362 0.220498
0.944249 0.204390 -0.021582
0.689776 -0.006645 -0.251503
-0.010120 0.966002 -0.053605
0.435065 -0.564340 0.226808
-0.802612 0.543763 0.101134
-0.613516 -0.200520 0.013275
-0.537168 -0.348936 0.047925
-0.785762 0.334759 -0.280674
0.191523 0.558362 0.155196
-0.684127 -0.069605 -0.253067
-0.775467 0.576647 -0.045549
-0.840491 0.147013 0.026326
0.536485 0.351458 0.225258
0.575890 0.199602 0.084004
0.261033 -0.789999 0.211364
0.568463 -0.245829 0.048037
0.347451 0.839904 0.240435
-0.446335 0.426411 0.070056
-0.904818 0.182326 0.252250
0.663016 0.534010 -0.282526
0.513248 0.820639 0.034461
0.600505 -0.393872 0.218911
-0.288215 -0.528494 -0.278571
0.614061 0.265081 -0.187540
0.091389 0.663252 -0.168321
0.210339 -0.937104 -0.246550
0.796901 -0.278485 0.169018
-0.962190 -0.111347 -0.182545
0.572588 -0.187659 0.210511
-0.886756 -0.153888 0.136763
-0.943515 -0.206091 0.033548
-0.902735 -0.345658 -0.151686
0.897212 0.030865 0.151664
-0.829649 -0.082178 -0.282526
0.497399 -0.823460 -0.159426
-0.481128 -0.836819 0.069218
-0.058935 0.909349 0.256348
0.607153 -0.740116 -0.263725
0.654159 0.462300 0.144824
-0.314955 0.584884 0.223858
0.607833 0.589459 0.165218
-0.590054 0.695835 0.259058
0.183735 0.839505 0.026326
0.848672 -0.454239 -0.166059
0.556466 0.716561 0.228699
0.949952 -0.170547 0.182372
0.844693 0.250565 0.026326
-0.597186 -0.530502 0.212180
0.144171 0.957768 0.169831
-0.157226 -0.685306 -0.282420
-0.551178 0.628624 -0.280897
-0.636330 0.592222 0.026326
-0.725972 0.456010 -0.279096
0.797563 0.089404 0.119162
-0.237115 0.606427 -0.018745
-0.160402 0.953948 0.045910
-0.294782 -0.749544 0.120974
0.132599 0.955287 -0.153132
0.716834 -0.523977 -0.282526
-0.453522 -0.705788 0.206545
-0.390615 -0.881648 -0.143482
-0.552431 -0.792658 -0.093098
0.680787 0.139945 -0.281903
-0.661720 0.086237 0.222554
-0.904861 -0.028011 0.145826
0.036125 0.707835 -0.282526
0.829532 0.497051 -0.222940
-0.407924 0.879696 -0.201406
-0.807480 -0.319765 -0.281845
0.884145 0.390603 -0.091551
-0.702987 0.401129 0.129545
0.719802 -0.638987 -0.163366
-0.781124 -0.220838 0.136728
0.070196 -0.641721 -0.016502
-0.422923 -0.595106 0.219057
0.437342 0.542687 -0.263998
-0.619166 -0.741681 0.127337
-0.337868 0.577954 -0.162369
0.550671 0.301575 0.034476
-0.250604 0.933783 -0.037187
-0.212549 0.940754 -0.175283
0.269725 0.748953 0.217976
0.538667 -0.386512 -0.160205
-0.205930 -0.912037 0.251003
0.633602 0.009238 -0.019684
-0.566594 -0.692161 -0.281907
0.830541 -0.200768 -0.282526
0.596458 -0.757417 0.182842
0.318438 -0.485113 -0.259729
0.304833 0.578641 -0.054070
0.635583 0.131534 -0.030360
0.637406 -0.617420 0.042508
-0.412189 -0.518908 -0.142563
-0.865576 0.086834 -0.282526
0.062720 -0.963021 -0.014241
-0.243032 -0.927256 -0.254606
0.460124 0.771815 0.126449
-0.745420 -0.613465 -0.105131
-0.579401 -0.398061 -0.282506
0.642556 -0.156119 -0.141571
-0.521961 0.734763 0.134886
-0.184095 0.674639 -0.251878
-0.643388 0.139553 -0.081252
0.747149 -0.495218 0.147556
-0.591443 0.071609 0.137401
-0.022088 0.616351 -0.239551
0.469457 0.474500 -0.168841
0.487108 0.378245 -0.238828
0.242783 -0.932990 0.071098
0.078754 0.789301 0.211099
0.544988 0.650358 0.026326
0.090249 -0.803572 0.124356
-0.609672 -0.289622 0.221720
0.365728 -0.781469 -0.282526
-0.828123 -0.499866 -0.003509
-0.506492 -0.497059 -0.282362
0.864800 0.116366 0.026326
0.903672 0.233630 0.242523
-0.196892 0.791950 0.089222
-0.776384 0.335413 0.195184
-0.815283 -0.082966 0.070320
-0.348671 -0.887073 0.233155
0.465600 -0.836443 -0.263320
-0.524292 -0.657129 0.026326
-0.026447 0.797393 -0.282526
-0.521955 0.335571 -0.274050
0.310160 0.834845 0.028442
-0.909096 -0.156927 -0.282095
-0.058420 0.811526 0.146415
-0.604822 0.289101 -0.176484
0.321917 0.799733 -0.282526
-0.558358 0.332542 -0.009916
-0.475432 -0.838019 -0.195598
-0.621152 0.741985 -0.124170
0.787082 0.309610 0.171995
0.385206 -0.651611 -0.282526
0.024493 -0.895211 0.135960
0.392313 -0.803157 0.119431
0.745306 -0.611376 0.172855
-0.499779 -0.310266 0.156991
-0.367618 0.485644 -0.242049
0.815129 -0.365718 0.108436
-0.881627 0.401457 -0.147543
0.964818 -0.031555 0.019495
-0.500026 -0.742803 0.117433
-0.516003 0.820955 0.021587
0.045324 0.930626 -0.282438
-0.346606 -0.549245 -0.037123
0.800356 -0.030812 0.122142
0.001154 0.892589 0.039630
-0.567708 0.782622 -0.242850
-0.120249 -0.840384 0.026326
0.384202 -0.539423 -0.149603
-0.576525 0.447822 -0.282430
0.723286 0.502456 0.026326
-0.381536 -0.810628 0.120881
0.882004 -0.360913 -0.268500
-0.849448 0.274157 0.046152
-0.719077 -0.033070 0.217719
-0.222682 -0.629939 -0.189128
0.517686 -0.461203 -0.267029
-0.528181 0.648947 0.026326
-0.060905 -0.652452 -0.093533
0.141954 0.600519 0.068488
0.806703 0.195187 -0.282526
0.628178 -0.294452 -0.277999
0.844189 -0.346530 0.257302
-0.961267 -0.120724 -0.038175
0.246002 -0.932582 -0.145032
0.169994 -0.640856 -0.158815
0.419607 0.447123 0.077464
-0.720953 0.598612 -0.281787
0.788641 0.332171 -0.282526
0.880935 0.173430 0.145215
-0.588113 0.577592 0.216098
-0.672609 -0.591495 0.113332
0.178139 0.656068 -0.255721
-0.196287 -0.871057 0.101117
0.605397 0.343265 -0.255643
-0.677700 -0.169121 -0.282512
0.736254 0.587355 0.237754
-0.629201 -0.197599 -0.101182
0.831943 -0.115068 0.026326
-0.935380 0.254907 -0.180146
-0.295731 -0.515007 0.133358
0.369926 -0.472742 0.208595
-0.386541 -0.651006 -0.282333
0.551741 0.182282 -0.255745
-0.827314 -0.352523 0.144563
-0.259508 -0.783597 -0.280967
0.191482 0.626369 -0.058006
-0.364660 0.828917 -0.278868
-0.297773 0.547290 0.051714
0.253148 -0.588888 0.020542
-0.666710 -0.696857 -0.243631
-0.129689 0.716638 0.217067
-0.474842 -0.394367 -0.274181
-0.967923 0.042310 -0.206795
-0.892523 0.096554 0.109254
-0.921252 -0.291988 -0.040357
0.169318 -0.879594 0.138201
-0.726945 0.165988 0.215443
-0.878336 0.410711 0.214300
0.192492 0.839287 -0.282526
-0.197972 0.949328 0.200377
0.469470 -0.444997 -0.024663
0.925111 -0.251190 -0.259761
-0.042962 0.648480 0.224200
-0.845371 0.473065 0.043527
-0.334342 0.762315 0.029962
-0.873208 0.234051 0.172149
0.704442 -0.063055 0.221412
-0.579081 -0.123186 0.194862
-0.578015 -0.341236 -0.200161
-0.236606 -0.623386 0.224628
0.105892 -0.900302 -0.280675
0.293727 -0.871914 0.257847
0.553287 -0.582056 0.144908
-0.531723 -0.386126 -0.090611
0.751293 0.135726 0.219351
0.848489 0.463363 0.013322
-0.240429 -0.934946 -0.025032
0.587084 0.032539 0.151298
0.774157 0.329619 0.026326
0.268896 -0.692447 0.226045
-0.717257 0.251548 -0.282335
0.735887 -0.621910 0.075385
-0.135837 -0.954767 -0.148757
-0.442468 0.788133 0.166174
-0.057819 0.966064 0.067359
-0.658263 -0.120050 -0.172947
-0.442153 0.712681 -0.282091
0.264845 -0.859168 -0.282526
-0.006232 -0.965049 -0.191675
-0.683257 -0.377286 0.216459
0.019426 -0.670784 -0.221255
-0.779872 0.576491 0.214601
-0.751457 -0.606477 -0.000458
-0.654954 0.008392 -0.055770
0.606907 0.665170 -0.282199
0.580594 -0.124209 0.130641
0.260489 0.861035 0.134398
0.371401 -0.784108 0.026326
0.287695 -0.848031 0.138052
-0.169681 -0.583781 0.090312
-0.860406 -0.442482 -0.160257
0.224336 0.936785 -0.207965
-0.425177 -0.542613 -0.251939
-0.837230 -0.006529 0.218179
0.194384 -0.783666 0.141232
0.939387 0.108422 -0.274830
-0.319070 -0.774490 0.026326
0.871435 -0.208641 0.138092
-0.024884 -0.912983 0.220934
-0.891806 -0.323748 0.239801
0.752205 0.492984 0.153337
0.804768 0.407148 0.185047
-0.322454 0.914043 0.085685
0.073154 -0.749583 0.214322
0.501580 -0.734357 0.064832
0.686667 -0.104868 -0.258020
-0.479093 0.646078 0.142199
0.766721 -0.585613 -0.026486
0.283299 -0.513009 0.192517
-0.179362 0.829946 -0.282526
0.127959 -0.565178 0.184590
0.547296 -0.323659 -0.232225
-0.004129 0.902768 0.156122
-0.831361 0.495825 -0.157498
0.964795 -0.032271 0.126440
-0.684611 -0.681796 0.083993
0.658240 -0.147300 0.223861
-0.321656 -0.771485 0.210244
-0.837872 -0.299799 0.028010
-0.796897 0.417060 0.124438
0.282160 0.925403 -0.006911
0.428132 -0.450127 -0.236539
0.564132 0.347599 -0.134878
0.476116 0.433425 0.002210
0.719152 -0.495424 0.026326
0.628821 0.733308 -0.143183
0.356489 0.898480 -0.144331
0.778764 0.573568 -0.018280
0.164303 -0.617841 0.035789
0.474339 -0.619706 -0.281799
0.740142 -0.396113 -0.282526
0.832243 -0.017927 0.216794
0.365075 0.722476 0.112158
-0.465158 -0.393663 0.216084
-0.079442 -0.889430 0.095995
-0.943580 0.214019 -0.079454
-0.941213 -0.224044 0.172931
-0.679639 0.688878 0.006190
0.045902 0.679972 0.221288
-0.799050 -0.390184 0.027276
0.159345 -0.941309 0.230498
-0.663214 -0.511502 0.026326
0.584746 -0.651173 -0.282526
-0.397221 0.525872 0.223397
-0.781904 -0.445656 0.148505
0.156687 0.795089 0.103707
-0.547990 0.238329 0.132952
0.695277 0.569692 0.140424
-0.506533 -0.799157 -0.273920
-0.498372 0.449918 -0.222907
-0.668651 0.028030 -0.258755
-0.911894 0.328243 0.159645
-0.050658 0.961972 -0.255018
-0.264712 0.807736 0.169576
0.605848 -0.230632 -0.035039
-0.131230 -0.765605 0.226808
0.219195 -0.632196 -0.257511
-0.640596 0.633277 0.129441
-0.803753 -0.534105 -0.210762
0.277643 -0.591386 -0.079239
0.589005 0.677499 0.123534
-0.576866 0.486546 0.220017
0.570280 0.133758 0.160550
-0.427750 -0.774626 0.026326
0.413787 0.875630 0.188613
-0.651386 -0.609955 -0.278456
-0.207679 -0.776533 0.118155
-0.229509 0.940645 0.103869
-0.771599 0.422663 0.026326
-0.638062 0.196012 -0.152329
0.783293 -0.168932 0.121002
0.091191 0.886403 0.029126
-0.602048 -0.031934 -0.243480
-0.456888 0.854540 -0.128276
-0.187035 0.591462 0.225332
-0.829141 0.153333 0.206481
0.606715 -0.048684 0.084263
0.607902 -0.154608 -0.234976
0.829223 0.086438 0.210235
-0.261257 0.876716 0.256535
0.000833 0.651905 -0.028764
0.805299 -0.315050 0.026326
0.961831 0.086239 0.200642
-0.942500 -0.196566 -0.208133
0.316517 0.530527 -0.238892
-0.495787 -0.638199 0.109818
0.807205 -0.428698 0.254357
-0.118264 0.889520 0.099932
0.823717 -0.501642 -0.059180
-0.630656 -0.690185 0.252183
-0.099193 0.665084 -0.188098
-0.968089 0.037266 -0.024205
-0.711094 0.651147 -0.209672
0.962651 -0.073155 -0.065663
-0.727711 -0.267012 -0.281594
0.889521 0.378740 0.177818
-0.370453 0.755770 0.208667
0.521301 0.691587 -0.282526
-0.485058 -0.420502 0.034197
0.633261 -0.144970 -0.046867
-0.410734 0.420031 0.168112
-0.702710 -0.616279 0.252947
-0.516313 0.820930 0.111643
0.954766 0.146148 -0.095157
-0.072354 -0.616260 -0.272544
0.229415 0.602525 0.226808
-0.423220 0.498822 -0.039333
0.662478 -0.700147 -0.193980
-0.940220 0.235829 0.007110
0.049866 -0.830848 -0.281488
0.606164 -0.748559 0.094608
0.656189 -0.613812 0.175168
0.465968 0.707834 0.188175
-0.157216 -0.950836 0.128425
0.100352 -0.586007 -0.244823
-0.642298 -0.033140 0.036742
0.760303 0.496251 -0.282526
0.512455 0.285399 0.160858
-0.331792 0.686274 -0.280902
0.085453 -0.883520 0.042921
0.489309 0.818302 -0.274171
0.897075 -0.355148 0.154265
0.494277 -0.361104 0.084136
0.003506 0.667920 -0.158820
-0.057360 -0.840765 -0.281302
0.460563 -0.771708 0.174048
-0.569035 0.337907 -0.106792
-0.297540 0.604606 -0.257770
-0.805720 0.116987 0.103759
-0.082482 0.960857 -0.172741
0.470734 0.508493 0.221732
0.504937 0.736215 0.058244
-0.839240 0.486154 0.168672
-0.494536 0.445435 -0.135250
0.682632 0.619632 -0.282526
0.733004 0.631590 0.029189
-0.132411 0.640510 -0.043544
-0.389233 -0.430215 0.180966
-0.351393 0.827851 0.119933
0.722805 0.388031 0.147451
0.770447 -0.580414 -0.242346
-0.951078 0.184788 0.175727
0.520094 0.606810 0.146833
-0.150273 0.899061 0.253503
-0.634673 0.240967 -0.256118
-0.715001 0.442376 0.205385
-0.065396 0.604822 0.098236
0.816085 0.366657 0.101549
-0.783496 0.245904 0.209435
0.120215 0.615544 0.226259
0.661919 -0.463845 0.210699
-0.478219 0.343376 0.163869
0.454579 -0.849293 0.076121
0.944379 0.203831 -0.194804
0.197160 -0.735120 -0.281955
0.113311 0.891792 0.123729
0.712643 -0.350451 0.146951
-0.706874 -0.401274 0.115710
-0.408879 0.695355 0.134959
0.513644 -0.341740 0.226734
-0.516334 -0.816358 0.158470
-0.882727 -0.121708 0.034258
0.253930 -0.850830 0.049333
0.005437 -0.798560 0.135511
-0.426764 -0.845467 -0.274627
0.812426 -0.519799 0.197114
0.418473 0.507866 -0.089817
0.088364 -0.753799 -0.282036
0.306032 -0.622082 -0.270165
-0.306185 -0.914720 -0.193189
-0.664683 -0.038658 -0.148217
0.666143 0.043804 -0.186916
-0.003630 -0.604137 0.095662
0.891736 -0.367772 -0.119375
-0.899028 0.215116 -0.282180
0.904630 -0.162697 0.253873
0.546261 -0.793269 -0.237436
0.177136 0.893002 0.251893
0.843412 -0.468101 0.109250
0.322569 0.714785 -0.282526
0.557584 -0.343105 -0.089911
0.378566 -0.506331 0.036755
-0.313859 -0.842949 0.165499
-0.945434 -0.008100 0.244068
-0.550327 0.648166 0.187872
0.502906 0.430391 0.226808
0.224825 -0.588676 0.226808
0.597917 0.417282 0.219176
-0.292782 0.590912 -0.085511
0.794597 0.551473 -0.168734
-0.814744 0.035547 0.144816
-0.556488 -0.215759 -0.245092
-0.197902 0.872578 0.064835
0.454450 -0.842843 0.227334
0.207031 0.943131 -0.040261
0.626595 0.208997 -0.124153
0.442132 -0.655413 0.217355
0.964649 -0.036721 -0.242115
-0.357392 -0.896826 0.106480
0.424582 -0.864419 -0.050521
0.649997 0.532472 0.209392
-0.367616 -0.892691 -0.063951
0.668506 -0.694632 0.035805
0.923151 0.285142 -0.019018
-0.748539 -0.207905 0.212479
0.957887 -0.121515 -0.193352
-0.339115 -0.752462 -0.282435
-0.051932 -0.685012 0.220377
0.320307 0.779920 0.159765
0.860049 0.248228 0.111571
-0.601173 -0.010656 0.132332
-0.084504 0.962757 -0.017053
0.751240 -0.150601 -0.282526
0.548151 0.350087 -0.032588
-0.571134 0.709357 -0.281135
-0.747021 0.611439 -0.114832
0.498569 -0.633381 0.110464
-0.592266 0.149486 -0.276911
0.145449 -0.953487 -0.061155
-0.154466 -0.593625 0.222781
-0.486956 -0.787000 0.253712
-0.512473 0.731425 0.039311
0.956335 -0.131885 0.079676
0.687491 0.680613 -0.120216
0.865490 -0.204028 0.056303
-0.857099 -0.278361 0.163405
-0.961189 0.126279 0.075535
0.650930 0.041694 -0.096075
0.748423 -0.209400 0.212227
0.379588 0.810600 0.079572
-0.629158 -0.506125 0.110544
0.942467 0.212036 0.104061
0.315560 -0.767693 0.154926
0.467673 0.846039 -0.123740
0.408862 -0.871505 -0.182542
-0.299603 -0.839364 0.071695
-0.624298 0.184054 -0.015790
0.012836 0.835863 0.221843
0.312664 -0.909941 -0.185900
0.449374 0.620953 -0.282526
0.428776 0.867562 0.029413
-0.649288 0.636885 -0.281874
-0.264600 -0.928349 0.068207
-0.825513 -0.180549 0.199561
-0.595184 -0.209869 0.226015
0.504112 0.500490 -0.282484
0.721201 0.645275 0.180581
-0.228300 -0.583578 -0.270869
0.111643 -0.644984 -0.090336
-0.842695 0.314519 0.119909
-0.747570 0.118959 -0.282451
0.603995 0.293687 0.224085
-0.512503 -0.578729 0.212679
0.587098 -0.719338 0.253459
-0.275837 0.741319 0.219983
0.515309 0.819607 0.168840
-0.203515 0.598131 -0.235038
0.579362 0.774556 0.034677
-0.793706 0.217672 0.061629
-0.753308 -0.107872 -0.282526
-0.179082 0.749449 -0.282526
-0.963270 -0.100381 0.145633
-0.899463 0.109933 0.188267
0.629469 0.169772 -0.227772
0.422304 -0.496240 -0.065221
0.880021 0.399705 -0.173620
0.034632 -0.576667 0.182469
0.214850 -0.888549 0.254544
0.319122 0.650451 0.219572
0.273541 0.516911 0.171779
-0.247592 -0.702211 0.216322
-0.631932 -0.730771 -0.084968
0.643334 -0.717860 -0.082593
-0.328215 -0.592331 0.222684
0.940661 -0.215021 0.031616
0.898997 -0.350012 0.074010
0.354479 0.900287 0.015635
-0.118211 -0.957881 -0.025285
-0.562249 -0.582489 -0.281168
-0.253630 -0.604953 -0.093372
-0.088674 -0.841471 0.185499
-0.891931 -0.048079 0.063066
0.891945 -0.001691 0.079278
-0.496160 0.832024 -0.210927
-0.600847 0.232557 0.225211
0.318867 0.914656 0.162786
0.016574 0.969016 0.194720
0.790430 0.557289 0.179621
0.706405 -0.306713 -0.280563
-0.325836 0.912040 -0.025438
0.965043 0.029462 0.077088
-0.426892 0.552533 -0.250371
-0.370318 0.896789 0.183289
0.505630 -0.504409 0.226808
-0.761402 0.599286 0.139178
0.654063 -0.531234 0.170395
0.964462 0.047188 -0.210970
-0.852003 -0.224425 -0.280337
-0.583033 -0.270573 0.032332
0.066205 -0.962678 -0.236857
0.683090 0.444964 0.215937
-0.390126 -0.740123 0.154701
-0.917378 0.308730 0.083672
0.461388 0.371325 0.195768
-0.734726 0.628781 -0.003147
-0.831974 -0.486869 0.224237
-0.472907 -0.461473 -0.121228
0.165666 0.579650 -0.243709
-0.023728 0.818123 0.076575
-0.589914 0.367010 -0.251297
-0.652417 0.097371 -0.226309
0.846235 -0.281997 0.092763
-0.020490 0.888759 -0.282526
-0.597411 -0.582738 0.154302
-0.766066 -0.590117 0.168147
-0.758131 -0.375760 0.195724
0.309096 -0.550284 0.058162
-0.159824 0.577004 0.130051
-0.921203 -0.293866 0.037276
-0.419067 0.793194 0.092475
0.753366 0.290159 0.105027
0.631366 -0.221807 -0.204464
0.820401 0.511734 0.072914
-0.351013 -0.540807 -0.229899
0.648451 -0.059134 -0.052733
0.608068 -0.653568 0.109163
0.411728 -0.422506 0.141931
-0.571416 -0.688091 0.098510
-0.820765 0.508786 -0.258465
0.604363 -0.669252 0.189591
0.807077 0.240789 0.200821
0.893485 -0.112074 0.187189
0.829231 0.414895 -0.282526
-0.904980 0.336414 -0.181876
0.261741 0.667332 -0.282526
-0.754744 0.490233 0.129085
-0.414488 -0.871121 0.051433
-0.377686 0.518538 0.025426
-0.967839 0.044904 -0.112693
-0.220191 -0.849789 -0.280339
0.617967 0.010263 -0.273504
0.018896 0.966713 0.028827
-0.207715 -0.613462 -0.024108
0.102178 0.668410 -0.256822
0.309223 0.917713 0.075560
0.626944 0.633577 0.049526
0.639059 0.164520 0.224673
0.645058 -0.496689 -0.282526
0.154800 0.954792 0.080057
-0.550383 -0.468092 0.217336
-0.592067 -0.164316 0.085858
0.644634 0.721910 0.152072
-0.098019 0.824884 -0.282526
-0.451309 -0.779942 0.178069
-0.607593 0.543850 0.088609
0.705306 0.061610 -0.282526
0.930486 -0.256202 -0.112829
-0.601457 0.663344 0.070945
-0.492434 -0.733739 0.026326
0.365176 0.501490 0.226776
-0.549727 0.375007 0.222786
0.310592 0.546944 0.035905
-0.285300 -0.602264 -0.223136
0.305621 0.597106 -0.187935
0.645860 0.719969 0.035935
0.792180 0.403580 0.032446
0.674281 0.011411 0.225120
-0.518616 -0.814938 -0.009017
-0.957644 -0.094568 -0.258756
-0.736316 -0.506894 0.082652
-0.671494 -0.092394 0.221549
0.114838 -0.894787 0.189913
-0.233491 0.870371 0.132733
-0.462916 -0.487454 -0.215685
-0.626388 0.655596 0.200703
0.759005 -0.001851 -0.282526
0.763816 -0.340017 0.206543
0.255554 -0.783781 -0.282526
-0.967980 -0.035810 -0.177364
0.581857 -0.597999 0.213380
0.135671 0.757427 -0.282526
-0.659428 -0.595902 0.030086
-0.791717 -0.393655 -0.277847
-0.180708 -0.944252 -0.070533
-0.639345 -0.100271 0.002001
-0.321766 0.511532 0.206711
0.397126 0.806859 -0.282526
-0.063667 -0.691053 -0.278436
0.436900 0.418610 -0.278151
0.514307 -0.401496 -0.069641
0.048885 0.963995 -0.100509
0.372259 -0.839131 0.251010
-0.498411 0.831739 -0.062358
-0.704444 -0.442357 -0.281122
-0.476751 0.618145 -0.282167
0.311525 -0.912202 0.093185
-0.751494 0.530064 -0.278649
-0.689763 -0.525458 -0.280498
0.922458 0.287428 -0.214349
0.919348 0.297679 0.071538
-0.875220 0.417589 0.003109
-0.679709 0.453734 0.081718
-0.060924 -0.963259 0.153816
-0.738948 -0.519367 0.183633
-0.026270 0.583184 0.179895
-0.588605 0.268538 0.013625
0.534308 0.643800 0.211072
0.661714 0.459520 -0.282526
-0.870489 0.204234 0.063345
0.189415 0.878334 0.120715
-0.956161 0.146222 -0.128506
-0.806693 0.406058 -0.282439
-0.853174 -0.011674 -0.282526
0.456030 -0.849035 0.150403
-0.883163 -0.332317 -0.278319
-0.922313 0.134512 -0.282265
-0.666609 0.405172 -0.280979
-0.283418 -0.920321 0.222946
0.610010 0.585523 -0.282300
-0.524885 -0.325426 0.224824
0.903109 0.049876 0.226851
0.160475 -0.951006 0.154485
-0.582171 0.143787 0.125361
-0.496418 0.397041 0.024727
0.734136 0.630211 -0.186276
0.318782 -0.910172 0.200125
0.823758 -0.094717 0.150250
0.543391 0.800226 -0.203269
-0.550642 -0.345029 -0.025677
-0.149739 -0.653408 -0.210057
-0.124222 0.955906 -0.235087
0.544891 0.390607 -0.195169
0.335383 0.907010 -0.054966
-0.865424 -0.433096 0.168202
0.888291 0.107195 0.114592
-0.575443 0.778470 -0.038278
0.948642 0.183245 0.214142
-0.947309 -0.173873 0.225953
0.819544 -0.202097 0.196292
0.339076 -0.552710 -0.228263
0.443616 0.697316 0.044646
0.564495 -0.592766 0.058831
-0.613333 -0.656631 0.150180
0.564473 -0.391902 -0.252053
-0.103781 0.833462 0.206844
0.807245 0.150287 0.055899
0.905651 -0.332361 -0.045739
0.841735 -0.471237 0.036334
0.101618 -0.666264 0.226808
0.898525 -0.059960 -0.282526
-0.349372 0.756935 -0.279075
-0.969128 0.005503 0.152903
0.568415 -0.192661 0.109004
-0.149957 -0.893190 -0.282526
-0.625741 -0.735779 -0.175875
0.693101 0.562515 0.068111
0.172223 -0.728692 0.220036
-0.658949 0.706994 -0.175400
0.251796 0.677458 0.223038
0.544834 -0.795091 -0.112397
-0.870023 -0.222221 0.119066
-0.823154 -0.507856 0.071034
0.765251 0.254710 -0.282526
-0.137923 -0.632749 -0.028091
-0.779751 -0.569229 -0.055767
0.691095 -0.419560 0.145130
-0.965374 0.083784 0.150298
0.120209 0.883341 -0.282526
-0.621800 -0.640633 0.077546
-0.456695 0.854951 0.045149
-0.890920 0.023762 0.037349
-0.334704 0.874628 0.254447
0.318967 0.912207 -0.204498
0.669190 -0.547524 0.026326
0.697866 0.087315 0.222421
-0.710672 0.545043 0.076557
0.666322 0.478521 0.063408
-0.689864 0.582518 0.152686
0.098382 0.900133 0.195175
-0.761338 -0.292878 0.143818
0.549052 0.602572 0.081132
0.827002 0.399128 0.252911
0.846480 0.270380 -0.282526
-0.954269 -0.164393 0.091040
0.040482 -0.963820 -0.082500
0.530732 -0.411319 0.222670
0.362693 0.461981 0.162165
-0.246684 -0.552431 0.096752
-0.397479 -0.840283 0.257089
0.830044 -0.345550 0.177783
-0.628334 -0.733893 -0.002441
0.535807 -0.801812 0.018001
0.965126 0.026896 -0.137684
0.930000 -0.257803 0.177467
-0.769135 0.264594 0.131382
-0.843481 -0.474147 -0.068629
-0.218273 -0.725345 -0.281776
0.624987 0.735913 -0.230350
0.092170 0.958819 -0.229033
0.784149 -0.434323 0.144919
0.629721 0.250705 -0.255554
-0.039107 -0.602664 0.212278
-0.393380 0.886078 -0.105246
0.616723 0.659626 0.186623
-0.828246 -0.499667 0.147279
-0.648606 0.719064 -0.060475
-0.887761 0.387263 -0.078098
-0.834179 -0.468913 -0.263618
0.869285 0.099579 -0.282526
-0.736828 -0.625125 0.066471
-0.329663 0.909846 -0.212830
-0.484943 -0.725154 -0.281976
-0.687207 0.684260 0.178028
0.959250 0.112448 0.016994
-0.465238 0.681309 0.057031
-0.049786 -0.811774 0.078069
0.942394 0.177628 -0.260839
-0.701192 0.343882 0.216617
-0.816406 0.522735 -0.025358
-0.457061 0.801813 0.252107
0.105213 0.585356 0.140917
0.745007 -0.220809 -0.282526
-0.254531 0.931479 -0.119440
-0.913280 0.317644 -0.011534
-0.929530 -0.262082 -0.185805
0.007448 -0.727759 0.226808
0.748235 -0.296368 0.119460
0.847301 0.465586 -0.123518
-0.406547 -0.503261 -0.014368
-0.932428 0.262023 0.146608
-0.605291 -0.295513 -0.257157
0.145174 0.647748 -0.125953
-0.140157 0.893763 0.181246
0.547195 -0.262637 0.216057
0.512831 -0.734251 0.133930
-0.386980 -0.457822 0.116678
-0.658117 0.176978 0.221303
0.775969 -0.572708 0.104750
0.802135 -0.536193 -0.194771
0.590295 0.550455 0.108695
-0.015780 -0.643565 0.000459
-0.808363 -0.073804 0.139202
0.306331 -0.912860 -0.095948
-0.786399 -0.253836 0.043881
0.775648 -0.429692 0.033615
-0.017873 -0.964669 -0.002253
0.858499 0.444636 0.208575
0.577142 -0.328897 -0.169586
-0.172197 0.950816 -0.041208
0.575718 0.778253 0.203052
0.445908 -0.495412 -0.186863
0.571420 -0.296988 -0.003439
-0.887480 -0.385769 0.118585
-0.539994 0.739027 0.211394
-0.642913 -0.187250 -0.179183
0.860951 -0.426862 -0.100803
0.448870 -0.692465 0.035260
-0.273326 0.848509 -0.282526
-0.067763 0.890431 0.042847
-0.899755 -0.106300 0.189522
0.167543 -0.589780 -0.274657
0.859235 0.443259 -0.054597
-0.491487 0.836483 0.174078
-0.432332 -0.683766 0.144749
-0.432908 -0.455040 0.065356
-0.182602 0.910253 -0.282526
0.250456 0.615942 -0.224620
-0.447206 0.477160 0.224592
0.831307 0.494196 0.144676
0.385000 0.630703 0.218574
0.680231 -0.580466 0.120214
0.238362 0.861552 0.061510
-0.286846 0.652312 0.226790
0.500605 0.759018 0.247492
0.088846 0.804212 0.145091
0.178986 -0.943608 -0.152938
-0.181827 -0.885405 0.192826
-0.045594 -0.958999 -0.255862
-0.774378 -0.567222 -0.262755
-0.300091 -0.917289 -0.089995
0.354360 -0.734388 0.069763
0.539089 0.719905 0.142312
-0.777328 -0.571443 -0.148205
-0.258260 -0.857523 0.128995
0.665240 0.361430 -0.282526
-0.622995 -0.738698 0.205072
0.690372 0.677847 -0.014479
-0.629895 0.736602 0.085142
0.291737 0.858019 0.205930
-0.389765 0.533836 -0.094902
0.447330 -0.851867 -0.123376
0.936424 -0.233188 -0.187292
0.862199 -0.419411 -0.240289
0.230158 -0.626171 -0.190814
-0.558590 0.790473 0.067206
0.464415 -0.677530 0.148946
-0.602721 -0.747220 -0.259485
0.533272 -0.291813 0.083243
0.574667 -0.677635 0.055338
-0.090690 -0.753221 -0.282002
0.747269 0.275024 0.214497
-0.939755 0.237825 0.216242
0.380681 0.816682 0.146930
-0.144963 0.806074 0.130127
0.007387 -0.890338 0.070745
-0.658835 -0.614840 0.177583
0.683763 -0.680488 -0.121732
0.144198 0.773004 0.211707
-0.801719 0.269270 -0.282071
0.806671 -0.385872 -0.280960
-0.584679 0.687030 0.144978
-0.603671 0.300684 -0.257536
-0.552425 -0.711900 0.181931
0.107124 0.707712 0.218153
-0.934994 -0.249529 0.085964
-0.702978 0.032230 0.219207
-0.623622 -0.206896 -0.262290
0.648960 -0.713231 0.213985
-0.886550 0.158593 0.134332
-0.071298 0.646683 -0.016433
-0.545633 -0.263052 0.211175
0.471977 0.460179 -0.098932
-0.685082 -0.451996 0.222506
0.218692 -0.786539 0.067008
0.343015 -0.531773 0.225640
-0.109832 0.963446 0.219137
0.900083 -0.035699 0.189272
-0.070792 0.899351 0.150324
0.965370 0.019456 0.198786
-0.276613 0.775871 0.060910
-0.869679 0.384183 -0.270936
-0.291798 -0.842080 -0.280890
0.571924 0.561659 0.214214
0.636909 0.071053 0.005420
-0.047988 0.967868 0.177734
0.412712 0.734601 0.158126
0.851585 0.292580 0.171806
-0.581647 0.775164 0.138506
-0.858762 -0.242122 0.054051
-0.560339 0.528493 -0.282306
-0.536096 0.377023 -0.054233
-0.864847 -0.434174 0.010006
-0.826298 0.335401 0.034086
-0.502064 -0.413652 -0.037744
-0.168981 0.651165 -0.191558
0.584754 -0.329443 0.222993
0.584725 0.235329 0.028776
-0.831099 -0.034838 0.027456
0.241418 0.878291 0.259189
-0.758672 0.600839 0.055297
0.344570 -0.820568 0.074769
-0.375830 -0.806393 0.052585
-0.738470 0.391011 -0.282526
-0.374424 0.894881 0.049319
-0.967758 -0.042602 -0.022032
-0.671132 -0.456676 0.096267
0.073879 -0.632128 0.051632
-0.582017 -0.318398 -0.138205
-0.105579 -0.959125 0.069586
0.811753 0.036280 0.082447
-0.251220 0.567579 0.225703
0.263443 0.788229 0.031519
0.658157 -0.114548 -0.190454
-0.268748 0.929549 0.050544
0.908539 0.329448 -0.095441
-0.867983 0.432786 0.128603
0.965605 -0.007529 -0.071216
-0.541955 -0.292958 0.082377
-0.432398 0.469728 0.019053
-0.960049 -0.129392 -0.119252
-0.674333 -0.300593 0.215958
0.588925 -0.265639 -0.229118
0.145088 0.626438 0.008100
0.612610 0.144293 0.029937
-0.633072 0.181500 -0.226698
0.942813 0.210552 -0.087011
0.964111 0.057923 0.136308
-0.805650 0.539790 -0.090806
-0.498926 0.747091 -0.281933
0.259114 0.543876 0.113656
0.690555 -0.598527 0.228950
0.082902 0.618923 0.046726
0.472813 -0.351251 0.145255
0.723331 -0.521625 0.092627
-0.454193 -0.849947 -0.112868
0.438597 -0.775553 0.082439
0.956985 0.132712 0.154985
0.065550 -0.690655 -0.262965
0.813714 -0.131743 -0.282526
-0.174199 0.813210 0.031850
-0.877223 -0.218331 0.183729
0.546309 -0.711032 -0.280821
0.752935 0.480259 0.079841
-0.267073 -0.795395 0.157897
-0.335501 0.841917 0.186068
-0.882534 -0.396685 -0.116946
-0.396205 0.544426 -0.193744
0.143275 -0.579733 0.117974
-0.902588 0.049145 0.152432
0.906157 -0.097869 0.256478
0.748164 0.370739 0.211644
0.537320 0.276916 0.101572
-0.568056 -0.781462 0.124647
0.487903 -0.312058 -0.255418
0.679531 -0.580455 -0.282526
0.503113 -0.392220 -0.231451
0.507912 -0.523228 -0.282526
0.351091 0.558933 -0.104971
-0.176242 -0.948730 0.204582
0.503377 0.753667 -0.282526
0.377446 -0.679129 0.224450
-0.802023 -0.141322 0.094411
-0.539291 -0.802074 -0.157454
-0.176043 -0.620914 -0.265074
-0.009627 -0.845952 0.176562
0.783454 0.255666 0.045845
-0.574940 0.778492 -0.178917
-0.406810 -0.532821 0.223181
-0.243703 -0.650624 -0.253613
0.559903 -0.170893 -0.274730
0.251266 0.812987 -0.282526
0.634827 -0.046128 0.013149
0.121139 0.839974 0.197608
0.044931 0.894895 0.086662
-0.708698 -0.657011 -0.068806
0.590440 0.764918 -0.076015
0.407000 0.812400 0.239100
0.254666 0.606587 -0.082894
0.569281 0.260069 -0.235887
0.047066 0.651814 -0.228303
-0.840459 0.060382 0.207145
-0.172650 -0.797773 0.068789
-0.593798 0.074871 0.201318
-0.825220 0.376102 0.187484
-0.208681 0.783118 0.209560
-0.876983 -0.173219 0.071835
-0.481393 0.756660 0.089246
0.348561 -0.719851 -0.282526
-0.268705 0.618497 -0.202395
-0.120186 0.653658 0.222876
-0.416751 0.772154 -0.280575
0.778939 0.573324 -0.089377
-0.382210 -0.648920 0.217448
-0.839059 -0.358458 0.210102
-0.376366 -0.538362 -0.093438
0.672732 -0.453145 0.094083
-0.942521 0.205933 -0.236450
-0.018292 -0.621702 -0.236469
0.741842 0.158191 -0.282526
0.285429 0.581536 -0.265266
0.629114 0.093310 -0.232496
0.215718 0.939663 -0.144988
-0.468844 -0.676228 0.050994
0.379755 -0.734222 0.150790
0.864925 0.169592 -0.282526
0.780185 -0.522437 -0.277185
0.867848 0.197162 0.051920
-0.433056 0.455826 -0.271600
0.042344 -0.812543 0.221520
0.946757 -0.188872 0.121667
-0.744579 -0.045006 -0.282526
0.407436 0.668560 -0.282526
0.477343 0.395176 0.053829
-0.785869 -0.426973 0.088054
-0.241919 -0.934327 -0.187470
-0.885713 0.104891 0.040202
-0.183689 -0.712050 0.218624
0.720846 -0.285530 0.216542
0.817345 -0.047291 0.060963
0.803901 -0.164079 0.054793
0.384106 0.582153 -0.274475
-0.698499 0.079138 -0.282526
0.138168 -0.880414 0.083248
-0.633206 -0.129910 -0.230086
-0.740824 0.529727 0.197943
-0.658046 0.469125 0.210722
-0.512174 0.397302 -0.265516
-0.801687 -0.275019 0.193332
0.202927 0.947261 0.190146
-0.283819 -0.528185 0.206152
-0.824979 -0.344438 0.082182
-0.185827 0.631246 -0.075508
0.589649 -0.440862 -0.282526
-0.575283 -0.224756 0.081068
0.638236 0.523106 0.146564
0.205739 0.760274 0.211562
-0.671780 0.698868 0.118888
0.142285 0.883335 0.068619
-0.278416 0.924417 -0.179522
0.041307 0.847574 0.167087
-0.909227 -0.326551 -0.091411
-0.377702 0.807664 0.027564
-0.452445 0.492681 -0.223675
0.955748 -0.135445 -0.068454
-0.131412 -0.566909 0.170937
-0.063956 -0.896460 0.168291
0.196385 -0.821621 0.195940
-0.727074 -0.148119 0.215672
0.423153 0.477626 -0.232439
0.888560 0.165037 0.208228
0.327587 0.750979 0.070995
-0.392140 0.477214 0.070057
0.837538 -0.479090 -0.222263
0.610425 0.685157 0.254063
0.314353 0.840911 0.110261
-0.356138 -0.596753 -0.278717
0.619538 0.404476 -0.282526
-0.073574 0.614289 -0.274541
0.390616 -0.485352 -0.271607
0.545120 0.333204 -0.267532
0.309780 -0.802748 0.026326
-0.831400 -0.159485 -0.282064
-0.654084 0.125666 -0.140938
0.644555 -0.047177 -0.264804
0.767546 -0.472169 0.201551
-0.236866 0.691364 -0.282526
0.511648 0.821749 0.096528
0.272624 -0.528084 0.126980
-0.006409 -0.965044 0.192612
0.893423 -0.360489 0.222160
-0.961373 0.082350 -0.253780
0.741880 0.519972 0.219033
-0.064902 -0.902335 -0.281004
0.371794 0.562230 -0.217062
-0.495630 -0.652638 0.212817
-0.112473 -0.958446 -0.091498
0.419348 0.412846 0.157158
0.621319 -0.223514 0.223780
0.821709 0.161318 0.158528
-0.121170 -0.651802 -0.154274
-0.135978 -0.623792 0.049277
-0.254606 0.869205 0.190791
-0.296168 0.513564 0.150520
0.342244 -0.832966 0.197378
-0.329333 -0.549745 0.035762
-0.225226 -0.859313 0.042832
0.075568 0.964200 0.222166
0.262028 0.932496 0.146655
-0.020874 0.675505 -0.257078
0.046257 -0.904164 0.198653
0.853213 0.036240 -0.282526
0.356372 0.544302 -0.028204
-0.920193 -0.300082 0.173902
0.836075 0.031786 0.158343
-0.697821 -0.556132 0.069817
0.050244 0.599949 0.117569
0.604603 -0.194833 0.014900
0.678996 0.287958 0.219935
-0.206245 -0.605903 0.036833
0.190086 -0.942749 -0.009238
0.883576 -0.082594 0.033365
0.944490 -0.198598 -0.080766
0.038924 -0.963871 0.057631
0.408090 0.876226 -0.105753
0.431502 0.782276 0.063519
-0.631529 0.570296 0.173546
0.356308 0.900869 0.209174
-0.938531 -0.225789 -0.024128
-0.545120 -0.588581 0.123146
0.659952 0.617349 0.195691
-0.650075 -0.053010 -0.035266
0.297626 -0.914964 -0.244940
0.632567 0.636184 0.112032
0.482968 0.836850 -0.182192
0.228303 0.796102 0.146980
0.959656 -0.103560 -0.135010
-0.790422 0.445748 0.188868
0.166742 0.651428 -0.195995
-0.855465 0.301263 -0.281761
-0.632444 0.126467 0.028520
0.772625 -0.240608 0.117233
0.545603 -0.795091 0.172150
0.125126 0.823164 0.026809
0.789446 0.421265 0.104536
-0.351670 0.577612 -0.221569
0.607654 -0.560082 0.031237
-0.374959 0.593977 0.221219
-0.807440 0.537724 0.166332
-0.426356 0.871618 0.204693
0.955307 -0.109809 0.223096
-0.735603 0.180222 -0.282494
0.671409 -0.334527 0.219963
0.859408 -0.261205 0.165600
-0.515299 -0.379801 -0.231607
0.650660 -0.101295 -0.117289
-0.186033 0.563049 -0.282428
0.729808 0.635484 0.121560
-0.134482 -0.880517 0.072681
0.128757 -0.634013 -0.029161
-0.416824 -0.473329 0.225656
-0.830392 0.415150 0.250636
0.179212 0.949847 0.012733
-0.546484 0.710535 0.084369
-0.528263 0.255498 0.187162
-0.646109 0.532866 0.026326
-0.729178 0.388250 0.051425
-0.519946 0.467132 -0.276923
-0.913159 0.046732 0.211477
0.614376 0.014965 0.223695
-0.494414 0.646274 0.209536
0.596287 -0.754973 -0.079887
-0.373802 0.886069 -0.263166
-0.714995 -0.650172 -0.149792
-0.898863 0.360561 0.027687
0.033093 0.657739 -0.078869
0.633948 0.165907 -0.083258
-0.714588 -0.541996 0.125991
0.490277 0.833506 -0.069778
0.365193 0.501292 -0.273653
-0.538365 0.440873 0.223014
-0.532137 -0.806531 0.062180
0.105018 -0.606633 0.226220
-0.359932 0.468352 0.191046
0.396525 -0.609291 0.219138
-0.453432 -0.769957 0.091860
-0.005071 0.968716 0.136281
-0.375753 -0.735667 0.212371
-0.878912 0.232175 0.231443
0.202644 -0.541521 0.179692
-0.113123 -0.899505 0.201673
-0.959161 0.135238 0.012129
-0.849611 -0.057092 0.178552
-0.727997 0.640471 0.165914
0.948329 -0.180377 -0.211693
-0.072634 0.700380 0.219260
0.845242 0.350728 -0.282526
-0.582590 0.585095 0.054148
-0.832350 0.098192 0.153230
0.531021 -0.557510 0.220077
-0.928043 -0.268835 -0.094463
-0.544202 -0.382486 -0.156014
-0.125393 0.667962 -0.256021
0.532285 -0.731073 0.234143
-0.574654 -0.594742 0.209810
-0.192526 0.603979 0.028408
0.596014 -0.541237 0.147060
0.036194 0.846875 0.026326
0.188711 -0.944615 0.102946
0.745021 -0.472050 -0.282526
-0.028043 -0.874169 0.026326
-0.225072 -0.938527 0.138633
0.164045 0.890680 0.194377
0.585207 0.499183 -0.282526
-0.637368 0.714534 0.229136
0.331215 -0.572493 -0.142862
-0.957884 0.140182 0.134630
-0.235744 -0.564554 0.220531
0.176171 0.714402 -0.282526
-0.677250 -0.305757 -0.282526
-0.346769 -0.473784 0.156697
0.160626 -0.947648 -0.216724
-0.451321 0.391207 0.136588
-0.288506 0.581615 -0.004089
-0.759785 -0.465273 0.048183
0.053400 -0.963398 -0.149129
0.533597 -0.622035 -0.282526
-0.408871 -0.874155 0.123780
-0.412953 0.707364 0.077493
0.223706 -0.865939 0.120352
-0.543792 -0.746409 -0.281818
0.872927 0.229101 0.192553
-0.566862 0.272668 0.068093
-0.447042 0.855780 -0.260375
-0.661298 0.461804 0.138528
-0.733301 -0.630277 0.195629
0.539947 -0.248543 0.127968
0.073667 0.965835 0.156204
0.910461 -0.319232 -0.238649
0.094003 -0.840067 0.186793
0.557548 -0.698628 0.120960
0.280409 -0.922635 0.141754
-0.552018 0.280296 -0.238842
-0.748170 -0.361156 0.027207
0.333894 0.747818 0.215152
-0.513619 -0.752624 0.210439
0.155692 0.942763 0.229769
0.301178 0.591036 -0.129930
0.356697 0.799480 0.026326
-0.807543 -0.404983 0.184722
-0.627751 -0.480763 0.214835
-0.200738 -0.794700 -0.281034
0.249514 -0.609738 -0.126983
0.047621 0.642660 0.004890
0.906007 -0.020750 0.248138
0.457401 -0.781518 -0.281159
-0.421344 -0.592174 -0.282428
-0.186057 0.552559 0.181947
0.031791 0.795194 -0.282526
0.460837 -0.845585 0.018313
0.743938 -0.611092 -0.073667
0.025849 0.853519 -0.282526
0.608247 -0.110072 0.226741
-0.481597 0.698331 0.167680
0.712715 -0.649576 0.143465
0.638439 0.303656 -0.282526
0.820249 0.472636 -0.274899
0.570381 0.393250 -0.251101
-0.669772 0.594702 0.073801
-0.750748 0.487600 0.071174
-0.968587 -0.017286 0.057996
-0.168143 0.884549 0.129285
0.961005 -0.089862 0.119505
-0.899579 -0.355462 0.015503
-0.006482 0.965259 -0.117818
-0.013697 -0.661729 -0.147204
-0.426205 0.735958 0.185643
0.153049 0.952982 -0.074355
0.946386 0.195225 0.048739
0.875336 -0.402292 0.128548
0.711944 -0.647638 -0.220103
-0.738351 -0.323942 -0.282526
0.716318 -0.061568 -0.282526
0.515670 0.421042 -0.155500
-0.527478 0.343112 0.038042
0.823007 -0.502784 -0.132227
0.616281 0.202059 -0.026569
-0.611755 -0.747647 0.070308
-0.825210 0.042266 -0.282526
-0.148659 -0.918566 0.255406
0.895194 0.091760 0.169848
0.668569 -0.025200 -0.201059
-0.606434 0.132199 0.226554
0.668990 0.196487 -0.282526
-0.372163 0.539595 -0.263487
-0.194652 -0.940978 -0.154982
-0.586894 0.772610 0.213775
0.143715 -0.770190 -0.282324
0.720176 -0.118566 0.219796
0.833901 -0.141870 0.181955
-0.634171 -0.416244 -0.282332
0.698152 -0.665124 0.085046
-0.625846 -0.186056 -0.044775
0.884198 -0.118278 -0.282526
-0.461822 -0.360084 0.164597
0.440952 -0.666539 -0.282030
0.696073 0.157499 0.221913
0.755237 0.202396 0.218422
-0.298950 -0.862600 0.217913
0.285087 -0.921213 0.034059
0.827382 0.308005 0.026326
-0.419768 -0.410683 -0.274838
-0.204288 0.899816 0.234078
0.605157 0.753811 -0.014731
0.332799 -0.903535 -0.007411
0.401275 -0.876753 0.136083
0.071988 -0.645709 -0.227927
0.758009 0.601119 0.161847
0.546991 0.288080 0.226112
-0.869095 0.164166 -0.281997
0.220842 -0.583798 0.067537
0.783773 0.257990 0.147475
-0.616322 0.026745 0.091742
0.437901 -0.377941 0.183814
-0.530956 -0.265505 0.139752
0.492840 -0.630521 0.226808
0.282802 -0.548876 -0.237676
0.902128 0.322919 -0.264221
0.123643 -0.656510 -0.198842
-0.122683 -0.644085 -0.095057
-0.917833 0.113520 0.242240
-0.913397 -0.313636 -0.204366
-0.207794 0.943054 -0.088832
-0.299884 -0.916795 -0.249842
0.591124 0.144679 0.085971
-0.580937 -0.663580 0.026326
-0.293999 -0.629675 -0.272803
0.268978 0.926611 -0.174074
-0.437148 -0.807524 0.232707
0.932613 0.253952 0.037585
0.469591 0.846134 0.066929
0.437701 0.651929 0.215389
0.924819 -0.196024 -0.274691
0.186198 0.577648 0.101960
0.054936 -0.811970 0.076194
0.643467 -0.047783 0.225384
-0.083664 -0.961284 -0.170346
0.617285 -0.217997 -0.089250
0.875824 0.408967 0.022843
-0.246708 -0.775770 0.076921
0.108677 -0.819754 0.030109
0.321264 -0.816681 -0.280332
0.419606 -0.487908 0.002144
0.780373 -0.566562 0.199509
-0.426141 -0.864253 -0.184155
-0.044432 0.672901 -0.205571
0.796667 0.545632 -0.248097
0.819855 -0.507852 0.142209
0.954297 0.148990 -0.027915
-0.955962 -0.154144 0.161911
0.655525 0.692760 -0.273058
-0.343381 -0.733953 0.096440
-0.724804 0.222565 0.214306
0.755493 -0.320206 0.052751
-0.853010 -0.274219 0.104540
0.030764 0.799935 0.138463
-0.718605 0.591152 0.255853
0.443651 0.478618 -0.048571
-0.805911 -0.160194 0.147485
-0.574028 -0.156129 0.138730
-0.594313 -0.552658 0.103789
-0.781669 0.014014 0.222864
0.030309 0.962823 -0.233216
0.495148 0.754722 0.176825
-0.650520 0.085714 -0.066115
0.681927 0.600082 0.245634
-0.366706 -0.552430 -0.147130
0.301074 -0.572700 -0.031553
-0.375318 -0.828279 0.206725
0.752723 0.443162 0.026326
0.426934 0.868990 0.097169
0.589425 0.140910 0.213159
-0.070278 -0.643934 -0.031899
0.052190 0.900046 0.150634
0.849597 -0.456476 -0.038425
0.902009 -0.342039 0.018622
0.390706 -0.809477 0.175083
0.524601 0.452305 -0.251223
-0.587547 0.612647 0.165723
-0.560399 -0.481883 -0.281418
-0.964156 -0.091397 0.009400
0.487877 0.569875 -0.282526
-0.426157 -0.488132 -0.264613
0.749350 -0.029799 0.220793
-0.631888 0.455408 -0.281834
-0.797580 0.094030 -0.282526
0.205832 -0.875872 0.186501
0.606219 0.259576 -0.112056
-0.663434 -0.702031 0.131531
-0.498457 -0.338601 0.108902
0.414169 -0.502368 0.225320
-0.691911 0.548454 -0.281956
-0.609828 0.016303 -0.276927
0.120302 -0.841503 -0.282154
0.905597 0.337265 0.108341
-0.181323 -0.944931 -0.013089
-0.046899 0.841455 0.026326
-0.399900 -0.726353 0.026949
-0.689948 0.672807 -0.256458
-0.905755 0.048231 -0.282526
0.507957 -0.818034 0.065655
-0.612815 -0.090049 -0.273955
0.417922 -0.753491 0.026326
-0.089086 0.903179 0.209952
-0.578234 0.776693 -0.108320
-0.123058 -0.646901 -0.261039
0.508373 -0.387833 0.036036
0.556455 0.791287 0.083763
0.883626 -0.168360 0.174513
0.602081 0.151950 -0.272799
-0.026106 -0.634023 0.054478
0.635912 0.206112 -0.186173
-0.955846 -0.154844 0.015909
-0.604276 -0.344888 0.221493
0.840459 -0.292002 -0.282526
-0.634137 0.287939 0.221620
-0.080380 0.812672 0.095512
0.841508 -0.028567 0.163222
-0.140060 0.866602 0.026326
0.484767 0.333126 0.156410
0.040188 0.610668 -0.276542
0.050017 0.965080 -0.016914
-0.767339 0.519452 0.245408
-0.742743 0.615488 -0.169844
-0.202066 0.792467 0.144296
0.686635 -0.372699 -0.282526
-0.249349 0.931351 -0.234941
-0.866008 0.436100 -0.189129
-0.401205 -0.876781 -0.001873
0.720621 0.531516 0.104585
-0.515177 0.595385 0.214687
0.526671 -0.703787 0.026326
-0.737049 -0.342342 0.140779
-0.304313 -0.916051 -0.009169
0.638224 -0.099782 -0.015579
0.398179 -0.453998 0.094908
0.352150 0.845875 -0.282526
-0.201749 0.881752 0.181261
-0.668132 0.613282 0.204338
0.575241 0.080911 0.175424
0.900278 0.351398 -0.045590
-0.655435 -0.015194 -0.227350
0.616723 0.482024 0.221087
-0.488518 0.375251 0.074579
-0.293107 -0.582763 -0.062262
0.527812 -0.282704 -0.279169
-0.179657 0.947171 -0.218740
0.458073 -0.491465 -0.256656
0.855095 -0.302331 0.201639
0.583643 -0.072817 0.149542
-0.116057 -0.888256 0.136794
0.360650 -0.546429 -0.094043
-0.588926 -0.766507 -0.149350
-0.422704 -0.519237 -0.196326
0.952639 -0.088912 -0.264159
0.547660 0.797179 -0.064680
0.553064 -0.780963 0.225462
-0.103786 -0.809189 0.069599
0.278571 0.748942 0.142676
0.262243 -0.659845 -0.282327
-0.393205 0.812339 0.151571
0.623695 0.739259 0.082046
-0.821473 0.210716 0.191984
-0.033436 0.850480 0.175408
-0.285580 0.853999 0.132589
0.946733 0.193737 -0.141209
-0.735125 -0.412661 0.162731
-0.548016 -0.614321 0.050431
-0.360501 -0.895747 0.160936
0.329133 -0.651249 0.219162
0.849061 -0.259407 0.043247
-0.745282 0.403788 0.181658
0.739072 0.309635 -0.282526
-0.447320 0.619552 0.215101
0.908669 0.329102 -0.182221
0.745359 -0.599351 0.225903
0.032630 -0.871716 0.026326
-0.486396 0.763477 0.186576
-0.580390 0.340062 -0.193316
0.560515 0.694169 0.054386
0.667421 -0.483055 0.149258
0.568974 0.324659 -0.075787
0.508084 0.643869 0.065593
-0.310974 0.841434 0.086346
-0.929384 0.269189 0.048596
-0.402210 -0.875746 -0.232157
-0.897929 -0.161976 0.207163
-0.427257 -0.704083 -0.282127
0.480555 -0.660363 0.065195
0.586300 0.220971 -0.271207
-0.486687 -0.452076 -0.259685
-0.022324 0.897540 0.105446
0.393466 0.485887 0.042804
0.581029 0.330583 -0.183335
-0.484944 -0.679954 0.156588
-0.180530 -0.637174 -0.146673
0.320046 -0.488815 0.160147
-0.196993 0.578494 0.090899
0.937125 -0.224304 0.221956
0.886800 -0.010563 0.026326
0.075972 -0.894369 0.152031
-0.163927 -0.821827 0.210508
0.258037 -0.767583 0.117376
-0.967038 0.066893 0.020808
0.816985 -0.512467 0.004195
-0.458917 -0.848358 0.021554
-0.582199 -0.081054 0.161495
-0.783307 -0.053430 0.211782
-0.861300 0.371140 0.252666
0.529589 0.352438 0.017861
-0.766437 0.584761 -0.256608
-0.373343 0.895003 -0.163149
0.565879 -0.451857 0.218783
0.528858 0.811277 0.220216
0.096220 -0.654308 -0.140986
0.811310 -0.363493 0.054867
-0.528283 -0.808458 -0.216061
-0.502653 -0.824865 0.209746
0.774756 -0.501126 0.248482
-0.190874 -0.940145 -0.253380
-0.522857 0.582960 -0.281714
-0.965102 -0.081783 -0.094861
-0.845310 0.320391 0.173252
0.474944 0.466044 -0.224082
-0.750476 -0.588532 0.234081
0.588400 0.765371 -0.204452
0.958000 -0.120378 0.165186
-0.767273 0.130755 0.212423
-0.874136 0.208512 0.119281
-0.661724 -0.027396 0.222974
0.256565 -0.631848 0.226808
-0.320930 0.914968 0.139221
-0.643214 -0.418620 0.223807
0.420857 -0.400724 -0.261479
0.844059 0.299297 0.112790
-0.785755 0.265384 0.038732
-0.610840 -0.091199 0.223679
0.800059 0.446756 0.254275
-0.064727 -0.946585 0.236918
0.273527 -0.520832 -0.282250
-0.005392 -0.693766 -0.262666
0.562797 -0.702688 0.193198
0.457603 0.754098 0.026326
0.759596 -0.593727 -0.123312
-0.714930 -0.498107 0.026326
0.346211 -0.898812 -0.063321
0.593049 0.080391 0.117656
-0.638461 0.501765 0.099928
0.601209 -0.001686 0.109007
0.580051 -0.204728 -0.238667
-0.331413 0.782010 0.168251
0.679986 0.434892 0.107020
0.505877 0.824954 -0.019473
-0.534971 -0.253634 -0.282048
0.668111 -0.694649 -0.246741
-0.589747 -0.765918 -0.065974
0.641909 -0.250215 -0.251587
-0.546795 -0.331833 -0.267393
-0.605003 0.749692 -0.261929
0.489064 -0.830957 0.188618
-0.174364 -0.829819 0.026326
0.816478 -0.387050 0.222576
-0.648027 0.022514 -0.005028
0.577561 0.694212 0.177043
-0.245598 0.613192 -0.095351
0.017142 0.609645 0.213655
-0.834721 0.489326 -0.211098
-0.706640 -0.657698 -0.222495
0.727651 -0.528950 0.183472
-0.591905 -0.266014 -0.019708
-0.939663 -0.210197 -0.259251
0.840576 0.478166 -0.174535
0.821798 0.087143 0.036177
-0.531161 0.400931 -0.134208
-0.719193 -0.646184 0.014192
0.429295 0.541308 0.223183
-0.840467 -0.007966 0.160309
0.666945 0.543433 0.026326
-0.607497 -0.247496 -0.072413
0.263680 0.549867 0.214447
0.824941 0.135145 -0.282526
-0.348643 0.737907 0.088048
-0.852666 0.461631 0.213426
-0.967545 -0.049092 0.157178
-0.618029 0.030720 0.224825
-0.817077 0.078020 0.067813
-0.530449 0.806772 -0.179417
0.815682 0.193093 0.026326
0.478330 -0.444536 -0.076589
-0.103438 -0.592971 0.209795
0.944813 0.131304 0.228791
-0.637454 -0.651090 0.209205
-0.011363 -0.649950 -0.051553
0.878210 -0.244344 -0.282526
0.170611 -0.647871 -0.221667
-0.569982 0.687013 0.036130
0.761130 -0.082927 0.217277
-0.605277 0.575651 -0.282104
0.585193 -0.019362 0.158709
-0.059064 0.966728 0.119795
-0.801016 -0.038232 -0.282526
0.331413 -0.703527 0.215618
-0.824639 0.350963 0.086800
0.741782 -0.614227 0.023867
-0.968257 -0.027360 -0.235470
-0.480943 -0.837314 0.126058
0.022766 -0.920426 0.242508
-0.040972 -0.747191 0.222702
0.620584 0.033171 0.044831
-0.806546 0.382786 0.043767
0.224545 0.600804 -0.267363
-0.449399 0.692553 0.212698
0.927214 0.271751 -0.069282
-0.370145 0.703963 0.214784
0.171878 -0.576852 0.210197
-0.618300 0.743869 -0.176200
0.896198 -0.023468 0.138761
0.808128 -0.108081 0.072125
0.564149 -0.129351 0.179789
0.964164 -0.051558 0.078092
-0.755192 0.332145 0.147765
-0.858871 0.265083 0.120679
0.878392 -0.133238 0.044046
-0.644315 0.356463 0.220217
0.706742 0.655797 -0.254013
0.782460 0.452319 0.197774
0.155021 0.950951 -0.199784
-0.696489 0.667663 -0.162663
-0.518207 -0.427604 0.221945
-0.360322 -0.511164 -0.271488
-0.337746 0.645311 0.219424
0.263475 -0.859931 0.182389
-0.575496 0.314027 -0.055265
-0.365016 0.898179 -0.056515
-0.531134 -0.638586 -0.282106
-0.045820 -0.806324 0.133541
-0.660758 0.653873 0.247609
-0.139555 -0.824374 0.156149
-0.341679 -0.497643 0.102614
0.880677 -0.160329 0.121684
-0.245371 0.798426 0.026326
-0.238306 0.560441 -0.242070
-0.781305 -0.485863 0.234424
-0.112230 -0.958470 0.157821
0.175517 0.888102 -0.282526
-0.256795 0.799388 -0.282526
0.731534 0.428320 0.178593
0.326011 -0.773506 0.205153
-0.260275 -0.861600 0.180407
-0.514887 0.698012 -0.282526
0.315378 -0.745236 0.103432
0.211338 0.877651 0.167374
0.312777 -0.756910 -0.281126
-0.259615 0.524808 0.185041
-0.392141 -0.882289 0.205924
0.479392 0.330150 -0.255406
0.270801 -0.911472 0.234263
-0.875035 -0.277162 0.225855
-0.346386 -0.900436 -0.125144
0.659939 0.112204 -0.195989
0.699008 0.574414 0.204556
-0.594729 0.296288 -0.126642
0.135700 0.567376 0.178128
0.520670 0.560342 0.216729
-0.029512 -0.964288 -0.052244
-0.595510 0.626211 0.026326
0.297907 0.630865 -0.280160
0.052327 0.662860 -0.135105
-0.015445 0.933778 0.244528
0.057718 -0.691696 0.219702
-0.315631 0.814525 -0.282526
0.602736 0.733426 -0.276419
0.573795 -0.115582 -0.273962
0.797875 -0.542138 -0.076912
-0.630403 0.735399 -0.015493
-0.312975 0.776469 0.217390
-0.704214 -0.596195 -0.278007
0.428045 -0.704571 0.219747
0.684949 -0.459152 0.037931
0.111612 -0.958205 0.030832
-0.600651 -0.353304 -0.269990
-0.103655 0.746406 -0.282526
-0.782326 -0.566435 0.006913
0.115946 -0.957779 0.209174
-0.296464 0.596402 -0.138836
-0.616899 -0.252616 -0.159137
0.213719 -0.816986 0.026326
0.134589 0.631831 -0.230449
0.036465 -0.645304 -0.264526
0.086608 0.714744 -0.282526
0.823563 0.146007 0.207057
-0.801147 -0.226096 0.207410
0.624476 -0.571257 0.181026
-0.850080 0.462830 -0.123581
0.178805 0.597301 0.226562
-0.213909 -0.941089 0.040641
0.267259 -0.589368 -0.264248
0.694737 -0.151346 -0.282526
-0.705150 0.120118 0.218195
-0.151787 0.792927 0.209841
-0.201570 -0.897107 -0.280366
0.702363 -0.230439 0.216818
-0.252053 -0.880633 0.227325
-0.889863 -0.380511 -0.186276
-0.948612 0.185774 0.006293
-0.329261 0.490657 -0.274912
-0.333165 -0.565345 -0.088103
-0.492797 0.648714 0.093422
-0.672607 0.043136 -0.210489
-0.812794 -0.010198 0.093502
0.912359 -0.314538 0.128002
0.895921 -0.356737 -0.195635
0.170722 -0.688464 -0.282338
-0.081065 0.962110 -0.090180
0.816660 0.517750 -0.121171
0.759455 0.599359 0.057981
0.155439 -0.803419 0.060045
-0.697609 -0.015853 -0.255402
0.537111 -0.766670 -0.279503
-0.608722 0.752365 -0.076089
0.490524 -0.571776 -0.282526
-0.535571 -0.712979 0.072925
0.646311 -0.615926 0.108188
