0.496261 -0.778479 -0.334255
-0.517788 0.796291 0.273522
0.749469 0.591909 -0.284252
-0.737201 -0.578795 0.278974
0.887147 -0.150903 0.313645
-0.858140 0.158498 -0.341293
0.016242 -0.896509 0.321006
-0.073642 0.500794 -0.339119
-0.249742 -0.419867 -0.341010
0.269055 0.901245 0.285293
0.479384 -0.066129 -0.313722
-0.468895 0.090050 0.241108
0.409105 0.287562 0.253854
0.628543 -0.709693 0.274694
-0.830988 -0.444047 -0.293605
-0.638718 0.690731 -0.294036
-0.033409 -0.940095 -0.247906
-0.221476 -0.423398 0.217603
0.298091 0.903088 -0.252547
0.845758 -0.425392 -0.155590
0.948019 0.103031 -0.153940
-0.110035 0.474482 0.217630
-0.847580 0.420715 0.110001
-0.936651 -0.105652 0.143741
-0.161570 0.937358 -0.056136
0.395490 -0.270030 0.229093
-0.482496 -0.807400 -0.093581
0.887142 0.325329 0.281948
0.204319 -0.572755 -0.050869
0.661862 0.688349 0.149443
0.368851 0.375678 -0.329664
-0.427483 0.238512 -0.335159
-0.536554 -0.273512 -0.043386
-0.405346 -0.820155 0.301754
0.207312 0.570473 -0.022912
-0.363719 0.497001 -0.064365
0.585293 0.214426 -0.071007
-0.101254 0.889017 0.307522
0.342893 -0.881446 0.111938
0.385625 -0.418483 -0.335937
-0.606510 -0.094213 -0.342293
-0.455649 0.440913 0.276384
-0.311273 0.807349 -0.342023
0.111999 -0.524266 0.280762
-0.161049 -0.785915 0.045886
0.811412 -0.147856 -0.342808
0.549781 -0.289092 -0.073954
-0.661998 -0.250083 0.267579
0.060668 -0.623162 -0.342644
-0.602624 0.130768 -0.078362
0.831476 -0.460822 0.209124
0.611735 0.019701 0.276309
-0.474227 0.822786 -0.046115
-0.928711 -0.145736 -0.216856
-0.552355 -0.594353 -0.339129
0.670785 -0.670667 -0.049906
0.005173 0.827120 -0.342131
0.382568 0.601079 0.266751
0.753719 0.262739 -0.342808
0.874231 0.383385 -0.026690
-0.858039 -0.385852 0.012236
-0.287773 -0.760236 -0.342141
-0.799169 0.155198 0.263320
-0.927693 0.155042 -0.045642
0.933461 -0.189162 0.012405
-0.825323 0.458178 -0.188587
-0.311731 -0.517967 -0.051124
0.269992 -0.903624 -0.176145
0.126733 0.943846 0.027495
0.563184 0.768182 -0.145268
-0.096961 0.607963 -0.054862
0.877251 0.076648 0.134991
-0.704757 -0.625522 -0.098497
0.246693 0.638561 -0.342808
0.089881 0.680969 0.281587
-0.629885 0.600899 0.087201
0.687872 -0.563332 -0.342808
-0.268762 0.747444 0.123386
0.403102 -0.551532 0.277959
-0.344187 0.529901 -0.342642
-0.471698 -0.523472 0.265656
0.365639 0.792600 0.039361
0.076849 -0.939868 0.004815
0.436498 0.437276 -0.051113
0.652607 0.450123 0.266587
-0.736041 0.522315 0.318158
-0.617194 0.440573 -0.342106
-0.025508 -0.568905 0.058090
0.620754 -0.044945 -0.071937
0.183613 0.454719 0.216301
-0.402831 -0.248840 0.225491
0.628892 -0.318891 -0.342808
-0.131113 -0.636817 -0.182867
-0.132693 -0.650960 0.270465
-0.586041 -0.737711 0.122354
0.639103 -0.249077 0.271849
-0.476154 0.317214 0.060407
-0.429680 -0.263389 -0.283327
0.607409 -0.507222 0.129134
0.494213 0.816795 0.268519
0.384781 -0.437745 0.032029
0.517390 0.603396 -0.342808
-0.267870 -0.899831 -0.145643
0.206701 -0.743503 0.269918
-0.867620 -0.368045 0.251398
-0.633356 -0.472762 0.096707
0.494234 0.166727 -0.331878
0.436788 -0.676387 0.051731
-0.202032 -0.921207 0.231593
-0.541905 -0.091524 0.116719
0.746207 0.595883 -0.054092
0.748637 -0.323777 0.035815
-0.637756 -0.332602 -0.342808
-0.358167 -0.700002 0.117626
0.242403 -0.754863 -0.342808
0.061867 0.636126 -0.215695
-0.622619 0.130371 -0.342619
0.413668 -0.809520 0.311662
-0.041851 0.795412 0.117831
-0.632448 0.310596 0.273041
0.691707 0.052560 -0.342808
0.498720 -0.803400 -0.114765
-0.533429 0.363008 -0.156339
0.522649 -0.130320 0.125238
-0.287023 0.582537 0.270981
0.749180 0.271415 0.127573
-0.760547 -0.060459 0.266102
-0.621730 -0.094868 -0.121210
-0.158221 0.937521 -0.268305
-0.309987 0.866256 0.299985
0.526421 0.133119 0.121748
0.823729 0.483333 0.150309
0.160703 -0.443862 -0.304051
-0.499859 -0.795133 -0.300745
-0.437866 -0.467583 -0.208791
0.859549 0.415791 -0.250759
-0.721931 0.613020 -0.098031
-0.764243 0.236219 0.066801
-0.772521 -0.203863 0.060934
0.786835 -0.107524 0.128898
0.549637 0.362216 -0.206068
-0.570685 -0.691090 0.320021
0.106056 0.944564 -0.209531
-0.446831 0.648408 0.157147
0.840817 -0.347379 -0.340072
-0.113049 0.692264 0.273468
0.079470 0.949855 0.246737
0.124708 0.480842 -0.334446
0.048019 0.557700 0.095636
0.938921 0.009679 -0.329184
-0.796067 -0.030022 -0.340410
0.193173 0.770601 0.134564
0.374681 0.547336 -0.203308
-0.859075 0.346892 0.292369
-0.091200 -0.772332 -0.342313
-0.316626 0.454489 0.122025
0.180326 -0.778558 0.070104
0.785417 -0.534423 0.033045
0.481341 0.817029 -0.316886
0.378272 -0.531554 -0.176032
-0.396419 -0.398427 0.076663
-0.173016 0.667601 -0.341595
-0.194164 0.931636 0.134726
0.625391 0.244019 0.273656
-0.050365 -0.471415 -0.300322
0.256622 -0.403080 0.238723
0.496999 0.639522 0.065131
-0.794387 0.019727 0.096966
-0.317376 -0.887421 0.081746
0.933472 -0.189110 -0.204634
-0.808274 -0.252212 -0.338155
0.129641 -0.909267 -0.337358
-0.456593 0.681188 -0.342140
0.616546 -0.181255 -0.213066
0.456175 -0.592563 -0.341463
-0.939272 -0.067661 -0.039878
-0.765770 0.326732 -0.340065
0.337087 0.438822 0.107338
0.905501 -0.292833 0.173560
0.930823 0.209228 0.009387
-0.364677 -0.590194 -0.341460
0.529307 -0.399499 0.281587
0.175487 -0.928541 0.180044
0.644914 0.491336 0.061057
-0.267385 0.600848 -0.184040
0.482777 0.307849 0.078925
0.903709 0.138934 0.306998
-0.021707 -0.779574 0.183919
-0.348907 0.884066 -0.179891
-0.727866 -0.594490 -0.288296
-0.116668 -0.934674 -0.050502
-0.881137 -0.327103 -0.157639
-0.931388 0.145134 0.133883
-0.940282 0.033034 -0.210851
-0.405266 0.263814 0.215702
-0.754442 0.554718 -0.321342
-0.578271 0.575648 0.256091
-0.886935 0.321360 -0.092323
0.054352 -0.643670 -0.166708
0.417718 -0.231839 -0.306187
-0.913618 0.026558 0.303853
0.598413 0.668485 0.313352
0.706739 -0.553422 0.300295
0.641069 -0.698940 -0.221243
-0.541713 0.141826 0.090212
0.953632 0.003669 -0.009587
0.193967 -0.516346 0.114738
0.931670 0.203755 -0.296377
0.643912 0.465076 -0.342808
-0.900256 -0.201872 0.294300
0.278257 0.910672 -0.054732
0.282232 -0.583836 -0.341969
0.787752 0.011291 0.268938
-0.438089 0.840832 0.125655
-0.196505 -0.909109 -0.324265
-0.656023 0.430749 0.150060
0.517255 -0.793276 0.151216
0.502057 -0.412080 -0.207951
-0.193401 -0.528749 0.074080
-0.316297 -0.596370 0.269768
-0.479913 0.038161 -0.324450
-0.319056 0.367565 -0.296261
-0.618343 -0.414045 0.269394
-0.033970 -0.484032 0.206287
0.414145 0.857417 -0.138698
-0.564565 -0.111001 0.281587
-0.811556 -0.478954 -0.118567
0.949925 -0.074928 0.140477
-0.048663 -0.942101 0.159653
-0.610464 -0.717417 -0.204006
-0.606396 -0.237792 -0.203209
0.168734 0.803321 -0.342808
0.474946 0.437972 0.271648
-0.583276 0.741558 -0.139343
-0.714805 -0.612771 0.065473
0.238297 -0.913390 -0.013916
0.228028 0.618897 -0.178742
-0.182938 -0.634336 -0.342296
-0.805014 -0.489474 0.160998
0.652755 -0.688127 0.115219
0.841561 -0.331637 0.318081
0.613088 0.154964 -0.219844
0.477351 -0.312077 0.075815
0.346994 -0.701824 0.183805
-0.033907 0.949091 0.043390
0.916344 0.266384 -0.149496
0.334833 0.757938 0.255975
-0.241502 -0.766086 0.205067
-0.522417 -0.593659 0.094954
0.767783 0.565359 0.275179
0.504114 -0.155651 0.281587
-0.461758 -0.821501 0.068006
-0.491738 -0.399002 -0.342082
-0.422113 0.471726 -0.216527
0.053806 -0.676587 0.277272
-0.290552 -0.585924 -0.201812
-0.311422 0.896687 0.034767
0.329948 0.772228 -0.342808
-0.651453 0.048246 -0.203048
0.624582 0.713704 -0.312111
-0.904175 -0.265886 0.118936
0.508601 0.806785 0.101013
-0.172578 0.535456 0.088361
-0.615038 0.222868 -0.203257
0.900327 0.317286 0.127217
0.767597 -0.559291 -0.159187
-0.037316 0.951480 -0.150816
0.321651 0.420212 0.281587
0.500546 0.140455 0.273868
0.367138 -0.862127 -0.321691
-0.572107 0.292083 -0.341120
0.651792 -0.105845 -0.342808
-0.712456 -0.334938 0.115357
-0.627256 0.710565 0.201056
-0.914681 -0.222920 -0.049868
-0.361963 -0.414315 0.278645
0.223231 -0.614112 -0.203884
0.107888 -0.936843 -0.188374
0.278319 -0.890929 0.286371
0.887836 -0.341721 -0.022922
0.036497 0.495550 0.252319
0.695374 -0.394393 0.201846
-0.021653 0.670293 -0.341866
0.288304 0.908471 0.097706
0.232523 0.596732 0.281587
-0.010019 -0.805181 0.035898
-0.294428 0.410639 0.264304
-0.567764 0.757247 0.051284
-0.167255 0.813674 0.035815
0.062543 0.610436 -0.043514
-0.086016 0.653720 -0.204118
0.676084 0.674981 -0.177398
-0.460026 0.829119 -0.263101
-0.901453 0.264216 -0.245476
-0.446435 -0.686309 0.237784
0.607737 0.736415 -0.006762
0.776810 0.204961 0.265889
-0.603581 -0.723316 -0.050021
0.580597 -0.460443 -0.342808
-0.457922 0.402135 -0.342697
-0.511062 0.543719 -0.342334
0.566323 -0.757953 0.008594
0.600914 -0.017704 -0.236130
-0.530002 -0.362710 -0.162055
0.532959 -0.610331 0.203145
-0.390705 0.733761 0.035815
-0.602101 0.038949 0.276163
0.029322 0.813914 0.268304
0.532311 0.313257 -0.342808
-0.773189 0.545286 0.092577
-0.132376 -0.588399 -0.043979
0.498494 0.458672 -0.342808
-0.902949 0.274569 0.046847
-0.499918 -0.230332 0.111447
0.260064 -0.571084 0.280627
0.052706 -0.783204 -0.342510
0.807844 -0.494035 -0.303130
-0.475954 -0.127171 -0.289878
0.797482 0.165467 0.040298
0.591663 0.074825 0.007886
-0.826542 0.456956 -0.045286
0.572328 0.536896 0.186728
0.789431 0.425341 0.309004
-0.630795 -0.474692 -0.340467
-0.305705 0.726297 0.275050
-0.632796 -0.601141 0.183797
0.923739 -0.013543 0.298437
0.732353 -0.142951 0.267716
0.748815 0.592705 0.087086
-0.232051 0.490161 -0.266745
-0.582174 0.004143 0.021937
-0.376912 -0.862604 -0.291938
0.397676 0.866985 0.175270
-0.433764 0.579426 0.281467
-0.140534 0.819979 -0.342728
-0.523150 0.223447 0.279278
0.506153 0.006576 0.185725
0.345889 0.542075 -0.342808
0.821165 0.487457 -0.100446
-0.942089 0.028528 0.058964
-0.186605 0.809384 0.235809
0.329460 0.528539 -0.068453
-0.928621 -0.054129 -0.323530
0.251706 0.432763 -0.291911
-0.426212 -0.429631 -0.051893
-0.245394 0.559762 -0.046007
-0.919388 0.216789 0.258187
-0.176982 -0.505505 -0.266307
-0.795393 -0.504397 0.027236
-0.064898 0.950192 0.193334
-0.787331 -0.219681 0.223660
-0.519748 -0.323980 0.277106
0.066872 -0.867773 0.125653
0.818075 0.095400 -0.342808
0.395939 -0.398395 0.279085
0.777005 -0.259290 0.220552
0.936029 0.185827 0.182695
-0.278104 -0.852630 0.320071
0.540365 -0.188274 -0.330079
0.380153 0.694974 0.148871
0.075458 -0.597952 -0.037615
0.339560 -0.774231 0.035815
-0.320661 0.894341 0.165530
0.564695 -0.588800 0.035815
0.227191 0.514318 0.093864
-0.717052 0.361533 0.057149
0.461509 -0.417450 -0.083947
0.432341 0.433345 -0.231254
-0.567287 -0.150454 0.003201
-0.824930 0.463571 0.230918
-0.683848 -0.210864 -0.339548
-0.116084 -0.797402 0.270627
0.527898 0.712757 0.199487
0.206404 0.761963 0.269491
0.762090 0.369297 0.035815
0.093903 0.612617 -0.342808
0.447197 -0.681146 0.267724
-0.834216 0.263386 0.171059
-0.642992 0.691593 -0.029294
-0.456412 -0.691438 0.035815
-0.773168 -0.109081 0.148242
0.771165 0.427026 -0.342808
-0.499312 0.650116 0.035815
0.449246 -0.831456 0.002728
0.562538 -0.663708 -0.342699
0.948575 -0.088632 -0.126906
0.094275 0.923111 -0.334893
0.686634 -0.435445 0.035815
0.345093 -0.880302 -0.075765
-0.554782 -0.235938 -0.342397
-0.665775 0.149102 0.281587
-0.535195 0.289047 -0.048367
0.736443 -0.599027 0.149007
-0.034973 0.945084 -0.319296
0.375061 -0.364196 0.146932
0.522280 0.321843 -0.040423
0.621125 0.615880 0.054428
0.141218 -0.898181 0.304336
-0.669278 0.482229 0.035815
-0.579879 0.425211 0.272360
0.091999 0.876265 0.146149
-0.741710 0.091952 -0.340927
0.788710 -0.194802 0.039272
0.273068 -0.498836 -0.250722
0.598882 -0.503891 0.261049
-0.385006 -0.466885 -0.342808
0.690282 0.380375 0.170303
0.932890 -0.129355 -0.321616
-0.231473 0.920816 -0.160514
0.870348 0.305534 -0.336574
0.852165 -0.051606 0.035815
0.628067 0.162706 -0.342808
-0.325159 -0.884835 0.205585
0.728333 -0.399634 -0.342808
-0.513655 -0.789919 0.243890
-0.135009 -0.492579 0.276078
-0.298989 0.644264 -0.342436
-0.744881 -0.339828 0.233727
-0.456276 -0.127346 0.226230
0.574750 -0.313456 -0.205677
0.543813 0.336755 0.276439
-0.857574 0.393900 -0.295060
-0.382497 -0.859670 -0.046342
0.099222 0.824387 0.035815
-0.061793 -0.648952 -0.342808
0.580179 -0.119304 0.015818
-0.205097 0.929283 0.256164
0.099262 -0.772634 0.197117
0.247761 -0.879906 -0.338039
0.901078 -0.304671 -0.185256
-0.201073 -0.921160 0.072719
-0.880041 -0.005810 0.191887
-0.747981 0.581501 0.205395
0.441477 -0.835362 -0.216440
-0.353504 -0.357356 -0.283965
-0.583312 0.690917 0.311700
0.571458 0.057151 -0.329127
0.807772 0.508992 0.023745
-0.796260 -0.475157 0.289086
-0.749334 0.339624 0.245791
-0.007370 -0.569913 -0.248278
0.415548 0.254990 -0.315455
0.509435 -0.364695 -0.342808
-0.567593 -0.031304 -0.248793
0.779274 -0.028322 -0.342808
-0.449547 0.414802 -0.055590
0.864852 -0.390285 0.118679
-0.489562 0.153462 -0.279969
0.909244 -0.253131 -0.316592
-0.859749 -0.079376 0.057395
-0.155246 -0.927709 -0.169734
0.689495 0.125411 0.272134
0.281452 -0.507806 0.035724
0.558226 -0.013057 0.079443
-0.547370 0.765885 -0.310816
-0.021992 -0.586541 0.278360
0.086386 0.947314 -0.093579
0.806070 0.367620 0.186541
0.155389 0.558174 -0.248478
-0.278101 -0.781674 0.035815
-0.730249 -0.408805 -0.342808
0.736789 -0.238548 -0.339434
-0.896323 -0.165853 -0.339220
-0.386649 0.359626 0.150598
0.370838 0.662365 -0.342808
0.714910 0.323304 0.269625
0.021025 -0.941656 -0.110277
0.513789 -0.272042 0.277960
-0.062733 0.576784 0.052017
-0.928216 0.148176 -0.222538
0.415250 -0.850727 0.202948
0.212643 0.909944 -0.331262
0.669635 0.352254 -0.342808
0.404837 -0.707849 -0.340253
-0.393901 0.793893 0.244011
-0.385777 -0.784184 0.191385
-0.750272 0.206589 -0.342241
-0.303309 -0.480686 0.057076
0.769029 -0.452333 0.304974
-0.849206 0.137577 0.035815
0.602245 -0.186938 -0.099762
-0.728864 0.602681 -0.211680
0.083819 -0.525865 0.143825
-0.412939 -0.693619 -0.340287
-0.890479 -0.090669 0.317918
-0.893149 -0.292926 -0.265790
-0.782984 -0.519602 -0.222429
0.777732 0.109597 0.178676
-0.669239 0.613969 0.314114
0.537431 -0.220222 0.047619
0.252898 0.774880 0.038374
0.395672 0.350643 0.147184
-0.098705 -0.938356 0.274087
-0.766468 0.164898 0.154433
0.264499 -0.400758 -0.315706
0.163482 -0.576408 -0.342466
-0.344904 -0.356300 0.183254
-0.002748 0.616655 0.277414
-0.031230 0.568357 -0.253378
0.651489 0.605565 0.228267
0.274450 0.841657 0.189794
-0.371922 -0.865224 -0.179533
0.070349 -0.941822 0.217691
-0.524021 0.047601 0.148984
0.504103 0.619136 0.277094
-0.483031 0.226239 0.144097
0.641384 0.047198 -0.132398
0.879326 0.372140 -0.146679
-0.453351 0.336118 -0.253311
0.372869 -0.491891 -0.072542
-0.631674 0.013578 -0.342113
0.185700 0.934939 0.142716
-0.224690 -0.915488 -0.037454
-0.940961 0.039404 -0.066634
0.172427 -0.637836 0.275043
0.432261 0.849129 -0.027809
-0.660495 0.496289 0.242320
-0.598381 -0.496930 0.198314
-0.440050 0.691462 0.258273
0.874817 -0.131236 0.197922
-0.141615 0.567612 -0.244146
-0.512636 -0.207900 0.279846
-0.806982 0.045542 0.264667
-0.142751 -0.488804 0.163067
0.238702 -0.742629 0.164819
-0.272168 0.906360 -0.315255
-0.919212 0.067726 -0.332639
-0.497215 0.805836 -0.161620
-0.394882 0.418530 0.054649
0.423033 -0.344903 -0.264344
-0.068590 0.822602 0.220818
-0.866933 -0.367864 0.129838
0.167352 0.882741 0.320069
0.072093 -0.498233 -0.336835
-0.520050 0.334309 0.273316
-0.307132 0.897362 -0.073813
0.609295 0.255873 -0.180228
-0.538789 0.574792 0.139884
0.511896 -0.797059 0.267718
-0.480931 -0.311968 0.042826
0.804029 0.515013 -0.230944
0.156689 -0.462954 0.203751
0.723869 -0.614349 -0.254572
-0.485166 -0.026225 0.250984
0.311103 -0.822692 0.209461
-0.250828 -0.511002 0.277069
0.821853 -0.477596 -0.064435
-0.032761 -0.613687 -0.076268
0.839185 0.059040 0.035815
0.950595 -0.068117 -0.234914
0.466786 0.235997 0.157374
-0.109154 -0.860306 0.103672
-0.924492 -0.180891 0.048614
-0.713196 -0.106906 -0.341186
-0.176737 0.544450 -0.342806
0.542376 0.236490 0.024722
0.200286 0.930605 -0.125416
0.522032 0.711750 -0.342808
-0.227813 0.492972 0.279960
-0.364115 -0.525345 -0.153533
0.926278 -0.219964 -0.089598
0.145416 0.530895 0.280521
-0.719400 0.616369 0.008482
-0.600937 -0.719124 -0.310077
0.002059 0.641502 -0.127922
0.933215 -0.190215 0.118720
0.825337 0.283881 0.038395
-0.299856 0.503680 0.025963
-0.541230 0.778245 0.171493
0.721147 0.510539 0.153982
-0.688199 -0.148368 0.281587
-0.603565 -0.133459 -0.221406
-0.665180 -0.656238 0.281931
0.310842 -0.728967 0.279783
0.637103 -0.607072 0.186220
0.144070 -0.716600 -0.341104
-0.356464 0.701859 0.165115
-0.505223 -0.607764 0.199851
-0.612429 -0.604682 0.041811
0.530320 -0.046596 0.281190
0.928080 -0.212237 0.238474
0.022112 0.486823 -0.298224
-0.785523 0.529569 -0.109038
0.530144 -0.693627 0.120924
-0.357860 0.541087 -0.159384
-0.913792 0.216986 -0.144699
0.132427 -0.566353 -0.242790
0.410575 -0.770680 0.135405
-0.341068 -0.719609 0.260551
0.946899 0.114399 0.066753
-0.554273 0.677796 0.131691
-0.598641 -0.727370 0.226180
-0.656927 0.585523 -0.341976
-0.205321 0.472327 0.164538
-0.366494 0.876340 -0.282251
-0.092899 -0.876407 -0.342472
0.298780 -0.555360 -0.113701
0.022349 -0.923080 -0.333763
-0.403847 0.351295 0.280933
-0.661210 0.671859 -0.174705
0.667243 0.615043 -0.342808
0.406656 0.800459 0.321195
-0.472836 -0.521561 -0.340905
0.130337 0.820072 0.230215
-0.468520 -0.413717 0.273312
0.159756 -0.930955 0.065527
-0.750856 -0.428346 0.080556
0.556164 -0.763416 -0.251870
-0.320780 -0.450827 -0.256288
0.476186 -0.466623 -0.340636
0.704935 -0.514989 0.098089
0.537833 0.224698 -0.246911
-0.704109 -0.512424 0.159230
0.605997 -0.147089 0.276670
0.952024 0.054217 0.227135
-0.860880 -0.156086 0.191878
0.005800 0.913223 0.307107
-0.234418 -0.541582 -0.342528
-0.822721 -0.353500 -0.339712
-0.232437 -0.670706 0.275230
0.807839 -0.362776 0.222343
0.363080 0.867001 -0.326957
0.122158 0.713042 -0.342808
0.950900 0.073781 -0.251417
0.767095 -0.418554 0.095314
0.680635 0.670122 -0.032015
0.745635 0.596581 -0.155405
0.600054 -0.731314 -0.134839
-0.054090 0.522527 0.148688
0.948609 -0.088290 0.031641
0.737679 -0.288624 0.132460
-0.888209 0.122933 0.318398
-0.022444 -0.941880 -0.015953
0.443485 0.337883 -0.260988
-0.801623 -0.319359 0.062361
0.689942 -0.043265 0.271209
0.198028 0.852733 0.076885
0.289228 0.737389 0.147942
-0.213607 -0.843274 0.134606
0.304682 -0.479925 0.281587
0.650722 -0.094139 -0.177188
0.426534 0.392113 0.061510
0.562909 -0.558798 -0.337816
0.277249 0.420716 0.191936
0.124696 -0.936086 -0.082865
0.737689 0.154586 -0.342808
0.501352 0.404088 -0.129446
-0.896095 -0.289812 0.021733
-0.662208 0.334765 -0.338900
-0.187972 0.590386 0.277195
0.843540 0.209883 -0.342808
-0.287701 -0.871234 -0.335060
-0.903839 -0.267444 0.219806
-0.567835 0.132771 0.281587
0.036225 0.952161 0.114803
0.908029 0.293792 -0.052681
0.791350 -0.009902 0.145923
-0.549233 0.645830 -0.342064
0.148725 0.621518 -0.119415
0.723863 -0.506943 0.214558
0.850634 0.236551 0.154736
0.244551 -0.835779 0.118286
-0.477799 -0.809995 -0.191940
-0.939438 0.090502 0.215388
-0.138261 0.781388 0.131223
0.026397 -0.777118 0.269599
0.906649 -0.288418 0.057479
-0.097554 0.605011 -0.342808
0.658201 -0.662688 -0.321332
-0.583166 -0.196181 -0.082035
0.476864 0.072035 -0.308437
0.481438 -0.493192 0.271057
-0.415167 -0.603839 0.280233
-0.709453 0.042118 0.269459
0.948488 0.098269 -0.032293
0.214853 0.533440 -0.321518
0.474351 -0.207511 0.159722
-0.912414 -0.233470 -0.146544
0.862024 0.410329 0.098751
-0.876390 0.347756 -0.185262
-0.409467 -0.328267 0.280979
0.195434 -0.924782 -0.267750
-0.314154 0.793361 0.035815
-0.742415 0.466434 0.175605
-0.693761 0.643671 0.154622
0.953518 0.008550 -0.106246
-0.112802 -0.566716 -0.342664
-0.531779 0.283894 -0.231593
-0.211942 -0.600120 -0.144796
-0.934499 -0.110017 -0.127341
0.358481 -0.454103 -0.245793
0.401494 0.499829 0.281587
-0.004981 0.830442 0.035815
-0.093424 0.874133 0.138202
-0.658598 -0.644519 -0.332626
0.733208 0.515428 -0.342808
-0.111939 -0.868961 0.206463
-0.051812 0.950448 -0.055744
-0.624445 0.042561 -0.109437
-0.759365 -0.554166 -0.065003
0.597241 0.152431 0.277247
0.287331 0.509651 0.278663
0.318696 0.495528 0.032420
-0.836601 0.251686 -0.341251
-0.740807 0.252374 0.188404
0.391670 0.867142 -0.231144
-0.572838 -0.567901 0.257063
0.544717 -0.124980 -0.258664
0.481326 0.626943 0.158509
0.458176 -0.377793 0.002782
-0.279330 -0.447528 0.145710
-0.403848 0.856363 -0.101045
0.948102 -0.093436 0.245849
-0.453734 0.747464 0.114384
0.670960 0.597652 0.321184
-0.235950 0.846214 0.139576
0.331428 -0.344145 0.229115
-0.554589 -0.759809 0.035425
0.582150 -0.036279 -0.342808
-0.158558 0.619078 -0.126327
0.849974 -0.420738 0.013474
-0.689580 0.536862 0.136607
-0.456470 -0.346129 -0.245649
0.953052 0.022772 0.116887
-0.231783 0.755862 -0.342749
0.421000 0.781130 0.207719
0.205231 0.928962 -0.238858
-0.305368 -0.667302 -0.341047
0.335252 -0.498161 -0.342472
0.725689 -0.333906 0.267764
-0.189875 -0.816739 -0.342808
0.516043 0.800044 -0.230892
-0.441250 0.781056 -0.341936
0.327997 0.893459 -0.150574
-0.814042 0.476982 -0.302959
-0.177077 -0.884940 0.314781
0.630583 -0.510959 0.035815
0.624759 -0.389285 0.263690
-0.684163 -0.408206 0.202559
-0.149402 -0.764666 0.186512
-0.046036 0.533357 0.281142
0.621305 0.256212 -0.342808
-0.880680 0.343099 0.201250
-0.359068 0.715772 -0.342194
0.590434 -0.740917 0.176048
-0.704936 -0.625331 -0.191754
0.807249 -0.079583 0.263643
0.203719 -0.856228 0.231408
-0.003659 0.883039 0.173270
0.249889 0.547573 -0.236567
-0.880191 -0.331338 -0.059883
0.353346 -0.877357 0.019714
-0.377871 -0.782177 -0.339656
0.233192 0.730311 -0.342808
0.557346 0.480433 0.270121
-0.756467 -0.519559 -0.334716
-0.725520 -0.599997 0.180270
-0.744248 0.448179 0.078112
0.419817 0.772272 0.111571
-0.396907 0.862896 0.045307
-0.332652 -0.801159 0.117593
-0.565898 0.182629 -0.011188
-0.553385 -0.759398 -0.128492
0.574378 0.762876 0.261729
-0.522568 0.230186 0.060650
0.421372 0.692321 0.061765
0.348449 0.468670 -0.246443
-0.800606 0.325716 0.042138
-0.343566 0.509858 0.273848
-0.425265 -0.332731 0.134443
-0.512946 -0.250729 -0.246939
-0.806758 0.421495 0.310327
0.003391 0.710153 0.273096
-0.607746 0.512681 0.103198
0.425760 -0.659023 0.165169
-0.204590 0.725471 0.267461
0.280120 -0.433555 0.155785
0.199902 0.932664 0.234420
0.502679 -0.271521 -0.329296
0.826935 -0.290841 0.113030
0.099308 0.496140 0.186065
0.364001 -0.626238 -0.341191
0.643020 -0.617179 0.314472
-0.137768 0.941260 0.063727
0.438404 0.201761 0.236638
-0.547539 0.769974 -0.055720
-0.581439 0.092829 0.002282
-0.653824 -0.677982 0.140179
-0.638743 0.698049 0.105428
-0.713607 0.409518 -0.339741
-0.851655 -0.401331 -0.200185
0.634125 0.475002 0.149345
-0.565740 0.120730 -0.244045
0.538682 -0.703518 0.268181
-0.847469 -0.307365 0.315153
-0.197227 -0.587590 0.276805
0.861611 -0.072840 -0.342808
-0.355024 -0.515726 0.281165
0.937120 0.179216 -0.075234
-0.819485 -0.297458 0.159398
-0.660994 0.217075 -0.342210
-0.580314 0.235550 -0.104770
0.415787 0.858188 0.074697
0.862977 0.229825 0.270340
0.076222 0.787901 0.147702
0.048760 -0.473359 0.239448
-0.377255 -0.733715 0.035815
-0.488709 -0.372078 -0.080519
0.617592 0.122034 -0.089198
-0.363884 0.800574 0.155654
0.767401 -0.559563 -0.050959
0.884673 -0.042765 0.207275
0.768900 0.447707 0.224817
-0.501426 -0.708659 0.123183
0.554389 0.323771 -0.125455
-0.792538 0.375103 0.176187
-0.510076 0.629594 0.276152
-0.478148 -0.758882 0.319647
-0.123315 0.942867 -0.186451
0.547097 0.108505 -0.260460
-0.704898 0.229508 0.266713
0.352781 -0.624876 0.272480
0.846080 -0.420253 -0.271405
0.609082 0.735311 0.082140
-0.774393 -0.401519 0.176899
-0.672056 -0.659937 -0.023323
0.769197 0.425771 0.110118
0.527134 -0.364809 -0.136967
-0.745069 -0.238563 0.137963
0.797911 -0.516099 0.148267
0.539534 -0.216479 -0.245944
-0.695502 -0.490148 0.035815
-0.533526 0.703241 0.218140
-0.804111 -0.392908 0.321168
-0.449747 -0.193323 -0.342687
-0.044822 -0.653262 -0.194487
0.720755 0.626896 0.174025
-0.474220 0.313323 -0.342797
0.506986 0.719377 0.113910
0.693485 0.656402 -0.262037
-0.642003 -0.688754 -0.126795
-0.539998 -0.663424 0.035815
0.479358 -0.123468 0.203350
-0.306607 0.527036 -0.229707
0.165229 -0.558101 0.026664
0.723601 -0.614677 0.234702
-0.034135 -0.677941 0.274845
0.266133 -0.752530 0.079149
-0.937413 0.088608 -0.142784
0.132582 0.559468 0.071654
0.442711 0.469338 -0.134348
-0.811501 0.485983 0.036191
-0.703389 0.348769 0.142872
0.312199 0.569307 -0.146193
0.117318 -0.856292 0.049125
-0.034128 -0.880006 0.251475
0.932568 0.122178 -0.327798
0.586515 0.547356 0.101133
-0.885125 0.329787 0.115009
-0.215832 -0.562726 -0.043778
-0.079456 -0.539168 0.130484
0.880330 0.116882 0.225957
0.345422 0.340599 0.226955
0.799363 -0.175967 0.209306
-0.782740 0.533474 -0.241895
0.219129 0.927864 0.038626
-0.480017 -0.049174 -0.327840
-0.420518 0.571190 -0.342436
0.561500 0.518271 -0.342808
0.530485 -0.588047 0.119460
-0.939498 -0.083125 0.246889
0.163677 -0.800859 -0.340211
0.859229 -0.145266 0.046459
-0.822053 -0.121698 -0.340052
0.683692 -0.404847 0.116887
0.215265 -0.468271 0.277345
-0.516185 0.233673 -0.311345
-0.862258 0.005585 0.036122
0.227276 -0.519286 -0.320723
-0.121410 0.906222 -0.339512
0.068831 -0.571293 0.043872
-0.453341 -0.638351 0.134982
-0.742648 -0.322194 -0.340550
0.440081 0.691815 0.210429
0.361825 0.881621 0.009069
0.494278 -0.297607 -0.247931
0.869592 -0.250525 0.318645
0.953497 0.009193 -0.191944
0.453032 -0.462698 -0.159291
0.556292 0.395495 -0.342808
0.704735 -0.635223 0.020250
-0.846596 -0.183175 0.098344
-0.067861 -0.939047 -0.120597
-0.482695 0.146267 0.174379
-0.639809 0.133065 -0.203157
0.618721 -0.220210 -0.342033
-0.205789 -0.760688 0.114726
0.145333 -0.607499 -0.101730
-0.521906 -0.314608 -0.342808
-0.609394 -0.317128 0.267156
-0.160701 0.570775 0.011758
0.593002 0.658544 0.190938
0.459700 -0.159083 -0.320020
-0.874880 0.354737 -0.014968
-0.153446 -0.461314 -0.335122
0.894383 -0.322884 -0.268057
-0.695035 0.421159 0.261428
0.060178 -0.793802 0.082066
-0.260157 0.518781 -0.342783
-0.913288 0.236905 0.155895
-0.656513 0.586779 0.205195
0.401353 0.865816 0.259862
-0.933524 0.132856 0.041851
-0.290795 -0.889735 -0.252510
-0.867864 0.101666 0.169061
-0.028390 -0.563706 -0.338350
0.123589 -0.729087 0.273803
0.240057 -0.913752 0.086184
0.522831 -0.002725 -0.279015
0.015138 0.948795 -0.216795
-0.686062 0.489241 -0.342099
-0.941003 -0.017634 -0.128745
-0.642974 -0.558039 -0.339830
0.416609 -0.849199 0.087388
-0.190220 0.632337 -0.203115
-0.496283 0.809293 0.073786
0.370779 -0.870999 0.273598
-0.453985 -0.620253 -0.340684
-0.447685 0.779333 0.316615
0.862096 0.167976 0.107636
-0.569622 -0.279969 -0.140701
-0.248239 0.916864 -0.017440
-0.177253 -0.732280 0.261644
-0.369576 -0.455302 0.004104
0.709958 -0.629809 -0.111465
-0.250239 0.411599 -0.314101
0.152260 0.625594 0.276196
0.804477 -0.505541 -0.211394
-0.560466 0.069158 -0.309512
-0.014461 0.587139 -0.342771
-0.127265 -0.562135 0.035646
-0.742620 -0.464776 0.221192
0.400343 0.392854 0.278836
0.042754 0.738347 -0.342365
0.640269 0.360367 0.269491
-0.787695 0.102303 0.088475
-0.768972 0.083059 0.200766
-0.026614 -0.867894 0.111659
0.772481 -0.190344 0.120798
0.473800 0.372328 -0.342808
0.909768 0.288061 0.030120
-0.265171 0.844107 0.217131
0.742769 0.458984 0.035815
0.374290 0.457336 -0.342808
-0.461062 0.447985 -0.147380
-0.395875 0.402554 -0.253495
-0.119716 -0.935053 0.067749
0.501840 -0.722620 0.196709
-0.668296 -0.549469 0.090935
-0.535383 -0.679591 -0.340761
-0.175440 0.445668 -0.307460
-0.608553 0.719474 -0.216556
-0.420779 0.845269 -0.190823
-0.613140 0.230561 0.270321
-0.560620 -0.667492 0.163011
0.075774 -0.940481 0.087103
-0.941073 -0.052751 0.071131
0.384469 -0.333654 -0.336044
0.413747 -0.848717 -0.140271
-0.643729 -0.687264 0.059210
-0.284744 -0.373933 0.236159
0.623782 0.534971 0.259294
0.293854 -0.898232 0.183053
0.878521 -0.010727 0.120964
0.321945 0.817002 0.103915
0.244120 -0.673218 -0.342808
-0.117778 -0.577497 -0.237318
0.558260 0.770489 -0.299394
-0.260865 0.763231 0.202982
0.565781 0.768254 0.144488
0.435264 0.755091 -0.342808
0.939655 0.163859 -0.225970
0.447158 0.521699 -0.342808
-0.438441 0.481024 -0.342589
0.048665 0.951678 0.006381
-0.145823 0.873257 0.206523
0.195130 0.863379 0.192261
0.318903 0.834782 0.276487
0.086204 0.829276 -0.342808
-0.799233 -0.014069 0.210365
-0.058230 0.776848 -0.338264
-0.715584 -0.370787 0.035815
-0.851114 -0.402754 -0.084180
-0.149641 0.512493 0.281145
0.484946 0.819387 -0.144168
0.785940 0.542446 0.200162
-0.114550 -0.780435 0.111308
-0.137524 -0.930146 -0.248120
0.305637 -0.522734 -0.039486
0.272279 -0.902905 -0.259185
-0.385407 -0.859152 0.135211
0.587371 -0.261267 -0.139218
-0.642192 -0.018945 -0.160088
-0.417348 -0.760852 0.121390
-0.381917 0.318197 -0.289971
0.280835 0.660638 0.281379
0.072227 0.563377 0.281587
-0.829455 -0.446914 0.097734
0.532986 -0.662309 0.035815
-0.831389 -0.443297 0.220829
-0.675499 -0.405867 0.109113
0.560318 0.080942 0.279113
0.815894 0.328164 0.117630
0.531323 0.257750 0.277822
0.417267 -0.755382 0.035815
-0.858188 0.395614 -0.098291
-0.939519 -0.046705 -0.211055
-0.448711 -0.828603 0.211890
0.756047 0.297961 0.202344
-0.012460 0.599614 -0.005360
0.844371 0.017341 -0.342808
-0.859428 0.219738 0.310249
-0.911506 0.232790 -0.043126
0.716213 -0.220180 0.277058
-0.204879 -0.920414 0.152041
0.059175 -0.597457 0.281057
0.798066 0.068421 0.103036
0.839923 0.291204 0.225887
0.631608 -0.707934 0.007868
-0.443123 -0.377119 0.016496
0.698317 0.403387 0.083233
0.339098 -0.803288 0.126930
-0.592211 0.523333 0.179928
0.860815 -0.396393 0.277252
-0.943050 0.016228 0.149905
-0.887655 -0.251124 -0.332408
-0.452573 -0.210065 0.178199
-0.369350 0.657725 0.266763
0.367297 0.878632 -0.079038
-0.347870 0.323817 0.232911
0.676436 0.674605 0.256562
0.617762 0.727544 -0.234969
-0.276980 0.907225 -0.223214
-0.404859 -0.390987 -0.337195
0.210661 -0.862863 0.315024
0.388856 0.453062 0.009376
-0.578601 -0.538848 0.094858
0.501054 0.742053 0.291484
0.501248 0.714078 0.035815
-0.556443 -0.449585 -0.341234
-0.846345 0.202604 0.123039
0.757331 0.349887 -0.342808
0.631257 0.052196 -0.219004
-0.154266 -0.726285 -0.341884
0.147068 0.647632 -0.192942
-0.339615 0.441633 -0.309754
-0.522051 0.466554 -0.342455
0.081641 0.540506 -0.266289
0.791900 -0.525377 0.247634
-0.001209 -0.839219 -0.342808
-0.408743 -0.474294 -0.115553
0.421049 -0.373020 0.084977
0.853589 0.428202 0.196630
-0.375752 -0.863213 0.030921
0.642793 -0.584865 0.056138
0.869230 -0.121187 0.119543
-0.584274 -0.244314 0.276155
-0.914348 0.204570 -0.314494
-0.284606 -0.485578 -0.319781
-0.831514 0.293180 0.244094
0.652993 -0.487471 -0.342808
0.749781 0.488488 0.288751
0.175908 -0.855532 0.154763
0.763212 -0.310971 -0.342808
0.783298 0.154630 0.116275
0.535077 -0.780531 0.077238
-0.461983 0.829678 0.232005
-0.297464 0.560539 -0.115713
-0.538777 -0.220364 0.018240
0.704223 0.049894 0.270320
0.564555 0.671620 0.082744
-0.602379 0.647555 0.243788
-0.103359 0.616130 0.276965
0.430446 -0.771348 0.247162
0.131772 0.748740 0.281587
-0.526981 0.520682 0.271479
0.446775 0.633250 -0.342808
0.691029 -0.450371 0.254442
-0.789449 0.523256 -0.032849
-0.777292 -0.532164 0.231990
0.933728 0.196765 0.266903
-0.787986 0.525610 0.262093
0.199467 0.459581 -0.340913
0.714596 0.405608 0.262285
-0.016133 0.875845 0.096280
0.219517 -0.835259 0.037116
0.941559 -0.143576 -0.048384
-0.485098 -0.806129 -0.003105
-0.858257 0.324838 -0.337788
0.713043 -0.166072 -0.342808
0.041763 -0.940213 -0.234616
-0.473039 0.743511 0.194912
-0.398032 -0.315136 -0.332758
0.327173 0.895845 0.178986
-0.271421 -0.563854 -0.113769
0.396961 -0.474586 0.276850
0.553758 0.220903 -0.342808
0.447573 0.564247 0.281587
-0.868423 -0.071864 0.144108
0.336121 -0.883456 -0.208015
0.752432 -0.455315 0.166490
-0.285083 -0.726297 0.157077
-0.751359 -0.567066 0.114028
0.580321 -0.577585 0.258812
0.469293 -0.588251 0.270929
-0.082853 -0.826877 0.035815
-0.445151 0.313737 0.134912
-0.193887 0.886794 0.318158
-0.123170 -0.570989 0.275870
-0.560277 -0.462831 0.271382
-0.042011 0.949872 0.121010
-0.670336 0.666383 0.037492
-0.676636 0.663517 0.234130
0.887461 -0.342716 0.230844
0.850456 -0.220972 0.130531
0.897051 -0.316205 -0.110486
-0.920821 -0.200318 0.178095
0.888208 0.349485 -0.273379
0.474814 0.827954 0.182638
-0.500532 0.366273 -0.082979
-0.535735 -0.173452 -0.304575
-0.101211 0.690800 -0.342808
-0.549405 -0.761480 -0.208536
0.495042 0.814537 -0.004357
-0.209056 -0.917774 -0.227806
-0.790943 -0.055561 0.095589
0.451089 -0.347124 0.281587
0.327057 -0.361211 -0.295794
0.512599 -0.794997 -0.029006
0.597187 -0.637583 0.120302
-0.235160 0.839086 0.056023
0.379653 -0.694010 0.116461
0.174424 -0.770158 0.196251
-0.495621 -0.132147 0.159750
-0.451587 0.379462 0.010631
-0.555499 0.580144 0.066915
0.738745 -0.508188 -0.342808
-0.463973 0.269485 0.280817
-0.220841 0.829987 -0.339907
0.076319 0.640591 -0.137886
0.322163 -0.575201 -0.199439
0.569412 0.605630 0.243311
0.278444 -0.643446 0.281351
0.654408 -0.017652 -0.342808
-0.545275 0.211173 -0.241341
0.229926 -0.915369 -0.088018
-0.615434 0.625210 0.156215
0.709223 0.639599 -0.101818
-0.943845 0.006669 0.228259
-0.812482 0.313776 0.118498
0.521887 0.296797 -0.237546
-0.497720 -0.043722 0.179815
-0.078364 0.842141 0.035815
0.854821 0.402344 0.282244
0.269711 0.863873 -0.342808
-0.524970 0.062182 0.280878
0.078567 -0.852720 -0.342141
-0.630148 -0.487175 0.265873
-0.421324 -0.841260 -0.118201
0.636204 0.712380 -0.127388
0.918119 -0.251245 -0.241799
-0.501361 -0.420418 -0.198350
0.337064 -0.428783 0.108855
-0.594460 -0.099389 -0.042798
0.134899 -0.811168 0.249047
-0.562900 -0.036351 -0.328211
0.076240 0.891569 0.303318
0.226581 -0.594048 -0.132968
-0.677135 -0.584720 0.321379
0.663705 0.686623 0.072820
0.453642 -0.231037 0.266806
-0.292976 -0.823297 0.181217
-0.572572 -0.067484 0.035678
0.368619 0.693703 0.267890
0.477056 0.053499 0.234275
-0.404237 0.860081 0.274169
0.590536 0.141255 -0.023682
-0.494277 -0.801249 0.130638
-0.618689 -0.176165 -0.163664
-0.524379 0.371020 -0.342359
-0.223042 0.429156 0.221111
0.527669 0.549330 0.264871
-0.547776 -0.016105 0.121577
-0.485948 0.720451 0.051367
0.186029 -0.517608 -0.260208
-0.275606 0.909300 0.097399
0.583635 0.753796 -0.073684
-0.120089 -0.935655 0.174236
0.832364 -0.295933 0.189788
0.309242 -0.725159 -0.341685
-0.820436 -0.463787 -0.047585
-0.704304 -0.034331 -0.341353
-0.429691 -0.836755 -0.240062
0.298177 0.487622 -0.305074
0.012381 -0.522126 0.281360
-0.812046 -0.086005 0.221075
0.671221 -0.670785 0.196223
0.830577 -0.260906 0.046644
0.756411 0.207148 0.195929
-0.484254 -0.731542 -0.339562
0.561205 -0.334847 0.270797
-0.827926 -0.253636 0.098473
0.910807 -0.274193 -0.037837
-0.683756 -0.647256 -0.264256
-0.058657 0.949693 -0.250577
0.647127 -0.448279 0.193759
0.463061 -0.825350 -0.285196
0.375947 -0.695234 0.269113
-0.441699 -0.758471 0.231059
0.012882 -0.944210 0.261825
0.848901 -0.222729 -0.342808
-0.202172 0.774251 0.097818
0.810873 0.141353 0.259193
0.253708 0.919534 0.162327
0.164434 -0.930133 -0.022703
0.044611 0.803469 0.080998
0.477761 0.376159 -0.023392
0.433824 0.506329 -0.196837
0.095060 0.882512 0.221578
-0.918623 0.209135 0.073081
0.779044 -0.069334 0.189644
-0.733164 -0.518404 0.318286
0.952925 -0.017915 0.232596
-0.267279 -0.759028 0.272010
-0.932720 0.126800 -0.293631
-0.524014 0.731760 0.314640
0.092751 -0.874999 0.232168
0.036366 0.951865 -0.303390
0.341394 0.818071 0.200742
0.215390 0.514866 0.281587
0.567379 0.115915 0.061504
-0.062269 -0.590867 -0.015092
-0.444258 -0.265472 0.281484
0.599225 -0.732647 0.066942
0.029541 -0.864302 0.064649
-0.928578 -0.152771 -0.053271
-0.745370 -0.277035 0.199491
0.670963 -0.670264 -0.155684
0.571438 -0.670134 0.195844
-0.940274 0.019520 -0.284280
0.267355 -0.479443 0.102528
0.018890 0.951502 -0.070945
-0.727750 0.606754 0.274049
-0.664860 -0.573569 0.241143
0.076478 0.586310 0.022060
0.386607 0.506555 -0.111082
0.241779 0.436671 0.253217
-0.136867 0.942249 0.271813
-0.237055 0.528758 0.048144
-0.648629 -0.402916 -0.342575
0.267371 0.463189 0.135736
-0.254810 -0.534406 -0.235335
-0.721903 0.613537 0.096715
-0.866063 0.160873 0.239950
-0.010221 0.794534 0.191633
0.056623 0.950315 -0.158847
0.009608 -0.726782 -0.342808
-0.212030 -0.855386 0.256087
-0.319372 -0.824128 0.270033
0.867950 -0.380542 -0.104910
-0.878643 0.074465 0.247964
0.806904 -0.409480 -0.342240
0.012696 -0.588863 0.001938
0.557924 0.137577 -0.342052
-0.282352 0.908181 0.241804
0.307717 0.746734 0.073171
0.510751 -0.795075 -0.183947
-0.473339 -0.417997 -0.132038
0.540456 0.411380 0.272080
-0.276597 -0.602731 -0.341775
0.079579 -0.938230 -0.295175
-0.540666 0.771846 -0.240739
0.742783 -0.088758 -0.342808
0.069446 -0.541116 -0.262010
0.581396 -0.109054 -0.342808
-0.103759 0.543353 0.103249
-0.398399 0.638076 -0.342322
0.152042 0.939173 -0.069590
-0.329888 0.752286 0.211141
0.594082 -0.051376 0.004033
-0.645730 -0.086345 -0.186753
-0.121169 0.488503 -0.288790
-0.584504 0.747186 0.243042
-0.636223 -0.446201 0.167947
-0.798164 0.388872 -0.336228
-0.685311 -0.646284 0.214403
0.144669 -0.646459 -0.341813
-0.749460 -0.566277 -0.182222
-0.118569 0.805485 0.266934
-0.634285 -0.103859 0.276173
-0.942037 -0.010366 0.000439
0.835309 -0.453650 0.123512
-0.901071 0.284897 0.242245
-0.044753 0.778603 0.269862
-0.369797 0.875913 -0.017969
0.648522 0.113898 -0.175584
0.575553 -0.387648 -0.342808
-0.518612 0.623012 0.206999
0.770247 -0.438714 0.236337
0.952918 -0.018105 0.056853
-0.460213 0.406635 -0.226464
0.925104 0.233752 0.074588
-0.045965 0.886756 0.236865
0.754358 -0.567646 -0.309598
0.186451 -0.531875 0.279532
0.007209 -0.943510 0.117759
0.005992 0.503045 0.189942
-0.617039 0.555420 0.035815
0.015848 -0.876758 0.202883
-0.087826 -0.793883 0.201460
-0.254816 0.493414 0.120107
0.575589 -0.198202 -0.036275
0.148585 -0.625430 -0.209440
-0.735509 -0.197938 0.268728
0.534747 0.038521 0.130766
-0.658958 0.675246 -0.105121
-0.357841 0.714406 0.094141
-0.562414 0.044938 0.074855
0.490926 -0.756284 0.320149
-0.593990 0.372486 -0.341427
0.858433 -0.212717 0.199181
-0.477165 0.611620 -0.342256
-0.276201 -0.899574 0.136487
-0.838085 -0.154060 0.035815
-0.817591 0.476415 0.163013
0.268758 0.534585 0.004098
0.908967 0.290702 0.218704
0.535375 0.190850 0.084336
0.407621 -0.808644 -0.339317
-0.596467 -0.642150 0.226316
-0.678276 -0.372575 0.261726
-0.649057 -0.148918 -0.341751
0.562904 -0.732565 -0.335037
0.701142 0.552278 0.261693
0.845966 0.442466 -0.054044
-0.137509 -0.612807 -0.118258
0.563071 -0.759783 -0.060692
-0.082028 -0.727460 0.281450
-0.384742 0.457717 -0.011588
-0.754801 -0.561577 0.042074
-0.006650 0.629390 -0.220711
0.132937 -0.542424 0.095754
-0.681882 0.414226 0.084533
-0.842859 -0.231110 0.184435
-0.934932 -0.096764 -0.269732
-0.625442 -0.504037 0.035815
0.829730 0.070721 0.233331
-0.094261 -0.935298 -0.306777
-0.540887 -0.689949 0.228203
-0.314142 -0.396763 -0.333929
-0.568095 0.303615 -0.155297
-0.321027 0.400770 0.164665
-0.852840 0.406765 -0.227723
-0.375310 -0.501026 -0.216817
-0.226934 0.589334 -0.105029
0.946610 0.117333 0.258121
0.694585 0.537037 0.096647
-0.250940 0.770180 0.048477
0.103952 0.946576 0.106257
-0.384629 -0.429575 -0.243548
-0.617167 0.529758 -0.341779
0.588476 -0.517610 0.194121
0.793637 0.531704 0.086757
-0.874079 -0.138274 0.271597
0.785262 0.543392 -0.073989
0.850567 0.433855 -0.141301
0.434075 0.645420 0.260572
0.417591 -0.476841 -0.215856
-0.008548 -0.636069 -0.139350
0.271473 -0.776100 0.239617
-0.175006 -0.846713 0.073376
-0.109695 -0.505781 -0.276569
0.599560 -0.085697 -0.233424
0.841612 0.450609 0.032281
-0.381423 0.806991 0.310045
-0.365846 0.877703 0.213543
-0.850601 -0.232994 0.259823
0.741022 -0.593449 0.059733
-0.884351 -0.322695 0.082170
-0.517353 0.711482 -0.341980
0.569539 0.044935 -0.252763
0.845301 0.229367 0.073514
-0.805653 -0.156223 0.238979
0.147726 0.769038 0.189115
-0.044599 0.951474 0.257990
-0.219355 -0.745093 -0.341022
0.312910 -0.833000 0.280250
0.222849 -0.453586 -0.336494
0.539903 0.785979 0.044754
0.279302 0.910731 0.013020
-0.672768 0.659541 -0.244673
-0.915359 -0.217519 -0.212133
-0.172844 0.935568 -0.122727
0.495038 0.267566 -0.309836
0.124622 0.866605 0.082011
0.820660 -0.003868 0.211968
-0.474929 0.132733 -0.342522
0.201634 0.549705 0.041061
-0.083490 -0.892723 0.321434
-0.186424 -0.922890 -0.092501
-0.805178 0.046033 0.035815
-0.362785 -0.656301 0.268373
-0.698082 -0.475075 -0.340001
0.480243 -0.815969 0.060949
0.627299 -0.315295 0.270729
-0.163897 -0.927318 -0.003166
0.802338 -0.360753 0.155338
0.312065 0.384813 -0.294818
0.289585 0.596167 -0.203460
-0.615906 0.179626 -0.151878
0.775229 -0.388601 0.035815
0.834630 0.463672 -0.290575
0.517797 -0.305499 -0.017336
0.223515 0.694214 0.272276
0.627258 -0.111384 -0.116859
0.646698 -0.470151 0.089535
-0.268902 0.646303 0.280457
-0.732243 0.308154 0.094611
-0.735002 0.140897 0.275964
-0.846181 0.423420 0.009194
0.760071 0.578547 0.022701
0.330135 0.609339 -0.342808
0.219706 -0.530100 0.053373
0.300891 -0.791447 -0.342808
-0.207545 0.547755 -0.243358
-0.800474 0.123724 -0.340573
-0.627929 -0.175852 0.273035
0.460298 0.833098 -0.247030
0.221104 0.488811 -0.272233
0.626446 0.721061 0.261250
0.029354 0.887497 0.232333
0.594247 -0.244175 -0.212770
-0.855452 0.403642 0.188836
0.499635 -0.247304 0.095514
-0.470249 0.184513 0.267715
0.477974 -0.661523 0.208691
0.624381 0.095291 -0.342808
-0.161232 -0.443625 0.237705
-0.094513 -0.935958 -0.195898
-0.646949 -0.010307 0.274307
0.766433 -0.560916 0.194690
0.274490 0.781093 0.217388
0.416708 0.828826 -0.336646
0.893117 0.045520 0.298852
0.397058 0.385479 -0.263186
-0.355085 -0.319239 0.243749
0.636179 -0.423146 -0.342808
-0.602507 0.015942 -0.040246
-0.561350 -0.755608 0.274946
0.656850 0.591351 0.163627
0.320446 0.578930 0.274348
0.827659 0.344106 0.304633
0.251385 0.590219 -0.123648
-0.533063 -0.182432 0.072359
0.762423 -0.251084 0.083696
-0.374113 -0.865014 0.245647
0.788092 0.529891 -0.308719
-0.740105 -0.457407 0.151620
0.670682 -0.565394 0.147322
-0.817608 -0.469079 -0.197423
0.939946 0.162097 0.121077
0.800445 -0.109465 0.064230
0.475045 -0.065992 0.235715
-0.592767 0.633276 0.043148
0.714103 0.634388 0.049383
0.011923 -0.786566 0.126580
-0.408545 0.499261 0.279109
-0.798384 -0.183349 -0.339095
0.447807 -0.181159 0.223956
-0.525095 -0.311883 -0.225307
0.683391 -0.281787 -0.342808
0.805102 0.006290 0.082177
0.442067 -0.405809 -0.234498
-0.346890 -0.405901 0.139929
-0.827042 0.254185 0.058194
0.019086 -0.942724 0.052969
0.344852 0.717346 0.199765
0.727367 -0.610088 -0.037568
0.600301 -0.125156 -0.046589
0.783207 0.546259 -0.175105
-0.773949 0.034577 -0.340639
0.938147 -0.164242 0.178950
-0.779146 -0.413144 0.263831
-0.266391 -0.824308 0.100374
-0.466548 -0.736455 0.171367
0.030277 -0.498605 0.181736
0.868349 0.110503 0.076544
-0.358244 -0.701436 0.199896
-0.337389 0.887697 0.101818
0.886152 0.354949 0.179019
0.439401 0.340180 0.279837
0.165723 0.491084 0.164808
-0.560717 -0.543255 0.157695
-0.777921 0.203087 0.210302
0.153454 0.639781 -0.342808
-0.390719 0.721413 0.217348
-0.605460 0.724379 -0.080245
0.825098 0.481131 0.223629
0.155564 0.789601 0.084560
-0.852254 0.202243 0.188149
-0.778386 0.412270 0.227984
-0.258035 -0.906844 0.261920
-0.292773 0.456207 -0.266718
0.466168 0.204950 -0.287104
-0.795519 -0.347525 0.125278
-0.747875 0.577853 -0.154522
0.772112 0.229150 0.083633
0.278972 -0.799383 0.035815
-0.223091 -0.480259 0.144377
0.550345 -0.161188 0.071719
-0.700465 0.268755 -0.340910
0.953219 -0.008922 -0.261700
0.563095 -0.077858 0.081395
-0.760231 -0.185383 0.172104
0.232634 -0.916343 0.150682
0.949365 -0.080619 -0.034380
0.291590 -0.898215 -0.107947
0.582770 -0.684300 0.313150
0.870694 0.152704 0.170149
0.475865 0.750790 0.224411
-0.639295 0.388302 0.265576
-0.324345 -0.884177 -0.031769
0.873295 0.007561 0.055287
-0.580729 0.057869 -0.241166
-0.703850 0.620181 -0.314154
0.570045 0.686983 0.258306
0.356263 -0.876559 0.198577
0.453404 -0.665367 -0.340362
-0.367498 0.842410 -0.337104
0.580101 -0.749904 0.251187
0.320314 -0.417401 0.281342
0.902237 -0.088281 0.312464
0.926704 0.226890 -0.225578
0.806020 0.300192 -0.342808
0.569504 0.052676 0.072850
0.762149 0.575646 0.150556
0.316907 -0.721086 0.130428
0.413537 0.329569 -0.328249
-0.570228 -0.650387 0.090946
-0.295966 0.829379 0.162757
-0.252800 -0.437980 0.271702
-0.129753 0.942840 0.127378
-0.498158 0.331165 -0.017211
0.399833 0.589539 -0.342808
0.512568 -0.634355 0.260258
-0.413677 0.479701 -0.118044
-0.465488 -0.818514 0.275044
-0.111246 0.548047 -0.310209
0.816890 -0.485579 -0.151828
-0.785503 -0.138443 0.068845
0.602522 0.740696 0.189089
0.398557 -0.507448 -0.342736
0.262504 0.915800 -0.126927
-0.783322 0.374494 0.079635
-0.635892 0.088422 -0.155888
0.666435 -0.126986 0.271978
-0.899010 0.271059 -0.308920
-0.179743 0.880304 -0.341344
-0.477716 -0.638505 0.064440
0.108196 0.486706 0.253411
-0.694947 0.547506 0.258430
-0.308223 -0.547330 -0.342134
-0.283662 0.578076 -0.342613
0.457984 -0.828567 0.252930
0.906344 0.252688 -0.328444
0.810413 -0.394607 0.316216
-0.481008 0.260399 -0.262033
-0.300904 -0.671048 0.271270
-0.526901 -0.097005 -0.266501
-0.590650 0.733106 -0.277655
-0.895605 -0.288925 -0.104662
-0.848976 0.282218 0.315310
0.628692 0.188426 -0.168168
0.383481 0.484094 -0.051768
0.022535 -0.624973 -0.218381
0.620910 0.392962 -0.342808
-0.134222 0.756817 -0.342753
0.737027 -0.304843 0.201706
0.348073 0.887498 0.094315
-0.193138 -0.797290 0.231724
0.666935 0.496248 0.225477
-0.832725 -0.440798 0.034703
0.142036 0.544997 -0.309024
-0.714963 0.149384 -0.342367
-0.522879 -0.606673 0.260659
-0.477736 0.027729 0.218703
-0.706704 -0.526280 0.261107
0.496530 -0.715432 -0.339685
-0.877557 -0.070401 0.244470
0.855458 0.406868 -0.313255
0.194625 -0.925206 -0.204509
-0.687119 -0.291923 -0.340916
-0.457514 -0.184631 0.259384
-0.940435 0.073364 0.103495
0.149815 0.941668 0.271888
-0.501759 -0.236443 -0.307455
0.687481 -0.653113 -0.220448
0.857111 -0.402000 -0.046498
0.068025 -0.561137 -0.333956
0.429568 0.284935 0.171306
0.557328 0.276247 -0.066218
-0.935195 -0.115181 0.064908
-0.107833 -0.467908 0.214739
-0.801061 0.178195 0.035815
0.485233 0.400473 -0.221953
-0.824632 -0.299361 0.222124
0.364638 -0.798386 0.186942
0.461164 -0.826110 0.167604
0.451921 -0.390124 -0.342808
-0.211247 0.864009 0.254806
-0.720471 -0.604842 0.003377
-0.582207 -0.361979 -0.342808
-0.790880 0.520955 0.198374
-0.248993 -0.908300 0.034170
0.886506 0.019809 0.212405
-0.493317 0.091087 -0.285939
0.178285 -0.928212 0.263543
0.397995 -0.856009 -0.256715
0.034484 0.587026 -0.243546
-0.862229 0.063116 0.061141
0.618703 -0.042639 0.275681
-0.183493 0.666616 0.271132
0.600690 -0.000637 -0.032075
0.143848 0.940020 -0.150865
-0.575982 0.362013 0.268347
-0.906794 0.002392 -0.339278
0.646677 -0.693794 -0.102783
-0.501316 0.126117 0.280560
0.038079 0.871849 0.054203
-0.448759 0.764840 0.251299
0.227318 -0.467126 0.148895
0.567525 0.764498 -0.231310
-0.734537 -0.312517 0.061407
-0.254773 -0.457930 -0.272440
-0.050130 -0.793769 0.082331
0.378403 0.729477 -0.342808
0.258342 0.572680 -0.342808
-0.468742 0.369272 0.278069
0.818569 -0.482878 0.022636
0.371540 0.799782 0.139404
0.674864 -0.574289 0.251196
0.872114 -0.373810 0.059205
0.613572 -0.639834 0.264701
-0.211359 0.925542 -0.298146
-0.932899 -0.128832 0.004395
0.035552 0.543866 -0.318608
-0.151890 -0.859235 0.160067
-0.629020 -0.270380 -0.341555
0.232127 -0.558807 -0.230353
0.161401 0.694954 0.273505
0.572701 0.455207 -0.342808
-0.678449 0.444218 0.206416
-0.467082 -0.191425 -0.282911
0.204923 0.592690 -0.082856
0.626904 0.617928 0.116462
-0.231253 -0.602910 -0.206315
0.145370 -0.497938 0.148220
0.583350 0.679374 -0.342808
0.486460 -0.628399 0.103536
0.871114 0.177650 0.232324
0.546253 -0.770884 -0.137154
-0.749637 0.240613 0.126654
-0.459512 0.829564 -0.118849
-0.039180 0.485462 0.242792
0.917986 -0.251665 -0.141884
-0.511075 0.284091 0.021889
-0.432855 0.688796 0.035815
0.648775 0.556258 -0.342808
0.329680 -0.746814 0.222168
-0.431622 0.839685 -0.316699
-0.603829 0.729627 0.145109
0.937862 -0.165971 -0.272417
-0.423116 0.359102 -0.310294
0.854287 -0.244439 0.251711
-0.572918 0.230636 -0.342277
0.328480 0.387474 0.185166
-0.485628 0.273084 0.104428
0.488411 0.213924 0.281327
-0.054601 -0.873071 0.184798
0.223472 0.752090 0.184692
0.529899 -0.068379 0.132203
-0.871034 -0.351997 -0.231218
-0.517517 0.395807 -0.205753
0.698372 0.523847 0.036816
-0.494573 0.810470 0.135113
0.073915 -0.816054 0.253726
0.114111 0.600091 -0.231172
0.230518 0.860006 0.242213
-0.046748 -0.821416 0.237694
-0.341448 -0.442208 0.085737
-0.562260 0.762195 0.112067
0.295888 -0.897334 0.026570
-0.941331 -0.060990 0.189846
0.490915 0.373024 0.276015
-0.816582 0.101665 0.234413
-0.865378 -0.310088 -0.333332
-0.526921 -0.318098 -0.084125
0.849864 -0.200714 0.070469
-0.782638 0.061670 0.139735
0.239819 -0.542149 -0.002985
0.479629 0.454813 -0.180714
0.069896 -0.618211 -0.094904
0.615294 0.068949 -0.059206
0.876843 -0.366166 0.173383
-0.196840 0.930880 0.052759
0.713037 -0.369803 0.076539
0.318318 -0.417738 -0.274697
0.521487 0.799461 0.209588
-0.038933 -0.927830 0.289446
-0.691733 -0.426848 0.035815
0.554529 -0.051253 -0.260268
0.476910 0.284994 0.280317
-0.194394 -0.436227 -0.297814
-0.706545 -0.348658 0.187375
0.125470 -0.793512 0.048590
0.362025 0.726736 0.054639
0.242526 0.845102 0.117554
-0.721308 0.382005 0.212477
0.741894 -0.454229 0.052551
0.006963 -0.553657 0.107064
0.918876 -0.248880 0.124826
0.563980 0.169273 0.032799
0.643583 0.444003 0.200646
0.031379 0.952386 0.209818
0.077647 -0.780816 0.138707
0.456134 0.747724 0.069707
-0.765115 0.464498 0.301468
-0.753049 -0.255094 0.259766
0.108042 0.944051 -0.269936
0.661822 0.571352 0.050787
-0.927328 -0.167109 0.128031
-0.774194 0.274334 0.247344
0.475007 0.112148 0.219889
-0.776494 -0.376483 0.063155
-0.515155 -0.022781 -0.277556
0.624832 -0.713146 -0.277667
-0.522068 0.039459 -0.273598
-0.247098 -0.682808 -0.342373
-0.929845 -0.156671 0.257842
0.411383 -0.481451 -0.117722
0.149201 0.937424 -0.314604
-0.407138 -0.679795 0.088912
0.511732 0.647858 0.224708
-0.871480 -0.087302 -0.339590
-0.539347 0.682466 0.067060
0.202755 -0.797140 0.242884
-0.325642 -0.824970 -0.341518
0.777149 -0.545962 -0.246566
-0.813106 -0.341618 0.263339
-0.245045 -0.517191 0.045549
0.105172 0.945600 -0.032502
-0.808087 0.493132 0.106086
0.829215 -0.447358 0.280979
-0.452090 -0.339355 -0.342778
0.614046 0.646544 0.252185
-0.143332 0.785877 0.201431
0.284633 -0.482023 -0.307199
-0.779694 -0.525042 -0.150744
-0.359394 -0.871803 -0.100380
-0.788873 0.524183 -0.168710
-0.804755 -0.247749 0.035815
-0.191254 0.765808 0.156174
-0.820724 -0.039296 0.035815
0.377293 -0.567792 -0.341635
0.651210 -0.005471 -0.159234
-0.884086 0.331288 0.042857
-0.190270 0.854314 0.101710
-0.493149 0.628007 0.091111
0.461425 0.753978 0.166397
-0.936743 0.089793 -0.232485
0.034158 -0.490403 -0.291288
0.719330 0.456787 -0.342808
-0.538756 -0.189094 -0.246982
-0.134563 0.861144 0.051476
0.401120 -0.855842 -0.082353
-0.761806 -0.553204 0.172645
-0.403703 0.683807 0.117050
-0.028874 -0.752562 0.271230
0.774076 -0.234429 0.275023
-0.201340 -0.547982 0.012145
-0.607541 -0.649672 0.298168
-0.363174 -0.783276 0.065724
0.809993 -0.316180 0.038269
0.447520 -0.746841 0.095288
0.293688 0.818141 0.035815
-0.308781 -0.509432 -0.233241
0.666876 0.286634 0.272441
0.325507 -0.521802 -0.225434
0.874940 0.381820 0.048186
-0.698826 0.288639 0.266276
0.416550 -0.322050 0.141144
-0.432089 -0.837316 0.019050
0.531035 0.602668 0.096767
0.682837 -0.343427 -0.342808
0.636477 -0.445486 0.278219
0.387385 -0.863261 0.150014
0.545349 0.198086 0.278290
0.557128 0.636344 0.035815
0.527927 -0.422731 -0.342808
0.875531 0.117739 -0.342808
-0.385266 0.418518 -0.339394
0.104536 0.535273 0.117654
0.329149 -0.491143 0.005241
0.161457 -0.498637 -0.325956
0.492474 -0.354241 -0.231576
-0.175057 -0.563511 -0.236852
-0.287783 0.903858 -0.164607
0.635317 0.102329 0.274272
0.311348 0.513530 -0.237345
-0.056115 0.641716 -0.137063
-0.832262 0.446686 -0.111729
-0.923052 0.176068 -0.103524
0.386307 0.399886 0.103656
-0.835945 -0.427746 0.277327
0.752494 0.311589 0.041475
-0.436355 0.192251 -0.300011
0.204565 0.808199 0.035815
-0.859585 0.130870 0.118764
-0.626669 0.475398 0.199090
-0.799031 -0.357792 0.207350
-0.545310 0.552346 0.200039
0.780660 0.073611 0.265405
0.208242 0.852569 -0.342808
-0.309111 -0.749768 0.221656
-0.528724 0.108786 0.136935
0.722978 0.624187 0.232589
0.264290 0.753032 0.272490
-0.445754 0.835220 0.003565
0.193213 -0.858568 -0.339567
-0.047138 -0.912835 -0.339345
-0.751185 0.574173 -0.065411
-0.384213 0.869381 0.131755
-0.523538 -0.782160 0.079667
-0.599492 0.675716 -0.341916
-0.767728 0.219669 0.267047
0.485499 -0.541989 -0.341941
0.877666 0.375805 0.232959
0.866603 -0.288471 -0.335214
-0.088663 0.783740 0.180951
-0.692576 0.523692 0.069701
0.829584 0.473112 -0.199322
0.535660 -0.080341 -0.320023
-0.140039 -0.538376 0.095462
-0.643926 -0.686899 -0.279594
0.428603 -0.296133 -0.329922
0.107551 -0.501062 -0.280256
0.878020 -0.147894 0.256231
0.262417 -0.840901 0.235633
-0.923726 -0.179570 -0.104702
-0.605162 0.726350 0.019212
0.947853 0.104721 0.125283
-0.220802 0.634662 -0.342539
-0.810192 0.346951 0.239539
-0.339512 0.479471 -0.241514
-0.209861 -0.918139 -0.145300
0.237568 0.766121 0.097587
-0.402286 -0.327430 -0.275095
0.451028 0.840270 0.117005
-0.723741 0.316598 0.199263
0.132244 -0.587389 -0.034119
-0.540970 0.337858 -0.213013
-0.512844 -0.724652 0.288621
0.697208 -0.450357 -0.342808
-0.360448 -0.492481 -0.068687
-0.652236 -0.481404 0.212883
-0.078548 -0.523479 -0.321789
-0.784387 -0.031670 0.147676
-0.118577 0.798898 0.062965
0.803478 -0.051246 0.078747
0.316921 -0.578925 0.275129
-0.389591 0.525987 -0.205091
0.913729 -0.048529 -0.338964
0.508678 -0.795907 -0.255176
-0.169010 -0.537545 -0.313521
-0.432645 -0.764435 -0.339555
0.344524 0.504357 0.274622
-0.400166 -0.480600 0.274700
0.300958 0.427931 -0.331297
0.156601 -0.854025 0.091134
-0.901935 -0.028652 0.315163
0.092923 -0.671635 -0.342085
0.279990 0.800784 -0.342808
0.288374 -0.899399 0.115810
-0.178323 -0.588636 -0.078820
0.145067 0.878403 0.249644
-0.316736 0.827762 0.236599
0.149422 -0.932763 0.128983
-0.535472 0.183062 -0.330591
-0.793455 -0.462136 -0.333199
0.483546 0.512896 0.269963
0.694111 -0.646977 0.271927
-0.685950 -0.079475 0.270646
-0.506278 -0.791396 -0.243869
-0.721202 0.491110 0.122602
0.945190 0.130331 0.193871
0.168558 -0.620568 -0.155906
0.426189 0.386505 -0.314164
-0.554839 -0.169201 0.277539
0.869027 0.269773 0.310947
0.077797 -0.590739 -0.234663
0.704323 0.570165 -0.342808
0.572427 -0.309481 -0.342808
0.427007 0.783755 0.264584
-0.857654 -0.127363 0.104321
-0.143212 0.523477 0.139590
-0.422476 -0.243469 -0.339036
0.944168 -0.127772 -0.230330
-0.260352 -0.488749 0.101842
-0.403819 0.776748 0.122428
0.175873 -0.767502 0.125995
-0.316332 -0.884191 -0.171508
-0.231042 -0.813970 0.035815
-0.261437 -0.608241 0.279926
0.353124 0.327188 -0.304142
0.581436 -0.422562 0.281587
0.953190 -0.009828 0.176171
-0.926551 0.079826 0.288247
0.116360 -0.475021 0.252424
0.888138 -0.294710 0.287822
-0.151863 0.746879 0.265601
-0.536884 -0.750493 -0.328955
-0.471743 -0.279509 0.116807
-0.924771 0.190729 0.207871
0.424706 -0.421435 -0.011860
-0.642874 0.609796 0.256826
-0.903856 -0.260063 0.276202
-0.383379 0.788025 -0.341992
-0.369940 -0.533645 -0.341914
-0.361466 -0.727825 -0.340233
-0.319117 0.512720 -0.026655
0.687991 0.109178 -0.342808
-0.236365 -0.841635 0.186552
0.695984 -0.519014 0.042235
-0.488726 0.080444 0.188862
-0.444867 -0.339840 0.081720
0.411204 0.754563 0.035815
0.244101 -0.811523 -0.342057
-0.323049 0.739900 0.057364
0.893289 0.335986 -0.087521
-0.909162 -0.249205 0.065015
-0.424484 0.215441 0.238081
-0.527972 -0.518452 0.262686
0.820450 0.488604 -0.033546
-0.690986 -0.598460 -0.337828
-0.616007 -0.612638 0.131042
0.804710 0.381533 -0.342808
-0.515314 0.170058 0.134835
-0.572510 0.564384 -0.342179
0.718684 -0.504700 0.151921
-0.885868 -0.320879 0.216211
0.109432 -0.667084 0.277473
0.177210 0.737221 -0.342808
0.730583 0.485351 0.084157
-0.345560 0.566085 0.270246
0.883946 -0.352059 -0.210436
-0.428252 -0.665265 0.188816
-0.266673 -0.531349 -0.020152
0.721787 0.216400 -0.342808
-0.696494 0.639761 -0.055595
0.739519 -0.510996 0.317260
-0.419260 0.632443 0.261735
-0.499040 0.574718 0.271538
-0.205845 0.489522 -0.324930
0.217615 0.469749 0.166919
0.198047 -0.620608 -0.342808
-0.277926 0.401406 0.211477
-0.093984 -0.609209 -0.083032
0.315931 -0.383598 0.192381
0.424175 -0.298153 0.277018
0.056431 -0.942064 0.144541
-0.846932 0.180830 0.071383
0.026785 0.657436 -0.177538
0.386717 -0.343193 0.276513
-0.507687 0.420193 0.275212
-0.453974 0.149900 0.222291
-0.245366 0.891923 0.296799
0.804891 0.513626 0.264457
0.564894 -0.311831 -0.147351
0.686387 0.562657 0.201469
0.047198 0.876258 0.112767
0.499824 -0.627425 -0.341733
-0.071145 -0.612873 0.281587
0.200661 -0.923799 0.028184
0.518596 -0.346916 -0.084764
0.545330 -0.272841 -0.230221
0.780289 -0.541578 -0.102203
0.599851 -0.731463 -0.202348
-0.771858 -0.130988 0.199512
-0.581548 0.287967 0.275612
0.562515 -0.092054 0.278808
0.924169 0.237762 0.210250
0.069544 -0.942245 0.273403
0.250947 -0.911760 0.242543
-0.002971 -0.781930 -0.342808
0.375365 -0.403301 -0.261046
0.516384 -0.007715 -0.334076
0.240432 -0.446595 -0.284159
0.636342 -0.584200 -0.340974
-0.911907 -0.237913 0.009476
-0.731464 -0.589985 -0.135252
-0.314143 -0.554485 -0.148064
-0.500760 0.804243 -0.091274
-0.459054 -0.637608 0.275724
0.791679 -0.369277 0.085239
0.246248 0.862232 0.317611
-0.596337 -0.728437 -0.111758
0.952248 0.047374 -0.066568
0.650644 0.698856 0.213837
-0.552722 -0.762084 0.159365
0.365282 0.450460 0.061049
-0.529978 0.121056 -0.314752
-0.369000 -0.424989 -0.310237
-0.075621 -0.702622 -0.342793
-0.748070 -0.263204 0.088454
-0.906796 0.261679 0.100553
-0.707033 -0.544044 -0.339410
0.901708 0.313617 -0.174334
-0.223775 0.689917 -0.342564
-0.922922 -0.177176 -0.292048
0.663059 0.219919 -0.342808
-0.042747 0.616906 -0.061262
-0.031076 -0.513251 0.159406
-0.510798 0.709861 0.119935
0.673533 0.217055 0.270254
-0.627658 -0.199866 -0.340675
0.522707 0.286650 0.012403
-0.346207 0.884918 -0.124705
-0.195952 0.860631 0.187007
-0.623840 0.707227 -0.154651
-0.135313 0.879448 0.260341
0.916231 0.266756 0.142624
-0.370523 0.344806 -0.336910
0.921663 -0.185636 0.286322
-0.857868 -0.384970 -0.135898
-0.032552 0.519931 -0.279626
0.685843 0.404897 -0.342808
-0.519967 -0.782492 -0.165683
-0.405820 0.852799 -0.251745
