0.228657 0.775224 -0.178339
-0.305049 -0.928647 0.155493
0.921789 -0.342036 0.149436
-0.957340 0.181744 -0.152353
-0.527019 0.810600 0.169887
0.430381 -0.878131 -0.181264
0.863222 0.451046 0.166808
-0.797920 -0.519900 -0.193212
0.719698 0.050280 -0.192653
-0.731664 -0.156225 0.154318
-0.034891 -0.710778 -0.193199
-0.067578 0.980996 0.153903
-0.509530 0.491106 -0.194180
0.473226 -0.534185 0.145733
0.550755 0.804565 0.165714
0.152477 -0.935866 0.178952
-0.832893 0.468279 0.178952
0.564274 0.464901 -0.168139
-0.462211 -0.521075 0.123027
0.781061 -0.579620 -0.188795
-0.300623 0.896368 -0.194853
-0.484487 -0.793361 -0.193536
0.964498 0.058696 0.174134
-0.958756 -0.179645 -0.125577
0.917844 0.349918 -0.178125
0.951139 -0.222017 -0.188066
-0.816028 -0.521070 0.163731
-0.213462 0.668451 0.128745
0.171094 0.704324 0.153927
-0.677000 0.174491 0.106456
0.562071 0.808345 -0.172590
0.447553 -0.543778 -0.194065
-0.501955 0.487899 0.132571
-0.083340 -0.692686 0.125707
0.463854 -0.863403 0.143131
-0.828350 0.518524 -0.168394
0.678881 0.198351 0.100107
0.696109 -0.124846 0.093751
-0.698913 -0.007940 -0.185053
0.233661 -0.696001 -0.012628
-0.975751 0.055672 0.136053
0.644907 -0.283429 -0.183220
0.516970 0.483935 0.136244
0.122448 -0.969707 -0.125877
-0.583646 0.786633 -0.146743
-0.218619 -0.951020 -0.142705
0.764893 -0.615452 0.117723
-0.067588 0.702022 -0.187646
-0.497541 -0.492747 -0.194794
-0.558375 -0.800806 0.091027
0.037099 0.982695 -0.117213
0.738148 0.652976 0.008545
0.273155 0.945639 0.045169
-0.670358 -0.288493 -0.097363
-0.690217 0.270069 -0.188398
0.983178 0.054582 -0.106572
-0.301655 -0.666185 -0.046604
0.619535 -0.757636 -0.055114
-0.337503 0.652595 -0.093644
0.395879 0.623530 -0.063058
-0.069686 -0.975208 0.066545
-0.315755 0.930215 0.130269
0.644662 -0.358371 0.155831
-0.928632 -0.302275 0.137874
-0.723293 0.661055 0.076136
0.951197 0.257336 0.040080
-0.722614 -0.656357 -0.004469
-0.934774 0.286011 0.076420
0.687852 0.268613 -0.123191
-0.625844 -0.364469 0.156171
0.976231 -0.127071 0.043159
0.782873 0.531436 -0.194853
0.301073 -0.931207 0.000567
0.880296 -0.436943 -0.052980
-0.009663 0.735557 0.019913
0.587207 -0.443681 -0.050387
-0.364388 -0.711812 0.150286
-0.632828 0.372147 0.013357
-0.892345 -0.393583 -0.052367
0.379401 0.675935 0.155128
-0.444325 0.875126 -0.024849
0.236179 -0.805190 -0.184466
-0.654047 -0.662861 -0.193514
0.372170 0.911724 -0.143175
0.719707 0.453567 0.023539
-0.856935 -0.082450 0.018216
-0.515068 0.663237 0.036627
-0.147599 0.971571 -0.044368
-0.386702 -0.896231 -0.022833
0.069942 -0.840219 0.024451
0.344005 -0.694003 0.152527
-0.203620 -0.831904 0.018216
0.129613 0.915356 0.174537
0.624313 -0.740915 0.167851
-0.666698 -0.651904 0.178952
0.145308 -0.712722 0.156103
-0.580665 -0.443280 -0.030242
0.811548 -0.257199 0.018837
0.728263 -0.117723 -0.093490
-0.668563 0.624139 -0.194637
0.427544 0.796533 0.018216
-0.837166 0.109945 0.020771
-0.894785 0.009874 -0.194038
0.837683 0.078365 0.038092
-0.298046 -0.782134 -0.193647
0.415484 -0.606598 -0.023823
0.849495 0.180248 -0.194853
0.662556 0.659897 0.178952
-0.868777 0.447959 0.000814
-0.904530 0.354094 -0.186778
0.376311 0.881009 0.178952
0.508638 -0.716652 -0.194785
0.549999 0.647614 0.024446
-0.120013 0.880164 -0.194853
-0.170767 0.834653 0.081834
0.195216 0.949377 -0.191442
0.645558 0.643930 -0.194853
-0.705059 0.001081 0.067084
-0.917081 -0.130420 0.178952
-0.828290 -0.312554 -0.194163
0.175635 0.717460 -0.021601
-0.363131 0.758796 0.077637
-0.056790 -0.908525 -0.193831
-0.763959 -0.319177 0.047050
0.399580 0.744010 -0.194777
0.886811 0.429652 -0.018732
0.781407 -0.406279 -0.194816
0.846266 -0.067277 0.155164
-0.396704 -0.639202 -0.186250
0.869999 -0.072972 -0.194853
-0.184220 0.713598 -0.035302
0.797844 -0.451484 0.094080
0.310907 -0.639687 -0.170558
0.715785 0.039814 0.145820
-0.719034 -0.130575 -0.072746
0.619639 -0.608142 0.018216
-0.533837 -0.648852 0.028166
0.681258 0.355395 0.154131
-0.740925 0.320569 0.151411
-0.662434 0.524917 0.149193
-0.719232 0.133733 -0.092408
-0.420264 0.782961 -0.194853
0.083297 0.892005 0.018216
0.486666 -0.850199 -0.025367
-0.374397 0.595894 0.097285
0.616826 -0.572618 -0.191962
0.257694 -0.827416 0.117944
-0.974685 0.058646 -0.047052
0.829053 0.235437 0.143670
-0.614087 -0.758387 -0.063796
-0.239546 0.747223 -0.181808
0.059996 0.841213 -0.187559
-0.723010 -0.499407 0.018216
-0.519807 0.519205 -0.028277
-0.654609 0.429964 -0.181568
0.277648 0.790752 0.076659
-0.118238 -0.722302 -0.055476
-0.658958 -0.448921 -0.178832
0.796389 -0.244735 -0.174099
-0.075211 -0.845712 0.151897
-0.186884 -0.674617 -0.189037
0.937461 -0.191084 0.178952
0.098888 -0.725199 -0.117522
-0.026849 0.832254 0.150187
0.668916 -0.310925 -0.034446
0.767152 -0.611423 -0.035386
0.445347 0.561268 -0.193545
-0.461583 0.634743 -0.181576
0.495585 -0.683281 0.079698
-0.823515 0.194432 0.150866
-0.832313 -0.002759 0.145658
0.750996 -0.253243 0.156524
0.631521 -0.540324 0.150189
-0.611457 0.688135 0.170126
0.647955 0.742472 -0.067288
-0.815775 0.190504 -0.194434
-0.227255 -0.658979 0.123322
0.374730 -0.764178 0.018216
0.575118 0.466012 -0.003943
-0.797239 0.277544 0.022109
-0.747298 0.632888 -0.070330
0.144075 -0.967534 0.022008
0.789778 0.312921 0.024722
-0.613498 0.763684 -0.003063
0.726939 0.135014 -0.037772
0.685731 -0.700277 -0.178991
-0.818319 -0.168887 -0.172640
0.935865 -0.302775 -0.050853
0.565663 -0.434791 -0.193528
-0.447647 -0.860555 0.162375
0.294635 -0.932338 -0.148247
0.965147 0.197754 -0.099329
0.093822 0.701707 -0.171719
-0.949480 -0.225375 0.017493
-0.378589 -0.899073 -0.166417
0.757702 0.552462 0.178952
0.980049 0.094458 0.033237
-0.661795 -0.505547 0.147656
0.751440 0.392716 -0.194853
0.087551 -0.843915 -0.194716
-0.407718 -0.739939 0.018574
-0.285562 0.939665 -0.061420
-0.463257 -0.565009 -0.060192
-0.708943 0.505233 0.018216
0.910469 -0.356083 -0.184954
0.825125 0.538673 0.051642
0.324338 0.627813 -0.186223
-0.162181 -0.821526 -0.176096
0.039818 -0.708269 0.046745
0.634306 0.339179 0.027087
-0.057147 0.874788 0.018216
0.645602 0.551387 0.080985
0.507777 0.618052 0.152242
-0.655451 -0.247458 0.089692
0.858130 -0.053883 0.018216
-0.093346 -0.972098 -0.080275
0.451719 0.557047 0.040205
-0.162750 -0.958870 0.160618
-0.826945 -0.390225 0.140782
-0.198870 -0.796477 0.148690
0.981224 -0.077424 -0.090359
0.926515 0.334679 0.145181
-0.497650 -0.644526 0.156524
-0.379610 -0.596202 0.051309
-0.618955 0.370514 0.155710
-0.183879 0.965581 0.081957
-0.691252 -0.199523 -0.191664
0.739041 0.001203 -0.038853
0.049204 -0.803868 0.151189
0.948161 0.189575 0.173944
-0.506757 -0.833526 -0.068508
0.301121 0.675354 0.019158
-0.916713 0.336391 -0.047153
-0.975224 -0.055658 0.067887
0.018540 -0.932090 0.178952
-0.832262 -0.214519 0.096685
0.378557 -0.750082 -0.177526
0.511519 -0.529892 0.017031
-0.524890 -0.649156 -0.172685
0.550988 0.816847 -0.013286
0.754822 0.633144 -0.120653
-0.822910 -0.523181 -0.066989
-0.780024 0.385389 -0.194737
0.637934 0.750696 0.060677
-0.959751 0.187805 0.154837
-0.863964 0.343101 0.178952
-0.960864 0.170912 0.011931
-0.454945 0.707575 0.149525
0.189999 0.965774 -0.065680
0.039531 0.724359 0.155402
-0.973861 -0.066154 -0.067432
0.337442 -0.916759 0.158332
-0.256330 -0.942511 -0.009939
0.505838 0.538308 -0.079922
-0.688896 0.249937 -0.035295
-0.411344 0.858848 0.178952
0.047193 0.982365 0.097447
0.548371 -0.442454 0.098644
-0.622341 0.595310 0.018216
-0.092065 0.726117 0.156524
0.716580 -0.510813 0.018216
-0.080278 -0.836513 0.028735
-0.771848 0.577726 0.170927
0.888735 0.063260 -0.194853
0.633696 0.379548 -0.112611
-0.268964 0.788027 0.151417
0.516112 0.659725 -0.173675
-0.859373 -0.462072 0.046544
0.951804 -0.249875 0.072527
-0.618271 -0.558230 0.038240
-0.652642 -0.725948 0.079273
0.839443 0.054978 0.156262
-0.731669 0.002245 -0.050061
-0.298653 0.655909 0.019913
0.195505 -0.692634 -0.192111
0.982851 -0.059454 0.141729
-0.821306 0.532251 0.071149
0.666985 -0.719671 0.058329
0.246616 0.891576 0.176238
0.827121 0.199575 0.022072
-0.348336 -0.840535 0.087698
0.483043 0.719946 0.095673
0.261051 0.690453 -0.100127
0.824621 0.539485 -0.067343
-0.211596 0.899343 0.178258
-0.287018 0.851635 0.018216
0.537554 -0.818451 -0.141754
0.668428 -0.240266 0.072985
-0.669341 0.714868 -0.103659
-0.078237 0.979946 -0.148039
0.019772 -0.977079 -0.047876
-0.428753 0.597469 -0.007486
0.368984 -0.600887 0.086033
0.827039 -0.152731 0.077788
-0.755810 -0.617588 0.111608
0.394523 0.902131 -0.019149
0.664059 0.522536 -0.186788
0.691978 -0.480094 -0.184013
-0.531988 0.824339 0.053567
-0.516678 0.609082 0.152030
-0.205810 0.960022 -0.173164
-0.747116 0.430585 0.098550
-0.692863 -0.144931 0.045559
0.462514 0.869299 0.100928
-0.739551 0.066063 0.156216
0.475513 0.862351 -0.118764
0.157170 0.971194 0.064612
-0.964683 -0.082504 -0.187368
0.203009 -0.845897 0.018216
0.936933 0.304359 -0.066065
0.707143 0.178513 -0.191440
0.247709 -0.657877 0.094532
-0.482518 0.854712 -0.130762
0.550478 -0.811493 0.061274
-0.871914 -0.418091 -0.188253
0.897038 -0.401974 0.054167
-0.573879 0.455617 -0.105563
-0.628762 -0.340188 -0.192355
0.070799 0.734537 -0.061998
-0.632036 -0.333297 0.019913
0.768486 -0.361452 0.022476
0.832187 -0.522211 0.002966
-0.621482 -0.554803 -0.172925
0.738758 -0.060587 -0.189373
0.797301 0.342356 0.133085
0.169194 0.811673 0.058513
0.408465 -0.889291 0.044027
-0.739859 -0.636468 -0.128271
0.008182 0.983642 -0.010412
-0.002764 -0.732196 -0.075573
0.042912 -0.976917 0.064614
-0.460273 -0.860869 0.051027
0.834375 -0.516557 -0.116136
0.386583 0.780947 0.123760
-0.567218 -0.414606 0.074904
0.808746 -0.527173 0.172885
0.971531 -0.031965 -0.190237
-0.820942 0.531613 -0.051038
-0.738052 -0.295733 0.150620
-0.906240 0.026708 0.048358
0.239916 -0.949153 0.114955
0.685693 -0.164510 -0.181972
-0.291263 -0.669136 -0.159179
-0.734988 -0.364805 -0.175008
-0.785822 0.057034 -0.180520
0.772208 0.143809 0.156524
0.424264 -0.757248 0.115886
0.549406 -0.610934 0.156524
-0.605825 -0.764164 -0.171410
0.323939 0.823044 -0.194853
-0.930730 -0.289763 -0.169210
0.579250 0.409777 0.088817
-0.198822 -0.683930 0.022397
0.108127 0.811561 0.156524
0.748352 0.445334 0.126675
0.877133 0.448808 -0.169344
-0.316341 0.668859 0.156524
-0.572983 -0.742402 0.178952
0.834056 -0.398394 0.178952
0.151407 -0.853066 0.111018
-0.578648 0.570554 -0.176951
-0.574995 -0.566391 0.149684
0.519382 -0.520284 -0.119993
0.697079 -0.424334 0.078043
-0.972318 0.080900 -0.179122
-0.559966 0.433807 0.057759
-0.383077 -0.608336 0.155772
-0.648995 0.338935 -0.084804
0.226848 -0.951192 -0.070692
0.791598 0.296114 -0.190700
-0.830402 0.370695 0.059989
0.984673 -0.003776 -0.002318
0.967500 -0.179953 -0.077916
-0.795048 -0.047529 -0.179042
0.505138 -0.772554 0.178952
-0.087992 0.978985 0.045001
-0.374017 0.906617 -0.103335
0.616580 -0.356576 0.056517
0.702348 -0.684354 -0.069076
-0.879739 0.422053 -0.098491
-0.643346 0.271605 0.114642
0.712687 -0.017347 0.060116
0.370942 0.912186 0.081074
-0.354596 0.628275 -0.192100
-0.708105 0.161043 -0.190760
-0.006071 0.923996 -0.194853
0.202302 -0.945619 -0.190858
0.413309 0.579940 0.140602
-0.730373 0.503375 -0.194176
-0.918371 -0.330115 0.040056
-0.695887 -0.223877 -0.019143
-0.806763 -0.549281 0.052631
0.813364 0.419661 0.051226
0.652813 0.483353 0.156524
0.916480 0.008841 0.073197
0.425287 -0.659825 -0.181498
0.638752 -0.366415 -0.114149
0.277262 0.944393 -0.113284
0.140639 -0.697052 0.040653
0.278430 0.668695 0.153161
-0.218001 -0.885570 0.104599
0.016347 -0.976504 -0.177799
-0.034127 0.735665 -0.098448
0.698890 0.242021 -0.026408
0.946489 0.152304 -0.194853
-0.216161 -0.697934 -0.089782
-0.135730 0.699661 0.051755
-0.445407 0.874548 0.085709
0.190981 0.679884 -0.184111
-0.514141 -0.519967 0.013431
-0.462703 -0.729563 0.117866
-0.171208 -0.962062 0.061294
0.709810 -0.201082 -0.042305
-0.544015 -0.468604 0.155204
-0.284237 -0.883102 -0.193574
-0.701815 0.103599 0.041240
-0.602158 0.773808 0.116397
-0.402070 -0.738089 -0.194798
0.576109 -0.703017 0.022253
-0.214764 0.847203 -0.194853
-0.533198 -0.498064 -0.102711
0.673237 -0.656130 0.178952
-0.736066 -0.434800 0.091264
-0.564421 -0.411666 -0.172015
-0.707989 -0.056524 0.146528
0.643772 0.653426 0.072479
-0.820138 0.296001 -0.194380
-0.043843 -0.813007 -0.176336
-0.764261 0.606284 -0.183757
-0.336257 0.732128 -0.178341
-0.699583 0.646838 0.178952
-0.442218 0.787477 0.018216
-0.933500 -0.282619 -0.060007
0.919905 0.352240 0.030515
-0.710294 -0.103461 -0.168979
-0.595571 0.702678 -0.194853
-0.358022 0.914086 0.041769
-0.811969 -0.101453 0.148841
0.585135 0.712958 0.133151
0.629075 0.325711 -0.193489
-0.034337 0.820729 -0.175999
-0.146683 0.721016 -0.134940
0.641491 0.740275 -0.185497
-0.284501 -0.769022 0.076382
0.907272 0.134979 0.081946
0.335515 -0.653832 0.001056
-0.962510 -0.046935 0.169053
0.729242 -0.119034 0.002638
0.355808 -0.910779 -0.074729
-0.014965 -0.905555 0.023281
0.807354 0.004305 -0.178549
0.863471 -0.180746 -0.194853
-0.772395 0.600581 0.021806
-0.944116 0.245922 -0.055884
0.210845 0.790305 0.156524
0.324063 0.849018 0.018216
0.910569 -0.125054 0.112445
0.468916 -0.761044 0.018216
-0.388475 -0.618059 -0.094835
0.074698 0.709928 0.052922
0.858207 -0.319061 0.075913
0.164714 0.842162 -0.194853
-0.501495 -0.745069 0.018216
0.362740 -0.839591 0.109131
0.049575 0.869509 0.110682
-0.618097 -0.387775 -0.095759
-0.885079 0.207320 0.066578
-0.692648 0.693775 -0.005481
0.523654 -0.626748 -0.176435
-0.889033 -0.225849 0.172630
0.586108 0.568271 0.151275
0.360941 -0.639111 -0.091408
-0.835951 -0.263771 0.018216
0.748933 0.640320 0.150749
0.737911 0.546473 0.088613
0.269005 -0.682059 -0.099636
-0.298722 -0.641340 0.050369
-0.896474 -0.151314 0.075687
0.433251 -0.669709 0.150737
0.707609 0.106039 0.047888
-0.678806 -0.700098 -0.100674
0.449000 0.821711 0.178952
0.749527 -0.375222 0.149822
-0.966129 -0.138751 -0.009714
0.611168 -0.763616 -0.150298
0.739757 0.255994 0.153264
-0.461593 0.570965 -0.089241
-0.067585 -0.707546 0.036293
-0.625071 -0.652571 0.018636
0.780595 -0.146785 0.156524
0.932501 0.260764 -0.192178
0.538908 0.551151 -0.184633
0.025725 -0.701477 0.136742
0.288601 -0.788536 0.036440
0.714970 -0.052203 0.145738
-0.709903 -0.544077 -0.194032
0.949530 -0.120433 -0.194853
0.867726 0.298748 0.082793
-0.976067 0.002551 -0.132820
0.190925 0.891456 0.020405
0.775330 -0.148968 -0.181344
-0.600148 0.685538 0.059758
-0.494181 0.718385 -0.194474
0.895060 -0.159576 0.018216
0.448972 0.820843 -0.194853
0.702477 -0.482362 0.147331
-0.867585 0.436579 -0.187125
-0.835038 0.087373 0.151365
0.350354 0.619777 0.070426
0.778124 0.117919 -0.181877
-0.041503 0.915839 0.097650
-0.124611 0.815232 0.156524
-0.249862 0.658216 -0.187794
0.038162 -0.762304 -0.184709
0.196633 0.685473 0.059636
-0.623841 0.601362 0.107664
0.697837 -0.370722 -0.181031
0.691658 -0.254397 -0.111374
-0.097471 0.730680 -0.024146
-0.074428 -0.959106 0.171629
-0.261442 0.946981 0.043011
-0.442077 0.561502 0.147348
0.112194 0.977319 -0.025173
-0.904263 0.105886 0.087731
0.591631 -0.686329 -0.194613
0.733844 0.079414 -0.106073
-0.352020 -0.857656 0.178952
0.118801 0.976668 -0.150090
-0.873302 0.441147 0.091239
0.002991 -0.820509 0.077551
-0.353943 0.843979 0.095487
-0.163111 -0.712534 0.155733
-0.135787 -0.966692 -0.165864
0.472947 0.863723 -0.016585
-0.817158 0.041484 0.071977
0.730918 0.377312 0.074890
-0.570910 0.405058 -0.176560
0.307003 -0.854922 -0.193880
0.004634 0.939694 0.178952
0.169841 -0.712839 -0.068922
0.747225 -0.634961 -0.124491
0.548764 -0.608963 0.069820
-0.716384 0.564080 0.081484
-0.896369 0.120012 -0.193909
-0.514422 -0.806245 0.175905
0.908868 0.380972 -0.095325
-0.908329 0.239427 -0.194478
-0.622154 0.323311 -0.188464
0.672618 -0.619471 0.085521
-0.811013 -0.385489 0.018216
-0.630253 0.521759 0.069221
-0.791690 0.204249 0.067201
-0.138490 0.795034 -0.178316
-0.477968 0.526573 0.046623
-0.915182 0.257308 0.178952
0.230057 0.956779 0.118770
-0.441440 -0.869937 -0.115507
-0.557573 0.806906 -0.051782
0.435918 -0.562793 0.047056
0.351710 0.765171 0.042268
-0.431482 0.555288 -0.171953
0.644886 0.439413 -0.183075
0.831977 -0.214034 0.145368
0.310050 0.740279 -0.179289
-0.710513 0.237800 0.154855
-0.274740 0.774592 0.067426
-0.110648 -0.905083 0.102116
-0.805846 -0.140163 0.064682
0.119749 -0.971220 0.108815
-0.570469 -0.708852 0.091600
-0.530464 0.743273 0.078365
0.588099 0.446954 -0.085436
0.430232 -0.595264 -0.112071
-0.902543 -0.139468 -0.193770
-0.445922 -0.570636 -0.190891
-0.773099 0.432955 0.018216
0.088661 -0.928281 -0.193524
-0.455569 0.795838 0.114360
0.832705 0.526484 0.144802
-0.688352 0.184733 0.022902
-0.137779 0.901728 0.043308
-0.235008 0.696971 -0.100162
-0.742561 -0.527741 0.102347
0.295406 -0.738369 -0.179720
-0.759434 -0.267499 -0.177582
-0.284875 -0.859868 0.036302
0.569662 0.803465 0.067339
-0.672988 -0.612862 0.100344
0.866351 -0.426438 -0.192562
0.584504 0.792829 -0.086948
-0.176930 -0.960641 -0.027431
0.102284 -0.694603 -0.194796
0.891497 0.219284 0.089002
-0.660845 -0.477440 0.068851
0.698036 0.695802 -0.114222
0.158695 0.720011 -0.102808
-0.146336 -0.818561 0.076602
-0.850119 -0.477353 -0.134576
-0.516447 0.811887 -0.192959
0.744531 -0.639608 0.039076
0.825849 -0.532403 0.084795
0.976980 0.125616 0.127414
0.799631 -0.486746 -0.194640
-0.089150 0.817398 0.068024
-0.807253 0.304898 0.105033
-0.106085 -0.723200 -0.153704
-0.912698 0.100466 0.175195
0.475557 -0.791868 -0.193675
0.633047 -0.539078 0.060370
0.882327 -0.275670 0.176891
-0.781606 -0.583753 -0.017229
0.969715 0.171642 0.008077
0.693440 0.124357 0.131849
0.661190 0.330300 -0.053383
-0.677376 0.444555 0.151275
-0.581699 0.447394 -0.019844
-0.234234 0.886621 0.100859
0.649079 0.286513 0.087665
0.255089 0.881878 0.095890
-0.389805 -0.764991 0.094280
0.937023 -0.298956 -0.132029
-0.847021 -0.331313 0.088571
-0.132257 0.913425 0.168025
-0.650383 0.293292 0.021583
-0.968393 -0.129126 0.116033
-0.390070 0.897308 -0.182369
0.593234 -0.697863 0.101422
0.260366 -0.902533 0.178952
0.767952 -0.442182 0.018216
-0.909810 -0.072736 0.113488
-0.662669 0.721799 0.103719
0.435720 0.658519 -0.181466
-0.047046 0.704909 0.093220
-0.578912 0.480503 0.154763
0.737904 -0.003398 -0.119073
0.783938 0.597343 -0.026989
0.745095 -0.534040 0.103006
0.222189 -0.952842 0.033068
0.177798 -0.788009 0.149829
0.006326 0.837427 0.049954
0.605386 -0.442807 0.155043
-0.734228 -0.378376 0.148207
-0.700339 0.210643 -0.128251
-0.269761 -0.743675 0.150982
-0.729285 0.037116 -0.126186
-0.566327 -0.794444 -0.010763
0.166066 -0.767007 -0.181289
0.100559 0.913069 -0.194853
-0.740206 -0.550256 0.178952
-0.447265 0.686187 0.072011
-0.728135 -0.070554 -0.017543
-0.446502 -0.566057 0.019913
0.017569 0.760949 -0.185930
-0.696393 0.071510 -0.190431
-0.349643 0.819514 -0.194154
0.080137 -0.906834 0.068564
-0.587060 -0.623211 0.095480
-0.225642 0.676922 0.043126
-0.521895 0.515465 -0.110047
-0.173698 -0.898058 -0.193764
-0.358252 0.751474 0.156524
-0.280954 -0.934627 -0.084953
-0.027438 -0.757880 0.153617
0.504427 0.712116 0.018216
0.871823 -0.452814 0.122068
-0.050274 -0.976036 -0.011270
-0.933848 0.282104 -0.133173
0.690775 0.566832 0.018216
0.533350 0.733695 -0.194853
0.098366 -0.972483 -0.049767
-0.410538 0.636012 0.154555
0.238148 0.883539 -0.194853
0.313728 0.800357 0.146196
0.521513 0.524903 -0.004050
-0.881902 -0.215307 -0.193846
-0.543414 0.640775 -0.176579
0.440532 0.592443 -0.119636
0.413169 -0.594087 0.156014
0.398628 -0.838709 0.178952
0.620304 -0.375063 -0.191754
-0.542222 -0.722508 -0.193909
0.723615 0.655003 -0.188997
-0.735365 -0.444316 -0.194530
-0.222774 -0.909052 0.178952
0.423306 -0.881948 -0.101252
-0.588101 0.480608 -0.185553
0.863453 0.474401 -0.085766
0.716395 -0.252724 -0.186203
-0.366759 -0.818610 -0.194002
0.716173 0.179708 -0.114219
-0.748210 0.346838 0.076871
0.848222 0.148807 0.141251
-0.697863 0.347129 -0.182131
-0.854114 -0.181741 0.018216
0.875786 0.451327 0.084727
0.894889 -0.405501 -0.122367
0.455122 0.582414 -0.034630
0.116804 0.909149 0.087513
-0.856437 -0.328917 0.177697
0.329901 0.660502 -0.081756
-0.950758 -0.221691 0.094681
-0.918104 0.015718 0.177154
-0.728614 -0.050104 -0.116259
0.315875 0.901336 -0.194853
0.677982 -0.277981 0.156136
0.686354 -0.624804 -0.194557
-0.754986 0.141521 0.153693
0.317011 -0.788270 0.147548
0.515824 -0.755756 0.101485
0.798686 -0.316602 0.142485
-0.904764 0.371093 0.094213
0.160043 -0.869155 -0.194221
0.659689 0.731791 0.152216
0.284871 -0.863578 0.052115
0.547752 -0.462449 0.022466
-0.527912 0.686105 0.129312
0.237444 0.830665 0.018216
-0.727413 0.080919 -0.027264
0.949853 0.261766 0.144095
-0.657931 0.521053 -0.177202
0.110313 0.784044 -0.180921
0.775991 0.607350 0.056742
0.094003 -0.727250 -0.011744
-0.961457 0.163110 -0.078466
-0.213541 0.871657 0.018216
0.662586 0.249588 -0.192461
0.161838 0.856299 0.119754
-0.787191 -0.575121 -0.109596
0.209674 -0.787021 0.074977
0.816566 -0.315156 -0.194399
-0.644977 -0.725177 0.161769
-0.973883 0.078103 0.063524
-0.553844 0.606887 0.069484
-0.767873 0.503396 0.156555
-0.294749 0.874641 0.177338
-0.188137 0.774221 0.152280
0.909449 0.064858 0.018216
-0.347169 0.805786 0.018216
-0.336305 -0.773297 0.021474
-0.333380 -0.917811 0.038056
0.911314 -0.367320 -0.020143
0.834703 0.005440 0.058707
-0.312412 -0.622869 0.133507
0.380831 -0.600322 -0.193725
-0.367511 0.637498 -0.026309
-0.559425 -0.798659 -0.123266
0.227147 -0.695084 0.156524
0.683140 -0.184530 0.137540
-0.909643 -0.350740 -0.130715
0.307982 0.931326 0.159178
0.088166 0.813847 0.078490
0.746123 -0.567951 0.178952
0.929215 -0.321650 0.052543
0.686338 0.706831 0.011089
0.922768 -0.005935 0.146168
-0.809945 -0.282639 0.135341
0.943983 -0.111147 0.178952
-0.733833 -0.419817 0.018216
-0.466471 -0.694844 -0.180367
-0.028008 0.982754 -0.080974
0.399975 0.622196 0.011322
0.325891 0.929142 -0.028168
0.628006 -0.385218 -0.029840
0.562743 0.598090 0.078149
-0.217062 -0.771725 -0.178280
-0.031099 -0.976088 -0.120099
-0.417001 0.693655 -0.177613
0.727353 0.462628 -0.194853
0.493858 -0.544573 -0.055074
-0.428058 -0.668404 0.150736
-0.899555 -0.380040 0.132382
0.314744 -0.927465 0.073789
0.882121 -0.231187 0.029965
-0.846342 -0.454296 0.171332
0.604884 -0.770683 0.019960
0.612916 0.348964 0.112879
0.534886 -0.552383 -0.184308
-0.658379 -0.298526 0.156255
0.607833 0.411917 0.156524
0.549175 -0.811835 -0.029588
0.543292 -0.514267 0.155136
-0.617104 -0.330276 0.091778
-0.686458 0.694112 -0.181757
0.616286 0.578324 -0.180074
-0.648948 -0.258967 -0.185875
0.611248 0.772597 -0.011674
-0.257113 -0.942677 0.063106
0.774160 -0.275583 0.078827
-0.679923 -0.212473 0.148947
-0.757703 0.243766 -0.179302
-0.780791 0.586262 -0.115547
-0.225061 0.956245 -0.102888
0.426761 -0.804856 0.060675
0.872882 0.379789 0.178952
-0.107548 -0.780439 0.154255
0.961158 0.055124 -0.194289
-0.502128 0.565520 -0.186182
-0.612521 0.402238 -0.067872
0.362183 -0.907102 -0.157291
0.005947 0.912921 0.042748
0.823851 0.397977 -0.194853
0.579228 -0.452970 -0.121860
-0.039023 -0.912128 0.110977
0.791907 -0.578946 -0.113352
0.977016 0.125252 -0.121489
0.488849 -0.849540 0.059453
0.670318 0.477216 0.070976
-0.451175 -0.865219 -0.034554
-0.976883 0.003299 0.025934
0.081717 0.975234 0.160654
-0.604225 -0.766879 0.044518
0.826550 -0.391169 0.065923
0.616666 0.409463 0.013269
-0.260404 0.688668 -0.031882
0.630838 0.607612 0.018216
-0.011792 -0.732757 -0.001944
0.235668 -0.881700 -0.193818
-0.297160 0.936147 -0.132543
-0.487053 -0.543316 -0.138294
-0.135518 -0.690466 0.075950
-0.616806 0.760477 -0.075045
-0.007838 -0.978174 0.130150
0.712750 0.680093 0.102821
-0.384854 -0.897950 0.129087
-0.866500 -0.056361 -0.194413
-0.482655 -0.655322 0.078382
-0.695348 -0.580157 0.040239
0.686210 -0.581301 0.018216
0.811149 0.157089 0.077636
-0.842004 -0.008826 0.027278
0.780776 0.480532 0.070579
-0.001838 -0.856217 0.139490
0.860685 0.277654 -0.194853
-0.961771 0.170501 0.083526
-0.918072 0.334100 0.024309
0.516491 0.491483 0.065181
0.606318 -0.622682 0.114968
0.885870 -0.241033 0.100525
-0.259398 0.716659 0.154309
-0.278663 -0.815576 0.129991
0.917944 0.112392 0.164995
0.704098 0.188176 0.019913
0.907453 0.384094 0.097666
-0.404722 0.612991 -0.082092
0.983653 0.040068 0.108288
-0.707793 -0.179503 -0.122803
0.865559 -0.462023 0.019825
-0.633432 -0.434768 0.152719
0.429183 0.715971 0.049984
0.791010 -0.023361 0.155603
-0.278557 0.817006 -0.194853
-0.567288 0.408857 0.126849
-0.795798 -0.394861 -0.194117
0.651155 -0.297414 0.035590
0.954451 0.243626 -0.028904
0.259953 0.660933 0.078218
0.891687 -0.259044 -0.194853
-0.812883 0.421222 0.130655
0.274315 0.677003 -0.191129
0.450588 0.800398 0.093531
0.858242 0.273067 0.018216
0.979518 0.099847 -0.053263
-0.458513 -0.857483 -0.183023
-0.771841 -0.595713 -0.175093
0.983118 -0.051308 0.048797
0.763542 0.233079 -0.180052
0.388979 0.856533 -0.194853
-0.849588 0.483715 -0.111129
-0.444599 -0.798508 0.130598
0.670962 -0.715817 -0.011183
-0.508864 -0.480949 0.090238
0.409761 -0.887981 -0.025621
0.880623 0.142623 0.018216
0.792468 0.585440 0.120464
0.181914 -0.676718 0.105188
-0.695875 0.068509 0.102675
0.325005 0.860930 0.115010
0.695373 -0.169870 0.041402
-0.888844 -0.402830 0.066249
-0.709072 0.383243 0.151511
0.808284 0.239577 0.077983
0.022725 -0.834849 -0.172946
-0.867953 0.290379 0.134349
-0.153661 0.970570 -0.112930
-0.667718 -0.297258 -0.029212
0.410206 -0.813229 -0.193855
0.146223 -0.884657 0.018216
0.669954 0.255554 0.145294
0.314556 -0.625022 0.120179
-0.855035 0.307277 0.052162
0.591840 0.397636 -0.194128
0.714500 -0.182155 -0.111832
0.301199 0.733094 0.156524
-0.699209 -0.681606 0.126642
-0.469658 0.721956 0.018216
0.596516 -0.778525 0.099443
0.981975 -0.069796 -0.019502
-0.657866 -0.720721 0.011421
-0.376579 0.906697 0.110446
-0.693326 0.584866 0.020851
-0.944353 0.248377 0.012180
-0.584684 -0.498614 -0.183595
0.501533 -0.493289 -0.185507
-0.776203 -0.247959 0.078160
-0.243595 0.951924 0.116215
0.505185 -0.496261 0.075483
-0.706454 0.498347 0.105146
-0.063160 -0.974540 -0.180234
0.594134 0.696835 0.057230
-0.974252 -0.065883 0.001013
-0.751969 0.627682 0.127524
0.085283 -0.861595 0.121856
0.763273 0.600395 -0.191079
-0.709498 0.567555 -0.194853
0.451947 0.707844 0.154329
-0.402984 -0.610192 -0.010403
-0.854860 0.066896 -0.194570
-0.783053 0.343324 0.018216
0.893109 0.251602 0.178952
-0.761611 0.497539 0.059454
0.466317 0.531998 0.100945
-0.790720 -0.205811 0.148911
0.530511 -0.674180 0.143798
0.798370 0.468655 0.168074
-0.602218 0.554512 0.150805
0.805925 -0.089428 -0.177886
0.674402 -0.712862 0.133280
0.526290 0.681411 0.140814
-0.728673 0.436417 -0.194704
0.205171 0.962582 0.018710
-0.699642 -0.064430 0.079895
-0.905067 -0.043448 0.043596
0.953861 -0.241054 -0.103184
-0.771390 0.122182 -0.181697
0.865012 0.052934 0.094665
0.253884 0.694152 -0.024056
-0.392472 -0.809131 0.018216
0.734807 -0.072336 -0.045118
-0.897722 0.177107 0.132967
-0.788600 0.471045 -0.193729
-0.789833 -0.443565 0.045192
0.636747 -0.442998 -0.183406
0.136736 0.695175 0.086895
-0.616078 -0.673614 0.127683
-0.679975 0.270144 -0.106806
-0.493229 -0.843025 0.105888
-0.144003 -0.718134 0.007076
-0.845905 -0.091956 0.086615
-0.542451 -0.458099 0.031297
-0.089001 0.865510 0.113744
0.585917 0.633276 0.137953
0.714287 0.584620 0.137487
0.089374 -0.915465 0.177104
-0.471236 -0.776690 0.072020
0.411606 -0.888709 0.110239
-0.203422 0.961290 0.014365
-0.102513 -0.898022 0.018216
-0.169667 0.901242 0.103091
-0.835279 0.223608 0.018216
-0.712086 0.169239 -0.036820
0.061203 -0.976712 0.138977
0.965269 -0.192127 0.119041
-0.970557 0.102148 -0.116629
0.846499 -0.359503 0.127064
0.348748 -0.765176 0.078900
-0.078970 0.766937 -0.184211
0.582941 0.664759 -0.194853
0.984301 -0.015163 -0.068867
-0.891185 0.147570 0.018216
0.692075 0.597284 -0.194853
0.106251 0.715771 0.152928
0.029441 0.798172 0.152224
0.581152 -0.505556 -0.184139
-0.157894 0.687031 -0.190153
0.492460 0.771051 0.052126
0.751436 0.510921 0.018216
-0.232700 -0.949207 0.127895
0.737330 0.056745 -0.003787
0.488781 0.509100 -0.178626
0.439257 0.881730 0.040801
0.756068 0.399158 0.018216
0.029813 -0.899226 -0.193985
-0.704730 0.446669 0.047522
0.806338 0.566084 -0.144343
0.535718 0.826551 -0.115356
-0.948089 -0.226842 -0.175636
-0.478564 -0.581777 0.156524
0.701763 0.116334 -0.171334
-0.840668 0.125030 0.084443
-0.261206 -0.721710 -0.183902
-0.330611 -0.917924 -0.126190
-0.105344 -0.782954 -0.180221
-0.864012 -0.452331 -0.048107
-0.453800 0.805455 0.178952
-0.781619 -0.361843 0.103290
0.169698 -0.962964 -0.041382
-0.326069 -0.615949 -0.173709
-0.175658 -0.960491 -0.094661
-0.753355 -0.010375 0.153819
0.548591 0.494280 -0.112339
-0.726378 0.657313 -0.126779
0.741762 -0.520469 -0.194587
0.096369 -0.814043 0.077713
0.344006 -0.840911 0.037638
-0.516161 -0.828384 0.044674
0.547660 -0.814001 0.152694
-0.789416 0.578497 0.103653
-0.687005 -0.312331 -0.185876
0.964616 0.200033 0.067392
0.612627 0.771465 0.127820
0.785140 -0.589565 0.046052
-0.369877 0.908796 -0.038731
0.005624 0.737875 -0.042967
-0.643961 0.737416 -0.159147
-0.591115 0.754996 0.177356
-0.002985 0.983574 0.053357
-0.505915 0.840552 -0.032270
-0.567313 -0.589998 -0.175347
-0.440117 0.857675 -0.192376
0.847240 -0.494296 -0.056868
0.510532 0.641858 0.075230
-0.948321 -0.202271 0.162698
0.090207 -0.697406 0.085617
0.691139 0.373636 -0.182161
-0.211024 -0.813023 0.079450
0.747115 -0.438323 0.132239
-0.953811 -0.019231 -0.193197
0.819598 -0.088758 0.077809
0.357983 -0.681547 -0.183914
0.061359 -0.975430 -0.102319
0.438614 -0.711920 0.046415
-0.959152 -0.179415 -0.058944
0.238954 -0.768979 0.154678
-0.133430 0.973910 0.146516
0.234168 -0.882774 0.095686
-0.551965 -0.795075 -0.187390
-0.060490 0.922455 0.178952
-0.653337 -0.724828 -0.154153
0.704359 0.689051 -0.047745
-0.318130 0.929320 -0.007095
0.131538 0.706684 0.023681
-0.169451 -0.885979 0.018216
-0.593114 0.381633 0.074149
-0.014555 0.983195 0.118298
0.708351 -0.585675 0.130647
0.629915 -0.312014 0.114510
0.693799 0.599939 0.072683
-0.799281 -0.437468 0.108035
0.969029 -0.170691 -0.002651
0.255568 -0.660701 -0.193984
-0.456074 -0.697332 0.038741
-0.601587 -0.769393 0.129045
0.319684 0.627590 0.125518
-0.825000 -0.520482 -0.000961
0.835384 0.386530 0.107993
0.554568 -0.735403 0.164945
-0.738550 -0.157631 -0.185765
0.379261 0.596298 -0.184259
-0.519393 0.544588 0.154774
-0.629768 0.373425 -0.150513
0.529733 0.830272 0.108409
-0.129225 0.690882 0.114037
-0.061361 -0.854348 0.090861
-0.806878 -0.457379 -0.193566
0.821225 -0.460167 0.178952
0.507692 0.769983 0.135275
0.894126 -0.398109 0.159839
0.906322 -0.094461 0.019254
-0.701928 0.591960 0.148156
-0.740720 -0.635520 -0.061034
0.286319 -0.650853 0.045325
-0.825797 0.525654 0.133561
0.823005 0.468209 -0.194853
0.507807 0.838862 -0.181837
-0.789661 -0.573955 0.141687
-0.849828 -0.480594 0.105839
0.668717 0.271861 0.019913
-0.868402 -0.276094 0.109424
0.585593 -0.412737 0.028447
-0.752142 -0.621448 0.038421
0.675185 -0.485630 0.057951
0.375463 0.910485 -0.078242
-0.023410 -0.730768 -0.134975
-0.260239 0.826256 0.099636
0.932001 0.320103 0.084683
0.145801 0.972696 0.155959
-0.574591 0.644841 0.132975
0.933674 0.315101 -0.127404
0.631181 0.384788 -0.049352
-0.898700 0.382698 -0.009599
0.777278 0.058246 0.156524
-0.779195 0.366314 0.133895
0.664139 -0.422655 0.152851
0.513804 0.840178 -0.057244
0.591035 0.489385 0.154200
0.545147 -0.648392 0.022024
0.368702 0.691684 -0.182373
0.484938 -0.850383 -0.148593
-0.426461 -0.557895 0.077883
-0.090816 0.941531 -0.194853
0.864716 0.325264 0.150934
-0.625498 -0.377922 -0.022401
0.114035 0.839100 0.027202
-0.287227 0.676307 -0.141995
-0.332963 -0.918325 0.101316
-0.531224 0.726857 0.018216
0.045976 -0.913689 0.126776
0.733220 0.194720 0.156524
-0.238993 0.813347 0.022837
0.730652 -0.654061 0.156828
0.838826 0.097656 -0.184135
-0.768381 0.259915 0.079048
-0.097594 0.978039 -0.079562
-0.895093 0.395131 0.149934
0.502924 -0.840346 -0.083784
0.970258 -0.163249 -0.155990
0.698223 -0.103348 -0.172134
-0.367861 0.611358 0.038271
-0.260590 0.655350 0.091775
0.061131 0.736162 -0.001485
-0.676474 -0.204549 0.051295
-0.129372 0.846506 0.018216
-0.158614 -0.713272 -0.123847
-0.945967 -0.237708 -0.099709
-0.970466 0.116620 0.134410
-0.472923 0.859840 0.033065
0.838830 0.516634 -0.128838
0.766932 -0.087282 0.153851
-0.322163 -0.921694 -0.021858
-0.321502 0.624404 0.108128
-0.877894 -0.424832 -0.102759
-0.652941 -0.545426 0.086606
0.060281 0.958705 -0.194798
0.306680 -0.863137 0.122426
0.899459 -0.019842 -0.194853
0.890798 0.201109 0.031060
-0.630349 0.750292 0.060941
0.846108 -0.335728 0.018828
-0.837149 -0.109473 -0.194749
0.849803 0.337324 -0.194853
-0.524793 0.480521 0.041684
0.919540 0.052323 0.129768
-0.647031 0.650507 0.134493
-0.060055 0.777513 0.155861
-0.032023 -0.701972 0.084883
0.163348 0.733542 -0.187586
-0.713341 -0.652986 -0.187694
0.610913 0.772872 -0.137457
-0.267913 -0.874602 0.136823
0.368561 -0.634769 0.155723
0.890878 0.128897 -0.194853
-0.514341 0.835312 0.116378
-0.538404 0.744376 0.140651
0.476957 0.700349 -0.194853
0.732216 0.299558 -0.181240
-0.677229 -0.164289 0.112915
-0.773716 0.270098 0.151502
0.689484 -0.264075 0.003352
-0.140072 0.722855 -0.075204
-0.969132 -0.112093 -0.105921
-0.805397 -0.227026 -0.180823
0.761585 0.314440 0.077702
0.822375 0.370334 0.018216
-0.739904 0.642096 -0.006897
-0.716566 -0.477203 0.128874
-0.054150 0.888246 -0.194853
-0.109785 -0.970825 -0.015183
0.455010 -0.608036 -0.185780
0.852610 -0.158350 0.131614
-0.965512 -0.144698 0.058313
0.860665 0.479618 0.034227
0.480472 -0.718806 0.132469
-0.658722 -0.596492 -0.194113
-0.242620 0.910830 -0.194853
0.649869 0.568712 0.138004
-0.116014 -0.916383 -0.193640
-0.671816 0.213556 -0.194335
0.725685 -0.422896 -0.172841
0.038544 -0.703434 -0.194439
-0.616056 0.330151 0.111862
-0.976075 -0.011665 -0.043355
-0.312502 -0.678689 0.154408
-0.913450 -0.342123 -0.030946
0.593106 -0.380382 0.135683
0.436366 -0.718208 -0.177943
-0.345313 -0.644983 0.013497
0.174402 0.968349 -0.130554
0.013694 -0.910537 0.076882
0.239036 0.954685 -0.034044
0.864233 -0.010280 0.137277
0.802755 -0.564660 -0.043562
0.086609 -0.708543 0.148525
-0.837290 -0.001103 -0.184370
0.701388 0.423815 0.155817
0.043606 -0.898810 0.018216
0.177779 -0.962394 0.101326
-0.863301 0.030845 0.108094
0.808000 -0.202375 0.051878
-0.522449 -0.550954 -0.185061
-0.806018 -0.208993 0.039188
0.705533 0.510038 0.122072
0.129235 -0.905822 0.125868
0.426252 0.887755 0.148119
-0.661268 -0.388728 -0.183814
-0.550482 -0.712164 0.018216
0.180395 -0.960710 -0.132342
-0.584467 0.640512 0.018216
0.876850 0.013280 0.018216
0.840724 -0.136745 0.018833
-0.283159 -0.803817 0.018216
-0.078914 0.712714 0.028779
0.482599 0.763540 -0.194853
-0.264821 -0.678556 0.019913
-0.701131 0.021595 0.137772
-0.831461 0.393250 0.178952
0.706216 -0.680932 0.022394
0.915468 -0.069351 0.094376
-0.535375 -0.739941 0.127014
0.974571 0.142228 0.070273
-0.037875 0.854919 0.084427
0.744914 -0.335988 -0.176704
-0.657299 0.534858 0.018840
-0.209342 -0.851500 -0.194297
0.105768 -0.789106 0.155591
-0.897441 -0.331630 -0.193149
0.187330 0.906230 0.178952
-0.391223 0.823525 0.052530
0.494191 0.851396 0.156420
-0.418593 -0.597922 -0.140816
0.912557 -0.363025 -0.086269
0.012220 -0.847176 0.018216
-0.409319 -0.886291 0.030150
-0.661164 -0.511810 -0.194826
0.504762 0.559740 0.155006
0.155005 -0.715481 -0.156037
0.468956 -0.611184 0.156524
-0.005800 0.709539 -0.171354
0.525916 -0.732121 0.018216
-0.689588 -0.415616 0.149835
0.557990 0.435811 0.136266
0.357206 -0.910935 -0.016018
0.856893 -0.044979 0.085895
-0.799889 0.435466 0.074823
-0.455089 -0.637925 -0.181144
-0.352919 -0.639988 -0.053756
-0.136132 -0.907459 0.164314
0.777726 -0.491351 0.139423
0.806688 0.444068 0.116198
-0.719463 -0.384086 0.068644
-0.599494 -0.378501 0.035931
0.259106 0.830879 0.123121
0.071345 -0.974560 -0.159720
-0.804436 0.556477 -0.001399
-0.699835 0.125324 0.146778
-0.027856 0.980667 -0.176540
0.291170 -0.933708 -0.090508
-0.693040 -0.229827 -0.076613
-0.529232 0.826053 -0.098426
0.881590 0.395063 -0.193063
-0.845203 0.349528 0.124646
0.752723 -0.354940 0.077712
-0.234549 -0.927739 -0.193163
-0.361563 -0.770276 0.144438
0.850290 -0.486003 -0.166942
-0.815884 -0.533747 -0.140156
-0.710205 -0.575381 0.136612
0.369528 0.639409 -0.117920
-0.161459 0.930384 -0.194853
-0.648331 -0.335416 -0.072470
-0.670061 -0.521814 0.018216
0.059417 0.922548 0.176770
0.666167 -0.226666 -0.176306
-0.395951 0.617874 -0.153616
0.707397 0.033586 0.089345
-0.578569 -0.599703 0.037808
0.316171 -0.866446 0.178952
-0.347288 0.903115 0.169852
-0.090656 0.730405 -0.126732
-0.176284 0.718217 0.155683
-0.681376 0.607948 0.093232
0.667248 -0.718905 -0.098398
0.238155 0.739971 0.156524
0.913458 0.369371 -0.039489
0.898406 0.404061 0.041637
0.188815 0.897541 0.090740
-0.906499 0.176291 -0.194536
-0.895719 -0.386862 0.004265
-0.227446 -0.695352 -0.025707
0.087632 -0.973950 0.027160
-0.197590 0.962650 0.148164
-0.348282 -0.732545 -0.176699
-0.162345 -0.849042 0.122052
-0.611690 0.620391 -0.194853
0.691208 0.702270 -0.170436
0.420439 -0.815021 0.131926
-0.084220 -0.858588 -0.194504
-0.732003 0.015378 0.019030
0.934897 0.311070 -0.005797
0.922550 -0.059652 0.164851
0.112125 -0.784961 -0.179907
0.351276 0.650130 -0.030098
0.738494 -0.027336 0.010318
0.427430 0.645634 0.156524
0.662041 0.641422 0.125257
0.937285 -0.270427 0.163624
0.726397 0.321053 0.156524
0.589675 0.761506 -0.194401
0.936972 -0.299123 0.103992
-0.921893 0.310696 0.161172
-0.649142 0.637162 0.045373
-0.206383 0.791192 0.074838
-0.920630 0.294553 -0.190593
-0.710997 0.674106 -0.055241
-0.832906 0.223975 0.100484
0.555111 0.749801 0.178952
0.165124 0.901673 -0.194853
-0.221566 -0.950780 -0.060603
-0.571549 -0.628042 0.149568
-0.690118 -0.689914 -0.036191
0.155541 -0.821869 0.037115
0.690940 -0.257686 -0.055035
-0.672018 0.695058 0.168997
-0.788253 0.577048 -0.058120
0.425441 0.888123 -0.121798
-0.863490 -0.040672 0.111217
0.710900 -0.574808 0.075423
-0.977381 -0.000629 0.135115
-0.661084 0.722183 -0.048455
0.644776 -0.509619 -0.175714
-0.133672 0.973871 -0.165448
0.911726 -0.040486 0.034255
0.703255 0.225360 -0.083955
0.622476 -0.639265 -0.194134
0.715441 -0.330561 0.152833
0.542942 -0.495858 -0.075119
-0.339511 -0.869086 -0.193495
-0.393984 -0.892509 -0.095568
-0.698537 -0.682092 0.070460
-0.360082 0.847698 0.158870
0.984830 0.001007 -0.123273
-0.884509 -0.205712 0.069161
-0.050198 -0.730473 -0.045712
-0.947015 0.230436 -0.115856
0.100622 0.730060 -0.123924
0.150467 -0.924687 -0.193465
0.293330 -0.670547 0.155818
-0.322415 0.807043 0.123240
0.785264 0.173311 -0.179089
-0.389550 -0.826141 0.122598
-0.584114 0.705409 0.109450
0.440478 0.875193 -0.184027
0.979836 -0.091509 0.096132
0.127137 0.975848 -0.078914
-0.134566 -0.693231 -0.194045
0.954470 0.243549 -0.129258
0.012975 0.918499 0.109031
0.383130 -0.602602 0.032175
-0.615471 -0.713354 -0.193360
0.335071 0.925687 0.040708
0.778442 0.393009 0.119815
-0.412073 0.750829 0.142395
-0.774585 -0.486637 0.149871
-0.543874 0.763504 -0.193961
0.846275 0.111979 0.081560
0.695742 -0.311635 -0.185702
0.958533 -0.221014 0.025516
-0.378780 0.756659 0.024390
-0.670536 0.234225 0.040679
0.388927 -0.727056 0.076339
-0.416727 0.888320 0.021388
-0.901164 -0.099097 0.047195
0.735271 -0.063628 -0.103211
-0.859403 0.059315 0.018216
0.243144 -0.691085 -0.147667
0.795589 0.058298 -0.180109
-0.899405 0.377570 -0.137021
0.219887 0.680400 0.144062
-0.156763 -0.896192 0.073116
0.200754 -0.684274 0.030087
-0.483545 0.660403 0.150862
0.708121 -0.087176 0.055262
-0.773775 -0.330965 -0.194780
0.468882 -0.785503 0.100124
-0.847275 -0.166453 0.119040
-0.763037 0.298276 -0.175535
0.902207 -0.179726 0.121947
0.007013 0.705106 0.102588
0.066242 0.701677 0.106478
-0.406446 -0.812635 0.072216
-0.481310 0.720042 0.103112
0.553533 0.489869 -0.048296
0.485107 -0.691652 0.025696
0.242295 0.880745 0.039677
-0.824555 -0.382303 0.076277
0.621396 0.661478 0.018216
-0.542683 -0.671965 0.120857
-0.716882 -0.144274 -0.019906
0.715684 -0.671232 0.075271
0.159890 -0.897631 0.080690
-0.403695 0.717804 0.063102
0.980474 -0.085038 -0.167318
0.845215 0.353690 0.065687
-0.720507 0.121672 -0.155249
0.585424 -0.745733 -0.194815
-0.761502 0.551543 -0.194105
-0.653976 0.328901 0.155919
-0.087883 0.910505 0.069750
-0.217412 -0.709876 0.154825
0.714652 -0.456687 0.022828
-0.511684 -0.521809 -0.040832
0.261242 0.834363 -0.194853
0.648337 -0.481326 0.151624
0.913958 0.067178 0.072297
-0.109816 0.976836 -0.005734
-0.413895 0.889510 -0.070747
0.295917 0.875301 0.160520
-0.134039 -0.832705 0.022794
0.551659 0.730469 0.057431
-0.321315 0.661724 -0.040887
0.832892 -0.251228 0.105143
0.105102 0.978017 0.051416
-0.548081 -0.459065 -0.192400
-0.488633 -0.845217 -0.001021
0.051023 -0.730346 -0.080799
-0.795706 -0.307568 0.089237
-0.341298 -0.612997 0.085514
-0.367799 0.685287 0.155817
-0.709587 0.675690 0.134398
-0.214325 0.700273 -0.190418
0.579030 -0.566119 0.151449
0.609516 0.697514 0.178743
-0.837898 -0.338957 0.022448
0.698306 -0.607379 0.178952
-0.087030 -0.973772 0.117550
0.894490 -0.192003 0.064822
-0.838333 0.141581 -0.194806
0.732761 -0.175643 0.156524
0.731387 -0.652547 -0.172822
0.658564 0.333763 -0.126053
0.810995 -0.188607 -0.174231
-0.913265 0.055387 0.141177
-0.637705 -0.648141 0.080298
0.490596 0.551861 -0.129508
0.039392 0.735677 -0.105415
0.452013 -0.868939 0.010967
-0.761802 -0.106279 -0.183472
0.557325 -0.658751 0.094381
0.641202 -0.648317 0.053134
0.389168 -0.732937 0.148184
0.628743 0.602652 0.102443
-0.238934 -0.672080 -0.169750
-0.821405 -0.011781 0.076470
0.931881 -0.067453 -0.194853
0.046307 0.711793 -0.193813
-0.663839 0.226759 0.094239
-0.424429 0.885084 -0.143422
0.464664 -0.570406 -0.018660
0.676898 0.715673 0.070692
0.412932 0.580856 0.067938
-0.743377 0.195883 0.156524
0.207401 -0.896680 0.178377
-0.339818 -0.914767 -0.071628
-0.440843 -0.786854 0.018216
-0.477736 0.777428 0.069605
0.286566 0.798937 0.024833
0.330586 0.927375 -0.101326
0.706194 0.616897 0.178952
-0.656261 0.727152 0.014232
-0.392844 -0.574836 0.115663
0.030520 -0.861349 0.097553
-0.388624 0.745960 -0.173507
0.871226 -0.126038 -0.194853
0.483908 -0.828095 0.177312
0.488723 -0.547860 -0.158533
0.549869 0.602537 -0.177247
0.824171 0.283590 0.109023
0.051248 0.893503 -0.194853
-0.408259 -0.710371 0.062545
0.035020 0.870222 0.018216
0.578989 0.516582 -0.183741
-0.402787 -0.837995 0.178952
0.703874 -0.024696 -0.172361
-0.560039 0.805140 0.128972
0.263585 0.787074 0.156524
0.858426 -0.358889 -0.193623
-0.310130 0.670891 -0.189272
-0.414105 -0.688895 -0.177817
-0.342763 -0.826774 0.018216
-0.834211 0.511032 0.024657
-0.763196 -0.488643 0.050614
0.974861 -0.135367 -0.104901
-0.043624 0.736212 -0.024515
-0.821660 0.174070 0.029167
-0.412516 -0.732588 0.147084
-0.732061 -0.217150 0.153112
0.302553 0.674196 -0.033316
-0.868291 0.451586 0.143949
-0.954889 -0.141056 -0.190248
-0.291471 0.868345 0.098603
0.044990 0.982437 0.032291
-0.343447 0.918804 -0.171847
0.220667 0.958968 -0.107619
-0.904567 -0.123835 0.123785
-0.822577 0.142224 0.153661
0.639460 0.312929 0.139871
0.342851 0.799394 0.101906
-0.062797 0.981466 0.098303
-0.490574 0.777808 0.148677
-0.356423 -0.727861 0.078960
0.811506 0.109876 0.151094
-0.934078 0.286211 -0.022283
-0.721935 -0.109990 0.019913
0.590684 -0.783265 0.151045
0.668827 -0.575094 -0.194853
0.955887 -0.232362 -0.051845
0.845087 -0.501466 0.122049
-0.969496 0.121072 0.034416
-0.583086 -0.635777 -0.194483
0.230365 0.700652 -0.140919
0.759141 -0.198431 -0.182154
0.453097 -0.867928 -0.060971
-0.732293 0.387374 -0.174141
-0.126981 0.974975 0.079172
0.982822 -0.009857 0.157241
-0.854662 0.341810 -0.194485
0.430635 0.754139 0.129839
-0.697004 -0.458247 0.036245
0.734089 0.082087 -0.054241
-0.718867 0.636884 -0.194409
0.776311 -0.392007 0.108677
0.052814 -0.729765 -0.140911
0.458895 0.750707 0.018216
0.983709 0.038335 0.027920
-0.297037 -0.882608 0.178952
-0.163278 0.850750 0.130522
0.666048 -0.552707 0.097860
-0.007445 -0.977903 0.076550
0.639001 -0.716368 -0.194344
0.352915 0.731372 0.156524
-0.192292 0.768220 -0.180725
0.633665 -0.666692 0.147379
-0.933164 -0.285959 0.062535
0.866200 -0.314538 0.143288
0.672848 -0.298777 -0.141180
0.113971 0.858007 0.094406
-0.086569 -0.725994 -0.096142
-0.866925 0.270282 -0.194036
-0.967042 0.136537 -0.026079
-0.873592 -0.266246 -0.193767
0.836536 -0.037930 -0.173525
0.609719 -0.411897 -0.128464
0.388793 0.826284 0.034587
-0.519854 -0.746082 0.078299
-0.845658 0.493367 0.098735
0.856585 -0.285340 0.018216
-0.202327 0.707196 -0.138575
0.533857 0.827708 0.039500
-0.872012 0.250787 0.041781
-0.707401 -0.248074 -0.186721
0.386568 -0.623525 -0.133114
-0.565135 -0.461846 -0.120237
0.361824 0.915618 0.143892
0.605657 0.575540 0.049298
-0.499208 -0.700031 0.097140
-0.953605 0.213740 0.111126
-0.197833 -0.724558 -0.186613
-0.426995 0.571522 0.036529
0.312183 0.933800 -0.155545
0.743508 0.646932 -0.072761
-0.300401 0.775752 -0.174078
-0.374942 -0.902140 0.077115
0.730332 -0.411285 0.040208
-0.863409 0.457546 -0.049063
-0.479227 -0.515418 0.067009
0.666639 -0.313919 -0.085327
0.839758 0.201751 0.091454
0.652027 -0.344887 0.016953
-0.087431 0.840957 -0.194853
0.357152 0.765256 -0.176225
0.546513 -0.493344 -0.018012
0.400669 0.829767 0.127300
0.467878 -0.566567 -0.093339
-0.659266 0.318361 -0.130217
0.888703 0.425476 -0.109592
-0.698497 -0.259519 0.154532
0.785742 0.446794 0.018216
-0.106986 -0.729593 0.155653
-0.878024 0.247403 0.098893
-0.244111 0.941200 0.165920
-0.549741 -0.481857 -0.018362
0.210034 0.828553 0.083607
-0.125498 -0.969720 0.082112
0.213517 0.707864 0.010850
-0.908708 0.195629 0.178952
0.383285 -0.895251 0.161847
-0.035612 -0.927240 0.178952
0.595206 -0.655769 0.018216
-0.758454 -0.013004 -0.185288
0.824978 -0.405194 0.122677
-0.227861 -0.878851 0.055355
-0.243759 -0.814401 -0.194670
0.650249 0.740590 -0.007801
0.469349 0.671205 0.076933
0.968093 -0.176361 0.050687
-0.062459 -0.907321 0.066500
0.193854 -0.894436 0.123720
-0.628423 0.432723 0.154106
-0.393996 -0.575260 -0.178576
-0.231534 -0.832532 0.124042
-0.587316 0.414736 0.019913
0.241692 0.953694 -0.172366
-0.862192 0.210183 -0.194669
-0.577450 -0.388602 0.116856
0.517631 -0.571814 0.156524
-0.466376 0.606868 0.154043
0.913256 -0.172980 -0.194853
0.834475 0.523638 -0.020548
-0.534244 -0.517958 0.154601
-0.901979 -0.290720 0.178952
-0.627035 0.333108 0.044537
-0.946721 0.121815 -0.193199
0.020900 0.847937 0.149259
0.717306 0.023918 0.031804
0.362836 -0.829978 -0.194609
0.802423 -0.316661 0.092376
-0.631361 -0.365811 -0.149273
0.106954 0.730455 -0.021112
-0.892329 0.395411 -0.057696
0.320215 -0.903291 -0.193296
0.382568 -0.815445 0.018216
-0.922026 0.325706 0.106619
0.478669 0.597776 -0.185412
0.179236 0.681678 0.109680
-0.675614 -0.275305 -0.146798
0.531658 -0.823103 0.016418
0.804728 0.258639 0.031897
-0.574594 -0.788128 -0.071122
0.885938 0.214445 -0.194853
0.247217 0.674270 0.031777
-0.410290 -0.870955 -0.192892
0.961908 0.211647 0.115887
0.736432 0.654807 0.066864
-0.915510 -0.063658 0.170621
-0.874312 -0.232765 0.028493
-0.873343 -0.436597 0.105427
0.045652 0.982415 -0.043299
-0.325130 -0.800164 0.120771
-0.872951 -0.436126 -0.001857
0.713199 0.522096 -0.194853
0.724851 0.087615 0.156377
-0.930981 0.057175 -0.193504
0.238830 -0.801713 0.037394
0.386908 0.724264 0.074921
-0.456556 -0.814485 0.178952
-0.273871 -0.867859 0.087878
0.645831 -0.354416 -0.064570
0.275590 0.790923 -0.173536
0.063954 0.915136 0.097134
0.901940 -0.230045 0.178952
0.215611 0.945954 0.169419
-0.916253 -0.336707 0.104269
0.980021 0.094740 0.083773
0.728705 -0.118880 0.156524
-0.447813 -0.867814 0.098584
0.468125 0.571661 -0.081315
-0.188416 -0.945976 -0.192008
0.974031 -0.140396 0.102195
-0.148332 0.735620 -0.187527
-0.722873 0.389279 0.073688
0.170726 0.824328 0.156524
-0.742358 -0.493327 -0.194075
0.773080 0.341947 -0.188084
0.676785 0.232915 0.049383
-0.186108 -0.707846 -0.049747
0.226038 0.715813 -0.187754
0.779541 0.444706 -0.194853
0.927601 0.093766 -0.194853
-0.115323 -0.856393 0.108868
-0.542451 -0.637114 0.079576
-0.668081 -0.292952 0.019913
0.032026 -0.731930 -0.024536
0.061309 -0.975881 -0.017447
-0.969335 -0.112911 -0.052599
-0.691044 0.695487 0.061975
0.815999 -0.105889 0.150820
-0.009091 0.719357 0.149409
0.317766 0.665919 -0.155743
-0.596409 -0.467206 0.153553
0.723460 -0.478650 0.102966
0.240036 -0.947860 -0.117968
-0.974563 0.050361 -0.121371
-0.657986 -0.622679 0.043429
-0.694412 -0.684611 -0.155146
0.983837 0.034435 -0.033245
-0.439894 -0.612124 0.156524
0.762789 0.355755 0.044299
-0.075848 -0.913068 0.143454
-0.204012 -0.673907 0.070179
0.642553 0.373551 -0.189211
-0.624281 -0.591353 0.098213
0.021376 -0.752935 0.154041
-0.271939 -0.641989 0.112283
-0.691747 0.185638 0.151836
-0.612739 -0.388995 -0.190556
0.822630 -0.378727 0.018216
0.792964 -0.579459 0.135489
0.830877 0.147814 0.033804
-0.166942 -0.772974 -0.180050
0.700754 -0.213472 0.019913
-0.791798 -0.286649 0.023414
-0.327506 -0.853312 0.130059
-0.916227 -0.084419 -0.193674
0.064734 0.837385 0.038935
-0.550633 0.652792 0.085866
-0.024453 -0.768787 -0.183680
-0.949579 -0.223812 -0.031320
-0.887827 0.408586 0.057880
-0.733393 0.548323 0.124437
0.625760 -0.754282 0.068815
-0.975173 -0.062743 0.116075
0.118042 0.728137 -0.077309
-0.274087 0.652225 0.139062
0.567242 -0.798485 -0.072739
0.167279 -0.815012 -0.173547
-0.948939 0.068308 0.178952
-0.515639 -0.758151 0.169072
0.888469 0.246506 0.129124
-0.436442 -0.800525 -0.193790
-0.643853 0.479670 0.151731
0.738601 -0.646050 -0.016955
-0.123679 -0.969703 0.031270
-0.242208 -0.791740 0.049034
-0.599846 0.365885 -0.194800
0.912495 -0.146316 0.167946
0.738052 -0.536579 0.055160
0.736375 0.038829 -0.142689
-0.181127 -0.673499 0.121702
0.708685 -0.200607 -0.159419
0.195624 0.811354 -0.173988
0.875982 -0.357554 0.178952
0.686349 0.313645 -0.187313
-0.892081 -0.150161 0.027549
0.739444 -0.603657 -0.194062
0.327375 -0.773407 -0.189013
0.715927 0.475578 0.086871
-0.898105 -0.181016 0.157052
-0.337530 -0.686054 -0.184259
0.529399 -0.813156 -0.189034
0.371292 -0.906432 0.090489
0.869459 0.019012 -0.194853
-0.591399 0.577488 0.076430
0.158430 0.970986 -0.013190
0.680816 0.287604 -0.042827
0.663302 0.728407 -0.121168
0.948716 0.265517 0.087455
-0.805979 -0.042852 0.149723
-0.424090 0.602504 -0.189512
-0.452655 0.535614 0.108194
-0.690484 0.476612 -0.191533
-0.829388 0.329694 0.018216
0.560831 -0.469510 0.156136
0.863468 0.087227 0.129932
0.294189 0.865711 0.051937
0.728057 0.123003 -0.125323
-0.485572 -0.773598 0.129038
0.336934 0.851835 0.069452
-0.151255 0.843777 -0.194853
-0.970738 0.103130 -0.064516
0.704234 -0.007030 0.114588
0.895006 -0.406460 0.002156
0.145130 0.902310 0.049525
0.910162 0.162736 0.162812
0.804482 -0.312172 0.018216
0.600886 -0.698217 0.162095
0.575334 -0.791425 -0.130780
0.680559 -0.195960 0.085779
-0.377265 -0.655561 0.153695
0.552161 0.672692 0.101791
-0.861604 -0.284500 0.063045
-0.028210 -0.817713 0.148958
0.157037 0.749733 0.156524
-0.291380 0.714248 -0.183913
0.145405 0.908747 0.125472
-0.720439 -0.119954 -0.125578
-0.526026 0.467875 0.087478
-0.542798 0.817494 0.007807
0.938909 0.013144 -0.194853
0.792031 0.208577 0.156524
-0.355260 0.610149 0.138368
-0.603156 -0.766685 -0.109281
-0.530031 0.825556 -0.149537
-0.671609 0.292056 -0.048838
-0.303268 0.640993 0.067528
0.171074 -0.714053 0.008001
0.484319 -0.682113 -0.173104
0.537053 0.479968 0.020770
-0.694431 -0.224266 -0.131291
0.241054 -0.874150 0.020578
-0.491594 -0.843841 0.156022
0.815986 0.064307 0.077870
0.498558 -0.844312 0.117073
-0.260202 -0.683160 -0.062119
-0.723017 0.118505 0.001583
-0.204259 0.890123 0.060837
-0.579477 -0.430847 0.019913
-0.875197 -0.417875 0.162287
-0.708139 -0.048707 0.036092
0.535781 0.462282 0.098625
-0.172185 0.686891 0.079060
-0.672263 0.477790 0.062140
-0.789731 -0.330124 0.137393
-0.752880 0.174075 -0.183047
-0.571668 -0.574854 0.077352
0.718687 0.418858 0.055514
0.140374 0.693930 -0.171779
0.198702 -0.705554 -0.105501
0.342996 0.805836 0.018216
-0.083283 -0.727692 -0.012237
0.704969 0.518876 0.018216
-0.737085 0.618974 0.172666
0.020573 0.713844 0.048829
0.716924 0.179271 -0.050500
0.361540 0.618980 0.145308
0.548866 -0.662025 -0.194783
0.898581 0.403676 0.139545
-0.576728 -0.682403 -0.194045
-0.327383 0.850154 0.042342
0.923165 0.295695 0.171287
-0.309458 -0.832920 -0.194124
0.935345 -0.304488 -0.003872
0.183380 -0.835969 0.140899
-0.288881 -0.932857 0.029918
0.537597 -0.736781 0.064432
0.957096 0.136841 0.173718
0.259839 -0.944114 0.072748
-0.920874 -0.321425 -0.095835
0.095390 -0.726145 -0.066128
0.870384 -0.300827 -0.194785
-0.652673 0.334296 -0.005901
0.393493 0.751777 0.025829
-0.825800 -0.520328 0.112103
0.259786 -0.921865 -0.193178
0.671876 -0.412070 -0.181316
0.671162 -0.522280 0.018216
-0.510365 0.686092 0.085884
0.511096 0.841862 0.001117
-0.414358 0.816827 0.107158
-0.707716 -0.595143 0.178952
-0.942968 0.245500 -0.160807
-0.738885 0.418996 0.147087
-0.089609 -0.972218 -0.126861
0.100262 0.855459 0.142571
-0.724732 0.093109 -0.114797
0.720554 -0.154733 -0.149138
0.983417 -0.042160 0.094506
-0.705901 0.194176 -0.075714
-0.538866 0.536844 -0.185483
-0.468681 0.566586 0.016475
0.526736 0.473640 -0.194185
0.621598 0.699294 -0.194853
0.666785 0.321368 -0.001013
-0.370685 0.693995 -0.181340
-0.704408 -0.467662 0.081720
-0.952751 0.140281 0.170253
0.422572 -0.764081 0.018216
-0.573638 -0.451390 -0.075384
-0.807771 0.086784 0.075324
-0.396477 0.822776 -0.194783
-0.535419 -0.445244 0.116100
-0.495838 -0.839734 -0.162037
0.724769 -0.139606 -0.038642
-0.497244 -0.689688 0.146240
-0.859671 -0.373729 -0.193424
0.706151 -0.391334 0.151661
-0.327212 -0.739669 0.149577
-0.263230 0.946439 -0.162297
0.955477 -0.234122 0.135838
-0.706963 -0.572460 0.090550
0.865973 -0.089291 0.119579
0.489169 -0.652746 0.155147
-0.273477 -0.644723 -0.194184
0.977462 0.120726 -0.012067
-0.154265 -0.901136 0.122262
-0.763493 0.306990 0.059116
-0.258076 -0.687983 0.155393
-0.198542 -0.703053 -0.144687
0.129263 0.975638 0.101123
-0.027255 -0.712074 0.147879
-0.089883 -0.698033 0.075553
-0.710462 -0.655943 0.164963
0.474986 0.862633 -0.067925
-0.688748 0.148862 0.070000
0.176155 0.847876 0.018216
0.761456 0.362122 0.154191
0.735313 -0.072926 0.004685
-0.642678 0.699639 -0.194853
-0.926533 0.310012 -0.097329
-0.293030 0.674508 -0.074838
-0.537155 -0.493538 -0.164073
-0.697134 -0.683168 0.022754
0.768718 -0.281304 -0.176510
0.697833 0.149522 0.058930
-0.829810 -0.054788 0.042768
-0.485152 0.853304 0.077445
0.963022 -0.201765 -0.124904
-0.242076 0.952278 -0.008481
0.403245 0.618001 -0.140323
0.335774 -0.918576 -0.115157
0.555147 -0.808450 0.107873
-0.022013 -0.878764 -0.194276
0.290180 -0.808520 0.091875
-0.822967 0.092356 -0.173925
-0.801489 -0.272935 -0.194708
-0.453557 0.576812 -0.133857
0.368047 0.640681 -0.189845
-0.741600 0.077566 -0.187502
-0.084466 0.917230 0.140457
-0.181777 0.817737 0.040920
0.204045 0.843003 0.131655
0.111762 0.960533 -0.192116
0.034183 0.735562 -0.150678
-0.828862 -0.144317 0.024347
-0.826145 0.522608 -0.114657
-0.417033 0.820512 0.155033
-0.691038 0.487945 0.149141
-0.337195 -0.915162 -0.176490
-0.013577 0.870394 0.119696
0.576612 -0.407928 0.089576
-0.623350 -0.689001 0.178952
-0.517439 0.679265 -0.194666
0.298905 -0.765551 0.074320
-0.079412 -0.693889 -0.176013
0.359566 0.850163 0.150061
-0.172455 0.716905 0.008479
0.146014 -0.966667 -0.079986
-0.193221 0.897892 -0.194853
-0.357885 0.641516 -0.132713
0.903307 -0.147453 0.063952
0.064983 -0.954086 0.178180
-0.554539 -0.785678 0.170469
-0.568414 0.465574 0.019588
-0.729625 -0.649018 0.069458
-0.809460 0.242425 0.155730
-0.346722 -0.775293 0.084455
-0.895942 -0.349930 0.170219
-0.976615 0.022899 0.096369
0.744170 -0.427621 0.088284
-0.855722 -0.320126 0.131612
-0.204558 -0.955580 0.093039
-0.557603 0.477114 -0.069224
0.820263 0.430485 0.178270
-0.628904 0.752108 0.152786
0.636690 -0.589781 0.120846
0.686150 0.418372 -0.179254
-0.754318 0.622354 -0.121207
0.756989 -0.526916 0.163763
0.778290 0.604549 -0.094885
-0.636377 -0.289785 0.096390
0.018433 -0.977519 0.026778
0.478698 0.860649 0.035263
0.969088 0.175443 -0.138253
-0.487608 0.522110 -0.170049
-0.260387 -0.940475 -0.155674
-0.915280 -0.021054 0.151419
0.529349 -0.460327 -0.172811
0.211089 -0.955111 -0.025695
0.468195 -0.541569 0.024077
-0.547327 0.472462 -0.168536
-0.243599 0.693441 -0.149682
0.293079 0.939595 0.005422
0.460228 -0.537732 0.075235
0.300961 0.816591 0.104969
-0.709628 -0.173491 -0.063687
-0.580575 -0.646907 0.018216
-0.038908 0.839064 0.038267
0.921481 -0.340592 -0.144340
0.846062 -0.499356 0.062245
-0.567818 0.700982 0.018216
-0.724947 -0.111958 0.155475
0.452214 -0.869367 0.100300
-0.011373 0.875016 -0.194853
-0.801235 0.160529 0.067822
-0.653015 0.265887 0.071331
0.702351 0.227362 -0.132653
-0.611850 0.763856 -0.175517
0.330113 -0.777792 0.023877
-0.334018 -0.648868 -0.144587
0.551378 0.816567 -0.062159
0.088166 -0.833267 0.156238
0.174385 -0.816226 0.077163
-0.615151 -0.546990 0.148411
0.422561 0.812094 0.060055
-0.291492 0.918954 0.173696
-0.731723 0.459276 0.129405
0.544826 0.690683 -0.194853
-0.900182 0.110552 0.043662
-0.392870 0.899553 0.151236
-0.316042 0.765551 0.156524
-0.804132 -0.441205 0.176481
-0.649461 -0.252095 0.133526
0.581846 -0.395485 -0.180429
0.089328 0.771257 0.156524
-0.805526 0.525266 0.173134
0.415427 -0.565429 -0.172245
0.791556 0.302005 0.150809
-0.560965 0.605755 0.150413
-0.681393 0.534778 0.109581
0.351627 -0.792078 0.119965
0.559669 0.711218 0.018216
0.307171 -0.930003 0.117475
0.262046 -0.942949 -0.017075
0.654324 0.287709 -0.170789
-0.092511 -0.813800 0.064868
0.077054 0.755142 -0.186351
-0.214741 -0.754064 0.151552
-0.719748 -0.043429 -0.168443
-0.602549 -0.676923 0.048102
-0.365978 0.787596 0.111262
0.284425 -0.675504 -0.143083
0.663454 0.512235 0.044629
-0.462471 0.819462 -0.194853
0.443495 0.729435 -0.194853
-0.677427 0.391956 -0.181700
-0.845560 -0.487082 -0.027715
-0.647612 -0.335822 -0.116778
0.854730 0.317242 0.018216
-0.872612 0.436497 -0.139773
-0.000081 -0.915475 0.131836
-0.621152 -0.473602 -0.181440
-0.725079 0.547239 0.041475
0.179977 -0.961742 0.047249
0.724415 0.149849 0.011207
0.687282 -0.234728 0.156427
0.188462 0.713879 -0.063780
0.703193 0.227184 0.155884
-0.850126 -0.477935 -0.081383
0.880579 0.252148 0.061525
-0.432245 0.803112 0.058340
0.815761 0.552935 0.092417
0.401439 -0.890738 -0.145278
0.337640 0.661576 0.156524
-0.800731 0.236032 -0.172982
0.018684 0.833543 -0.174007
-0.681556 -0.156599 -0.188249
0.517895 -0.481988 0.138993
0.766657 0.516463 0.155076
0.128859 -0.729927 -0.188483
-0.325431 -0.653883 -0.085306
