-0.971987 -0.109962 -0.071446
0.979474 0.075719 0.159961
-0.065333 0.976331 -0.190976
0.120880 -0.956997 -0.192778
-0.719335 0.633539 0.187918
-0.588168 -0.769794 0.170807
0.585021 0.758259 0.190789
0.711582 -0.645331 0.180659
0.377134 0.205773 -0.197114
-0.325227 -0.264125 -0.185662
-0.113631 0.422558 0.144900
0.316219 -0.389240 -0.189824
-0.548504 0.263391 -0.201296
0.858150 0.470414 -0.186137
0.906051 -0.318188 -0.199340
-0.033846 -0.575754 0.163717
0.529285 -0.121302 0.164137
-0.751182 -0.525683 -0.201418
0.312261 0.674073 -0.201418
-0.573516 -0.029135 0.162988
-0.526759 0.822278 -0.192005
-0.309188 -0.765353 -0.200228
-0.292162 0.878357 0.186387
0.173437 0.934449 0.191047
0.547932 -0.792738 -0.196225
0.327654 -0.856355 0.176808
0.611076 0.305716 0.162949
-0.919855 0.250824 0.190932
-0.828870 -0.402208 0.191047
-0.156450 -0.963101 0.146780
0.786341 0.067054 -0.201418
-0.218541 0.583171 -0.201283
0.260906 0.547146 0.164499
-0.813466 0.547986 -0.177741
0.879857 -0.300090 0.191047
-0.387848 -0.434775 0.164784
-0.470236 0.331492 0.165043
0.379313 -0.462299 0.164503
-0.006319 -0.551644 -0.201418
-0.634640 -0.080480 -0.200781
-0.943743 0.224882 -0.194170
0.095038 0.416256 -0.177270
0.540374 -0.150146 -0.201360
0.638557 0.712400 -0.201418
0.829356 0.529853 0.156121
0.612162 -0.473845 -0.201096
0.394009 0.903373 -0.012140
0.263014 -0.685323 -0.201353
-0.047741 0.708448 0.160760
-0.413215 0.614009 0.161845
0.570236 0.419134 -0.201418
0.334902 0.285186 0.073864
-0.280666 -0.706983 0.161279
0.849055 0.277894 0.022287
-0.572308 -0.790740 -0.102563
-0.947534 -0.038212 0.191047
-0.282615 0.318985 -0.176854
0.027204 0.720011 -0.201418
-0.541967 0.535468 -0.201418
0.063182 -0.831662 0.040454
-0.184527 -0.431623 -0.027594
0.826386 -0.525016 -0.045191
-0.481603 -0.532428 -0.200406
-0.310119 0.933750 -0.078844
0.480186 -0.681392 0.044278
-0.755663 0.382628 0.026835
0.209107 0.927931 -0.201418
-0.626172 -0.525555 0.073886
0.974632 -0.115267 -0.044012
0.133968 -0.446431 0.005859
-0.151668 -0.962927 -0.123392
-0.061609 0.983918 0.085660
-0.597932 -0.284856 0.159812
-0.469284 0.078336 -0.044112
0.620988 -0.384407 0.167499
-0.529693 0.829531 0.097805
-0.797302 -0.276844 -0.201208
0.727860 0.032602 0.157614
-0.383700 -0.897329 0.034256
-0.403222 -0.179755 0.046103
0.466901 0.063837 0.011732
0.385837 -0.262986 0.017626
0.340698 -0.915125 -0.061693
-0.692181 0.181451 0.160559
-0.679236 0.710401 -0.048974
0.639844 0.573166 0.022287
-0.803816 -0.218394 0.047383
0.949319 0.230859 -0.187476
0.213577 -0.620676 0.163337
-0.558203 -0.296078 -0.201263
0.341733 0.759986 0.157425
-0.882384 0.104711 0.022287
0.481190 0.489308 0.162910
-0.060500 -0.774761 -0.201418
0.348539 0.425768 -0.201418
-0.727489 0.133395 -0.201014
-0.871294 -0.443391 -0.037164
0.608862 0.195733 -0.201418
0.115989 0.436899 0.039832
0.693989 -0.687807 -0.071397
-0.302057 0.356308 0.039832
0.768677 -0.141900 -0.201418
-0.265650 -0.561077 -0.201418
-0.420962 -0.054102 -0.197873
-0.215376 0.788413 -0.201418
-0.090872 0.476711 -0.081318
-0.421243 0.132640 0.156794
-0.755552 0.354272 -0.201028
0.443552 0.849515 -0.201033
-0.899726 0.026242 -0.201418
0.149472 -0.960035 0.167528
0.781160 -0.342336 0.022287
0.072317 0.844343 0.037282
0.844899 -0.495246 0.148692
-0.165710 -0.424931 0.167247
0.973524 -0.119841 0.163669
0.563933 0.807893 0.001294
0.432808 0.010677 -0.174341
-0.743649 -0.633183 -0.038898
-0.850426 0.447414 0.184064
-0.182567 0.826306 0.034704
-0.454391 -0.620889 0.158687
-0.621014 0.451989 0.161267
0.742229 -0.169109 0.156985
0.124026 -0.401078 -0.189648
-0.931986 0.307116 -0.021624
0.445121 -0.565221 -0.199210
-0.795755 0.576396 0.019406
0.530985 -0.815404 0.167303
0.963656 0.004283 -0.197496
-0.205009 -0.830761 0.022287
0.209818 0.963077 -0.016865
0.975204 0.119073 -0.022782
0.461812 0.169130 0.166694
-0.382403 0.673840 -0.201418
-0.928741 -0.223637 0.186267
-0.363556 0.784575 0.022287
0.546457 -0.553390 0.161891
0.889210 0.339801 0.191047
0.748626 0.315526 -0.201418
0.495671 0.586690 -0.201418
-0.753693 -0.061844 0.156544
0.221773 -0.370820 0.148659
-0.218435 0.643336 0.162215
-0.746777 -0.629725 0.160563
0.653291 -0.290610 -0.200708
-0.385005 0.171485 -0.178798
0.082860 0.586187 0.164777
-0.117580 -0.402414 -0.190471
-0.591770 0.593310 0.056386
-0.374220 0.470036 -0.201308
-0.058867 -0.779856 0.157445
-0.288708 -0.324546 0.065973
0.236360 -0.804129 0.033304
0.018815 -0.975778 -0.051336
0.759270 -0.586558 -0.198765
-0.291959 0.478258 0.165369
0.498966 -0.837251 -0.033887
0.798489 0.575579 -0.051406
0.461246 -0.107213 -0.022253
-0.544716 0.079411 -0.201201
0.149201 0.579744 -0.201418
-0.631850 -0.651880 -0.200541
0.495908 0.654620 0.083899
0.116061 -0.777306 -0.200463
-0.312684 -0.880401 0.191047
0.689429 0.544167 -0.201418
0.170829 0.736916 0.161550
0.937450 -0.282788 -0.015876
0.731012 0.407099 0.088192
0.384519 -0.214518 -0.171230
0.009869 -0.416368 0.122049
-0.933482 -0.292573 -0.085403
0.039544 0.984711 -0.058213
-0.420208 -0.880840 -0.145459
0.689408 0.626157 0.191047
0.843739 0.020364 0.036379
-0.581981 -0.678669 0.022287
-0.413327 0.224656 0.014965
0.497049 -0.352422 -0.201364
0.771280 0.192952 0.157298
0.445757 -0.300312 0.167499
0.189191 -0.957938 -0.010452
0.234814 0.424104 -0.074384
0.382743 -0.798498 -0.200961
0.643487 -0.544909 0.029913
0.459863 0.871513 0.136079
-0.022604 -0.473137 -0.059425
0.881068 0.438732 -0.019680
0.780343 -0.421515 -0.201418
0.362097 -0.681176 0.155919
-0.419099 -0.028051 0.121407
-0.008476 0.540149 -0.201418
-0.667657 0.632150 -0.201418
-0.722570 -0.400731 0.058226
-0.853428 -0.051015 0.022287
0.268711 0.813272 0.022287
-0.419470 -0.743785 0.022287
-0.855477 -0.131291 -0.200338
0.584704 -0.640624 -0.199940
-0.148127 0.974087 -0.044298
0.433762 0.206939 -0.051487
0.565511 0.030614 0.163360
-0.874724 0.439552 -0.084113
0.279719 -0.374966 -0.002188
-0.003547 -0.945254 0.191047
0.645945 -0.734368 0.068709
0.244803 0.376040 0.161506
-0.878084 -0.415635 -0.189430
0.933820 -0.165991 -0.201418
-0.459437 -0.728855 -0.201211
-0.614618 -0.439968 -0.201418
-0.267856 -0.404282 -0.156587
-0.923801 -0.321790 0.065050
0.830695 -0.149665 0.033454
0.146831 -0.552312 -0.201418
-0.379357 0.860044 -0.200211
0.636925 0.037267 -0.201418
0.258228 -0.885826 -0.201418
0.957945 0.219554 0.119679
-0.272351 -0.556543 0.161265
0.179838 0.745555 -0.201418
-0.612158 0.740116 0.186234
-0.402346 -0.285229 0.165773
-0.180989 0.427992 -0.191237
-0.807417 0.247127 0.091443
0.408588 0.758167 0.022287
-0.432193 -0.208153 -0.096833
0.324177 0.915517 0.177508
-0.435666 -0.803859 0.159566
-0.490071 0.708568 0.022287
0.073877 0.870511 -0.201418
-0.616826 0.402454 -0.200348
-0.469475 -0.067777 -0.044394
-0.475661 0.861920 -0.033886
-0.146852 0.930049 0.191047
-0.714395 0.335319 0.160832
0.395338 -0.152438 0.111889
-0.822394 -0.526168 0.091629
-0.250265 0.953145 0.057250
-0.034673 -0.929114 -0.201418
0.429865 -0.014916 0.139452
0.683458 0.709275 0.042663
0.352238 0.335280 -0.089038
-0.078077 -0.899228 0.026364
-0.973874 0.100112 -0.102892
0.038266 0.449569 0.164856
0.079802 -0.743200 0.156746
-0.076210 0.821881 -0.201418
-0.962243 -0.178943 0.054690
0.622774 0.472145 0.160001
-0.270651 -0.902416 -0.201418
-0.551438 0.201775 0.162599
-0.513118 -0.157593 0.164280
-0.418223 -0.369954 -0.201302
-0.522224 -0.479493 0.158124
-0.238796 0.929186 -0.200556
-0.968780 0.099455 0.169195
0.119408 -0.515977 0.164855
-0.745101 -0.286883 0.155001
-0.339905 0.277303 0.149576
0.473035 0.330564 0.165043
0.491609 0.286313 -0.201418
0.587406 -0.248610 0.160915
0.381164 -0.821980 0.052273
-0.191057 -0.690869 -0.201418
-0.218616 0.429075 -0.054217
-0.359953 0.742070 0.160193
0.017619 0.940927 0.191047
0.604120 0.167239 0.162780
-0.430381 0.471332 0.163825
0.382765 0.612999 0.162204
0.898883 -0.389803 0.076415
0.087584 0.981669 0.071058
-0.893295 0.359209 -0.198639
-0.408727 0.895267 0.094354
-0.827872 0.126160 0.153845
-0.979872 -0.001861 0.045228
-0.348200 -0.321936 -0.057705
0.282891 -0.537739 -0.201292
-0.165729 0.776815 0.160795
0.776926 -0.593865 0.072847
0.682691 -0.505628 0.161170
0.893556 -0.400718 -0.067108
-0.053294 0.549399 0.165555
0.981908 -0.005292 0.034456
0.224349 0.367347 -0.196687
-0.414373 0.336748 -0.201418
-0.031788 0.469517 0.039832
-0.088213 0.650393 -0.201418
0.341617 0.924432 -0.134117
0.211440 -0.768328 0.160572
0.846838 -0.044412 0.153374
-0.680551 -0.213871 -0.201418
-0.544377 0.680638 -0.200986
0.931946 0.314332 -0.086101
-0.275502 -0.936061 -0.074246
-0.045161 0.853649 0.094193
-0.534064 -0.168257 -0.201418
0.216358 -0.428087 -0.102762
0.749652 -0.377252 0.153607
0.951997 -0.235453 0.105125
-0.191765 -0.831376 0.151068
-0.538613 -0.814372 0.059948
0.487328 0.728155 -0.201418
-0.960351 0.200024 0.060717
0.295482 0.802698 -0.201418
-0.581984 -0.629495 0.146432
-0.577473 0.794650 -0.072645
0.524670 0.098265 -0.201418
-0.687527 0.703138 0.086141
0.854518 0.094090 0.148612
-0.690514 0.491394 0.027473
-0.121940 -0.666766 0.159199
0.721627 0.670017 -0.115616
-0.959227 -0.195233 -0.166040
-0.897820 0.394302 0.079450
-0.527810 0.561089 0.161232
0.751411 0.188082 -0.201418
0.254734 -0.942992 0.101126
-0.680165 0.249698 -0.201378
0.253792 -0.501895 0.163320
-0.230099 0.368425 0.141500
0.863532 0.152786 0.022287
-0.143295 -0.535775 -0.201418
-0.745542 -0.401010 -0.201119
0.041299 0.484730 -0.087991
-0.810455 0.242758 -0.201418
-0.360399 -0.481355 -0.201418
0.317639 0.545271 -0.201418
-0.761014 0.621652 -0.093908
0.366505 -0.310099 -0.095486
0.849821 -0.042459 -0.201418
0.076780 -0.653270 -0.201087
0.079211 0.832600 0.159155
-0.376450 0.301252 -0.073289
-0.446829 0.822187 0.191047
-0.655575 -0.439469 0.155294
0.331397 -0.269031 0.138689
-0.852740 -0.130740 0.138736
-0.371032 -0.621596 -0.201152
-0.754888 0.522456 0.125710
0.486216 0.857427 -0.077833
0.605798 -0.767082 -0.045890
-0.650560 -0.124574 0.159854
0.155209 0.477328 0.166543
-0.166752 -0.830862 -0.201418
-0.694950 -0.685826 0.062424
0.781844 -0.461735 0.046563
-0.609766 0.094431 0.161512
-0.744191 -0.032204 -0.201418
0.016795 -0.975844 0.077175
0.597253 -0.696459 0.171207
0.573127 0.801304 -0.156623
0.380711 -0.667064 -0.201102
0.231574 0.392607 0.039832
-0.262624 -0.939967 0.100649
-0.675806 0.504490 -0.201002
-0.493516 0.424029 -0.201418
0.643034 -0.092707 -0.201418
0.231883 0.836079 0.145029
-0.805640 -0.552991 -0.096910
0.752925 0.518724 0.061903
0.954596 0.233919 -0.004555
0.824480 -0.243740 0.102297
-0.310500 -0.764984 0.056547
0.864039 0.328088 -0.201418
0.897589 0.099661 -0.201418
-0.278076 -0.397386 0.166041
0.407578 -0.575394 0.162396
-0.475257 -0.849593 -0.029695
0.138706 -0.850927 0.125264
-0.652598 0.037272 -0.201418
0.426267 -0.110670 -0.197336
-0.087449 -0.453450 0.033332
0.915458 0.359276 0.068649
-0.676605 -0.702023 -0.101709
0.091039 -0.469637 -0.097992
0.752824 0.634587 0.095355
0.433417 -0.451159 -0.201058
0.796838 0.575585 -0.176620
0.274174 0.667484 0.157999
0.496494 -0.450903 0.165498
-0.736855 0.057620 0.157183
0.389587 0.421605 0.165112
0.775846 -0.308206 -0.199944
-0.880898 -0.424655 0.085518
-0.164566 0.528135 0.165524
-0.043318 0.433702 -0.174566
0.167005 0.901272 0.072379
0.064632 -0.630963 0.160749
-0.487152 -0.358878 0.161819
-0.771016 -0.518911 0.191047
0.362001 0.842144 0.080118
-0.489963 0.718109 0.133974
0.116012 0.978869 -0.166629
-0.176397 0.411957 0.047566
0.637153 -0.741135 -0.151097
0.749000 0.324274 0.160338
-0.866207 0.003553 0.127674
-0.907376 -0.291500 -0.200289
-0.273948 0.782648 0.087467
0.455756 0.738930 0.143461
0.615173 0.306287 -0.201418
0.669208 -0.086580 0.163065
0.731383 0.442228 -0.201418
-0.728960 -0.535293 0.034514
-0.823440 -0.334322 0.022287
-0.120013 0.534956 -0.201418
0.404740 0.170143 0.073160
0.480687 -0.013319 -0.075247
0.455621 0.448075 -0.201418
0.565942 0.619239 0.159920
-0.630572 0.751571 -0.157564
-0.438228 -0.262786 -0.201418
0.638179 0.750544 -0.054209
-0.647837 0.557459 0.155748
0.000369 -0.448230 -0.167895
0.972681 0.139922 -0.129111
0.425886 -0.875460 -0.138096
0.837328 -0.507421 -0.151294
-0.615377 0.765276 0.035180
-0.843136 0.117987 -0.199805
-0.407707 -0.146715 0.149283
-0.905882 -0.329604 0.177039
0.597098 -0.640739 0.022287
0.948243 -0.250794 -0.116932
-0.044985 -0.669410 -0.201418
0.557663 -0.802034 0.065188
-0.578770 -0.751911 -0.201327
-0.746442 -0.628989 -0.177856
-0.979012 -0.028142 -0.156663
0.586882 0.670747 0.022287
0.471596 0.121544 -0.112874
-0.481682 -0.708501 0.105979
0.245680 -0.945104 -0.098727
-0.961261 0.196078 -0.044758
-0.448006 0.180675 -0.094665
0.124794 -0.399156 0.119128
-0.659432 -0.324526 -0.201371
0.025394 -0.835259 -0.201418
0.545519 -0.014070 -0.201418
-0.450101 0.049988 -0.167773
0.496821 -0.697161 -0.198841
-0.346222 0.389237 0.166130
-0.108252 0.905421 0.023053
0.002469 -0.861934 0.119258
0.373847 0.263453 0.167388
-0.337363 0.566868 -0.201418
-0.486244 0.036968 0.166075
0.818224 0.428952 0.175754
-0.522490 -0.021468 -0.201418
-0.530482 -0.623361 -0.200185
0.872660 0.454467 0.081994
-0.393273 -0.706050 0.158843
0.451567 -0.170310 -0.103060
0.308638 -0.754880 0.086973
0.776997 -0.566318 0.180289
0.312219 -0.284009 -0.192602
0.803549 0.369668 0.022287
-0.510307 -0.434112 -0.200851
-0.974819 -0.091551 0.106227
0.286489 0.942991 0.047517
0.328690 0.295649 -0.198085
0.854903 0.194695 -0.201418
-0.979987 0.007976 -0.059507
0.719251 -0.268437 0.160435
0.908479 -0.071573 0.058676
-0.433710 0.774043 -0.201418
-0.241078 0.690062 -0.201154
0.760692 -0.611461 -0.100479
0.205892 0.495713 -0.201418
0.850012 -0.145018 0.142917
-0.489906 0.164341 -0.201418
0.592145 0.622620 -0.201418
-0.203984 -0.376720 0.082787
0.547476 0.405860 0.162999
-0.842015 0.313720 0.022287
0.529300 0.247512 0.164888
0.405030 0.636188 -0.201418
0.982075 0.009791 -0.064487
0.969339 -0.150552 0.052731
-0.273690 0.463480 -0.201418
-0.130613 -0.966315 -0.025922
-0.103847 -0.502813 0.165014
-0.737571 -0.132473 -0.201228
0.462170 -0.784781 0.102510
0.720856 -0.659985 0.024582
-0.409200 -0.152607 -0.197700
0.239607 -0.899701 0.191047
-0.852534 0.343409 0.151482
-0.300739 0.378254 -0.075720
-0.440287 0.054738 0.047467
-0.822452 0.534832 -0.066243
0.847732 0.500302 -0.092131
-0.331387 0.773764 -0.200249
0.723824 -0.009431 -0.201418
-0.426506 0.887423 -0.115460
0.285402 -0.783789 -0.201368
-0.847496 0.446317 -0.200882
0.688170 -0.456279 0.076126
0.503024 -0.671590 0.159766
-0.755043 -0.159935 0.155976
0.425194 -0.853432 0.186839
-0.568119 0.659257 0.133687
-0.303445 0.861013 0.036906
-0.172947 0.969990 -0.141129
0.536619 0.743331 0.082516
-0.316004 0.607532 0.162930
0.608691 -0.612727 0.114762
0.596132 -0.377906 -0.201418
0.113545 -0.969430 0.069556
-0.671931 -0.708372 0.154152
0.657015 0.570041 0.117618
-0.629843 0.166910 -0.201418
0.167282 0.633664 0.163532
-0.623274 -0.751216 0.071377
-0.105386 -0.807802 0.077443
-0.377448 -0.530746 0.161088
0.909804 0.175777 0.191047
0.397465 -0.338375 -0.201395
0.917094 -0.209339 0.191047
-0.758872 0.624444 0.100534
-0.878287 -0.244666 0.102531
0.424110 0.071837 0.098531
-0.110962 0.625896 0.163912
-0.129399 0.905870 -0.201418
0.585701 0.513626 -0.201418
0.220810 -0.383886 -0.195543
0.458827 -0.199793 0.165613
0.160764 -0.861742 0.022287
0.883093 -0.424388 -0.163870
-0.754115 0.420884 0.145614
-0.165321 -0.451987 -0.124321
-0.847972 0.494880 0.101279
-0.380016 0.199174 0.100594
-0.213915 -0.631719 0.163116
-0.552821 0.385642 0.163106
0.535316 -0.343156 0.167499
0.892404 0.413712 -0.110437
0.909727 0.081198 0.072693
-0.347435 -0.840736 0.112458
-0.974948 0.092260 0.041881
0.395783 -0.728738 0.062214
-0.476541 0.615231 -0.201097
-0.246447 0.954035 0.153978
-0.852827 0.202153 0.022287
0.923183 0.006375 0.189702
0.683997 -0.674034 -0.197263
0.628085 -0.185461 -0.201255
0.439932 -0.050516 0.053136
0.027085 -0.740974 -0.201418
-0.017260 -0.695953 0.162542
0.714554 0.485850 0.146946
-0.926209 0.324882 -0.118246
0.293047 -0.859498 0.084445
0.042867 0.746813 0.158584
0.162732 0.809548 0.088047
0.234439 0.623383 -0.201418
0.979903 -0.061753 -0.123669
0.677443 0.120828 -0.201418
-0.586025 -0.376854 0.158579
0.071914 0.630748 -0.201418
0.677033 0.240756 0.162249
-0.704944 0.685408 -0.134260
-0.347821 -0.240208 0.106148
-0.265901 -0.387725 -0.027859
0.405959 0.353376 -0.201418
-0.595394 0.282974 0.163383
0.131598 0.470561 -0.100917
0.126896 -0.966766 -0.077908
-0.354061 0.260866 -0.172416
-0.945871 -0.130304 0.187360
0.166050 0.397821 0.106462
0.621431 0.677083 0.114909
0.415201 0.262769 -0.135923
0.800550 0.207341 0.071409
-0.522789 -0.626080 0.076261
0.331586 -0.356637 0.166026
-0.476562 -0.092998 -0.132324
0.024969 0.917127 0.088976
-0.431211 -0.092641 0.050567
-0.134862 0.861132 0.131918
0.076398 -0.493849 -0.199900
-0.724124 -0.378804 0.154333
-0.400321 0.898459 0.002835
-0.186632 -0.958118 0.045797
-0.864455 -0.141591 0.022287
-0.958137 -0.199907 -0.066684
0.490850 0.082405 0.166563
0.370926 0.743487 -0.201418
0.353919 0.505055 0.164286
-0.666992 -0.000038 0.162667
0.731774 -0.498053 -0.201339
-0.895160 0.192998 0.125897
0.131401 0.977203 -0.077509
0.846691 -0.250077 -0.201188
0.256200 0.952179 -0.124609
0.401196 0.248290 0.021883
0.074971 -0.910583 0.148236
-0.287795 0.853460 -0.200954
0.294234 -0.379429 -0.102943
-0.659419 -0.566064 -0.199910
0.652534 -0.176141 0.162237
0.423322 0.128422 -0.197606
0.317736 0.354481 -0.008104
0.142657 -0.678936 0.159687
0.527035 0.832519 0.086219
0.875333 -0.414756 0.174173
0.701065 0.648136 -0.201418
0.406026 0.530296 -0.201418
-0.592027 0.679915 0.022287
-0.962185 0.137592 -0.189783
-0.070882 -0.909605 0.136551
-0.855014 -0.468466 -0.121436
0.833542 0.523121 0.024165
-0.826912 0.045551 0.059003
0.079482 0.502901 -0.190516
-0.063752 0.972122 0.174647
-0.414572 0.711210 0.087865
-0.154882 0.709174 -0.201418
-0.413372 -0.812899 -0.201345
-0.485515 -0.256020 0.163825
0.416081 -0.882308 -0.030440
0.168595 -0.883619 -0.201230
0.880751 -0.221879 0.036696
-0.358110 -0.907390 -0.082936
-0.153271 -0.917689 -0.200502
-0.274174 0.711059 0.156950
-0.350471 0.276554 0.047597
-0.590423 -0.534698 0.155020
-0.676111 0.614084 0.069097
-0.909059 -0.360427 -0.012384
-0.001018 0.985902 0.019627
0.300852 -0.612368 0.159083
-0.531890 0.801306 0.185793
0.561514 -0.545485 -0.201085
0.483632 -0.072066 -0.143373
0.026957 0.944460 -0.201418
-0.154248 0.973077 0.054191
-0.757289 -0.616917 0.074697
0.756499 -0.082806 0.159838
-0.333863 -0.637726 0.158710
-0.897360 0.394762 -0.012642
-0.449840 0.798083 0.081653
0.270849 -0.938124 0.012807
-0.116831 0.460816 0.000379
-0.674336 -0.236087 0.157984
0.363433 -0.906608 0.115283
0.375853 0.845494 0.174207
0.855418 -0.308855 0.053490
0.345263 -0.887505 -0.200750
-0.907003 -0.061253 -0.201238
0.282581 -0.328990 0.071555
-0.639698 -0.737527 -0.031454
0.443920 -0.869394 0.095366
0.506329 0.818080 0.186222
0.223664 -0.601073 -0.201418
0.302105 0.938254 -0.037640
-0.265362 -0.327743 -0.196927
-0.566676 -0.516823 -0.200636
-0.186444 -0.528468 0.165206
0.367193 -0.518832 -0.200164
-0.435179 0.217230 0.166773
-0.108712 -0.407746 0.103369
-0.035009 0.984789 -0.101502
-0.145423 -0.749664 0.156925
0.693994 -0.590558 0.095850
-0.542952 0.821285 0.001390
0.555809 -0.289817 -0.201418
0.212929 0.962352 0.111420
-0.076941 -0.475559 -0.125733
0.047685 0.473594 -0.003264
-0.672924 -0.614335 0.120016
-0.508658 -0.743570 0.022287
0.542091 -0.732890 0.113099
-0.237678 -0.927479 0.181518
0.519835 0.205579 -0.201418
0.919987 -0.332840 -0.111598
-0.237692 0.956077 -0.039738
-0.939561 0.282145 0.069928
-0.352759 -0.354419 0.166399
-0.910077 0.069117 0.095771
-0.265376 -0.649483 -0.200726
0.981085 -0.030440 0.139424
-0.315476 0.931316 -0.163803
0.516932 -0.466967 -0.201187
0.284018 0.402811 -0.140244
-0.392453 -0.258462 -0.023012
-0.641859 -0.590742 0.022287
-0.708822 -0.473728 0.099187
-0.796862 -0.427852 0.028324
-0.074652 0.808758 0.159800
0.623870 0.762288 0.070526
-0.524227 0.476754 0.162438
-0.225964 0.841856 0.123515
-0.367984 0.847211 0.166828
0.034868 -0.975252 -0.134045
0.256402 0.756894 0.159716
-0.407241 -0.882780 0.166671
0.764272 -0.501506 0.125824
-0.747605 0.460856 -0.200492
-0.749999 0.619749 -0.190734
0.273286 -0.711739 0.161255
-0.074388 -0.972765 -0.092442
0.704332 0.688482 -0.035843
0.537441 -0.813997 -0.116033
-0.532892 -0.816852 -0.175659
-0.970335 -0.112883 -0.183810
0.192355 -0.729901 -0.201418
0.884502 0.252891 0.141452
0.463268 -0.760149 0.022287
-0.789905 0.454476 0.052050
-0.340635 0.375643 -0.197630
0.469270 -0.273918 -0.201418
0.266782 -0.455219 -0.201386
0.744697 0.114214 0.161551
-0.767191 0.319846 0.087449
0.665134 0.497051 0.078674
-0.249802 -0.471748 -0.201418
-0.348172 -0.911218 -0.173118
0.358371 0.344854 0.166508
-0.527951 -0.821002 0.146089
0.031214 0.436639 0.083502
0.923835 -0.079165 -0.201418
0.762522 0.622770 0.014258
-0.088157 -0.971188 0.065458
-0.012954 0.886840 0.022287
0.350037 -0.911651 0.020159
-0.195546 -0.371162 -0.190765
-0.909676 -0.358273 -0.139445
-0.979551 0.021291 0.143961
0.449856 0.144290 0.009138
0.823370 -0.072821 0.079830
0.413308 -0.236935 -0.055398
0.972293 0.142267 0.056074
-0.325265 -0.776442 0.158630
-0.773421 0.065225 -0.201256
-0.597582 -0.202667 0.160936
0.566341 0.531902 0.159732
0.915329 0.000697 0.101204
-0.825203 -0.490814 -0.196525
0.023491 -0.902691 0.030658
-0.973259 -0.104673 0.021919
0.177784 -0.399651 0.056792
0.650165 0.452005 -0.201418
0.036257 -0.533681 0.164419
0.094640 0.791604 -0.201418
0.859120 -0.470188 0.005518
-0.495596 0.330257 -0.201002
0.312342 -0.620546 -0.201188
0.780788 -0.586728 -0.008133
0.290952 -0.429606 0.166046
0.758865 0.445665 0.022287
0.461034 0.591372 0.161673
0.168776 0.825951 -0.201418
0.793512 0.310725 0.093872
0.385012 -0.772706 0.129528
-0.721787 0.667450 0.005091
-0.805334 0.146115 0.078535
-0.466590 -0.538159 0.162235
-0.772965 0.186247 0.159519
-0.371710 -0.809108 0.022287
0.330054 0.770027 0.062239
0.004817 0.607092 0.162038
0.793205 0.462582 0.106638
0.659398 0.714575 0.175599
-0.505050 0.844854 -0.107084
0.959008 -0.205385 -0.008673
0.457406 -0.380075 0.164582
0.733477 0.561363 0.167973
-0.278540 -0.859454 0.038618
-0.783482 -0.351866 0.106976
0.093263 0.981110 0.151398
0.277342 0.874656 0.090936
0.671801 -0.710542 0.144642
-0.822418 -0.525640 0.011342
-0.420890 0.131712 0.059464
0.894949 0.408097 0.149247
-0.601868 -0.693327 0.191047
-0.811004 0.518222 0.182927
-0.248368 -0.817692 -0.201418
0.153732 -0.474666 -0.178268
-0.492064 -0.839455 -0.107401
0.282745 0.468372 0.165652
0.418749 0.892163 -0.103418
-0.810400 -0.217652 0.153580
-0.457123 -0.861380 0.107896
-0.105201 -0.616743 -0.201418
-0.313839 0.933028 0.003919
-0.529401 0.125107 0.165620
0.675878 -0.380191 -0.201418
-0.481549 0.022222 -0.099356
0.721508 -0.531209 0.022287
0.888278 0.212695 0.072907
-0.460523 0.496347 -0.201297
-0.446666 -0.646024 -0.201418
0.923612 -0.327226 0.118680
0.933481 0.309272 0.009755
0.064242 -0.828676 0.156245
-0.341768 -0.341779 -0.134220
0.387661 0.906249 0.119045
-0.471771 -0.066379 0.166434
0.062239 -0.457667 0.037350
0.959588 0.212508 -0.100464
0.657547 0.373004 -0.201418
0.486029 0.772095 0.028625
0.837573 -0.367398 0.120619
-0.514959 0.650037 0.068827
0.638551 0.060038 0.161211
0.650534 -0.306475 0.157872
-0.571858 -0.708326 0.112426
-0.055735 0.721878 -0.201418
0.425699 -0.195507 0.013064
0.468971 -0.526611 0.158816
-0.196721 -0.886578 0.095493
0.277324 0.337124 0.085954
-0.676120 0.351127 -0.201114
0.799601 0.403578 -0.201418
0.448999 0.877320 0.037243
0.381481 0.692599 0.160872
0.013022 0.985579 0.125009
-0.111716 -0.457427 -0.040979
0.908676 -0.364852 0.000785
-0.219364 0.449151 0.166560
0.444959 0.192808 -0.158902
-0.290486 -0.931515 0.002322
0.185064 -0.464973 0.166393
0.278834 0.460925 -0.201418
0.490490 0.670739 0.160077
0.307433 -0.927026 -0.142797
0.561628 -0.709312 0.030725
0.447771 0.801971 0.098825
0.001950 0.826862 0.154257
-0.815097 -0.000251 -0.201418
0.471357 -0.177505 -0.178743
-0.063684 -0.436474 0.163801
-0.909217 -0.035010 0.073713
0.659100 0.366518 0.161561
-0.255603 0.546487 0.164539
-0.977039 0.046287 -0.177472
0.455238 -0.082389 0.167109
0.656879 -0.601890 -0.200956
-0.338047 0.924850 0.145338
-0.678193 -0.483554 -0.201418
-0.800197 -0.146748 0.084690
0.726351 -0.390194 0.065642
-0.300525 -0.303382 0.141997
-0.384576 -0.711494 -0.201217
-0.125966 -0.731499 -0.201259
-0.737029 0.262189 0.155690
-0.782055 -0.470045 0.124752
-0.200121 -0.787267 0.089102
-0.819446 0.407766 0.104781
0.509344 0.373064 -0.201418
-0.425005 0.245183 -0.148985
-0.798739 -0.200558 -0.201418
0.829858 0.091294 0.060722
-0.682330 0.446649 0.088679
-0.213875 -0.952018 -0.032595
0.201348 0.450060 -0.140753
-0.481043 0.859043 0.047472
-0.951134 0.239552 -0.106199
-0.586618 -0.780486 0.001698
0.805475 0.252251 -0.201418
0.206032 -0.886859 0.116371
0.931116 0.317065 0.129684
-0.381760 -0.727247 0.086948
0.829907 -0.519355 0.057281
0.942597 -0.241861 -0.191984
0.181979 0.841936 0.022287
0.602111 -0.770487 0.139976
0.562521 0.736523 -0.201418
0.980534 0.056873 0.083205
0.367285 -0.227115 0.081511
0.778392 -0.310871 0.090938
0.368021 0.848636 -0.201418
-0.043403 0.474546 0.167033
-0.122211 0.478463 -0.149965
0.901674 -0.142822 0.085189
0.117880 0.978685 0.002127
-0.179904 -0.601609 -0.201418
0.578866 0.797192 -0.081639
0.848880 0.187240 0.132490
0.677279 0.150427 0.158884
-0.654746 0.523060 0.089275
-0.009648 -0.463880 0.016439
0.775712 -0.225502 -0.201240
0.511310 0.701753 0.022287
0.978732 0.080243 -0.174097
-0.349875 0.783800 0.095998
0.591705 0.583174 0.078708
-0.938288 -0.276731 0.133489
0.600692 -0.502035 0.160894
0.158731 0.835479 0.159706
0.697990 0.240107 -0.201418
0.867151 0.031604 -0.201418
-0.221139 0.365238 -0.188988
-0.877721 0.191182 -0.201418
-0.364271 0.505579 0.164134
-0.654063 -0.333576 0.157267
-0.584074 -0.372161 -0.201418
-0.326730 -0.396548 -0.201354
0.913076 0.365604 -0.035686
0.771123 0.505011 -0.201418
-0.319224 0.861745 0.109418
0.705130 -0.434964 0.167499
-0.923823 0.331217 0.135010
-0.559178 0.607960 -0.201186
0.866942 -0.133993 -0.201418
-0.439463 -0.166714 -0.017116
-0.472493 0.410684 0.164057
-0.434012 -0.795911 0.072464
0.422618 -0.736418 -0.201005
-0.652859 0.678804 0.191047
0.481371 -0.845250 -0.175827
-0.809465 0.045997 0.156024
-0.416532 0.071397 0.116388
-0.732235 -0.544987 0.134405
0.650432 0.740207 -0.125823
-0.623887 -0.153051 -0.201418
-0.915640 0.144960 0.191047
-0.722246 0.557579 0.062917
-0.852948 -0.467352 0.167901
0.244479 0.916777 0.191047
0.878921 0.399642 -0.197303
-0.457490 0.843914 -0.199938
-0.168851 -0.905160 0.191047
-0.284321 -0.470076 0.164377
0.964183 -0.181777 -0.134231
-0.282337 0.402714 -0.141870
-0.743339 0.213403 -0.201418
0.551516 -0.051926 0.164812
0.648431 0.644028 0.050640
0.094727 0.910386 0.058159
0.920699 0.345349 -0.159146
-0.270285 -0.868535 0.112126
-0.725391 -0.286980 -0.200183
-0.470828 0.014728 -0.009093
-0.848767 -0.068966 0.095129
0.155453 0.451897 -0.019112
-0.025384 -0.975492 0.006076
-0.640215 -0.736877 -0.153693
0.979182 0.078678 -0.091195
-0.393974 -0.271800 -0.094043
0.321898 -0.784299 0.022287
-0.464935 0.867654 0.137853
0.304719 -0.924012 0.166689
0.907100 0.140151 0.128399
-0.067694 0.917739 0.118370
0.730755 0.400856 0.160007
0.848849 0.352565 0.132785
-0.585977 -0.229643 -0.200825
0.183314 -0.958709 -0.132046
0.978560 -0.075386 0.074624
-0.571481 0.715666 0.089175
-0.037682 0.430231 0.103156
0.156510 -0.667541 -0.201418
-0.342654 0.349223 -0.126424
-0.100205 -0.846162 0.153033
-0.563849 -0.106791 0.162989
0.812793 0.018662 0.154624
0.571020 -0.436933 0.165253
0.860991 -0.466686 -0.068085
0.094856 -0.893165 0.022287
0.283837 -0.810260 0.144079
-0.403839 0.685619 0.160754
-0.918600 0.049692 0.180077
-0.844002 0.495307 -0.140348
-0.811525 -0.269942 0.101509
-0.446050 0.154928 -0.003184
-0.878610 0.245522 0.075705
-0.753325 0.559290 0.191047
0.394911 -0.231182 0.167499
-0.625533 0.668668 0.092239
0.598431 0.097142 -0.201418
-0.286692 0.325298 0.141451
0.713672 -0.079736 -0.201418
-0.043354 -0.974904 0.134299
-0.858224 -0.467158 0.029263
-0.409144 0.407404 -0.201418
0.129096 0.912878 0.140187
-0.850778 -0.333093 0.132703
0.140989 0.908643 -0.201418
0.327348 -0.726838 -0.201066
0.706001 0.579425 0.046463
0.794447 -0.469873 0.191047
-0.408562 0.544122 -0.201213
-0.741126 0.531208 -0.200309
0.061578 -0.895840 -0.201418
-0.554823 0.466115 -0.201418
-0.413712 -0.883861 -0.032631
0.526057 0.650262 -0.201418
0.969881 0.156876 0.159714
0.543117 0.334978 0.163841
0.024276 0.844544 0.089082
-0.913185 -0.067996 0.135541
0.557481 0.114808 0.163514
0.034057 0.444700 -0.197191
-0.110839 0.824553 0.077090
-0.738383 -0.639322 -0.108560
-0.565656 0.764629 -0.200996
0.815903 0.551278 0.090743
0.670700 -0.532392 -0.200998
0.232473 -0.873865 0.038188
-0.903129 -0.104776 0.067318
-0.502852 0.654709 0.160164
-0.536233 -0.815852 -0.032702
-0.208834 -0.721073 0.161466
-0.489990 -0.367475 -0.201418
-0.636791 0.227118 0.159452
-0.563710 -0.105253 -0.201418
0.500836 -0.837350 0.045950
0.506360 -0.633442 0.087433
-0.435485 0.124817 -0.167861
-0.167853 -0.427762 0.039832
0.944421 0.151048 -0.200611
0.497654 0.517268 -0.201418
-0.690399 0.449361 0.160167
-0.866398 -0.264245 0.036994
0.147468 0.461821 -0.185387
0.050230 0.984361 -0.145184
0.106855 0.667789 0.163125
0.470477 -0.791161 0.191047
0.689780 -0.217157 -0.201158
0.586090 0.792015 0.130211
0.369340 0.216783 0.110323
-0.564929 0.041627 0.163286
-0.186459 0.704785 0.162076
-0.169670 0.632214 -0.201418
-0.427552 -0.575656 -0.201418
0.238144 0.708274 -0.201418
-0.960797 0.198113 0.146882
-0.621665 -0.663131 0.096704
0.109283 0.858101 0.102482
-0.168667 0.899178 0.055785
-0.096099 -0.958765 -0.191369
-0.646153 0.697637 -0.201143
0.132353 -0.610909 0.161785
0.514414 -0.630617 -0.198937
-0.494608 -0.111887 -0.201418
0.426213 -0.117875 0.053246
-0.610675 0.535589 -0.201418
0.357071 -0.527297 0.163735
0.914598 -0.088283 0.147999
0.264993 0.793522 0.087916
0.447193 -0.631698 0.161045
0.563546 0.258418 -0.201418
0.629916 -0.563944 0.163826
-0.782383 0.341254 0.154958
-0.194416 0.450507 -0.127980
-0.677892 -0.390486 -0.201085
-0.449068 -0.864926 0.040038
-0.461631 -0.032189 0.039832
0.414515 0.720295 0.078883
-0.367286 -0.246691 0.040984
0.734918 -0.643356 -0.155082
-0.127510 -0.469417 -0.181812
-0.047393 0.476488 -0.028672
0.366324 -0.438595 -0.201093
-0.014878 0.491238 -0.126145
-0.514489 0.259009 0.165017
-0.968297 0.151222 0.006022
-0.102354 -0.947992 0.185317
-0.239362 -0.344466 0.131209
-0.360317 -0.906872 0.102936
0.205866 0.898344 0.136608
0.276430 0.933680 -0.194709
-0.064681 0.502997 -0.178494
0.618469 -0.041395 0.161454
0.889738 -0.208084 0.102495
-0.392784 -0.210307 0.167478
0.416017 -0.084850 0.111860
-0.597465 0.781077 0.098589
0.470941 -0.029342 -0.003238
-0.562341 0.161820 -0.201418
0.006214 0.872535 -0.201418
0.488908 0.036228 -0.146434
0.146594 0.647346 -0.201418
-0.799762 0.570805 0.095421
-0.950521 -0.232569 0.015281
0.866999 -0.455447 0.098791
-0.481711 -0.683399 0.036970
-0.332657 0.926374 0.068385
-0.197974 -0.771047 -0.201418
0.918291 0.090818 0.184033
-0.581680 -0.576174 0.071315
-0.360176 -0.555049 -0.201342
0.066392 -0.430775 0.155657
0.195846 -0.824053 0.094398
0.926584 -0.318057 0.045712
0.484112 0.795368 -0.201418
0.798032 -0.185602 0.079988
0.380560 0.289645 -0.026940
-0.838289 0.508999 -0.006231
0.524502 -0.225122 0.163129
-0.788458 -0.576969 -0.171409
-0.347918 -0.827682 -0.199672
0.064754 -0.559873 -0.201418
0.060961 -0.466810 -0.038162
-0.206311 0.902063 0.178130
-0.704856 -0.675169 -0.004185
0.306564 0.813759 0.138979
0.235085 -0.409140 -0.038254
0.050588 -0.974738 0.019581
0.101354 0.431571 0.152573
0.803873 -0.273766 0.158178
-0.511298 -0.758936 0.163933
-0.021728 0.645280 -0.201418
0.818374 -0.206365 0.157144
-0.062828 0.903124 -0.201418
-0.094000 -0.604044 0.161558
-0.421794 0.752502 0.022287
0.982197 0.006082 -0.133677
0.272734 0.947164 0.136067
-0.420996 0.286924 0.166335
0.335558 0.362771 -0.152606
-0.372314 0.910488 -0.077819
-0.245544 -0.944634 -0.132891
0.008036 0.783555 -0.201418
-0.426406 -0.474504 -0.200777
-0.666031 -0.549215 0.133798
0.546094 0.679851 0.125079
0.973808 -0.123485 -0.164256
0.592285 -0.141730 0.161801
-0.143388 -0.891897 0.034782
-0.712093 -0.472461 0.022287
0.335134 -0.321707 0.031973
-0.861660 0.305595 0.097652
-0.638874 0.745833 -0.087531
-0.544824 -0.687885 -0.201084
-0.685923 -0.692699 -0.171785
0.980911 0.045350 -0.007927
0.149658 -0.451336 -0.073760
-0.378169 -0.227976 -0.170214
-0.875236 -0.272490 0.162197
0.812317 -0.363083 -0.200465
-0.163236 0.971592 0.119398
0.285708 0.867740 -0.201418
0.260748 -0.331674 -0.194078
-0.658323 -0.655751 0.191047
0.329289 0.609906 -0.201418
0.866296 0.297453 0.096788
0.350844 -0.839836 0.108463
-0.853162 0.292554 -0.201418
0.570987 -0.595370 0.061776
0.125299 -0.967463 0.000711
-0.756026 0.279125 -0.201323
0.545892 -0.622315 0.155475
-0.326630 -0.330948 0.013038
0.576401 -0.095536 -0.201418
-0.251023 -0.387601 0.035809
0.583646 -0.705767 -0.198351
-0.767914 -0.315988 0.051021
-0.622499 0.603438 0.117189
0.345810 0.922853 0.064966
-0.655832 0.307113 0.162109
-0.058163 -0.832084 0.040026
0.133144 -0.798748 0.087029
-0.414555 0.247913 -0.084966
0.767375 0.616856 0.156027
-0.945047 0.264061 0.132655
-0.729030 0.401683 0.087920
0.705027 -0.154147 -0.201418
-0.718133 0.119660 0.158106
-0.621904 0.387209 0.161954
0.208976 -0.934131 -0.197689
0.794470 -0.567160 -0.148003
-0.163874 0.851074 -0.201418
0.849202 -0.010695 0.092905
-0.472313 -0.013245 -0.161401
-0.889719 -0.187460 0.074584
0.122096 0.716462 -0.201418
0.060620 0.510213 0.166309
0.329401 -0.756209 0.158063
0.800490 0.250457 0.159885
0.738587 -0.364897 -0.201418
-0.860123 -0.335449 -0.199924
-0.039354 -0.500904 0.165405
0.009057 -0.816779 0.073656
0.398233 0.164333 0.137064
-0.305455 0.686484 -0.200947
0.369779 -0.280342 -0.163814
-0.813881 -0.405323 0.086173
-0.059064 -0.427993 -0.198431
-0.137714 0.771192 -0.201418
-0.810207 0.388239 -0.200952
-0.900495 0.388554 -0.113616
0.689928 -0.691260 -0.135596
0.466156 0.111731 -0.049610
0.381381 -0.397154 0.163772
0.100429 -0.839595 -0.200218
-0.049800 -0.424972 0.084756
-0.765888 -0.485974 0.064803
-0.329344 -0.678964 -0.201418
-0.428880 -0.483936 0.163527
-0.213868 -0.937675 -0.195596
-0.887907 -0.408834 -0.106816
0.805003 -0.428361 0.095991
0.467596 0.266871 0.165792
0.978894 -0.071996 0.010788
0.789282 -0.081388 -0.201418
0.611709 -0.674409 0.098285
-0.395714 -0.306136 -0.181472
0.829244 0.388731 0.083889
0.616668 -0.023291 -0.201418
0.950354 -0.052074 0.191047
0.513131 -0.220259 -0.201162
0.941137 0.259355 0.170182
-0.471123 0.678830 -0.201255
-0.916409 -0.163272 -0.200954
-0.021169 0.767435 0.156361
-0.810266 0.258382 0.022287
0.056506 -0.974544 0.127046
0.300011 0.609456 0.163062
0.315813 0.856018 0.025873
0.808038 -0.481231 -0.201418
-0.584086 -0.005389 -0.201418
-0.193434 -0.448526 -0.181303
-0.244315 0.883287 0.078872
0.105285 0.758493 0.161365
0.188087 -0.958083 0.117175
-0.325088 0.673478 0.161702
0.690794 0.522790 0.022287
-0.000684 -0.813643 0.160233
0.221648 0.865791 -0.201418
0.965895 0.181021 -0.037548
-0.851700 0.093108 0.100963
0.908489 0.031768 0.033165
-0.364495 0.838233 0.055705
-0.093370 0.980888 -0.075083
-0.554304 0.353587 -0.200752
-0.125833 0.722494 0.161998
-0.575062 0.519255 0.161138
-0.707179 0.068918 -0.201046
-0.707268 0.588911 0.145110
-0.235178 -0.413278 -0.076448
-0.461294 -0.122900 -0.073533
0.501295 -0.088566 -0.201418
0.504390 -0.836220 0.114276
-0.511677 -0.763656 -0.201415
-0.609716 0.249533 -0.201236
-0.260779 0.394618 0.012234
-0.800236 0.247555 0.153729
-0.978828 0.043376 0.001839
0.419370 -0.861020 -0.198743
0.781949 0.490708 0.168264
0.818855 -0.390510 0.035748
0.174226 0.970132 -0.145272
-0.321537 0.506308 -0.201418
0.222783 0.794319 -0.201418
0.291484 -0.838979 0.022287
0.257355 -0.413110 -0.154062
-0.652516 0.735934 0.126231
-0.700257 -0.601310 0.191047
-0.542868 -0.574919 0.159441
0.570632 -0.753263 0.191047
-0.694130 -0.582730 0.055427
0.398102 0.901518 -0.161506
-0.184381 0.591177 0.164228
0.437890 -0.871576 0.026928
0.510346 0.842897 -0.022352
-0.907099 0.122871 0.126957
0.365867 -0.905274 -0.144811
-0.495830 -0.675661 0.156857
0.111907 -0.900324 0.081626
0.547004 -0.809133 -0.006246
-0.020144 0.985275 -0.040988
0.861840 -0.311070 0.130498
-0.815144 0.402137 0.030089
0.787682 0.365598 0.134828
-0.198286 0.965265 0.007350
-0.978278 -0.050563 -0.008010
0.639613 -0.525763 0.088747
0.809829 0.124370 -0.201418
0.732329 -0.541410 0.090849
0.226296 -0.802206 -0.201418
-0.098861 0.507526 0.166235
0.656831 -0.672227 0.191047
0.426023 0.517256 0.163233
-0.081855 -0.832764 -0.200772
0.830448 0.528097 -0.144525
-0.228170 0.522157 -0.201418
0.640202 0.583819 -0.201418
-0.813547 -0.541956 0.150659
0.072967 -0.419307 0.092448
0.394314 0.772474 0.107535
-0.444611 0.283008 -0.201320
-0.945504 -0.252940 -0.149202
0.484910 -0.007674 0.166231
0.434475 0.263188 -0.201398
-0.480566 -0.772710 0.112316
-0.863872 -0.247872 -0.201418
-0.120431 0.420911 -0.199590
-0.090364 0.438261 0.051146
-0.303279 0.312698 0.083175
-0.906282 -0.001006 0.022619
-0.398018 0.900526 0.154623
0.847248 0.338988 0.052697
0.657435 0.733648 0.117262
-0.295547 -0.807944 0.111258
0.016239 -0.665435 -0.201418
-0.380186 -0.188103 0.102333
0.411537 0.697174 -0.201418
-0.087073 0.589090 -0.201418
0.210774 0.962854 0.044438
-0.061090 -0.495728 -0.181377
0.747941 -0.628979 -0.037903
-0.584668 -0.781883 0.107632
-0.792317 0.461735 0.114578
0.801333 -0.247643 0.045830
-0.820281 -0.024040 0.157054
-0.970710 0.136613 0.083690
-0.216153 0.800345 0.078860
0.282548 0.390692 -0.056161
0.669518 0.629762 0.118123
0.010421 -0.479444 -0.110303
-0.455208 -0.158301 -0.158137
-0.659827 -0.718815 0.025219
-0.629207 0.462047 -0.200886
-0.020342 -0.907349 0.085837
-0.538337 -0.296714 0.161485
0.687254 0.705719 -0.165656
0.715072 -0.307691 -0.200280
-0.608582 0.649885 -0.201218
-0.854916 -0.310341 0.076525
0.484952 0.428720 0.160593
0.796074 0.578950 -0.116092
0.891924 -0.117129 0.022287
0.238776 0.882579 0.044877
-0.586582 -0.573977 -0.201038
0.465589 0.652088 -0.201418
-0.453226 0.568667 0.162089
0.613987 -0.760483 0.013642
-0.531851 -0.403629 0.159599
0.021406 -0.967784 -0.192479
0.456503 -0.709667 0.092102
0.437560 0.050066 0.153216
-0.921550 0.336953 0.052145
-0.550210 0.325344 0.163778
-0.678844 0.567781 0.022287
0.479660 0.046933 -0.077469
0.492920 -0.768425 -0.200013
0.023907 -0.474801 0.166789
0.016596 -0.745653 0.161567
-0.511522 0.756431 0.051685
0.528568 0.758759 0.170108
0.186392 0.528678 0.164522
0.417292 -0.249967 -0.135459
0.699307 -0.683657 0.098528
-0.371383 0.910315 -0.157617
-0.826842 -0.102578 0.048113
0.581680 -0.784367 -0.143722
-0.170426 0.446643 -0.023071
0.692363 -0.583313 0.028100
0.174971 -0.911100 0.191047
-0.393337 -0.645133 0.159586
0.916653 0.052417 0.138044
0.138705 0.975997 0.112679
-0.372800 -0.837293 0.184888
-0.226894 -0.453172 0.165253
-0.204659 -0.954167 0.105383
0.390091 -0.322058 0.166323
-0.152641 -0.899281 0.133828
0.210757 -0.708603 0.161702
-0.258772 -0.733330 -0.201418
-0.381499 -0.425489 -0.201086
0.290878 0.338307 0.157651
0.126413 -0.616053 -0.201418
-0.693270 -0.069637 -0.200680
0.198778 -0.432535 -0.159543
0.106404 0.934089 0.191047
0.760152 0.622417 -0.178351
0.208699 0.676380 0.162502
0.284078 -0.306330 0.126541
0.845118 -0.365814 0.189150
0.871408 -0.196063 -0.201418
0.422136 0.065136 -0.195406
-0.378778 0.733065 -0.201418
0.822652 0.143697 0.087586
0.653059 -0.727577 -0.095574
-0.413757 0.349526 0.165712
-0.056854 0.913319 0.060252
-0.126712 0.975813 -0.177692
-0.568384 0.724680 0.147599
-0.068646 0.861481 0.022287
0.626327 0.760271 0.011451
-0.493599 0.189564 0.164674
0.510608 -0.750331 0.066164
0.615158 0.579310 0.158366
-0.812970 -0.090170 -0.200142
0.553635 0.563264 -0.201418
-0.787799 0.138297 -0.200740
-0.903150 -0.164333 0.165432
0.079880 -0.573128 0.162723
-0.175461 0.485673 -0.201409
0.342786 -0.343482 -0.137705
0.359976 0.493714 -0.201418
-0.311433 -0.513929 -0.201298
-0.182693 0.401773 0.151253
0.128939 -0.719428 -0.201391
0.182497 0.424889 0.039832
0.818598 -0.537542 -0.102029
0.090524 0.425143 0.095222
0.215284 0.584026 0.162048
-0.415659 0.820051 0.124011
0.470172 -0.112016 -0.102557
0.344452 -0.325540 -0.043396
0.536300 -0.282529 0.162491
0.437870 0.004756 0.072441
0.847613 -0.314179 -0.200238
0.611045 0.414810 0.161873
0.602486 0.701424 0.171917
-0.292927 0.766475 0.155590
0.714334 0.677804 0.104013
-0.612716 -0.480605 0.155660
-0.472910 -0.309900 -0.201418
-0.863454 0.462161 -0.030571
-0.268446 -0.795501 0.029872
-0.976617 -0.072540 -0.116049
-0.948641 0.250246 -0.027029
0.942344 0.280054 -0.040035
0.013294 0.549395 0.164081
-0.063831 -0.855739 0.108427
0.065810 0.572724 -0.201418
-0.899784 -0.383040 0.154538
-0.250824 -0.818453 0.147145
-0.695970 -0.069685 0.158550
0.873961 0.249773 -0.201418
0.539423 0.824816 -0.115327
-0.429790 0.206819 -0.037938
-0.425709 0.007191 -0.198771
0.068676 -0.416289 -0.199002
-0.623743 0.592248 -0.201418
0.034437 -0.908569 0.105742
0.782305 -0.030883 0.155676
-0.644334 -0.268429 -0.200505
0.243778 -0.784189 0.087345
0.388669 -0.895746 -0.088044
-0.777095 -0.458622 -0.201039
-0.452443 -0.405398 0.161718
-0.900784 0.322902 0.187562
0.172546 0.391489 -0.187282
-0.794933 0.577544 0.152737
-0.624448 0.324987 -0.201183
-0.502173 0.034889 -0.188075
0.505118 -0.763125 0.154107
0.758727 0.518791 0.119489
0.756802 0.360988 0.055289
0.860329 0.214591 0.022287
-0.799980 -0.468834 0.191047
0.227328 0.430900 0.166826
-0.340967 -0.481370 0.162799
0.875482 -0.041150 0.022287
-0.308337 0.363429 -0.020411
0.054309 -0.481607 -0.147966
0.469107 0.089655 -0.160919
0.344534 -0.572697 -0.201219
0.719714 -0.572018 0.183712
0.872165 0.084058 0.022287
0.391210 -0.826739 0.148775
-0.063674 -0.556758 -0.201418
0.344944 0.915445 -0.190869
0.591723 -0.305977 0.159744
-0.736494 0.000256 0.161336
-0.599329 0.061503 -0.201158
-0.691905 -0.483930 0.153346
0.442475 0.852971 0.187576
-0.801191 -0.111092 0.154679
0.552055 0.624259 0.072597
-0.554638 0.812716 -0.122119
-0.834866 0.136622 0.026139
0.843936 0.506406 -0.029697
-0.438205 0.183832 -0.161331
-0.749393 -0.417203 0.106135
0.518916 0.164588 0.165663
-0.029739 -0.856537 -0.201418
0.504538 0.044648 -0.201418
-0.892922 0.175342 0.053124
0.702449 0.469587 0.039811
-0.418425 -0.091153 0.140906
-0.221222 -0.391208 0.167293
0.295030 0.874229 0.145276
0.184065 -0.431420 -0.017184
0.351635 0.920660 -0.077995
0.444811 -0.168419 -0.046386
-0.885974 0.404797 0.170598
-0.296496 -0.929693 -0.157410
-0.668314 0.501958 0.159937
0.456794 -0.392767 -0.201299
0.479560 0.152272 -0.178940
0.736228 -0.644043 0.077024
-0.454969 -0.210821 -0.185319
-0.871757 0.289642 0.151279
0.007959 -0.633280 0.163771
0.759002 0.627058 -0.121764
0.467907 -0.853496 -0.106873
-0.874065 0.445211 0.071367
-0.560815 0.808587 0.055232
-0.479781 0.087969 -0.137893
-0.300123 -0.928592 0.141607
0.715708 -0.331907 0.155403
0.427169 -0.045692 -0.175141
0.343488 0.923727 0.003430
0.864301 0.030813 0.134435
0.481912 -0.581719 0.160055
0.796462 0.136849 0.158582
0.333852 0.444255 0.165479
0.978241 0.088233 0.028782
0.165456 -0.804600 -0.201418
-0.854987 -0.187684 -0.201418
0.910454 -0.137974 0.174312
0.448090 -0.802536 -0.200922
-0.186094 0.956821 -0.194303
0.429254 0.365982 0.163535
0.455696 0.803505 0.154563
-0.768684 -0.325308 -0.199959
0.795509 0.284257 0.038416
-0.634415 -0.644459 0.037333
0.206987 -0.547339 -0.201418
0.601564 0.360850 -0.201418
-0.376812 0.450796 0.164827
0.412643 -0.885277 0.139275
0.750134 -0.431361 0.134056
0.962205 -0.191025 0.163161
0.952859 -0.231757 -0.064386
-0.939027 0.283908 -0.074102
-0.565916 -0.624999 0.024617
-0.749758 -0.575010 0.191047
0.415142 -0.511648 0.163309
-0.682592 0.445043 -0.200120
0.946932 0.264928 0.041467
-0.776342 -0.593701 -0.072091
-0.782331 -0.585519 0.113641
0.801669 0.307557 0.151869
0.012283 0.662438 0.160079
-0.953398 -0.220231 0.136279
0.674773 -0.036100 -0.201418
0.622555 0.760670 -0.178421
0.418981 -0.735373 0.153278
-0.827314 -0.018618 0.059411
0.820725 -0.411819 0.163429
0.823403 0.263353 0.106810
0.780366 -0.590460 0.128316
-0.482925 -0.833111 0.176515
0.078662 -0.959914 0.175981
0.381686 -0.629162 0.158537
-0.065440 0.862096 0.147138
0.412354 0.813621 0.022881
0.560459 -0.642057 0.096755
0.197913 -0.956241 -0.065304
-0.395266 0.292096 -0.150470
-0.432326 -0.740436 0.105820
-0.005353 0.922820 0.143810
0.372496 0.261023 -0.194132
-0.686063 0.383067 0.160904
-0.810467 0.553134 -0.122542
-0.056109 -0.656383 0.159890
-0.585628 0.788927 -0.013199
0.430962 0.667453 0.160796
0.641926 -0.238359 0.162516
0.575586 0.046569 -0.201418
-0.932146 0.306589 -0.170289
0.484448 -0.034103 -0.183806
0.225519 0.365494 0.110608
-0.233937 0.843055 0.022287
-0.641978 0.139471 0.163408
0.437277 0.103876 0.166359
0.167515 -0.891265 0.068624
-0.511449 0.762069 0.106740
-0.282067 0.565104 -0.201418
-0.798936 -0.280330 0.022287
-0.196729 0.896908 0.103543
0.321277 0.558410 0.163752
-0.938502 -0.013185 -0.201418
-0.579122 0.153930 0.164148
-0.639755 0.606868 0.022287
0.864096 -0.382384 -0.200257
-0.432467 0.884958 -0.172690
-0.966857 -0.145883 -0.014328
-0.599028 -0.698492 -0.199821
0.838266 0.481210 0.180750
-0.094954 0.920413 0.174748
-0.890185 0.089082 -0.200602
-0.428069 0.641685 -0.201382
-0.700006 -0.163919 0.157834
-0.712293 -0.668026 0.140792
-0.977859 -0.060685 0.054892
-0.176532 -0.382202 0.134168
0.438023 -0.431654 0.164575
-0.428632 0.734786 0.159677
-0.216727 0.797572 0.160162
-0.459648 0.094157 0.014301
-0.757851 -0.237380 -0.201418
-0.058264 -0.974416 -0.145023
-0.571955 0.800605 0.143239
-0.356982 -0.587936 0.161227
-0.940328 -0.270004 0.073095
-0.735336 -0.350712 0.080538
-0.076643 0.982536 -0.137252
-0.150182 -0.833595 0.022287
0.703325 0.293838 0.161393
-0.161217 -0.825836 0.092090
-0.917112 -0.001780 0.147379
0.122557 -0.966995 -0.132559
0.730221 0.660841 0.036866
-0.462867 0.086502 0.166693
0.742150 -0.419703 0.022287
-0.538442 -0.206126 0.162866
0.327888 0.656561 0.161990
0.736314 0.044893 -0.201418
0.278014 -0.935950 -0.055563
-0.137194 -0.677962 -0.201418
0.451663 0.180659 -0.106001
0.341164 0.805662 0.022287
0.641776 -0.651584 0.137817
0.452811 0.875282 -0.142690
-0.960610 0.198909 -0.141493
0.121795 0.862040 0.022287
0.157511 0.422775 0.164684
0.497839 -0.550936 -0.200299
-0.459034 -0.094943 0.003622
0.067020 -0.842864 0.093759
-0.431901 0.009656 0.084095
-0.609204 -0.762766 -0.069016
-0.664706 -0.490312 0.058277
-0.245029 -0.761797 0.160502
-0.799991 -0.400992 -0.201330
-0.804533 -0.290128 0.151576
0.922775 -0.263002 0.183911
-0.703414 0.508141 0.115316
0.229498 -0.400262 0.039832
0.305578 0.728016 -0.201418
0.806774 -0.009302 -0.201418
-0.676764 0.712567 0.005243
0.684468 0.708329 -0.082333
0.485786 0.716478 0.104200
0.217056 0.961389 -0.070638
0.242234 0.569667 -0.201418
0.184997 0.446995 -0.064333
-0.787104 -0.578857 0.050124
-0.114749 0.978782 0.017491
-0.757604 0.486168 0.022287
-0.378080 0.619861 -0.201418
-0.421844 -0.239116 -0.140211
-0.698351 -0.003390 -0.201418
0.069590 -0.973830 -0.092608
0.396268 0.755993 0.159004
-0.531510 -0.222266 -0.201071
-0.978630 0.049398 -0.120962
-0.256871 0.884523 0.135440
-0.873536 0.439787 -0.154036
0.128748 -0.902902 0.135917
-0.437468 0.017583 0.153498
0.784508 -0.362602 0.112093
-0.083294 -0.731779 0.157127
-0.200784 0.890956 -0.201418
0.719575 0.360942 -0.201418
0.399246 -0.184244 0.058669
0.474540 -0.069397 -0.069910
-0.055600 -0.463871 -0.011606
-0.945071 -0.254370 -0.049325
-0.336098 0.306923 -0.193593
0.007968 0.481091 -0.045956
-0.775283 0.604560 -0.045015
-0.352573 -0.258353 0.156471
-0.085744 -0.971264 0.003128
0.244572 0.410894 -0.023299
-0.487759 -0.060648 -0.181224
-0.159739 0.908433 0.140620
0.705599 -0.464779 0.026154
-0.012865 -0.975902 -0.094519
0.214336 0.823586 0.090884
0.208281 -0.953824 0.039399
-0.110262 0.979224 0.120492
-0.718048 0.671301 -0.084322
0.860755 0.476739 0.012040
0.663432 -0.620028 0.063284
-0.201534 -0.954896 -0.084563
-0.322706 -0.426868 0.165708
0.682035 0.091145 0.162701
-0.636500 -0.740481 0.130185
0.062530 -0.796774 -0.201418
-0.253389 -0.879105 0.164999
-0.533459 -0.671638 0.106226
-0.277244 -0.390275 -0.100116
-0.380602 0.285425 -0.022429
-0.837813 0.218737 0.129005
0.151849 -0.558415 0.164854
0.201462 -0.373632 0.099342
0.980917 -0.035567 -0.036411
-0.225233 0.455321 -0.179312
0.302241 -0.928601 0.054858
-0.214513 0.961481 0.108805
0.779137 0.073759 0.157042
-0.627859 0.036075 0.161071
-0.902114 -0.377685 0.098905
0.647863 0.518959 0.156344
-0.558686 0.620522 0.087971
0.184518 -0.835771 0.147711
-0.136715 -0.966206 0.086608
0.433055 0.109612 0.045748
0.391829 0.833664 0.124913
0.240976 -0.505110 -0.201348
0.076491 0.919657 0.142912
0.522909 0.588162 0.160943
0.622752 -0.454168 0.167145
-0.052228 -0.616511 -0.201418
0.047645 0.869350 0.129616
-0.490383 0.781430 0.159626
0.876930 0.289375 0.180730
-0.110595 -0.901996 0.101843
0.114385 -0.897706 -0.199726
-0.542916 0.708316 0.022287
-0.345808 -0.912160 0.000561
-0.926684 -0.314128 -0.030691
0.214802 0.428399 -0.186990
0.788341 0.537891 0.191047
0.133656 0.571884 0.164871
-0.250090 -0.775031 0.077597
-0.303805 -0.856503 -0.201136
-0.967954 -0.143800 0.106637
0.799640 -0.139719 0.157371
0.023047 -0.913867 0.156886
-0.201135 -0.880934 0.037730
0.583872 0.793604 0.056829
0.258962 -0.737766 -0.201418
-0.162846 0.580065 -0.201418
0.865626 -0.458016 -0.127413
-0.290033 0.941264 0.095280
0.096223 0.484311 -0.144330
-0.512141 0.840445 0.156880
-0.559834 0.437681 0.162393
-0.415830 0.891839 -0.055135
-0.005574 0.477713 -0.187510
0.323573 0.708794 0.159312
-0.830661 -0.509910 -0.142492
-0.976927 0.077014 0.092026
0.704829 0.591260 0.121491
-0.127720 0.418794 0.082216
0.883173 -0.424474 0.013916
-0.115934 0.910686 0.099365
-0.461649 -0.776675 0.032414
-0.822736 0.535589 0.037961
0.387832 0.304991 -0.150173
0.858552 0.399393 0.191047
0.078686 0.951954 -0.201418
0.200991 -0.514728 0.165372
0.346724 -0.242478 -0.194029
-0.978921 -0.030906 0.142404
0.900213 -0.383561 -0.136193
-0.458620 0.130076 -0.047312
0.495416 0.844691 -0.188751
0.461296 -0.495235 -0.200677
0.267831 -0.874282 0.155378
-0.798751 0.189214 -0.201418
0.389810 -0.171703 -0.200387
-0.846985 0.158035 0.107418
-0.877946 -0.430947 0.137101
0.717177 -0.556087 -0.200937
-0.508489 -0.625347 0.160394
0.882842 0.434817 -0.157390
0.719334 -0.119138 0.160390
-0.045410 0.925420 0.189619
-0.725583 -0.227806 0.156352
0.967705 -0.160448 -0.087017
-0.347374 0.566161 0.163329
-0.619446 -0.083077 0.161181
0.011547 -0.502951 -0.201418
-0.141157 0.464291 -0.083015
-0.312990 -0.316377 -0.169008
-0.444184 -0.715347 0.156925
-0.763324 0.410202 -0.200990
-0.856831 -0.048570 -0.201418
0.604181 -0.194502 0.163832
0.809402 -0.549265 0.094187
0.708809 -0.489693 0.109704
-0.249997 0.368255 0.055345
-0.468333 0.865837 -0.140793
-0.172882 -0.674619 0.162536
0.974774 0.123437 0.104102
-0.478796 -0.451611 0.159929
0.440220 0.314757 -0.201418
0.526645 0.324196 -0.201418
-0.769741 -0.601709 -0.124778
0.955967 -0.218424 0.056614
0.265661 0.949309 -0.002888
0.222973 -0.430054 0.166078
-0.440215 -0.101666 -0.193219
0.598164 -0.556325 0.088148
0.964394 0.190117 0.073346
-0.693724 0.697515 0.136916
0.113147 0.468704 -0.052936
-0.835880 -0.357695 0.082944
0.167734 0.971204 0.012351
-0.382961 0.212655 0.150138
0.878048 -0.266849 0.151142
0.427372 0.298856 0.166132
-0.809208 0.298908 0.143653
-0.492766 -0.582566 -0.200396
-0.112533 -0.451936 0.167064
-0.421988 -0.211299 -0.035559
0.033989 -0.693464 0.161892
-0.269499 0.647117 0.158962
0.090363 -0.971784 -0.036611
-0.465075 -0.785064 -0.200980
0.545509 -0.809755 -0.065568
-0.344445 0.899474 -0.199885
-0.560770 0.213069 -0.201385
0.933241 -0.295321 -0.079269
0.175857 -0.393591 0.147511
0.941980 -0.269212 0.043683
-0.321379 0.444712 -0.201370
0.562520 -0.206595 -0.201128
-0.433609 -0.859498 -0.195061
0.313022 -0.666815 0.158309
-0.702889 -0.676629 -0.065877
0.353413 -0.586529 0.160010
-0.145268 -0.810223 0.154121
-0.767462 0.106228 0.155927
0.426264 0.888758 0.090398
0.298669 -0.368369 -0.053211
0.401314 -0.760198 0.022287
0.612847 0.011377 0.161712
0.842785 -0.454470 0.184841
-0.888872 -0.406656 -0.004153
-0.973647 0.101834 -0.155135
0.626861 -0.669483 -0.200086
0.341828 0.855830 0.136277
0.766608 -0.536096 -0.201215
0.654711 -0.445649 -0.201381
-0.899939 -0.381860 -0.065188
-0.590697 0.702063 -0.200932
0.744969 0.450579 0.126098
0.382352 0.901464 0.169567
-0.079126 -0.707312 -0.200914
0.342296 0.322434 0.039826
0.266921 0.353999 -0.172091
-0.005663 -0.861777 0.022287
0.625858 -0.592047 0.022287
-0.219866 -0.538835 -0.201321
0.277838 -0.567024 0.160882
-0.062697 0.609844 0.164358
0.283021 -0.928384 -0.187365
-0.965540 0.167736 -0.086731
0.793280 0.582848 0.007725
0.659617 0.281669 -0.201418
-0.965940 -0.150751 -0.101047
0.036680 0.491686 -0.138058
0.687519 -0.694875 0.008865
0.352567 -0.752781 0.047606
-0.291433 -0.433000 -0.201418
-0.246045 -0.374972 -0.193570
-0.267588 0.385488 -0.189579
-0.482501 -0.653976 0.089140
-0.062281 0.773177 -0.201418
0.788202 0.589935 0.108177
0.030377 0.911986 0.029734
-0.351497 0.918658 -0.026716
-0.421476 -0.524809 -0.201181
-0.662148 0.634802 0.113031
-0.720781 0.667115 -0.178617
0.004498 0.428699 0.130878
-0.471355 0.780609 0.032999
-0.902515 -0.135136 0.107622
-0.075925 -0.544757 0.163728
-0.904561 0.059453 0.022287
-0.206017 0.499512 0.164381
-0.592841 -0.426748 0.157383
-0.129713 0.819704 0.160102
-0.375601 0.216186 -0.200020
0.558083 0.802791 0.170572
-0.679141 0.157061 -0.201418
0.149855 0.786040 0.160692
0.689855 0.493934 -0.201418
0.451515 0.374517 -0.201418
-0.958592 0.207568 0.011106
0.909917 -0.364156 0.149784
0.333382 0.286680 0.148915
0.756941 -0.610854 0.168793
-0.240425 0.747936 0.160969
-0.762658 0.619954 0.150334
-0.792127 -0.135746 -0.200942
-0.490722 0.115469 -0.190420
-0.170659 -0.443724 -0.075200
-0.821144 -0.213058 0.094074
-0.431450 -0.421822 -0.201296
-0.095539 0.682628 0.162861
-0.335761 -0.687699 0.156113
0.905160 0.288921 -0.201418
0.955161 0.208104 0.168328
-0.674957 -0.613646 -0.199988
0.360227 0.659791 -0.201418
-0.396799 -0.821169 0.133261
0.789009 -0.321469 0.155794
0.239223 -0.829210 0.131754
0.445673 0.560776 -0.201418
0.945985 0.268051 -0.098812
0.725993 -0.216175 0.161425
0.358591 0.799574 -0.201418
-0.157846 0.478660 0.166491
-0.935099 0.190923 0.189681
0.895615 0.204531 0.135442
0.816809 -0.128667 -0.201418
0.728014 -0.413642 -0.201418
0.700711 0.688487 0.165656
-0.841525 0.377904 0.185745
-0.803146 0.450341 0.161883
-0.727405 -0.588899 -0.200528
-0.969641 0.145321 0.149771
-0.901189 0.387419 -0.063816
0.612836 -0.523641 -0.201058
-0.478125 -0.056317 -0.098680
0.415160 0.247700 -0.073079
-0.173419 0.397554 0.095059
-0.193649 0.966346 -0.096155
-0.139499 -0.964837 -0.074730
0.848611 0.059119 0.093525
0.070061 -0.969983 -0.182965
0.502887 -0.728531 0.022287
-0.244454 0.829353 -0.201262
-0.013088 0.839857 0.056808
-0.426375 0.754850 0.108183
0.566451 0.724994 0.123857
-0.753001 0.515352 0.062019
0.899794 -0.178645 0.140995
0.896810 0.223539 0.191047
0.721410 -0.561914 0.134542
-0.979327 0.028132 0.084738
0.625987 0.122867 0.161907
-0.286766 -0.652743 0.160705
0.283591 0.633829 -0.201418
-0.360454 0.629093 0.162146
-0.159088 0.822023 0.087356
0.448698 0.496968 -0.201418
0.071787 0.983225 -0.020845
-0.749342 -0.336025 0.154194
-0.012649 0.871623 0.126643
-0.810186 0.353685 0.022287
-0.318743 -0.354151 -0.080518
0.981682 0.021802 0.117747
-0.538037 0.400045 -0.201208
0.911513 0.369756 -0.099230
0.188567 -0.811984 0.042074
-0.828883 -0.172040 0.153336
-0.804531 0.300061 -0.201271
0.536861 -0.725739 -0.197930
0.459494 -0.090514 0.023985
-0.971391 0.122058 -0.058955
-0.265369 0.341342 0.095841
-0.290343 0.804355 -0.200761
-0.208381 -0.641668 -0.201418
-0.869502 0.455148 0.120563
-0.012795 -0.712302 -0.201418
-0.441007 -0.704710 0.054331
-0.444991 -0.867508 -0.105236
0.455529 0.219308 0.166432
-0.212375 -0.412475 0.018683
-0.037772 -0.975087 0.085585
0.165314 -0.961362 0.061744
0.324745 -0.677902 -0.201120
-0.689593 0.304033 -0.201123
-0.350095 -0.835245 0.063881
0.902774 0.140359 0.079634
0.914174 0.362687 0.134251
-0.020170 -0.808620 -0.201418
0.482311 0.538130 0.162204
-0.649794 0.737894 0.056321
0.172212 -0.404172 -0.196608
-0.052506 -0.836797 0.157150
0.893796 0.410642 0.085492
0.197754 -0.953326 0.165890
0.202650 -0.848809 -0.201418
0.870193 0.139913 -0.201418
0.038291 0.672601 -0.201418
0.109688 0.463436 -0.004665
0.468779 0.008007 0.027907
-0.535129 -0.734492 0.094116
0.658985 -0.419501 0.167499
-0.017474 0.983511 0.164866
0.600347 -0.771443 -0.100705
0.346849 -0.266771 0.062128
-0.189919 -0.589422 0.164049
0.653458 0.654221 0.174149
0.439824 0.056991 0.054971
-0.794115 0.304250 0.022287
0.322670 -0.499319 -0.201245
-0.725562 0.424874 0.045359
-0.548253 -0.718232 0.034524
0.437499 0.468169 0.163803
0.112142 -0.442084 0.167263
-0.692471 -0.435861 0.073609
-0.717029 -0.334772 -0.201034
0.413384 -0.267688 -0.180934
-0.184645 0.833934 0.158563
-0.844833 0.080713 0.153297
-0.563589 0.745674 0.191047
0.974015 -0.121535 0.091299
0.439002 -0.801251 0.141786
-0.845046 0.354575 -0.200931
-0.261011 0.915090 0.191047
-0.214177 -0.408407 -0.163939
0.603876 0.620842 0.106531
-0.821657 -0.399352 0.133553
0.580124 0.707034 0.053539
0.785668 -0.292995 0.039806
-0.372138 -0.306179 -0.122034
-0.199220 0.882457 0.022287
0.433889 -0.794300 0.039765
-0.635331 -0.505853 -0.201153
-0.591404 0.123253 -0.201418
-0.663276 -0.436506 -0.201418
-0.317194 -0.577007 -0.201276
0.510049 0.843082 0.145138
-0.689341 -0.131846 -0.201418
-0.506500 -0.032953 0.165349
0.812775 0.413667 0.039624
-0.948612 -0.180875 0.176412
0.336824 -0.840291 0.048013
0.560782 -0.384018 0.167499
-0.802498 -0.557375 -0.049077
0.117542 -0.932788 0.191047
0.279571 0.883860 0.190921
0.232115 -0.948266 -0.144759
0.367887 -0.904850 0.163092
0.025085 0.620000 -0.201418
0.719022 -0.014598 0.157937
0.373455 -0.854064 0.191047
0.314625 -0.451356 -0.200917
-0.896529 -0.371355 -0.188025
-0.476975 0.702029 0.090676
0.548221 -0.375856 -0.201418
0.391691 -0.564114 -0.200133
-0.202771 0.953262 0.173691
0.270215 0.389875 0.011299
0.565009 -0.596946 -0.200449
-0.397345 0.818549 0.022287
0.261264 0.505498 -0.201418
0.575761 0.235903 0.164143
0.715909 0.212804 0.161693
-0.423657 -0.065079 0.091461
-0.619238 0.554318 0.059826
0.641242 -0.577743 0.115607
0.430108 -0.223005 -0.183560
-0.775256 0.389163 0.116829
0.575258 0.466621 -0.201418
0.734858 0.162083 0.156806
-0.730306 0.658383 0.082893
