0.958264 -0.089193 0.173891
-0.943780 0.068328 -0.285546
0.029268 0.952856 0.177397
-0.133999 -0.947085 0.216285
0.573339 -0.749808 -0.302779
0.713259 0.609013 -0.305597
-0.694711 0.583802 0.285230
-0.781652 -0.474443 0.287686
-0.319237 -0.430964 -0.313477
-0.255954 0.455015 -0.290770
0.347189 -0.451328 0.256706
0.396631 0.396141 0.249962
0.533836 -0.102055 -0.314371
-0.539399 0.045459 0.147516
0.033810 -0.931362 -0.310702
0.188399 0.769810 -0.314606
-0.763461 0.556735 -0.271060
-0.830011 -0.450417 -0.245843
-0.262216 -0.451424 0.206230
-0.194667 0.494217 0.227375
-0.416420 0.851773 -0.028640
0.943930 0.180994 -0.273745
0.796764 -0.538346 0.090172
0.878568 0.389394 0.235327
0.322058 -0.901679 0.073596
0.480652 0.827368 0.065809
-0.488074 -0.815850 -0.073777
0.188243 -0.497241 -0.275548
-0.521165 -0.042448 -0.297085
0.903622 -0.327713 -0.274301
0.528556 -0.046429 0.206147
-0.942546 -0.109710 0.117566
0.426060 0.318600 -0.294708
-0.894254 0.316441 0.052019
0.138747 0.583406 0.033962
-0.528104 -0.304818 -0.016157
-0.506808 -0.754992 0.291046
0.050494 -0.600288 0.050926
-0.134203 0.939343 -0.246544
-0.517690 0.337943 -0.061873
0.513421 -0.371849 -0.078008
0.561906 -0.729937 0.282736
-0.302714 0.841893 0.293009
0.584223 0.205878 -0.014476
0.637330 0.533293 0.032278
-0.477446 0.711580 -0.313938
-0.256603 -0.747747 -0.312802
-0.588061 -0.637521 -0.312696
-0.718893 -0.623539 0.000834
-0.677417 0.257397 -0.313451
0.729328 -0.280078 0.243630
0.497196 0.815650 -0.255468
-0.503973 0.352952 0.253740
-0.178366 -0.937833 -0.093228
0.945009 0.181079 0.025198
-0.610280 -0.223666 0.257448
0.321347 -0.897925 -0.246471
0.284934 0.856448 0.291248
-0.665464 0.674266 0.005193
-0.905409 0.129716 0.285299
0.597421 0.678948 0.291847
-0.050242 0.648835 -0.191920
0.227844 0.926219 -0.045708
-0.241563 -0.577211 -0.071420
0.581838 -0.763506 -0.002742
0.771920 0.119222 0.243679
0.643769 -0.460144 -0.314606
0.867912 0.412911 -0.128795
-0.928468 -0.190791 -0.153559
0.138933 -0.910467 0.288092
0.960146 -0.070081 -0.104762
0.204656 0.487679 -0.275279
-0.308052 0.528691 -0.026958
0.618401 -0.111057 -0.048832
0.648030 0.164651 -0.314606
-0.798241 -0.338090 0.032278
-0.592699 -0.346441 -0.314420
-0.020368 -0.655579 -0.223670
0.311115 -0.538018 -0.026818
-0.132301 -0.679266 0.251510
0.393080 0.495950 -0.089026
0.077450 -0.951388 -0.030584
0.800824 -0.081265 -0.314606
0.304262 -0.708337 0.246308
-0.525024 -0.482381 0.250766
0.005464 0.656842 0.251291
-0.141580 0.795263 0.065150
0.408360 -0.355851 -0.313453
0.909858 -0.314862 0.031351
-0.419884 0.609186 0.246905
-0.621739 0.083592 -0.106781
-0.890364 0.323108 -0.205970
0.249787 0.607433 0.252975
-0.316831 -0.736067 0.098569
-0.942677 0.095151 -0.036470
0.737976 -0.612394 -0.151097
0.616170 -0.496890 0.244383
-0.830124 0.358671 0.287833
0.432899 0.566799 -0.314365
-0.527451 0.477426 -0.313607
0.476616 -0.274592 0.157109
0.617023 0.300546 0.249812
-0.754643 -0.071989 -0.313095
-0.677735 0.413067 0.108001
-0.237345 0.742847 -0.314160
0.623508 0.725971 -0.087877
0.195432 -0.721293 -0.313316
-0.883438 -0.255038 0.281335
-0.505089 0.805710 0.174574
-0.733806 -0.008858 0.245956
0.718752 0.376736 -0.314606
0.746517 0.324268 0.072192
-0.021272 0.949509 -0.060037
0.413150 -0.602755 -0.313516
-0.009012 -0.799718 0.116455
0.159552 0.779403 0.125440
-0.459499 0.276046 -0.269471
0.105853 -0.563092 0.257185
-0.684711 0.201799 0.243834
0.765651 0.579727 0.200517
-0.313595 -0.853105 0.283407
0.082353 0.945218 -0.259447
-0.499956 -0.631815 0.073724
-0.115668 0.578948 0.046644
-0.440326 -0.843918 -0.276847
-0.418320 -0.480652 -0.135473
-0.415080 -0.309032 0.212532
-0.621961 -0.127528 -0.135615
-0.810828 0.485538 -0.082397
0.590003 -0.568082 0.054574
-0.168715 -0.930962 -0.298425
0.460344 0.368934 0.060471
0.689954 -0.263756 -0.314606
0.392357 -0.713768 0.067033
0.823009 -0.034435 0.036114
-0.137326 -0.504534 -0.277427
-0.652141 -0.459753 0.101126
-0.668144 -0.635446 0.280958
0.808327 -0.464822 0.273359
0.533936 0.361966 -0.136571
-0.782689 -0.265904 -0.312356
0.156515 -0.619486 -0.115091
0.323027 0.899008 -0.227897
-0.478135 0.651400 0.053774
0.422649 -0.862500 0.239583
0.767869 0.576631 -0.105711
-0.365565 0.409494 0.131357
0.650197 0.049887 -0.160474
0.633489 0.719121 0.107012
0.298040 0.491089 0.086150
-0.330654 0.891912 -0.194203
0.412445 0.679026 0.164090
0.923568 -0.258342 0.254195
0.846122 -0.458118 -0.076489
0.521887 0.158858 0.166343
-0.136950 -0.574180 0.086620
-0.799556 0.049253 0.078661
0.710498 -0.074419 0.246226
-0.292244 0.906164 0.116553
-0.213159 0.683094 0.247350
-0.393727 -0.443089 0.072347
-0.728079 -0.610861 -0.186113
-0.022031 0.799891 -0.314604
-0.578175 0.747800 -0.161821
0.732443 -0.367422 0.055251
0.956107 0.107616 0.195457
-0.580304 -0.134412 0.044816
-0.126759 0.883056 0.252432
0.822677 -0.494067 -0.277606
-0.355195 -0.649950 0.257448
0.464829 0.837025 0.249371
0.475571 -0.833907 -0.168472
0.146473 0.633132 -0.179538
-0.473007 -0.828059 0.120036
-0.548931 0.212152 0.073780
-0.774311 -0.171184 0.162125
0.170659 -0.781859 0.147332
-0.209878 0.927687 -0.063335
-0.284093 -0.912302 0.072965
0.033186 0.543531 -0.310566
0.221633 -0.512836 0.130280
-0.222653 0.606276 -0.178924
-0.320653 0.731722 0.095801
0.612250 0.503046 0.246459
0.105308 0.517379 0.195015
0.709449 -0.649361 0.229480
0.309007 0.780075 0.032278
-0.421007 0.479637 -0.152247
0.958902 -0.014136 -0.279481
0.423105 -0.422345 0.063110
0.258173 -0.919465 -0.086849
-0.475249 -0.208807 -0.285775
0.598066 0.045378 0.046190
-0.767932 0.556760 0.079777
-0.367104 -0.616963 -0.313581
0.813213 0.510884 0.044823
0.275264 0.915337 0.129729
0.893702 0.342247 -0.281561
0.455145 -0.580946 0.246443
-0.606121 0.108257 -0.279432
-0.568694 0.694661 0.291984
-0.335054 -0.889356 -0.129375
0.043705 -0.956200 0.146731
-0.916438 -0.078696 0.280366
-0.820517 -0.473030 -0.063739
0.343579 0.707541 -0.314606
-0.937683 -0.098104 -0.291223
-0.834010 0.202111 -0.313198
-0.626833 -0.717160 -0.112226
-0.650199 0.672056 -0.300524
0.592137 0.499406 -0.314606
-0.749443 0.262315 0.106318
0.526175 -0.259165 -0.254081
0.443510 -0.481657 -0.176532
-0.554676 0.557736 0.170851
0.796010 0.157334 0.085365
-0.346964 0.587405 -0.314392
-0.940718 0.124353 0.126945
-0.816253 -0.484997 0.096911
0.501187 0.654823 0.032278
0.071216 -0.719165 0.257448
-0.000723 0.797431 0.156906
-0.100833 -0.781892 -0.314606
0.897292 0.344773 0.025274
0.664470 0.000647 -0.314606
-0.143629 -0.806731 0.032278
-0.796282 0.405952 -0.309040
-0.481308 0.200006 0.219414
0.397311 -0.760190 -0.313442
0.649860 -0.134704 -0.211892
-0.882208 -0.347308 -0.136904
-0.585094 -0.061065 0.255506
0.787737 -0.167624 0.113159
-0.025272 -0.954556 -0.150356
0.457624 0.838752 -0.104581
0.675375 -0.630170 -0.312403
0.316576 -0.574464 -0.184604
-0.623307 -0.163681 -0.314339
-0.051747 -0.521466 0.207900
0.306575 0.579907 -0.198841
0.828700 0.484868 -0.272587
0.618604 -0.733837 -0.153340
0.933090 0.233290 -0.122310
0.926032 0.259448 0.162106
0.612534 0.224942 -0.167235
0.935904 -0.224695 -0.102966
-0.923605 -0.215768 0.004548
0.588079 0.703727 -0.314389
0.559601 -0.254558 0.012372
-0.706746 0.633049 -0.138218
-0.930343 0.175808 -0.174941
0.538778 -0.794396 0.144185
-0.602683 0.221581 -0.174927
0.837223 0.073690 -0.314606
-0.615382 -0.727730 0.169713
0.621012 0.066367 0.253940
0.442188 -0.850273 -0.006540
0.103187 0.947874 0.040703
0.933559 -0.179997 -0.300219
0.150636 -0.946679 -0.213509
0.786055 0.229679 -0.314606
0.602347 -0.181454 0.254677
-0.091653 0.946670 0.075056
-0.459556 -0.383458 -0.245005
-0.635977 -0.378495 0.249301
-0.037920 -0.626228 -0.069833
0.583061 0.309687 -0.314606
0.714303 -0.643203 0.012280
0.958850 0.079769 -0.124651
-0.235432 -0.606676 -0.224980
0.780549 0.275375 0.240594
0.132915 0.910156 0.277310
-0.550511 -0.492466 -0.313335
0.962063 0.019682 0.026240
0.018502 0.619454 -0.047256
0.463517 0.529585 0.257448
0.018245 -0.524665 -0.282531
-0.944422 -0.079919 -0.056141
0.539653 -0.366358 0.254705
-0.808877 -0.358685 0.199796
0.533636 0.072652 -0.305686
-0.112380 0.558640 -0.299570
0.498496 -0.479816 -0.314606
-0.844848 0.430680 0.161251
-0.050257 0.534031 0.169527
0.564452 -0.129146 0.087012
0.946433 -0.175929 0.056287
-0.095187 -0.950774 0.025800
-0.728859 -0.611552 0.150623
0.864767 -0.419706 0.139084
-0.546693 0.773950 0.019023
-0.494804 -0.191244 0.176993
-0.906088 0.281459 0.191274
0.833693 -0.019219 0.191441
-0.201717 -0.810761 0.203787
-0.556972 -0.765665 -0.247133
-0.573428 -0.296440 -0.181367
-0.307962 -0.898510 -0.287490
0.185774 -0.940878 0.155399
-0.735948 -0.535952 -0.311454
-0.271465 -0.530071 0.066386
0.280083 -0.897591 0.269810
-0.599845 0.020232 0.019345
0.240897 0.578188 -0.065641
-0.007465 -0.928616 0.279595
0.161397 0.719017 0.257448
0.045034 -0.789754 -0.312826
-0.621427 0.718300 0.132609
0.264099 -0.776635 0.040545
-0.458822 0.831522 -0.241058
0.202634 0.628966 -0.314606
0.466871 0.444989 -0.229004
-0.676152 0.382527 0.245801
0.251163 0.469761 0.223098
-0.430840 0.783294 0.292084
0.718863 0.407828 0.181922
-0.767831 0.078086 -0.312941
0.600943 -0.230238 -0.119843
-0.623763 0.519464 0.035128
-0.848781 0.172600 0.032278
-0.800984 0.148235 0.188991
-0.421251 0.440524 -0.018957
0.897418 -0.123173 0.293758
0.325519 0.412256 -0.277458
-0.806753 -0.081785 0.036890
-0.906761 -0.281425 0.124364
0.210442 0.905600 -0.310327
0.505593 0.205204 -0.270238
-0.388516 -0.496200 0.252976
-0.328238 0.481985 0.255906
0.529998 0.589092 0.153548
-0.644744 0.407115 -0.314200
0.438676 -0.709803 0.195489
0.105430 -0.814230 0.032278
0.480858 0.267046 0.237762
-0.598652 -0.741186 0.035597
-0.466390 0.312682 0.112439
-0.906345 0.273100 -0.075897
0.045740 0.682895 -0.314606
-0.239086 0.887377 -0.312802
-0.617322 0.079202 0.251822
0.885524 0.208151 0.289919
0.656030 -0.702620 0.118702
-0.140217 -0.635571 -0.314606
-0.052035 -0.790099 0.242649
0.239513 -0.557294 0.254986
-0.375820 0.403405 -0.263449
-0.538258 0.363955 -0.207452
0.025158 0.836929 0.032278
0.292350 0.736189 0.171267
0.280213 -0.601810 -0.314236
0.730969 0.622078 0.062384
-0.088426 0.749688 0.245806
-0.947004 0.007384 -0.168505
-0.187595 -0.547855 0.256469
0.844545 -0.286103 0.142207
-0.906489 -0.274003 -0.267866
0.112606 -0.610245 -0.238855
0.660360 -0.455275 0.127832
-0.645570 -0.004317 -0.224801
-0.252617 0.498177 0.110367
0.323657 -0.444538 -0.268579
-0.949197 0.006060 0.181286
-0.771581 0.474222 0.292498
-0.478210 0.488494 0.249286
0.112556 0.945838 -0.133639
0.174616 -0.585352 0.017720
-0.446987 -0.718200 -0.312184
0.350885 0.888235 -0.044867
-0.714599 -0.387633 -0.314062
0.169876 -0.866052 -0.311837
-0.565548 -0.568911 0.164875
0.761567 -0.387304 -0.314606
-0.433800 -0.743050 0.032278
0.564793 0.773939 0.201383
0.756458 0.492895 0.292822
-0.211288 0.799643 0.197124
0.511730 -0.384701 -0.232029
-0.087534 0.681505 -0.313100
-0.344038 -0.511647 -0.034816
-0.712808 0.628296 0.166894
-0.111196 0.617312 -0.086919
-0.503099 -0.386688 -0.128429
-0.762961 0.363565 0.032278
-0.424040 -0.497692 -0.314518
-0.335772 0.700706 0.243275
-0.722700 -0.275691 0.257038
-0.948460 0.003215 0.046193
0.897824 -0.346836 -0.091190
0.562152 -0.593638 0.186813
-0.438063 -0.847923 0.249777
-0.690249 -0.131074 0.249871
-0.224883 0.621235 -0.314496
-0.110216 0.617612 0.254307
0.921058 -0.003887 0.282036
-0.453181 -0.693246 0.198764
-0.657774 0.498070 0.197790
0.826518 -0.242033 -0.314606
-0.360922 0.828547 -0.313806
-0.338590 -0.529098 -0.233607
-0.376942 0.800363 0.184272
0.593719 -0.339857 -0.314606
-0.538251 0.598083 -0.314084
-0.499190 0.168453 -0.308179
0.687371 -0.399302 0.247968
-0.490563 -0.288439 0.105607
-0.587169 0.179072 -0.041658
-0.251108 -0.922395 0.201824
-0.732930 -0.296897 0.124247
-0.133093 -0.634156 -0.168624
0.699246 0.656781 -0.162613
0.650567 0.611085 0.189017
0.805792 -0.254176 0.032278
0.836475 -0.339539 0.266062
-0.391125 -0.866875 -0.025819
0.031624 0.568859 0.089692
0.498672 -0.640626 0.080193
-0.645205 -0.512385 0.233114
0.561480 -0.596747 -0.314606
0.787041 -0.164997 0.241847
-0.800325 -0.219460 0.032278
-0.256029 -0.713669 0.246303
-0.565523 0.302213 -0.314544
-0.656473 0.528170 -0.312173
0.398800 -0.349257 0.205185
-0.025785 -0.628427 0.253348
0.730454 -0.520628 0.204623
0.500557 0.269359 0.108493
-0.627012 -0.558162 0.032278
-0.251542 0.818214 0.032278
-0.579756 0.252073 0.255439
-0.286366 0.590950 0.251157
-0.041584 0.915736 -0.313698
0.407955 -0.475396 -0.045230
0.365923 0.593363 0.251192
0.266486 -0.849302 0.161782
0.607765 0.738780 -0.202199
0.359440 0.886429 0.207396
0.186849 0.843081 0.032278
0.381783 0.799540 0.133414
0.230642 0.924821 -0.163903
-0.019428 0.907473 0.285839
0.719664 0.494778 -0.314606
-0.847926 0.424973 -0.175121
-0.430867 0.845776 0.084808
0.592316 0.188837 0.254085
-0.321726 0.553292 -0.157078
-0.389599 0.369038 0.235321
-0.179628 -0.938891 0.110070
0.335623 -0.493707 0.078319
-0.321393 -0.826117 0.168105
-0.106835 0.942350 -0.134563
0.208131 -0.936158 0.013773
-0.849290 -0.010086 -0.312097
-0.818024 -0.057410 0.188319
0.105021 -0.546406 0.133724
0.394999 0.456369 0.032766
-0.865218 0.389226 -0.061621
0.864178 -0.410715 -0.177499
0.196183 0.523785 0.120394
0.510022 0.427743 0.252789
0.079281 0.793569 0.242128
0.286775 0.823840 -0.314606
0.121924 0.878028 0.170690
-0.530506 -0.341579 0.252817
0.482505 0.667131 -0.314249
-0.787900 0.256736 0.212089
0.823594 0.494190 0.158164
0.050575 -0.664391 -0.314185
0.868289 0.079834 0.032278
-0.141527 0.833381 -0.309471
0.499307 0.665220 0.232613
0.771460 0.571621 -0.219018
0.603700 -0.187821 -0.308872
0.379579 -0.882015 -0.141680
0.282566 -0.818638 -0.312726
-0.208086 0.574661 -0.019234
0.091606 -0.831675 0.227431
-0.223972 0.923450 -0.184803
0.739018 0.430652 0.032278
0.173249 -0.649553 0.248334
-0.164990 0.937545 0.164950
-0.500892 0.806180 -0.110288
0.554488 0.780932 -0.000638
0.479879 -0.827038 -0.286844
-0.537088 -0.063908 0.148816
-0.577249 -0.210772 -0.042442
0.677862 -0.107599 -0.314606
-0.932596 -0.180517 0.218810
0.851599 -0.448172 0.034759
0.636202 0.478132 0.143213
-0.081174 -0.882993 0.145996
0.386146 0.396128 0.141670
-0.454337 -0.406110 -0.009984
0.329412 0.534039 -0.313367
0.513130 -0.243143 0.253933
-0.014302 -0.866988 0.032278
0.407111 0.812135 -0.314606
0.499467 -0.336848 0.046773
-0.342817 0.721838 -0.314103
0.524317 0.713944 0.121927
0.452299 -0.429432 0.257307
-0.647835 -0.695646 -0.215281
-0.839586 -0.366259 -0.311590
-0.483932 -0.612099 -0.313437
0.759035 -0.580870 -0.251339
0.687292 -0.495574 0.032278
0.512632 -0.151852 0.195836
-0.426772 0.513443 -0.314472
0.478266 -0.690365 -0.312325
-0.353219 -0.392680 0.188128
0.792560 -0.542964 -0.039897
0.692190 0.577425 0.283394
-0.617594 -0.045634 -0.067631
-0.733289 -0.468151 0.032278
0.216288 -0.626646 -0.221149
0.450973 -0.846682 0.115052
0.345306 -0.562116 0.251553
0.610971 -0.286766 0.248389
0.668578 0.687679 0.007697
0.413531 0.713877 0.032278
0.873891 -0.189589 0.173352
-0.219644 -0.927588 -0.206014
-0.184749 -0.510505 0.158022
0.852168 -0.136024 0.032278
0.949116 -0.159674 -0.198576
-0.827782 -0.146913 -0.312195
0.509315 0.402639 -0.314606
-0.330246 0.892055 -0.071559
0.118413 0.615988 -0.077012
-0.633365 -0.059868 -0.314424
-0.739425 0.594341 -0.047063
0.730103 0.081563 -0.314606
0.804598 0.247548 0.032278
-0.578578 0.745975 -0.284572
0.217425 0.804059 0.208423
-0.672873 -0.673518 0.079551
-0.296020 -0.813231 0.032278
0.795227 0.073962 0.147228
-0.210373 0.928326 0.056820
0.542570 0.300583 -0.020614
-0.418391 0.696633 0.180860
-0.701026 -0.386362 0.165496
0.626074 0.138104 -0.112038
0.890010 0.364120 0.126442
-0.320566 -0.551244 -0.132407
-0.181142 -0.893627 0.290728
0.720269 -0.336845 0.158141
0.962364 0.010514 0.148333
-0.789550 0.517327 -0.178008
-0.632769 0.605724 0.106158
-0.770878 0.554156 0.222687
-0.362013 -0.749755 0.223770
-0.083180 -0.950346 -0.235090
0.353538 -0.813654 0.120682
0.587903 -0.029289 -0.253168
-0.531167 0.707108 0.197331
-0.812702 0.334169 0.148109
-0.689397 -0.630040 -0.299820
-0.223870 0.913746 0.262576
0.092714 0.806049 -0.314606
0.834596 0.476498 -0.049101
-0.668890 0.675294 0.247902
-0.766332 -0.564182 0.241552
0.620669 -0.009414 -0.057430
0.041100 -0.640327 -0.132769
0.541137 0.790235 -0.136927
0.476831 0.410624 -0.067718
0.801240 -0.533431 -0.141225
-0.353492 -0.804394 -0.311837
0.039283 0.616268 -0.238162
0.906317 0.320795 -0.183066
-0.081648 0.880665 0.159697
-0.584202 -0.691415 0.278566
-0.805894 0.305534 -0.311956
-0.213587 -0.930307 0.001043
-0.797917 -0.509644 -0.155015
-0.814734 0.043208 0.182049
-0.867247 -0.385318 -0.044861
-0.522210 0.105471 0.231893
0.560778 -0.692476 0.149473
-0.233910 -0.521631 -0.299781
-0.428806 -0.307305 -0.303072
0.108171 -0.949653 0.065132
0.927655 -0.257572 -0.205676
0.572652 0.604557 -0.314606
-0.130441 -0.786487 0.137480
0.943423 0.082195 -0.302863
0.717156 0.025640 0.248245
0.880481 0.132105 0.133145
0.808835 0.194330 0.188482
-0.585214 -0.212375 -0.234588
0.204122 0.933287 0.197952
0.127921 0.592299 0.257448
-0.358971 0.498634 -0.237938
-0.026398 -0.572075 0.108291
-0.291423 -0.573121 0.257448
0.959163 -0.080061 0.027451
0.743473 -0.609290 0.144763
0.361234 0.885076 0.086551
-0.926679 0.189615 -0.278803
-0.596471 0.734762 -0.064794
-0.155162 0.531337 0.124616
0.348599 -0.422431 0.160263
0.179390 -0.864047 0.076209
-0.748699 0.465049 0.174961
-0.841442 0.435232 0.062154
0.184977 -0.750251 0.240205
0.515003 0.743405 0.291178
-0.683917 -0.270528 -0.313348
-0.755646 -0.575552 -0.077334
-0.135682 -0.611975 -0.072461
0.578343 -0.309099 -0.174727
-0.452243 0.751034 0.102278
0.468035 -0.778074 0.262767
-0.507358 -0.579079 0.256687
-0.898489 0.022015 0.263951
0.370804 0.879465 -0.140658
0.353478 -0.889958 -0.020634
-0.690636 0.160375 -0.313748
-0.591238 0.431257 0.246103
0.897439 0.100805 0.273522
0.378958 0.511593 -0.232021
-0.359363 0.474657 0.048616
0.323296 -0.689535 -0.313172
0.005557 0.952093 0.066999
-0.047953 -0.677897 -0.314606
-0.517332 0.052572 -0.275946
0.401645 -0.506138 -0.314440
-0.206149 -0.830922 -0.314157
0.864881 0.306293 0.283866
-0.918491 0.231262 0.091816
0.143827 0.568096 -0.251552
0.506340 -0.814043 -0.069482
0.040529 0.638381 -0.139694
-0.873132 0.259348 0.279612
0.766235 -0.455942 0.142474
-0.008446 0.558520 0.253012
-0.870496 -0.379886 0.080516
0.842946 0.280543 0.117583
-0.725675 0.452182 0.032278
0.200370 0.933308 0.062576
-0.394313 0.719703 0.032278
0.950839 -0.149236 -0.038690
-0.421548 -0.406047 0.256105
0.107223 -0.880506 0.137434
-0.579534 -0.103510 -0.248206
0.178246 -0.495973 0.214199
0.648345 0.133563 -0.206942
-0.715284 -0.517500 0.162108
-0.347777 0.886067 0.214799
0.297149 -0.746244 0.158141
0.554274 0.185813 0.073912
0.668733 0.686437 -0.253514
-0.837899 -0.448629 0.211713
-0.589790 0.197097 -0.314587
-0.525583 0.145304 0.137413
-0.210176 0.854237 0.116426
-0.435839 0.287382 0.219992
-0.516438 0.300419 0.032546
0.758321 -0.166282 -0.314606
-0.873625 -0.046659 0.100653
-0.069515 -0.567863 -0.257628
-0.896266 0.282247 -0.295199
-0.527335 -0.707399 0.141755
0.680908 0.144030 0.249245
0.546470 0.586680 0.255761
0.580601 -0.663583 0.039215
-0.943092 -0.085177 -0.186555
-0.566243 0.264844 -0.096497
0.570345 0.339673 -0.220690
0.710150 0.531521 0.120383
-0.547615 -0.779891 0.208597
-0.536442 0.622311 0.237368
0.482524 -0.739865 0.064145
0.616299 0.632099 0.076351
-0.289590 0.444264 0.177662
0.657651 -0.042228 -0.191952
-0.547474 0.587288 0.072359
-0.666525 -0.467813 -0.312503
-0.677843 0.052773 -0.313946
0.651926 0.703274 0.204447
0.530484 0.069825 0.193238
-0.274595 -0.604610 -0.314177
0.024711 0.948421 -0.164199
-0.463120 0.443212 -0.226755
-0.713302 0.626694 -0.236066
0.246794 0.548133 0.033708
-0.492772 0.375771 -0.287439
-0.774182 -0.551269 0.036210
-0.564170 -0.763560 -0.062122
0.815938 0.506502 -0.170584
0.657179 -0.597570 0.113486
-0.716303 -0.371429 0.059344
-0.634963 0.120631 -0.192484
-0.840657 -0.272199 0.192558
0.634855 0.415481 -0.314606
-0.076025 -0.604513 0.011403
0.234186 -0.924931 -0.281574
0.479477 0.828651 0.158656
0.235914 -0.581628 -0.057734
-0.237623 -0.850847 0.123676
0.085907 -0.619514 -0.055195
0.756888 0.257541 0.146633
-0.520095 -0.241216 0.257031
0.695393 -0.165309 0.248328
-0.709361 0.340496 0.154574
-0.482397 0.405000 -0.113494
-0.659272 -0.685428 -0.031095
0.611354 -0.240414 -0.225448
-0.405682 -0.858031 -0.178430
-0.862096 -0.169705 0.136306
0.837304 0.471443 0.245679
-0.034112 -0.956400 0.196750
0.191289 -0.873762 0.217039
-0.035301 -0.872050 -0.314070
0.883325 0.235412 -0.314606
-0.475852 0.627037 0.168446
-0.288602 0.752897 0.178404
0.884499 -0.096998 0.121108
-0.539004 -0.279828 -0.283629
0.611882 0.116319 -0.024931
-0.641092 -0.611248 0.192215
-0.288156 0.907386 0.014976
-0.740158 0.105627 0.240885
0.804681 0.385272 0.164223
-0.017086 -0.956239 0.079837
-0.136727 0.939809 -0.011679
-0.838303 -0.372198 0.284149
-0.547918 0.243125 -0.243456
-0.515062 -0.399325 -0.314280
-0.308734 -0.901919 -0.015344
0.619569 -0.651137 0.235259
-0.542843 -0.140564 0.257371
-0.041424 0.828404 0.231016
0.325964 0.507765 0.255702
0.526686 -0.527555 0.257448
-0.393475 -0.867132 0.063892
0.515379 -0.660892 0.223312
-0.388687 -0.438108 -0.250484
0.438435 0.457362 -0.314606
0.707650 -0.575524 0.280016
0.425381 0.327720 0.183930
-0.123946 0.803081 0.178375
-0.185536 0.560615 -0.248285
0.602895 -0.041731 0.255286
-0.519772 -0.136078 -0.311831
-0.313248 -0.468269 0.115015
-0.576508 0.125388 0.067150
-0.872138 -0.371769 -0.228944
0.715144 -0.513305 -0.314606
0.547953 -0.782859 -0.177118
0.034061 0.879955 0.110577
-0.941951 0.096216 -0.136919
0.400195 -0.870285 -0.276770
0.887468 -0.061512 -0.314606
0.640202 -0.717078 -0.050983
-0.599945 -0.643594 0.120180
-0.112070 0.530459 0.238044
0.045648 0.886491 -0.314606
-0.576042 -0.655623 0.033541
-0.428250 -0.370707 0.109627
0.561836 -0.047596 0.124281
0.316085 0.550643 -0.102507
-0.836523 -0.445900 0.018587
-0.783817 0.132176 0.103474
-0.924457 -0.184972 -0.291843
-0.572779 0.516856 0.253010
-0.184147 0.499661 -0.314550
0.924685 -0.267363 0.111628
0.656948 0.422057 0.242496
-0.397730 0.861409 -0.118568
-0.934842 0.156611 0.038507
0.948942 0.157259 -0.189427
-0.399535 -0.865872 0.164751
-0.873240 0.365693 -0.282367
0.931571 -0.243279 -0.014012
0.089213 0.947846 -0.045654
-0.928274 0.188773 -0.068808
-0.661923 0.285912 0.250661
-0.525123 0.701840 0.107420
0.208084 0.859836 0.141867
-0.453891 0.385263 0.040237
0.949213 -0.159088 0.225400
-0.776973 -0.123664 0.243260
0.399394 0.707049 0.245655
0.617807 0.090000 -0.281160
0.761906 -0.249445 0.128712
0.307925 0.618507 -0.314606
-0.867175 0.104155 0.084807
0.957842 0.089999 -0.038139
0.445844 0.844170 -0.191140
0.396143 -0.644932 0.245176
0.295221 0.909127 0.035248
-0.644739 0.692802 -0.172325
-0.688992 -0.656364 -0.110268
-0.525910 0.006255 0.223842
-0.780623 0.226424 0.032278
-0.232364 -0.759177 0.141059
-0.721686 0.331997 -0.310963
0.896509 -0.350329 0.180259
0.325573 0.414633 0.203880
0.924509 0.264467 0.007270
0.154192 -0.617842 -0.314517
0.846001 -0.404175 -0.304723
-0.097406 0.868321 0.038457
0.724139 0.343253 0.239450
-0.613110 -0.552343 -0.312392
0.529226 -0.201583 0.118813
0.147538 -0.947191 -0.081249
0.712094 -0.530604 0.107443
0.464563 -0.438871 -0.102627
0.072210 -0.955395 0.228342
-0.835697 0.258389 0.102874
-0.187492 0.578956 0.254337
-0.021664 0.625710 -0.314553
0.812576 -0.344416 0.033435
0.799478 -0.082808 0.120935
0.804340 -0.243227 0.204945
-0.308005 0.822358 0.106469
0.888126 0.041118 0.118072
0.874235 0.398957 -0.044367
-0.838513 0.444931 0.245525
-0.489474 -0.621769 0.168508
0.678845 0.300955 -0.314606
-0.384348 -0.696744 0.147950
0.759912 -0.445116 0.032278
-0.863527 0.121886 -0.311848
0.827206 -0.491856 0.190337
0.629389 -0.544980 -0.314606
-0.615372 -0.719376 -0.290588
-0.945630 0.081324 0.221319
-0.191960 -0.574563 0.021447
0.381559 -0.519492 -0.131836
-0.915765 0.237587 0.000984
0.388038 -0.520728 -0.227961
-0.791598 0.518398 -0.006291
0.591266 -0.175922 0.005543
-0.535490 -0.371980 -0.208548
-0.945897 -0.080834 0.200717
0.925956 0.259698 -0.238722
-0.109956 -0.948233 -0.150170
0.962467 0.007334 -0.069944
0.261902 -0.549490 -0.244293
-0.847260 -0.420879 -0.164647
-0.623366 0.486246 0.121376
0.490909 0.359828 -0.244032
-0.780190 -0.443650 -0.313823
0.638027 -0.098363 -0.130011
0.446576 -0.290596 -0.275935
-0.151010 0.749757 -0.313380
-0.044485 -0.954596 -0.041371
0.865591 0.418034 0.066500
0.078274 0.800731 0.086636
-0.357069 -0.720338 -0.313620
0.868198 0.412280 -0.242502
-0.513487 -0.797122 -0.182399
-0.215424 0.769928 0.096367
0.302403 0.703162 0.247863
-0.403542 -0.782446 0.107712
0.478762 0.827833 -0.018049
-0.890114 -0.162862 0.288927
0.497833 -0.188029 -0.288246
-0.259997 -0.919149 -0.093841
0.157783 0.939073 -0.223630
0.667907 -0.380020 -0.314606
-0.542763 -0.235087 0.067813
0.190374 0.536634 0.257166
-0.108915 -0.576191 0.256069
0.260097 0.712383 -0.314606
0.337671 0.510557 0.005203
-0.277740 0.555469 -0.280537
0.223292 0.777783 0.071745
0.544263 0.351782 0.252231
-0.039643 0.602546 0.022269
0.412991 -0.443365 -0.245747
-0.490909 -0.814427 0.009336
0.102438 -0.533924 -0.270237
-0.727857 -0.199984 -0.313135
-0.744465 0.470663 -0.313866
-0.608748 0.169219 0.251012
0.838573 0.064855 0.217313
0.365091 0.836869 0.283717
-0.595816 -0.225118 -0.145658
0.413191 -0.792816 0.195854
-0.642967 0.607739 0.207751
-0.932759 -0.168419 -0.074026
0.708264 0.647152 -0.081049
0.598583 -0.519364 0.166857
0.831984 0.156090 -0.314606
-0.693299 0.534812 0.107321
0.689731 0.262010 0.246459
0.551721 -0.302776 -0.053873
0.612451 -0.740301 0.192108
0.591160 0.220282 -0.293485
-0.768033 -0.431959 0.151373
0.706223 -0.651994 -0.069041
0.860021 -0.215527 0.080365
0.803336 0.419052 -0.314606
0.962276 -0.016667 -0.166990
0.874983 -0.392573 -0.020799
-0.491543 0.814133 -0.026401
0.642887 -0.710448 -0.284525
-0.777525 0.404761 0.122369
0.030439 -0.541806 0.233276
0.348134 -0.837457 0.262537
-0.864717 0.031746 0.032278
-0.926492 0.203715 0.206437
0.803530 -0.084946 0.239433
-0.830335 -0.273995 0.085289
-0.941399 -0.013077 -0.292562
-0.009815 -0.718663 0.247468
0.696867 0.659320 0.142187
-0.907998 -0.272456 -0.117027
0.291286 0.835994 0.139794
-0.905105 -0.285244 0.042898
0.014772 -0.954848 -0.221289
-0.134291 -0.870555 0.081971
0.257783 -0.478374 -0.313458
0.595573 0.542897 0.177480
0.325741 -0.901826 0.180554
-0.439550 -0.622313 0.244389
0.300040 -0.563518 -0.104324
0.466489 0.445435 -0.140404
-0.725183 0.612879 0.030728
-0.784540 -0.103796 0.117966
0.513681 0.520135 -0.314606
0.465519 0.762669 0.216942
0.120859 0.871142 0.089868
-0.802260 -0.355778 0.117127
-0.342213 -0.891287 0.216180
0.959927 0.068833 -0.204901
0.686084 -0.674307 -0.156364
0.247573 -0.798745 0.223445
0.945417 0.178606 0.146069
0.353571 -0.775645 0.032278
0.428045 -0.361562 0.130879
0.574444 -0.767839 -0.094855
-0.575692 -0.017413 0.095251
0.818755 0.339847 -0.314606
-0.875707 0.116456 0.201791
0.558778 0.084957 0.119288
0.346510 0.729719 0.082690
0.053034 0.935012 0.264281
-0.069740 0.796658 0.101244
0.257700 -0.922571 0.124540
-0.701346 -0.524521 0.083287
0.653260 -0.705042 0.038460
-0.884519 0.342192 -0.128234
0.027265 -0.884158 0.115523
-0.171938 -0.744954 -0.314606
0.567271 0.289679 -0.096027
-0.859183 -0.141649 0.045678
-0.465520 0.631435 -0.314142
0.397839 0.638683 -0.314606
-0.880007 0.356245 0.202141
-0.808940 0.493367 0.106206
-0.709218 -0.415151 0.239479
-0.418991 -0.853678 -0.099395
-0.541900 -0.320208 -0.107492
0.460107 -0.317878 0.245409
0.880965 0.169871 0.212138
0.509618 -0.813598 0.051226
0.789152 -0.539876 0.255166
0.800545 -0.385803 0.106704
-0.349222 -0.539616 -0.314396
-0.944813 -0.082089 0.043173
-0.516051 -0.706454 0.052083
-0.513376 0.789479 -0.296991
0.915922 0.292778 0.082241
0.461508 -0.417653 -0.026247
0.236015 0.602723 -0.226924
-0.568754 -0.565973 0.085403
-0.026127 -0.755026 -0.314309
-0.753881 -0.204181 0.243912
0.745213 0.491378 0.178821
0.252789 -0.919992 -0.165746
-0.385069 0.490649 -0.082767
0.536013 0.794235 0.111339
-0.442570 -0.481397 -0.212370
-0.175239 -0.745225 0.257448
0.946858 0.169883 -0.077440
-0.593057 0.651581 0.163611
-0.760926 0.231666 -0.313646
0.799337 0.370539 0.036404
0.411105 0.862980 0.029721
0.103265 -0.795609 0.108785
0.726754 0.167016 -0.314606
-0.129792 0.614199 -0.233338
0.825304 0.375422 0.291623
0.458703 0.756063 0.111301
-0.366407 0.878671 0.115677
0.159750 0.940972 0.133475
-0.565403 0.762349 0.252147
0.761424 -0.584098 0.033794
0.109465 0.519495 -0.302703
-0.511861 0.800836 0.083993
-0.540852 -0.708334 -0.312230
0.276512 0.510883 -0.254273
0.892148 -0.101200 0.214151
0.863446 -0.412212 0.254899
0.860948 0.210446 0.087704
0.838687 0.316183 0.207804
-0.146951 0.627854 -0.314606
0.705650 0.387683 0.107522
0.814927 0.034666 0.071504
0.480507 -0.831925 0.191306
-0.634467 -0.031760 -0.142434
0.424040 0.718602 -0.314606
-0.877936 -0.114265 0.218615
0.543958 -0.792261 0.239737
0.098776 0.548198 0.123114
-0.829901 0.451426 -0.255637
0.509630 0.292672 -0.295593
-0.044391 0.533531 -0.271474
0.599448 0.537968 0.099900
0.606485 -0.040305 0.012378
0.896389 -0.350647 0.098913
-0.629655 0.002637 0.252787
-0.084743 -0.922666 0.281231
0.572950 -0.144560 -0.252399
0.321790 -0.522087 -0.285085
-0.470232 0.827102 0.240351
0.209405 0.873474 0.289949
-0.624102 0.600280 -0.313006
-0.380178 0.787516 0.066681
-0.667443 0.670428 -0.083218
-0.232436 -0.622463 0.251812
-0.284314 0.819864 -0.313911
0.118370 -0.720885 -0.313492
0.885657 -0.026208 0.080682
-0.488994 -0.341181 0.049482
0.124139 0.909505 -0.313359
-0.794975 0.386284 0.201837
0.278525 -0.484348 0.246652
-0.884470 0.344032 0.122857
-0.667622 -0.679671 0.214210
-0.491777 -0.795019 -0.305672
-0.471078 0.675983 0.233201
-0.301022 0.832401 0.182058
-0.701979 -0.127924 -0.313583
0.955862 -0.112688 -0.271348
0.183740 -0.799853 0.034938
0.951594 -0.144668 -0.118488
-0.439613 -0.667072 0.104210
-0.931232 -0.184424 0.107516
-0.228431 -0.676926 -0.313632
-0.598325 0.632472 0.038067
0.468828 0.342148 0.256431
0.045905 -0.890599 0.198436
-0.654956 -0.586970 0.121503
0.132280 0.718576 -0.314606
0.507331 -0.377093 -0.307465
-0.282837 -0.475739 -0.264167
-0.574042 0.298365 -0.194118
0.668222 -0.576296 0.041500
0.117807 -0.921166 -0.311328
-0.649755 -0.461255 0.176884
0.534020 0.141332 0.239061
-0.906575 0.267714 -0.151481
0.393807 -0.875569 0.074649
0.805668 -0.390236 0.182110
-0.797779 -0.517011 0.191385
0.568681 0.161176 -0.251902
0.034654 -0.954673 -0.092887
-0.009109 -0.834141 0.198598
0.265307 -0.537606 0.073698
-0.376289 0.837572 0.275975
0.165288 -0.566494 0.090353
-0.233793 -0.597543 -0.143821
0.704892 -0.654226 0.087339
-0.449855 -0.767463 0.212605
-0.119877 -0.821879 0.233788
-0.471232 -0.742781 0.105853
0.772791 -0.294960 -0.314606
-0.589970 0.179751 -0.236351
-0.064146 0.945408 -0.219598
-0.736362 0.297094 0.251341
-0.752485 0.576212 -0.119704
0.287908 -0.835510 0.084092
0.584490 -0.580812 0.257448
-0.581995 -0.578032 0.247725
-0.497033 -0.408876 0.252042
0.345773 0.763135 0.216728
0.275622 -0.915225 -0.011731
0.445591 -0.663981 0.136463
0.944568 0.176779 0.251355
0.647673 0.549827 -0.314606
-0.137762 -0.594507 -0.241795
0.577237 -0.257782 -0.312884
0.555796 0.257692 0.254652
0.289103 0.462087 0.159011
0.096908 0.681479 0.252776
-0.340570 -0.890616 0.126279
0.491705 0.728135 0.042509
-0.854992 0.222540 0.196386
-0.537157 -0.786172 0.135005
0.148907 -0.946964 0.223818
0.750455 0.470968 0.103944
-0.455207 0.760381 0.210695
0.780978 0.558339 -0.002689
-0.530342 0.347672 -0.135204
-0.262832 0.528869 0.043291
0.080756 0.606180 -0.006581
-0.882796 -0.351662 0.198070
-0.455037 0.833007 -0.166929
0.941685 -0.199903 0.144932
0.670432 -0.594151 0.198849
-0.249466 -0.506960 0.257448
0.070690 -0.877024 0.051010
0.746313 0.603381 0.132496
0.390459 0.437992 -0.252541
0.247666 -0.668715 -0.313950
-0.265761 0.572060 -0.112264
0.120251 0.947158 0.197057
-0.400722 -0.464832 -0.026589
0.225723 -0.603119 -0.135445
0.495459 0.365926 -0.004533
-0.242905 -0.865129 0.247852
-0.461392 -0.256771 0.183790
0.094900 0.627769 -0.314606
-0.346738 0.707644 0.166757
0.231214 -0.769890 0.106794
-0.940090 0.109634 -0.224464
-0.096430 -0.913282 -0.312624
0.263152 0.837277 0.054124
-0.313970 0.653298 -0.314160
0.577748 0.676541 0.156211
-0.397139 0.860444 -0.203107
-0.593920 -0.062559 0.036956
-0.391365 -0.369936 -0.312146
0.678133 0.492707 0.215589
0.430547 -0.776775 0.124742
0.663687 -0.235624 0.249155
-0.348888 -0.739036 0.032654
-0.619752 0.720061 0.205922
0.282755 0.459250 -0.314106
0.535224 -0.001270 -0.295653
-0.410955 0.323260 -0.297349
0.696552 0.490263 0.032278
-0.464639 0.440044 -0.314384
-0.153867 0.782251 0.246142
-0.318383 0.421284 -0.308030
-0.460567 0.418126 0.257448
0.896162 0.017811 0.198293
0.725025 0.321638 0.160341
-0.609537 0.353196 0.249145
-0.527059 -0.137084 0.140456
-0.911232 -0.268412 0.210026
0.006180 -0.956576 0.010837
-0.175488 0.867909 0.183235
0.042179 -0.586122 -0.251827
-0.415534 0.537339 0.257448
0.460868 0.655108 0.115427
0.908940 -0.317303 -0.168795
-0.695082 0.644482 0.098352
0.757588 -0.592764 0.214055
-0.123083 -0.511262 0.216869
0.096255 -0.635019 0.254444
-0.256993 0.916832 0.198062
0.854579 -0.130021 -0.314606
-0.231302 -0.845375 0.038289
-0.913523 0.234599 -0.215556
-0.487384 -0.428450 -0.191457
-0.448626 -0.430841 -0.298675
0.101829 -0.841309 -0.312216
0.548672 0.604478 0.053482
0.354555 -0.825743 -0.313061
-0.771504 -0.341859 -0.312525
0.631204 0.072011 -0.083265
0.714308 -0.441777 0.196170
0.290821 -0.477020 0.132420
0.514640 -0.264909 0.087382
0.273957 0.774859 0.242500
0.036053 0.531393 0.180714
0.034190 0.950326 0.000916
0.908042 0.316211 0.226922
0.360127 -0.712073 0.151719
0.155059 0.844565 -0.314606
0.617466 -0.425300 0.251177
-0.179173 -0.868628 0.161598
0.764616 -0.461129 -0.314606
0.955425 0.114551 0.114987
0.387486 0.375818 -0.314547
0.355193 -0.755428 0.227864
0.880489 0.016527 -0.314606
-0.634349 -0.306914 0.252825
0.413111 0.502920 -0.169613
0.738787 0.209894 0.244519
0.011841 0.947400 -0.271629
0.844654 -0.332057 -0.314606
-0.684372 0.048566 0.249084
0.432161 0.457756 0.257448
0.310338 -0.637193 0.248311
0.034408 -0.550154 0.143386
0.560014 -0.668099 -0.314302
-0.885799 0.040832 0.187856
0.197306 -0.800260 -0.312477
0.957560 0.092863 0.033075
0.180819 0.650475 0.257448
0.065062 0.558932 0.256456
0.560238 -0.098681 0.254632
0.695130 -0.425666 0.071914
-0.580276 0.005218 -0.251387
-0.630150 0.706935 -0.241873
0.640716 -0.025305 -0.124984
-0.407393 0.355162 0.150107
-0.568054 -0.681828 0.196188
-0.738767 -0.492114 0.224138
-0.068782 0.948009 0.007293
0.213974 -0.934795 0.249451
0.036602 0.737030 0.246023
0.881290 -0.202206 0.245041
-0.753945 0.186785 0.243232
-0.177995 0.605664 -0.107364
0.497924 -0.740878 0.172354
0.588917 -0.758799 0.109217
0.959280 -0.078876 0.243848
0.231798 0.924036 -0.245489
-0.038709 0.602112 -0.243711
0.289436 0.893675 -0.304249
0.627285 -0.175009 -0.155043
-0.270122 0.726495 0.245880
-0.490444 0.248043 0.127424
-0.110065 -0.949801 0.105497
-0.947752 0.038420 0.118610
0.037913 -0.779932 0.244467
0.757476 -0.297787 0.077590
-0.811113 0.317216 0.054672
0.255821 0.571864 -0.306662
0.539469 -0.594304 0.120256
0.549328 0.784204 -0.220288
0.180520 -0.941745 -0.150177
-0.395293 0.638298 -0.314238
0.441711 0.596094 0.253095
0.609788 0.737845 0.000326
-0.305314 0.895646 -0.291437
-0.012859 -0.616914 -0.282334
0.556870 0.254809 -0.243115
0.071142 -0.789318 0.175553
-0.086248 -0.540516 0.150018
0.271151 0.916716 0.209568
-0.915239 -0.245471 -0.195222
-0.716707 0.401765 -0.313601
0.180237 0.611635 -0.122116
0.693898 -0.664819 -0.254549
-0.043607 -0.892284 0.222992
0.524597 -0.798174 -0.241182
0.442389 0.786724 0.292371
-0.593792 -0.144438 -0.028227
0.189482 0.492242 0.199414
0.751378 -0.373206 0.222510
-0.356844 -0.432028 0.255834
-0.491803 -0.318224 -0.249834
-0.803911 0.104902 0.037095
0.657834 0.593836 0.116997
-0.798248 -0.506776 -0.290798
-0.188065 -0.547665 -0.254376
-0.549463 0.256786 -0.010400
0.091489 0.949449 0.109254
0.088331 -0.949072 -0.244284
-0.324270 -0.818093 0.095625
0.105403 -0.516228 0.205898
0.786886 -0.138345 0.176145
-0.746843 -0.585543 -0.248005
0.516708 0.805890 -0.073839
0.574467 0.378726 -0.314606
-0.864164 0.391817 0.007723
-0.360396 -0.576976 0.251132
0.749334 -0.598763 -0.058259
0.687282 0.643770 0.263935
-0.081883 0.948589 0.145985
0.012560 -0.614156 -0.005378
-0.476299 0.381902 -0.025244
0.955215 -0.120149 0.111982
-0.602082 -0.229610 -0.314340
-0.875160 0.041311 0.112665
-0.692404 0.617564 -0.306508
-0.634855 -0.135932 -0.203062
0.462884 -0.680788 0.034040
0.548947 -0.432532 -0.314606
0.720640 0.633939 -0.224261
0.787701 0.541630 0.253745
-0.629945 0.327030 -0.312704
-0.446757 0.838386 0.157338
-0.740581 0.014648 -0.313280
-0.609654 0.477450 -0.312918
-0.445031 -0.550009 0.250913
0.861872 0.236821 0.173669
-0.082479 0.553469 0.111735
-0.946317 0.042277 -0.094363
0.407595 -0.484160 0.253335
0.581313 0.296628 -0.168201
0.546330 -0.462345 0.247966
-0.459658 -0.348887 0.256364
-0.044862 -0.537233 -0.313960
-0.594951 0.119194 -0.008960
0.961738 0.029631 0.214697
0.605592 -0.178400 -0.061519
0.525999 0.347633 -0.067590
0.160668 -0.603242 -0.046874
0.612889 -0.085309 -0.283566
0.570255 0.764099 -0.287496
0.814276 0.351732 0.105423
0.099336 0.836419 0.032278
0.278285 0.751719 0.106215
0.514773 0.142231 -0.295152
0.648633 0.040567 -0.228147
0.073173 -0.653695 -0.203844
0.556033 0.031103 0.243371
0.580938 0.745102 0.261075
-0.243532 -0.898886 -0.309892
0.495884 -0.615426 -0.313673
-0.760639 0.205547 0.176255
-0.889683 -0.046047 0.217122
-0.325047 0.559489 -0.224822
-0.774298 -0.287489 0.193450
-0.574011 0.369769 -0.314427
-0.410335 -0.689542 0.252700
0.595825 0.667678 0.221175
0.130962 0.812042 0.184274
-0.146358 -0.943584 -0.018355
-0.947618 -0.018728 -0.026765
-0.242413 -0.776420 0.051946
0.918642 -0.262979 -0.288178
-0.771033 -0.410972 0.066380
-0.203030 -0.609856 -0.314413
0.331756 0.826076 0.193333
-0.044033 -0.812198 0.058939
-0.355040 0.567078 0.250303
-0.734278 -0.534032 0.293072
-0.873338 -0.104419 0.151761
0.590559 0.124244 0.038845
-0.603750 -0.442625 -0.313221
-0.862681 -0.246729 -0.311584
-0.378607 -0.868668 -0.289186
-0.774626 0.044970 0.243189
-0.665860 -0.472862 0.032278
-0.661158 0.424831 0.172457
-0.530935 0.690079 0.037063
-0.126094 0.918395 -0.310233
0.402804 0.795152 0.199934
0.901998 -0.332222 0.251741
-0.861929 -0.213642 0.232673
0.498007 -0.547190 -0.314606
-0.513736 0.265411 0.256482
-0.040515 0.624675 -0.079298
0.493407 -0.436627 -0.193260
0.225199 -0.692293 0.246977
0.032567 0.887059 0.191028
-0.451284 -0.437208 -0.096119
0.839978 -0.315350 0.202592
0.105085 -0.602051 0.011692
-0.066822 0.745469 -0.311659
-0.084267 -0.632540 -0.122423
-0.674613 -0.206651 0.247856
-0.415451 -0.778384 -0.313876
-0.611010 0.051206 -0.039267
-0.878658 -0.321928 0.265215
-0.866992 -0.052395 0.032278
0.320407 -0.898827 -0.168681
0.527526 0.512641 0.246228
-0.947534 -0.045081 0.100088
0.192464 -0.569490 -0.246912
-0.692711 0.551509 0.218273
-0.524974 -0.073460 0.228535
0.819800 -0.503765 0.007023
0.839906 -0.470050 0.102670
0.426039 0.449969 -0.026168
0.777498 0.448457 0.226492
-0.240790 -0.924797 0.133115
0.889595 -0.368326 -0.222281
-0.820611 -0.080608 -0.312369
-0.823435 -0.002559 0.229526
-0.371459 0.876382 0.049403
0.466816 0.769420 -0.314606
-0.798303 0.500435 -0.288885
-0.550270 -0.573654 -0.312728
-0.689229 -0.559356 0.217130
0.505432 0.585919 -0.314606
0.314497 0.638053 0.250479
-0.433075 0.370935 -0.255738
-0.491511 0.574939 0.248694
-0.465002 0.712639 0.032278
-0.891131 0.324103 -0.036542
-0.736202 0.318053 0.072204
0.548720 0.258802 0.030326
0.648726 0.620355 -0.314606
-0.531979 0.111026 -0.308869
0.526418 -0.317504 -0.285219
-0.043366 0.830775 0.032278
0.797599 -0.009689 0.245968
0.194904 0.868738 0.208671
0.493852 -0.767367 -0.311535
-0.714228 -0.630104 0.233959
0.428918 0.376513 -0.259334
-0.570502 0.758936 0.143070
-0.672528 0.115194 0.248635
0.150566 -0.638808 -0.193225
-0.759242 -0.245835 0.092232
-0.213174 -0.542217 0.094250
-0.547882 0.193269 0.256796
0.344219 0.442777 0.122264
-0.348893 -0.823234 0.236891
0.329890 -0.764974 -0.313084
0.890617 0.084485 0.177003
0.831505 0.172018 0.032278
-0.285599 -0.743698 0.175932
0.818418 -0.505988 -0.198062
0.454323 -0.844486 -0.107546
0.508798 0.201467 0.234663
-0.741049 -0.358195 0.235875
0.102096 0.636830 -0.227335
0.318489 -0.745879 0.078620
-0.144945 -0.881705 0.226612
-0.183739 0.681747 -0.314554
0.659757 0.470801 0.082455
0.932482 -0.239378 0.051518
-0.600742 -0.519580 0.118064
-0.606318 0.657681 0.253799
-0.729454 0.397669 0.211770
-0.379110 0.740793 0.212343
0.372365 0.794118 0.035832
-0.611422 -0.731114 0.235053
0.424066 0.856383 -0.038109
0.209597 -0.935816 0.078626
-0.419397 0.800549 -0.312693
0.927562 0.241128 0.253231
-0.407071 0.680101 0.119229
0.867802 -0.405021 -0.106622
-0.686881 0.505399 0.032278
-0.500772 0.736827 0.250143
-0.270951 0.911339 -0.049657
0.168345 -0.815054 0.231547
-0.464046 -0.832104 -0.204767
-0.147637 0.867278 0.107235
0.147705 0.942011 -0.019111
-0.372409 0.482639 -0.018126
-0.649211 -0.066277 0.251292
0.610852 0.209011 -0.229634
-0.270960 0.594396 -0.222401
0.279991 0.913084 -0.081155
-0.608087 0.726881 -0.001964
0.833058 -0.303700 0.078895
0.518835 0.727703 0.208636
0.391777 0.870006 -0.214374
-0.866749 0.193330 0.252401
-0.378733 -0.521190 -0.165596
-0.498581 -0.132378 0.211675
-0.108833 -0.698017 -0.314606
0.062444 0.622913 0.253355
0.390868 -0.876901 0.138639
0.886270 -0.373842 0.039711
-0.743529 0.587414 -0.195468
0.545590 0.013122 0.167573
0.516864 0.806361 0.228468
-0.402262 0.856403 -0.266647
-0.088960 0.944936 -0.073298
-0.095476 -0.848532 0.032278
-0.943312 0.093419 0.038719
0.649836 -0.337057 0.243376
-0.795368 0.516993 0.177071
0.552517 -0.213707 0.060729
-0.192413 0.930670 -0.270894
0.848498 0.450500 -0.195519
-0.131084 0.501778 -0.277915
-0.514907 -0.800172 0.066541
-0.789930 -0.022799 0.142935
0.848777 0.449978 0.014129
0.594719 -0.751776 -0.209482
0.356381 0.773813 -0.314606
0.772918 -0.457286 0.215222
-0.914335 -0.253026 -0.045947
0.711100 0.644124 -0.010091
-0.504440 -0.363476 -0.069452
-0.234899 0.480613 0.168621
-0.877646 -0.361896 0.013051
-0.286720 0.498622 -0.254228
0.314331 -0.838255 0.209057
0.904861 0.324665 -0.119942
-0.886085 -0.334571 -0.282715
0.048395 -0.903955 0.263180
-0.348856 -0.484216 0.055235
0.605147 -0.682432 0.288225
0.743097 -0.520748 0.293777
-0.338184 0.755482 0.032278
-0.537429 -0.208184 -0.296033
-0.609187 -0.732687 0.107316
0.655691 -0.518946 0.193213
0.122635 -0.754631 0.250201
-0.292647 -0.536832 -0.283262
-0.509402 0.251567 -0.298871
-0.781464 -0.417456 0.211056
-0.158674 0.855643 0.032278
-0.505436 -0.223392 0.124030
-0.765757 -0.560606 -0.184164
-0.568631 -0.758322 -0.185827
0.052767 0.745287 -0.314606
-0.451824 -0.840519 0.189018
-0.861034 0.160809 0.111023
0.836508 0.277152 -0.314606
-0.465120 0.568731 -0.314282
-0.617910 0.038033 -0.302934
-0.893521 -0.054506 -0.311599
-0.618154 0.066475 -0.234390
-0.203231 -0.487032 0.220244
-0.641176 0.032528 -0.174390
-0.223113 0.860932 0.223239
-0.934140 -0.153920 -0.238522
0.817938 -0.188266 0.032278
0.415128 -0.777478 0.042374
-0.734786 -0.480712 0.115629
0.901605 -0.336788 -0.029181
0.601127 0.196680 -0.073765
0.424358 0.857727 0.159670
0.651277 -0.626018 0.282674
0.874111 -0.153480 0.087925
0.036541 0.949120 -0.083271
0.917317 -0.291652 0.182546
0.653756 0.211280 0.249803
-0.293327 -0.545892 -0.046399
0.157753 0.795738 0.060319
-0.403969 0.691838 0.241656
-0.400619 0.863170 0.191221
0.692317 0.565061 0.192120
-0.436246 -0.318846 0.154898
-0.555574 -0.273639 -0.062410
-0.715997 -0.627536 0.062699
0.283684 0.846371 0.226869
-0.332802 0.458765 0.102285
0.370250 -0.399589 0.231660
0.544868 -0.359529 -0.161602
-0.277552 -0.914087 -0.223343
0.438139 -0.852096 -0.214338
-0.871559 0.375738 0.071247
0.816584 0.121068 0.181222
0.557306 -0.329131 -0.229377
0.635697 0.715242 -0.152258
-0.341477 -0.887523 -0.065746
-0.791555 -0.522256 -0.087336
-0.135093 -0.597051 -0.004837
0.362793 0.585869 -0.314606
-0.253391 -0.551769 0.011572
0.377972 -0.882740 -0.220631
0.528302 0.397910 -0.213175
-0.425224 -0.806424 0.293426
0.363777 0.707537 0.139380
-0.809030 -0.003648 0.048603
-0.383278 0.426495 0.256516
0.645317 0.240538 -0.314606
0.108611 -0.886250 0.204661
0.582971 -0.073085 0.069725
-0.490677 -0.817963 0.238952
0.614202 -0.641552 0.113539
0.135878 -0.867944 0.032992
-0.886824 -0.336424 -0.076615
0.438775 -0.404798 -0.292162
0.517480 0.210487 0.133358
0.554727 0.626396 0.201830
0.272580 -0.724775 -0.314079
-0.526550 0.312313 -0.238415
-0.774061 -0.183403 0.102028
0.168794 -0.941456 -0.284170
0.563176 -0.697354 0.210453
0.018006 -0.812842 0.063108
0.778701 -0.318626 0.217785
0.208237 -0.936133 -0.047444
-0.048277 0.686083 0.249244
0.894577 0.117142 -0.314606
-0.206517 0.556217 0.039086
0.760439 0.573430 -0.289806
-0.702540 0.398465 0.050180
0.958520 -0.086600 -0.216106
-0.685653 -0.331639 -0.314207
0.202733 0.551719 -0.251223
0.367116 -0.495993 -0.004739
-0.065526 -0.879527 0.087056
-0.487385 -0.292785 0.256891
0.612922 0.016018 -0.285729
-0.171751 -0.626492 0.256894
-0.060736 0.846854 -0.310198
-0.736377 0.524035 0.293506
-0.401280 0.742305 -0.312400
-0.106773 -0.734356 0.245884
-0.046517 0.947589 -0.141498
-0.865248 -0.392292 0.139943
-0.013402 -0.601997 0.048387
-0.514187 -0.638696 0.246146
0.947748 0.069433 0.259642
0.584555 -0.007459 0.073234
0.868532 -0.278262 0.270756
-0.832843 0.297043 0.204726
-0.146568 -0.562832 -0.296169
-0.267797 0.482512 0.249188
-0.805979 0.141524 -0.312433
-0.025859 -0.557947 0.249626
0.469848 -0.506110 0.257448
0.608865 0.590961 0.032278
0.892480 -0.029415 0.160264
0.933844 0.230059 -0.186305
-0.342424 0.474780 -0.292400
0.356340 0.440951 0.257091
0.709906 -0.580346 -0.314606
-0.749066 -0.586484 0.099230
-0.243707 0.918866 -0.112868
0.416092 -0.825072 0.286783
-0.600223 -0.159690 0.253770
0.654818 -0.703965 0.215662
-0.514007 0.599467 0.130330
-0.814043 -0.151092 0.204088
-0.536134 0.778015 -0.193086
0.642994 -0.135320 0.251837
0.839451 0.467427 0.089558
0.692993 -0.403716 0.154456
0.275354 0.579415 -0.136503
0.778273 0.508183 -0.309381
-0.661893 -0.006701 -0.314142
-0.797939 -0.051033 0.088047
0.166420 0.539399 -0.303092
-0.949294 -0.017058 0.236997
0.236327 0.672159 0.248171
-0.587891 0.058752 0.064159
0.527927 -0.706270 0.043239
0.714214 0.640800 0.196799
0.782257 -0.545315 -0.294019
-0.388487 -0.703237 0.088243
-0.404109 0.781276 0.134100
-0.183338 -0.936352 -0.158859
-0.336009 -0.891255 0.051069
0.764985 0.269052 0.087128
-0.349764 -0.392334 -0.275028
0.858048 -0.190918 -0.314606
0.155944 -0.560285 -0.297587
0.612869 -0.528920 0.093860
0.262775 -0.881454 -0.311437
-0.273701 0.649560 0.249237
-0.799905 0.102734 0.236628
-0.259284 0.784579 0.229759
0.674463 -0.026727 0.250646
-0.306974 -0.758308 0.245910
-0.842028 -0.432291 -0.102038
-0.597598 0.572151 0.223801
0.598501 0.434923 0.242507
-0.023737 0.881191 0.125985
0.308479 0.540467 -0.044048
0.803244 0.014895 0.142516
-0.465306 -0.265678 -0.270249
-0.078654 0.618087 -0.285203
-0.071454 -0.831503 0.200108
0.314539 0.822647 0.080825
0.879011 0.008137 0.032278
-0.624920 -0.068400 -0.231708
0.229585 0.926367 0.251471
0.288881 -0.452361 0.186668
-0.531049 -0.721705 0.247950
0.390667 0.729957 0.187592
0.356134 0.548616 -0.188128
-0.842380 0.433590 -0.028713
0.334955 -0.572190 -0.314454
0.823257 0.316669 0.044831
-0.713954 -0.630356 -0.062932
-0.225442 -0.920984 0.258506
-0.572055 0.647025 -0.313917
0.797989 -0.537000 0.164917
0.175907 -0.869853 0.135286
-0.735719 0.600548 0.234799
-0.064816 0.579287 0.256115
0.697732 -0.435265 -0.314606
-0.218305 0.926743 0.115648
-0.886845 -0.121011 -0.311604
-0.753220 0.343713 0.204986
0.102054 -0.951227 0.137175
-0.519517 0.424530 0.255381
0.447572 0.842645 -0.273592
-0.802482 -0.500429 -0.213431
-0.671909 -0.526881 -0.312076
0.615315 -0.407439 -0.314606
0.920288 -0.281855 -0.104970
0.503605 0.461629 -0.314606
-0.096706 -0.635273 -0.228959
-0.289636 -0.661893 -0.313538
0.086654 -0.591253 -0.290598
-0.087910 0.924296 0.269593
0.287455 0.910553 -0.172409
0.122784 -0.949717 0.007777
-0.164823 0.937911 -0.195925
0.784120 0.409094 0.078633
0.515433 -0.349296 -0.023346
0.356897 0.886302 0.013953
-0.848612 -0.226381 0.126039
0.117947 -0.780034 -0.312856
-0.641568 -0.379771 -0.314254
0.635986 -0.525001 0.032278
0.544470 -0.116492 0.141217
0.764841 -0.574246 -0.187431
-0.946918 -0.028919 -0.085909
0.043433 -0.850314 -0.312168
0.960790 -0.062071 0.083656
0.502023 0.307593 0.063567
-0.855546 0.063426 -0.312004
-0.439018 -0.685227 0.042713
0.749808 -0.473116 0.088503
-0.571451 0.042539 0.256489
0.743107 -0.609167 0.085960
-0.649576 0.437769 0.242714
-0.123329 0.519627 0.172614
-0.026112 0.886963 0.193143
0.620070 -0.610592 -0.314606
-0.749975 -0.246940 0.158660
-0.555121 0.425667 -0.313735
-0.285964 -0.903515 0.258566
-0.155875 -0.942479 0.056544
0.852058 0.443839 0.148358
-0.791313 -0.214497 0.197813
0.228947 0.814132 -0.314606
0.429575 0.362989 0.120418
-0.815159 -0.212502 -0.312180
0.617659 -0.614603 0.032278
-0.013822 0.953472 0.217003
-0.906062 0.280305 0.132756
0.448701 -0.675305 0.241664
-0.642581 -0.454714 0.242595
-0.305214 -0.680323 0.256183
-0.619256 -0.642186 0.236776
0.753505 0.278237 -0.314606
0.140492 -0.697933 0.250195
0.110263 -0.636826 -0.150932
-0.820838 0.467113 -0.136955
-0.026003 0.572402 0.080797
-0.215165 0.746271 0.244795
-0.533835 0.696392 -0.313879
-0.526211 -0.095158 -0.270261
0.469332 -0.367848 0.085877
0.215403 0.762568 0.167591
-0.570105 -0.102325 0.092332
-0.864287 0.170634 0.171686
0.427540 -0.369262 0.251684
-0.923482 -0.220810 0.177816
-0.190793 -0.681373 0.253377
0.237446 0.488830 0.160668
0.462172 0.691907 0.191428
-0.833362 0.249055 0.041690
0.646222 -0.711189 -0.199217
-0.295406 -0.805784 -0.312064
0.899552 -0.047354 0.250049
0.775696 0.210491 0.118259
0.725414 0.378282 0.053738
0.299159 0.763990 -0.314606
-0.014847 0.803717 0.083952
-0.190077 0.933761 0.219925
-0.940421 0.128456 0.187996
-0.569117 0.663574 0.077258
0.399745 0.420365 0.077875
0.334377 0.466007 -0.257823
-0.212433 0.507346 -0.264620
0.676193 0.086352 0.250193
-0.466197 0.243756 0.184724
0.462920 0.297118 0.152305
-0.758805 0.568666 0.001006
0.088304 0.554107 -0.261480
0.030870 -0.627478 -0.071082
-0.713686 -0.586227 0.279069
0.713888 -0.029367 -0.314606
-0.506593 0.391605 -0.164328
0.696560 -0.206349 -0.314606
0.778044 -0.558902 -0.094866
-0.711347 0.099788 -0.313524
-0.080186 -0.630045 -0.314606
0.871693 -0.065137 0.032278
0.502298 -0.410175 -0.142816
0.300564 0.907408 -0.024290
0.176054 0.936518 -0.149589
0.622420 -0.566970 0.215440
0.779842 0.427162 0.133445
0.836510 -0.034641 -0.314606
0.384264 0.364302 0.200911
0.230439 -0.547767 -0.292496
-0.381028 -0.864880 0.260292
-0.083034 -0.634361 0.252600
-0.703683 0.635932 -0.029572
0.034667 -0.953897 -0.150413
0.215926 0.734838 0.248214
-0.049249 -0.955479 0.127510
0.611304 -0.737105 0.254171
0.484697 -0.633834 0.165905
-0.430048 0.490025 -0.222440
-0.627010 -0.612201 0.078073
0.394796 -0.875120 0.017224
0.577708 0.248235 -0.057705
-0.925464 0.204738 0.149062
-0.186680 -0.593675 -0.053556
-0.667275 0.667945 -0.218873
0.564728 0.036599 -0.262439
0.440722 -0.549482 -0.313866
0.015342 0.824830 0.238063
-0.786904 -0.275176 0.032278
0.644046 0.691613 0.261096
0.595696 -0.355026 0.257448
0.182839 -0.549462 0.256751
-0.227468 0.826502 -0.314315
-0.743335 0.464203 0.118000
0.156288 0.814743 0.235486
-0.746069 0.176436 -0.313533
-0.597883 -0.178625 -0.085005
-0.481906 -0.554985 -0.314288
0.885973 0.373052 -0.204967
0.605795 0.270486 -0.218148
0.213099 -0.889589 0.284292
-0.458009 -0.355964 -0.294968
-0.469624 0.827283 0.024550
0.411851 0.857259 0.255127
0.610365 0.035093 -0.008461
0.233118 -0.569853 -0.002089
-0.387238 -0.357654 0.222538
-0.109177 0.674397 0.251635
0.700248 0.536815 0.064598
0.197826 0.585257 -0.029314
-0.317137 0.506818 0.028469
-0.150356 -0.841205 -0.314606
-0.805992 0.026568 -0.312563
0.085717 0.787109 0.141189
-0.759880 0.429279 0.071276
0.808527 -0.401071 0.263522
-0.761354 0.454256 0.229165
-0.672372 0.669622 0.143811
0.693885 0.444285 -0.314606
-0.543584 -0.628123 0.198859
-0.269567 0.754893 0.087980
0.507213 0.620891 0.112593
-0.549891 -0.184327 0.091897
-0.090922 -0.800417 0.088415
0.958347 -0.088347 -0.158326
0.857537 -0.260880 0.197192
-0.782022 -0.540877 0.093695
-0.558265 0.329610 0.251804
-0.678456 -0.532608 0.032278
-0.093334 0.635483 -0.157938
-0.030482 0.739576 0.245826
-0.581465 -0.272078 0.253714
0.070860 0.946367 -0.204182
-0.183851 0.885341 0.290463
-0.560386 -0.767200 -0.005930
0.503411 -0.610076 0.249022
-0.393528 -0.503907 -0.228770
-0.780247 -0.542278 -0.019119
-0.798640 -0.412047 0.264461
-0.796518 0.511902 0.049464
-0.249895 0.860949 0.288319
-0.290534 -0.843618 0.226829
0.426847 0.685958 0.082846
0.818848 0.501823 -0.096833
-0.303472 -0.442365 0.169038
-0.557872 0.123539 -0.254825
0.349125 0.466266 0.071410
0.012127 0.654414 -0.207065
0.046112 0.817281 0.180791
-0.496049 -0.456692 -0.314038
-0.674666 0.454629 -0.314057
0.581279 0.762024 0.149061
-0.847462 -0.300762 -0.311565
0.464587 0.639795 0.170726
-0.639842 0.700813 0.047474
-0.313049 -0.569315 -0.184988
0.962043 -0.023771 0.197531
-0.684662 -0.659453 -0.237154
-0.243305 -0.855375 0.192634
0.812496 0.512037 0.210114
-0.536260 -0.011647 0.168993
0.688466 -0.464685 0.240276
0.238014 -0.469221 0.211056
-0.601498 0.529062 0.181564
-0.009212 0.692897 -0.314606
-0.838893 -0.445241 0.155981
-0.342615 0.621444 0.247657
0.625879 -0.136961 -0.314606
-0.442270 -0.845449 -0.031870
-0.044862 0.875285 0.065850
-0.850226 -0.194640 0.060551
0.425941 0.767680 0.040042
-0.805547 -0.505910 0.248367
0.383448 0.485910 -0.025185
0.765901 0.579378 0.054475
-0.543764 -0.763140 -0.302922
-0.194921 0.765727 0.156151
0.475584 -0.254688 -0.307014
-0.671427 0.451319 0.044646
-0.934039 0.155370 -0.123317
-0.069451 0.792477 0.174747
-0.018471 0.519356 0.212746
0.433314 -0.856670 0.175539
0.568493 -0.238389 0.254492
-0.234072 -0.925858 0.052991
-0.322070 0.537759 -0.314588
0.717907 0.540565 0.250786
-0.339658 0.888755 0.005603
0.842180 -0.462229 -0.236514
0.772974 0.326280 0.219249
-0.519322 0.105024 0.175068
-0.640883 0.235024 0.257448
0.879550 0.105408 0.080210
-0.309687 0.544323 -0.092866
-0.901230 0.298584 0.243784
-0.641897 0.134060 -0.314203
0.623148 -0.142216 -0.099625
-0.563531 0.027893 -0.300424
-0.595967 -0.284640 -0.314493
0.249785 -0.768215 0.176544
0.407092 0.864037 -0.101810
-0.112815 0.822888 0.228835
0.077245 0.579897 0.060391
0.560965 0.095903 0.255495
-0.874389 0.345385 0.257459
-0.946738 -0.005944 -0.237985
0.145587 0.608134 -0.304472
0.737361 0.614289 -0.175357
-0.819921 -0.322775 0.159306
-0.772128 -0.555325 0.160987
0.450293 -0.276115 0.210648
-0.061667 -0.820764 -0.314574
-0.195872 -0.490308 -0.274957
-0.930899 -0.141143 0.258792
0.337610 0.894366 0.157360
-0.651328 0.616577 0.261528
-0.281878 0.909147 -0.213258
-0.180251 -0.789162 0.069476
0.002927 0.551843 0.133512
-0.693470 -0.425232 0.033509
0.799783 -0.075540 0.175506
0.520364 0.778761 -0.305494
-0.520258 -0.344587 -0.314575
-0.145902 0.939403 0.069848
0.361701 0.666038 0.248247
0.460807 -0.417089 -0.239483
-0.594448 0.530213 -0.312680
0.348036 -0.525642 -0.065515
-0.013579 -0.887380 0.151945
-0.323655 -0.528879 0.254536
0.362689 -0.888910 0.250505
-0.080835 -0.951388 -0.103845
-0.791669 -0.167261 0.046575
-0.323661 0.894923 0.159998
-0.855054 0.085935 0.032278
-0.472646 0.209796 -0.284067
-0.579297 0.536409 0.126881
-0.861913 0.397215 0.120643
-0.788579 0.046733 0.132180
-0.376748 0.537526 -0.314505
-0.933871 0.160438 -0.015977
0.617416 0.556035 0.234232
0.869120 -0.412098 0.200574
-0.352664 -0.707277 0.257448
-0.199434 0.801960 0.032278
-0.606873 -0.093033 -0.042812
0.860863 -0.234044 0.141154
-0.938286 0.143367 0.240353
0.185862 0.708905 -0.314606
0.291960 -0.536489 0.254734
0.392345 -0.876231 -0.056188
-0.811109 0.481766 -0.213125
0.667928 0.435621 0.155362
0.933540 -0.234839 -0.156358
-0.497562 0.321617 -0.289040
-0.932726 0.137009 -0.291050
-0.400523 -0.687705 -0.313280
0.221930 -0.930305 -0.209242
0.498664 -0.820675 0.118728
-0.782710 0.530439 -0.094087
0.296911 -0.778459 0.233202
0.820433 -0.179163 0.201560
0.684986 -0.675480 0.180785
0.040718 -0.955966 0.092617
0.960332 0.064717 0.162607
-0.889613 -0.331890 0.096829
0.744884 0.605121 0.011737
0.548265 -0.205552 -0.297215
0.170362 -0.527753 0.139181
0.149438 0.520155 0.163869
-0.359088 -0.497436 -0.282018
0.372733 -0.667636 -0.314226
-0.389792 -0.377502 0.151323
-0.775229 -0.159555 -0.312734
-0.739925 -0.312115 0.072858
0.536396 0.793882 0.048616
-0.584924 -0.053884 -0.291256
-0.668754 0.561030 0.066961
-0.942554 -0.095471 -0.107816
0.760991 0.343148 -0.314606
0.905430 0.157331 0.283009
-0.171226 0.628581 -0.201927
0.309784 -0.903800 -0.087439
0.791211 0.451918 0.288095
-0.493726 0.147916 0.213113
-0.643622 0.199465 -0.314451
-0.443621 0.356377 0.084520
0.432418 -0.353908 -0.265337
-0.800855 0.206040 0.225199
-0.757758 0.292183 0.185050
-0.803646 0.496340 0.255388
-0.237812 -0.923752 -0.142631
-0.354892 0.876300 -0.283645
-0.246207 -0.469156 -0.302930
-0.367104 0.376417 0.187083
-0.779670 -0.036676 0.242888
0.912566 0.291442 -0.279901
0.549896 -0.533484 -0.314606
0.379464 0.857486 -0.307183
-0.003799 -0.811899 -0.313354
0.335764 -0.875146 -0.304093
0.424949 -0.695573 -0.312972
0.757245 0.590060 -0.038732
0.858014 0.270174 0.244935
0.787941 0.548623 -0.054884
-0.714139 0.245789 0.251886
-0.175447 0.935821 -0.103465
0.353388 -0.400549 -0.275110
-0.559029 0.763309 -0.090141
0.520950 0.303800 0.255243
-0.409088 0.432192 0.032376
0.051555 0.589855 -0.291365
0.464814 0.263873 -0.298103
-0.183245 0.594318 -0.294589
0.030451 -0.634310 -0.232398
0.457821 0.403379 0.019937
-0.338288 -0.736071 0.176696
-0.900231 -0.296464 -0.163907
0.128154 -0.949818 -0.155152
0.814541 -0.102467 0.049296
0.735214 0.616905 -0.117625
-0.304347 0.901137 -0.117107
-0.376706 -0.805055 0.195386
-0.425439 0.482875 0.251939
-0.098607 0.608080 -0.036134
0.676262 -0.315081 -0.314606
-0.564856 0.198809 0.024924
-0.584063 0.120406 0.255609
0.962020 -0.024489 -0.027460
0.589474 -0.466814 -0.314606
0.812364 -0.012253 0.096195
0.393427 0.805260 0.251864
-0.186841 -0.617634 -0.158155
-0.932854 0.171089 0.103148
-0.840752 0.435851 -0.081661
-0.393730 0.479331 -0.279922
0.879894 -0.146615 0.142972
0.511626 -0.752484 0.278583
0.873065 0.215967 0.236991
-0.531215 -0.786607 -0.096576
0.682557 0.375742 0.243717
