-0.292045 0.916895 -0.038112
0.354888 -0.912482 0.175780
-0.896098 -0.361459 -0.205422
0.925913 0.301233 -0.211396
-0.880038 0.350648 0.200015
0.483086 0.838815 0.186787
-0.433531 -0.861829 0.192948
0.887073 -0.342738 0.212336
0.397876 -0.404201 -0.218294
-0.439734 0.352932 -0.229107
0.141687 0.538293 -0.226484
-0.176554 -0.542078 -0.230526
-0.553304 -0.119229 0.169254
0.530259 0.256605 0.185530
-0.942834 0.124494 -0.226383
0.082697 -0.960120 -0.223915
0.858757 -0.171613 -0.231905
0.627339 0.672288 -0.231905
-0.610904 -0.743858 -0.220214
-0.307890 0.507562 0.184911
-0.755372 -0.530071 0.212336
0.044619 -0.579590 0.174291
0.956152 0.109113 0.200176
0.697367 -0.687987 -0.007615
-0.679128 0.682317 -0.047729
0.163586 0.952996 -0.086039
0.099268 0.617809 0.182910
-0.489049 -0.263802 -0.222990
0.508990 0.247722 -0.231772
-0.961964 -0.074903 0.138976
0.477233 -0.344453 0.180921
0.791709 0.567042 0.136046
-0.353693 -0.467240 0.185565
-0.034309 -0.976003 0.156233
0.445122 -0.847951 -0.231082
-0.291027 -0.930089 -0.201031
-0.201296 0.627225 -0.222402
0.610592 -0.059105 -0.008519
-0.045108 0.943618 0.205435
-0.533021 0.243116 0.185272
-0.607235 0.060470 -0.217534
-0.498805 0.787986 0.212336
-0.848881 0.443517 -0.211826
0.354940 0.487165 0.023186
0.150312 -0.604468 -0.145436
0.707581 -0.464510 -0.231905
0.359202 -0.620971 0.178297
0.356066 0.776752 -0.231905
-0.483219 0.784054 -0.231905
-0.079249 0.910896 -0.231905
-0.776960 -0.269100 0.047846
-0.638452 0.503970 0.177336
-0.524384 -0.641630 0.044226
-0.816732 0.136125 0.026269
0.968051 -0.148033 0.024340
0.771528 0.305893 0.051951
-0.186134 -0.753234 0.179094
0.223445 0.925666 0.199800
0.759694 0.076897 -0.231905
0.884735 -0.422123 -0.040929
-0.764157 -0.596664 -0.066027
0.144389 -0.825946 0.037250
-0.227881 0.761010 0.174077
0.554427 -0.196580 -0.227388
-0.439613 -0.551052 -0.231905
0.429140 0.509628 -0.224558
-0.815167 -0.097508 -0.229368
0.566971 0.626804 0.021312
0.704188 0.423119 -0.231905
-0.131530 0.582016 0.018457
0.738431 -0.572509 0.212336
0.561413 -0.764883 0.212336
0.974631 0.080602 -0.077605
-0.492836 -0.319876 0.033331
-0.081676 -0.772644 -0.230210
0.786950 -0.069285 0.178010
-0.189673 -0.576787 0.011919
-0.671330 -0.437663 -0.231866
-0.467164 -0.850297 -0.047759
-0.442589 0.398872 0.000567
-0.263282 -0.938505 0.031245
0.325403 0.792121 0.021312
-0.586096 0.573583 -0.231905
0.595396 -0.669915 -0.230284
-0.576713 0.074244 0.033331
0.328462 -0.520587 -0.030311
0.584851 0.179313 -0.020783
-0.745783 0.237660 -0.231905
-0.593014 -0.122359 -0.081787
0.849994 0.477973 -0.068308
0.514032 -0.831349 -0.018932
0.074185 0.809761 0.071209
-0.835608 0.473731 0.007386
0.101533 0.755437 -0.231905
0.288474 -0.935210 -0.088168
-0.735396 0.002205 0.183691
0.519832 -0.333805 -0.050823
0.368426 0.649998 0.179915
0.520145 0.819152 -0.070536
0.349295 -0.653770 -0.231779
-0.945460 -0.197227 -0.065734
0.688455 -0.266169 0.180576
-0.081724 0.961617 -0.005399
-0.077278 -0.973046 -0.068840
0.572104 0.479426 0.176212
-0.477981 0.676228 0.024288
-0.935806 0.134532 0.202637
0.640719 0.694861 0.211519
-0.276431 0.827319 -0.231502
0.631653 0.069620 0.182968
-0.322945 -0.723241 -0.231905
-0.636577 -0.348671 0.180583
-0.378913 -0.476027 -0.042659
0.691349 -0.480850 0.033811
-0.641425 -0.710069 0.198286
-0.867625 -0.358393 0.212336
0.163028 0.579471 -0.007801
-0.963737 0.017285 -0.048590
-0.920205 0.283165 -0.101962
0.497782 0.355810 -0.062436
0.921784 0.321623 0.184267
-0.545405 0.256238 -0.090251
0.161864 -0.917536 0.212336
-0.858185 -0.447009 0.036582
0.160538 -0.779477 -0.231905
0.568460 0.053377 -0.202839
-0.298352 0.521606 -0.061163
0.554082 -0.522123 0.180943
-0.369142 -0.681296 0.174822
0.821107 0.098243 0.063573
-0.028106 0.608950 -0.142303
-0.680110 -0.247789 -0.231905
0.190389 -0.708081 0.180700
0.941087 0.261560 -0.020178
0.337941 -0.777687 0.021312
-0.027613 -0.615681 -0.085100
-0.000876 -0.775607 0.174710
-0.398421 0.534632 -0.231887
0.742227 0.629739 -0.075584
-0.632100 0.393133 -0.231400
-0.721271 0.351075 0.087827
-0.644878 -0.502815 0.065505
0.564546 -0.129777 0.168036
0.811714 -0.264334 0.021312
-0.367285 0.890729 0.127877
0.880781 -0.402453 -0.225912
0.507212 -0.655592 0.064622
0.794556 -0.570177 -0.110703
-0.649743 0.687808 0.200697
-0.460868 0.412854 0.184109
-0.078541 0.643566 0.182350
-0.133756 -0.568751 0.182558
0.208696 -0.527496 0.126225
-0.737545 0.186832 0.176674
0.257672 0.511990 0.173828
0.409949 0.408953 0.178686
-0.824121 -0.084505 0.028768
0.955574 -0.004890 -0.230074
0.956093 -0.110211 0.201221
-0.227099 -0.930574 0.201814
-0.461881 0.588965 0.175473
0.702216 -0.288301 -0.231407
-0.467370 0.842068 -0.026949
-0.757998 0.592944 -0.172488
0.730800 0.253202 -0.231905
-0.514354 -0.535130 0.178028
-0.109639 -0.833729 0.025255
0.262555 0.919224 -0.225434
-0.718886 -0.178024 0.179136
-0.806974 0.524274 0.168067
0.704310 0.458883 0.021951
-0.468362 -0.834589 -0.226986
-0.642301 -0.727159 -0.055105
0.082347 -0.974135 -0.014104
-0.327862 0.757483 0.032842
0.849016 -0.490972 0.107763
-0.108827 0.805756 0.066053
-0.206112 0.941996 0.162219
0.518402 -0.516625 -0.231798
-0.786168 0.072596 -0.230312
-0.109076 -0.944214 -0.227860
0.748864 0.190799 0.178033
0.264529 -0.498174 -0.208198
0.668774 -0.080651 -0.228578
-0.547184 -0.803226 0.092141
-0.805722 -0.526376 -0.219697
0.355817 -0.447296 0.155247
0.978656 0.003132 0.078062
0.289520 0.630578 -0.231905
-0.650744 0.537837 0.021312
-0.961078 -0.033922 -0.212711
-0.331071 -0.762651 0.043363
-0.480464 -0.371946 0.184731
0.768414 0.583859 -0.224078
0.014799 -0.572985 -0.230439
-0.894993 -0.203703 0.212336
-0.626733 -0.588154 -0.229151
0.067386 0.964221 0.094585
0.546851 -0.358424 -0.210681
-0.399488 -0.391283 -0.225934
-0.914366 0.302414 0.055919
0.469959 0.659788 -0.231905
0.071081 0.950810 -0.225876
0.844555 -0.051853 0.021312
0.720551 0.417916 0.171227
0.316309 0.915599 -0.072759
0.185661 0.776760 0.176625
-0.643768 0.713295 -0.195978
-0.595401 0.096278 0.184704
-0.938578 -0.189435 -0.223688
0.934738 -0.285853 -0.090472
0.581432 0.777785 0.062879
0.537451 0.397270 -0.230330
-0.744990 -0.620082 0.090089
-0.510668 0.211665 -0.231452
0.114899 -0.598672 0.030052
0.744445 -0.406864 0.183545
0.248244 -0.909594 -0.231905
-0.371127 0.709463 0.177807
-0.667634 -0.076081 -0.231705
0.217899 -0.953757 0.055914
0.304915 0.531650 -0.122098
0.347061 0.904260 0.120741
0.578451 -0.198256 0.030785
-0.925138 -0.278071 0.088255
0.912103 0.157060 -0.231905
0.569682 -0.795739 -0.160318
-0.474508 -0.383926 -0.100814
-0.089194 0.718512 -0.231905
-0.299026 -0.539952 -0.145043
0.732119 -0.624350 -0.228617
0.446820 0.705843 0.025341
0.330904 -0.761609 0.173415
0.634354 -0.659042 0.131126
-0.499044 0.275350 0.049618
-0.592963 0.756425 0.054998
0.015462 0.599906 -0.006448
0.510309 0.644540 0.171932
0.197645 0.866344 0.021312
-0.170279 0.949525 -0.129988
0.712825 0.661802 0.059451
0.536153 0.785210 -0.228834
0.856424 0.453994 0.190206
0.598825 0.534182 -0.231905
0.935012 -0.288773 0.084704
-0.952286 0.145564 0.063367
-0.470656 -0.694326 -0.231905
0.494116 -0.845612 0.118974
-0.538970 -0.133545 -0.228871
-0.713330 0.645944 0.083900
0.437847 -0.394489 0.044038
-0.225789 0.619754 0.180729
0.438308 -0.440111 -0.090810
0.973812 -0.100097 -0.105371
-0.864903 0.307579 -0.231790
-0.382386 0.882626 -0.136109
-0.532376 -0.449683 -0.231905
0.810964 -0.205442 0.173878
-0.238810 0.495651 -0.217996
0.625142 0.743715 -0.115556
-0.753595 -0.385033 0.120721
-0.361421 0.720702 -0.231905
0.840313 0.416871 -0.231905
0.479871 0.320409 0.066967
0.395184 -0.895790 -0.008328
-0.497790 -0.243721 0.148189
0.901760 0.373382 0.042564
-0.049237 -0.583431 0.042852
-0.005862 0.965766 -0.115395
0.963864 0.162224 0.078322
-0.502030 -0.674228 0.175048
-0.593113 0.114937 -0.091733
-0.593368 0.360848 0.181482
0.602002 -0.153995 -0.111507
0.615478 0.053664 -0.077444
-0.865733 -0.432438 -0.098044
-0.584641 -0.058182 0.033331
-0.265158 -0.578545 0.183883
-0.554314 -0.248062 -0.087398
0.767683 -0.608781 0.070519
-0.139196 -0.965824 0.077382
-0.413844 0.441183 -0.120650
-0.399349 -0.887697 0.058121
-0.817196 -0.260499 -0.231905
-0.953272 0.138123 -0.097039
0.042571 -0.723796 -0.231905
0.672729 0.296397 0.177025
-0.206006 -0.953189 -0.084460
0.162515 -0.964046 -0.121523
-0.209253 -0.793351 -0.231905
0.598845 -0.387353 0.185681
-0.169155 -0.670898 -0.231905
0.572712 0.089571 0.070461
0.027297 0.723934 0.177080
0.226696 0.783110 -0.231905
-0.405066 -0.400700 0.079819
0.394232 -0.536346 -0.207643
0.415918 0.875515 -0.176954
-0.306124 -0.488670 0.061575
-0.893840 0.016014 0.080631
-0.206292 0.518520 0.100229
0.241170 0.656795 0.178668
0.905399 0.365157 -0.103329
-0.320530 0.466439 0.065333
0.411910 0.452246 -0.084725
0.454394 0.856663 0.031238
0.777336 0.057152 0.178380
-0.584907 0.608073 0.126417
-0.585743 0.760127 -0.093466
-0.436380 0.780984 0.096780
0.331607 0.770144 0.171639
0.014326 -0.834260 0.044825
0.472518 -0.695179 -0.230690
-0.175979 -0.591488 -0.115225
-0.712111 0.489454 -0.230542
0.457992 -0.698007 0.171430
-0.699476 -0.670247 -0.169180
0.936657 -0.274032 -0.214689
-0.104109 -0.846537 0.168045
0.228250 -0.832924 0.149444
0.415858 0.374635 -0.217759
-0.395332 -0.889518 -0.142891
0.115798 0.598853 -0.121565
0.078042 0.927641 0.212336
-0.017111 0.553878 0.123541
-0.813431 -0.093135 0.174540
-0.772112 0.574394 -0.025552
0.594574 0.186211 -0.167438
0.307410 0.473568 -0.231017
0.813003 -0.057084 -0.231905
0.874349 0.245152 0.096158
-0.630089 0.187903 -0.212331
0.103794 -0.972023 0.118534
-0.556844 -0.796304 -0.112378
0.799565 0.556079 0.012153
-0.103136 0.539882 -0.210965
0.661351 -0.056345 0.183136
0.515898 -0.235534 0.130671
0.833307 -0.370067 0.099499
0.211139 -0.578202 -0.042825
-0.238252 0.861521 0.076393
0.212418 -0.663701 -0.231905
-0.603858 -0.602690 0.130893
0.396920 -0.894327 -0.129734
-0.783414 0.268033 0.025018
0.613304 -0.764187 -0.049793
0.672693 0.532173 0.135136
-0.905030 0.018031 0.207477
-0.529506 0.455743 -0.231905
-0.062404 0.828925 0.174952
0.434792 0.526182 0.179848
0.316908 -0.768925 -0.231659
0.790767 0.315220 0.169574
-0.291635 -0.808387 0.146410
-0.615175 -0.465826 0.179032
-0.556191 -0.219196 0.031282
0.078106 -0.859590 0.144475
-0.137551 0.589476 -0.102514
-0.605234 -0.005573 -0.092909
-0.494857 0.648084 -0.231607
-0.749563 0.355011 -0.231580
-0.801024 -0.275252 0.161767
0.684129 -0.700236 -0.154330
0.150916 0.537693 0.116034
0.616312 -0.569361 0.040891
-0.765547 -0.369882 -0.231905
-0.444463 -0.752184 0.021312
0.534297 0.215635 0.077108
-0.910039 -0.325927 -0.087257
-0.857758 0.434929 0.114881
0.953026 -0.226232 0.180275
0.019408 0.664143 -0.231905
-0.147806 0.818073 -0.231905
-0.610454 -0.339565 -0.231837
-0.014933 0.806249 -0.231905
-0.837257 0.142358 0.141065
-0.568274 0.182242 -0.003025
-0.960077 -0.093249 -0.115472
0.077788 -0.691273 0.181976
0.435569 0.737056 0.139551
-0.958648 -0.108476 0.030433
-0.334755 -0.914666 0.171002
-0.814089 0.509231 -0.107758
0.829075 -0.523108 -0.014280
0.632244 -0.748842 0.063069
0.638106 -0.562593 -0.231575
-0.340116 0.429812 -0.204715
-0.740087 0.497996 0.076274
-0.733440 0.603997 0.196625
0.805280 0.413187 0.082746
-0.673274 -0.698078 0.054570
0.610847 0.179098 0.183988
-0.279118 0.874374 0.212336
-0.350447 -0.831160 -0.231905
0.638160 0.333525 -0.231905
0.558588 -0.084971 -0.214022
0.139492 0.650901 -0.231905
-0.190803 0.945566 0.021779
-0.497499 0.687071 0.138004
0.063387 0.964352 -0.016144
-0.753476 -0.484802 0.052957
0.974794 -0.001870 0.188596
0.569970 -0.012658 0.112504
-0.588736 0.292235 -0.218871
-0.536557 0.150323 0.102523
0.978496 -0.019162 -0.029996
0.818736 -0.533625 -0.211934
0.439745 -0.731359 0.021312
0.551769 0.278224 -0.119270
-0.010518 -0.856838 -0.230214
-0.784041 0.286579 0.170439
0.967809 -0.137831 -0.208730
-0.642716 0.251290 0.178884
-0.012830 0.855315 0.021312
-0.509305 -0.777434 0.212336
-0.872045 -0.183039 0.024884
-0.252335 0.930083 -0.199593
0.053446 -0.941696 0.212336
-0.234404 -0.833632 0.021312
-0.889398 0.368019 -0.027653
0.856045 0.008014 0.121241
-0.053148 -0.641841 0.183717
0.241055 0.525117 0.044906
-0.345538 -0.910608 -0.033862
0.439341 -0.511262 0.180860
-0.585306 0.633872 0.021312
-0.635218 -0.049779 0.182106
-0.273479 -0.609402 -0.223520
0.653320 0.719962 -0.009150
0.903705 -0.117081 0.107340
-0.875624 0.223778 0.199998
-0.394744 0.812697 0.196571
0.381041 -0.828426 0.105735
0.664852 0.136857 -0.231905
0.265644 -0.863872 0.021688
0.838604 -0.457867 0.209372
-0.934156 0.229830 -0.206724
0.854337 -0.158166 0.021312
-0.021085 -0.976181 -0.176642
0.174746 0.951153 0.081678
0.733621 -0.186821 -0.231905
0.330579 0.451712 0.122649
-0.382328 0.883294 0.021211
-0.448188 0.316433 0.132769
-0.298432 0.586426 -0.228996
-0.320617 -0.461156 -0.229498
0.696606 -0.512066 0.134302
0.553968 0.754632 0.212336
-0.203573 -0.526578 0.115948
-0.506715 0.818594 -0.130448
0.535398 -0.625071 0.172133
0.078567 0.815754 0.175931
-0.207367 -0.883554 0.109262
0.793053 -0.308568 0.174644
0.892242 0.211755 0.193400
0.543460 0.276793 -0.011831
0.423567 -0.843012 0.212336
-0.422053 -0.591577 0.179025
0.792986 -0.432443 0.021312
0.546293 0.359143 0.181703
-0.122937 0.543124 0.156914
-0.027825 -0.976215 0.052705
0.175517 -0.546090 -0.230865
0.371564 0.863617 0.212336
-0.122003 0.744809 0.175233
0.948797 0.233203 -0.137444
-0.328718 0.615112 0.181403
-0.002844 0.555149 -0.228473
0.672217 0.027728 -0.209008
-0.629594 -0.228682 0.182001
-0.790747 -0.176673 0.090212
0.240959 0.868536 0.113959
-0.685681 0.404415 0.177944
0.433206 0.421564 0.021610
-0.836123 0.161438 -0.231905
0.610681 0.666400 0.104420
0.825976 -0.316771 -0.231007
0.796452 0.560423 -0.126807
0.247608 -0.572305 -0.137637
0.646195 0.542372 0.021312
-0.891291 -0.375739 0.100968
-0.805450 0.418477 0.212336
-0.354105 0.421391 0.149817
0.851126 -0.487022 -0.123148
0.062143 -0.975489 -0.114168
0.727429 0.584301 0.212336
-0.812513 0.362819 0.044594
0.864068 0.037822 -0.231905
-0.885928 -0.154756 0.124494
-0.454279 -0.784814 0.126852
0.156011 0.854817 -0.231905
-0.738376 -0.389221 0.021312
-0.511679 0.329453 -0.162862
-0.294794 -0.533482 -0.045041
-0.267570 -0.678581 0.177580
-0.586902 0.762892 0.154746
0.349629 -0.908074 -0.216924
0.528101 -0.745821 0.118457
0.716674 0.657693 -0.180834
0.261076 -0.602967 0.183088
-0.554585 0.019002 0.113469
-0.076788 -0.617896 -0.171686
0.816362 0.201392 0.028133
0.619054 -0.056255 -0.118988
0.562464 0.575252 0.106160
0.818142 0.189412 -0.231905
0.273050 0.928721 0.041758
-0.706154 -0.480857 0.140521
0.554426 -0.285757 -0.130445
-0.835056 -0.490126 0.169208
-0.132579 -0.958348 0.193030
0.902786 0.052075 0.032311
-0.874145 0.396317 -0.120915
-0.003825 0.898813 0.114108
-0.727885 -0.640536 0.184817
0.176923 0.950794 -0.183385
-0.552725 -0.039611 -0.203705
0.710485 -0.141109 0.177873
-0.418785 -0.450624 -0.146038
-0.697086 0.092296 0.181221
0.260221 0.768321 0.104631
-0.568073 -0.702871 0.106810
0.734083 -0.375586 0.091473
-0.679013 0.603902 -0.231905
-0.810282 -0.527456 -0.014796
-0.502593 0.325382 -0.036514
0.800164 -0.136641 0.105798
-0.313378 0.788402 0.136365
0.852371 0.115400 0.157278
-0.733330 -0.150081 -0.231905
0.256808 -0.931825 0.197009
0.784969 0.337088 -0.231905
-0.709557 -0.527772 -0.231905
0.382121 0.594014 -0.231905
-0.368940 -0.622899 -0.231825
0.164924 -0.594005 0.184756
0.392780 0.810943 0.094784
0.070424 -0.614553 -0.092894
0.722827 -0.662272 0.182051
-0.226903 0.562888 -0.125021
0.960347 -0.194694 -0.075876
0.234663 0.527036 -0.199046
0.908271 -0.366419 0.033148
-0.811207 0.057502 0.105632
-0.596215 -0.579288 0.035011
-0.933164 0.238795 0.125250
0.394375 -0.728273 0.105247
0.344555 -0.471444 0.063827
-0.154599 0.832770 0.151796
0.519939 -0.289564 0.033331
-0.599909 -0.763613 0.021716
-0.755836 -0.017222 -0.231191
-0.719470 0.139878 -0.231905
0.360638 0.899150 0.009334
-0.864260 0.214722 0.049271
-0.385746 0.628394 -0.231905
-0.962909 0.046158 -0.138677
-0.843059 -0.439839 -0.226744
-0.546936 0.481117 0.180525
0.480056 -0.849955 -0.132461
-0.367960 0.471106 -0.022793
0.319690 -0.925729 0.067361
0.119749 -0.662082 -0.213096
0.652685 -0.388311 -0.231905
-0.496588 -0.362297 -0.189299
0.083499 -0.900845 0.044047
0.613899 -0.271657 -0.206142
-0.227066 0.553398 -0.009988
0.592307 -0.237963 0.184045
0.512376 -0.438903 0.185681
0.969197 0.129921 -0.163543
-0.403462 0.694507 0.086702
-0.040411 -0.678704 -0.231905
-0.446637 -0.678589 0.100530
0.789917 -0.420896 -0.231905
-0.537302 0.121434 -0.221711
-0.907898 -0.092781 0.212336
-0.790995 0.216675 0.106967
-0.554507 -0.654921 -0.229041
-0.164609 -0.802368 0.096254
-0.206705 0.719172 -0.231905
0.826571 0.514528 -0.205976
0.613029 -0.659474 0.021312
0.946535 -0.254067 -0.004725
-0.933832 -0.247096 -0.142292
0.906598 -0.368580 -0.119010
0.245457 -0.535000 0.042363
0.754526 -0.623901 -0.047849
0.965761 0.150737 -0.019429
-0.695604 0.664743 -0.138212
0.399818 -0.466940 -0.010075
-0.180978 -0.958927 -0.172274
0.058833 0.566886 0.066675
0.103060 0.886449 0.031175
-0.366036 0.843094 -0.230650
0.371864 0.724737 0.074567
-0.753030 -0.604847 -0.211122
-0.659910 0.452263 0.105122
0.104220 -0.777872 0.178876
-0.919425 -0.296903 -0.000096
0.406775 -0.761988 -0.231548
0.978526 0.007097 -0.129482
-0.563800 0.776815 -0.192391
-0.698208 0.561617 0.124229
0.097958 -0.871612 -0.229562
0.528121 -0.606013 -0.230962
0.326617 -0.529601 -0.119728
0.275966 0.539248 -0.037383
0.159352 -0.898315 0.124896
0.637429 -0.696628 0.212336
0.345997 0.536742 0.183714
0.543542 0.146588 0.133273
-0.871292 0.045174 -0.231905
-0.568755 -0.230070 -0.173785
-0.941287 0.203957 -0.037768
-0.519579 0.810595 0.110576
0.811002 -0.550837 0.161908
-0.960292 0.080057 0.136841
-0.431995 0.440351 -0.215559
-0.082418 -0.740999 0.180185
-0.009815 -0.861190 0.132586
-0.308041 -0.849388 0.069521
0.546194 0.605405 -0.231905
-0.008791 0.800278 0.100203
0.873862 0.433319 -0.149655
-0.405995 0.484716 0.182264
0.166064 0.798169 0.067207
-0.147144 -0.964479 -0.010151
-0.830452 0.041924 0.021312
-0.714946 0.414659 0.027537
-0.009046 0.965662 0.051569
0.664485 0.620823 0.156473
-0.713407 -0.656631 -0.027397
0.884778 -0.225166 0.117781
-0.791819 -0.558061 0.134947
0.244491 0.936388 -0.129674
0.766017 -0.287896 0.092069
-0.453365 -0.455051 0.183033
0.522348 -0.772405 -0.230017
-0.117700 0.880176 0.021312
-0.124093 0.907147 0.212336
0.081719 0.963029 -0.140133
0.513816 0.490061 -0.231905
0.665170 -0.446700 0.182393
0.718098 0.513366 -0.231905
-0.073163 -0.902345 0.064251
0.032246 -0.573711 0.088434
-0.800198 0.530308 -0.215413
0.637458 -0.577967 0.161994
-0.805414 -0.184241 0.176477
-0.528960 -0.769317 -0.231905
0.494329 0.835206 -0.151622
0.189436 0.587722 0.183634
-0.767054 0.581453 0.063413
0.890773 -0.408798 0.156842
0.482979 0.323625 -0.199282
0.141986 0.893166 0.165874
0.230690 0.939607 -0.032530
0.637411 -0.158669 -0.209765
-0.690613 -0.571135 0.039818
0.571971 -0.118135 0.061680
0.203796 0.572923 -0.083311
0.610185 0.024113 0.012080
-0.758269 -0.455295 -0.231512
0.395252 0.884878 -0.085254
0.864006 0.451758 0.033894
-0.713579 -0.263430 0.179053
0.175963 -0.961941 -0.018213
0.449787 0.338407 0.151746
0.850622 0.298103 0.021312
0.486525 -0.392547 -0.142442
0.476207 0.392648 -0.136113
0.706870 0.404363 0.088329
0.068657 0.596796 -0.192373
0.317338 -0.572229 -0.210383
0.482690 0.452467 0.182995
0.300543 -0.505945 0.181634
-0.129991 0.956176 0.127705
-0.547175 -0.147304 0.075191
0.511345 -0.269424 -0.230029
-0.816051 -0.369451 0.063004
-0.439554 -0.416539 -0.031159
-0.193842 0.801957 0.036310
0.452115 0.822678 -0.231905
-0.070269 -0.559081 0.128058
-0.196253 -0.626960 0.183210
0.349710 0.689456 -0.231905
0.603206 0.134854 -0.101364
-0.295557 0.914510 -0.122133
-0.651435 0.167677 0.180705
-0.402926 0.393591 0.074505
-0.826949 -0.026713 0.108333
0.453667 -0.341433 -0.220491
-0.131219 -0.840479 -0.230595
0.773548 0.480223 0.152405
0.693955 -0.692328 0.082478
0.626884 0.742285 0.136057
-0.380623 -0.824500 0.130503
0.291925 0.858968 0.179699
0.711072 0.108204 0.178064
-0.635257 -0.180743 -0.209796
-0.514003 0.623424 0.084794
-0.283963 0.687205 -0.231407
-0.103107 0.639591 -0.208226
-0.458903 -0.322005 0.109587
0.514850 0.741122 0.097287
0.635035 0.220359 -0.231905
0.975637 -0.081568 0.084574
0.166988 0.694688 0.180389
-0.504340 0.557886 -0.231726
-0.653849 -0.541502 0.162722
0.794556 0.223350 0.105234
0.169359 -0.935283 -0.230279
0.039103 0.604705 -0.085793
-0.779912 0.093614 0.177751
0.435054 0.734974 -0.231905
-0.474365 0.373255 -0.103213
-0.559365 0.703852 -0.231449
-0.847141 0.287723 0.102091
-0.502293 -0.832512 0.025142
-0.156813 0.939263 -0.225509
0.440681 -0.873557 0.062349
-0.806821 -0.413444 0.181729
-0.299038 0.528965 -0.146886
-0.118293 -0.599262 -0.023151
0.117218 -0.552824 0.131301
-0.924531 -0.280071 0.170849
0.564855 -0.599041 0.098234
0.342455 0.901069 -0.215272
0.481600 0.656002 0.081006
-0.699345 0.060065 -0.231212
-0.629453 -0.739025 -0.135468
-0.139523 -0.558913 0.074592
-0.655232 0.703889 0.065645
0.882299 0.416332 0.111112
-0.319905 0.833278 0.067910
-0.581201 0.178301 -0.147084
0.825968 -0.345149 0.021312
-0.730143 -0.079469 0.178371
-0.001986 -0.976838 -0.036715
-0.541272 0.796295 -0.034969
0.848822 0.322527 0.104245
0.835626 0.377763 0.211002
-0.520547 -0.539903 -0.231438
-0.489972 -0.837045 -0.135514
-0.411750 0.762901 0.021312
-0.570457 0.702154 0.212336
-0.206282 0.533095 0.180274
0.572123 -0.236649 -0.068075
0.475069 -0.786913 0.184320
-0.605584 -0.075807 -0.153912
-0.049640 -0.916529 0.209242
-0.361632 -0.545607 -0.208326
0.624945 -0.482590 -0.231690
-0.290350 0.918546 0.042894
-0.737377 0.617646 -0.087319
-0.827564 -0.500408 0.089276
-0.885046 -0.389814 -0.013921
0.771050 -0.484659 0.087184
0.610623 -0.766735 0.148204
-0.829115 0.004903 0.183001
0.955094 -0.217361 -0.153136
0.008675 0.645603 0.181664
0.534518 0.555669 0.179159
0.947931 0.236914 0.141002
0.558438 -0.310825 0.185681
0.681367 0.693693 -0.087375
-0.919836 -0.283909 -0.212301
-0.664125 0.316619 -0.231757
0.965502 -0.163470 0.131817
0.418395 0.874393 0.142224
-0.818664 0.366910 0.131251
0.663948 0.601052 -0.231905
0.880492 0.153937 0.021312
0.075166 0.831027 -0.231905
-0.611083 -0.509694 -0.231526
-0.962640 -0.064703 -0.036404
-0.539156 -0.317653 0.184073
-0.576266 0.685106 0.106959
0.713046 0.553291 0.069498
-0.301637 -0.926871 -0.098421
-0.263471 0.762745 0.079434
0.390598 -0.487378 -0.141349
0.304235 -0.862219 0.140459
-0.614657 0.528649 0.105487
0.479488 -0.427512 -0.213576
0.974227 0.084710 0.064022
0.630058 0.451611 -0.231905
-0.292291 0.700764 0.176270
0.306023 -0.761044 0.091870
0.272894 0.708513 -0.231905
-0.041290 0.964606 -0.187913
0.764904 0.480340 0.067972
0.390779 0.478178 -0.163029
-0.847878 -0.289272 0.076441
-0.254935 -0.508152 -0.202249
-0.527296 -0.727506 0.043962
0.557112 -0.714306 0.030401
0.338766 -0.480499 -0.227454
0.902006 0.111446 0.096339
-0.261183 -0.778039 0.080521
0.243264 -0.741361 -0.231905
0.693790 -0.586650 0.055263
-0.179763 0.550574 -0.197099
0.222578 -0.952665 -0.170920
-0.963582 -0.031261 0.044105
-0.885896 -0.046911 -0.231231
-0.126199 -0.670463 0.182369
-0.191297 0.691962 0.179661
0.254646 -0.945189 -0.012707
-0.887702 0.092595 0.065534
-0.461642 -0.855091 0.092552
-0.611412 0.468528 -0.231905
-0.692677 -0.413505 0.177769
-0.564831 -0.717128 0.211798
-0.309498 -0.924172 0.097765
-0.258679 -0.546229 0.031144
0.808524 -0.429517 0.143277
0.204257 -0.798683 0.083766
0.625645 -0.523158 0.104280
0.582917 0.134092 -0.224050
0.082494 -0.596254 -0.194878
-0.245173 -0.721637 -0.231905
0.237395 -0.832620 -0.231905
-0.891490 -0.061031 0.070657
0.441926 0.608280 0.178882
-0.343350 -0.848449 0.210759
-0.870269 -0.230652 0.129361
0.929632 0.299323 0.090906
-0.475243 0.280575 -0.228811
0.779393 -0.254945 -0.231698
0.717080 0.008833 0.183491
0.259811 0.731768 0.174170
0.585623 -0.218770 -0.153349
0.743998 0.627583 0.142245
0.622437 0.371192 0.177566
-0.101274 -0.970480 -0.141966
0.695116 -0.347972 0.185681
-0.562996 0.556140 0.184416
-0.194940 0.944601 -0.057401
0.424991 -0.882515 0.146515
-0.287440 -0.481027 0.149391
-0.064594 0.564897 0.064335
-0.081142 0.892271 0.087615
-0.360332 -0.497740 -0.126648
-0.726175 0.631440 -0.002878
-0.065507 -0.819169 0.086209
-0.951041 -0.163432 0.083317
-0.010732 0.965607 -0.035221
-0.788876 -0.562167 0.058571
0.593589 0.003283 0.185551
0.410311 -0.807965 0.037262
-0.470375 0.840462 0.060199
-0.527578 -0.436807 0.180293
0.955109 -0.217295 0.066538
-0.673152 0.329163 0.179573
0.924132 -0.079893 -0.231905
-0.471993 0.839598 0.163166
0.770568 0.384564 0.021312
-0.545603 0.160474 0.177433
0.919373 -0.338529 0.140166
-0.782936 0.432033 0.101313
0.405686 0.795916 0.021312
0.756096 -0.006619 -0.231905
0.463765 -0.342982 0.093562
-0.914492 -0.117490 -0.228138
0.825405 -0.059644 0.105219
-0.605589 -0.663601 0.053391
-0.521186 0.723971 0.071990
-0.393822 0.877896 -0.061194
-0.661117 0.611593 0.174781
-0.103332 -0.608184 -0.101222
0.534183 0.810423 0.121231
0.553071 -0.808623 0.084232
0.004728 0.966113 0.147808
0.891806 0.395350 -0.035213
0.948503 0.234462 0.056691
0.064805 -0.803580 -0.231846
-0.748196 0.280839 0.096207
-0.232722 0.870105 0.151237
-0.892923 0.358906 -0.183773
0.557846 0.794686 -0.147344
0.838050 -0.129277 0.170635
-0.907988 0.320023 0.136990
-0.672676 -0.699185 0.129997
-0.640190 0.620788 0.071336
-0.354415 0.876035 0.203358
0.580397 0.289980 -0.210663
-0.184508 0.776968 0.106787
0.912224 -0.048708 0.137721
-0.396097 -0.704594 -0.231640
-0.751757 -0.223437 -0.231905
-0.624855 0.730351 -0.007879
-0.842214 -0.471627 -0.158773
-0.556151 0.247723 -0.168063
-0.082064 -0.554938 -0.212028
-0.964528 -0.003103 0.167175
0.213490 0.597592 -0.212596
-0.576910 -0.168448 -0.019732
-0.088284 0.594657 -0.041337
-0.338855 -0.591124 0.179991
-0.223630 -0.569532 -0.054316
0.595727 0.767541 -0.010898
-0.812411 0.514531 0.068218
0.598735 0.741111 -0.228181
0.714648 -0.668868 -0.093909
0.640850 0.629548 0.031285
0.292200 0.847484 0.058380
-0.691280 -0.679142 -0.094788
0.023176 -0.976732 0.106886
0.470151 0.571054 -0.231905
0.837260 0.498779 0.119183
0.958823 0.069191 -0.227388
0.916195 0.043417 0.184382
0.882481 -0.427099 0.066974
0.120215 0.959238 0.032291
0.442650 -0.414095 0.185681
0.679842 -0.684267 -0.226412
0.965011 0.155278 -0.094229
0.457475 0.855016 -0.054957
0.548187 -0.447352 -0.231844
0.133395 -0.601687 -0.056642
-0.568592 -0.018686 0.175332
0.239411 -0.580232 -0.217029
-0.589946 -0.159880 -0.155508
0.633267 -0.747664 -0.129852
0.637010 -0.141165 0.182076
-0.520771 -0.311125 -0.069758
0.163223 -0.558395 0.068206
0.738056 0.180029 -0.231905
-0.961241 0.070045 0.002461
-0.715098 -0.549661 0.116478
0.488304 0.278219 0.129379
-0.409381 0.783978 -0.231905
0.143903 -0.967239 0.057563
0.525495 0.815826 0.035204
0.646968 0.725803 0.067761
0.551736 0.708595 0.043259
0.268036 -0.724762 0.177825
-0.168413 0.879143 0.088273
-0.360832 -0.738696 0.105562
0.900083 -0.097004 0.035678
0.662316 0.459005 0.107111
-0.731899 -0.345078 0.177662
-0.834760 -0.343308 0.149085
0.014882 -0.612525 -0.026041
-0.368967 0.484068 -0.165803
-0.103160 0.959506 -0.104106
-0.935331 0.229499 0.049786
0.798236 -0.128145 -0.231905
-0.339135 0.898600 -0.192449
-0.781348 -0.572674 -0.132252
-0.464231 0.843747 -0.195457
-0.413207 -0.472581 -0.214845
0.681236 0.693815 0.151508
0.821754 0.274751 -0.231905
0.353891 0.901689 -0.143818
0.695220 -0.445558 0.105821
0.820030 -0.537654 0.060815
0.209696 -0.882427 0.064047
0.204869 0.681637 -0.231905
0.977138 0.049517 0.137898
-0.947898 -0.183167 0.167722
-0.603480 0.436591 0.179732
-0.609137 -0.258791 -0.228357
0.289905 -0.494329 0.104557
-0.279355 -0.820782 -0.231905
-0.521539 0.374506 0.183301
0.671672 0.217022 0.180338
0.030927 -0.642904 -0.212437
-0.118515 -0.901783 0.124650
-0.208168 -0.952685 0.128027
-0.947964 0.171460 -0.160175
-0.313209 -0.733709 0.175758
-0.413110 -0.877703 -0.212412
0.051161 0.548114 0.144105
0.381423 0.445134 -0.225768
0.606304 0.583261 0.174299
0.617946 0.082673 -0.160458
0.007572 0.808928 0.172106
0.075977 -0.821070 0.078366
-0.546589 -0.313624 -0.213553
-0.601223 -0.424679 -0.231905
-0.860803 -0.285909 0.202276
0.876295 -0.225874 0.025009
0.001346 -0.622154 -0.149817
0.864264 -0.293092 0.112623
0.901337 -0.263093 0.212336
-0.206158 -0.927384 -0.230805
-0.953012 0.140565 -0.007538
0.900192 -0.176660 0.167395
-0.675635 -0.639721 -0.229141
0.016865 -0.906105 0.068110
-0.212564 -0.583778 -0.175622
0.076212 0.898544 0.140009
0.138193 0.836100 0.124004
0.357075 0.494209 -0.069419
-0.555454 -0.051322 0.106244
0.753180 -0.623506 -0.161162
0.255141 0.933905 0.136514
-0.154478 0.600018 0.184145
0.296210 0.563167 -0.212431
-0.021094 -0.706418 0.178894
0.977541 -0.048355 -0.179282
-0.152087 -0.888934 0.035216
-0.646800 -0.640244 0.191913
-0.947164 -0.187350 0.003797
-0.296344 0.516772 0.008858
0.568860 0.232285 -0.064003
-0.763550 0.482356 0.203909
-0.438669 0.690124 -0.231905
0.896308 0.383452 -0.206097
-0.133025 0.545807 0.087803
-0.356275 -0.430714 0.126118
0.221547 -0.952906 -0.079425
-0.570210 0.192596 -0.076137
0.747228 0.623646 0.012300
-0.540290 -0.187326 0.176687
0.419304 0.388966 0.081638
0.215364 -0.954347 0.125550
-0.418533 -0.371181 0.152795
-0.539627 -0.599847 0.172779
0.775192 -0.493238 0.177859
-0.553525 0.353779 -0.212927
-0.656069 -0.616385 0.086919
0.736718 -0.554951 -0.231491
0.465583 -0.404366 -0.037672
0.395123 -0.414865 0.107865
-0.082476 0.789730 -0.231905
0.558417 0.715517 0.155109
-0.849931 0.445418 -0.054399
-0.580715 0.569269 0.060536
-0.412738 -0.881631 -0.018148
-0.609621 -0.110655 -0.215640
0.833522 -0.004962 0.185587
0.788519 -0.578865 -0.006532
0.534326 -0.819071 -0.102262
-0.584193 -0.394119 0.181343
-0.877236 -0.407050 0.163881
-0.626267 -0.159452 0.183282
-0.062103 0.899875 0.154476
-0.898379 -0.047711 0.142753
0.925552 0.311613 -0.142354
-0.463195 -0.382423 0.031222
-0.364484 -0.822792 0.035816
0.438221 -0.483034 -0.211041
0.126269 -0.969809 0.184330
0.833318 0.165137 0.113157
-0.794980 0.302898 -0.231727
-0.426746 0.668682 0.174246
-0.266934 -0.871409 0.159956
0.784153 0.577586 -0.058644
0.844934 -0.462261 -0.227505
0.376682 -0.840286 -0.231440
0.760998 -0.367494 0.025718
0.481797 -0.771090 0.074237
-0.305259 0.914127 0.146330
-0.854977 0.288170 0.185851
-0.610981 0.005854 -0.175976
0.806476 0.511046 0.204245
-0.359669 0.743145 0.107599
0.281376 -0.643435 -0.231852
-0.003173 0.873931 -0.231905
0.611380 -0.736662 -0.228723
-0.874356 0.203151 0.134561
0.564842 -0.016677 -0.216388
0.751106 0.354952 0.105867
0.839105 0.015079 0.035130
0.318186 -0.678094 0.180175
0.736058 -0.531215 0.046536
-0.842774 -0.327531 -0.231905
-0.483994 0.755995 0.139203
0.447795 0.681412 0.177558
-0.632127 0.653795 -0.231783
-0.535403 -0.296335 -0.134891
-0.466955 0.496776 -0.231858
-0.398203 -0.743034 0.172330
0.599888 -0.466632 0.182027
-0.599038 -0.014554 -0.017119
0.621434 0.527181 0.083045
0.973173 -0.106577 -0.029602
-0.526214 0.213476 0.058864
0.301312 -0.856414 -0.231905
0.444458 -0.576087 -0.231062
-0.891088 0.364673 0.071108
-0.805885 0.207657 0.172887
-0.537054 0.618578 0.175776
0.368610 -0.508561 0.183545
0.484067 0.770716 0.187538
0.561126 0.047518 0.145310
0.458276 -0.682790 0.105124
0.891063 0.396990 0.175735
-0.606137 -0.758689 0.166523
-0.963445 -0.031644 -0.144869
0.740721 -0.641349 0.017370
-0.898078 0.055711 0.148879
0.548973 -0.167063 0.102692
-0.735393 -0.289282 -0.231905
0.604740 -0.118582 -0.040536
0.630041 -0.327169 0.185681
-0.951587 -0.159088 -0.164598
-0.264354 0.478574 0.141974
0.817334 -0.235685 0.113734
-0.431416 0.861286 0.113625
0.401545 0.813582 0.166496
-0.633366 0.722995 -0.123836
-0.373458 -0.533126 0.181908
-0.381105 -0.895964 0.125561
0.639200 0.486433 0.172903
-0.656672 0.249517 -0.231905
0.942217 0.236080 -0.218039
-0.756654 0.594588 0.131423
-0.511206 -0.749164 0.132805
-0.785909 0.411772 -0.231471
0.111556 0.757001 0.177011
-0.547521 0.027416 -0.208324
0.606143 0.087474 -0.019907
0.821037 0.240898 0.164633
0.533219 -0.679572 0.129319
0.716495 -0.354068 -0.231905
0.037932 0.845750 0.123571
-0.395036 0.595181 0.177480
-0.853077 -0.456566 -0.029678
-0.291087 0.753950 -0.231181
0.463418 0.770897 0.066211
0.122423 -0.969941 -0.067708
-0.075010 -0.973332 0.100232
0.596035 -0.070795 0.185106
0.289881 -0.934783 0.126476
0.649733 -0.734147 0.000165
0.478088 0.373106 0.011827
-0.833203 -0.237224 0.021312
-0.445092 -0.521153 0.180166
-0.588638 0.290088 0.182812
-0.447624 -0.795659 0.194783
-0.692063 0.668057 -0.206331
0.672959 -0.711886 -0.064878
0.306457 -0.885141 0.212336
-0.698829 -0.412885 0.095171
0.702247 0.351208 -0.231905
-0.805211 -0.113655 0.105460
0.361866 0.534684 -0.210289
-0.586754 -0.553393 0.175910
-0.754488 0.332315 0.033727
-0.438445 -0.337801 -0.209223
-0.343415 -0.898041 -0.225589
-0.699340 -0.582052 0.196590
0.097412 0.596536 -0.055780
0.236927 0.815698 0.161876
-0.196730 0.867594 0.025556
-0.784877 -0.443037 0.120136
0.419820 -0.882942 -0.068999
-0.598048 0.119979 -0.172674
-0.939740 0.210591 -0.103262
-0.476296 -0.692714 0.021312
-0.542070 -0.642859 0.113059
0.367813 -0.907612 0.108183
-0.737107 0.515084 0.153514
0.840707 -0.370144 0.174201
0.327208 -0.847833 0.073706
0.382785 -0.486958 -0.076287
-0.141069 -0.605264 -0.170284
-0.037220 0.712847 0.179443
-0.816724 0.008971 -0.230427
-0.599323 -0.764161 0.098103
-0.711880 0.647512 0.152811
0.692009 0.640803 0.212336
-0.667587 -0.371359 -0.231714
0.009888 0.728829 -0.231905
0.144023 0.592625 -0.190238
-0.848928 0.244256 -0.231905
0.942054 -0.194712 -0.227799
0.570737 -0.795341 -0.011326
-0.853130 0.379125 -0.231384
0.257234 -0.794934 0.045895
0.624902 -0.037844 -0.181284
0.974017 0.086840 -0.001154
0.134093 0.957865 0.167924
-0.615745 0.034343 0.183254
-0.594639 -0.084119 -0.028998
-0.466567 0.331149 0.040516
-0.864671 0.421742 0.185344
0.102753 0.590120 0.024527
0.528440 0.191879 -0.204612
0.415188 -0.746975 0.169606
0.649383 -0.509795 0.181787
-0.109884 0.958844 0.053155
0.332855 -0.920719 -0.155380
0.463470 -0.633326 0.174364
0.853192 -0.063995 0.166926
0.734484 0.276455 0.174126
0.895456 0.174827 0.140058
-0.838068 -0.198991 -0.231905
-0.864358 0.420580 0.051719
-0.507957 0.302972 0.185060
-0.690188 -0.488526 0.021312
-0.344701 0.495485 -0.098279
-0.131789 0.596326 -0.169569
0.268535 -0.552163 -0.015561
0.874686 0.273966 0.195015
0.366752 0.441081 0.070128
0.122071 -0.727552 -0.231315
-0.455011 0.404316 -0.167126
0.149028 0.554596 0.053707
-0.210112 -0.857910 -0.231905
-0.722195 0.410840 0.112185
0.596945 0.575206 0.047563
-0.164988 -0.826606 0.175869
-0.585587 0.120868 -0.012878
0.721049 -0.118308 -0.231905
-0.592431 -0.769855 -0.065519
-0.481225 0.474061 0.184605
0.131677 0.559421 0.178944
0.206191 -0.770561 0.178460
-0.536249 -0.271347 -0.000905
-0.178355 -0.896408 0.177132
-0.960832 0.073866 -0.079253
-0.404360 -0.795903 -0.231752
-0.768339 -0.480674 0.173087
0.225155 -0.549562 0.185566
0.302676 0.637879 0.181317
0.592958 0.136453 0.031233
-0.301169 0.848854 0.154867
0.359595 -0.847249 0.206722
-0.814087 0.510745 -0.040623
-0.523114 -0.194276 0.111936
0.799454 0.148428 0.172551
0.738791 0.352837 0.172097
0.255120 0.594240 0.182433
0.312739 0.846738 -0.231905
-0.436331 0.412388 -0.061798
0.727790 -0.421087 0.036815
0.102408 -0.910720 0.178227
-0.546716 0.240680 -0.017669
0.211884 0.520477 0.107054
-0.794934 0.150407 0.084707
0.426653 0.687079 0.091182
-0.775009 0.570149 -0.107698
-0.369241 0.818312 0.127945
0.315873 -0.567968 0.182235
0.873992 0.220346 -0.231905
-0.387291 0.387715 -0.213404
-0.845633 0.274579 0.037599
-0.237596 -0.522836 0.169747
0.045048 -0.909155 -0.230818
0.233921 0.566711 -0.139116
-0.145199 -0.729943 -0.231905
0.022990 0.965675 -0.186855
0.578296 -0.704374 0.091860
-0.044759 0.569947 0.178504
0.155349 -0.890536 0.032056
0.572256 -0.717003 0.162669
0.132402 0.826321 0.021312
-0.608652 -0.672026 0.152389
0.203168 -0.644572 0.182709
0.146030 0.924155 -0.231905
0.050064 0.847467 0.021312
-0.939319 -0.223564 0.059554
0.785772 -0.365229 0.140876
0.909191 0.036735 0.102652
0.164468 0.761013 -0.231905
-0.957045 0.109264 -0.166281
-0.939529 0.070848 0.206212
0.403474 -0.685929 -0.231677
0.666975 -0.718245 0.133066
0.783593 0.136671 -0.231905
0.454134 0.424422 -0.216949
-0.961284 0.028859 -0.211336
-0.649530 0.106015 -0.226399
-0.831817 0.476681 -0.161365
0.878974 -0.434839 -0.102281
-0.212290 -0.951724 -0.002784
-0.897991 0.185215 -0.231905
0.919473 -0.328048 -0.188053
0.904693 -0.035235 0.044861
0.750555 0.619592 -0.144525
0.498064 0.715673 -0.231905
-0.875464 -0.410961 -0.155977
-0.755857 -0.606841 0.029844
0.525941 -0.338351 -0.148643
-0.335465 -0.914399 0.041746
0.573620 0.126634 0.184234
0.578177 -0.143785 -0.196904
-0.456045 0.348582 0.185665
-0.223933 0.903375 0.212336
-0.019360 0.618021 -0.215899
-0.046060 -0.824737 0.174247
0.062129 0.964394 -0.078448
-0.412084 0.742147 0.144119
0.352829 0.459483 0.180239
-0.791837 -0.330133 0.021312
-0.053149 0.595781 0.009909
0.409989 -0.886490 -0.197290
-0.879404 -0.025311 0.021312
-0.690653 0.466069 0.172445
-0.281075 0.819999 0.021312
-0.356978 -0.456610 0.046053
0.804236 -0.213289 0.057332
-0.254948 0.809365 0.135484
-0.522411 -0.820001 0.169089
-0.914069 0.303392 -0.006143
-0.487549 0.741942 0.023105
-0.153185 0.667387 -0.231905
0.031354 -0.828452 0.171617
0.665054 0.708971 -0.147739
0.588867 -0.183701 -0.040746
0.565008 0.225716 0.015656
-0.528049 -0.816375 -0.179653
0.267689 -0.868511 0.083259
-0.597940 0.064730 -0.056142
0.322605 -0.518930 0.031089
0.915370 0.338665 -0.041365
-0.722613 0.288225 0.175099
-0.816865 -0.145662 0.026658
-0.343826 0.550920 -0.207345
0.587609 0.278545 0.181960
-0.478741 -0.368780 -0.026689
-0.570389 0.200838 -0.218773
0.681872 -0.616541 0.180100
0.559647 0.665293 -0.231905
0.665010 0.610793 0.084502
0.833425 0.504945 0.034446
-0.884253 -0.105778 0.029340
-0.708057 0.516150 0.021312
-0.003421 0.904418 0.175111
-0.575505 -0.190696 -0.083812
0.921313 0.161286 0.212336
-0.399182 -0.724522 0.051854
-0.430515 -0.792877 0.071010
-0.273814 -0.935311 0.162542
-0.132353 0.889843 0.136563
-0.551755 0.064403 0.156142
-0.517065 0.311307 -0.104778
-0.438804 -0.697394 0.171611
0.752157 -0.189177 0.176454
0.724754 0.517652 0.021312
0.026185 -0.604218 0.033331
-0.730875 0.363609 0.177241
-0.875553 0.151517 0.024873
-0.595182 0.195273 0.182631
-0.180212 0.573018 -0.043382
-0.031947 -0.865889 0.021312
0.775570 -0.600117 0.165032
-0.505871 -0.618620 -0.230770
0.656452 -0.630241 0.074905
0.171066 -0.839205 -0.231905
-0.282275 0.576176 0.183359
0.554801 0.651299 0.131327
0.910122 -0.360117 -0.059115
-0.437420 0.858077 -0.129816
0.534655 -0.228244 0.073546
0.659769 0.275626 -0.231905
-0.318170 0.482202 -0.225639
-0.230378 -0.815016 0.117224
-0.619850 0.567148 0.166912
0.618241 -0.006748 -0.076263
0.889995 -0.239618 -0.231905
0.170982 0.883255 0.105084
0.133794 -0.668553 0.182477
-0.018682 0.603666 -0.068164
0.310861 0.480383 0.073276
-0.492931 0.236357 0.140643
-0.327506 -0.917394 -0.154666
0.489850 -0.366179 0.032468
0.554434 -0.716752 -0.228215
0.584581 -0.785713 -0.098254
0.312604 0.697177 0.177034
-0.149047 0.878314 -0.231905
-0.888093 0.155722 0.170467
-0.793500 0.201984 0.048631
-0.076270 0.850766 -0.231905
0.272893 -0.808844 0.117034
0.828207 0.377046 0.125048
0.721118 -0.062579 0.180758
0.437579 -0.571288 0.178199
0.056638 -0.908558 0.117051
0.178575 0.950521 -0.004681
0.975384 -0.084130 0.144591
-0.744858 -0.620022 -0.126664
0.675666 -0.537413 0.021312
-0.067923 -0.839399 -0.230643
-0.189884 0.542316 0.035761
0.523857 0.331925 -0.156208
-0.777026 -0.280466 0.107078
0.828048 0.363106 0.058947
0.954297 0.209613 -0.046945
-0.964290 0.003342 0.107622
-0.935415 -0.240310 -0.021521
0.383878 0.890032 0.075741
0.084844 0.652788 -0.205997
-0.013056 -0.561808 0.145316
0.079473 0.890678 -0.231905
0.200022 -0.955639 0.186798
-0.231785 0.773236 -0.231795
-0.908944 -0.328837 0.061639
-0.746434 0.576350 -0.228503
0.003500 0.574201 0.046033
0.793406 -0.571555 -0.170167
0.282511 -0.551429 -0.086356
0.926757 -0.027617 0.212336
0.545606 0.803319 0.179280
0.671498 -0.237428 -0.231834
-0.762857 -0.230803 0.172844
0.530174 0.622918 0.072255
0.297543 0.786139 -0.231905
0.547697 0.200333 0.179225
-0.550438 0.759116 0.209465
0.587256 0.191704 -0.105903
0.496563 -0.285237 0.156264
0.560561 -0.065991 0.136261
0.498056 -0.293080 0.088155
-0.277209 -0.896798 0.212336
0.159179 0.926153 0.211787
0.412117 -0.818579 0.159769
0.485363 -0.849280 0.032286
-0.959538 0.086907 0.078191
0.131729 -0.846120 0.165121
0.051779 -0.975741 -0.172248
0.736385 0.538553 0.176195
-0.681666 0.026157 0.179423
0.824999 0.518495 -0.033502
-0.234736 -0.946490 -0.151489
0.479144 -0.851216 -0.073520
-0.400830 0.439752 0.014776
-0.343719 0.897636 -0.092724
-0.775381 0.326546 0.121469
-0.443460 -0.420998 -0.190451
-0.067044 -0.910550 0.151718
-0.061038 -0.609156 -0.032065
0.469018 -0.629471 -0.230249
0.863014 -0.026275 -0.231905
0.597487 -0.337747 -0.231905
-0.786698 0.410042 0.021312
-0.596100 -0.551078 0.104173
-0.495865 0.412504 -0.208326
-0.640217 0.519550 -0.231905
-0.625753 -0.287147 0.181864
0.118698 0.959387 -0.034762
-0.548668 0.698327 0.027143
-0.789180 -0.418185 0.023042
0.906057 0.363410 0.130289
-0.404031 -0.417765 0.185002
0.357977 -0.722555 -0.231656
-0.034078 -0.975940 -0.119708
-0.411875 -0.450323 -0.083395
-0.517432 -0.236139 0.071426
-0.320537 0.641788 -0.231905
0.572601 -0.618734 0.031600
0.881134 -0.338906 -0.230587
-0.475300 -0.304439 0.162649
0.771603 -0.248174 0.178049
0.501788 0.667682 0.027672
0.496763 -0.742906 0.021312
0.764107 0.272633 0.099923
0.741009 0.522491 0.110158
-0.904296 -0.341186 -0.151564
0.065488 -0.634521 0.183977
-0.130173 0.956146 -0.171440
0.295367 0.921951 0.094899
0.592795 -0.617201 0.168852
-0.139656 0.826125 0.021312
-0.053707 -0.583824 0.183808
-0.076112 0.962170 0.148373
-0.608967 -0.038104 -0.217731
-0.250844 0.931111 0.002369
-0.563799 -0.492416 0.175877
0.057710 0.552844 -0.228357
0.680966 0.687216 -0.216220
-0.740109 -0.331084 0.104839
-0.628635 0.591270 0.021312
0.937889 -0.282774 0.172095
0.497653 -0.370673 -0.090102
0.564250 0.422210 0.178683
0.792624 0.248578 0.051574
-0.913571 0.305034 -0.186791
-0.089835 -0.971721 -0.010960
0.537050 -0.256493 0.185681
0.523439 -0.824786 -0.178889
0.717651 0.461324 0.123083
0.021042 -0.821152 0.104912
0.437387 0.434964 -0.140619
-0.054673 0.833016 0.111793
-0.535924 -0.191048 -0.200422
0.717375 0.656944 -0.023875
0.857373 -0.475335 -0.067192
0.180804 -0.584775 0.005578
-0.414073 0.866093 0.188003
0.143793 -0.966976 -0.189798
-0.925330 -0.038085 0.212336
-0.899180 0.342694 -0.129089
0.577665 -0.055106 0.074734
-0.809216 -0.529488 -0.072074
-0.006808 0.931133 -0.231905
0.768865 -0.321230 -0.230750
0.077780 0.893434 0.082084
-0.251068 0.882794 -0.231759
0.440110 0.422145 -0.045127
0.660068 0.500240 -0.231905
0.218519 0.560799 0.006382
-0.547420 0.625705 -0.231577
-0.960775 -0.085777 -0.188818
-0.533421 0.724530 0.161782
0.843262 0.090981 -0.231905
0.760960 0.417448 -0.231905
-0.107131 -0.607601 -0.218880
-0.884580 0.143627 0.109254
0.113107 -0.553191 -0.216345
-0.953808 -0.145623 -0.042939
0.221060 -0.888415 0.160393
-0.882668 0.100865 -0.228462
-0.437271 -0.730599 0.121663
0.977865 -0.038452 -0.095377
-0.309899 -0.519904 0.008079
0.965763 -0.161892 -0.146602
0.270986 0.488085 0.123985
-0.482647 -0.477224 -0.231682
-0.864524 -0.233999 0.072919
0.414893 0.465330 0.183601
-0.205342 0.812930 0.169266
0.025906 0.951659 0.198490
0.342647 -0.917089 0.016144
0.201611 -0.817210 0.030155
0.455282 -0.791500 -0.231456
0.367206 -0.588894 -0.231772
0.597342 0.372955 -0.231905
0.372839 0.768016 0.132743
-0.134285 0.653824 0.181419
-0.208979 -0.539514 0.061065
-0.568760 -0.011610 0.061387
-0.254504 -0.941169 0.097608
0.517127 -0.824107 0.191444
0.028422 0.609549 -0.141293
0.210099 0.838433 -0.231905
0.716682 -0.466711 0.170631
-0.767815 -0.580813 0.190833
-0.781227 0.174682 -0.231905
0.658152 0.414810 0.174440
-0.556418 -0.583457 -0.230974
0.303741 0.912993 0.190716
0.671674 -0.517305 -0.231580
-0.956681 -0.128500 0.157198
-0.376684 0.809724 0.072794
-0.071151 0.596164 -0.192016
0.883032 0.198442 0.055693
0.347271 -0.522366 -0.179943
-0.291297 -0.795775 0.021312
0.777303 -0.003012 0.185290
0.560580 -0.277991 -0.189417
0.575014 0.462977 -0.231905
-0.343765 0.898042 -0.016925
-0.157557 0.746372 -0.231905
0.806259 0.435006 0.206851
0.526019 -0.372112 0.183856
0.976256 0.064112 -0.131258
0.595293 -0.145080 0.008048
0.785170 0.438739 0.021312
0.722217 -0.559310 0.118244
0.445597 -0.438724 -0.146383
-0.246263 0.522549 0.033331
0.362549 -0.715565 0.177614
0.840869 0.492974 -0.156372
0.171751 0.587632 -0.141910
0.368315 -0.775348 0.120487
0.688487 -0.028426 -0.231905
0.063084 0.699030 -0.231905
-0.082133 0.548435 0.119081
-0.579796 0.412831 -0.231525
-0.452955 0.780085 0.181421
0.310509 0.917358 -0.017239
0.631078 0.096189 -0.213954
0.317630 -0.831209 0.021312
0.960309 0.183760 0.025147
-0.238764 -0.871308 0.062086
-0.542790 0.509814 -0.231905
-0.894484 -0.148080 0.210206
-0.784643 -0.028344 0.179733
-0.826143 -0.010055 0.040516
-0.046387 -0.595766 -0.224058
-0.930376 0.222091 0.191082
-0.016955 -0.911950 -0.229792
0.423580 0.835756 0.212336
0.180383 -0.835046 0.118115
0.220288 0.787782 0.063040
-0.396044 0.427745 0.185358
0.935477 -0.283936 -0.158722
0.615135 -0.578938 0.109530
0.810352 -0.412550 0.069884
-0.234808 0.548186 -0.192614
-0.813867 -0.386098 0.115656
-0.322159 -0.512739 0.184393
0.498934 -0.520484 0.178108
-0.127601 -0.772747 0.178864
0.661858 0.010099 0.183299
0.960334 0.183605 -0.173036
-0.780454 -0.573921 -0.015911
0.601225 0.682585 0.166526
0.425660 -0.376112 0.149500
-0.173565 0.885874 0.172925
0.860826 -0.319231 0.168245
-0.657939 0.026429 -0.217579
-0.564614 -0.268834 0.184062
-0.285919 -0.556324 -0.216000
0.395215 0.741892 0.021312
0.912329 -0.095706 0.171186
-0.953591 -0.146437 -0.102970
0.671891 0.146776 0.179878
0.790456 -0.534205 0.211236
-0.963660 0.023508 0.049021
0.450542 0.858722 0.100508
0.926722 -0.314190 0.036710
-0.892563 -0.096401 0.112603
-0.694818 -0.034379 0.178662
-0.530829 0.803598 0.057337
-0.725485 0.404299 -0.231579
-0.379133 -0.889555 0.191226
-0.356631 0.532451 0.181771
-0.713980 0.554308 0.209090
0.844025 -0.499067 -0.177747
0.174018 -0.585555 -0.192884
0.316436 0.786802 0.121712
0.302749 0.919712 -0.151537
-0.420144 0.537523 0.179344
-0.188701 0.946056 0.076438
0.862238 0.311535 -0.231905
-0.538191 -0.809671 -0.062755
-0.450850 -0.859834 0.014368
-0.423274 -0.617500 -0.231905
0.543376 -0.815390 0.137518
0.773368 0.591794 0.048078
-0.341926 0.899187 0.054169
0.339882 0.831908 0.079692
-0.905587 0.326095 -0.071753
0.554239 0.797271 -0.029914
-0.686271 0.566995 0.050487
-0.556969 0.121437 0.051923
-0.701223 -0.669880 0.094107
-0.181375 -0.545770 0.169726
-0.389546 0.458552 -0.075182
0.480236 0.707247 0.130928
0.276202 -0.938933 0.037559
-0.027420 -0.771130 -0.231905
0.585458 0.774900 0.148978
0.958629 -0.202202 -0.015004
0.821250 -0.220485 -0.231905
0.508562 0.738207 0.029184
0.655415 -0.622302 0.021312
-0.599151 -0.094787 0.184633
-0.688866 0.672085 0.004576
-0.315593 0.864707 -0.230847
0.880218 -0.256974 0.161328
-0.372870 -0.438287 -0.228353
0.578747 -0.587123 -0.231447
0.492392 -0.587767 0.175428
0.377190 -0.747684 0.043007
-0.888374 0.051271 0.030853
0.816955 0.025739 0.088557
0.014725 -0.666142 0.181116
0.405687 0.450888 -0.015179
0.533609 0.319448 -0.217315
-0.758117 0.239376 0.172755
0.486198 0.373553 -0.219301
0.599357 0.596625 -0.231905
-0.784778 -0.310835 -0.231905
0.977647 0.033955 -0.010608
-0.201657 0.943035 -0.186822
-0.078120 -0.717122 -0.231095
-0.092165 0.700190 0.179212
0.609519 -0.767058 -0.184401
0.634551 0.735993 -0.188399
0.562549 -0.244541 0.008599
-0.346431 -0.777577 -0.231905
0.048813 -0.975813 -0.062180
-0.601330 -0.057720 -0.075226
0.257201 0.864070 -0.231905
-0.516488 0.812516 -0.182783
0.857837 0.245007 0.021312
0.616657 -0.744002 0.198372
0.859955 0.144817 -0.231905
-0.178994 -0.622672 -0.210770
-0.415670 0.796389 0.143700
-0.596143 -0.766756 -0.166880
-0.258893 -0.939837 -0.026264
0.684982 0.579236 0.021312
-0.565227 -0.769568 0.201429
-0.551334 0.077505 0.104321
-0.882380 -0.395699 0.039108
0.152530 0.708975 -0.231905
0.501892 0.830451 -0.204246
0.368112 0.703326 0.178279
-0.555935 -0.717775 0.156568
-0.913593 -0.316131 0.133117
0.854311 -0.304390 0.040646
0.808893 0.284726 0.126103
-0.021679 -0.909057 0.112457
0.894815 -0.151141 0.055212
0.955039 0.206427 0.184072
-0.886510 -0.386583 -0.081073
-0.685705 -0.686620 0.180633
-0.390962 0.879079 -0.200551
-0.117379 -0.659703 -0.228378
-0.232879 -0.728086 0.179472
0.190483 0.830355 0.130891
0.967248 0.053667 0.194325
-0.723726 -0.531540 0.067434
-0.120856 -0.594462 0.029555
0.137627 -0.721287 0.180650
0.081972 0.713315 0.180814
0.952632 -0.227920 0.127407
-0.617615 0.648265 0.115796
0.922981 0.318444 0.042055
0.732363 -0.295629 0.181013
0.881356 -0.429581 0.014186
-0.092281 0.592605 0.184288
0.240561 0.875809 0.197007
-0.382539 0.478980 -0.216543
-0.538250 0.653800 0.134330
0.282709 -0.936959 -0.156505
-0.432212 -0.742996 -0.231596
0.867773 -0.455879 0.151155
0.185725 0.537355 0.168609
-0.485524 -0.760917 0.088339
0.895228 0.103372 0.021312
0.768031 -0.139017 0.174574
-0.284369 0.920941 0.098493
-0.412384 0.712728 0.037215
-0.533741 0.801692 0.175446
0.562569 0.705583 0.094657
-0.843956 0.090263 0.138020
-0.107470 -0.614284 0.184405
-0.131087 -0.966872 -0.098842
0.280901 -0.695963 -0.231856
-0.668309 -0.611726 0.153421
0.706789 -0.216969 0.180529
-0.561929 0.781492 0.099800
-0.661326 -0.708230 -0.163575
-0.441063 0.856129 0.019626
-0.779693 -0.227367 0.082658
-0.345291 0.764368 0.170246
0.223524 -0.530168 -0.202084
-0.646622 0.712598 0.154677
-0.660674 -0.470232 0.103322
-0.679690 -0.690031 -0.213432
-0.779363 0.450757 0.165283
0.799587 0.043035 -0.231905
-0.631867 -0.415553 0.179547
0.322703 -0.800698 0.130707
-0.670567 0.457718 -0.230770
0.918371 -0.144652 0.212336
-0.509423 0.518034 0.182842
0.353779 0.833816 0.160189
-0.705984 0.237839 0.175683
0.864442 0.450942 -0.197809
0.470429 -0.694331 0.041366
-0.784735 -0.141689 -0.231338
-0.322091 -0.850151 0.140015
0.901784 -0.202935 0.212336
0.970306 0.123208 0.112182
0.373709 0.419833 0.117141
-0.185045 -0.809673 0.048948
0.555413 -0.180552 0.174809
-0.561653 -0.792858 0.041426
-0.879470 -0.257606 -0.231905
0.830846 -0.508823 0.190614
0.807320 0.327823 0.021312
-0.261272 -0.500954 0.109185
0.653255 -0.305543 -0.231905
0.506733 0.511867 0.180927
-0.815002 -0.045682 -0.231905
-0.559427 -0.090184 0.072122
0.282840 0.531666 0.014894
0.519629 0.313480 0.016018
-0.134329 0.955460 0.007549
0.048217 -0.976003 0.173808
-0.865295 0.417062 0.000004
0.777516 0.554301 0.203539
-0.293927 -0.680302 -0.231905
-0.247095 0.932247 -0.148100
-0.474826 0.294477 0.094164
-0.837263 -0.134956 0.155464
-0.137684 -0.559100 -0.200879
0.686128 -0.601720 0.106246
0.267622 0.821094 0.021312
-0.945505 0.185867 0.016157
0.223096 0.941377 0.019883
-0.526951 0.744056 -0.231688
-0.218883 -0.950186 0.054861
0.528788 0.308194 0.184154
-0.583364 -0.131459 0.015669
-0.580383 0.763775 -0.144623
0.839893 0.120999 0.021312
0.646758 0.725975 -0.067006
0.411978 -0.632792 0.176102
-0.491118 -0.419779 -0.209902
-0.837415 -0.378736 -0.231905
0.917914 -0.341494 0.079457
-0.481081 0.719283 -0.231905
-0.697729 -0.577831 -0.230429
0.923974 0.315803 -0.086649
-0.251422 0.620556 -0.231841
0.404644 0.880623 0.028408
0.569126 -0.508234 -0.231740
-0.836578 -0.482492 -0.070876
0.818830 -0.262015 0.163253
0.210302 0.732734 -0.231905
-0.723205 -0.438308 0.021312
-0.718427 -0.349525 -0.231905
-0.636965 -0.551257 0.021312
0.191379 0.886422 0.187005
0.118645 -0.616124 0.184360
-0.473467 0.650411 0.100897
-0.679058 -0.215844 0.177782
-0.521497 0.167197 -0.204924
0.816780 0.407087 0.165190
0.457738 0.779262 0.116446
0.628267 0.566664 0.114936
0.615957 0.043961 -0.219417
0.088124 -0.574273 0.066192
0.801762 0.553012 0.065617
0.160597 0.629971 0.183210
0.711088 0.663656 0.110532
0.531577 -0.667648 0.021312
0.762064 -0.061333 -0.231905
0.219114 -0.900891 0.212336
0.397887 -0.438720 0.185651
-0.489848 -0.840250 0.135356
-0.819285 -0.512651 0.040396
-0.865073 -0.433895 0.085452
0.948369 -0.246205 -0.055147
-0.863505 -0.114824 -0.228531
0.862171 -0.412577 0.209077
-0.358955 0.792541 -0.231431
0.087090 -0.607719 -0.036015
-0.612302 0.726831 0.196684
-0.798018 0.122194 -0.230473
-0.944648 -0.200708 -0.116561
0.910238 -0.016018 0.098715
-0.804975 0.097103 0.074216
0.419533 0.652856 -0.231905
-0.819774 -0.225088 0.132433
0.878957 0.423709 -0.099943
-0.794673 0.542784 0.106630
0.536010 0.535833 -0.231905
-0.048490 0.890120 0.031450
-0.552517 -0.090426 -0.202404
-0.569860 -0.680272 0.021312
0.707842 -0.677916 0.136101
-0.605528 0.668010 0.185428
-0.658183 -0.031376 -0.207138
0.909043 0.355475 -0.165699
-0.944592 0.189784 0.131733
-0.356103 0.661029 0.179542
-0.964170 -0.011359 -0.002537
-0.063833 -0.857260 0.139157
-0.564168 -0.620152 0.021312
-0.425070 -0.875606 0.140452
-0.636733 0.572602 -0.231905
-0.579864 -0.219550 0.184223
0.701239 0.466736 0.170643
0.593152 0.769386 -0.061357
-0.516493 0.180531 0.141307
0.732010 0.310398 -0.231905
0.513989 -0.320971 -0.194512
-0.600917 0.082760 -0.129845
-0.363772 -0.778549 0.142869
-0.804625 -0.522028 0.193741
-0.017992 -0.575446 0.081636
-0.382871 -0.761198 0.021312
0.325838 0.739616 0.088813
0.442703 -0.393301 -0.198026
0.702146 -0.402363 -0.231905
-0.088196 0.598521 -0.091566
-0.738972 -0.523087 0.151912
-0.737345 -0.354977 0.060656
-0.160547 0.592722 -0.216708
-0.735070 0.620706 0.046219
-0.458857 -0.854213 -0.099944
0.335848 0.517659 -0.170788
-0.047742 0.690098 -0.231905
0.525276 0.314283 -0.055772
-0.848611 0.027273 0.142468
0.571210 -0.782858 -0.224889
-0.645169 -0.724706 0.096607
-0.818233 -0.287423 0.021312
-0.881927 -0.152738 0.074513
-0.533416 0.120241 0.142546
0.853263 0.037541 0.167815
0.910239 0.108312 0.180145
-0.920899 -0.292045 -0.052001
0.144795 0.588695 -0.069839
-0.692051 -0.178366 -0.231905
0.503329 0.355263 -0.116891
0.483384 0.841167 -0.014476
-0.776430 -0.346326 0.154944
-0.158057 -0.962711 0.123507
0.585946 0.527396 0.176650
0.397680 0.559491 0.182060
-0.893189 -0.208398 -0.231905
-0.901078 0.281077 0.203490
-0.237474 -0.567279 -0.102160
0.560692 0.228239 -0.193513
-0.603168 -0.644241 -0.230178
0.039243 -0.898251 0.021312
-0.509146 0.817082 -0.080717
-0.192584 0.839898 -0.231905
0.831058 -0.519920 -0.063950
-0.837079 0.332700 0.172522
-0.352955 -0.499810 -0.190778
0.763526 0.603787 0.103105
-0.649057 0.079284 0.182933
0.649252 -0.518626 0.060707
0.623250 0.033431 -0.165152
0.513477 0.236461 0.119535
-0.962979 -0.050791 -0.084158
0.572915 0.236539 -0.136135
-0.264866 -0.628191 0.182055
0.891833 -0.404524 -0.149960
-0.172401 0.918671 0.212336
0.868812 -0.266316 0.069029
0.321424 0.514630 -0.041539
-0.190473 -0.956811 0.180947
0.929485 0.245774 0.200264
-0.334504 0.458846 0.175819
0.794372 0.441507 0.122002
0.872662 0.344782 0.212336
0.280807 0.508850 -0.198129
0.283907 -0.558677 -0.176458
0.549840 0.734245 -0.231905
-0.349855 0.831736 0.181720
0.618899 0.316823 0.179319
-0.388417 -0.463045 0.004152
-0.086723 -0.881940 0.021312
-0.388900 0.386426 0.146609
0.085006 0.847839 0.138431
-0.931560 0.245674 -0.062388
0.207177 -0.619498 -0.210485
-0.862787 0.252791 0.152314
-0.812725 0.478032 0.204204
-0.853812 0.103919 0.021312
-0.252437 -0.941795 -0.096728
0.808789 0.168486 0.064125
0.758027 -0.334793 0.105529
-0.284821 -0.544142 -0.097993
-0.641167 -0.728443 0.032696
-0.324053 0.447064 0.120339
-0.820828 0.501463 0.114968
0.761038 -0.380984 -0.231905
-0.852501 -0.408703 0.206431
-0.854983 0.433305 -0.162809
-0.215656 -0.540605 -0.198935
-0.128827 0.956368 0.176846
0.625108 0.742996 0.185148
-0.097877 0.843512 0.132687
-0.326527 -0.581860 -0.226569
-0.173187 0.583790 -0.146300
0.226330 0.867805 0.067080
-0.942745 -0.208869 -0.171797
-0.258410 0.928816 0.146525
-0.573687 -0.713373 -0.229993
0.355068 0.500291 -0.118052
-0.838938 -0.082657 0.122993
0.474233 0.404177 0.183413
-0.711798 0.537748 0.080985
-0.269707 0.924897 -0.081806
0.577297 0.780748 -0.190119
-0.157605 -0.938287 -0.230397
-0.935772 -0.071553 -0.231088
0.302692 0.848456 0.106835
0.095601 -0.972830 0.070320
-0.101706 -0.839903 0.113563
0.977852 -0.038849 0.053019
0.365162 -0.840112 0.158679
-0.150819 -0.916199 0.212336
-0.896842 0.253916 -0.231905
-0.818308 -0.512141 -0.171976
0.219205 -0.947004 -0.219310
-0.540010 0.293400 -0.216111
0.822924 0.075050 0.175016
0.910282 0.073931 0.134188
0.589789 0.679203 0.051377
-0.246684 0.932372 0.059572
0.348382 0.903763 0.169448
0.608568 -0.143963 -0.158837
0.125015 -0.912082 -0.227948
-0.369978 -0.901006 0.007154
0.152552 0.879975 0.033341
-0.514146 0.247677 -0.198976
-0.809277 0.463789 -0.231386
0.460811 -0.727323 0.124412
-0.938547 -0.226875 0.148664
-0.576160 -0.782462 -0.016213
0.558323 0.273828 -0.170559
0.553185 -0.279540 -0.080608
-0.480436 -0.769986 -0.231771
-0.582273 0.146430 -0.053996
0.482747 0.841508 0.068549
-0.042684 0.964561 -0.083815
-0.510979 0.577747 0.178420
-0.266924 -0.901456 -0.231905
0.417568 0.788631 -0.231905
-0.474813 0.603939 -0.231696
-0.926085 0.263784 0.082771
0.977728 0.031478 -0.203541
-0.183635 -0.673720 0.181783
0.856954 -0.476120 -0.018747
0.971418 0.113234 -0.117335
-0.545134 -0.361625 -0.207522
-0.735455 0.063059 0.177471
0.663322 0.379934 -0.231905
-0.768778 -0.111227 0.178717
0.048930 0.891494 0.041285
-0.047241 0.547992 -0.210710
-0.794878 -0.471043 0.212336
-0.485191 -0.281752 0.104728
-0.679143 -0.079981 0.181588
0.432997 -0.439849 -0.041231
-0.487415 0.365825 -0.217353
-0.895934 -0.363402 0.172557
0.554015 0.094891 0.139550
-0.094133 -0.934889 0.212336
0.027230 -0.773367 -0.231716
-0.546153 0.606253 0.053232
-0.929890 -0.262407 0.032609
-0.685640 0.593160 0.212336
-0.217178 0.672138 -0.231815
-0.100702 -0.896766 -0.228361
-0.149495 0.535683 -0.231483
0.184666 0.636177 -0.212743
0.832773 -0.116995 0.033909
0.569800 -0.797244 0.177753
-0.165171 0.527142 0.123636
-0.897988 0.105385 0.196895
0.618977 -0.223962 -0.209450
-0.963785 0.012243 -0.104618
-0.680078 -0.691009 -0.031516
-0.668339 0.594230 0.105488
-0.275116 0.656010 0.179180
0.042278 -0.913348 0.162581
-0.767460 0.149369 0.178476
0.840052 0.180941 0.157948
-0.909996 -0.248996 0.207365
-0.398952 -0.483048 0.184150
0.849137 0.332553 0.151102
-0.053467 0.810766 0.069374
0.640241 0.253115 0.179752
-0.810922 0.246112 0.139005
0.854112 -0.278068 -0.231589
-0.145949 0.953542 -0.083581
0.471586 0.471859 -0.218892
