-0.741559 0.151714 -0.254080
0.947003 -0.193850 0.201995
-0.141218 -0.965008 0.175946
0.232646 0.932286 0.177292
0.565421 -0.787632 -0.234671
0.778007 0.479509 -0.254080
-0.808883 -0.507637 0.217934
-0.553307 0.762921 0.220960
-0.352364 -0.511372 -0.253500
-0.140091 0.608651 -0.249308
0.578983 -0.202852 -0.252989
0.268895 -0.570957 0.186738
0.579242 0.249328 0.199966
-0.938587 0.025577 0.230091
-0.678187 0.657017 -0.250965
-0.884162 -0.359111 -0.250454
0.065794 -0.842272 -0.253440
0.430190 0.823606 -0.254080
-0.534198 0.280818 0.156569
0.743381 -0.625353 0.169556
0.648045 0.710998 0.148722
0.965590 0.046934 -0.190652
-0.350831 -0.551712 0.200563
-0.113878 0.617370 0.199967
-0.464163 -0.853765 -0.060721
-0.613764 -0.187951 0.058634
0.548866 -0.260560 0.158965
-0.223723 0.932553 -0.023726
0.285645 0.559078 0.042266
0.831399 -0.500991 -0.199744
-0.882064 0.394087 0.021134
0.234151 -0.946098 0.092798
0.949037 0.180235 0.184315
0.294906 -0.537303 -0.234198
0.061624 0.953451 -0.241323
0.576459 0.186093 -0.240318
-0.054510 -0.661081 0.032889
-0.477586 0.376605 -0.223375
-0.739014 -0.632953 -0.095253
-0.968232 -0.049674 -0.106131
0.405528 0.476356 -0.249159
-0.556591 -0.262880 -0.250406
-0.368285 0.531731 0.034827
0.494822 -0.810194 0.224188
-0.394028 0.804300 -0.253611
0.850066 0.454000 0.071422
-0.580931 -0.756014 0.221003
0.642614 -0.003488 -0.007773
-0.198532 -0.954978 -0.163047
-0.924352 -0.298166 0.045034
0.149605 0.657410 -0.236447
-0.065666 0.935321 0.223654
-0.751494 0.542918 0.230213
0.871699 -0.221267 -0.254080
0.500875 -0.440993 -0.073799
-0.507673 -0.432250 -0.041481
-0.661826 0.043499 0.198950
0.323730 -0.914812 -0.207255
0.761745 -0.356317 0.021967
0.646021 0.712126 -0.120989
-0.847634 0.437907 -0.241966
0.517283 0.401600 -0.017646
-0.102552 -0.634806 -0.248098
0.451155 0.846349 0.003400
-0.313262 0.850442 0.230213
-0.628748 0.622659 0.021967
0.034082 0.651069 -0.003171
0.919601 0.292363 -0.109634
-0.478399 0.832831 -0.017457
-0.571290 -0.393243 0.198550
-0.839224 0.147638 0.021967
-0.771276 -0.095983 -0.253948
-0.578317 -0.735390 -0.253817
0.019549 -0.974517 -0.048005
-0.380473 -0.897496 0.166798
-0.887548 0.266460 0.230213
0.956445 -0.149257 -0.037339
0.470612 0.528383 0.197336
0.369604 -0.752591 0.025330
0.060826 -0.805915 0.187555
0.612807 -0.753971 -0.001921
0.163299 0.694855 0.196987
0.724976 -0.000780 -0.249353
0.762296 -0.041556 0.195395
0.160043 -0.651304 -0.073598
0.512925 -0.571936 0.194890
-0.611521 0.252891 -0.065490
-0.312728 -0.589261 -0.029095
-0.618825 -0.489830 -0.253485
-0.343913 -0.749957 -0.252028
0.047311 0.882231 0.021967
0.243614 0.926450 -0.098647
-0.141932 0.837926 -0.254080
-0.941723 0.222697 -0.168995
-0.818027 -0.075800 0.063516
-0.725569 -0.418746 0.023261
0.588157 -0.562094 -0.254080
-0.532778 -0.646627 0.027706
0.429489 0.831125 0.225822
0.866037 -0.403607 0.214459
-0.234786 -0.811661 0.021967
-0.358537 0.576931 -0.235624
-0.665546 0.000086 -0.076276
0.784081 0.238335 0.053138
-0.901645 -0.186260 0.230213
-0.505345 0.500182 0.197240
0.735514 0.538678 0.230213
0.891240 0.032195 0.042254
0.669880 0.541619 0.021967
-0.199926 -0.706176 0.193667
0.793374 0.223416 -0.254080
0.589580 0.391399 -0.228526
0.665411 -0.429081 0.201156
-0.785646 0.555366 -0.089486
0.621639 -0.230337 -0.047044
-0.700776 0.395553 0.104973
-0.302894 0.758412 0.053916
0.249579 -0.728215 -0.254080
-0.745778 -0.301791 0.191172
0.640313 -0.536824 0.027324
-0.654628 0.460976 -0.253865
0.357021 -0.558188 0.013798
0.234352 0.787602 0.036470
-0.510189 0.413815 -0.027345
-0.338302 0.634179 0.196806
0.716510 -0.357117 -0.254080
-0.116954 0.799151 0.077054
-0.711668 -0.664571 0.114686
0.512345 0.665417 0.021967
0.842545 0.333234 0.226553
0.738724 -0.254896 0.192120
0.246079 -0.773399 0.187258
0.914140 -0.323100 -0.102149
0.345632 0.653969 -0.254080
0.627088 0.199412 -0.041485
-0.234516 0.615718 -0.087732
0.617774 0.576401 -0.254080
0.603140 0.060812 0.162567
0.711321 -0.659992 -0.127512
-0.798089 -0.535360 -0.245735
0.089510 -0.607820 0.161617
0.938839 0.001127 0.228193
0.459900 -0.417558 0.109740
-0.562728 0.777502 -0.171450
0.242431 0.828735 -0.254080
0.476843 -0.403466 -0.251848
-0.569964 0.215335 -0.247632
0.080142 -0.640080 -0.247424
0.342406 0.660070 0.195539
-0.943667 -0.228252 -0.134167
-0.558176 -0.574326 0.193359
-0.870407 -0.434292 -0.085861
-0.610768 0.024702 -0.246446
-0.940091 0.048872 -0.252673
-0.363209 -0.728096 0.113731
-0.069325 0.955360 -0.121594
0.816249 -0.525079 0.014289
0.461594 -0.854992 -0.110564
0.123171 -0.831455 0.021967
0.434662 -0.644918 -0.253991
-0.059706 -0.837754 0.024225
0.159752 -0.959254 -0.149410
-0.646089 -0.175807 -0.110467
0.048049 -0.973854 0.151274
0.696365 0.389801 0.112206
-0.713384 -0.134041 0.196103
-0.634089 0.120575 0.048944
-0.462296 0.670081 0.064333
0.030355 0.800530 0.187352
0.814245 -0.125824 0.049832
0.391953 0.529773 -0.090059
0.750014 0.153829 0.194677
-0.120960 -0.835863 -0.252613
-0.704802 0.205600 0.196298
0.772582 0.575178 -0.105310
-0.355389 0.892372 -0.116357
-0.969554 -0.004110 0.053236
0.604701 -0.104986 0.170110
-0.725652 -0.313907 -0.252726
0.915028 -0.320742 0.069463
-0.861757 0.425879 0.205113
-0.898511 -0.370804 0.188113
0.357388 -0.895271 0.210471
-0.255494 -0.629989 -0.188608
0.044875 0.792941 -0.254080
-0.779821 0.565991 0.072713
-0.379764 -0.896932 -0.197498
-0.471206 -0.398345 -0.251405
-0.618548 -0.752139 -0.100197
-0.215477 0.936402 0.138370
-0.752160 0.310499 -0.253161
-0.955825 0.154050 0.129200
-0.558518 -0.798337 0.065092
-0.461011 -0.626549 -0.253958
0.299573 -0.925119 -0.051425
-0.208801 0.582635 0.078976
-0.518640 0.650944 -0.253986
0.243804 0.611953 -0.099237
0.399620 -0.689701 0.193531
-0.674680 0.688350 0.155987
0.635977 -0.736259 0.188522
-0.427397 -0.461346 0.088120
-0.048767 -0.973875 -0.193386
0.490243 -0.839461 0.064906
-0.272409 0.710584 -0.254080
0.031811 0.597360 0.156776
-0.944368 -0.127039 -0.249219
0.487101 0.363413 0.127348
-0.233006 -0.579735 0.107229
-0.375842 0.885967 0.095252
0.537245 0.705792 -0.254080
-0.051255 -0.673408 0.198442
-0.436234 0.500692 -0.129460
0.011707 0.662839 -0.152903
-0.192614 -0.956357 0.008256
-0.806400 -0.543889 0.049691
0.961712 -0.106523 -0.214269
-0.959180 0.111730 -0.068054
0.582131 -0.338373 -0.166590
0.496280 0.675350 0.180348
-0.073476 0.957180 0.070101
0.408370 -0.792124 -0.253112
-0.636484 -0.537452 0.040507
0.658288 -0.117262 -0.137075
0.519634 0.804549 -0.136328
0.726578 -0.184273 -0.254080
-0.957049 -0.147798 0.017687
-0.629046 -0.041873 0.080330
-0.120954 -0.661793 -0.099666
0.501600 -0.650669 0.069759
0.882469 0.341724 -0.249034
-0.316132 -0.919851 -0.066263
0.910262 0.319511 0.063700
-0.589786 0.761312 0.060103
0.953726 0.151830 -0.016914
0.877424 -0.368392 -0.249136
-0.712939 -0.657613 -0.237926
-0.790523 -0.219160 0.070372
-0.820080 0.115990 0.191758
0.172913 -0.898948 0.216633
0.371953 0.730415 0.042938
0.264149 0.536989 -0.224928
0.850785 0.452656 -0.130979
0.730927 -0.590838 -0.254080
-0.687833 0.670933 -0.106831
-0.601104 -0.124751 -0.250190
0.943764 0.203366 -0.220829
0.322397 0.903980 0.067900
0.076174 0.953296 0.204891
-0.581410 -0.249564 0.191719
0.414246 0.466815 0.059021
0.434184 -0.519066 -0.177801
0.661793 0.093035 -0.161229
-0.580236 -0.338892 -0.122525
0.194615 -0.604696 0.064864
0.597250 0.462806 0.192195
-0.559093 -0.319673 0.055133
-0.773375 0.294831 0.035409
-0.365168 0.491131 0.174794
0.389276 0.874752 -0.128025
-0.192126 0.768392 0.193204
-0.428959 -0.520879 -0.135410
-0.929590 0.262100 0.035044
0.106168 0.951910 -0.085359
0.544094 0.792362 0.103453
0.225660 0.561155 0.167570
-0.637299 0.553821 0.142073
-0.658112 0.121918 -0.140186
-0.119117 -0.817402 0.186112
-0.244422 0.925312 -0.226947
0.258594 0.792442 0.184384
0.779594 -0.508677 0.230213
0.554570 -0.316850 0.034957
-0.698090 -0.591933 0.228683
0.967110 -0.014398 -0.060314
-0.465848 0.396102 0.119721
0.164014 0.628260 0.028230
0.584487 0.587393 0.126780
0.285445 -0.608262 -0.101828
-0.880475 0.397138 -0.117555
-0.103634 0.650061 -0.084423
0.732655 0.343650 -0.254080
-0.443300 -0.649234 0.193483
0.595484 0.172606 0.086513
0.853489 0.085382 -0.254080
0.829603 -0.084651 -0.254080
0.635588 0.722441 0.015918
0.714714 0.284245 0.192360
-0.686098 -0.463528 0.188481
-0.237236 -0.878311 0.143228
-0.015653 -0.735693 -0.254016
0.770485 0.578105 0.108181
-0.456278 -0.791931 0.197341
0.183394 0.942051 0.055519
-0.058761 -0.973650 0.057784
0.573673 0.330636 -0.112910
0.563384 0.288618 0.033608
0.485005 0.453373 -0.142509
-0.771609 0.322111 0.187265
-0.431331 0.790102 0.181953
-0.787336 0.552096 -0.220326
0.716857 -0.655204 0.045534
-0.479146 0.636062 0.188938
-0.877292 -0.419096 0.044938
0.340801 0.501517 0.168775
-0.598788 0.410413 0.196588
-0.068321 0.716020 -0.251959
0.963926 -0.084042 0.134630
0.250135 -0.809692 0.021967
-0.824967 -0.066110 0.191724
0.733854 0.623130 -0.224118
-0.492970 -0.836577 -0.200907
-0.891009 0.317480 -0.251230
-0.830703 -0.242458 -0.254080
0.217561 -0.863058 -0.253573
0.364258 -0.494227 0.141780
-0.793369 0.036349 -0.254080
-0.089207 0.617126 0.059863
-0.002108 -0.675579 -0.138724
0.608172 -0.041247 -0.223622
0.847983 0.068381 0.154280
-0.532755 0.488154 -0.238329
0.863507 -0.442749 -0.093962
-0.452761 -0.747739 0.021967
-0.444200 -0.866084 0.064882
-0.573395 0.341566 -0.152921
0.864829 -0.440274 0.096284
0.879446 0.164390 0.083743
0.064964 -0.966429 -0.240160
-0.268611 -0.903685 -0.249836
0.631507 -0.125800 0.016494
0.450733 0.591049 -0.254080
0.949059 -0.193993 0.076243
0.946067 -0.207385 -0.147009
-0.658724 -0.717154 0.009797
-0.575998 0.296570 0.042079
-0.077625 0.951688 -0.242583
-0.470660 -0.478984 0.199675
-0.392501 0.460262 -0.242816
0.831554 -0.183673 0.162406
0.529689 -0.381601 0.201156
0.789714 -0.564453 -0.106397
0.881243 0.391042 -0.032537
0.598481 -0.764916 -0.120550
0.187554 -0.667105 0.196972
0.060788 -0.662309 0.001479
0.101811 0.797721 0.086286
-0.668887 0.485828 0.033685
-0.179630 -0.732192 -0.253866
-0.045207 -0.915525 0.224471
0.473626 0.377240 -0.247752
-0.611280 -0.261547 -0.033927
0.661205 -0.461656 -0.254080
-0.810973 0.223176 0.136199
-0.581071 -0.617598 -0.253837
-0.328533 -0.917707 0.063259
0.651628 -0.543675 0.179085
-0.813885 0.038525 0.088616
0.390299 -0.892192 0.095642
0.750229 -0.501933 0.117268
-0.597080 -0.682577 0.128057
-0.808434 -0.327754 0.021967
0.179973 -0.584093 -0.225055
-0.703648 -0.190283 -0.243344
0.778526 -0.251259 0.068798
-0.224171 0.654517 0.196020
0.655497 0.622138 0.223442
-0.627608 -0.374528 -0.241808
-0.794655 -0.433748 0.130039
0.828613 0.491778 0.178651
0.889947 -0.290352 0.230213
0.339066 0.894022 -0.230085
-0.113671 -0.965302 -0.085744
-0.968081 -0.058180 0.154952
-0.406523 -0.526241 -0.007052
-0.210632 -0.631344 0.003123
0.783899 0.349059 0.021967
0.776832 -0.355304 0.150933
-0.807110 -0.541309 -0.108734
0.617399 -0.659028 0.105526
0.712156 0.647524 -0.040282
-0.602421 0.155973 0.183429
0.636202 0.283378 -0.231599
0.346516 0.896330 0.183356
-0.766735 -0.426245 -0.250806
0.174818 0.940612 -0.187855
-0.239974 0.555853 -0.249420
-0.616200 0.739009 -0.046935
0.526345 0.773587 0.225985
-0.094912 0.824522 0.188579
-0.409818 0.678716 -0.253697
0.120778 -0.966459 0.066176
-0.840180 0.474529 0.094778
0.384162 0.807340 0.123028
-0.652934 -0.104466 -0.008481
-0.451641 0.845448 -0.145900
0.198415 -0.954430 -0.016383
-0.634725 0.303349 0.197734
-0.316666 0.748478 0.186746
-0.910507 0.158831 -0.253938
0.400678 -0.887312 -0.024178
0.352485 -0.774304 0.140347
-0.481408 -0.513715 -0.232204
-0.416123 0.786268 0.060734
0.139494 -0.733769 -0.253760
-0.643989 0.330464 -0.246599
-0.907962 0.331855 0.117427
0.672670 -0.683844 -0.246203
-0.599106 -0.143405 0.169728
-0.466283 -0.744052 -0.253692
0.965653 0.045016 0.131208
0.823936 0.499300 -0.035306
-0.864616 -0.266130 0.135905
-0.716171 -0.552663 0.113571
0.708161 -0.150469 0.196841
0.106560 0.649022 -0.084434
0.560582 0.779641 -0.037873
0.504507 -0.753130 0.132438
-0.835970 0.479148 -0.031023
0.704682 0.163330 -0.239477
-0.009579 0.620950 -0.250130
0.934284 -0.257853 -0.018518
0.164435 -0.798044 0.121071
-0.268994 0.538109 0.161325
-0.145673 -0.601000 0.166638
-0.492538 -0.373409 0.127790
0.418240 -0.520645 -0.065720
0.512059 0.506384 -0.231279
0.862111 0.257536 0.153703
0.660697 -0.007512 -0.125691
-0.861944 -0.450286 -0.200200
0.330779 -0.652556 -0.232273
0.636957 0.195646 -0.148027
-0.266686 -0.620133 0.199546
0.604900 0.063252 -0.245814
-0.610879 0.558422 -0.253330
-0.331084 0.900633 -0.013380
-0.906332 -0.341091 -0.121481
0.059080 0.958515 0.100509
-0.914437 0.306624 -0.074396
0.526671 -0.815495 -0.031425
-0.289583 0.817922 -0.254080
0.133261 0.884550 0.136630
-0.764089 0.021517 0.190661
0.617598 -0.023685 0.102318
-0.743283 0.614381 -0.014025
-0.673208 0.226925 -0.228740
0.706421 0.653648 0.063954
-0.221112 0.838576 0.021967
0.389841 -0.578279 0.198387
-0.778193 0.405521 0.021967
0.457404 -0.468034 0.201156
-0.949482 -0.203310 0.105614
-0.695924 0.458443 0.187759
-0.672701 -0.066142 -0.202928
0.025633 -0.821420 0.080973
0.956373 0.135800 -0.119317
-0.195728 0.892797 0.230213
0.268219 -0.868697 0.153418
0.671602 0.488095 -0.254080
0.637364 -0.213590 -0.167798
-0.290510 -0.893695 0.230213
0.370426 0.554021 -0.191122
-0.281170 0.847254 0.107102
-0.015173 0.802396 0.091954
0.745960 0.487035 0.067291
-0.353410 -0.578925 -0.173975
-0.342315 -0.524295 0.101930
0.838185 -0.067159 0.130398
-0.345050 -0.769806 0.021967
-0.741821 -0.629262 0.023414
0.643238 0.147098 0.199835
0.279592 0.733587 -0.254080
-0.160190 0.943616 -0.172369
-0.353740 0.559353 -0.116949
-0.485732 0.760107 -0.253284
0.558737 0.367989 0.199270
-0.960147 0.114215 0.036177
0.082110 -0.707210 0.195454
0.639666 0.481659 0.102301
0.149471 0.789143 -0.254080
-0.585486 0.208160 0.089906
0.695829 0.042327 0.198067
-0.522658 0.728199 0.127799
-0.514432 0.421346 -0.134630
-0.549134 0.591642 0.111118
0.006058 0.958751 -0.028937
-0.285535 -0.759100 0.191057
-0.927196 0.174090 0.224851
-0.259747 0.922328 -0.125446
0.649858 0.102830 -0.026055
-0.164011 -0.797644 0.098526
0.739304 -0.461070 0.021967
-0.279788 0.589096 0.008640
-0.350202 0.893752 -0.230952
-0.817280 0.372266 0.109428
-0.967775 0.055506 -0.149805
0.896283 -0.370545 -0.016581
-0.009929 -0.620122 0.125457
0.632920 -0.297880 0.196049
-0.665386 -0.362378 0.195410
-0.893507 -0.118479 0.111154
0.531976 -0.662469 -0.251898
-0.030404 0.865555 -0.254080
-0.593479 0.120388 -0.228634
-0.690285 0.625079 0.230213
-0.818615 0.237522 -0.253972
0.110744 -0.667849 -0.157801
0.665827 -0.630308 0.230213
0.305157 -0.818211 -0.254080
-0.448376 0.458378 0.034827
-0.942105 -0.234952 -0.028075
0.902238 -0.108106 0.219089
0.814893 0.096905 0.053477
-0.631396 -0.663899 0.229892
0.561485 -0.467753 -0.254080
0.649252 -0.290253 -0.229245
0.469719 0.753589 0.052919
0.540751 -0.663721 0.166125
0.819639 0.361239 0.112145
0.582994 0.694053 0.230213
0.928612 0.262658 -0.016992
-0.681474 -0.695543 -0.153594
0.510961 -0.418297 0.020664
0.541687 0.304844 -0.219685
0.452298 0.473201 -0.031128
-0.625297 -0.257514 -0.181267
-0.455450 -0.682060 0.094101
-0.379731 0.704006 0.103643
-0.466984 0.558260 -0.254063
0.595657 0.615098 0.021967
0.853791 -0.293818 0.139945
0.589178 -0.189538 0.106316
0.761143 -0.443215 -0.254080
-0.607815 0.723662 -0.249802
0.429416 0.442010 0.182071
-0.618456 -0.040156 0.176783
0.008839 0.896518 0.155149
-0.615877 0.048603 0.111796
-0.160399 -0.924083 -0.249518
0.447832 0.664465 0.097443
-0.925199 -0.272087 -0.241542
-0.170193 0.697221 -0.225545
0.488086 -0.837121 -0.205232
0.524727 -0.319927 -0.253161
0.511136 -0.737384 0.022602
-0.051679 0.690472 0.198033
-0.547381 -0.806104 -0.063528
-0.828472 0.489775 -0.144709
-0.968597 -0.034139 -0.214315
-0.899938 0.077693 0.143947
-0.328369 -0.655132 -0.245336
-0.968855 0.020027 -0.040689
0.352425 -0.577498 -0.169319
-0.084304 -0.904513 0.128684
0.597705 0.751604 -0.196398
0.687674 -0.092884 -0.233152
0.580307 -0.484479 0.201156
-0.187787 -0.896999 0.223281
0.882530 -0.005121 -0.254080
0.390922 -0.475934 -0.250374
0.076857 -0.930599 0.230213
0.081969 0.592537 -0.224941
-0.707405 -0.386735 0.114530
0.139480 0.883516 -0.254080
0.403058 0.735073 0.180264
-0.137131 -0.890779 0.046626
-0.639935 -0.632601 0.046218
-0.515027 -0.748599 0.138228
0.577820 -0.573973 0.105828
0.127866 -0.898959 0.134424
0.858966 0.430671 -0.231649
0.142265 0.891866 0.229731
-0.914375 -0.072351 0.230213
-0.665436 -0.577419 -0.253461
0.964248 -0.080774 0.025671
-0.042090 -0.885620 -0.250782
-0.849900 -0.151251 -0.253952
0.588725 -0.313036 -0.077160
0.500518 -0.452483 -0.166264
0.260557 -0.612190 -0.012129
0.575071 -0.783318 0.079702
0.668722 0.689441 -0.224845
-0.129368 -0.621084 0.070509
-0.222572 0.628691 -0.191217
-0.878343 0.039842 0.021967
-0.551070 -0.395714 -0.194015
0.321515 0.736823 0.120374
-0.822976 -0.417018 0.230213
-0.945954 0.204550 -0.035474
0.707297 0.450552 0.181041
0.520721 0.802613 -0.228736
-0.686389 0.080318 -0.234051
0.870005 -0.200808 0.028881
-0.620184 0.695259 0.230213
-0.525431 0.803093 -0.091075
-0.118017 0.885757 0.123862
0.122120 0.794032 0.188240
0.137432 0.586915 0.164702
-0.657839 0.016280 0.015395
0.680904 -0.592761 0.105389
-0.137126 0.948869 -0.049165
0.877868 0.398491 0.172782
-0.497402 0.822878 0.081712
0.497169 -0.551881 -0.253808
-0.026563 -0.778767 0.189968
0.803989 0.416109 0.224082
0.114666 -0.965941 -0.070159
-0.049030 0.883427 0.021967
0.474336 0.835795 0.143329
0.200427 0.767305 0.118717
0.578686 -0.659818 0.021967
-0.220120 0.773789 0.088625
-0.733941 0.626063 0.126068
0.675135 0.586944 0.119153
-0.747050 0.401304 -0.252357
-0.565901 0.395791 -0.233363
0.057284 -0.899120 0.045941
0.041390 0.702841 -0.228868
0.902816 0.091525 0.222857
0.076025 0.616084 0.069295
0.758121 -0.606603 -0.019018
0.331573 0.898914 -0.062439
0.888134 0.375833 -0.165376
-0.836530 -0.496906 -0.021366
-0.400955 0.874729 0.190059
-0.591809 0.671123 0.107885
-0.726609 0.118088 0.196241
0.833717 -0.042316 0.021967
-0.663723 -0.084964 -0.115221
0.936841 0.233060 0.094289
0.790808 0.549745 -0.199235
0.451016 -0.862827 0.155268
-0.518326 -0.621466 0.115567
0.689150 -0.430756 0.090119
-0.795467 0.141706 0.101762
0.409740 -0.707176 0.106060
-0.668150 -0.471372 0.101043
0.842762 -0.295758 0.023012
0.151051 -0.922755 -0.249627
0.290603 -0.561614 0.073483
0.842452 -0.482139 0.172510
-0.725719 -0.517633 0.021967
0.215240 0.863730 0.083793
-0.832855 -0.163023 0.178826
-0.934951 -0.263044 0.200161
-0.180610 0.942892 0.053337
-0.879681 -0.016313 -0.251388
-0.356499 -0.684012 0.190563
-0.778851 -0.583633 0.183189
-0.244627 -0.944230 0.084301
0.927867 -0.279007 -0.216916
-0.810379 0.524684 0.161573
0.519194 -0.334185 0.119499
-0.419276 0.505645 -0.042599
0.889263 -0.387235 -0.158070
-0.015813 -0.617012 -0.245758
0.241814 -0.944311 -0.191683
-0.956321 -0.142966 -0.114559
0.633007 -0.196932 0.198957
-0.753280 0.485375 0.106530
-0.299800 0.913751 0.170067
0.324275 0.569947 -0.050225
-0.615942 0.263045 -0.172259
-0.075545 -0.815267 0.107896
0.777905 -0.581343 0.070064
-0.892156 -0.047048 0.022492
-0.566208 0.336152 -0.035880
-0.868436 -0.134686 0.021967
0.337235 0.809432 -0.254080
-0.151921 0.634240 0.000637
-0.638918 0.164619 -0.027003
-0.655077 0.705873 0.040367
-0.190612 -0.619133 -0.246813
-0.533585 0.629534 0.033441
0.343305 -0.832385 0.052240
0.076758 0.708074 0.197070
0.743450 0.311583 0.089834
-0.901886 -0.012547 0.120781
-0.834697 -0.342841 0.103875
-0.493157 -0.405770 0.046918
0.617782 -0.386241 -0.252815
0.448736 0.678016 -0.252000
0.790412 -0.311322 -0.254080
-0.430980 0.563920 0.194667
-0.903526 -0.351097 -0.035249
-0.290016 -0.817794 -0.253789
0.152164 0.868638 0.021967
0.294503 0.843769 0.123433
-0.402228 -0.812660 0.118446
-0.656593 -0.201114 0.198801
0.965345 0.054433 -0.008009
0.803752 0.180000 0.122375
-0.967887 -0.064290 -0.021201
0.530651 0.290448 0.141559
-0.556560 -0.364013 -0.018570
-0.863182 -0.238867 0.028730
0.308916 0.580972 0.199713
-0.914068 0.304097 -0.167489
0.248817 0.926434 0.002081
-0.484622 0.742724 0.024725
-0.515970 0.388777 0.200480
0.247397 -0.938753 0.204062
0.232314 -0.946526 -0.099421
0.884405 0.227040 0.230213
-0.603923 -0.571126 0.121442
0.658300 -0.711920 -0.085476
0.262187 0.654022 -0.228786
-0.493870 -0.457476 -0.121743
-0.256117 -0.778351 0.097475
-0.489409 -0.842897 0.137761
0.871553 0.173001 -0.254080
-0.647482 0.468696 0.114170
-0.955695 0.139549 -0.153497
-0.420035 -0.843122 -0.249412
-0.518196 0.358483 0.048089
-0.876699 0.191261 0.093024
0.207312 -0.876741 0.051515
0.399818 -0.887502 -0.158813
-0.038718 -0.974306 0.144161
0.563444 -0.720406 0.229256
0.935656 0.105337 -0.251747
0.231137 0.919569 -0.247286
-0.844715 0.339238 0.230213
-0.569610 0.564027 0.191411
-0.393667 -0.837951 0.230213
0.014498 0.957316 -0.129058
0.709480 0.650381 0.162470
0.245143 0.675781 0.193754
-0.563784 -0.476953 0.196390
0.449700 -0.486244 0.004246
-0.267397 -0.616980 -0.094248
-0.750375 0.277656 0.115764
0.314049 -0.640949 0.197607
0.900223 -0.010600 0.128986
0.533255 0.590907 0.193036
-0.302696 0.593429 -0.175417
-0.012070 -0.668036 -0.039281
-0.390754 -0.891216 -0.041570
0.774058 0.111290 -0.254080
-0.437927 0.450967 0.197124
0.890494 -0.090566 0.063371
-0.236823 -0.946049 -0.061655
0.183165 -0.589747 0.166825
-0.802776 -0.239499 0.190875
-0.694559 0.559779 0.061313
0.700512 0.658506 -0.153309
-0.161025 0.922132 -0.252445
0.767008 -0.595969 -0.179604
0.187439 0.585376 -0.220760
-0.655613 -0.719626 -0.228714
0.255507 -0.630611 -0.205868
-0.053418 0.598841 0.146816
0.913946 0.309723 0.192310
0.598271 0.661076 0.092139
-0.832961 0.239368 0.021967
-0.701519 0.528838 -0.253665
0.595476 0.278270 -0.041649
-0.646346 -0.543039 0.186278
-0.617772 0.490501 0.193500
0.680186 -0.045976 0.198849
-0.751720 0.600971 -0.148997
-0.404090 0.872203 -0.053235
0.415917 -0.800100 0.073883
0.290909 0.597192 -0.164918
-0.275918 -0.577822 -0.248688
-0.713898 -0.488989 -0.252483
0.126917 0.950685 -0.003353
0.136098 -0.965235 0.181879
-0.140734 0.649339 -0.166012
-0.370684 -0.560249 -0.093568
0.374797 -0.868005 -0.250783
-0.622938 0.732850 -0.138730
0.396304 -0.494077 0.065643
0.057962 -0.668603 -0.081428
-0.792537 -0.142710 0.110993
0.234763 0.608256 -0.006821
-0.523998 -0.671461 0.179568
0.014039 -0.974592 -0.141658
-0.193719 -0.647280 -0.138618
0.710143 0.429819 0.021967
0.789290 0.251897 0.191558
-0.155913 -0.962582 0.096088
-0.096814 -0.736331 -0.254080
-0.393670 -0.482377 0.174230
-0.258870 0.924886 0.064104
0.775482 0.077054 0.190803
0.418706 -0.837014 0.230213
0.548057 -0.384083 -0.106632
-0.203888 0.867800 0.096008
0.396698 0.874023 0.079308
0.809173 -0.112251 0.192284
-0.506601 0.818497 0.179971
0.623722 0.093210 0.049412
0.966400 -0.036091 -0.175883
-0.968865 0.022191 0.147943
-0.190646 0.568362 0.155684
-0.742511 -0.055382 0.195914
-0.876028 -0.421888 0.130773
-0.561474 -0.795786 -0.195133
0.216422 -0.639124 -0.128933
-0.791457 0.454341 0.230213
0.657403 -0.073451 -0.043324
0.246678 -0.778416 0.107561
0.118641 -0.618863 0.084590
-0.539464 -0.298693 0.129453
0.040338 -0.973992 0.066998
-0.751897 -0.381041 0.186956
0.355288 0.521299 0.034827
0.655468 -0.716112 0.065295
0.810322 -0.001967 0.086390
0.929824 -0.272554 0.149184
-0.610563 -0.759062 0.111531
-0.873957 -0.303970 0.230213
0.300271 -0.926156 0.054005
0.332046 -0.729091 -0.252537
-0.599164 -0.768221 -0.000595
-0.337940 0.562526 -0.039532
0.751133 0.602268 0.023842
0.002829 -0.856721 0.170231
-0.310955 -0.856738 0.161766
0.665382 0.516993 0.172577
-0.246770 -0.943730 0.186437
-0.544434 0.791861 -0.003750
-0.814144 -0.322841 -0.252159
0.519019 0.454253 0.197034
-0.761915 -0.290353 0.088403
-0.415769 -0.453098 -0.239695
-0.927879 0.243492 -0.243667
0.136420 -0.835130 0.184447
0.940209 0.218614 -0.143815
-0.034954 0.654028 -0.040563
-0.045197 0.959546 0.143326
0.319611 0.784982 0.021967
-0.774660 -0.586052 -0.164335
-0.117540 -0.655856 -0.013264
0.540060 0.387813 -0.154322
0.745181 0.382217 0.183252
0.477859 0.758448 0.154002
0.958515 -0.136720 -0.116090
-0.854017 0.294588 0.165563
0.432049 0.505671 -0.166062
0.639183 -0.154285 -0.242602
-0.540129 0.316873 -0.219001
-0.319180 -0.841661 0.037734
0.460086 0.839119 -0.183749
0.704333 0.086116 -0.228719
-0.957922 -0.154329 0.186846
0.625812 -0.739506 -0.188899
0.574561 0.463380 -0.254080
0.198431 0.633105 -0.160283
0.274022 0.859833 0.219897
-0.221110 0.781327 -0.254080
-0.667882 -0.284785 0.195341
-0.800840 -0.406211 0.041530
-0.075779 -0.675513 -0.187749
0.647269 0.403394 0.194720
0.801536 -0.164429 -0.254080
0.808451 -0.392099 0.073647
0.333816 0.516395 -0.251845
0.922777 0.280133 -0.225069
-0.930606 0.262862 0.166045
0.345627 -0.571872 -0.061464
0.836848 -0.019903 0.191561
0.606855 0.275249 -0.160563
0.708683 -0.663293 -0.036741
0.526795 0.611634 0.081452
-0.463827 0.468185 -0.210179
0.864171 0.207869 0.021967
-0.119191 -0.709531 0.194844
0.472474 0.833997 -0.069497
0.280099 0.914684 -0.185182
0.917034 -0.154788 -0.254080
-0.376180 0.811978 0.121166
-0.660493 -0.144926 -0.198895
-0.195379 -0.809609 0.185579
-0.355242 0.738198 -0.254011
-0.398539 -0.684745 -0.253490
0.192037 -0.790879 -0.253863
0.569378 -0.788960 0.196219
-0.393105 0.478855 0.083870
-0.388386 -0.752993 0.184349
-0.694514 -0.682560 -0.047956
0.172169 0.631784 -0.047472
0.466723 -0.653683 0.193198
0.715660 0.269422 -0.254080
-0.714297 -0.661764 0.190667
0.384570 0.749879 -0.254080
-0.323591 0.824562 0.022636
0.813547 0.516007 0.099752
-0.439576 0.855484 0.127477
0.438804 -0.714063 0.024205
0.193048 -0.661594 -0.236064
-0.522823 -0.670610 -0.253889
-0.026941 -0.900842 0.050788
-0.791899 0.429374 0.152351
-0.429565 -0.871405 -0.125775
-0.791710 -0.563959 -0.038103
-0.265365 -0.746178 -0.254080
0.089146 0.633526 0.200212
0.001026 0.618107 0.078456
0.694563 -0.679819 0.150544
0.959371 0.116399 0.107398
-0.599513 -0.197513 -0.219142
0.226622 0.571247 0.092811
0.615501 0.315415 0.197917
0.519501 0.621935 -0.254080
-0.866578 0.065059 -0.253964
-0.008873 -0.818084 -0.252186
0.689468 0.206368 0.196890
-0.433414 -0.544213 0.196742
-0.166508 -0.892315 0.122087
0.900472 -0.359416 0.132114
-0.592490 0.631170 -0.253696
-0.672212 -0.003322 -0.161903
-0.415675 0.867107 0.034581
0.415221 -0.567030 -0.232217
0.567939 0.241871 0.093695
0.107591 0.654670 -0.159078
0.774290 -0.516868 -0.254080
-0.756514 -0.503687 0.164655
-0.333289 -0.913812 -0.141413
0.894282 -0.114992 0.142709
0.739487 -0.571737 0.230213
0.662795 -0.558521 -0.254080
-0.334775 0.506649 -0.252783
-0.151862 0.866503 0.021967
-0.120986 -0.963515 -0.177506
0.322522 -0.918748 0.142461
-0.889026 0.163403 0.161636
0.870450 -0.224818 0.099463
0.607145 -0.209862 0.023158
0.403079 0.616814 0.195882
0.616531 -0.012750 0.175961
0.967105 -0.014548 0.086571
0.573843 -0.276981 -0.217343
-0.620583 0.230316 0.199787
-0.444456 0.848302 -0.221089
-0.742772 0.609499 -0.235801
-0.815955 0.514432 0.033323
0.661264 0.364048 -0.254080
-0.138441 0.941247 0.210309
-0.286973 -0.569390 0.057377
0.727794 -0.271632 -0.254080
-0.636532 0.193139 -0.101382
0.743841 0.502193 0.142627
-0.254375 -0.866149 0.068012
0.523626 0.350463 0.040245
0.469283 -0.710076 -0.253760
-0.575033 -0.242976 0.096714
0.740723 -0.417209 0.168359
-0.665535 0.379343 0.194651
-0.405206 -0.539800 -0.208742
-0.966445 -0.083507 0.052242
-0.508684 -0.829294 -0.121667
-0.393446 -0.611382 -0.226422
0.857790 -0.438734 -0.240560
-0.120959 0.767457 -0.254080
-0.312749 0.533710 0.082963
0.468736 -0.851958 -0.004608
0.338304 -0.910595 -0.125872
-0.892549 0.370250 -0.191210
-0.002495 0.959794 0.044043
-0.589040 0.569369 0.053125
-0.000935 0.826968 0.021967
0.318533 -0.736617 0.193278
0.690199 0.566013 -0.254080
0.528792 0.715801 0.073741
-0.266193 0.799467 0.172589
0.471540 0.418709 0.036756
-0.845686 0.299867 0.093210
0.173105 -0.771656 0.188963
-0.670674 -0.611560 0.143605
0.814067 0.515171 -0.139020
0.588475 0.654030 -0.254080
-0.774350 0.184661 0.193286
-0.735296 0.397317 0.185292
-0.684365 0.007760 -0.235932
-0.548861 0.700629 0.057318
-0.137172 0.595498 0.109847
-0.654544 0.703618 -0.198066
0.749905 -0.290871 0.122364
-0.519243 -0.737515 0.061536
-0.746145 0.236527 -0.253926
0.843961 0.292329 0.074475
0.784557 0.426155 0.084973
0.672335 -0.017319 -0.199946
0.495645 0.822075 0.055179
0.567376 0.694288 0.148627
-0.841984 -0.487628 0.078261
-0.344570 -0.866952 -0.253202
0.010414 -0.638140 0.054673
0.098305 -0.830945 0.123254
-0.770499 -0.466317 0.067555
-0.875309 0.409354 0.131033
-0.908054 0.090972 0.230213
0.865892 -0.293200 -0.254080
0.604735 -0.606566 0.164317
0.583918 0.173846 0.168658
0.474367 0.745404 -0.250426
0.620529 0.127339 -0.217019
-0.656774 0.151623 -0.205727
-0.537784 -0.552733 -0.253975
0.601058 0.750799 0.072271
-0.029042 0.956258 -0.186265
0.528891 -0.812479 -0.151476
-0.524767 -0.809059 0.210554
-0.036363 0.780271 -0.254080
0.945896 -0.038597 -0.250000
0.788736 -0.169181 0.101022
0.289621 0.915614 0.130657
0.089453 -0.969208 -0.172821
0.644306 -0.625985 0.047861
-0.065509 0.659010 -0.208654
-0.692448 0.667213 -0.035454
0.304879 0.720676 0.188731
-0.681552 -0.260641 -0.234390
0.550067 -0.394030 -0.198076
-0.385350 0.687836 0.193415
0.386980 0.877506 0.006919
0.565919 -0.263110 0.089666
-0.155656 -0.826099 0.022748
0.829818 -0.503483 -0.110480
-0.713137 0.544877 0.128566
-0.496566 -0.837641 0.025710
0.816626 0.377888 -0.254080
0.183492 0.717597 -0.254080
-0.921650 -0.307628 0.145758
0.013599 0.662261 0.198366
0.559417 0.344989 -0.044760
-0.962999 0.101877 0.176940
-0.064915 0.956832 -0.032332
0.283506 -0.857328 0.081311
0.596942 -0.633950 -0.254016
0.882561 0.388133 0.093326
0.943844 0.203024 -0.065051
0.162331 0.800777 0.049490
-0.957670 0.112197 -0.226204
0.781099 0.563294 0.182211
-0.882826 -0.190425 0.124997
-0.460051 -0.778199 0.085227
0.388070 0.465563 0.129946
-0.723614 -0.222964 0.195372
-0.738375 0.495859 0.026658
-0.837388 -0.495527 0.154653
-0.622178 0.735604 0.172494
0.718378 -0.553059 0.158741
-0.320090 -0.786027 0.135983
-0.646224 0.622688 0.130763
0.645528 -0.148094 -0.048738
-0.606842 -0.042044 -0.224588
0.891214 0.143075 0.169376
-0.375880 0.743605 0.021967
0.383961 0.800565 0.053103
0.654038 -0.491907 0.079500
-0.619116 0.214115 0.028592
0.798410 -0.552981 0.179228
0.943545 -0.218199 -0.077820
0.819896 0.159948 0.187448
-0.550019 0.645459 0.157582
0.062147 0.888959 0.095353
0.200553 -0.953932 0.154687
0.450935 -0.457728 -0.216550
-0.763685 0.469001 -0.253087
0.760111 0.239149 0.118587
-0.419490 0.520917 -0.199762
-0.272726 -0.548315 0.154998
0.131036 -0.892008 0.055347
0.907017 0.328132 -0.047238
-0.643287 -0.648564 -0.253596
-0.774315 -0.589279 0.103514
0.486233 0.439876 -0.210600
0.073098 0.840973 0.150574
-0.811954 0.107767 -0.253834
-0.842800 0.000437 0.184280
0.945913 0.194150 0.037715
0.523612 -0.819933 0.154567
-0.761917 -0.250017 -0.253913
-0.483160 -0.411329 0.192388
0.339040 0.836561 0.223995
-0.290832 -0.929940 0.134998
-0.387891 0.817039 0.228438
0.013549 -0.955965 0.219180
0.963763 0.071809 0.197114
-0.118977 0.953477 0.137036
0.703755 -0.556456 0.046028
-0.923755 -0.203892 -0.251903
-0.830299 -0.370938 0.178031
-0.580305 -0.689072 0.053954
-0.521991 -0.458092 -0.234543
-0.709942 0.649723 0.034678
-0.831092 -0.014183 0.036126
0.881937 -0.215832 0.201722
0.787861 -0.027945 -0.254080
-0.171238 0.634481 -0.068956
-0.570656 -0.594745 0.066270
0.081078 -0.769541 -0.254080
0.606020 0.198287 0.023952
-0.934763 0.248957 -0.106179
-0.746706 -0.543864 0.230213
-0.197929 0.937653 -0.100721
0.787215 0.303897 0.141689
-0.228221 0.864789 -0.254080
0.402167 -0.815898 0.163695
-0.621458 -0.253340 -0.113249
0.770654 -0.180506 0.193044
-0.327156 0.541363 0.201034
0.298092 0.534526 0.104701
0.378838 0.702717 0.104888
-0.647942 -0.097218 0.199705
0.230333 0.866941 0.157999
0.335623 0.569452 -0.117401
0.653822 0.111217 -0.093523
-0.005957 0.902611 0.225159
0.557959 -0.712436 0.121672
0.168074 0.946199 0.193566
-0.462315 -0.481996 -0.051188
0.125369 0.952320 0.114326
-0.479787 0.766550 0.223221
0.964108 -0.082192 -0.060635
0.821898 0.502578 0.032396
-0.461219 0.701135 0.182425
-0.898407 -0.369346 0.094284
-0.951727 0.178873 -0.097881
0.844212 -0.339542 0.212339
0.853134 0.255173 -0.254080
-0.782663 0.560158 -0.021234
-0.822757 0.338585 0.021967
-0.743478 -0.351594 0.067382
0.494727 0.388820 0.200223
0.890807 0.100905 0.103004
-0.523043 0.324195 0.106412
-0.220810 -0.676929 -0.230441
0.796389 -0.443879 0.224135
0.903113 0.032940 0.180105
-0.300392 0.745760 0.119835
-0.765489 -0.029066 -0.254080
-0.892204 0.087365 0.067358
-0.181296 -0.644383 -0.055842
-0.755626 0.599787 0.194782
-0.554437 0.333774 0.200457
0.410047 0.869179 0.174094
0.042025 -0.638341 0.197826
0.748393 -0.617689 -0.084345
-0.049536 -0.973952 -0.120956
-0.083052 -0.938347 -0.253177
0.057146 -0.909285 0.165718
-0.799955 -0.292127 0.143253
0.900342 -0.090135 -0.254080
0.072851 0.887850 -0.254080
-0.558492 0.706958 0.182144
0.195630 -0.884834 0.116745
-0.294750 0.910983 -0.185538
-0.304785 0.652631 -0.247644
0.450339 0.414931 0.106317
-0.063934 -0.853399 0.175886
-0.480252 0.633740 0.122330
-0.397026 -0.601510 0.197307
-0.545988 -0.807434 0.135798
-0.387124 -0.893313 0.043329
0.964169 0.067677 0.057146
0.878945 0.137069 0.023203
-0.322692 0.837617 0.157985
-0.889973 -0.391110 -0.189378
0.720497 -0.372349 0.093152
0.579075 0.251883 -0.248270
0.135037 0.598153 0.099389
0.585533 0.763530 0.197866
-0.874267 0.227890 0.157434
-0.816195 -0.212509 0.131976
-0.525891 -0.799804 -0.250755
-0.450129 -0.486253 0.022486
0.287269 0.838859 0.042504
-0.900405 0.351383 -0.025881
-0.475717 0.459973 -0.095542
0.006134 -0.681036 -0.204058
0.277158 -0.895039 -0.249739
-0.608734 -0.084146 0.128488
-0.666733 0.049845 -0.123118
-0.953066 -0.173018 -0.048116
-0.628499 0.729944 0.103399
0.184214 -0.639548 -0.013402
-0.014331 0.889720 0.077656
-0.578595 0.769209 0.124560
-0.067932 -0.616626 0.169714
-0.585952 -0.340006 -0.191435
0.010452 -0.905914 0.104557
-0.893273 0.369907 0.191455
-0.647758 -0.722004 0.204215
0.639094 -0.190562 -0.098303
0.525317 -0.618262 0.121576
-0.923028 -0.297921 -0.075224
-0.762521 0.482851 0.179024
-0.681740 -0.580673 0.021967
0.028052 -0.913524 -0.250049
-0.263547 0.706306 0.190954
-0.168695 0.825873 0.173136
0.709116 -0.512586 -0.254080
0.885872 -0.394719 0.054710
0.233280 0.931244 0.101980
-0.019910 0.840121 0.175424
0.384851 -0.551258 -0.112417
0.408049 -0.510399 0.200511
0.377466 0.557128 0.199009
-0.455495 -0.712780 0.187079
-0.283797 -0.930310 -0.010894
-0.404797 -0.772522 -0.250974
-0.132312 -0.964356 -0.014427
0.658984 0.208970 -0.233075
0.606761 -0.127512 0.099893
0.782503 -0.447422 0.103975
0.777203 0.413533 0.021967
0.785966 0.047725 -0.254080
0.505822 -0.491895 -0.231335
-0.965551 0.068555 0.103037
0.657427 0.034718 -0.076911
-0.652024 -0.723553 0.077022
0.591146 -0.269805 0.005342
0.963603 0.073421 -0.104473
-0.164669 -0.660897 -0.203057
0.062397 0.955156 -0.176944
0.616932 0.529552 0.065779
0.774591 0.572375 -0.028119
-0.127049 -0.917136 0.230213
0.934794 -0.255731 0.087191
-0.771627 -0.186502 -0.254080
-0.070355 0.830476 0.129511
0.807226 -0.233759 0.130367
0.085023 -0.971203 0.013038
0.620720 -0.249236 -0.117082
0.956986 -0.145979 0.119466
0.899465 0.161639 0.230213
0.588234 0.759383 -0.133529
-0.452690 -0.855028 0.207371
0.241682 -0.633072 0.199397
0.017378 0.657021 -0.077218
-0.537220 0.385084 -0.077688
0.175880 0.759716 0.192947
-0.654357 0.115705 -0.076745
0.877146 0.400085 0.030871
-0.771242 -0.180574 0.193646
-0.506019 0.567791 0.190556
-0.815670 -0.183669 0.023825
0.713207 0.537367 0.099278
0.617950 0.048317 0.094175
-0.945969 0.204486 0.056593
-0.099456 0.830379 0.021967
-0.212870 0.617495 -0.006769
-0.496953 -0.545559 0.196446
-0.543242 -0.324947 -0.249991
-0.474959 0.696951 -0.253754
-0.742152 -0.564512 -0.252004
-0.598770 0.103814 0.147640
0.686847 0.353977 0.193860
0.382346 0.530746 -0.021611
-0.255606 -0.820673 0.161814
0.805348 -0.218388 0.021967
-0.826605 0.073781 0.034750
0.135500 -0.647706 -0.212192
-0.537937 -0.326566 0.185999
-0.472152 0.758630 0.105509
-0.061515 0.595732 -0.224855
-0.112780 0.705277 0.194151
-0.732698 0.341279 0.104673
-0.238565 -0.945644 -0.213776
0.004767 -0.724348 0.194422
0.967253 -0.003848 0.015678
0.647286 0.609954 0.057591
0.330966 0.898310 -0.129836
0.934868 0.241521 0.183859
-0.959175 -0.141289 0.108838
-0.825104 0.175050 -0.254080
-0.596705 -0.267356 0.043059
0.688719 -0.231935 -0.225123
-0.814605 -0.015764 0.120014
0.715243 0.603503 0.226788
0.935984 -0.213668 -0.244085
-0.637762 -0.100070 0.052113
0.632671 -0.041872 0.040659
0.029431 0.960122 0.155587
-0.565718 0.217184 0.148580
0.794775 -0.280465 0.181637
-0.652399 -0.134596 -0.063222
0.650265 0.684153 0.218491
-0.394245 -0.811103 0.056572
-0.245375 0.862997 0.155734
-0.068439 0.750485 0.195052
0.666681 -0.705238 -0.017763
0.965684 -0.057968 0.191204
0.610473 0.742711 -0.043229
0.184742 0.940196 -0.083658
0.837651 0.477228 -0.186645
0.188897 -0.815549 0.031094
0.438984 -0.846235 -0.251916
-0.755913 0.262276 0.193069
-0.608601 0.664187 0.177682
-0.186323 -0.793948 -0.253234
0.685286 -0.487416 0.193419
-0.067602 0.894404 0.159086
0.290853 -0.776008 0.054587
0.686696 -0.328500 0.191009
-0.599698 0.149179 0.105283
-0.844379 -0.483147 -0.150620
-0.746818 0.350441 0.042095
-0.901386 -0.106874 0.180411
0.533361 0.528971 0.195225
0.573437 0.341564 -0.178564
0.087476 0.835053 0.021967
0.575419 -0.546226 0.201156
-0.164804 0.804797 0.038152
-0.446835 0.688940 0.123449
-0.384240 0.751983 0.169187
0.766891 0.474529 0.192946
0.621672 -0.522146 0.122646
0.778226 -0.383800 -0.254080
-0.325613 0.903648 0.063860
0.617627 -0.690700 0.230213
0.718590 -0.651672 -0.188302
-0.684889 -0.033300 0.198765
0.748129 0.533515 -0.254080
-0.575579 -0.202082 0.152757
0.326484 0.777116 0.166773
0.559795 0.780840 0.023762
0.868927 -0.432116 -0.033487
0.310050 -0.598493 -0.208838
-0.626463 0.266363 -0.236194
0.881473 -0.136156 0.022944
-0.426945 -0.876005 0.132567
-0.305468 0.909144 -0.068727
0.196507 0.817678 0.172626
-0.841741 -0.090290 -0.253855
0.618316 0.553346 0.188239
-0.253088 0.582589 0.200669
-0.777270 0.233492 0.082654
0.442478 0.534499 -0.231751
-0.071259 -0.666243 -0.064046
-0.941738 0.222633 0.121181
-0.705555 0.564544 0.192642
0.480772 -0.707726 0.168007
0.532161 0.562040 -0.254080
0.010650 0.922073 -0.254080
-0.688935 -0.433111 -0.252228
-0.828627 -0.384708 -0.249986
0.535250 -0.599648 -0.252780
-0.878967 -0.182614 0.058353
0.611961 0.657681 0.168622
0.542344 -0.734520 -0.253917
-0.520536 0.804250 -0.229599
0.238805 -0.568051 -0.223723
0.664398 -0.618872 0.167097
0.967311 -0.008264 -0.121659
-0.678898 0.260768 0.196605
0.144638 0.946247 -0.132283
-0.763547 -0.361610 -0.251523
0.058223 0.957834 0.039287
0.428854 -0.739618 0.174509
-0.070929 0.647251 0.008089
0.859509 0.436336 0.128830
0.431980 0.788478 0.181931
0.336303 0.823930 0.082667
0.264047 -0.938103 -0.003893
0.904567 0.334643 0.122205
0.848302 -0.471195 0.046828
-0.851094 0.452747 0.039295
0.911315 -0.330606 0.184255
-0.586512 -0.623150 0.147037
0.249103 0.596795 -0.243523
0.066256 0.956432 -0.034494
-0.734168 0.625362 -0.072816
0.659709 0.024881 -0.241414
0.885767 -0.145006 0.090879
-0.497896 -0.695714 0.021967
0.646377 0.712164 0.082716
-0.172355 -0.959867 -0.072347
-0.824942 0.493824 -0.238709
0.517799 -0.469450 0.201156
0.169085 -0.958867 0.103370
-0.324323 -0.919690 0.187495
0.203869 0.911289 0.227367
0.529772 0.727693 0.186943
-0.080606 0.821297 -0.254080
0.598095 -0.100324 -0.230604
0.532300 -0.318514 0.176269
0.234516 -0.570025 0.137178
0.393934 0.871218 -0.240040
-0.035952 0.628174 0.201120
-0.617942 -0.253044 -0.240851
-0.700551 0.435118 0.040710
0.325048 -0.849579 0.158694
0.752073 0.601123 -0.171167
-0.959473 -0.119502 -0.191477
-0.187762 -0.607303 0.066121
0.232038 -0.886476 0.229534
-0.851812 -0.462860 0.202980
0.786198 0.013523 0.197748
-0.826242 -0.079132 0.122940
0.603342 -0.349894 0.201156
-0.700742 -0.676169 0.022262
0.466520 0.774820 0.230213
-0.071519 -0.620126 0.109943
-0.253943 0.878491 0.230213
0.324356 -0.530550 0.112016
-0.816845 0.389098 0.189017
-0.555537 -0.722052 0.173454
0.294605 0.861954 -0.254080
0.564842 -0.345367 -0.016573
-0.393521 0.611281 0.196423
0.543899 0.640181 0.139017
-0.926346 0.274071 0.094975
-0.685622 -0.515020 0.151066
0.472571 -0.768581 0.084462
-0.392795 -0.727071 0.062001
0.388735 0.875955 -0.052623
-0.213745 -0.577600 0.163564
0.890548 -0.384397 -0.098625
-0.807954 -0.259927 0.021967
0.822931 0.164991 0.021967
-0.599758 0.287246 -0.112573
-0.214307 0.810397 0.135109
0.460903 -0.484652 -0.086120
-0.788795 -0.124043 0.188375
0.934490 0.023683 -0.254080
-0.598426 0.534343 0.101608
0.094822 0.894903 0.194231
-0.071592 -0.965713 0.207082
-0.536356 -0.408074 -0.137974
0.309355 -0.861200 0.216792
-0.879648 -0.245108 0.227089
0.836815 0.043608 0.021967
0.956096 0.137473 0.051393
-0.682272 -0.590900 0.080256
0.771965 0.287648 -0.254080
-0.831937 0.164824 0.142208
0.567015 0.682506 0.036779
0.733157 0.624171 -0.117884
-0.682002 -0.475261 0.043667
-0.598760 -0.162167 0.109653
-0.634160 -0.188164 0.003174
0.653871 -0.159708 -0.185317
0.225832 -0.822466 0.140708
0.451328 0.706979 0.021967
-0.805325 0.393170 -0.250247
0.351709 -0.533426 0.198969
0.397925 0.626939 -0.253565
0.769402 0.294440 0.039859
0.524788 0.391068 -0.211052
0.050444 -0.675906 -0.165179
-0.451133 -0.572238 -0.226024
0.544027 0.793081 0.168499
0.655242 -0.109996 0.199744
-0.168894 0.776263 0.117371
-0.464812 0.616981 -0.254080
-0.405093 0.870101 -0.171940
0.188979 -0.956630 -0.220203
0.738534 -0.072449 -0.254080
-0.134912 0.780042 0.187834
0.560731 -0.704170 0.063717
-0.561719 0.759851 -0.249447
-0.835309 0.484943 0.196692
-0.943154 -0.230451 -0.203476
0.636801 0.238792 0.198790
0.702843 0.563737 0.185677
0.684554 0.484979 0.021967
0.112703 -0.658299 -0.039993
-0.628707 -0.316947 -0.231731
-0.651326 0.559019 0.021967
-0.291894 0.596206 -0.239492
0.843085 0.000146 0.134892
-0.347704 -0.910609 -0.007142
0.761597 -0.306720 0.062225
-0.352361 -0.807602 -0.251018
0.411059 -0.458764 0.167088
-0.863159 -0.448012 -0.004284
-0.664253 0.403550 -0.253936
0.247917 0.735396 0.189078
-0.522933 -0.751664 0.221138
0.174308 0.635740 -0.105458
0.716160 0.106539 0.194276
0.417867 0.504037 0.199921
0.034728 -0.729787 -0.225599
0.356462 -0.541991 -0.215146
-0.819555 0.295612 -0.253355
-0.115679 0.881193 0.064975
-0.659611 -0.035203 -0.011433
-0.969238 -0.002499 -0.152267
-0.011492 0.679744 -0.235088
0.266582 -0.937334 0.140117
-0.421792 0.442095 0.118414
0.964278 -0.080471 -0.138564
-0.694907 -0.111491 -0.231339
-0.961980 -0.114525 -0.049359
-0.573008 0.771249 -0.099528
-0.209781 0.938435 0.197634
0.890560 -0.022226 0.022785
0.211600 0.768069 -0.254080
0.927840 -0.279096 -0.159146
0.117781 0.949102 -0.228501
-0.626079 0.090595 0.196760
0.140232 0.593486 -0.252955
0.525807 -0.745270 0.193275
0.958227 0.124571 0.164460
0.018865 0.719389 0.193690
-0.519791 -0.354989 0.080584
0.229060 -0.706731 0.192862
0.285558 -0.929502 -0.138797
-0.966314 0.064333 0.008255
0.760358 0.356281 0.134279
-0.541323 0.542774 -0.253961
-0.629270 -0.523840 0.095850
0.094691 0.674183 -0.234776
-0.631517 -0.433223 -0.253581
0.730267 -0.089221 0.196237
0.396908 0.678042 0.193508
0.687512 0.480484 0.133926
-0.130098 -0.664564 -0.157445
0.810499 -0.400816 0.141873
0.042121 0.800768 0.093170
0.465080 -0.783890 -0.253598
-0.346471 -0.881764 0.227868
0.207722 0.854837 0.021967
-0.471895 -0.599702 0.191259
0.362715 -0.838571 0.204760
0.618662 0.538934 0.122178
-0.853239 -0.366686 0.230213
0.541026 0.312885 0.193089
-0.670528 0.128671 0.198830
-0.556359 -0.713454 0.102581
0.358947 -0.735598 0.098908
-0.324334 -0.637121 0.195183
-0.888322 0.380454 0.076176
-0.026804 -0.947026 -0.249304
-0.460419 0.835431 0.208780
-0.377821 -0.898119 -0.109486
0.464180 -0.399575 0.163642
0.702230 -0.468792 0.130467
0.582391 -0.170202 0.159472
-0.128512 -0.643850 0.200017
0.786984 -0.449641 0.161136
0.657735 -0.615251 -0.254080
-0.563689 0.264725 -0.220026
0.824111 -0.512729 0.128146
-0.224890 -0.572085 -0.224281
-0.010608 -0.910779 0.159013
0.364218 -0.606634 -0.231094
0.746774 0.607579 0.172832
0.755687 -0.609893 0.113849
-0.504088 0.331525 0.159438
0.633222 -0.726072 -0.243545
-0.464978 0.464396 -0.040031
0.473933 -0.777082 0.173761
0.801135 -0.098268 0.097631
0.819342 -0.243017 -0.254080
0.280915 0.916147 -0.043705
0.702969 0.402435 -0.254080
0.292584 0.757816 0.063729
0.712026 -0.378486 0.199058
-0.003222 -0.840519 0.022134
-0.884038 -0.404208 -0.036052
-0.866217 0.426429 -0.163798
0.393055 0.687738 -0.253981
0.841548 0.317052 0.150264
0.793537 -0.559645 0.120314
-0.151904 -0.837826 0.136386
-0.872330 0.255080 -0.253881
-0.929426 -0.278906 -0.154758
0.856680 0.441628 -0.027075
0.703472 -0.663789 0.204721
-0.652798 -0.722934 0.133419
-0.676826 0.512105 0.156657
-0.725595 -0.061647 -0.231100
0.111858 -0.663125 -0.100370
-0.105437 0.895689 0.213895
0.016537 -0.974702 0.015910
0.485957 0.830049 0.198174
-0.580210 0.446204 -0.254056
-0.893179 -0.087184 0.062013
-0.762880 -0.367790 0.133326
0.618772 0.241056 -0.117453
0.495816 -0.675866 0.124116
-0.438430 -0.868149 -0.012786
0.907621 -0.045611 0.226938
0.403474 0.867597 -0.184833
-0.500928 -0.676006 0.126448
0.293800 -0.796711 0.131949
0.004832 -0.974808 -0.209987
0.151844 0.877538 0.084160
-0.343703 0.891324 0.206792
0.423600 0.426132 -0.232010
-0.270333 -0.676011 0.196973
-0.412244 -0.528105 -0.074073
0.137029 -0.691225 0.196032
-0.614550 -0.585504 0.021967
-0.582395 0.669776 0.024822
-0.502398 -0.455296 -0.182226
0.869109 -0.431715 0.151364
0.433745 -0.510460 -0.240555
0.519341 0.728792 0.127254
0.741456 -0.505920 0.055154
0.437646 -0.783553 0.025193
-0.844604 0.070658 0.141982
0.670404 0.641951 -0.254080
0.639596 0.091435 0.200102
-0.322615 0.509767 0.143934
-0.522446 0.418802 -0.189746
0.844196 -0.308992 0.087187
-0.417222 0.701923 0.056649
0.908529 0.324115 -0.161646
-0.189426 -0.954946 0.202000
0.697872 -0.419749 -0.254080
-0.725686 0.046147 -0.253764
-0.012852 -0.634106 0.189588
0.902427 0.220119 -0.254080
0.507709 -0.365799 -0.220516
0.638005 0.414546 -0.254080
-0.050906 0.815139 0.051346
-0.637968 0.642930 0.224434
-0.437011 -0.434742 0.135907
-0.584136 -0.779627 -0.147089
-0.914103 0.311141 0.009778
-0.415083 0.865562 -0.107213
0.647027 0.051355 -0.000689
0.280675 -0.615641 -0.158752
0.658011 -0.712058 -0.140945
0.714591 -0.658072 0.103627
0.516546 0.413334 -0.111089
0.099420 -0.640678 0.034827
0.833007 0.306168 0.021967
-0.217348 -0.645261 0.197989
-0.480624 0.830898 -0.074150
-0.311807 -0.849775 0.091997
-0.710658 -0.567563 0.166566
-0.752831 -0.500148 0.107602
-0.521217 -0.737565 -0.253624
0.592324 0.317999 -0.237630
0.793656 0.516917 0.216264
0.769834 -0.119137 -0.254080
0.786373 -0.568842 -0.223689
0.156401 -0.960036 0.024417
-0.382288 -0.514568 0.041213
-0.463909 0.417372 0.068421
-0.904623 0.027510 0.166472
-0.203752 0.714436 0.194246
0.361694 0.591529 -0.231701
0.157414 -0.868061 -0.250746
0.959964 0.110374 -0.063806
0.162027 -0.656096 -0.141589
-0.337518 0.824563 0.084050
-0.330705 -0.561385 -0.245793
0.814836 -0.527154 -0.063112
0.823955 -0.347023 0.029502
0.576126 -0.783247 0.134666
-0.126432 0.951805 0.056396
-0.342562 -0.912740 0.128150
0.462003 0.480372 -0.238725
0.172412 0.882410 0.184804
-0.849959 0.457623 0.151388
0.111297 -0.905877 0.186297
0.606949 0.117845 0.095492
0.277318 0.913044 0.206893
-0.719500 -0.656180 -0.140973
0.115032 0.640546 0.006842
-0.854150 0.445827 -0.070600
-0.179726 -0.594151 0.123888
-0.897235 0.036218 0.086376
-0.411849 -0.813194 0.173327
-0.948854 -0.206007 0.171037
-0.559475 0.491864 0.195628
0.694277 -0.590630 0.205384
-0.595725 0.596419 0.139514
0.446259 -0.602959 0.195789
-0.127868 -0.965478 0.049156
0.529375 -0.815609 0.100297
0.881607 -0.191561 0.141734
0.445301 0.850593 0.088342
0.598169 0.753377 0.145664
-0.838607 -0.493565 -0.097318
-0.773624 -0.588291 -0.083519
-0.432913 0.423554 -0.243828
0.319971 -0.585048 0.199886
0.672757 0.438627 0.096543
-0.131197 -0.901352 0.162719
0.506733 -0.826985 -0.098107
0.498513 0.819537 -0.000236
-0.719941 -0.461206 0.145817
-0.801374 0.287517 0.153401
-0.250807 0.668954 -0.226448
-0.274773 -0.670736 -0.227114
0.451162 0.479943 -0.085114
0.762131 -0.493813 0.180918
0.576631 -0.781599 -0.031526
-0.034725 -0.676000 -0.239323
-0.967900 -0.063728 -0.168912
0.022131 0.952149 0.208819
-0.656682 0.703443 -0.076683
-0.456599 -0.803162 -0.250779
-0.595492 0.277142 -0.004588
0.097169 0.839436 -0.254080
0.806212 0.073981 0.120267
0.234929 -0.932197 -0.244017
-0.508632 0.439419 -0.237863
-0.306945 0.585097 -0.108168
-0.107714 -0.968439 0.133576
0.202148 0.668828 -0.230276
-0.301222 -0.604187 -0.134495
-0.542288 0.794771 0.092653
0.425523 0.757168 0.021967
-0.024021 0.644323 0.034827
0.619484 -0.749108 0.088368
0.605108 -0.676176 0.155175
-0.701017 0.187284 -0.254080
-0.266455 0.921899 0.007396
-0.451275 -0.859174 -0.173573
-0.189389 0.635366 -0.147494
-0.883499 0.213303 0.222319
0.502531 0.723790 0.021967
0.959259 0.117530 -0.204871
0.631643 0.033962 0.199570
-0.645080 0.616773 0.072927
0.385740 -0.732631 -0.253823
-0.933961 -0.267048 0.087888
0.611999 -0.753733 -0.069691
-0.258843 0.565438 0.069375
0.676028 0.311622 -0.254080
-0.701118 0.327270 -0.253175
0.232168 0.928329 -0.165168
-0.588140 0.276836 0.200339
-0.639462 0.045475 0.056475
0.345778 0.895768 0.115469
0.951523 0.165173 -0.163926
-0.352013 -0.564304 -0.002476
-0.469075 -0.416507 0.093599
0.678710 0.682078 0.115616
-0.477565 0.760703 0.158792
0.922630 -0.296270 0.022392
0.686274 0.673806 -0.001401
-0.952367 0.168845 -0.222016
-0.845358 -0.303429 0.052210
-0.880283 -0.412497 -0.133787
-0.340401 0.772088 0.143822
-0.152884 0.604798 0.059535
0.139738 -0.600905 0.137623
-0.966563 -0.082303 0.105729
-0.043797 0.657196 -0.093221
-0.700770 0.657595 -0.156934
0.309996 -0.589098 -0.025559
-0.130595 0.949325 -0.102196
0.329427 -0.914521 0.010782
0.879384 0.193329 0.155686
0.201050 0.937320 -0.019077
0.952562 -0.172778 -0.214091
0.333460 0.734611 -0.254080
0.219682 -0.885144 0.177669
0.382655 -0.895552 0.025334
-0.553568 0.594716 -0.253838
-0.937696 -0.008682 -0.249525
-0.954772 0.160432 0.010151
-0.470088 -0.452573 -0.245303
-0.888458 -0.187535 0.178614
-0.184504 -0.957507 -0.215785
-0.651404 -0.413523 0.190527
0.933274 -0.261181 -0.107496
0.347063 -0.908073 -0.068387
-0.428071 0.785347 0.118781
-0.065186 -0.973350 -0.065314
0.600554 -0.318428 -0.237354
-0.523641 -0.392770 -0.244631
-0.800483 0.230910 0.191465
-0.281920 0.765335 -0.254080
0.888081 0.353897 0.208585
-0.213481 -0.799176 0.121326
-0.412580 -0.705530 0.114828
-0.794028 0.412511 0.083819
0.896356 0.356459 -0.090822
-0.804901 0.065272 0.188697
0.297444 0.575025 -0.243386
-0.171572 0.573647 -0.224969
0.107739 0.953418 0.057645
-0.471718 -0.777277 0.148715
0.562945 0.772981 -0.240737
0.561981 0.218686 0.150970
-0.674052 0.281048 -0.254019
-0.553956 0.787571 0.174180
0.646560 0.711692 -0.068124
-0.279885 0.843039 0.054499
0.142807 -0.616304 0.188085
0.940559 -0.231005 0.026477
-0.590068 -0.409096 -0.228430
-0.009836 0.958127 -0.079217
0.440536 0.850196 -0.136042
0.446306 -0.689214 0.072578
-0.898760 0.315463 0.214544
-0.265572 -0.611978 -0.023785
-0.407901 0.509511 0.199354
0.634930 0.630019 0.113525
0.733149 0.355998 0.063710
-0.923709 0.277722 -0.031508
0.321762 0.837988 0.167951
0.587750 -0.154018 -0.231985
-0.100820 0.951399 -0.195494
0.291424 -0.910496 0.218645
-0.306458 -0.769414 0.057526
0.959668 -0.127274 0.049533
-0.359155 -0.837583 0.169581
0.149042 -0.624220 0.038998
0.525779 -0.350758 0.062738
-0.680343 0.588378 0.153366
0.641872 -0.510360 -0.254080
-0.612955 -0.576060 -0.253788
0.771511 0.427550 -0.254080
0.208081 -0.645905 -0.180178
0.795114 0.172033 0.071404
0.076806 -0.855632 0.021967
0.509231 -0.811636 -0.249840
-0.528399 -0.818771 -0.011212
0.788840 -0.565903 -0.007830
0.240302 -0.601751 0.034827
0.239920 0.803788 0.137010
-0.745377 0.611946 0.040867
-0.712086 0.454044 0.138407
-0.583041 -0.301020 0.199800
-0.905879 -0.346516 0.039029
0.063905 0.662576 -0.186344
-0.531423 -0.408220 -0.086109
0.311935 -0.749774 0.118559
-0.567549 0.676833 -0.253765
0.834658 0.115093 0.135673
0.236149 0.582636 0.038422
0.683001 -0.507598 0.021967
0.301314 0.533920 0.178539
0.669802 0.031828 -0.183219
0.763988 -0.415365 0.021967
0.648596 0.170416 -0.199881
-0.503048 0.669910 0.021967
0.562942 -0.615730 0.193572
0.899655 -0.361586 -0.202816
0.494033 -0.380392 0.098032
0.604755 -0.292919 -0.156356
0.284744 -0.674192 -0.242000
-0.009107 -0.837983 0.123459
0.733769 -0.306412 0.191096
0.342540 0.508059 0.103282
-0.169679 0.945432 0.116039
-0.280843 -0.931932 0.049118
0.424748 -0.521439 -0.126989
-0.908133 -0.090453 -0.253878
-0.332136 -0.547736 0.044570
-0.776196 -0.583436 -0.215937
-0.608024 0.201068 -0.215697
-0.784120 -0.463170 0.180924
-0.744855 -0.415350 0.142351
-0.899237 0.111372 0.183106
-0.611968 0.373508 -0.226658
-0.290686 -0.927270 -0.110540
-0.340762 0.733284 0.078356
0.820255 -0.391550 0.193982
0.444451 -0.457179 0.046533
0.836001 -0.137031 0.140840
0.808653 0.149542 -0.254080
-0.360178 0.664820 -0.253712
-0.614895 0.740538 0.020178
-0.872659 -0.410892 0.207612
0.289701 -0.842690 0.021967
-0.300760 -0.562873 0.195826
-0.015581 0.777280 0.188952
-0.478534 0.375910 0.167533
-0.645499 0.056086 -0.214235
0.635840 -0.652790 0.193204
-0.003792 -0.975328 0.093411
-0.418870 0.730314 0.137922
-0.770355 0.580723 0.149363
0.334879 0.559720 -0.000976
-0.909411 -0.008237 0.204646
-0.637843 -0.088992 -0.246516
-0.089099 -0.879855 0.021967
0.677844 -0.517764 0.143286
-0.655344 0.705146 -0.025391
-0.100890 -0.824183 0.051660
-0.798274 -0.466674 -0.249754
-0.868605 0.206702 0.039017
-0.405344 0.596476 -0.228296
-0.638106 -0.193448 -0.063018
0.127516 0.835656 0.158838
-0.954211 0.163830 0.179471
0.653944 -0.028708 -0.068041
0.352687 0.607847 0.197556
-0.110638 0.913141 -0.254080
0.492097 0.625916 0.193013
0.299843 -0.531924 0.156930
0.394694 0.532538 -0.141051
0.311760 0.623705 -0.230662
-0.628314 0.677054 -0.253540
0.186347 0.942305 0.118728
0.103779 -0.903878 -0.253407
0.590405 0.412447 0.196769
-0.343231 -0.776643 0.182903
-0.713728 0.648333 0.191356
-0.173583 0.882726 0.185413
0.393953 0.549445 -0.236227
0.579349 0.577183 0.051819
0.712898 0.436509 0.129917
-0.616538 0.010610 0.173125
-0.138499 -0.610482 -0.221448
-0.507396 0.813676 -0.137509
0.592813 0.532025 -0.254080
0.483879 -0.601018 -0.253172
-0.599055 -0.650817 0.021967
0.909026 -0.323393 -0.235124
0.045927 -0.615663 0.136577
0.688061 -0.255759 0.196404
-0.648330 -0.172385 -0.239915
-0.818828 -0.387432 0.131356
0.002898 0.827174 -0.254080
0.079338 0.725312 -0.254080
-0.688783 -0.688472 -0.098073
0.443044 0.585474 0.196023
0.668122 -0.703754 -0.199705
0.306373 0.909195 0.020000
-0.624683 0.212371 -0.036687
0.034932 -0.616136 -0.245823
-0.671159 -0.618252 0.194687
0.399439 -0.683800 -0.253918
0.384417 -0.544413 -0.036379
-0.944726 -0.223711 -0.077433
-0.871221 -0.410550 -0.240816
-0.245709 -0.617969 -0.242367
-0.923232 -0.299524 -0.005512
0.160908 -0.959157 -0.089475
-0.038310 0.662986 -0.160349
-0.349744 -0.502362 0.159122
-0.337542 0.899916 0.125167
0.817666 -0.522630 -0.156172
-0.395545 0.531154 -0.113546
-0.061185 -0.614070 -0.223740
-0.633672 -0.648316 0.121893
0.639026 -0.385625 0.201156
0.109537 0.880266 0.046414
0.368610 -0.649929 0.195976
0.854517 0.251170 0.046063
-0.183638 -0.879312 -0.251390
0.935676 -0.251947 0.194884
0.823040 0.204946 0.161744
-0.419501 0.500789 0.007604
0.824751 0.487906 -0.237111
0.772286 0.324996 0.184970
0.490183 0.664920 0.124777
0.035897 0.654343 -0.241270
0.045549 0.817945 0.043951
-0.693621 0.578487 -0.252487
-0.517284 -0.622799 0.190221
0.637566 0.151259 -0.020577
0.827107 0.101766 0.185510
0.146124 0.784179 0.105719
-0.384170 0.530343 -0.012778
0.429736 -0.874071 0.070435
-0.615594 0.738541 -0.188039
-0.781090 0.560617 -0.154117
-0.056480 -0.724354 -0.226783
-0.877059 -0.237771 0.177568
-0.565993 0.262657 0.077596
0.555037 -0.368715 -0.240959
-0.892124 0.120481 0.119209
-0.616857 -0.753303 -0.227436
0.411076 -0.517847 0.024199
0.044992 0.898838 0.195076
0.346499 0.891834 -0.180707
-0.608601 -0.684548 -0.253920
-0.047784 0.613959 0.088148
0.612627 0.152974 0.043860
0.895373 -0.035396 0.085926
0.609561 -0.159734 0.061862
0.687307 -0.159431 -0.230385
-0.635709 -0.494764 0.193099
-0.867181 0.425513 0.079748
0.630153 -0.483738 0.201156
0.334655 -0.793738 0.021967
0.807544 -0.461410 -0.254080
0.111888 -0.603821 -0.234948
-0.634513 -0.248041 0.199087
0.949957 -0.188555 0.152597
0.179147 0.592033 0.077174
-0.632909 0.217769 -0.160516
0.494897 -0.429104 -0.213218
-0.903879 -0.044015 0.159264
-0.894017 -0.382185 -0.096303
0.520774 -0.412074 -0.027702
0.629000 0.227708 -0.185173
-0.191569 0.821282 -0.254080
0.087344 -0.970975 0.121010
-0.145069 0.644139 -0.111141
-0.569981 -0.498709 -0.254011
0.556934 -0.795584 0.035169
-0.247205 0.756141 0.187554
0.153872 -0.959743 -0.037531
-0.613417 0.073819 -0.252752
-0.301588 0.552986 -0.217215
-0.106525 -0.646786 0.034827
-0.512452 0.814152 0.128111
0.189039 -0.733222 -0.254014
-0.012005 0.960207 0.106568
0.939287 0.161417 -0.246774
0.830946 -0.357478 0.154371
-0.056486 -0.722478 0.194410
0.802531 0.533385 0.144785
0.903687 -0.032317 0.179423
-0.607345 0.344579 0.197957
-0.896089 -0.007580 0.052048
0.179833 0.648289 0.198995
-0.502125 -0.349821 -0.232999
-0.525681 0.437201 0.198623
0.158353 0.837758 -0.254080
-0.291726 -0.596755 0.016514
-0.165587 0.596860 0.187318
0.521963 -0.689187 0.021967
-0.729382 0.515599 0.071015
0.046096 -0.836253 0.123383
-0.153610 0.732984 0.192968
-0.360107 0.532587 -0.214032
0.392141 -0.808298 0.031434
0.292721 0.590994 -0.106228
-0.036653 -0.631681 0.077122
-0.021694 0.731683 -0.254080
-0.361399 0.559039 -0.165566
0.031076 0.743820 -0.254080
-0.760337 0.494471 0.226788
0.548300 0.631848 0.021967
0.124141 -0.738553 0.192407
0.673940 -0.332483 -0.254080
-0.464291 0.511803 -0.232894
0.046308 -0.750556 0.192163
-0.618089 -0.592305 0.168610
-0.777533 -0.238263 0.116012
0.431887 0.777800 0.072772
-0.145811 0.656198 -0.237088
0.467725 0.467109 0.199624
-0.968789 0.013810 -0.198514
0.247071 0.752504 0.121718
-0.122775 0.708869 -0.229969
0.387832 0.856557 0.221247
-0.833281 -0.096859 0.021967
0.681780 0.677778 -0.064718
0.448064 0.400431 0.153078
0.702419 0.217462 -0.254080
0.474694 -0.847410 -0.063975
-0.969460 -0.017187 0.181730
0.361875 -0.828525 0.097389
-0.354249 0.828278 0.194241
-0.136949 0.827980 0.135919
-0.693493 0.664245 -0.205031
