-0.896183 -0.378119 -0.034667 
0.914305 0.391650 -0.013195 
-0.381046 0.924132 -0.027995 
0.401018 -0.903569 -0.014500 
-0.917439 0.386822 -0.032477 
-0.360580 -0.913990 -0.034700 
0.376419 0.920776 -0.033517 
0.913657 -0.357455 -0.034722 
-0.984171 0.006761 0.029119 
-0.691905 -0.710271 -0.016069 
0.000088 0.987218 0.030725 
-0.703473 0.709692 -0.024987 
0.017419 -0.888590 0.035994 
0.699581 0.710020 -0.013668 
0.992312 0.016882 -0.014187 
0.711330 -0.685316 -0.031429 
-0.733365 0.494266 0.028392 
-0.483577 0.728074 -0.009943 
-0.477848 -0.736701 0.031721 
-0.170434 0.856881 -0.018392 
0.480810 0.727431 -0.024883 
-0.854071 -0.161198 -0.026684 
-0.724878 -0.498624 0.029694 
0.738059 -0.471630 0.027680 
0.847924 0.185799 -0.024809 
0.501099 -0.717321 0.027715 
0.162637 0.860915 -0.033049 
0.726105 0.499608 0.024353 
-0.863367 0.186009 0.023708 
0.863957 -0.152508 0.017286 
-0.157456 -0.972105 -0.033768 
0.201394 -0.967690 -0.009008 
-0.230120 -0.848903 0.034451 
0.262046 -0.822362 -0.024473 
-0.986811 0.136631 -0.029915 
-0.943874 -0.263396 0.033917 
0.257272 0.951862 0.031713 
-0.131972 0.988910 -0.032111 
0.964103 0.142029 0.035823 
-0.988170 -0.119951 -0.024201 
-0.504156 0.863137 -0.024099 
0.482765 0.859796 0.027172 
0.520256 -0.838572 -0.031838 
-0.255244 0.954545 0.024971 
-0.791025 0.600851 -0.034264 
0.800032 -0.582107 -0.027787 
-0.578981 -0.801694 -0.031499 
-0.639887 -0.586237 -0.031717 
-0.851748 -0.510165 -0.016013 
-0.599738 0.780500 0.034434 
0.591286 0.802573 -0.028543 
0.783452 0.607977 -0.033855 
-0.874300 0.065244 -0.034418 
0.390520 -0.769535 -0.025092 
-0.642133 0.591566 -0.028381 
0.865947 -0.022819 -0.019314 
-0.032990 0.875309 -0.032143 
-0.369340 0.806340 0.031207 
0.649887 -0.568578 -0.020757 
0.135972 0.989770 -0.019259 
0.965045 -0.224501 -0.028101 
0.784237 0.374000 -0.025639 
0.957379 0.267259 -0.019845 
0.584423 0.645954 -0.013135 
0.292764 0.821814 -0.013158 
-0.785507 0.379908 -0.008640 
0.135585 -0.852313 -0.027211 
-0.368257 -0.784269 -0.032112 
-0.960023 0.265181 -0.031151 
-0.102517 -0.859011 -0.006684 
-0.778090 -0.615632 -0.022639 
0.788388 -0.355486 -0.010639 
0.064751 -0.985186 -0.031805 
-0.859046 0.483771 0.030372 
0.616025 -0.761803 -0.000706 
0.862773 -0.456202 0.033579 
-0.472535 -0.865946 -0.004635 
0.851410 0.492493 0.025909 
-0.774271 -0.391445 -0.016253 
0.966700 -0.101773 -0.034702 
-0.822643 -0.277841 -0.015709 
0.844537 0.289030 0.035986 
-0.576534 -0.663966 0.032471 
-0.888739 -0.061031 0.035994 
-0.873689 0.305409 0.035904 
-0.285325 0.848725 -0.034715 
0.061277 0.890292 0.035848 
-0.067390 -0.970489 0.035354 
0.832524 -0.253709 -0.034246 
-0.578378 0.669953 0.021575 
0.289611 -0.912845 0.035994 
0.596515 -0.649178 0.035656 
0.679870 0.611686 0.035994 
0.405245 0.807188 -0.033459 
0.875363 0.078304 0.024992 
-0.261692 -0.947758 -0.034403 
-0.100517 0.910449 0.035994 
-0.724327 0.630169 0.035994 
0.110607 -0.927038 0.035994 
0.899185 -0.279599 0.035994 
0.562314 0.733655 0.035965 
-0.851549 -0.426881 0.035994 
0.721257 -0.600507 0.035994 
-0.699217 -0.621258 0.035994 
0.443721 -0.833171 0.035994 
0.345493 -0.828031 0.035994 
-0.933481 0.091915 0.035928 
-0.370534 -0.851122 0.035921 
-0.620480 -0.747577 0.035920 
0.941656 -0.045977 0.035994 
0.362180 0.859528 0.035925 
-0.922871 -0.173335 0.035994 
-0.539611 -0.715786 -0.033320 
0.209436 -0.869012 0.035994 
-0.833306 0.255753 -0.027815 
-0.459514 0.805308 0.035994 
-0.162305 -0.914921 0.035915 
-0.951713 0.198682 0.035994 
-0.968922 -0.208999 -0.033190 
0.152303 0.920820 0.035994 
0.564102 -0.695708 -0.032938 
0.694724 0.558246 -0.034668 
-0.306530 -0.913082 0.035858 
-0.278717 -0.823779 -0.034288 
-0.328589 0.894890 0.035994 
0.226893 0.857513 0.032134 
0.817104 -0.494779 -0.030001 
0.906164 0.225610 0.035914 
0.788725 0.434754 0.035994 
-0.858794 -0.336061 0.035935 
-0.792205 -0.554859 0.035994 
-0.804762 0.554653 0.035994 
0.953805 -0.147323 0.035994 
-0.018376 -0.968084 -0.034709 
-0.528568 -0.803414 0.035994 
-0.717982 0.556111 -0.028222 
-0.855134 0.393037 0.035930 
0.663443 -0.698966 0.035994 
0.548731 -0.794637 0.035994 
0.791552 0.563774 0.035853 
0.922176 0.317823 0.035844 
0.955548 0.097107 -0.032893 
0.725587 -0.526212 -0.032681 
-0.190672 -0.869606 -0.034611 
0.054687 -0.864957 -0.033427 
-0.050139 0.990532 -0.034680 
-0.566109 0.807797 -0.034758 
-0.820938 0.515530 -0.034445 
-0.625814 0.734130 -0.030129 
0.494403 0.779679 0.035900 
0.843459 0.370197 0.035994 
0.294322 0.921482 -0.033730 
0.047175 0.978434 -0.034709 
-0.419384 0.800224 -0.034268 
-0.766805 0.454104 -0.034695 
-0.023504 -0.885116 -0.034727 
0.642158 0.744566 0.032940 
0.210372 0.944738 -0.033385 
-0.165673 0.962798 0.035994 
-0.873315 -0.023940 -0.033412 
0.470390 -0.764800 -0.030393 
0.853365 -0.350980 0.035994 
0.757447 0.456338 -0.034710 
-0.712017 -0.543999 -0.034348 
0.941726 0.180589 -0.029703 
-0.651674 0.696263 0.035994 
-0.226193 0.870770 0.035994 
-0.942319 -0.313988 -0.030846 
0.324834 -0.912888 -0.034733 
0.760102 -0.428662 -0.034758 
-0.889918 0.026092 0.035944 
0.785837 -0.538652 0.035994 
-0.410711 0.889735 0.035944 
-0.966794 -0.068853 0.035994 
-0.301983 0.924713 -0.034732 
0.888320 -0.095571 -0.034711 
0.093062 0.899302 -0.033912 
0.516265 0.819539 -0.034382 
-0.773002 -0.467705 -0.026254 
-0.443780 -0.788670 -0.018441 
-0.868183 -0.243752 0.035994 
0.810778 0.536461 -0.034633 
0.863238 -0.418216 -0.032628 
-0.990463 0.049532 -0.033787 
0.952474 0.064659 0.035994 
0.030625 -0.963479 0.035994 
-0.885381 0.142748 -0.034747 
-0.981671 -0.034285 -0.034721 
-0.234659 -0.938081 0.035850 
0.087418 0.961461 0.035908 
-0.792100 0.446638 0.035994 
0.849622 0.263341 -0.034665 
-0.018459 0.903816 0.035994 
-0.864173 0.447610 -0.034758 
0.849673 0.428058 -0.016342 
0.738364 0.651764 0.011101 
-0.608778 -0.657943 -0.034063 
-0.207851 0.942840 -0.030259 
-0.900959 -0.104877 -0.022074 
0.131391 -0.945956 -0.031463 
0.443568 0.892521 -0.031093 
-0.539345 0.737631 0.035994 
-0.838074 0.327632 -0.034616 
0.632699 -0.640187 -0.026184 
-0.649636 0.624106 0.035994 
0.429406 0.812256 0.035988 
0.738307 -0.618396 -0.034749 
0.554880 0.707814 -0.034621 
-0.650577 -0.682437 0.035944 
0.879076 -0.080905 0.035436 
-0.620241 -0.737664 -0.034669 
0.296467 0.892851 0.035973 
0.945542 -0.296025 -0.019265 
0.929883 -0.215835 0.035994 
-0.525782 0.829026 0.035577 
-0.105928 -0.929106 -0.007954 
0.899540 0.044248 -0.031323 
0.700279 -0.533907 0.033150 
-0.938569 0.267309 0.035991 
-0.546286 0.710002 -0.034721 
0.893082 0.011688 0.035994 
-0.873132 -0.446409 -0.034725 
0.862004 0.115502 -0.032533 
0.346115 -0.824828 -0.033626 
-0.093499 0.979447 0.034506 
-0.693118 0.563772 0.035994 
-0.441634 0.891235 -0.034207 
-0.103046 0.867977 -0.029052 
0.914586 0.319385 -0.034751 
0.631802 0.736327 -0.034745 
0.260913 -0.944486 -0.034626 
-0.905900 0.319658 -0.023301 
0.237161 0.869517 -0.034603 
0.886420 0.144951 0.035975 
-0.775185 -0.439396 0.035994 
-0.872643 -0.232600 -0.030918 
0.776625 -0.409081 0.029443 
-0.631642 -0.614705 0.034472 
0.654289 0.657256 -0.007371 
-0.835142 -0.343112 -0.029549 
0.427841 -0.767264 0.034651 
0.456683 -0.861766 -0.034656 
-0.295179 -0.826148 0.031231 
-0.506771 -0.810393 -0.029437 
-0.285716 0.840132 0.032611 
0.829781 -0.283192 0.025805 
0.578589 -0.713686 0.035994 
-0.474163 -0.730550 -0.034509 
0.200354 -0.865935 -0.034634 
-0.789369 -0.550978 -0.033291 
0.024530 0.908427 -0.028218 
0.559152 0.811272 0.028899 
-0.431331 -0.824509 0.035994 
-0.047622 -0.877543 0.034502 
-0.955077 0.194282 -0.034758 
-0.727607 0.632985 -0.029839 
0.872882 -0.192217 -0.034617 
0.572331 -0.798348 -0.034608 
0.649388 -0.601847 0.035994 
-0.624928 0.663186 -0.023807 
0.834102 0.326577 -0.034666 
-0.341066 0.804486 -0.027225 
-0.409643 -0.856119 -0.016399 
-0.903840 -0.382242 0.031115 
0.417010 0.893640 0.027745 
-0.904123 0.225283 -0.006671 
-0.920548 0.349960 0.031397 
-0.556732 -0.740796 0.035910 
0.956908 -0.033645 -0.030511 
0.642442 -0.703027 -0.023972 
0.940238 -0.163905 -0.023910 
0.833719 -0.317175 -0.034677 
-0.259099 -0.887285 -0.006671 
-0.375253 0.859329 -0.006671 
-0.228532 0.876183 -0.033288 
0.145310 -0.874609 0.035994 
0.848186 -0.223206 0.018450 
0.631036 0.605244 -0.033524 
-0.202494 -0.930307 -0.021975 
-0.327163 -0.865334 -0.006671 
0.058132 -0.921188 -0.006671 
-0.875669 0.108799 0.020472 
0.256311 -0.883448 -0.007355 
0.351084 0.837124 -0.028745 
-0.086946 -0.985169 -0.026576 
0.689666 0.550985 0.029067 
-0.714297 -0.561427 0.035994 
0.198693 0.966942 0.022519 
0.461550 0.785248 -0.020241 
0.271918 -0.835289 0.034420 
0.400208 -0.835017 -0.006671 
0.855766 0.492030 -0.034620 
-0.466967 0.870167 0.023321 
0.084815 -0.872342 0.032259 
-0.816360 0.337859 0.022103 
0.893083 -0.400004 0.016589 
-0.884825 -0.126645 0.035994 
0.354171 0.918990 0.032366 
-0.889040 -0.299435 -0.007513 
-0.931054 0.016472 -0.006573 
0.623258 0.684651 0.035946 
0.535044 0.768744 -0.006671 
-0.139255 0.926628 -0.006671 
0.162511 -0.956734 0.035698 
0.919299 -0.336131 0.020671 
-0.713445 -0.628185 -0.021324 
-0.800785 -0.372160 0.033262 
0.349888 -0.912038 0.019027 
-0.833837 -0.488076 0.035994 
0.876897 0.422390 0.035994 
0.691026 0.676877 0.035994 
0.803795 0.479080 -0.006671 
0.512802 -0.724491 -0.034758 
-0.392602 -0.783640 0.020940 
0.806100 -0.468537 0.035994 
-0.049207 0.925537 -0.008258 
-0.925348 -0.049631 -0.007302 
-0.659698 -0.644356 -0.007496 
0.231055 -0.922589 0.035994 
-0.940428 -0.157207 -0.016580 
0.900961 0.267560 -0.008005 
0.484707 -0.775316 0.035994 
-0.865895 -0.186374 0.035201 
0.711614 -0.668093 0.032146 
-0.973837 0.146613 0.027632 
-0.160702 0.874948 0.034706 
-0.716513 -0.487796 -0.027259 
0.127944 0.875480 0.011950 
-0.774274 0.531641 -0.006671 
0.713592 0.499105 -0.030795 
0.509334 -0.833643 0.025167 
-0.971131 -0.144249 0.032309 
-0.815722 -0.428746 -0.008028 
-0.167606 -0.859331 0.028309 
0.687657 -0.638325 -0.009242 
-0.716728 0.497699 -0.025225 
0.761773 0.560929 -0.011774 
0.163043 -0.905830 -0.007226 
-0.922530 -0.257597 -0.024418 
-0.706989 0.688207 0.030480 
-0.816797 0.426465 -0.010296 
0.851412 0.220718 0.024767 
-0.304226 -0.908763 -0.033371 
-0.017232 -0.932409 0.035994 
0.403910 -0.879927 0.035994 
0.810842 -0.411154 -0.014982 
0.741026 0.602024 0.035917 
-0.272729 0.901245 0.035994 
0.444380 0.840643 -0.011283 
-0.361555 -0.908142 0.031243 
0.916114 -0.247014 -0.015276 
0.622728 0.629414 0.033990 
0.774302 -0.597529 0.021242 
-0.980616 0.089144 0.007474 
-0.859660 0.252119 0.035853 
0.763781 -0.484920 -0.020988 
-0.526339 0.768842 -0.007015 
-0.884860 0.436214 0.014417 
0.870816 -0.470712 -0.020044 
-0.487055 0.757113 0.035994 
0.567835 0.679766 0.034027 
0.918218 0.134853 -0.006671 
-0.745606 0.550539 0.035994 
0.976212 -0.086898 0.016468 
0.842870 -0.405406 0.035994 
0.307350 0.838942 0.035992 
0.510685 0.720475 0.027252 
0.102223 -0.894537 -0.023375 
-0.771348 0.603748 0.035918 
-0.516888 -0.762198 -0.007585 
0.121659 0.939159 -0.008605 
-0.675067 0.630258 -0.011210 
-0.847735 0.204175 -0.030260 
0.262961 0.963440 -0.022349 
0.951936 0.194178 0.035850 
0.896948 0.367994 0.035980 
0.036422 0.945188 0.035994 
0.216263 0.917818 0.035994 
0.546617 -0.755227 -0.007293 
-0.468038 0.782767 -0.021228 
-0.342957 -0.806165 0.018695 
-0.579194 0.760367 -0.014420 
-0.750043 -0.600721 0.035994 
-0.570214 0.662500 -0.030326 
-0.927467 0.122934 -0.006671 
-0.153636 -0.965304 0.022153 
-0.919766 -0.018183 0.035994 
0.198966 0.898178 -0.011541 
0.934791 0.007958 -0.006970 
-0.665402 -0.572855 0.020318 
-0.520768 -0.705530 0.020794 
0.087384 -0.973014 0.025735 
-0.419066 0.779825 0.014122 
-0.927606 -0.323449 0.018651 
-0.641437 0.747606 0.033748 
-0.005843 0.954501 -0.013049 
-0.838405 -0.287869 0.034283 
0.700971 -0.587424 -0.010422 
0.140321 0.971611 0.035507 
0.982474 0.145268 -0.012838 
0.834732 -0.509707 0.021898 
-0.227352 -0.833468 -0.028196 
0.927328 -0.099812 0.035994 
0.395406 0.857046 -0.007911 
0.894923 0.201604 -0.010036 
0.286380 0.874385 -0.011256 
-0.758639 -0.517305 -0.009114 
0.877038 -0.323539 -0.007595 
0.862442 -0.140030 -0.034756 
-0.869849 0.391991 -0.014297 
-0.581720 -0.785370 0.032895 
-0.740529 -0.581321 -0.010403 
-0.154363 -0.897357 -0.011606 
0.979411 -0.000153 0.032233 
0.948475 0.253555 0.029750 
-0.097616 -0.887708 0.035994 
0.361278 0.808832 0.031318 
-0.801601 0.503854 0.035994 
-0.089387 0.959334 -0.026155 
0.919075 0.106007 0.035994 
-0.256806 0.918796 -0.012300 
-0.436133 -0.874833 0.032222 
0.596257 0.777389 0.035595 
0.756093 -0.560141 -0.010601 
-0.489209 -0.835335 0.035994 
0.582153 0.750957 -0.011412 
0.481886 -0.810532 -0.012144 
-0.826416 0.560689 -0.012474 
0.719150 0.659950 -0.034705 
0.864928 0.354606 -0.006671 
-0.072040 -0.896845 -0.026122 
0.314638 -0.872565 -0.006671 
0.574020 -0.646618 -0.030834 
-0.583807 -0.717671 -0.006671 
-0.178415 0.983342 -0.014233 
-0.803971 0.474558 -0.006671 
-0.328773 -0.824049 -0.034654 
0.008258 -0.929957 -0.006725 
-0.412882 0.840037 0.035994 
-0.458249 0.836331 -0.012036 
0.332042 0.893891 -0.013056 
-0.961728 -0.202957 0.027526 
0.700362 0.602635 -0.008096 
0.210648 -0.919317 -0.012296 
0.557839 -0.673988 0.010881 
-0.591976 0.731840 0.035994 
0.781036 0.515732 0.035914 
0.365589 -0.869824 -0.012749 
0.929907 -0.066841 -0.006671 
-0.858285 -0.398432 -0.011367 
-0.184942 0.904589 -0.010169 
-0.517912 0.814492 -0.029948 
-0.943456 0.036995 0.035994 
0.089030 0.992814 -0.006377 
0.375622 -0.790409 0.028765 
0.829211 -0.540633 -0.019120 
-0.036389 0.955469 0.035994 
0.812799 0.337988 0.016345 
0.870950 -0.272414 -0.011092 
0.245858 0.910320 -0.007550 
0.792740 0.386861 0.029577 
-0.016528 -0.977181 0.017403 
-0.936459 0.069937 -0.007168 
-0.435873 -0.760668 0.028194 
0.442994 0.766084 0.030422 
-0.547142 -0.670524 -0.017883 
-0.061923 0.883001 0.027160 
-0.716727 -0.668457 0.004823 
-0.817585 -0.477105 -0.011845 
-0.639829 -0.690881 -0.009771 
0.055115 0.872197 -0.007792 
-0.405142 -0.902954 -0.009462 
-0.866689 -0.071974 -0.023512 
-0.334941 0.890684 -0.010749 
0.975910 0.100313 0.015730 
-0.667754 0.737172 -0.004057 
-0.061689 -0.944186 -0.014716 
0.964362 0.216465 -0.003764 
-0.606587 -0.619418 -0.007021 
-0.616551 0.786362 -0.026351 
0.363827 0.792666 -0.016585 
-0.671778 0.557700 -0.015170 
-0.909647 -0.221828 0.035994 
0.486092 0.871369 -0.018155 
-0.946828 0.305067 -0.005664 
0.825895 0.531327 0.032154 
0.315098 -0.815239 0.000188 
-0.793783 0.399853 0.033697 
0.174462 0.867262 0.013770 
-0.004694 0.999356 -0.027570 
0.310011 0.936893 0.027765 
-0.961805 0.226125 -0.001166 
-0.688135 -0.588988 -0.018996 
-0.370314 -0.831176 -0.012805 
-0.209185 0.945868 0.035994 
0.750565 0.461937 0.011638 
-0.903982 0.271902 -0.008238 
0.882260 -0.196628 0.035994 
-0.903888 0.178903 -0.009635 
0.906335 -0.156066 0.035994 
0.800802 -0.369785 0.033904 
0.631701 -0.732507 0.035994 
-0.955023 -0.087968 -0.026142 
0.421479 0.763329 -0.014052 
0.736801 -0.652011 -0.003349 
0.746073 0.556303 0.035924 
0.871520 0.020467 -0.003656 
0.962188 -0.186652 0.013709 
-0.349434 0.853943 0.035994 
-0.541741 0.785946 0.035994 
-0.299380 0.938602 0.033800 
-0.609049 -0.771571 -0.001532 
-0.795361 -0.349964 -0.007677 
0.988383 0.065240 -0.032498 
0.661033 -0.646071 0.035994 
0.178000 -0.856255 0.004000 
0.009147 -0.863020 -0.011681 
-0.839294 0.518568 0.008436 
-0.845926 -0.201706 -0.007392 
-0.959321 0.100335 -0.032365 
0.678948 -0.533719 -0.024770 
-0.789142 -0.496819 0.035994 
-0.930256 0.156711 0.035994 
-0.763585 0.631687 -0.002038 
-0.202640 -0.893923 0.035937 
-0.821323 -0.537270 0.005825 
0.909928 0.090386 -0.011150 
-0.866554 0.296731 -0.015017 
-0.145559 -0.851410 -0.018952 
0.799014 -0.457501 -0.007428 
-0.916694 -0.215531 -0.008347 
-0.119141 -0.939361 0.035994 
-0.288096 -0.935552 0.001102 
-0.652244 -0.731597 0.007891 
-0.900311 0.390636 0.035212 
-0.824868 0.376119 -0.030577 
-0.332298 0.937921 -0.003947 
0.787062 -0.524415 -0.013879 
0.810478 0.571353 -0.004386 
0.931591 -0.111858 -0.008140 
0.177411 0.979164 -0.033400 
0.885525 0.453331 -0.026493 
0.877054 0.319899 0.035938 
0.931039 0.232824 -0.031101 
0.107736 -0.982791 -0.019808 
-0.870374 0.029609 -0.007762 
-0.327558 0.822949 0.012413 
0.526619 -0.755871 0.035994 
0.608549 0.683462 -0.013920 
0.943146 0.060298 -0.011010 
-0.739282 0.669322 -0.006862 
0.619106 0.774528 -0.003598 
-0.869086 0.490934 -0.012353 
-0.064508 -0.918566 0.035994 
-0.566087 -0.762237 -0.015865 
-0.881725 -0.009152 0.010395 
-0.543304 -0.828538 -0.012226 
-0.258278 0.965829 -0.017729 
0.863739 -0.066190 -0.010856 
-0.593609 0.713536 -0.007913 
0.877674 -0.028977 0.022861 
0.764326 0.414533 -0.022349 
-0.543071 0.699494 0.007996 
-0.928773 -0.353492 -0.016692 
-0.882382 -0.290150 0.035994 
0.183823 -0.918190 0.035994 
0.262917 -0.941118 0.011896 
0.592181 -0.757049 0.035994 
0.938687 -0.260180 0.035461 
0.312528 -0.862051 0.035994 
-0.092083 0.909249 -0.018526 
-0.441508 -0.886652 -0.027982 
0.850807 -0.361016 -0.006698 
0.158341 -0.975813 -0.012100 
0.780543 0.599936 0.010291 
-0.145408 0.916051 0.035994 
0.058257 0.927455 -0.007617 
0.259089 -0.877435 0.035994 
0.602719 -0.710759 -0.007153 
0.424706 -0.796321 -0.019610 
0.050078 0.986282 0.012380 
-0.661535 0.697558 -0.021480 
0.343453 0.936928 -0.009771 
-0.817624 -0.387423 -0.023056 
0.936778 0.023863 0.035994 
0.011727 0.885060 0.010579 
-0.903942 0.196306 0.035994 
-0.816137 -0.330627 0.029032 
-0.996050 0.010072 -0.012608 
-0.287096 0.888085 -0.006676 
0.740580 0.614149 -0.030313 
-0.257875 0.843747 -0.001439 
-0.755613 -0.531495 0.035994 
0.717274 -0.502446 0.002569 
-0.251636 -0.889631 0.035924 
-0.867327 -0.459266 0.006160 
-0.612755 -0.703202 0.035927 
0.263967 0.844326 0.014451 
0.777902 0.521060 -0.006773 
0.807220 0.410870 -0.024608 
-0.892387 0.072195 0.035858 
0.519060 -0.788806 -0.013298 
0.681898 -0.716358 -0.013064 
0.056525 -0.915870 0.035994 
0.650737 -0.745160 -0.023124 
-0.559198 0.814221 0.008799 
-0.465360 -0.798470 0.035994 
-0.735963 0.596490 -0.009023 
-0.196808 -0.957363 0.030649 
-0.414718 -0.758860 -0.028345 
0.463395 -0.730500 -0.005786 
0.649530 0.596841 0.004090 
-0.871473 -0.341406 -0.007101 
-0.691299 -0.663608 -0.030349 
-0.417515 0.858170 -0.012819 
0.559089 0.826004 -0.013078 
0.455329 -0.864444 0.009329 
-0.750290 -0.434666 -0.011559 
-0.613734 0.626967 -0.004200 
-0.902192 0.426127 -0.025892 
0.218249 -0.834921 -0.011460 
-0.835931 0.285316 0.023479 
-0.985866 -0.065370 -0.001972 
0.305925 -0.936955 -0.005106 
0.901722 -0.151799 -0.010427 
0.990728 -0.055235 -0.016370 
0.015586 -0.988150 -0.008140 
-0.887481 -0.419841 0.010770 
0.402464 0.845029 0.035918 
-0.880500 0.147986 0.035994 
0.899130 0.282255 0.035900 
-0.682827 -0.540979 -0.003892 
0.941853 0.307333 -0.004773 
0.844533 0.520340 -0.004990 
-0.867475 -0.125361 -0.002403 
0.663332 0.706168 -0.034728 
0.864744 0.181701 0.032825 
0.522594 0.697602 -0.009912 
-0.907546 0.238070 0.035961 
-0.799020 -0.578248 -0.002986 
-0.136619 0.874459 0.000431 
0.514422 0.842285 0.000704 
-0.944726 -0.104383 0.035994 
0.909225 -0.315942 -0.034586 
-0.711300 0.526198 0.004769 
0.299309 -0.844010 -0.032949 
-0.037886 0.986776 0.004901 
-0.408888 0.904763 -0.002716 
0.887824 0.164690 -0.027595 
-0.899302 -0.148574 -0.015364 
0.667656 0.734918 -0.004689 
-0.396373 -0.886015 0.035937 
0.590226 -0.750630 -0.031184 
-0.961669 -0.237842 -0.004303 
-0.846695 0.444617 0.035994 
-0.330001 -0.921390 0.002736 
-0.740840 -0.657452 -0.031535 
0.799962 0.478956 0.035994 
0.146524 0.898076 -0.024688 
0.865118 0.067035 -0.029144 
-0.228215 -0.962656 -0.015278 
-0.377437 0.823148 -0.033189 
0.523046 -0.686673 -0.022151 
0.254442 0.902477 0.035923 
0.365776 -0.915909 -0.032562 
0.979606 -0.152258 -0.022014 
-0.132453 0.979104 0.018125 
0.103876 0.965391 -0.034711 
0.208767 0.847895 -0.014368 
0.403203 0.786393 0.014526 
-0.855807 0.163214 -0.009480 
-0.190995 0.902485 0.035994 
-0.463934 -0.823869 -0.012883 
0.862656 -0.311121 0.035994 
0.115947 0.865716 -0.029362 
-0.858598 0.343410 0.035903 
-0.324538 0.851359 -0.023490 
-0.885764 -0.186967 -0.025899 
-0.198634 -0.852620 0.001632 
0.899668 -0.052577 -0.030025 
0.354959 -0.788571 -0.006289 
0.102939 0.896894 0.035934 
-0.735315 -0.640109 0.035328 
0.423371 -0.753018 -0.007593 
-0.437445 0.757018 -0.028788 
0.411748 -0.807613 0.035994 
0.733812 0.533471 -0.023162 
0.776157 -0.613672 -0.018812 
0.400977 0.888492 -0.034653 
0.611705 -0.609998 -0.009052 
0.828229 0.289194 -0.001136 
-0.509166 -0.849729 -0.017661 
0.878881 0.406803 -0.034747 
0.481287 0.824296 -0.014632 
-0.687839 0.603862 0.035994 
-0.322341 -0.875874 0.035944 
-0.934852 0.347595 -0.019383 
0.931493 0.346812 -0.010377 
0.923338 0.161341 0.035918 
0.528469 0.757997 0.035902 
0.736708 -0.514086 0.035994 
-0.862479 0.344506 -0.007271 
0.659889 0.651250 0.035994 
0.475958 0.744218 0.022606 
0.767801 -0.398499 -0.009133 
0.673215 -0.674024 -0.024818 
0.979534 -0.039126 0.022114 
-0.979843 -0.172295 -0.020816 
-0.187165 -0.970132 -0.006715 
0.870479 -0.114242 0.006932 
-0.971465 0.179633 -0.001178 
-0.210538 0.860260 0.000568 
-0.621653 0.669654 0.035994 
0.411028 -0.870510 -0.034747 
0.861631 0.225160 -0.034656 
-0.789212 0.410031 -0.034683 
-0.505377 -0.770875 0.035994 
-0.294749 0.953611 -0.006920 
0.847042 0.454094 0.035994 
-0.746054 -0.465182 0.024582 
-0.620662 -0.656079 0.035876 
-0.685272 -0.658574 0.035994 
-0.869509 0.237285 -0.034191 
0.753882 -0.562414 0.035994 
-0.781476 -0.426041 -0.034724 
0.486601 0.821228 0.035954 
0.620900 -0.694262 0.035994 
-0.079397 0.995691 -0.008306 
-0.778116 0.420295 0.003479 
-0.693394 0.664159 -0.020554 
0.287280 -0.905061 -0.019403 
0.540315 -0.703541 0.035994 
0.822235 0.366643 -0.033861 
-0.483991 0.836802 0.035994 
-0.847201 -0.240313 0.000606 
0.812631 -0.328150 0.004167 
-0.835408 -0.390805 0.035994 
0.733940 -0.456662 -0.025552 
0.862023 0.312509 -0.010777 
0.050591 -0.873293 0.004782 
0.158609 0.946671 -0.019467 
0.655842 -0.609418 -0.033718 
0.091044 -0.861739 -0.004978 
-0.378847 -0.879395 -0.032331 
0.756495 -0.441412 0.010907 
0.018368 -0.898553 -0.027814 
0.079672 -0.948865 -0.024054 
-0.687295 0.654862 0.035994 
0.883931 -0.432653 -0.002812 
0.752427 0.496025 -0.033409 
0.875100 0.251488 0.035955 
0.182656 -0.945109 -0.034749 
0.124161 -0.964251 0.035443 
-0.813197 -0.520113 -0.034728 
0.838860 -0.211899 -0.017641 
-0.494545 -0.711083 -0.007462 
-0.802063 0.341849 -0.013829 
0.540473 -0.821531 -0.003399 
-0.749391 0.470049 0.002628 
-0.808902 -0.314921 -0.024776 
-0.904092 0.030829 -0.030498 
0.301110 0.951839 -0.010574 
-0.127610 -0.865813 0.022081 
-0.015192 0.909356 -0.027059 
-0.221576 -0.880770 -0.013779 
0.378414 -0.848441 0.035994 
0.897729 -0.237428 0.035994 
0.979872 0.037923 0.025255 
-0.045400 -0.862088 -0.012631 
-0.862819 -0.269833 -0.027162 
-0.107247 -0.971493 0.018074 
-0.497782 0.799833 0.035994 
-0.959820 -0.001105 -0.025491 
0.614458 -0.671058 -0.011813 
-0.373113 0.914787 0.008609 
-0.632957 0.761951 -0.001351 
-0.211201 0.965158 0.002683 
-0.983353 -0.029513 0.016370 
0.838617 0.408345 0.035994 
0.663087 0.564173 -0.013719 
0.866092 0.150658 0.000686 
-0.822084 -0.451751 0.035994 
0.550712 0.795333 -0.034159 
-0.305046 0.818610 -0.018076 
-0.953867 0.156177 -0.034076 
-0.909615 0.121635 0.035978 
0.773694 -0.488557 0.035994 
0.552000 0.673759 -0.013909 
-0.677675 -0.707537 0.022799 
0.962362 0.004702 -0.034223 
-0.482848 -0.779066 -0.009071 
0.838258 -0.451191 -0.021494 
-0.291704 -0.856747 -0.017189 
-0.955351 -0.275145 -0.016929 
-0.925722 0.303031 0.035988 
0.899291 -0.196838 -0.007740 
0.894286 0.367646 -0.034724 
-0.742404 0.527092 -0.027048 
0.935176 -0.201016 -0.029985 
0.623336 0.642376 -0.034672 
0.446262 0.879396 0.008248 
0.248693 0.836447 -0.019356 
0.954733 -0.261372 -0.007081 
0.212279 -0.953492 0.024771 
-0.038674 -0.914753 -0.008712 
-0.855292 0.219032 0.007119 
0.440371 -0.835233 -0.013210 
0.604946 0.738839 0.035928 
-0.692913 0.598248 -0.020204 
-0.115028 -0.880866 -0.034748 
-0.128725 0.895126 -0.034048 
-0.497841 0.759647 -0.029795 
-0.896917 -0.336668 0.035915 
0.397735 0.908116 -0.002734 
-0.901229 0.103098 -0.024873 
-0.776933 0.565580 -0.022608 
-0.876051 -0.094610 0.017219 
0.687807 0.637895 -0.006946 
0.516672 0.732020 -0.034623 
0.677901 -0.577592 0.035994 
-0.391477 0.888894 -0.034707 
0.334641 0.887343 0.035922 
-0.657624 -0.742119 -0.027529 
0.765145 0.637346 -0.014441 
0.504923 -0.754320 -0.013502 
0.452281 0.752077 -0.034377 
-0.049718 -0.987306 -0.029182 
0.952927 -0.226615 0.008978 
0.903003 0.003526 -0.025586 
-0.309389 -0.807650 -0.007599 
0.971913 -0.187164 -0.031921 
0.231322 0.965729 -0.003317 
0.710260 0.581515 0.035962 
0.873958 0.450682 0.010939 
-0.000775 0.945798 0.035994 
-0.345417 0.917627 -0.034758 
-0.509831 0.709979 -0.029827 
0.816650 -0.377525 -0.028655 
-0.439655 0.885336 0.002305 
0.906789 -0.282496 -0.017021 
0.708801 0.524906 0.004130 
-0.840392 0.484313 -0.034255 
0.851103 0.392668 -0.007209 
0.892511 -0.369027 0.035994 
0.812741 -0.426076 0.035994 
0.049365 -0.977304 0.000530 
-0.553206 -0.698269 0.035878 
0.872282 -0.227715 -0.026251 
0.817066 0.441244 -0.006691 
0.852587 -0.502900 -0.027712 
0.495756 0.783784 -0.007690 
-0.880088 0.066459 0.001560 
-0.924925 -0.065360 0.035994 
-0.665596 -0.557355 -0.031497 
0.807112 -0.552668 0.007073 
-0.904140 -0.411430 -0.022658 
0.982178 -0.120107 -0.005541 
0.476721 -0.818301 0.035994 
-0.899124 0.355675 -0.032961 
0.121679 0.939954 0.035896 
-0.256319 -0.837270 0.012494 
0.032453 -0.969333 -0.034696 
-0.278422 -0.857716 0.035963 
-0.796303 0.587728 -0.001108 
0.986673 0.109765 -0.017420 
0.341388 0.815557 0.002044 
-0.374869 0.887041 0.035994 
-0.452790 0.760887 0.025952 
-0.646669 0.633493 -0.032934 
-0.863459 0.111929 -0.013141 
0.592351 0.654657 0.026535 
0.735710 0.585179 -0.007577 
0.816205 -0.286919 -0.027023 
0.857171 -0.187172 0.011597 
-0.707680 -0.512244 -0.002676 
-0.588142 0.794640 0.001128 
0.838479 0.254926 -0.001652 
-0.702900 -0.528244 0.029045 
0.699258 -0.634775 0.035994 
0.237283 -0.843496 0.031490 
0.587110 -0.781427 0.010397 
-0.563657 0.710153 0.035994 
-0.070807 0.946105 0.035994 
-0.867489 -0.108348 -0.033742 
-0.764517 0.499959 -0.020605 
-0.977488 -0.110531 0.008402 
0.977049 0.177911 -0.026644 
-0.933164 0.241910 -0.030767 
0.704429 -0.557934 -0.029973 
0.121107 -0.922508 -0.006864 
-0.866925 -0.155577 0.016219 
-0.090281 0.881018 0.002904 
0.706907 0.634672 0.035994 
0.900776 -0.411035 -0.025355 
0.363950 0.878678 -0.011264 
-0.629661 -0.629399 -0.034736 
0.712933 0.679138 0.008319 
-0.897630 -0.049601 -0.034411 
-0.119678 -0.949900 -0.033034 
0.017581 0.990125 -0.001020 
-0.775344 -0.600444 0.011007 
-0.760639 0.466682 0.035939 
-0.396451 -0.819129 0.035937 
0.521371 0.827242 0.035973 
-0.891418 0.274911 0.035917 
0.676683 -0.555759 0.002678 
-0.678027 0.717377 0.023239 
-0.908660 -0.100702 0.035994 
-0.470061 0.870432 -0.034758 
0.934522 -0.328894 -0.012998 
0.879281 0.043984 0.031819 
0.931754 -0.027694 -0.006644 
0.180700 0.893795 0.035994 
-0.758801 0.517960 0.035994 
0.753605 -0.622981 0.008703 
-0.508580 0.846750 0.010646 
0.990093 -0.017189 -0.006082 
-0.163777 0.958983 -0.034758 
-0.906698 -0.256736 0.035994 
-0.758279 0.613241 -0.034758 
-0.936794 -0.138560 0.035994 
-0.237860 0.904099 0.035994 
-0.875096 0.220056 0.035932 
-0.822452 0.290791 -0.008301 
-0.535135 0.843873 -0.022198 
0.691833 -0.691119 0.014884 
0.132024 -0.864676 0.005243 
-0.409109 -0.853104 0.035952 
-0.765566 -0.584591 -0.034311 
0.786693 0.568880 -0.034656 
-0.401423 -0.815700 -0.013524 
-0.557152 -0.805419 0.009706 
-0.598919 -0.771908 -0.034756 
-0.949202 -0.121930 -0.022218 
-0.219387 0.901320 -0.008123 
0.436321 0.852433 0.035913 
0.731703 0.470314 -0.016261 
-0.893099 -0.253609 -0.006671 
0.881536 -0.368573 -0.028287 
-0.466502 -0.739369 -0.000849 
-0.239978 -0.922525 -0.025024 
-0.880173 -0.053576 0.002475 
0.893431 0.409430 0.007869 
-0.403757 0.774617 -0.017079 
0.072507 0.956853 -0.018853 
0.541426 0.698016 0.021321 
-0.051200 0.917713 0.035994 
-0.911905 0.379111 0.000678 
-0.668855 0.579276 0.011541 
0.932372 0.289870 -0.034685 
0.287286 0.848121 -0.034723 
0.148868 -0.884602 -0.030338 
-0.990243 -0.082691 -0.031388 
0.668940 0.703240 0.035954 
0.894376 -0.111687 0.035994 
0.331333 0.858915 -0.010946 
-0.046811 0.959547 -0.020204 
-0.140142 -0.930569 -0.010611 
0.719577 -0.563897 0.035994 
-0.841403 -0.299375 -0.034758 
-0.932990 0.286011 -0.034758 
0.311342 -0.808457 -0.033228 
0.580070 0.672237 -0.034744 
0.077453 0.920529 0.035856 
-0.654628 0.663995 -0.006731 
-0.691327 0.533136 -0.028774 
-0.540039 -0.770661 0.035974 
0.667539 0.580069 0.031709 
-0.576388 -0.647522 -0.030775 
-0.956869 0.033833 -0.020710 
-0.667842 -0.603111 0.035994 
0.650831 -0.729635 0.007837 
0.183191 0.939682 0.035994 
0.871278 0.117027 0.003344 
0.676202 0.598647 -0.031860 
0.956726 0.149479 -0.034738 
-0.735948 -0.547589 -0.009351 
0.083172 0.881270 0.009179 
-0.262010 -0.853394 -0.034613 
0.907755 -0.048522 0.035994 
0.114061 0.980757 0.015954 
-0.953605 -0.021400 0.035994 
-0.992610 0.082951 -0.027968 
0.489169 -0.859331 -0.025062 
-0.948712 0.267677 0.003584 
-0.982713 0.059077 0.023117 
-0.828015 0.416264 0.035976 
-0.244488 0.841416 -0.032539 
-0.617968 0.633957 0.029090 
0.222682 -0.883134 -0.011053 
-0.871390 -0.367387 0.035909 
0.749915 -0.527067 -0.008386 
0.000139 0.873275 -0.026214 
0.512280 0.854452 -0.030942 
0.227382 -0.947695 -0.034661 
-0.164702 0.885741 -0.034756 
0.853973 -0.477856 0.009347 
0.839539 0.332310 0.035994 
-0.960964 0.065578 -0.031530 
0.369863 -0.798459 -0.034758 
-0.113854 0.941285 0.035994 
-0.596866 0.638892 -0.030640 
-0.808596 -0.524153 0.035994 
-0.827697 0.472253 0.035994 
0.967524 0.164879 0.009873 
-0.778089 -0.410097 0.020022 
0.607869 0.759756 -0.034667 
-0.122571 0.878007 0.030617 
0.905783 0.069666 0.035994 
0.678127 -0.581645 -0.034187 
0.625746 -0.625527 0.035994 
0.539778 -0.805964 -0.034698 
-0.337159 0.928291 0.027616 
0.628145 -0.659629 0.035994 
-0.720751 0.676724 -0.034758 
-0.910303 -0.376465 -0.000985 
-0.507595 0.728184 0.033231 
-0.843865 -0.443769 -0.019198 
-0.485108 0.837402 -0.032995 
-0.065664 0.871148 -0.028008 
-0.937855 -0.293062 0.010109 
0.716630 -0.652729 -0.034703 
0.570502 -0.718569 -0.007992 
0.746831 0.522743 0.035956 
-0.257701 -0.943766 0.011296 
-0.823902 -0.308936 0.004098 
-0.920242 -0.289094 -0.034118 
0.796681 0.346451 -0.012349 
0.592405 0.719929 -0.006671 
0.654868 0.628633 -0.023785 
-0.105522 0.937470 -0.007471 
0.091991 0.924838 -0.007574 
0.321287 -0.903767 0.035994 
0.897340 0.185345 0.035945 
0.618728 0.616590 -0.005181 
0.487285 0.758244 -0.034312 
0.427797 0.862576 -0.029281 
0.925248 -0.307213 0.035086 
0.814451 0.505223 -0.023458 
0.858979 -0.248783 0.035994 
-0.439815 -0.846530 -0.025039 
-0.808381 0.367780 0.032961 
-0.880740 0.008168 -0.034494 
0.308306 -0.829542 0.035994 
0.247131 0.937266 -0.034134 
0.423963 -0.880467 0.010088 
-0.732218 -0.464981 -0.009760 
-0.580083 -0.717833 0.035854 
0.401954 -0.776802 0.014842 
0.848204 -0.173981 -0.023229 
-0.171643 -0.942678 -0.033188 
-0.372591 -0.912821 -0.004343 
0.173209 -0.845225 -0.026353 
0.767624 0.483384 0.035964 
0.854620 -0.395679 -0.010653 
-0.402953 0.829064 -0.010892 
-0.597966 0.679347 -0.033269 
0.176871 -0.886350 0.035994 
-0.756328 0.648054 -0.032765 
-0.309883 -0.939923 -0.025804 
0.154146 0.975118 0.003439 
-0.426039 0.810261 0.035994 
-0.554317 -0.732933 -0.008168 
0.624352 0.711544 -0.009679 
0.784846 -0.380246 -0.034743 
0.939962 -0.178648 0.035994 
-0.011564 -0.875481 0.029457 
0.034278 0.875273 -0.032504 
-0.655834 0.662766 0.035994 
-0.848890 0.421777 -0.009736 
-0.743506 0.587152 0.035994 
0.646444 -0.670188 -0.006934 
-0.668665 -0.697540 -0.034639 
0.683061 0.538947 -0.010483 
0.786245 0.454174 -0.020257 
-0.922614 -0.086099 -0.007222 
0.854509 0.154740 -0.030637 
-0.532537 -0.791664 -0.024233 
0.278573 0.905625 -0.009095 
-0.869363 -0.399593 0.035965 
-0.622822 0.699896 -0.006671 
-0.884090 0.191002 -0.032045 
-0.750099 0.557461 -0.006671 
-0.194291 0.866644 0.033798 
-0.196604 0.879923 -0.034682 
0.953929 -0.070072 -0.027818 
-0.285562 -0.827974 0.000615 
-0.173586 0.931427 0.035994 
0.056157 -0.897141 -0.027833 
-0.362952 -0.862008 -0.007802 
-0.759165 -0.638541 -0.010569 
0.583256 0.709398 0.035951 
-0.776793 0.572171 0.035994 
-0.512108 -0.732152 -0.034627 
0.491708 -0.709441 -0.015956 
-0.641526 -0.595384 -0.001096 
0.773082 0.422937 0.007258 
0.541023 0.737754 -0.014735 
0.897487 0.299192 -0.010956 
0.909194 -0.381843 -0.004165 
0.894239 0.109467 -0.031353 
-0.198624 -0.859450 0.035780 
0.979559 0.072083 0.001393 
-0.792042 -0.512285 -0.012216 
-0.524639 -0.826457 0.014346 
-0.608047 -0.689551 -0.008127 
0.860425 -0.097157 -0.017978 
0.939170 -0.264418 -0.034671 
-0.930987 0.162281 -0.008995 
0.457773 -0.756657 0.035994 
-0.033958 0.882194 -0.001152 
0.875321 0.247302 -0.016464 
-0.744502 0.648243 0.019432 
0.340408 0.915524 -0.034734 
0.759516 0.625718 0.025698 
0.690161 0.672558 -0.031813 
0.258679 -0.835588 0.005610 
0.014294 0.967758 -0.033551 
0.843851 0.462888 -0.031438 
-0.873407 0.265234 -0.019879 
0.583919 0.795067 0.001296 
-0.256466 0.861643 0.035994 
0.016073 0.932620 -0.006748 
-0.795495 0.447051 -0.021299 
-0.329811 -0.893804 -0.022432 
-0.479029 -0.840962 -0.034724 
0.942340 0.276986 0.006114 
-0.584080 -0.791277 -0.002178 
-0.891928 0.337588 0.035953 
-0.068786 -0.872266 0.011766 
0.802631 -0.551484 -0.034675 
0.876302 0.019419 -0.034744 
-0.739989 -0.617741 -0.034619 
0.379674 0.830701 -0.017305 
-0.337688 -0.795611 -0.014068 
-0.326025 -0.829864 0.035941 
-0.945733 -0.187824 -0.032916 
-0.648458 -0.641479 0.035942 
-0.379394 0.844567 0.035994 
-0.857573 -0.461622 0.035893 
0.273712 -0.858292 -0.021851 
0.959050 0.215801 -0.034636 
-0.610600 0.698937 0.035994 
-0.127629 -0.896585 0.035986 
-0.850073 -0.470261 -0.034663 
0.030062 0.892393 0.035916 
-0.116139 -0.982301 -0.015700 
-0.298574 0.868432 0.035994 
-0.845836 0.254832 0.000797 
0.924614 0.165366 -0.008084 
0.445724 -0.882660 -0.014280 
-0.259011 0.871161 -0.029135 
-0.748911 -0.485588 -0.034668 
-0.981806 -0.144208 -0.005720 
-0.469094 -0.858746 0.025472 
0.621068 -0.752992 -0.034653 
0.451885 0.759260 0.001388 
0.277164 0.923741 0.035969 
0.391809 0.779105 -0.015528 
0.889440 0.338566 -0.017101 
-0.853967 -0.214212 0.028161 
-0.639631 0.611732 0.003791 
-0.508198 -0.731486 0.035994 
0.379032 -0.900861 0.007312 
-0.720341 -0.681543 -0.023133 
0.711289 0.528698 0.034872 
0.645197 0.759879 -0.019573 
-0.917018 -0.300007 0.035994 
-0.540380 0.795000 -0.021187 
-0.937960 0.232112 0.035994 
0.647526 0.607076 0.033239 
0.343488 -0.888134 -0.024324 
-0.599185 -0.641190 0.019299 
0.923651 -0.004134 0.035994 
-0.368542 -0.799040 0.034528 
-0.638025 -0.722119 0.035979 
0.228454 -0.853047 -0.034675 
-0.386002 0.797256 0.006824 
0.434672 -0.762327 -0.034758 
-0.957480 0.111304 0.035972 
0.026290 -0.921867 0.035994 
-0.019244 0.971831 -0.034717 
0.129653 -0.902842 0.035994 
0.711683 -0.671265 0.001518 
0.722268 0.662142 0.035210 
0.347846 -0.858728 0.035994 
0.847768 -0.289801 -0.033614 
0.563169 -0.767319 0.035994 
0.474656 -0.833811 -0.034256 
-0.860426 -0.309777 -0.011989 
-0.572098 0.767126 0.035994 
0.407852 -0.838085 0.035994 
0.710072 -0.492048 -0.025423 
-0.184447 0.935250 -0.011771 
-0.836866 -0.255156 -0.034493 
0.148994 -0.929172 0.035994 
-0.529488 0.735591 -0.032379 
-0.766340 -0.551086 -0.013017 
-0.921506 0.015568 0.035994 
0.333049 0.820788 0.031990 
-0.954183 -0.235332 0.027150 
0.604377 -0.783126 -0.019345 
-0.440696 0.811345 -0.010168 
0.518487 -0.704552 0.006057 
0.838999 -0.254821 0.013670 
0.797646 0.373392 0.002037 
-0.691853 0.551089 0.008234 
-0.065594 0.985753 0.023855 
0.453221 -0.801293 -0.007172 
-0.571045 -0.659195 -0.002657 
0.920099 0.034662 -0.007885 
0.335559 -0.850523 -0.009166 
0.813300 0.305658 -0.026994 
0.789755 -0.430949 -0.028094 
-0.933920 -0.013850 -0.006534 
-0.870575 0.464319 0.002317 
0.110053 -0.867014 -0.034758 
0.789231 -0.380390 0.007869 
-0.637539 0.765360 -0.032870 
0.954153 -0.073652 0.035994 
0.434955 0.790410 -0.033876 
-0.851103 0.517562 -0.032089 
-0.966725 -0.180896 0.007336 
0.789278 -0.494977 -0.007006 
-0.585739 -0.677623 -0.034073 
-0.911650 0.047204 0.035932 
0.924051 -0.129923 0.035994 
0.955626 0.224443 0.025431 
0.789081 -0.580013 0.000367 
-0.810074 0.577330 -0.033317 
-0.575221 0.701741 -0.031387 
0.901019 0.420940 -0.019079 
-0.439626 0.854138 0.035994 
0.902408 -0.116727 -0.014273 
-0.945220 -0.240500 -0.034679 
0.192944 -0.895146 -0.008468 
0.586216 -0.640013 -0.004021 
-0.046348 -0.948858 0.035994 
0.628235 -0.592821 -0.027555 
0.546639 -0.668003 -0.019984 
0.241391 -0.922020 -0.027350 
0.773113 0.482528 -0.016138 
0.968371 0.042863 -0.034689 
0.729494 -0.578532 -0.006854 
0.322072 0.831921 -0.034701 
-0.484602 0.803177 -0.006671 
-0.714274 -0.595301 0.035994 
-0.669696 0.580426 -0.034655 
-0.893069 -0.169893 0.035994 
-0.876571 0.372051 0.035949 
-0.821604 0.526207 0.035994 
-0.832690 -0.354617 0.035970 
-0.199599 0.850864 -0.028275 
-0.795472 -0.580202 -0.034749 
-0.942585 0.315914 -0.033183 
-0.662030 0.745654 -0.032128 
-0.024544 -0.901586 0.035994 
0.947892 0.098163 0.035994 
-0.429317 -0.758984 -0.002294 
0.230897 -0.949980 0.001724 
0.939953 0.111449 -0.011917 
0.839414 0.526342 -0.033739 
-0.143077 -0.974415 -0.004182 
0.452029 -0.737667 -0.032373 
0.918940 0.346625 0.028961 
-0.739692 0.463551 -0.026779 
0.969181 -0.144948 0.004910 
-0.591511 -0.754386 0.035846 
0.216534 0.885144 0.035938 
0.951685 0.246400 0.001051 
0.822227 0.498688 0.035965 
0.815320 -0.527409 0.035836 
-0.123004 -0.904855 -0.010116 
0.869737 -0.388146 0.035994 
0.712748 -0.623689 -0.015504 
0.804105 -0.317792 -0.022316 
-0.933701 0.192859 -0.014211 
0.085393 -0.901755 0.035994 
-0.977802 0.139361 -0.000828 
0.829929 0.546089 -0.006035 
-0.673744 -0.618505 -0.010764 
-0.916014 -0.354182 0.017641 
-0.956031 -0.037038 -0.020212 
-0.801714 0.513514 -0.012070 
-0.352496 0.842974 -0.018764 
-0.857324 -0.201669 -0.034670 
0.273976 0.949088 0.000983 
0.537745 0.839638 -0.029039 
-0.270174 -0.912588 0.035877 
-0.541740 -0.690214 0.006789 
0.719771 0.561471 -0.014942 
0.662004 0.735633 -0.034587 
-0.416989 -0.885187 0.012321 
0.153756 -0.934666 -0.015930 
-0.717016 -0.598755 -0.007043 
-0.870625 0.144848 0.008432 
0.458819 0.811326 0.035951 
0.909566 0.372077 0.008245 
-0.173910 0.868125 0.009351 
0.787444 -0.440973 0.035994 
-0.924191 -0.187170 -0.008638 
-0.255834 -0.825150 -0.015985 
-0.135358 0.954651 -0.028916 
0.830078 -0.451704 0.035994 
0.563137 -0.770823 -0.030599 
0.988106 -0.084401 -0.024791 
0.779969 0.396422 -0.003059 
-0.205955 -0.962104 -0.034276 
0.868418 -0.419637 0.035994 
-0.821349 0.547322 0.013054 
0.701495 0.525487 -0.034351 
-0.797161 0.546455 -0.031490 
-0.889125 0.453443 -0.020743 
0.869474 0.052397 -0.004253 
0.342994 -0.927112 -0.016832 
-0.874197 -0.406676 -0.034400 
-0.703847 0.627295 -0.007506 
-0.385635 -0.774009 -0.011066 
0.440576 -0.803323 0.035994 
0.743501 -0.621443 0.035994 
0.286656 -0.930835 -0.034665 
0.288071 -0.825789 0.002475 
0.820971 -0.310580 0.030001 
-0.472018 0.748871 0.006758 
-0.719397 0.522369 0.032387 
0.487358 -0.847288 0.012003 
0.206262 0.973453 -0.033238 
0.567821 0.771724 0.035960 
-0.560265 0.678672 -0.002570 
0.862275 0.089809 -0.011438 
-0.092848 -0.951541 0.035994 
0.122821 -0.970415 0.001586 
-0.568821 -0.700528 -0.024517 
0.858264 0.487767 -0.001793 
0.923335 0.198336 0.035896 
-0.173563 -0.846007 -0.023519 
0.016731 0.922825 0.035994 
-0.892184 -0.079565 -0.034749 
0.954774 -0.128068 -0.034666 
0.880137 -0.162839 -0.034470 
-0.868911 0.415757 -0.030657 
0.343110 0.804756 -0.032630 
-0.796578 -0.360230 -0.034607 
0.717188 0.625582 -0.017932 
0.210687 -0.902186 0.035994 
0.652527 0.679547 0.035989 
-0.488501 -0.755154 -0.030136 
-0.875309 -0.136037 -0.034680 
-0.692331 -0.523249 -0.031105 
0.846051 0.216917 -0.003257 
-0.630894 -0.764334 -0.018776 
0.589681 -0.682798 -0.020421 
0.195860 0.865335 0.033701 
0.925047 0.269945 0.035864 
-0.662070 -0.672800 -0.010862 
-0.089919 0.883203 0.033368 
0.838365 -0.425130 -0.009578 
0.445939 0.812227 -0.007938 
0.763965 -0.577328 -0.032120 
0.079332 -0.881569 -0.034683 
-0.514986 0.763407 0.035994 
0.874605 -0.132931 0.035247 
-0.071649 -0.918451 -0.007121 
-0.819400 0.306050 -0.032680 
0.480525 0.848696 -0.034656 
-0.218801 -0.952969 0.009908 
0.663382 -0.722280 -0.034621 
0.761682 -0.457910 0.035994 
0.527936 0.797727 -0.017107 
-0.846336 0.292734 -0.034758 
0.132190 0.961876 -0.034598 
0.752725 0.436167 -0.007818 
0.182106 -0.858414 0.033848 
0.184241 -0.959727 0.017512 
0.084804 -0.939079 0.035994 
-0.640117 -0.717303 -0.033599 
-0.533930 0.708819 0.033275 
-0.413671 -0.797470 -0.031596 
0.069027 0.884178 -0.034658 
-0.395072 0.817357 0.035994 
0.859111 0.189747 0.006181 
-0.362432 0.884474 -0.014148 
0.742026 0.664975 -0.018687 
0.084943 -0.911545 -0.008645 
0.828145 -0.376854 0.035994 
0.870778 0.378792 0.035994 
-0.047799 -0.959584 -0.034573 
0.266580 0.867194 -0.030156 
-0.261602 0.935471 -0.034635 
-0.696909 -0.689668 0.012288 
-0.965750 0.220466 -0.034431 
0.045309 -0.883934 0.035994 
0.204059 0.866891 -0.034758 
-0.065013 -0.984825 -0.005557 
-0.906640 0.406405 -0.004327 
0.447346 -0.751871 0.007289 
-0.355961 0.803945 -0.003304 
-0.091602 -0.952203 -0.032313 
-0.756343 0.627755 0.034724 
0.146207 0.924859 -0.006671 
-0.266990 -0.918091 -0.031587 
-0.862191 -0.181107 0.002732 
-0.990092 0.058250 -0.004013 
0.824136 0.273881 -0.029150 
0.158315 0.875553 0.035245 
-0.724824 -0.518991 -0.034662 
0.773160 0.590920 0.035851 
-0.229613 -0.841624 -0.001410 
-0.186392 -0.888405 -0.014198 
-0.904111 -0.315722 -0.024661 
-0.787581 -0.485088 -0.007073 
0.315448 0.939840 -0.034664 
0.498930 -0.819898 -0.034382 
-0.619125 0.622327 -0.033970 
0.502462 -0.807471 0.035994 
-0.810192 -0.402793 0.035994 
-0.692699 0.703998 0.003628 
-0.162801 -0.942788 0.035911 
0.934211 -0.293671 0.006073 
0.650931 -0.585031 0.001670 
0.632508 -0.605492 0.014167 
-0.907076 -0.352515 -0.034670 
-0.837162 -0.532991 -0.028970 
0.914628 0.227508 -0.009302 
-0.652801 -0.614046 -0.033845 
-0.887421 0.380972 -0.032781 
-0.981257 0.173983 -0.026540 
-0.595089 0.770875 -0.034747 
-0.602086 0.744731 -0.015923 
-0.486513 0.865818 -0.002837 
-0.846860 0.312511 0.035865 
0.253934 0.862382 0.035882 
-0.906344 0.001881 -0.025926 
-0.068385 0.897877 -0.034752 
0.173856 0.926358 -0.007410 
0.618502 0.714687 0.035901 
-0.591685 0.805161 -0.024517 
-0.894862 -0.006134 0.035994 
-0.290755 0.951005 -0.034166 
-0.839558 0.351985 -0.021597 
0.028145 -0.946866 -0.015820 
0.855305 -0.137686 -0.008161 
0.563595 -0.736895 0.035994 
-0.863693 0.419302 0.035963 
-0.467844 -0.866213 -0.034280 
0.923832 -0.184421 -0.010005 
-0.414965 -0.789484 0.035994 
-0.438630 -0.745592 -0.024823 
0.344982 -0.803701 0.023067 
0.825013 -0.297502 0.002754 
-0.233779 0.950954 -0.034718 
0.256735 -0.912672 0.035994 
0.285920 -0.871285 0.035994 
-0.078768 0.931040 -0.006671 
-0.335885 -0.930995 -0.026971 
-0.881268 0.318427 -0.006671 
0.784143 -0.576089 0.035349 
0.031236 -0.915002 -0.008686 
0.003991 -0.972899 0.035127 
0.879542 -0.396252 -0.034758 
0.809700 0.417075 0.035994 
0.878394 -0.006284 0.007469 
0.889808 -0.307255 0.035994 
0.878362 0.201853 -0.031887 
-0.600596 -0.678634 0.035882 
0.366392 0.915997 0.008032 
-0.720621 0.602200 0.035994 
0.019231 -0.874805 0.010873 
-0.033823 -0.986908 -0.006906 
-0.332671 -0.904977 0.035902 
0.634076 0.753863 0.006290 
0.834332 -0.486257 0.035994 
-0.697404 0.575052 -0.033987 
0.063742 0.945450 0.035932 
-0.515466 -0.694729 -0.013828 
-0.759106 0.587912 -0.020698 
0.882232 -0.447942 -0.029862 
-0.994852 -0.034865 -0.010832 
0.676379 -0.605863 0.035994 
0.135887 -0.899624 -0.011625 
0.038997 0.884359 0.010664 
0.327017 0.857832 0.035949 
0.373557 0.893679 -0.034176 
-0.288189 -0.883153 0.035916 
-0.287623 0.832489 -0.002397 
0.418653 0.905834 -0.020006 
0.001625 -0.986441 -0.032710 
0.400362 -0.792951 -0.034758 
-0.884893 -0.213397 -0.016133 
-0.766037 0.417674 -0.022777 
-0.802679 0.359310 -0.034613 
0.936251 0.295582 0.029193 
0.890781 -0.234608 -0.007620 
-0.822274 -0.556176 -0.013628 
0.057745 -0.963952 0.035994 
-0.552759 0.683679 -0.034447 
0.459901 0.839061 0.035977 
0.789552 0.430980 -0.033888 
-0.796033 -0.373637 0.006627 
-0.871315 0.165884 -0.034676 
-0.528363 -0.825840 -0.034722 
0.839865 0.263466 0.028450 
-0.618378 0.724819 0.035994 
-0.332103 0.941565 -0.030721 
0.387776 0.868173 0.035893 
-0.979848 -0.085301 0.019008 
0.488184 -0.726348 0.004808 
-0.571490 0.804493 0.030748 
0.129601 0.900936 0.035986 
0.569957 -0.807567 -0.009382 
0.118493 -0.877293 0.035994 
-0.134707 0.959065 0.035994 
-0.862567 -0.487679 -0.005914 
0.828626 -0.343511 -0.032656 
-0.876408 0.038459 -0.034530 
-0.850242 -0.357822 -0.007945 
-0.874263 0.099998 -0.034629 
0.721319 0.499239 -0.002057 
-0.631871 -0.748653 0.004154 
-0.405238 0.792553 0.035061 
0.813717 0.444495 0.035994 
0.034253 0.958642 -0.018157 
-0.960148 0.127047 -0.034394 
0.911052 -0.091732 -0.009932 
0.953438 -0.105684 0.035994 
-0.444964 0.783469 -0.034757 
-0.837285 -0.270896 0.005576 
0.608010 -0.619133 -0.033916 
-0.995312 -0.011225 -0.028730 
0.527312 0.801200 0.035962 
-0.279506 -0.936719 0.029251 
0.866535 -0.049231 -0.031271 
0.912152 -0.195931 0.035994 
0.956644 -0.209135 0.028757 
0.924370 -0.073323 0.035994 
-0.908302 -0.030158 -0.019679 
0.917790 -0.350464 -0.001712 
0.853449 -0.276536 0.035994 
-0.911789 0.063279 -0.014593 
-0.783763 0.618982 -0.013847 
0.374252 -0.882976 -0.034188 
0.661400 0.729762 0.022080 
0.314729 -0.925237 0.021737 
0.805276 0.331130 -0.032288 
0.490529 -0.738976 -0.034758 
-0.892185 0.417373 0.031657 
-0.883755 -0.215926 0.035994 
-0.191132 0.969399 0.019543 
0.001790 -0.873877 -0.034758 
0.875368 -0.222249 0.035994 
0.837098 0.229221 -0.025422 
-0.773752 0.428779 0.029118 
-0.826522 0.312706 0.006048 
0.203444 -0.850847 0.009065 
-0.691119 -0.574270 0.035994 
0.935099 -0.140696 -0.012273 
-0.476013 0.781163 0.035994 
0.827770 0.472825 0.035994 
-0.057765 -0.876313 -0.034710 
-0.598705 -0.740469 -0.019685 
-0.797336 -0.460901 0.035994 
0.734244 -0.496993 -0.034758 
-0.687627 0.685801 -0.034480 
-0.709308 -0.647765 0.035994 
-0.041668 -0.975090 0.031954 
-0.950973 -0.160806 0.035994 
-0.775082 0.497260 0.035994 
-0.232186 -0.907358 0.035903 
0.751640 -0.535748 0.035994 
-0.000293 -0.911783 0.035994 
0.570011 0.777644 -0.031661 
0.661992 -0.643452 -0.006671 
-0.327309 0.827726 -0.034677 
-0.897001 0.078508 -0.034189 
-0.951173 0.011861 0.035994 
-0.959181 -0.163867 -0.034707 
0.317148 0.825461 0.004042 
0.607408 -0.629862 0.017776 
-0.365334 -0.788795 -0.003613 
0.386852 0.805621 0.035991 
0.498518 0.742995 0.035852 
0.754628 0.592428 -0.026310 
0.203402 0.923757 -0.008256 
0.684000 0.708704 0.015269 
0.826190 0.466808 -0.012555 
0.283414 -0.947017 -0.014386 
0.859910 0.348699 0.035994 
0.887012 -0.015053 -0.034622 
0.472749 0.739730 -0.002918 
-0.874590 0.471534 -0.033785 
0.313977 -0.936325 -0.031001 
-0.406628 0.910037 -0.032643 
0.377644 0.836998 0.035949 
-0.470801 -0.772969 0.035994 
-0.894799 0.100143 0.035927 
0.855655 0.292621 -0.026387 
-0.441629 0.786342 0.035994 
0.114923 0.913081 -0.011484 
0.178302 -0.926531 -0.012699 
-0.227468 -0.879887 0.035950 
-0.696886 0.630639 0.035994 
-0.838100 -0.498238 -0.034727 
0.092985 0.868493 -0.011221 
0.432100 -0.873748 0.033840 
0.141295 0.863234 -0.006686 
-0.892954 -0.435334 -0.009356 
-0.599879 0.650776 0.021042 
0.868123 0.272242 -0.015989 
-0.679763 0.713669 -0.034758 
-0.555111 -0.780807 -0.030945 
-0.937531 0.066315 0.035933 
0.782315 0.546954 -0.021552 
-0.578917 0.660716 -0.003704 
0.302793 0.867019 0.035988 
-0.213693 0.914959 0.035994 
0.418860 0.841911 -0.007095 
-0.754751 -0.575262 0.035994 
0.070933 0.909178 -0.020860 
0.776923 0.541282 0.035896 
0.823122 0.560384 -0.026492 
0.253546 -0.955607 -0.009411 
-0.643974 0.721249 0.035994 
0.606131 -0.728810 0.035994 
-0.843790 0.504175 0.034527 
-0.719378 0.692903 -0.013533 
0.141893 -0.976340 -0.031969 
-0.866605 0.081994 -0.014010 
0.693337 -0.534443 0.008310 
0.890116 -0.340239 -0.022272 
-0.442535 0.854264 -0.021870 
-0.284460 -0.905573 -0.017133 
0.218751 0.957146 0.035409 
0.812814 -0.519750 -0.034740 
0.318872 0.934139 0.003726 
-0.740787 -0.642515 0.007023 
0.255153 0.886445 -0.010119 
0.971017 -0.197826 -0.008527 
0.538646 -0.730633 0.035994 
-0.857943 -0.310367 0.035960 
-0.964597 0.201610 0.013943 
0.850779 -0.319287 -0.015571 
0.361327 -0.845021 -0.007564 
0.419604 -0.849898 -0.016924 
0.398471 -0.811464 -0.017054 
0.779349 -0.548334 -0.024321 
0.073537 0.996447 -0.026510 
-0.936604 0.215030 -0.026803 
0.505068 -0.848253 -0.006541 
0.067757 0.984620 0.030903 
-0.308819 -0.886980 -0.009351 
-0.691155 -0.645753 -0.011949 
0.466625 0.874699 -0.034506 
-0.452376 -0.839148 0.035994 
-0.919100 0.088762 -0.008294 
0.881710 -0.120331 -0.034750 
0.740810 -0.644281 -0.034618 
-0.090930 -0.977728 -0.002395 
-0.880814 -0.423344 0.035243 
0.802646 0.363281 0.028434 
0.700173 0.579266 -0.021115 
-0.556709 0.830224 -0.023886 
0.176921 -0.876146 -0.033819 
-0.880906 0.042919 0.011512 
-0.567890 0.740413 0.035994 
0.612199 0.735801 -0.018360 
0.940518 0.322434 -0.025321 
-0.621931 -0.717403 -0.015682 
-0.980017 0.031360 0.034521 
-0.561764 0.778399 -0.018977 
0.738755 -0.640863 0.020195 
-0.898374 -0.037446 0.035994 
-0.315385 -0.843726 -0.025575 
-0.890482 0.294194 -0.006671 
-0.923627 0.040797 -0.007840 
0.859969 -0.261716 -0.031424 
0.917413 0.040396 0.035994 
-0.959389 0.165827 0.035994 
0.487277 -0.786268 -0.006671 
-0.973536 -0.202586 -0.009000 
-0.247529 -0.868504 -0.020138 
0.334416 -0.795506 -0.019591 
0.113374 0.991298 -0.030836 
0.615923 0.655874 0.035994 
0.741255 -0.460806 -0.001564 
0.361557 0.849760 -0.009349 
-0.841944 0.462022 -0.022205 
-0.156704 0.901640 -0.016673 
-0.324144 0.855652 0.035994 
0.311443 0.874988 -0.007556 
0.898646 0.121002 0.035994 
-0.167398 -0.879537 -0.033309 
0.624249 0.761897 0.028216 
-0.886368 -0.162668 -0.033015 
0.581154 -0.654425 0.016165 
0.389845 -0.864771 -0.017846 
0.661549 -0.671360 0.035994 
0.981434 0.040388 0.000162 
0.972790 0.133032 0.007022 
-0.827169 0.403446 -0.010749 
-0.604153 -0.633141 -0.034711 
0.704827 0.607938 0.035994 
0.875664 -0.064914 0.011340 
0.372805 -0.814404 0.035994 
0.816921 0.548729 0.016270 
-0.618347 0.769661 0.017675 
-0.891526 0.174392 0.035994 
-0.929807 -0.206730 0.035994 
0.183235 0.954700 -0.034758 
0.290292 0.951480 -0.033288 
-0.305829 0.905599 0.035994 
0.764845 -0.463549 -0.034188 
0.090309 -0.977547 -0.002465 
-0.526721 0.696866 -0.010902 
0.220732 0.856724 0.005879 
0.519094 0.751738 -0.016005 
-0.922948 0.264129 -0.022745 
0.051632 0.923458 0.035921 
0.695007 -0.665470 -0.034754 
-0.832528 0.361593 0.035873 
-0.698869 -0.687356 -0.034731 
0.895332 0.132758 -0.022110 
0.904568 -0.020410 0.035994 
-0.101341 -0.859367 -0.031734 
-0.822563 0.388250 0.035911 
-0.715619 0.582199 -0.012283 
-0.982547 -0.053939 0.021968 
-0.095581 0.982995 0.009795 
0.310909 0.854628 -0.024783 
-0.285146 -0.935006 -0.034687 
-0.016732 -0.930644 -0.006918 
-0.226183 0.973319 -0.015586 
-0.275057 0.948768 0.010882 
0.926275 -0.225127 -0.021764 
-0.771789 -0.478850 0.035994 
0.516076 0.705427 -0.032721 
-0.623287 -0.604882 -0.032375 
-0.731455 -0.543305 0.035994 
0.371725 0.901599 0.035852 
0.673761 0.569755 0.009875 
0.087038 -0.974376 -0.034636 
0.809282 0.319433 -0.006610 
0.827640 0.300036 0.021366 
0.615342 -0.758990 0.027066 
0.673226 0.673246 -0.013581 
-0.816983 0.446184 0.035994 
-0.874806 0.445333 0.035272 
-0.855169 0.373424 -0.006671 
0.367664 -0.902736 0.033716 
0.971038 -0.132167 0.026142 
-0.691655 -0.558233 -0.034723 
-0.625447 -0.615830 0.008750 
-0.492661 0.735973 0.011757 
0.880505 -0.072019 -0.034728 
0.022246 0.977381 0.035994 
0.972426 0.085537 0.035341 
0.973242 -0.051829 -0.034667 
-0.492686 -0.714216 -0.032334 
0.768169 -0.421191 0.002596 
0.978855 -0.013791 -0.034537 
0.277254 -0.934192 0.033652 
0.970506 -0.168424 -0.002860 
-0.926351 -0.139246 -0.006970 
-0.650365 0.590603 -0.003339 
-0.088826 -0.880835 -0.034697 
-0.028384 0.885060 0.022771 
0.843164 0.369321 -0.009010 
0.053233 0.997474 -0.009436 
-0.102471 0.993943 -0.017002 
0.881805 0.221424 0.035957 
-0.075846 0.993888 -0.032698 
-0.013231 -0.868955 -0.003040 
0.003476 0.892461 0.035814 
-0.796919 -0.443975 -0.012992 
-0.807655 -0.556696 0.012564 
0.373906 -0.819427 -0.022394 
0.252075 -0.941235 0.034055 
0.619784 -0.721568 -0.021313 
0.829708 0.417277 -0.006671 
-0.856710 0.187101 -0.003460 
-0.778235 -0.518910 0.035994 
-0.387069 -0.911466 -0.024220 
0.577696 0.696523 -0.031415 
0.796134 0.578055 0.016334 
-0.450997 0.750566 -0.005932 
-0.773302 0.613178 0.010943 
0.684018 0.646451 0.035994 
-0.714421 0.527129 -0.034758 
-0.235667 -0.905336 -0.007968 
0.745010 0.637939 -0.034670 
0.637931 0.691200 -0.007425 
0.827672 -0.394475 -0.008510 
-0.878224 -0.363172 -0.016252 
-0.446307 -0.782980 0.035994 
0.155464 0.945161 0.035956 
-0.779246 -0.576614 0.035994 
-0.942779 0.135618 0.035994 
0.888823 0.070050 -0.034653 
0.192863 -0.968038 -0.031993 
0.705765 -0.692795 -0.008751 
-0.754097 -0.442062 -0.034612 
-0.057724 0.876737 -0.003583 
-0.028934 0.998696 -0.024099 
0.774653 -0.408956 -0.034758 
-0.839173 0.540642 -0.018328 
-0.920147 -0.372878 -0.031084 
0.550673 -0.713009 -0.022043 
-0.802968 0.389805 -0.034708 
0.025812 0.990345 -0.034758 
0.286142 -0.884209 -0.006671 
0.933803 0.227885 0.035867 
0.037271 -0.883258 -0.034692 
-0.574104 0.728222 -0.008097 
0.943564 -0.018236 0.035994 
-0.589811 -0.641960 -0.003208 
0.437486 0.789240 0.035936 
0.918970 0.061549 -0.008014 
0.973734 0.192910 -0.007708 
-0.759804 0.452013 0.016481 
-0.933530 -0.038293 0.035994 
0.461160 0.869887 0.032153 
0.570112 -0.752678 -0.013163 
-0.228019 0.855641 0.016877 
-0.537543 -0.725805 0.035942 
0.741994 0.477066 0.028677 
-0.721284 0.546368 0.035994 
0.115774 -0.855242 -0.010230 
0.654230 -0.723982 0.032586 
0.694375 0.696336 -0.034657 
0.466690 0.765854 0.035854 
-0.174325 -0.910321 -0.006671 
0.532691 0.829577 0.010463 
0.991590 0.038603 -0.025057 
0.693967 -0.514966 -0.028354 
0.874077 -0.440026 0.018131 
-0.474073 0.759194 -0.034713 
0.241109 -0.869378 -0.020013 
-0.647376 0.723936 -0.034644 
0.597933 -0.648017 -0.034758 
-0.419959 -0.877770 -0.034758 
0.170019 0.883963 -0.034754 
-0.378270 0.798952 -0.034746 
0.505821 0.724009 0.003749 
0.727710 -0.480923 -0.001497 
0.177546 0.967715 0.034328 
-0.132180 0.990139 -0.007917 
-0.925094 0.208088 0.035994 
0.160315 -0.907769 0.035994 
0.936175 0.265974 -0.034709 
-0.349004 -0.822290 0.035884 
0.859591 -0.455064 -0.034685 
0.909188 -0.389092 -0.031038 
-0.876597 -0.441648 0.020022 
0.864884 0.467274 0.026379 
-0.812059 -0.338082 -0.034677 
0.553515 -0.681030 0.033595 
-0.562403 -0.815860 -0.019873 
0.289739 -0.932968 0.013004 
-0.435777 -0.885151 -0.004563 
0.933518 0.201283 -0.020374 
-0.306041 0.864336 -0.015024 
0.867701 0.282289 0.035952 
0.582300 0.794875 0.026579 
-0.937605 -0.330024 -0.013456 
-0.393891 0.872133 -0.015037 
-0.443583 0.826781 0.035994 
-0.386717 -0.855815 -0.009106 
0.540196 -0.732456 -0.011612 
0.940422 0.148653 -0.017078 
0.803963 -0.349604 0.010660 
0.264609 -0.916984 -0.030941 
-0.652289 -0.569869 -0.015902 
-0.674927 0.690300 0.035994 
0.608443 0.624032 -0.030459 
0.198466 -0.839857 -0.024123 
0.824546 -0.526395 0.008027 
-0.072239 -0.968074 -0.034693 
0.983783 -0.124952 -0.028944 
0.919236 0.250323 -0.019808 
0.822758 0.385294 -0.018873 
-0.930423 0.325426 0.028980 
0.724121 -0.492293 0.023126 
-0.679391 -0.681754 0.035977 
0.873002 -0.174597 0.035994 
0.504372 -0.747157 0.035994 
-0.343205 -0.864233 0.035984 
-0.350763 -0.924994 -0.008521 
-0.905569 0.128595 -0.014341 
0.785932 0.407101 -0.034758 
0.630043 -0.747156 0.011909 
-0.173268 -0.893712 0.035948 
0.911446 -0.256950 0.035994 
0.202894 0.968634 -0.000894 
0.579078 -0.784796 0.032838 
-0.909930 -0.124508 0.035994 
-0.842227 0.222719 -0.016345 
-0.165331 0.902997 0.035994 
-0.070502 -0.883919 0.035994 
-0.069763 -0.944706 0.035994 
0.939720 -0.088045 -0.010947 
0.544799 0.686317 -0.033965 
-0.669896 0.586886 0.034012 
-0.933864 -0.212759 -0.024503 
0.153464 -0.861541 0.014907 
0.479558 0.802018 -0.006671 
-0.902647 -0.177293 -0.009453 
-0.488114 -0.849348 0.002003 
-0.830670 -0.313271 0.035994 
0.873103 -0.354092 -0.010643 
-0.910000 -0.276516 -0.016882 
0.964035 0.024007 0.035994 
-0.503754 -0.839396 0.017799 
0.823401 0.382716 0.035994 
0.000040 -0.954077 -0.029866 
-0.835395 0.335211 0.035861 
-0.812998 -0.550992 -0.034739 
-0.536765 -0.684574 -0.033804 
-0.886061 0.247489 -0.010740 
0.567975 -0.657516 -0.003198 
-0.978646 0.106864 0.026489 
-0.131563 -0.970242 -0.034636 
0.781243 0.407023 0.025256 
-0.990221 -0.012954 -0.003377 
0.294763 -0.810812 -0.014492 
0.490277 0.856026 0.005122 
-0.359834 0.905219 0.035994 
-0.711044 0.650306 -0.027824 
-0.555113 0.689572 0.028283 
0.368818 0.819145 -0.034758 
-0.869103 -0.287495 -0.011358 
-0.107507 0.971676 -0.034754 
-0.628039 -0.670548 -0.008360 
-0.248931 0.884915 -0.012899 
-0.467455 0.737896 -0.024002 
0.910233 -0.021215 -0.013635 
-0.498807 -0.793474 0.035994 
0.876050 0.386654 -0.022927 
-0.890780 -0.084464 0.035994 
0.243296 0.848947 -0.000189 
-0.989306 -0.088170 -0.006513 
0.716410 0.544706 -0.034235 
0.066957 -0.860335 -0.013949 
-0.073230 -0.860817 -0.008233 
-0.000912 -0.905109 -0.016176 
-0.896341 0.203556 -0.010843 
-0.495618 0.820917 -0.017279 
0.629011 -0.688860 -0.007423 
-0.407123 -0.770105 -0.002655 
-0.045990 0.980632 0.035567 
-0.723106 -0.494748 -0.000909 
-0.755205 -0.637554 -0.033589 
-0.688403 0.723249 -0.008921 
-0.881142 0.242938 0.035897 
-0.990649 0.105032 -0.020627 
-0.722778 0.671022 0.031279 
-0.251529 -0.866290 0.035963 
-0.720815 0.674324 0.006479 
-0.963180 -0.180704 0.034349 
0.756326 -0.595776 0.035994 
0.902515 0.389116 0.027823 
-0.596463 0.680400 0.035994 
0.966255 0.076484 -0.034730 
-0.613582 0.782034 -0.003647 
0.620707 0.662863 -0.023890 
0.439115 0.882653 0.030179 
0.593752 -0.735434 -0.013928 
0.979217 -0.054934 0.005061 
-0.361073 0.928930 -0.005378 
-0.783989 0.469427 -0.017366 
0.528286 -0.779044 0.035994 
-0.850196 -0.421829 -0.014925 
-0.761718 -0.493721 -0.017084 
0.693121 -0.608977 -0.006785 
-0.412469 -0.835167 -0.006792 
-0.018091 0.973764 0.035994 
-0.780591 -0.532417 -0.013887 
-0.670962 -0.729887 -0.012979 
-0.964814 -0.053182 -0.034398 
-0.095315 -0.928485 0.035994 
0.341381 0.925437 0.014137 
0.241430 -0.892451 0.035994 
0.140547 0.878036 -0.034675 
0.871911 0.444991 0.035041 
0.592698 -0.695322 0.035994 
0.109926 -0.945336 -0.022884 
0.326249 0.908888 0.035951 
-0.562882 -0.674442 -0.034723 
-0.039300 -0.940235 -0.010728 
0.906453 0.181802 -0.007307 
-0.741333 0.666715 -0.031822 
0.426261 0.774133 0.016732 
-0.818259 0.555170 -0.034758 
-0.231662 -0.950710 -0.034699 
0.300029 0.895019 -0.007878 
-0.740845 0.505414 -0.034734 
-0.306784 0.838220 -0.034695 
-0.871918 -0.083850 -0.002744 
0.753651 -0.641142 -0.014714 
-0.724144 0.496366 -0.003458 
0.965734 -0.164744 0.019860 
-0.430975 0.901841 -0.016770 
-0.446642 -0.810018 -0.006671 
0.858090 -0.168161 -0.001326 
0.005371 0.897506 -0.034731 
0.988328 0.089795 -0.028699 
-0.431377 0.840050 -0.007672 
-0.667768 -0.596612 -0.034207 
-0.750730 -0.457502 0.003454 
-0.967075 0.018681 -0.034615 
0.800740 0.387094 -0.034758 
-0.967246 -0.099967 0.035994 
0.243696 -0.827904 -0.009958 
0.964192 -0.050083 0.035994 
0.903889 -0.325320 0.035994 
0.070599 -0.974850 0.010264 
0.867714 -0.041014 -0.005526 
0.826054 -0.256526 -0.012472 
-0.007292 0.881540 -0.001643 
0.153613 -0.956896 -0.034700 
0.866821 -0.303095 -0.008243 
0.875524 0.075548 0.000555 
-0.466185 -0.753121 -0.034642 
-0.876257 -0.467262 -0.025903 
0.973843 -0.110638 0.019087 
-0.764037 -0.410856 -0.022543 
-0.301432 0.904929 -0.012276 
-0.691643 -0.598206 0.035994 
-0.761619 0.434099 -0.004125 
-0.089173 -0.904883 -0.012538 
-0.215240 0.930013 -0.012901 
-0.176343 -0.857354 0.000733 
0.955476 0.163132 0.035920 
0.323182 -0.839605 -0.024883 
0.776740 0.616912 -0.004422 
-0.021988 0.939746 -0.006671 
0.224538 0.933198 -0.019790 
0.381235 -0.882016 0.035994 
-0.267040 0.832192 -0.018776 
-0.596859 -0.791092 -0.021004 
0.198414 -0.935648 0.035994 
0.911342 -0.357155 0.024168 
0.930542 0.342242 -0.032641 
-0.142895 0.877367 -0.034669 
0.828696 0.483783 -0.027459 
-0.927121 0.332491 -0.034758 
-0.038063 -0.874415 0.004991 
-0.776864 0.433700 -0.034685 
-0.660592 -0.715262 0.035620 
0.940686 -0.272183 0.009557 
