0.900224 -0.056494 0.012397 
-0.987326 0.058100 0.015505 
0.018965 0.984976 0.018217 
-0.116702 -0.991713 0.017355 
0.624856 -0.779424 0.023654 
0.707315 0.681435 0.037764 
-0.670371 0.721423 0.016037 
-0.757957 -0.642206 0.032669 
0.872141 -0.457394 0.038024 
0.916994 0.344597 -0.011126 
0.272116 -0.948378 -0.027071 
0.340692 0.778243 -0.036698 
-0.304810 0.801888 -0.038640 
-0.404486 -0.754415 -0.027231 
-0.928306 -0.309987 -0.026616 
-0.752847 0.356583 0.023523 
0.655136 -0.545030 0.003460 
0.065626 -0.844154 0.009646 
0.706772 0.449623 0.012998 
0.384897 -0.753363 0.020801 
-0.729589 -0.415609 0.014646 
-0.829981 -0.105019 0.026143 
0.817032 -0.256161 -0.026267 
0.832564 0.149033 0.035390 
0.537186 0.817792 0.038020 
0.229009 0.944190 0.037995 
-0.933675 0.256714 -0.038198 
-0.325332 -0.943097 0.026941 
-0.607339 -0.788778 0.030913 
-0.188870 0.960902 0.037475 
-0.502631 0.846702 0.014898 
-0.814463 0.555275 0.014296 
-0.187844 -0.823874 0.031357 
-0.634180 0.538878 0.022324 
-0.579423 -0.610506 0.024009 
-0.068842 0.828756 0.018498 
-0.500574 0.664316 0.015639 
0.534888 0.643264 0.008033 
0.102912 0.838745 -0.019319 
-0.822707 0.139598 0.018779 
0.969990 -0.217738 0.035015 
0.989691 0.093318 0.021304 
0.122735 -0.991574 0.028648 
0.856448 0.498773 0.029542 
0.417307 -0.907913 0.029775 
-0.881270 -0.455392 0.032674 
-0.903890 0.394058 0.031818 
0.799854 -0.597476 0.019701 
-0.984033 -0.103444 0.011431 
0.540984 -0.650161 0.015132 
0.391919 0.905370 0.031370 
0.214328 -0.823229 0.036609 
-0.479883 -0.870744 0.035369 
-0.795420 -0.274598 0.033854 
0.742906 -0.428084 -0.030880 
0.779582 0.317985 0.033369 
-0.332867 0.926391 0.030442 
0.651484 0.575736 -0.038640 
-0.071038 -0.870848 -0.038640 
0.703221 -0.680118 -0.038482 
0.502848 -0.806995 -0.038602 
-0.696593 -0.537930 -0.038640 
-0.863270 0.011221 -0.038631 
0.918498 -0.347723 -0.035409 
0.964078 0.227874 0.035515 
0.222115 0.802573 0.020701 
0.622716 0.742956 -0.038190 
0.009915 -0.971386 -0.038627 
-0.527817 -0.710552 -0.038640 
0.431246 0.715227 0.032185 
-0.410062 0.761576 0.038001 
-0.216620 -0.926578 -0.038640 
-0.193761 0.808930 0.030837 
0.782114 0.586787 -0.022544 
-0.292028 -0.816636 -0.038640 
-0.806817 0.261451 -0.035084 
-0.714988 0.457666 -0.036907 
-0.865086 -0.203393 -0.038640 
-0.733583 0.631321 -0.037613 
-0.651274 -0.687129 -0.038640 
-0.093884 0.950536 -0.038640 
0.892160 0.056969 -0.038640 
-0.565819 0.760048 -0.038521 
-0.815563 -0.544742 -0.028964 
0.138960 0.950970 -0.038640 
0.305684 -0.821212 -0.038492 
0.833628 0.240072 -0.038640 
0.846925 -0.162934 0.037987 
-0.945846 0.168924 0.038024 
0.159238 -0.892588 -0.038621 
0.451680 0.815241 -0.038640 
0.805322 -0.361256 0.037873 
0.296398 0.882431 -0.038640 
-0.404106 0.862473 -0.038624 
-0.960339 -0.222496 0.037063 
-0.838921 0.452800 -0.038476 
-0.832801 -0.367074 -0.038640 
-0.600682 0.654258 -0.038530 
-0.397090 -0.864513 -0.038640 
0.915051 0.163918 -0.038640 
0.792801 0.407406 -0.038640 
0.974759 -0.121629 -0.032534 
-0.235549 0.883871 -0.038586 
0.980366 -0.004723 -0.035529 
-0.908604 0.108310 -0.038640 
-0.004234 0.886355 -0.038640 
0.819818 -0.514226 -0.038627 
0.508279 0.730625 -0.038640 
0.477646 -0.721922 0.037926 
-0.538435 -0.823188 -0.028861 
-0.349959 -0.801085 0.038024 
0.910744 -0.196895 -0.038577 
0.592428 -0.713037 -0.038640 
-0.831364 0.354735 -0.038569 
-0.463929 0.734019 -0.038567 
0.841622 -0.410017 -0.038640 
-0.905307 -0.074125 -0.038640 
0.025234 0.838210 0.037608 
-0.136393 0.862153 -0.038640 
-0.017641 -0.883377 0.038024 
0.399227 -0.845596 -0.038542 
-0.481129 -0.739931 0.037555 
0.633043 -0.636013 0.020679 
0.620243 0.619559 0.037140 
0.202824 -0.931943 0.033340 
0.320308 -0.900885 0.036454 
0.737890 -0.493035 0.034896 
-0.885220 -0.364536 0.038024 
0.493045 -0.855405 0.037871 
0.855910 0.018754 0.038010 
-0.873591 0.059266 0.037811 
0.900636 -0.273715 0.017988 
-0.929799 0.307409 0.037939 
-0.644489 -0.547578 0.034860 
0.733607 -0.577313 -0.038522 
0.677047 0.535754 0.038024 
-0.792573 -0.451323 -0.038640 
-0.722348 0.546471 0.007590 
0.989378 -0.056660 0.036724 
-0.203293 -0.971632 0.037417 
-0.118790 -0.881209 0.035845 
0.207923 0.873822 -0.038640 
-0.693451 -0.708312 0.036623 
-0.722801 -0.502649 0.037581 
0.727286 0.520323 -0.038640 
-0.959617 -0.172283 -0.036081 
0.878107 0.414804 0.037963 
-0.976155 -0.024783 -0.024985 
-0.858611 0.218731 0.020274 
0.305258 0.827035 0.027641 
0.936563 0.264511 -0.038309 
-0.030641 -0.973440 0.038024 
0.742594 -0.662510 0.036396 
0.835919 0.325874 -0.038640 
0.106258 0.971312 0.037970 
-0.793376 -0.359650 0.038024 
-0.852110 -0.023902 0.037936 
0.078700 -0.918807 -0.038560 
0.698556 0.645892 -0.038640 
-0.588182 0.621621 0.037945 
-0.277481 0.828553 0.036257 
-0.600212 0.765650 0.037888 
-0.688399 0.638731 0.032676 
-0.834684 -0.188871 0.038024 
0.384639 0.784416 0.037738 
0.683998 -0.721826 0.036905 
-0.268723 -0.843076 0.037590 
-0.837166 -0.283916 -0.038640 
-0.297873 -0.899639 -0.038640 
-0.707388 -0.625775 -0.038640 
-0.517094 -0.665003 0.031268 
-0.824517 0.301433 0.035349 
0.590239 0.746164 0.037882 
0.461807 0.851405 0.038024 
-0.403931 -0.902737 0.037907 
-0.153678 -0.873442 -0.038640 
0.850577 -0.131262 -0.037865 
0.612257 0.661617 -0.038640 
0.866805 0.446235 -0.036883 
0.049543 -0.955725 0.037055 
-0.055554 0.957689 0.038024 
-0.855987 0.487316 0.033681 
0.440829 -0.744233 -0.038154 
-0.386915 0.778307 -0.038503 
-0.069988 -0.955298 -0.038640 
-0.767100 0.437724 0.022304 
0.885479 -0.377281 0.037890 
0.135191 -0.876990 0.037335 
-0.627198 -0.590910 -0.038490 
0.542909 -0.781017 0.026895 
0.157865 0.854715 0.038022 
-0.651839 0.589208 -0.038518 
0.316149 -0.792435 0.037532 
-0.417459 0.888559 0.035690 
0.817464 0.513044 -0.038640 
0.795414 -0.332050 -0.038000 
0.960477 0.019101 0.037782 
0.851592 0.226655 0.037308 
0.234114 -0.866970 -0.038608 
-0.179003 0.941721 -0.038640 
-0.314449 0.886553 -0.038640 
0.556565 0.798119 -0.035841 
0.176200 -0.969439 -0.034112 
0.390837 0.865070 -0.038640 
0.761036 0.398565 0.038024 
0.358853 -0.912961 -0.037953 
0.514282 -0.712791 -0.038640 
-0.332374 0.761884 0.029618 
0.066195 0.919536 -0.038640 
-0.587834 -0.689515 0.010327 
-0.594241 -0.750139 -0.038640 
-0.695007 0.480894 0.038002 
-0.249260 0.913400 0.037950 
0.315199 0.902503 0.037971 
0.820644 -0.518002 0.038024 
0.716950 -0.499746 -0.038490 
-0.463634 -0.810176 -0.038640 
-0.768816 0.613150 0.034752 
-0.777505 -0.555364 0.038023 
-0.868923 -0.433704 -0.038640 
-0.782967 0.511695 -0.038640 
-0.915406 0.329680 -0.033996 
0.728541 0.597477 0.029097 
-0.912490 -0.135123 0.008852 
0.951404 -0.131458 0.038017 
0.242612 0.940105 -0.035740 
0.885928 0.098497 0.022293 
-0.913890 0.185790 -0.038640 
-0.853365 -0.130670 -0.038640 
0.670335 -0.614361 -0.038640 
-0.905896 -0.280951 0.036796 
0.581964 -0.785523 -0.038640 
-0.478942 0.734622 0.033105 
0.899226 0.282302 0.022997 
0.427117 0.746361 -0.038640 
0.776752 0.473855 0.007718 
-0.342085 -0.868461 0.010228 
-0.256676 -0.921381 0.037328 
0.009680 -0.895944 -0.038640 
-0.218532 -0.840727 -0.038640 
-0.503801 0.797641 -0.038611 
0.440225 -0.808576 0.007590 
-0.842429 0.178317 -0.038640 
-0.766189 0.399516 -0.038476 
-0.141735 0.857844 0.038022 
0.781559 -0.428479 0.031123 
-0.360496 0.825368 0.008544 
-0.843958 0.079888 -0.027154 
-0.914705 -0.007611 0.007478 
-0.524715 -0.802474 0.038024 
-0.531813 0.784630 0.037923 
-0.148585 -0.946406 -0.038640 
-0.717864 -0.464326 -0.035405 
-0.231015 0.813298 -0.034768 
0.262883 0.820135 -0.038640 
0.953332 0.101940 -0.038640 
0.160817 0.926629 0.033390 
-0.820379 -0.490163 0.038024 
0.836463 0.170183 -0.031751 
0.525191 0.709625 0.028512 
0.979823 0.163912 0.011510 
0.660115 0.736536 0.020646 
0.864881 -0.024554 -0.038640 
-0.559147 0.708493 0.008079 
0.949584 -0.254382 -0.033297 
-0.672616 0.678440 -0.038627 
-0.947587 0.240146 0.037881 
0.802737 -0.281566 0.036692 
-0.008155 0.956102 -0.038640 
-0.933962 0.100630 0.026986 
-0.840010 0.419089 0.029594 
-0.431971 0.822798 0.016047 
-0.653126 -0.637182 0.008011 
0.801824 0.538969 0.037943 
-0.130627 0.927207 0.025791 
-0.563694 -0.644005 -0.033901 
0.469704 0.768118 0.009386 
-0.069200 0.865939 -0.038640 
-0.416759 -0.765217 0.038024 
-0.928743 0.039356 -0.038534 
-0.673770 0.509756 -0.022803 
0.459624 -0.872231 -0.032584 
0.846741 -0.096657 0.038024 
0.821031 0.365360 0.012292 
0.084887 0.873428 0.034019 
-0.965004 0.141058 -0.028689 
0.604489 -0.632336 -0.038640 
0.936086 -0.336025 0.035223 
-0.903986 -0.377011 -0.022934 
0.849636 -0.236669 0.037842 
0.860478 -0.323606 0.007590 
-0.887360 0.400532 -0.030189 
-0.767264 -0.369742 -0.019975 
0.915110 -0.098393 -0.038640 
-0.835715 -0.407693 0.011128 
0.277118 -0.857703 0.016566 
0.266160 -0.941372 0.037935 
-0.776026 -0.594639 -0.036852 
0.251470 0.868422 0.008095 
0.732833 -0.601021 0.021370 
0.545331 -0.716358 0.017251 
-0.468607 -0.734762 -0.038640 
-0.967743 -0.030666 0.038016 
-0.645041 -0.743300 -0.000617 
-0.417713 -0.826411 0.008037 
0.864767 -0.469642 -0.033669 
-0.063551 -0.843144 0.020789 
0.552338 0.682427 -0.038640 
0.356123 -0.850912 0.007590 
-0.878903 0.277403 0.009568 
-0.267457 0.934379 -0.018682 
0.659599 -0.725479 -0.037888 
0.836140 -0.197122 -0.036599 
0.839729 0.302222 0.021836 
0.750122 -0.639733 -0.024849 
-0.635203 0.734750 -0.033908 
-0.178916 -0.907976 0.007590 
-0.771941 0.573057 -0.038640 
0.167267 0.828517 -0.017691 
0.618869 0.562147 0.012331 
0.823969 0.428613 0.011060 
0.622229 -0.708541 0.015491 
-0.729944 -0.587176 0.014279 
0.070451 -0.983206 -0.032893 
-0.945660 -0.250698 -0.022397 
-0.881797 0.156433 0.011848 
-0.885438 -0.075056 0.019898 
0.906206 0.214072 0.011378 
-0.534075 0.656579 -0.035539 
0.958587 0.206245 -0.027849 
-0.850577 -0.321760 0.008043 
0.651388 0.668962 0.015929 
-0.371176 -0.808950 -0.038640 
0.737325 0.436451 -0.038214 
0.109898 -0.856859 -0.038000 
0.031502 0.900423 0.008638 
-0.795583 0.500784 0.033709 
-0.845630 -0.492248 -0.035281 
-0.190154 0.905456 0.012532 
-0.901483 -0.209341 0.009663 
0.375625 -0.789609 -0.038618 
0.667843 0.702305 -0.038325 
0.720692 0.580632 -0.038640 
0.928485 -0.035861 -0.038640 
-0.755795 -0.525260 -0.038640 
-0.869547 0.339560 0.022067 
-0.818161 -0.232635 -0.012968 
-0.362562 -0.913860 -0.034624 
-0.550351 -0.754810 0.011352 
0.879207 -0.248275 -0.038634 
0.584173 0.615267 -0.012293 
0.350434 0.908457 -0.029892 
0.840713 -0.042286 0.013207 
-0.462622 0.849952 -0.037130 
0.143572 -0.936210 0.019636 
0.865448 0.386461 -0.038640 
0.906553 0.004267 0.009717 
0.799779 -0.573193 -0.034896 
-0.037587 0.878017 0.030372 
-0.638727 0.661840 0.009431 
0.361333 0.850612 0.010917 
-0.088329 -0.939644 0.016484 
0.896209 -0.408069 -0.015545 
0.967973 -0.173831 -0.005412 
0.797627 0.260812 0.019912 
-0.295443 0.882561 0.017458 
0.593709 0.695721 0.007590 
-0.225287 0.858250 0.015831 
0.887084 0.296670 -0.038640 
-0.864616 0.246940 -0.038640 
0.848252 0.095107 -0.030421 
0.394309 0.803114 -0.038640 
0.181090 -0.839324 -0.008907 
0.218706 -0.923456 -0.038640 
-0.105974 0.979045 0.014987 
-0.775964 0.337861 -0.026685 
0.753876 -0.379925 0.014660 
0.779880 0.342089 -0.021758 
0.890935 -0.134034 0.013691 
0.786544 -0.390750 -0.038640 
0.980748 0.050902 -0.019418 
0.298839 -0.878568 -0.038567 
0.884159 0.345001 0.036310 
-0.846240 -0.074128 -0.031028 
-0.710805 -0.677371 -0.013551 
0.499250 0.837790 -0.003383 
0.958371 -0.273777 0.019942 
-0.975480 -0.154739 0.035299 
0.075290 0.970008 -0.013300 
0.935452 0.130069 0.023867 
0.725678 0.506608 0.030845 
-0.775470 -0.449567 0.016301 
0.194489 0.954056 -0.008431 
0.702972 -0.544422 0.034436 
-0.812956 0.354470 0.017986 
0.668713 0.523695 -0.023153 
-0.277104 -0.945303 -0.010148 
0.337709 0.835552 -0.038640 
0.058764 -0.900316 0.015481 
-0.847458 -0.250647 0.032165 
0.612403 -0.584375 0.031776 
-0.476013 0.786864 0.009600 
-0.892644 -0.262345 -0.038640 
0.786801 -0.484268 0.007590 
-0.527484 0.713468 -0.038590 
0.737191 0.648651 0.002798 
-0.295736 -0.790896 0.026311 
-0.662900 0.588946 0.016692 
-0.959015 -0.097569 -0.038640 
0.364230 -0.930652 0.015032 
-0.089001 0.889723 0.011204 
0.333221 0.763968 0.028714 
-0.800513 0.250858 0.034657 
-0.424774 0.714900 0.011058 
0.692828 -0.639988 0.021285 
0.475501 0.685843 0.015257 
-0.135404 -0.837649 0.005684 
-0.173569 0.825938 -0.019157 
-0.514024 -0.766503 -0.038640 
0.548697 -0.835455 0.018526 
0.683747 -0.498088 0.009682 
-0.788079 -0.319702 0.000141 
0.435066 -0.856315 0.037937 
-0.862408 0.309144 -0.038607 
-0.364325 0.901318 -0.007219 
0.642913 -0.671721 -0.038640 
0.765791 -0.524930 -0.038569 
-0.449562 -0.875223 -0.026668 
-0.831501 -0.543044 0.028479 
-0.609069 0.585592 -0.004397 
0.291437 0.928980 -0.010092 
0.104376 0.922048 0.014027 
0.113746 0.888792 -0.038640 
-0.769648 0.458556 -0.038573 
0.502589 0.790127 -0.038640 
0.537839 0.761054 0.015328 
0.271163 -0.804388 0.006681 
0.980533 -0.067580 -0.028819 
0.423516 0.823210 0.011530 
0.551922 -0.662149 -0.036806 
-0.033723 -0.925438 0.007590 
0.668078 0.617944 0.007590 
0.907473 -0.218946 0.010934 
0.008898 -0.998025 0.008593 
0.589114 0.790656 0.006978 
-0.703491 0.567028 -0.038628 
-0.464253 -0.784432 0.008780 
0.782665 0.606452 0.027610 
-0.286166 0.781304 0.009896 
0.831688 -0.431130 0.011794 
0.900301 0.112229 -0.038640 
-0.486890 -0.698479 0.002119 
0.053803 0.849372 -0.038220 
0.887229 0.237566 -0.038640 
-0.024822 0.844432 -0.012397 
0.665630 -0.588419 0.034992 
-0.748124 0.491719 0.010850 
-0.008152 0.933987 0.021160 
-0.750448 -0.418463 -0.038324 
-0.829014 0.509798 -0.009583 
-0.811086 0.194472 0.019273 
0.904509 -0.295206 -0.038640 
-0.710579 0.681630 0.010103 
0.803007 0.285364 -0.027037 
0.930169 0.070877 0.011634 
-0.703777 -0.656117 0.037998 
0.937312 0.316860 0.036069 
-0.019686 -0.858177 -0.015724 
-0.714504 0.430436 0.008609 
0.494408 -0.769709 0.008696 
-0.937955 -0.322028 0.027261 
-0.943544 -0.080634 0.036678 
-0.964717 0.089097 -0.038359 
0.837087 0.078448 0.024145 
-0.551155 0.665661 0.037934 
-0.641775 -0.698530 0.031864 
0.728923 -0.426524 0.019955 
-0.670334 -0.509041 0.009890 
0.775615 -0.538048 0.019682 
-0.436604 0.795420 -0.038559 
0.861335 -0.348574 -0.038640 
0.431215 -0.727749 0.014141 
0.124154 -0.967858 -0.038482 
-0.240977 -0.877456 0.009717 
0.802787 -0.444875 -0.038640 
0.629620 -0.583103 -0.021355 
0.229968 -0.890308 0.007590 
0.933288 0.016936 -0.038640 
0.044573 0.944381 0.037689 
0.574861 0.656793 0.038020 
0.224271 -0.973514 0.011384 
-0.899017 -0.154853 -0.038640 
0.817210 0.460185 -0.038640 
0.390540 0.737587 0.009858 
0.185691 -0.866023 0.037709 
0.879792 0.159468 0.017694 
-0.495325 -0.850106 -0.020864 
-0.597304 -0.738402 0.033755 
-0.275790 0.851979 -0.038640 
-0.834659 0.038691 0.011464 
-0.879886 0.443190 0.008219 
0.818565 0.196236 0.008584 
-0.773404 0.310061 0.017273 
-0.431247 -0.726986 0.007197 
0.174372 0.913992 -0.038640 
0.944445 -0.081665 0.028951 
0.447720 0.865817 -0.008909 
-0.701777 -0.462171 0.013006 
-0.613401 0.716344 0.037129 
-0.869403 -0.146846 0.033362 
0.280827 0.788179 0.005673 
-0.134556 -0.946026 0.036685 
0.779923 -0.322149 0.016309 
-0.578566 0.700009 -0.038628 
0.190462 0.894343 0.007855 
0.312471 -0.940998 0.002629 
-0.047723 0.912263 -0.038640 
-0.627909 -0.595260 0.038024 
-0.568227 -0.817755 0.017203 
-0.790222 -0.602386 0.010944 
-0.348946 0.879165 0.037969 
-0.601094 -0.681914 -0.038640 
0.682823 -0.542549 -0.038564 
0.074109 -0.996487 0.016669 
-0.455466 0.870964 0.007871 
0.365374 -0.802142 0.037983 
-0.914997 -0.208499 -0.038640 
-0.941899 0.026696 0.031946 
-0.214795 0.948008 -0.004546 
0.106293 0.828551 0.035777 
0.584178 -0.618261 0.004526 
0.702283 0.478654 -0.028072 
-0.247470 -0.812660 0.004517 
-0.733639 0.527579 -0.038640 
-0.121136 0.825508 0.006483 
0.579700 -0.681577 0.025749 
-0.335335 -0.863383 -0.038640 
0.966121 0.156843 -0.035613 
-0.299201 -0.892736 0.015458 
0.055821 -0.874945 -0.038626 
-0.190142 -0.967293 -0.021789 
-0.953817 -0.269740 0.024138 
-0.352537 0.837486 -0.038615 
-0.906013 0.206800 0.013723 
0.093746 -0.934786 0.012430 
0.852309 -0.504741 0.002813 
0.431396 -0.794225 -0.038587 
-0.361721 -0.763462 0.008691 
-0.982135 0.110018 0.024669 
0.175842 -0.972702 0.037983 
-0.039625 -0.985263 -0.014340 
0.932646 -0.146008 -0.038640 
0.015265 -0.923284 0.007590 
0.254970 -0.822694 -0.035809 
-0.547901 0.803047 -0.018139 
0.535217 -0.756930 -0.038640 
-0.678968 -0.595918 0.011094 
-0.241539 0.795928 0.031539 
-0.722839 0.597774 0.029494 
-0.567453 0.625781 -0.005940 
-0.950752 0.215276 -0.019219 
-0.651682 -0.551772 -0.023162 
0.503332 -0.680234 0.020281 
-0.850060 0.130460 -0.038640 
-0.469536 0.701747 -0.002031 
-0.410993 0.737210 -0.029726 
0.822749 -0.557433 0.004701 
-0.043070 -0.914679 -0.038640 
-0.918425 0.355247 0.007088 
0.574486 0.744182 -0.038640 
-0.771882 0.565108 0.037958 
0.013136 -0.846631 0.032557 
-0.854829 0.103652 0.037936 
-0.073723 -0.892525 0.023113 
0.269225 0.916667 0.038001 
-0.705943 -0.546260 0.022277 
-0.579281 -0.794217 -0.027166 
-0.930315 -0.021695 -0.038640 
0.142191 0.970788 0.004862 
-0.634236 -0.642523 -0.038640 
0.665439 -0.678787 0.026185 
0.850230 -0.089462 -0.014876 
0.491392 0.803272 0.033198 
0.857018 -0.291027 -0.038640 
-0.032509 0.972803 -0.000859 
0.111624 -0.838529 0.022346 
0.935069 -0.307816 -0.004558 
-0.810566 0.456334 0.017985 
0.747646 0.623886 -0.036336 
0.764908 0.523669 0.010447 
0.853180 0.037809 -0.019699 
0.710525 0.554318 0.010205 
-0.879589 -0.034417 -0.038640 
0.339584 -0.788848 -0.003402 
-0.114414 -0.913704 -0.038640 
0.346898 -0.846647 -0.038478 
-0.974502 0.028852 -0.033943 
-0.537458 -0.707530 0.032406 
0.621621 -0.760142 -0.037443 
0.488184 -0.755009 -0.038640 
0.988111 -0.099510 0.006773 
-0.342365 0.771267 -0.025155 
0.719992 -0.466145 -0.003721 
-0.266785 -0.856267 -0.038640 
-0.178799 -0.838571 -0.013747 
-0.528566 -0.844346 0.017261 
-0.750882 -0.631830 -0.022428 
0.819651 -0.197513 0.022239 
0.931402 0.175753 0.032817 
-0.678178 -0.589322 -0.038640 
0.827710 -0.471997 0.034477 
0.495918 0.687211 -0.027149 
0.427595 0.766653 0.035836 
0.657852 0.578022 0.037766 
-0.767932 -0.398471 0.038024 
-0.753282 -0.527294 0.007590 
-0.831257 -0.178509 -0.006994 
-0.595231 -0.651830 0.037462 
0.927634 -0.178895 0.022117 
0.889139 0.410180 -0.006642 
-0.365120 -0.927540 0.009474 
0.953993 0.261176 0.005270 
-0.020465 0.833760 0.034342 
0.922414 -0.378079 0.010552 
0.496938 -0.852823 -0.014258 
-0.645093 0.634474 -0.038554 
0.581034 -0.756903 0.034581 
0.990738 -0.023609 0.005211 
0.636846 0.623129 -0.038640 
-0.894920 -0.420917 0.006028 
0.461114 0.715937 -0.037474 
-0.317349 -0.832266 0.031270 
-0.907311 0.063076 0.007590 
-0.681275 0.524189 0.037996 
0.810437 0.547516 -0.010035 
-0.817141 0.309696 -0.038612 
-0.876818 0.013931 0.036926 
0.372245 -0.881339 0.036843 
0.772460 0.516992 -0.038640 
-0.134283 0.907259 -0.038640 
-0.804347 -0.402095 -0.038640 
0.822549 0.467207 0.034338 
0.837288 -0.127811 0.005081 
0.773198 0.469647 -0.038640 
-0.806735 0.418974 -0.038476 
0.892291 0.048134 0.019870 
0.259340 -0.904263 -0.038585 
0.906350 -0.416169 0.029599 
0.162986 0.867970 -0.038640 
-0.184307 0.864925 -0.038567 
0.434861 0.886320 0.028857 
-0.933781 0.283832 0.000030 
-0.320545 0.816892 0.032105 
0.759708 -0.468874 -0.038519 
0.576905 0.608581 0.035169 
0.441353 -0.772712 0.034316 
0.344848 0.924201 0.012579 
-0.741255 0.395066 0.003458 
-0.579163 0.796224 0.013104 
-0.529580 0.750569 0.009210 
0.280329 -0.902439 0.016749 
-0.824990 0.220888 -0.038361 
-0.922234 -0.052228 0.009389 
0.423949 -0.891014 -0.013622 
0.208204 0.820448 -0.033234 
0.753801 0.395167 -0.005722 
-0.072537 -0.996083 0.020060 
0.208091 0.857320 0.024481 
0.189634 0.964173 0.036103 
-0.850925 0.179012 0.037891 
-0.158964 -0.983750 0.007589 
-0.876274 -0.304200 -0.038640 
0.946443 -0.021127 0.026606 
0.033254 0.971776 -0.026292 
-0.596947 0.675690 0.008340 
-0.808682 -0.223919 0.032286 
-0.909545 0.262753 0.037520 
0.849265 -0.390817 0.011022 
-0.469833 0.826629 0.037998 
-0.838337 -0.363923 0.007590 
0.487603 0.734259 0.030823 
-0.461997 -0.830749 0.033025 
0.395539 -0.818720 0.010842 
0.490555 -0.813905 0.024054 
-0.641878 0.549265 -0.019507 
-0.167465 -0.862045 0.038024 
-0.137389 0.955088 -0.038360 
-0.896173 0.112929 0.008793 
0.023288 0.844432 -0.007329 
0.349053 0.810997 0.024449 
0.679327 0.493785 0.006760 
-0.405223 -0.897080 -0.010845 
-0.625167 0.584673 0.038024 
-0.384748 -0.866256 0.023862 
0.470204 -0.718719 -0.018610 
0.708512 0.635105 0.037874 
0.625012 0.717471 0.037879 
-0.798196 -0.340713 -0.038640 
-0.385055 0.741889 0.004807 
0.781259 0.432299 0.019247 
-0.987049 0.007972 0.034791 
0.294713 0.866556 0.007992 
-0.847882 -0.036231 -0.003311 
0.378684 0.757490 -0.026657 
-0.787130 -0.498430 0.011657 
-0.734140 -0.562663 -0.038640 
0.626944 0.764093 0.023891 
-0.108930 -0.973746 -0.038118 
-0.443933 -0.770089 -0.038640 
-0.106193 -0.851209 -0.023515 
0.771693 -0.633567 0.023551 
-0.376859 0.788620 0.036818 
-0.214572 -0.927896 0.033326 
-0.804135 -0.277903 -0.012144 
0.591507 0.699603 -0.038640 
-0.834595 -0.062394 0.031759 
0.315983 -0.928752 -0.038140 
-0.942102 -0.123290 0.037655 
-0.263576 -0.962506 0.026503 
-0.223245 -0.850910 0.038024 
0.919089 0.374353 0.019376 
0.854375 0.477604 -0.010819 
0.959524 -0.217089 -0.006272 
-0.332018 -0.792410 -0.036076 
0.169118 0.815191 0.026910 
-0.760467 0.606543 -0.015019 
-0.882096 0.065303 -0.038628 
-0.245309 0.953682 0.025282 
0.024475 0.927042 -0.038640 
-0.803557 0.415759 0.007919 
-0.739311 0.651514 0.018107 
-0.853328 -0.244853 -0.038640 
-0.499711 0.680217 -0.028702 
-0.626706 0.687537 -0.038591 
0.876564 -0.186095 0.018849 
-0.922457 -0.118537 -0.038640 
0.688173 -0.706836 -0.009618 
-0.869848 -0.410185 0.038024 
-0.872459 -0.353213 -0.038640 
0.681654 0.703076 0.001341 
-0.101999 0.838670 -0.033192 
-0.428815 -0.833545 -0.038640 
-0.841467 0.263987 0.027149 
0.876840 0.462183 0.028374 
-0.980911 -0.055137 0.003428 
-0.636803 0.751215 0.023640 
-0.605410 0.760564 -0.019924 
-0.857141 -0.501870 0.021885 
-0.622906 -0.665981 0.008350 
0.460540 0.771366 -0.038640 
-0.181425 0.861476 0.025802 
0.933911 0.297545 -0.013032 
-0.923105 -0.362227 0.020803 
0.612335 0.588943 -0.033275 
-0.904986 0.226510 -0.038640 
0.885672 0.338297 -0.038640 
-0.592874 -0.614977 -0.027560 
-0.820860 -0.454182 0.017067 
-0.138646 0.967171 0.037872 
-0.964886 0.183924 0.004163 
-0.102032 -0.843069 0.036547 
-0.137815 -0.914231 0.007590 
0.150757 -0.836275 0.036182 
-0.789975 -0.492810 -0.038640 
0.249857 0.838775 0.037126 
0.966463 -0.170128 0.038024 
0.590378 -0.642042 0.037962 
0.933444 -0.245890 0.037910 
0.993534 0.046789 0.019815 
-0.181413 -0.904695 -0.038640 
-0.529963 -0.671033 -0.007638 
-0.730330 0.459402 0.037916 
0.025840 -0.887764 0.037082 
-0.293819 0.939448 0.026982 
0.191057 -0.866258 -0.038640 
-0.260290 -0.920582 -0.038640 
0.512074 0.663526 0.035748 
0.893371 -0.325891 0.032251 
0.715739 -0.696380 0.030702 
-0.743983 -0.464710 0.038024 
0.774867 0.359823 0.038024 
0.804606 -0.294405 -0.017630 
-0.865910 0.379317 0.037345 
-0.766557 0.392537 0.037925 
0.246797 0.887108 -0.038640 
-0.680310 0.678654 0.037951 
0.567324 0.727098 0.009265 
0.914013 0.206506 -0.038640 
-0.503514 -0.772645 0.007590 
-0.319840 -0.931580 -0.025265 
0.085043 -0.878408 0.038024 
0.305817 0.809838 -0.038640 
0.871375 0.190472 -0.038640 
-0.548678 -0.639179 0.028060 
-0.346115 -0.905247 0.038024 
-0.971659 -0.192348 0.012014 
-0.066259 0.925937 0.014831 
0.952288 -0.193472 -0.038640 
-0.805844 0.477129 -0.038537 
-0.656519 -0.735940 0.037989 
-0.924475 0.145740 -0.038640 
-0.847982 0.395299 -0.038522 
0.459933 -0.832097 -0.038519 
-0.924435 0.140176 0.018928 
0.827568 0.372072 -0.038640 
0.320592 -0.871968 0.008138 
0.220495 -0.830095 -0.008938 
-0.879391 -0.247187 0.007590 
-0.627907 -0.727731 -0.038640 
-0.402691 0.885113 -0.001741 
0.775594 -0.608705 -0.020526 
-0.305591 0.922893 -0.012063 
0.403119 -0.785113 0.037976 
0.409443 0.851467 0.036676 
0.233413 0.906347 0.022625 
-0.682914 -0.706286 -0.010303 
-0.377521 -0.826128 0.010155 
0.323778 -0.831527 0.032367 
0.458489 -0.884277 0.005698 
-0.087078 0.904506 -0.038640 
-0.829328 -0.302021 0.035749 
0.642685 -0.748777 -0.005288 
-0.440193 -0.865915 0.038024 
0.930868 0.259603 0.037933 
-0.815162 0.229260 -0.000118 
-0.332747 0.856433 0.009309 
0.009959 -0.961182 0.038024 
0.886610 0.017419 -0.038640 
-0.154761 0.816729 0.027463 
0.842884 0.131902 -0.016031 
0.674357 0.609632 -0.038640 
-0.169015 0.957387 -0.003383 
-0.602848 0.605283 -0.038481 
0.030426 -0.858177 -0.002682 
0.731118 0.424878 0.037909 
0.886263 -0.165504 -0.038598 
0.870578 -0.063466 0.038021 
-0.536385 0.825732 0.013078 
0.819463 -0.368538 -0.038640 
-0.566498 -0.779312 0.038002 
0.845613 0.287456 -0.038640 
0.752597 0.551266 -0.038640 
0.225432 -0.960373 -0.026053 
-0.565448 -0.723107 -0.038640 
0.856821 0.381180 0.017552 
-0.733169 0.422746 -0.033971 
0.871682 0.258087 0.008388 
-0.762146 -0.351056 0.015516 
-0.390775 -0.794864 0.036797 
-0.433042 0.780246 0.011984 
0.860301 -0.419804 0.037630 
0.880209 -0.080021 -0.038640 
0.126402 0.873365 0.023387 
0.842151 0.264821 0.035028 
0.906443 -0.098224 0.008415 
0.741082 -0.564513 0.009143 
-0.514070 0.693770 0.037995 
-0.264177 0.855420 0.010459 
0.890245 -0.442834 0.005548 
0.546332 -0.802163 -0.038640 
0.566840 0.645908 -0.038640 
0.875821 0.142945 -0.038640 
0.806231 0.574904 0.022711 
-0.716036 -0.503818 -0.038640 
-0.454108 0.698685 0.033905 
0.635742 -0.744586 0.037965 
0.148744 -0.846049 -0.029919 
0.117591 -0.929308 -0.038539 
0.830667 -0.318866 0.032409 
0.384755 -0.881864 -0.038502 
-0.823599 -0.152037 0.031558 
-0.907776 -0.396132 0.034305 
-0.024135 -0.845030 0.021306 
0.849295 0.003032 0.003025 
0.579045 -0.814139 0.030290 
-0.976304 0.150364 0.022535 
0.237003 -0.854785 0.037029 
-0.607321 -0.587603 0.005994 
0.404807 0.886185 -0.009378 
0.717849 -0.623441 -0.038632 
0.047474 -0.941641 -0.038550 
0.566492 0.785764 0.037969 
-0.673693 -0.655659 -0.038640 
-0.150411 0.899569 0.007590 
-0.695058 0.647142 -0.038543 
0.803761 -0.561065 0.037994 
-0.866472 0.208332 -0.038640 
0.070666 0.838863 0.001507 
-0.211745 -0.878509 -0.038640 
-0.242321 -0.955112 -0.023053 
-0.835060 -0.451749 -0.038640 
-0.830800 0.082645 0.016701 
-0.313340 0.844360 -0.038640 
0.693503 -0.592648 0.009081 
-0.938256 -0.163259 0.038024 
0.398241 -0.760837 -0.027469 
-0.891679 0.310133 0.036221 
-0.790878 0.278442 0.004825 
-0.839317 0.381220 0.009986 
0.837885 0.521917 0.005498 
-0.667248 -0.670699 0.025995 
-0.696401 0.478727 -0.011161 
0.810272 -0.234262 0.018627 
0.554414 -0.714710 -0.038640 
0.729948 -0.537681 -0.038495 
0.849429 -0.272678 0.025745 
-0.957220 0.063342 0.038008 
0.947113 0.096365 0.036815 
0.644216 0.533916 0.012136 
0.297626 0.940202 0.029229 
-0.069047 0.980143 0.006537 
-0.884412 -0.306800 0.016132 
-0.801284 -0.393597 0.020809 
-0.408953 -0.790220 -0.038640 
-0.017682 0.966451 0.038024 
0.603718 0.659071 0.013762 
0.927132 -0.299447 0.037954 
0.751541 0.638703 0.036269 
-0.865180 -0.207960 0.019922 
0.977869 0.136813 0.037625 
-0.731524 0.592196 -0.038588 
0.358420 0.876738 0.037868 
0.702728 -0.479728 0.036840 
0.488280 0.830552 -0.038640 
0.591471 0.775911 -0.027527 
-0.919539 -0.090109 0.009396 
-0.850955 0.302444 0.008495 
-0.441920 0.741721 0.038024 
-0.193772 0.907212 -0.038588 
0.888749 -0.374204 -0.038640 
0.132442 0.830410 0.002283 
0.798873 -0.482194 -0.038576 
0.052929 0.982419 0.033958 
-0.643069 0.624582 0.009968 
-0.075460 0.860090 0.038024 
0.582775 -0.796247 -0.002715 
-0.551286 0.627882 0.036133 
0.796600 0.503502 0.027090 
-0.809221 -0.574606 0.032971 
0.866359 0.131083 0.038024 
-0.223696 -0.969318 0.006080 
0.818173 0.232718 0.000888 
0.768037 0.379537 -0.038094 
0.514010 -0.736252 0.020688 
0.871521 -0.211823 -0.038538 
-0.456016 -0.885884 0.010866 
0.814132 0.331205 0.037592 
-0.499946 0.833375 -0.028983 
-0.734430 0.411194 0.038021 
-0.860058 -0.278863 0.009253 
0.506751 0.839035 0.037810 
0.665381 -0.523065 0.031561 
0.103047 0.924302 -0.038640 
0.043344 -0.993102 0.037084 
0.141792 -0.900692 0.009426 
0.868462 0.324608 0.009742 
0.112647 0.966277 -0.017637 
-0.886571 0.281157 -0.038640 
-0.381551 0.861770 0.036826 
0.540765 -0.686142 0.037942 
0.730219 -0.668331 0.002125 
-0.035090 0.907564 0.007590 
0.367544 0.751279 0.035203 
-0.473147 -0.701657 0.036109 
0.866863 0.191945 0.029179 
0.901126 0.378115 -0.035429 
-0.847989 0.478519 -0.013801 
0.098499 -0.981516 -0.009168 
-0.795990 -0.523584 0.037532 
0.683086 -0.649355 -0.038640 
0.626243 -0.672879 0.007590 
-0.877577 -0.109970 0.028205 
-0.969080 -0.058353 -0.038122 
0.308978 0.789970 0.037902 
-0.968964 -0.134006 -0.002170 
-0.803057 0.378058 -0.038557 
-0.002234 0.887946 0.015807 
-0.873525 -0.390036 -0.038640 
0.282178 -0.828402 0.037994 
0.180204 -0.933301 -0.038634 
0.734991 0.471910 0.038024 
-0.954692 -0.212422 -0.013492 
0.987205 -0.130498 0.030398 
-0.566719 0.741848 0.021116 
0.085625 -0.961710 0.038024 
0.795248 0.392801 0.026473 
-0.329331 -0.780189 0.005944 
-0.550209 -0.681694 -0.038640 
0.334488 -0.798772 -0.038474 
-0.029503 -0.960022 -0.038640 
0.856148 -0.017683 0.037992 
0.236046 0.945621 -0.000377 
-0.748721 -0.487842 -0.038640 
-0.911010 -0.174301 0.010919 
-0.737950 0.485766 -0.038640 
-0.889343 -0.038997 0.017131 
-0.880306 0.150488 -0.038640 
-0.796802 -0.317850 0.038024 
0.049247 -0.859594 0.038024 
0.165121 -0.979213 0.004039 
-0.870408 0.366912 -0.038509 
-0.724585 -0.626561 0.038024 
-0.232066 0.893380 0.011470 
-0.084711 -0.982279 -0.010912 
-0.834656 0.516137 0.036890 
-0.617761 -0.764357 -0.010989 
0.319664 -0.939549 0.037797 
0.992400 -0.004778 0.035748 
-0.110377 0.839017 0.037957 
-0.487404 0.761176 -0.038583 
-0.764904 -0.588957 0.037973 
0.401206 -0.862729 0.026746 
0.694069 0.484275 0.038024 
-0.885155 -0.103770 -0.038640 
-0.668850 0.495840 0.018657 
0.385834 -0.908568 -0.003025 
0.657531 0.702556 0.037933 
0.950444 -0.092823 -0.038640 
0.813797 -0.387746 0.014460 
0.426846 0.871082 -0.037431 
-0.867156 -0.459924 0.000200 
-0.368240 0.884848 -0.038635 
-0.978498 0.023547 0.001101 
-0.289971 -0.934101 0.038024 
-0.271049 0.799352 -0.016833 
0.878823 -0.239995 0.008901 
-0.842893 -0.103766 -0.011587 
0.198292 0.926205 0.037873 
-0.101332 -0.964842 0.037977 
-0.400189 -0.742715 0.014260 
-0.658651 0.559191 0.038024 
0.561908 0.686709 0.020387 
0.388458 0.826581 0.007590 
-0.727185 -0.444908 -0.005104 
0.522590 -0.808150 0.038009 
-0.230553 0.918909 -0.038617 
0.761688 0.359353 0.005192 
0.851671 -0.501021 0.038024 
0.209732 0.913340 -0.038640 
-0.780449 0.339984 0.038024 
0.758715 0.615994 -0.003746 
-0.134444 0.964050 -0.000820 
-0.090670 0.938453 0.037042 
-0.498516 -0.815498 -0.038640 
0.047863 0.865277 0.038024 
0.687787 -0.577436 -0.038617 
-0.897280 0.026374 0.011080 
-0.753556 -0.430625 0.038024 
-0.695143 -0.630447 0.015515 
-0.971496 0.091738 -0.003464 
0.874895 -0.478305 0.009848 
-0.243405 0.837229 0.037589 
-0.892982 0.030057 -0.038586 
0.152983 0.965515 0.037922 
0.411040 0.836283 -0.038640 
-0.694198 0.603762 0.010006 
-0.336006 -0.827197 -0.038640 
-0.922137 -0.218460 0.036497 
-0.847239 0.040900 -0.029070 
-0.062255 0.965580 -0.037764 
-0.430613 0.850072 0.037971 
-0.830387 -0.208056 -0.038123 
0.084898 0.939841 0.037050 
0.743738 -0.458666 0.038000 
-0.730445 -0.674730 0.025140 
0.527238 -0.678201 -0.017995 
0.584980 -0.731522 0.010934 
-0.659334 0.714488 -0.018885 
-0.663703 -0.621080 -0.038640 
-0.758672 0.539720 0.018061 
-0.608668 0.642330 0.018823 
0.466699 -0.782335 -0.038612 
-0.361267 -0.776597 -0.026026 
0.607344 0.583956 0.036778 
-0.213726 -0.820724 0.005828 
-0.527564 0.642555 0.014645 
0.156075 0.898393 0.007590 
-0.948953 0.203380 0.037975 
0.059992 0.832979 0.035728 
-0.171914 -0.957170 0.038024 
0.713936 0.666477 -0.015548 
0.193627 0.818685 0.002279 
0.801253 0.291559 0.038024 
0.462936 -0.833046 0.031719 
-0.300848 -0.851171 -0.038640 
0.700720 0.599296 0.008916 
-0.759960 0.370971 -0.020311 
0.529514 -0.831653 -0.033080 
-0.841289 -0.333757 -0.038640 
-0.844993 -0.441100 0.037736 
0.802357 0.318834 -0.038640 
-0.439657 0.758239 -0.038513 
0.583220 -0.751259 -0.038640 
-0.566888 0.776041 0.037948 
0.973954 0.196462 0.026050 
0.660197 -0.615580 0.014842 
-0.842639 0.011896 0.037755 
-0.915477 -0.346865 -0.011457 
-0.784069 0.596158 0.009246 
0.232987 -0.949819 0.037960 
0.043321 -0.985359 -0.012140 
0.253297 -0.810186 0.035279 
0.602964 0.627820 -0.038640 
0.338229 0.877725 -0.038640 
0.471489 -0.755453 0.035157 
-0.218828 0.928997 0.037914 
0.053111 0.883555 -0.038640 
-0.572005 0.635190 -0.038486 
-0.805377 0.537471 -0.037811 
0.784006 -0.346139 -0.007660 
-0.795408 -0.574145 -0.007500 
-0.493710 -0.709444 -0.038640 
0.331577 -0.892542 -0.038563 
-0.898647 0.347293 0.038024 
-0.672850 -0.572467 0.035030 
0.836875 -0.179726 -0.007344 
-0.701348 -0.485138 -0.014130 
-0.531795 0.760856 -0.038597 
-0.300028 0.847124 0.009045 
0.546532 0.818553 0.005324 
0.465541 -0.875766 0.037861 
0.324597 0.781775 -0.006969 
0.795141 0.304817 -0.000304 
-0.852792 -0.164637 -0.038640 
0.137903 0.912655 -0.038640 
-0.849266 -0.019300 -0.033625 
0.739160 -0.530687 0.009945 
-0.599760 0.732872 -0.038570 
-0.747229 -0.381645 0.017218 
0.762214 -0.603204 0.037871 
-0.474747 0.859905 0.035156 
-0.824706 0.192639 -0.013738 
0.125974 -0.958388 0.037994 
0.506650 0.671858 0.003514 
0.865811 -0.433480 -0.038640 
0.633920 -0.615932 -0.038640 
0.611091 -0.774650 -0.008921 
0.881197 -0.095151 0.034519 
-0.865338 0.449292 0.037883 
-0.441809 -0.735076 0.038024 
0.805244 -0.268991 0.004275 
0.275539 0.921364 -0.038640 
-0.221527 -0.904766 0.009143 
0.855031 0.007382 -0.033591 
-0.689622 0.534657 -0.038640 
0.767212 -0.580145 -0.038495 
-0.437578 -0.735461 -0.026140 
0.651959 0.672870 -0.038640 
0.083514 -0.854620 -0.016576 
0.919918 0.313980 -0.038503 
0.266152 0.949715 0.023470 
-0.030842 0.866213 -0.038640 
-0.477225 -0.771099 -0.038640 
0.886397 -0.002661 0.035308 
-0.288923 -0.854907 0.013919 
-0.267787 0.892182 -0.038640 
0.269564 -0.962459 0.012423 
-0.367276 0.906916 0.037568 
0.015941 -0.863313 -0.037912 
0.776886 0.571521 0.037937 
-0.507018 0.725933 0.017638 
-0.748545 -0.495273 0.015012 
0.568608 -0.643500 -0.010361 
0.728053 -0.632734 0.037975 
0.884659 -0.112876 -0.038640 
0.923731 -0.130390 0.010703 
0.838372 -0.324697 -0.038640 
0.014501 -0.938497 -0.038638 
-0.830982 0.222968 0.037935 
0.862821 0.063029 0.038024 
0.241905 0.854426 -0.038640 
0.836084 -0.447903 -0.038640 
-0.294304 0.796594 0.038024 
-0.927363 0.299171 -0.030174 
0.849691 -0.498853 -0.031083 
0.905033 0.246608 0.016462 
-0.788212 0.307546 -0.022640 
0.588052 -0.680386 -0.038640 
-0.404674 0.806124 0.008172 
0.140047 -0.843991 0.001778 
0.380694 0.895906 -0.032998 
-0.872944 0.129431 0.028483 
-0.967011 -0.131148 -0.034858 
-0.748554 -0.451275 -0.038640 
-0.785019 0.481139 0.009573 
-0.654897 0.699479 0.037964 
-0.051420 -0.949796 0.028615 
0.358145 -0.768091 0.032868 
-0.000358 0.972884 -0.007457 
0.911341 0.160157 0.008743 
0.094889 -0.953082 -0.038508 
-0.891545 0.401671 0.002299 
-0.497536 0.726722 -0.038625 
0.463034 0.854870 -0.035683 
0.762206 -0.392070 -0.014549 
0.314028 0.921387 -0.032498 
-0.936469 -0.056029 -0.038640 
-0.832186 -0.130158 0.004369 
-0.714415 0.659519 -0.015389 
0.880951 0.416772 -0.037461 
0.878791 0.439774 0.002125 
0.242957 0.809909 -0.003192 
-0.144792 -0.974893 -0.023379 
-0.884284 0.083427 0.018266 
-0.508672 0.775021 0.014043 
-0.840570 0.335481 0.007878 
0.330757 0.861667 0.010304 
0.882173 0.381295 0.037912 
0.428944 -0.863336 -0.038500 
0.424972 0.792471 -0.038640 
0.703831 -0.665457 0.038024 
0.517901 -0.853945 0.010419 
0.926458 0.083870 -0.038640 
-0.243006 0.806276 0.000893 
-0.854261 -0.472412 0.038024 
-0.141020 -0.846315 -0.026387 
0.462914 0.819615 0.032210 
-0.148078 -0.883463 0.022395 
-0.680156 -0.521470 0.038024 
-0.957130 0.055666 -0.038492 
-0.621761 -0.760795 0.037962 
0.975121 0.078287 -0.036306 
0.691326 0.540650 -0.038640 
0.421039 -0.748715 -0.008215 
-0.309689 -0.799033 -0.011275 
-0.501075 -0.846640 0.038024 
-0.980904 -0.008670 0.002384 
0.486905 -0.701518 0.002720 
0.841914 -0.162016 -0.035237 
0.930238 -0.214012 0.036968 
-0.625685 -0.562253 0.012862 
0.739632 0.570652 0.015526 
-0.745423 -0.603904 -0.038640 
0.461393 0.710129 -0.000122 
0.300585 -0.791947 0.009584 
0.993290 0.017039 0.008097 
-0.817345 -0.308983 -0.038640 
0.773449 -0.370050 0.037910 
-0.203598 0.816626 0.001436 
0.727580 0.427168 0.003886 
-0.475883 0.847409 -0.008215 
-0.031458 -0.876959 -0.038640 
-0.378451 -0.756268 0.034836 
0.368586 -0.775935 -0.006007 
-0.978402 -0.122040 0.036665 
0.531253 0.752674 -0.038640 
0.852925 -0.058863 -0.023251 
0.856132 -0.379967 -0.038640 
0.896203 -0.029912 -0.038640 
-0.928915 0.315014 0.003724 
-0.009086 -0.996576 0.035204 
-0.688728 0.687064 -0.012277 
-0.720583 0.635321 0.037954 
0.164593 0.958862 -0.021698 
0.059278 0.958489 -0.038640 
0.832168 -0.527719 -0.005667 
0.085948 -0.884771 -0.038608 
0.475656 0.857838 0.003687 
-0.871875 0.186373 0.014635 
-0.206752 0.842592 -0.038500 
-0.312206 0.784372 -0.007843 
0.172105 -0.939366 0.035136 
0.932105 0.039291 0.011477 
0.424103 0.726460 0.003491 
-0.815594 -0.551754 0.001956 
-0.946704 0.115037 -0.038640 
-0.803142 0.384812 0.014199 
0.611818 -0.602316 -0.003715 
0.749645 0.405956 -0.035100 
-0.912592 0.004421 -0.038611 
-0.834500 0.146372 -0.009661 
-0.191715 -0.874750 0.022434 
-0.589272 0.715732 0.013783 
-0.332730 0.912991 -0.024613 
0.949377 0.289753 0.025509 
0.143444 0.843283 -0.038640 
0.521991 0.672364 -0.036694 
0.974603 -0.133187 -0.003290 
0.370681 -0.820653 -0.038568 
0.407400 0.790032 0.016800 
0.958344 -0.246961 0.003405 
0.528914 0.812894 -0.037929 
0.669024 -0.741127 0.010040 
0.424543 -0.827003 -0.038549 
0.873223 -0.350644 0.017232 
-0.673721 -0.731982 0.012036 
-0.379978 0.742750 0.035755 
-0.164717 0.895380 -0.038640 
0.963182 0.026433 -0.038640 
0.644790 -0.708671 0.037269 
0.647502 0.731045 -0.007500 
0.840246 0.491570 -0.037686 
-0.562781 0.668709 -0.038588 
-0.366736 -0.856830 -0.038640 
0.265040 -0.871837 -0.038542 
0.643518 0.637321 0.008374 
0.199289 -0.881633 0.014245 
0.480969 0.745876 -0.038640 
-0.457089 -0.709101 0.010326 
-0.444615 -0.810525 0.007718 
-0.617287 0.577598 -0.033435 
0.065601 0.927540 0.015823 
-0.272378 -0.812613 -0.014732 
-0.018824 0.926786 -0.038640 
-0.012323 -0.947552 0.020994 
0.977094 0.093673 -0.007212 
-0.521310 0.814427 0.037898 
-0.079139 -0.900939 -0.038640 
-0.569771 0.605609 0.018597 
0.809701 0.237312 0.036377 
-0.948378 -0.192698 0.038024 
0.852005 0.350980 0.008095 
-0.718631 -0.446747 0.036169 
-0.765320 -0.625490 0.004399 
-0.846803 0.012196 0.000597 
-0.561646 -0.687994 0.032642 
0.292314 -0.921680 0.038024 
-0.814278 -0.262902 -0.037791 
-0.658771 0.528954 -0.003140 
0.410794 -0.754697 0.037919 
0.693136 -0.505961 -0.019567 
0.981989 -0.053189 -0.001358 
-0.704896 -0.573558 -0.038640 
0.012630 0.871716 0.037664 
-0.603301 -0.644369 -0.038640 
-0.904527 0.237534 0.020252 
0.934430 -0.287229 -0.038123 
-0.848923 -0.410075 -0.038640 
0.357752 0.756466 0.006304 
0.803062 0.451339 0.008327 
0.953430 0.229391 -0.007991 
-0.963378 -0.166288 -0.005984 
-0.958877 0.178388 -0.025647 
-0.279280 0.906177 0.038024 
0.128687 -0.897038 -0.038583 
0.365354 0.813805 -0.038640 
-0.686717 0.569835 0.012275 
-0.258006 -0.826703 -0.038640 
0.836021 0.435755 -0.038640 
0.367199 0.905935 0.001777 
0.649709 0.547046 -0.016567 
0.560893 0.627227 0.004004 
0.606018 0.588294 0.002336 
-0.544633 -0.827576 0.037475 
-0.050342 -0.856532 -0.014174 
-0.340239 0.869845 -0.038640 
-0.434562 0.865963 -0.036533 
0.846818 0.411954 0.023074 
-0.328590 -0.899369 -0.038640 
0.912803 0.100683 0.007590 
-0.978459 -0.088728 0.037802 
0.850121 0.214189 -0.038640 
-0.418034 0.835128 -0.038597 
-0.563566 -0.642837 -0.003252 
0.852291 -0.132743 0.038024 
0.829764 -0.209490 -0.005498 
0.175207 0.869343 0.017424 
0.729645 -0.463035 -0.038232 
0.916541 -0.024580 0.007450 
0.080695 0.982109 0.021082 
0.966800 -0.042052 -0.038640 
-0.111894 0.880497 -0.038640 
0.890802 0.315854 0.029766 
-0.352063 0.805187 0.029947 
-0.715070 0.519714 0.020527 
0.510423 0.749780 0.007744 
0.858774 0.257494 -0.038640 
-0.617547 -0.707549 0.015512 
0.913324 0.335958 0.037971 
-0.836263 0.285840 -0.038640 
-0.054920 0.842466 -0.007405 
-0.511467 -0.685422 -0.027261 
-0.689885 0.594377 -0.038545 
-0.784572 -0.565394 -0.038640 
0.655786 -0.556137 -0.034745 
-0.871354 -0.052287 0.037836 
-0.632382 -0.624333 0.030071 
0.863699 -0.210117 0.032479 
-0.289052 0.922817 -0.037651 
0.839719 0.181321 0.038024 
0.528306 0.707687 -0.038640 
-0.722670 0.493321 0.035379 
0.641905 -0.569601 0.037916 
0.010263 0.954455 0.038024 
-0.918733 0.068054 -0.038579 
-0.397142 -0.824742 -0.038640 
0.668836 -0.696578 -0.038640 
-0.189862 -0.980159 0.011570 
-0.951265 -0.005201 0.038024 
-0.385686 0.808611 -0.038542 
0.509030 -0.777314 -0.038640 
0.935829 0.217143 0.037904 
-0.393904 -0.915557 0.010330 
-0.627089 -0.728775 0.038024 
-0.840790 0.110030 -0.018331 
-0.615946 0.766450 0.007896 
-0.529862 -0.729502 0.013171 
0.807880 -0.412062 -0.038640 
0.796277 0.438493 -0.038640 
-0.158889 0.928173 0.036161 
-0.908174 -0.043892 -0.038640 
-0.406217 0.841417 0.022593 
0.945380 0.130978 -0.038640 
0.239818 -0.812801 0.008486 
0.964525 -0.247252 0.032948 
0.193357 -0.969576 0.000166 
-0.922277 -0.173934 -0.038640 
0.173773 -0.828096 0.018647 
0.975277 0.072889 0.037985 
-0.890393 0.424503 0.029259 
0.941289 0.184218 -0.038640 
-0.802205 -0.432588 0.007790 
0.280580 0.799643 0.037983 
-0.711014 0.670291 0.037866 
0.458616 0.736980 0.038024 
0.851233 -0.259076 -0.038640 
0.974586 -0.104399 0.037990 
0.747837 -0.613185 -0.038554 
-0.665656 0.649572 0.016493 
-0.829346 -0.518925 -0.035279 
0.668563 0.506728 0.031512 
0.089108 0.960942 -0.038432 
0.280469 0.840945 0.018321 
-0.793850 0.303273 0.038024 
0.360412 -0.911806 0.037941 
-0.752454 -0.567446 0.021351 
0.469084 0.797949 0.011322 
-0.179596 -0.858539 -0.038640 
-0.382389 0.752419 -0.024249 
-0.739405 0.632046 -0.004580 
-0.594290 0.582222 0.021365 
0.962023 0.162152 0.037976 
-0.253784 -0.904246 0.012999 
0.587409 -0.786526 0.037978 
0.652760 -0.639085 -0.038640 
0.850175 0.066071 0.000357 
-0.877938 -0.168614 0.014824 
-0.836543 -0.148531 -0.019609 
0.891360 0.188501 0.008069 
0.930883 -0.231869 -0.038617 
-0.146755 0.831637 -0.007746 
0.787973 0.562544 -0.038640 
-0.835287 0.251413 -0.038640 
0.679453 -0.562355 0.038015 
0.543528 0.671502 0.038001 
-0.812174 0.536895 -0.008856 
0.964429 0.181451 -0.006773 
-0.090659 0.967962 -0.009676 
0.088373 -0.905717 0.010327 
-0.133782 -0.978915 0.037891 
0.708936 -0.508649 0.037967 
-0.315974 -0.903128 0.037493 
-0.954560 0.232446 0.004557 
-0.699770 -0.574954 0.009835 
-0.929089 -0.268966 -0.038640 
0.971392 0.138846 -0.012805 
0.403299 0.744402 -0.016929 
-0.813264 -0.208944 0.007258 
0.826780 -0.163098 0.016419 
-0.558854 -0.751859 -0.038640 
0.872071 -0.321134 -0.038640 
0.340702 -0.926473 -0.002205 
0.677879 0.681088 0.037924 
0.535576 0.732713 0.007708 
-0.821395 0.474969 0.038019 
0.110514 -0.851422 -0.005341 
0.420778 -0.844062 0.015229 
0.843406 -0.447212 0.036284 
0.628173 -0.608378 0.038020 
0.889044 -0.302647 0.014797 
0.220015 0.834137 0.038024 
-0.524300 -0.794014 -0.038640 
0.269356 0.894168 0.019138 
-0.449112 0.714509 -0.022398 
0.851488 0.350758 -0.038640 
0.790719 -0.361696 -0.038640 
-0.454861 0.821688 -0.038605 
-0.091255 0.967756 0.038024 
0.597242 -0.608855 0.037312 
0.194417 -0.907055 -0.038640 
0.703319 0.605160 -0.038640 
-0.692360 0.491730 -0.037099 
0.523373 -0.709711 0.037907 
0.926557 -0.319643 -0.037298 
0.934550 0.333208 0.011944 
-0.152720 -0.917478 -0.038640 
-0.114454 -0.979361 -0.009979 
-0.555789 0.720690 -0.038557 
-0.109184 -0.897258 0.013412 
-0.845939 0.061046 -0.004937 
-0.701274 -0.477250 0.037998 
-0.340546 -0.835360 0.013858 
0.948358 -0.049428 0.033365 
0.346971 0.910095 0.038004 
0.286225 -0.809696 -0.020116 
-0.863908 -0.462156 -0.028649 
0.466773 -0.778314 0.011780 
-0.266218 -0.814085 0.038024 
-0.680213 -0.698966 -0.038330 
0.801215 -0.430492 0.009776 
0.620175 0.753416 -0.011186 
-0.863999 0.448245 -0.015586 
-0.941227 -0.046031 0.030478 
-0.838050 -0.072482 0.004749 
0.843558 -0.362574 0.007590 
0.915451 0.244313 -0.038640 
0.794679 -0.398508 0.033423 
0.876501 -0.051263 -0.038640 
0.643468 0.717989 -0.038640 
0.445265 -0.894898 0.029937 
-0.217424 -0.955613 -0.037876 
-0.126196 -0.882618 -0.038640 
-0.237215 -0.903063 -0.038640 
-0.023123 -0.996254 0.006784 
0.727496 0.530875 0.010402 
-0.788844 -0.374488 -0.038640 
-0.666684 -0.532570 -0.007594 
-0.472514 -0.863192 -0.008865 
-0.520433 0.820854 -0.012925 
-0.813840 0.328224 0.033822 
-0.894196 -0.337087 0.038024 
-0.347945 0.796213 -0.038577 
0.700142 0.505404 -0.038640 
0.928201 -0.067587 0.009728 
0.347760 -0.882693 0.021672 
0.045972 -0.902041 -0.038588 
-0.793736 0.366193 0.035991 
-0.420564 -0.881233 -0.038513 
-0.263816 0.884213 0.011277 
0.745744 -0.500439 -0.038525 
-0.015188 -0.921826 -0.038640 
-0.984678 0.038204 0.036115 
-0.040994 -0.861274 0.038024 
-0.603770 -0.616677 0.038024 
-0.881705 -0.016549 0.033394 
-0.973827 -0.079874 -0.019690 
-0.425165 -0.901815 0.018578 
-0.014340 0.861583 0.038024 
-0.292302 -0.927816 -0.038640 
0.800901 -0.310190 0.037993 
0.567297 0.715031 -0.038640 
-0.844548 -0.498693 -0.003714 
-0.866184 0.471155 0.012269 
0.142183 -0.944096 -0.038532 
-0.753124 0.548633 -0.038640 
0.567154 -0.627417 0.029746 
-0.932188 -0.257124 0.038024 
0.943524 -0.279637 -0.012081 
0.595251 0.633453 0.038024 
0.880759 -0.036737 0.037746 
-0.668915 0.613797 -0.038484 
0.634657 -0.569299 0.003127 
-0.062182 -0.923135 0.007590 
-0.830411 0.531277 0.013072 
-0.944795 0.134242 0.038024 
0.498794 0.704420 0.038024 
0.813715 0.260498 -0.036055 
-0.632424 -0.573510 -0.012469 
0.085416 0.892088 -0.038640 
-0.421483 -0.788609 0.022409 
0.561928 0.797366 -0.007843 
-0.180584 -0.932631 0.026408 
0.796424 0.377184 -0.038640 
-0.905415 -0.246436 0.019063 
0.755145 0.602278 0.037946 
-0.461273 0.762730 0.012544 
-0.483303 0.706969 0.037952 
-0.418103 0.726241 0.037599 
-0.940504 0.256874 -0.005764 
0.871802 0.108641 -0.038640 
-0.532594 0.684745 -0.038619 
0.821059 -0.252053 0.037904 
0.791605 0.491180 -0.038640 
-0.570053 0.680659 0.015702 
-0.116349 -0.935596 0.015760 
-0.666505 0.551009 -0.038637 
-0.236282 -0.823895 -0.020707 
0.520086 0.781295 0.023935 
-0.834813 0.422166 -0.038476 
-0.010729 0.985055 0.015841 
0.549816 -0.819662 -0.016734 
-0.749702 -0.405748 -0.002566 
-0.360207 0.856351 0.015934 
-0.817919 0.166594 0.011985 
-0.624386 0.685708 0.014142 
0.011522 0.845001 -0.032984 
-0.625304 0.563294 0.001574 
0.238126 -0.915347 0.017708 
-0.579031 0.780618 -0.024449 
0.831076 0.539589 0.026402 
0.602503 -0.688069 0.008643 
-0.350835 0.754551 0.009626 
0.357218 -0.875872 -0.038484 
0.251133 -0.872202 0.011761 
-0.531837 -0.738420 -0.038640 
0.727651 0.670264 0.018102 
0.557953 -0.739578 0.007590 
0.802635 -0.502676 0.021800 
0.935279 -0.340656 0.007489 
0.671195 0.649022 0.016129 
-0.215350 0.960683 0.020523 
0.616298 -0.662718 -0.038640 
-0.798933 0.576884 0.023312 
-0.846596 0.505040 0.011805 
0.753441 -0.643490 0.002788 
0.830328 0.193486 -0.017319 
-0.122426 0.897193 0.007590 
0.181941 0.840263 0.038024 
-0.351817 0.918888 0.010763 
0.004142 -0.851060 0.004142 
0.908354 -0.381011 -0.019751 
0.751804 -0.555955 -0.038506 
-0.813557 0.534524 0.038016 
0.917126 0.134619 -0.038640 
0.913018 -0.159246 0.008550 
-0.600402 -0.722515 -0.038640 
-0.774177 -0.403633 -0.038640 
-0.771982 0.344564 0.000187 
-0.852119 -0.092691 0.037962 
-0.867006 0.090767 -0.038640 
0.835599 -0.545886 0.026675 
0.528872 -0.838421 0.037962 
-0.036249 0.971462 -0.028486 
0.760017 0.581224 -0.038640 
-0.800861 -0.247297 0.019240 
-0.830874 0.119471 0.036267 
-0.444075 -0.769060 0.034011 
0.604441 0.772743 0.037840 
-0.900925 -0.354218 -0.038640 
0.280855 -0.833824 -0.038497 
-0.863701 0.407102 0.037988 
-0.877587 -0.231194 -0.038640 
0.833254 0.392607 0.008190 
-0.561230 -0.807435 -0.007657 
0.861820 0.292253 0.008198 
-0.035755 0.938698 0.033545 
-0.381133 -0.887230 -0.038640 
-0.096381 0.836785 0.000966 
0.861279 0.436871 0.037937 
0.303471 -0.845790 0.019985 
-0.844664 -0.135203 0.038024 
-0.115846 0.867520 0.035978 
0.049086 0.971526 -0.003559 
-0.859669 -0.176937 0.037527 
-0.954478 -0.249554 0.005212 
-0.494302 -0.745038 -0.038640 
-0.476812 -0.839756 -0.038640 
0.834155 0.105727 0.027696 
0.871385 0.230627 0.011715 
-0.969833 -0.058241 0.038024 
-0.925674 -0.323856 -0.000010 
-0.879260 -0.064894 -0.038640 
-0.685580 0.705945 0.033139 
0.869784 0.079878 -0.038640 
0.399135 -0.902237 -0.026646 
-0.935473 -0.284980 0.038024 
0.149546 -0.986944 0.033246 
0.127423 0.896050 0.007710 
-0.907392 0.354176 -0.024168 
0.406487 0.764666 -0.038640 
0.950181 -0.300847 0.022876 
0.171875 0.970502 0.015989 
0.704015 0.532375 0.033442 
-0.815804 -0.352614 0.023655 
-0.503920 -0.724493 0.037682 
0.708465 -0.559282 -0.038542 
0.241073 0.812452 0.038024 
-0.380021 0.836468 -0.038575 
-0.823947 -0.421567 -0.038640 
0.744748 0.491012 0.018644 
-0.100784 -0.937575 -0.038640 
-0.972932 -0.000209 -0.036858 
0.915195 -0.010067 -0.038640 
-0.932021 -0.144285 -0.038640 
0.683140 0.583645 -0.038640 
-0.649276 0.731359 0.037862 
-0.207631 0.877803 0.008232 
0.101755 0.829160 0.006341 
-0.054483 -0.977906 -0.038275 
0.907833 0.399197 0.016659 
-0.937878 0.281217 0.037950 
0.864863 -0.185238 -0.038514 
-0.806210 0.257771 -0.004566 
-0.639522 0.735996 0.001048 
-0.368058 -0.923088 0.036320 
-0.061664 0.890820 0.011883 
0.911341 -0.368356 0.037995 
0.602560 -0.797324 0.017936 
-0.237854 -0.870411 -0.038640 
-0.869161 0.241228 0.008882 
0.913556 -0.166934 -0.038640 
0.777566 -0.568834 0.037958 
-0.859308 -0.378039 0.017951 
0.216256 0.948792 -0.024079 
-0.753572 -0.613812 0.037975 
0.949773 0.240959 -0.032444 
-0.319848 -0.795968 0.038024 
-0.495600 -0.681738 0.029887 
-0.893304 -0.430931 0.032005 
-0.929541 0.208117 -0.038640 
-0.630918 0.611196 -0.038515 
0.610180 -0.733715 -0.038640 
0.165703 -0.922734 0.011332 
-0.691418 0.463336 0.017557 
0.847344 0.103173 -0.004474 
0.315096 0.862709 -0.038640 
0.875376 -0.146539 0.034154 
-0.094394 0.916331 0.010290 
0.774867 -0.508654 0.008032 
-0.472762 0.683723 0.017941 
-0.546944 0.760837 0.027724 
0.824410 -0.349164 0.021262 
0.167683 -0.880221 0.023354 
-0.001451 -0.986521 -0.013590 
-0.084119 -0.854170 -0.008195 
0.607375 -0.761827 0.037942 
-0.988750 -0.026525 0.021032 
0.766841 -0.355305 0.011007 
0.934940 0.043832 -0.038640 
0.448564 -0.719062 0.032830 
-0.826013 0.168792 0.037983 
-0.273958 0.825119 -0.038640 
0.715825 -0.577690 0.007590 
0.364608 0.840704 -0.038640 
-0.964437 0.149731 -0.001601 
0.526174 -0.769818 0.009064 
0.831406 0.208919 0.038024 
0.480060 -0.866096 0.001892 
-0.007736 -0.909669 0.010321 
-0.895154 0.306611 -0.038628 
0.777923 -0.343591 0.036947 
-0.802044 0.450557 -0.038493 
0.902954 -0.235779 -0.038592 
0.372216 0.780610 -0.038640 
-0.053926 0.983422 0.030605 
-0.850890 -0.223890 0.036094 
-0.158627 0.971727 0.020569 
-0.161714 -0.829889 0.031922 
0.978004 -0.189684 0.023766 
0.841194 0.397887 -0.038640 
-0.239672 0.941920 -0.028381 
0.869103 -0.278437 0.008510 
-0.126982 -0.852679 0.038024 
0.547892 0.647138 -0.015035 
-0.945377 -0.228895 -0.037911 
0.671075 -0.534417 -0.015228 
-0.308858 0.917376 0.038024 
0.174692 0.940804 -0.038640 
0.078310 0.841239 -0.029496 
-0.577579 -0.714052 0.007590 
0.220890 0.960694 0.018614 
-0.551335 -0.801942 -0.038640 
0.210908 -0.916696 0.012962 
0.512124 -0.743205 -0.038640 
-0.920298 0.210188 0.035990 
0.970540 -0.022803 0.037852 
0.784407 -0.424659 -0.038640 
0.142471 -0.870421 -0.038619 
-0.585557 0.648082 0.036636 
-0.489953 -0.795271 0.011064 
-0.564845 -0.662138 0.038024 
0.753818 0.453142 0.037049 
-0.221456 0.822220 0.037980 
-0.745415 0.445891 -0.038596 
0.948800 -0.066290 -0.038640 
0.912753 -0.243995 0.021334 
0.649194 -0.652554 0.007590 
-0.359362 0.759359 0.037898 
0.835650 0.441123 0.032444 
0.941471 -0.108561 0.028978 
-0.153071 0.926007 -0.038640 
0.840834 0.024724 0.017004 
-0.238538 -0.967965 0.033336 
0.833677 -0.479135 -0.038640 
-0.747604 0.593870 0.038000 
-0.133984 0.835947 -0.035954 
-0.493240 0.684338 -0.000007 
-0.698757 0.620969 -0.038481 
0.146137 -0.975602 -0.026069 
0.766117 0.426289 -0.038640 
0.706578 -0.688241 -0.006085 
0.118194 0.852000 0.037970 
0.650755 0.552620 0.038024 
0.738083 0.397353 0.025115 
0.792807 -0.507845 -0.038588 
0.233370 0.812884 -0.031214 
0.342288 -0.789123 0.038024 
-0.917572 0.090107 0.009258 
0.034693 0.930855 0.017402 
0.292759 -0.955423 0.022647 
-0.733710 -0.644245 -0.038002 
-0.827034 -0.266109 0.038024 
-0.272867 -0.798853 0.016106 
0.569713 0.807176 0.023120 
-0.385546 0.887687 0.037982 
0.486146 -0.831124 -0.038517 
-0.924119 0.345166 0.030610 
-0.525047 0.663296 0.037889 
-0.761771 0.515207 0.009302 
0.729331 -0.647765 -0.038640 
0.904114 -0.130436 -0.038640 
0.977971 -0.093541 -0.031221 
0.766212 0.605670 -0.031587 
-0.723907 -0.523832 0.022232 
-0.601332 -0.777605 -0.026479 
0.556899 -0.778036 -0.038640 
-0.415482 -0.736299 0.034490 
0.437315 0.725525 -0.019058 
0.971854 0.104695 0.037983 
0.275501 0.843019 -0.038640 
-0.887176 -0.281120 0.012172 
0.406701 -0.785729 -0.038615 
-0.757550 0.594835 -0.038604 
0.249033 -0.944547 -0.038640 
0.617514 0.702492 0.017871 
-0.382059 0.907194 0.010994 
-0.039903 0.942147 -0.038640 
-0.272150 -0.874006 0.008126 
0.870675 0.041657 -0.038640 
-0.629336 -0.616891 -0.038640 
0.618911 0.638431 0.018505 
-0.167866 0.842330 -0.038587 
0.585214 0.664363 -0.038640 
0.964288 0.208725 0.003549 
0.523287 0.833709 0.005762 
0.749371 -0.506185 0.012692 
-0.642934 0.710269 -0.038632 
-0.173086 -0.933643 -0.038640 
-0.911767 -0.306244 0.038024 
0.345081 -0.936946 0.033017 
-0.456950 0.804283 0.012571 
-0.675747 -0.648500 0.013900 
0.613693 -0.728214 0.030131 
0.822582 0.172285 0.020737 
0.832125 0.491053 0.038024 
0.106660 0.855644 -0.038640 
-0.664353 -0.723586 -0.015605 
0.199957 -0.979084 0.030944 
0.412737 -0.883546 -0.038483 
0.105324 0.979683 0.013490 
-0.100848 -0.839560 0.010934 
0.743671 -0.426458 -0.005063 
-0.847737 0.059876 0.037994 
0.813810 -0.556328 -0.021214 
0.496908 -0.700237 -0.024190 
-0.263687 -0.946107 -0.036410 
0.841296 -0.078263 0.006636 
-0.367292 -0.854404 0.008947 
-0.379451 -0.908768 -0.009983 
-0.250610 -0.857467 0.026086 
0.405526 0.753405 0.038024 
0.569890 -0.657767 0.037989 
0.031417 0.831156 0.013556 
0.334263 0.828490 0.012544 
0.019895 0.895515 -0.038640 
0.036592 -0.982022 -0.036817 
-0.759196 -0.370714 0.037265 
0.254673 -0.836039 0.037978 
0.622584 0.675729 0.008262 
0.968600 -0.167848 -0.030448 
0.271885 0.825482 0.038024 
-0.682207 -0.512703 -0.012791 
0.618714 0.744181 0.037963 
-0.048180 -0.892910 0.026173 
-0.964473 0.212106 0.019410 
0.606029 -0.658278 0.025595 
-0.760219 -0.557134 -0.038640 
-0.037036 -0.997939 0.028345 
0.310982 0.786940 -0.028139 
-0.595673 -0.763692 0.037965 
-0.932969 0.008585 0.015477 
-0.835111 -0.035385 0.022480 
-0.403204 -0.850384 0.015685 
0.826915 -0.220920 -0.028314 
0.526366 0.665090 -0.011472 
0.723705 0.469280 -0.038640 
0.665347 0.543857 -0.038640 
-0.459831 0.784587 -0.038561 
-0.777957 -0.346673 -0.016772 
-0.728114 -0.658964 -0.009311 
0.554635 -0.814972 0.037998 
-0.780176 -0.517471 -0.038640 
-0.773769 -0.474017 0.008949 
0.757853 -0.435182 0.038024 
-0.794852 -0.304855 -0.027204 
-0.725120 0.551684 -0.038640 
-0.445243 0.871032 0.037591 
0.832705 -0.212923 0.037910 
0.083821 -0.841597 0.027415 
-0.262306 0.935370 0.038024 
-0.897157 -0.287491 -0.038640 
0.213260 -0.881723 -0.038640 
-0.378045 -0.886420 0.038024 
0.105181 0.884826 0.013283 
-0.558871 0.788604 -0.037916 
-0.386273 -0.778512 -0.038640 
-0.768901 -0.610001 -0.015569 
-0.036441 0.830768 0.014664 
0.139593 0.940062 0.037890 
-0.337507 -0.925147 -0.008023 
0.645935 -0.545275 0.027244 
0.644474 0.647430 -0.038640 
0.419332 -0.797463 0.016990 
0.859978 -0.095463 -0.038640 
0.418159 0.893476 0.011075 
0.473588 0.701201 0.038024 
-0.652819 -0.529509 0.013478 
0.984599 -0.149743 0.014014 
0.882969 -0.437216 -0.018131 
0.049147 0.884586 0.017726 
0.331148 0.808146 -0.038640 
0.127849 0.977465 0.026159 
0.993975 -0.030669 0.032205 
-0.574962 -0.636635 0.038024 
-0.546402 0.817236 0.034738 
-0.496521 0.819629 0.037946 
-0.069943 -0.872404 0.038024 
-0.271016 0.787626 0.033749 
0.554103 0.625818 0.028353 
0.687141 0.649049 0.035788 
-0.948334 0.023335 -0.038562 
0.661620 0.516293 0.006958 
-0.418436 -0.878824 0.038024 
-0.293301 -0.953489 0.022122 
-0.819996 0.498084 -0.038548 
-0.609003 0.741228 0.037958 
0.634653 -0.721475 -0.038640 
-0.283634 0.931616 0.000527 
0.952076 0.192288 0.037955 
0.018354 -0.989593 0.038024 
-0.968502 0.120876 -0.013939 
0.689733 -0.722047 0.010460 
-0.409592 0.737955 -0.004541 
0.674592 0.720860 0.034109 
0.695555 0.474620 0.004591 
-0.672773 -0.529963 -0.036536 
0.359447 0.783749 0.038024 
-0.505279 -0.681363 0.004019 
0.188410 0.835053 -0.038640 
-0.813259 0.272321 0.037946 
-0.415536 0.765431 -0.038506 
-0.540056 -0.782812 0.034651 
-0.817018 -0.184944 0.013821 
-0.423925 0.888415 0.011338 
-0.922509 -0.194918 0.027640 
0.870560 -0.482376 0.035533 
0.867492 0.479672 0.012915 
0.119518 -0.912210 0.007590 
-0.941639 0.078414 -0.038568 
-0.085769 0.833937 0.037605 
0.626674 0.572629 -0.020645 
-0.911642 0.279618 -0.038640 
-0.970725 0.184667 0.028575 
-0.194827 0.921738 0.036607 
-0.743817 0.378071 0.032857 
0.660829 0.596614 0.021183 
-0.679796 0.624987 0.013529 
-0.784894 -0.426308 -0.038640 
0.911950 0.269301 -0.038640 
-0.878963 -0.182517 -0.038640 
0.850990 0.068485 -0.026589 
0.277135 0.800155 -0.033671 
-0.538218 -0.773204 -0.038640 
-0.593544 0.778002 0.003735 
-0.930732 0.065780 0.016001 
0.213313 0.884155 0.007590 
0.257751 -0.819412 -0.011167 
-0.749217 0.466494 0.023137 
-0.776092 0.456810 0.008878 
-0.598918 -0.794092 0.007987 
-0.734613 0.418299 -0.002786 
-0.793625 -0.593949 0.035075 
0.763042 0.423417 0.038024 
0.822553 -0.238412 -0.002646 
-0.531142 0.812692 -0.033874 
0.410356 0.728576 0.034440 
-0.286024 0.874616 -0.038640 
-0.783753 0.591303 0.036660 
0.917558 0.184182 0.014011 
0.881812 -0.208944 0.010695 
0.885875 -0.427394 0.037996 
-0.890147 0.256617 -0.038640 
0.575731 -0.655462 -0.038640 
0.841791 0.463385 -0.038640 
0.309241 0.935314 0.007885 
-0.889648 -0.124023 0.011747 
-0.730538 -0.650609 0.038024 
0.287448 -0.880550 0.007590 
0.491642 0.787823 0.012752 
-0.380193 0.810476 0.010442 
0.559993 0.752141 0.021878 
-0.943365 -0.276104 0.002614 
-0.573014 -0.805083 0.037925 
0.809261 0.546175 -0.034713 
-0.414263 0.879076 -0.023364 
-0.970918 -0.109314 -0.020424 
-0.334393 0.789905 0.038024 
0.916819 0.303175 0.037930 
0.319891 0.931195 0.035023 
-0.724653 0.435373 0.038003 
-0.860472 -0.103722 -0.038640 
0.004681 0.910166 0.007590 
0.352098 0.769531 -0.016632 
0.981702 0.023299 -0.012759 
0.111118 0.947607 -0.038640 
-0.962665 -0.226421 0.007609 
-0.894879 0.130617 -0.038640 
0.868794 0.090374 0.038024 
0.524760 -0.835656 -0.004580 
0.724448 0.445793 -0.019416 
-0.073578 0.842170 -0.033917 
0.724418 0.631668 -0.038640 
-0.055759 0.889018 -0.038640 
-0.717263 -0.687694 0.008951 
0.266855 0.803001 -0.008074 
0.140820 -0.982844 0.003783 
-0.292513 -0.874267 -0.038640 
0.272528 0.938654 0.002195 
0.970363 -0.072112 0.037953 
-0.626108 0.618747 0.026685 
-0.646808 -0.739807 -0.028741 
-0.115535 0.959012 0.038020 
-0.745044 0.634361 0.037807 
-0.449987 -0.853875 -0.038640 
0.020944 -0.944939 0.017489 
0.449093 -0.743001 0.037910 
0.894269 0.429133 0.017812 
-0.533548 0.726437 0.008426 
-0.827835 -0.395249 -0.038640 
0.331875 0.798554 0.037995 
-0.492612 -0.861036 0.004896 
-0.125177 -0.936004 -0.038640 
-0.551076 -0.717521 0.011204 
0.903953 -0.053092 -0.038640 
-0.916745 -0.232876 -0.038640 
0.300584 0.888027 0.024776 
-0.210710 0.889600 -0.038568 
-0.437454 0.868102 -0.012385 
0.381915 0.870113 0.037883 
0.393391 -0.847396 0.009442 
-0.350341 -0.776683 0.038009 
-0.505051 -0.748756 0.012272 
-0.264873 0.919781 -0.038640 
-0.614699 -0.702150 -0.038640 
0.462555 -0.733170 -0.038578 
-0.224784 0.859000 -0.038546 
0.750438 0.478383 -0.038640 
-0.718694 0.508323 -0.038640 
