0.779491 -0.452763 -0.022444 
-0.846813 0.500507 0.011001 
-0.532741 -0.834808 0.018930 
0.464796 0.872658 0.002385 
0.214394 -0.965935 -0.005136 
0.943920 0.288691 0.021823 
-0.957276 -0.233190 0.008953 
-0.265726 0.949662 0.015732 
0.591129 -0.804960 0.012481 
0.993211 -0.108642 0.016245 
-0.175020 -0.974420 0.021640 
0.757543 0.627706 -0.022090 
-0.958130 0.143013 -0.022407 
-0.794328 -0.569901 -0.021851 
0.106508 0.968508 -0.022470 
-0.573017 0.747660 -0.022461 
0.369379 -0.804883 0.003999 
0.945041 -0.321778 0.020553 
0.889178 0.078311 -0.005596 
0.017496 -0.881846 0.009274 
-0.319476 -0.819329 0.013574 
0.778102 0.419685 0.018521 
0.750582 -0.658949 0.004403 
0.555251 0.686527 0.002789 
-0.794143 -0.364884 0.005199 
-0.071563 0.874044 0.021095 
-0.870018 -0.047036 0.013732 
-0.818302 0.297590 0.009055 
0.258615 0.838780 0.018622 
-0.658768 0.569326 0.013614 
-0.382265 0.785035 0.019439 
-0.614425 -0.654313 0.021839 
0.872257 -0.194744 -0.017498 
0.600497 -0.651980 0.006233 
-0.946176 0.268744 0.015854 
0.479163 -0.875579 0.015193 
-0.697703 0.694169 0.011105 
0.349782 -0.934016 0.010825 
-0.490695 0.854341 0.008629 
0.902737 0.404550 -0.016999 
-0.980149 0.017894 0.001917 
0.680081 0.720320 0.021503 
0.983970 0.166925 0.017249 
0.228979 0.962835 0.013476 
-0.866127 -0.469050 0.020576 
-0.050431 -0.989961 0.002035 
-0.301105 -0.944720 0.020291 
0.480148 -0.743700 0.010486 
-0.920141 -0.354205 0.009963 
-0.424306 -0.888257 -0.018422 
0.998638 0.016477 0.007378 
-0.142554 0.976394 0.005807 
0.249609 -0.847777 0.016763 
0.348468 0.926072 0.020125 
0.846694 0.524120 0.012008 
0.574119 0.810020 0.008644 
0.899121 -0.437529 0.012262 
0.821186 -0.333525 0.012405 
-0.017365 0.978978 -0.020557 
0.699257 -0.545762 0.004487 
0.828450 -0.559798 0.016786 
0.094955 -0.991192 0.013440 
-0.905117 0.385028 0.015370 
0.892010 -0.045561 -0.014882 
-0.431649 -0.764955 0.014195 
-0.776597 0.601272 0.020686 
-0.185904 0.861510 -0.019688 
-0.105645 -0.874625 0.011004 
-0.837165 -0.247082 0.016997 
-0.373764 0.904166 -0.013873 
0.642917 0.605214 0.019025 
-0.971681 -0.104629 -0.016232 
0.870136 0.196323 -0.017436 
-0.683879 -0.555730 0.021839 
0.377940 0.792804 0.014087 
-0.768260 0.412432 0.003731 
-0.731838 -0.664762 0.016402 
-0.868061 0.070433 0.013755 
0.134805 -0.880307 -0.012017 
0.044449 0.874296 0.013099 
-0.613734 -0.762760 -0.022147 
-0.860101 0.190613 0.021839 
-0.224778 -0.872553 -0.022470 
0.833501 0.303588 0.002582 
0.728858 0.519829 -0.022470 
-0.744729 -0.462743 0.019787 
0.477620 0.764019 -0.022470 
-0.291940 0.832134 -0.021087 
0.157820 0.872702 -0.022175 
0.667642 -0.732502 -0.019856 
-0.583147 0.647212 0.015305 
0.975070 -0.219239 0.011298 
-0.475549 0.730436 0.013461 
-0.869303 -0.145810 -0.021657 
-0.527339 -0.727613 0.021839 
-0.739447 0.506283 -0.022456 
0.566440 -0.728450 -0.022400 
0.893409 -0.120741 0.021839 
0.333800 0.857008 -0.022470 
0.874423 -0.271467 0.021839 
0.406547 -0.880662 -0.022420 
-0.833713 0.374179 -0.022470 
0.681132 -0.619093 -0.022399 
0.317817 -0.860563 -0.022457 
-0.864858 -0.402049 -0.022470 
0.024955 -0.982267 -0.022470 
0.888800 -0.367196 -0.022470 
-0.889979 0.308624 -0.022470 
-0.674438 -0.713501 -0.013924 
0.985601 0.097753 -0.019710 
-0.117087 -0.944534 -0.022470 
0.778622 0.561242 0.021604 
-0.858615 -0.318823 -0.022470 
0.628233 0.669371 -0.022470 
0.946760 0.221529 -0.022470 
-0.451756 0.795881 -0.022470 
0.505993 -0.807907 -0.022435 
0.842840 -0.495818 -0.022470 
-0.469716 -0.819979 -0.022470 
0.285434 0.922817 -0.022470 
-0.666694 -0.615117 -0.022470 
-0.716758 0.628864 -0.022395 
0.622519 0.760331 -0.021980 
-0.908822 0.012593 -0.022470 
0.041748 0.959051 0.021839 
-0.559793 0.809646 0.018013 
-0.044468 -0.910230 -0.022470 
0.756292 -0.586576 -0.022438 
-0.232164 -0.953589 -0.022395 
0.968089 -0.045142 -0.022470 
0.277037 -0.917271 0.018666 
0.919306 0.013484 0.021839 
-0.632684 0.743241 0.021829 
-0.349603 -0.888336 0.020477 
-0.941550 0.079857 0.018492 
-0.071000 0.951248 0.021775 
-0.806388 -0.446923 -0.022470 
-0.414236 0.854239 0.021524 
0.832915 0.382789 -0.022470 
-0.016707 0.895420 -0.022442 
-0.195778 0.934883 -0.022470 
0.768572 -0.517879 0.014903 
0.823384 -0.405925 0.021839 
0.197253 -0.898450 0.021269 
-0.936164 0.196767 0.021839 
-0.803387 -0.505575 0.020021 
0.439767 -0.812106 0.019550 
0.850922 0.454668 -0.022470 
-0.397747 -0.817666 -0.022470 
-0.889135 -0.214922 -0.022470 
-0.805234 0.549999 -0.020737 
-0.645253 0.634035 -0.022470 
-0.871920 0.437856 -0.019868 
-0.934582 -0.153787 0.020311 
0.889333 0.264695 -0.022470 
0.929296 -0.263134 -0.022470 
-0.568367 -0.690341 -0.022470 
-0.135829 0.903292 0.017339 
0.911386 0.151733 0.018563 
0.910606 0.332103 -0.022470 
0.076559 -0.919435 0.016660 
0.171798 0.942506 -0.022470 
0.396679 0.865247 0.016397 
0.504550 0.818638 0.021839 
0.113446 0.907673 0.018784 
-0.177718 -0.898957 0.021587 
-0.939428 -0.047232 0.009587 
-0.887145 0.144417 -0.022470 
-0.893691 0.232025 -0.022470 
0.695425 0.587689 -0.022470 
0.552374 0.750681 -0.022470 
0.935312 -0.152248 -0.022470 
-0.305827 0.900582 -0.022404 
0.209102 0.891346 0.018924 
0.789227 0.483705 -0.022470 
-0.743948 -0.590045 0.019252 
0.725469 0.669679 0.021833 
0.137820 -0.952910 -0.022405 
-0.901615 -0.280707 0.013074 
-0.283002 -0.878036 0.010884 
-0.366042 0.837727 -0.022451 
-0.721372 -0.510761 -0.021170 
-0.529845 0.692690 0.004587 
-0.243454 0.848027 0.021839 
0.686930 -0.670900 0.018698 
-0.529599 -0.775600 -0.022470 
-0.796970 0.476906 -0.022464 
-0.515755 0.787663 -0.022456 
0.422182 0.817973 -0.022470 
-0.728042 0.560854 0.006137 
-0.603864 0.693351 -0.022470 
0.536411 -0.839568 0.020863 
0.745417 0.476685 0.020314 
-0.904236 -0.100359 0.019760 
-0.473616 -0.870731 0.012037 
-0.242185 0.888725 -0.022464 
0.957926 0.060210 0.018169 
0.635051 -0.760475 0.021793 
-0.620704 -0.720878 0.019840 
-0.583688 -0.799841 0.013445 
-0.819313 -0.305381 0.019973 
-0.755887 0.470466 0.021827 
0.686502 0.659007 -0.022470 
-0.096757 0.921977 -0.022438 
0.238692 -0.900351 -0.022470 
-0.799420 0.353004 0.020188 
0.499965 0.724135 0.014155 
0.444131 0.782201 0.021839 
0.716350 0.556202 0.021839 
0.933785 -0.091907 -0.022470 
0.864515 -0.307191 -0.022470 
0.850185 -0.431385 -0.022381 
0.323316 0.822475 0.021839 
-0.330359 0.840021 0.021839 
0.141717 0.974132 0.021839 
0.074400 0.908471 -0.022470 
0.532008 -0.721008 0.021823 
-0.005413 -0.955643 0.017005 
-0.336173 -0.923042 -0.021802 
0.920835 0.368033 0.021839 
-0.722579 -0.621370 -0.022470 
-0.851245 0.245991 0.021827 
-0.838104 -0.494078 -0.022470 
-0.873987 0.011757 0.021395 
0.446326 -0.774542 -0.020995 
0.788282 -0.614716 0.013165 
0.923080 -0.199225 0.004249 
-0.823754 0.424992 0.004249 
0.604162 0.646235 0.021616 
-0.477948 -0.744493 -0.008048 
-0.782626 -0.422759 0.021839 
0.623552 0.723420 0.018950 
-0.852225 -0.186837 0.010662 
-0.677418 -0.670354 0.021526 
0.224128 0.856341 -0.020570 
0.635278 -0.694367 0.004249 
-0.959418 -0.179701 -0.021174 
0.540086 -0.774218 0.004249 
-0.656837 0.708478 -0.022470 
0.985833 -0.161846 0.005864 
-0.146277 -0.891297 -0.022470 
-0.122545 -0.987004 0.012926 
-0.349402 -0.847487 -0.022470 
0.846078 0.353066 0.021839 
0.386100 0.904434 -0.019999 
-0.337213 0.924251 0.020692 
0.851487 0.240319 0.007930 
0.890898 0.440430 0.021377 
0.933805 0.125354 -0.022470 
-0.435249 0.764822 0.021839 
-0.621789 -0.688152 -0.022470 
0.455034 -0.846343 -0.022470 
0.650044 -0.603295 0.018053 
-0.930506 0.319610 0.012502 
0.266459 -0.949847 -0.022156 
0.167107 -0.956184 0.021826 
-0.705807 0.514709 0.019954 
0.529092 0.802896 -0.022470 
0.816249 0.557066 -0.016097 
0.281819 0.866521 -0.022470 
0.310672 -0.912822 -0.022470 
0.078304 -0.954690 -0.022458 
0.312990 -0.832474 0.021822 
0.007394 0.912204 0.021104 
-0.271450 -0.916932 -0.022470 
-0.072887 -0.914860 0.021362 
-0.438113 0.871304 -0.021814 
0.603612 -0.768111 -0.022375 
-0.777093 -0.491024 -0.022470 
0.722010 -0.613309 0.009238 
-0.189037 -0.923675 -0.022470 
-0.096273 0.975124 -0.017237 
0.396697 -0.914339 0.020032 
-0.189589 0.962357 0.021836 
0.962674 -0.269329 0.016324 
-0.647244 -0.597369 0.021839 
-0.372690 -0.825472 0.021803 
0.185697 -0.926965 -0.022470 
-0.240450 -0.847653 0.019654 
-0.778497 0.523447 0.014174 
0.875237 -0.482874 0.015112 
0.234705 0.915497 -0.022470 
-0.900981 -0.401048 0.018062 
-0.842835 -0.352681 0.015503 
-0.724411 -0.561818 -0.022470 
0.944320 0.009145 -0.022470 
0.743697 0.601500 0.019402 
0.758164 0.576420 -0.022470 
-0.972330 0.072039 -0.021291 
0.906922 -0.384499 0.021810 
-0.864108 0.129586 0.020367 
0.057250 -0.889920 -0.021341 
-0.883315 0.336846 0.020023 
0.007397 -0.920197 -0.022470 
0.654681 0.720724 -0.022470 
-0.763450 -0.532570 0.004249 
-0.848797 0.272350 -0.022470 
0.921676 -0.067677 0.020189 
0.183991 -0.876319 -0.022335 
0.883403 0.139013 -0.021376 
0.354993 -0.884001 0.008376 
-0.917883 -0.315814 -0.022470 
-0.529967 0.749702 0.007328 
-0.196881 0.888717 0.021098 
-0.878969 -0.090237 -0.022442 
0.804088 -0.453156 0.021314 
-0.973692 -0.025402 -0.022054 
-0.688111 0.546332 -0.019885 
-0.870774 -0.261229 -0.022470 
-0.915886 0.091966 -0.022430 
0.822504 -0.383183 -0.022431 
0.046661 -0.975867 0.021825 
0.789435 -0.549512 -0.022443 
0.429999 -0.877412 0.021832 
-0.620632 0.611061 0.013943 
0.736427 -0.523677 -0.022381 
0.303924 0.901631 0.018325 
-0.919488 -0.121116 -0.022470 
-0.566619 -0.742794 -0.022470 
-0.967202 0.122977 0.021839 
0.750834 -0.471763 0.015105 
-0.224645 -0.932945 0.021837 
0.970599 -0.023370 0.021776 
0.257046 0.923183 0.021794 
-0.580322 0.699813 0.020294 
0.892877 0.031336 -0.019804 
-0.502600 0.805337 0.021551 
0.404135 -0.827385 -0.022436 
-0.403716 0.806095 -0.022452 
-0.728204 0.646969 0.021766 
-0.420494 -0.812178 0.021419 
0.799751 0.435513 -0.022470 
0.488133 -0.826179 0.019339 
0.089224 0.981818 0.021326 
-0.023810 -0.908426 0.021839 
-0.393007 -0.910688 0.011671 
0.858174 0.477653 0.021839 
0.967271 0.245558 0.014755 
0.596501 0.719240 -0.022470 
0.941655 0.190670 0.020579 
0.029028 0.925971 -0.022470 
-0.289822 0.868525 0.011046 
-0.882747 0.364572 -0.022470 
-0.942283 0.215175 -0.022470 
0.831417 -0.511363 0.021809 
0.483506 0.818835 -0.022470 
-0.679758 0.647691 0.008413 
0.892277 0.213550 0.021839 
0.585914 -0.715180 0.019716 
-0.006616 0.958721 0.021839 
0.774524 -0.568261 0.019241 
-0.120377 0.873163 -0.016759 
0.953921 0.129617 0.021504 
-0.297554 -0.842293 -0.022470 
0.581619 0.764614 0.021839 
-0.898732 0.272301 0.011221 
-0.858259 0.393795 0.018422 
-0.814149 -0.398276 -0.022470 
-0.976962 -0.074059 0.021839 
-0.475123 -0.784063 0.019025 
-0.939296 -0.273463 -0.015264 
-0.148756 0.927317 -0.022470 
-0.068719 -0.951196 -0.022470 
0.888274 -0.172023 0.021839 
0.947882 0.170732 -0.022470 
-0.820816 -0.549508 0.015780 
0.366190 0.822383 -0.022470 
0.876652 -0.254749 -0.022470 
0.553130 -0.812740 -0.022465 
-0.042634 0.935003 -0.022448 
0.930685 -0.342936 -0.019250 
0.796726 0.463119 0.019513 
0.856655 -0.227188 0.013061 
-0.603156 0.778108 0.010068 
0.795672 0.519144 0.007994 
0.708985 -0.677581 -0.022463 
0.888976 -0.136003 -0.022470 
-0.626552 -0.641506 -0.022470 
0.059665 0.966953 -0.022470 
-0.696018 0.597023 0.007293 
-0.758228 0.599983 -0.022381 
-0.573612 -0.704426 0.021839 
0.863066 0.404647 0.010100 
0.134422 0.913539 -0.022470 
-0.701245 -0.662739 -0.022470 
-0.063952 0.888683 -0.022391 
0.879759 0.312471 0.006214 
0.688415 0.614116 0.015922 
-0.905931 -0.049234 -0.022470 
-0.907174 0.046599 0.020768 
0.577668 -0.682361 -0.020105 
0.951085 0.271529 -0.020491 
0.636121 -0.645397 -0.022441 
-0.405981 -0.858799 0.012078 
-0.873072 0.189773 -0.022470 
0.489705 0.774989 0.020742 
0.096118 -0.877839 0.016326 
0.117554 -0.951927 0.021180 
-0.360132 0.875559 0.019415 
-0.925437 0.148014 0.009486 
-0.160854 0.859627 0.018719 
0.894026 -0.335227 0.010014 
0.997446 -0.060022 0.015559 
-0.767494 -0.607033 -0.021662 
0.658386 0.648977 0.012201 
-0.883230 -0.148189 0.021839 
0.152947 -0.909432 0.018498 
0.168508 0.866442 0.021839 
-0.454425 0.826879 0.012405 
0.252944 -0.955883 0.021839 
0.182105 0.940956 0.021822 
-0.819446 0.330348 -0.022470 
-0.037641 0.905971 0.021839 
-0.193699 -0.858738 0.007695 
0.944754 0.078197 -0.022470 
-0.586853 -0.755370 0.021839 
-0.939766 -0.001671 0.008528 
0.338099 0.914474 -0.022470 
0.981700 0.046114 -0.022470 
-0.816676 -0.335917 -0.021887 
-0.147752 -0.939780 0.010508 
0.503909 -0.852940 -0.019715 
0.293518 -0.875254 0.018366 
0.519041 -0.728559 -0.020740 
0.798932 0.379677 0.018804 
0.419528 0.864166 -0.022470 
0.272060 -0.852075 -0.022030 
0.644468 0.623889 -0.022470 
0.788331 0.606986 0.018834 
-0.853358 -0.425978 0.021839 
-0.868564 0.455965 0.020999 
-0.510335 -0.840077 -0.019506 
0.547176 0.736099 0.020748 
-0.927816 0.282247 -0.022470 
-0.918065 -0.200113 0.007884 
-0.630036 0.653979 0.020534 
0.869999 0.358372 -0.022470 
0.822435 0.421785 0.017432 
-0.081557 -0.965368 0.021839 
0.645525 -0.647222 0.021820 
-0.886166 -0.324899 0.011631 
0.923223 0.244939 0.010727 
0.193539 0.899331 -0.022470 
0.889744 -0.411408 -0.022414 
-0.890387 -0.358412 -0.022470 
0.585045 -0.761884 0.019931 
-0.511347 0.721911 -0.022384 
0.868932 0.167374 0.015488 
0.919723 0.101414 0.015773 
-0.268749 0.923867 -0.022433 
-0.483766 -0.829305 0.021828 
-0.878773 0.046285 -0.021111 
0.295606 0.944517 0.019050 
0.836847 -0.292823 0.010563 
-0.976444 -0.021221 0.021825 
-0.798251 0.561519 0.021839 
-0.681305 -0.568100 -0.022302 
-0.530396 -0.718613 -0.022470 
-0.548560 -0.814675 -0.020453 
-0.936324 -0.306123 0.019358 
-0.434582 -0.788114 -0.022470 
-0.713733 -0.513645 0.021413 
-0.850636 0.227019 -0.021715 
0.693442 0.701727 -0.018984 
-0.635040 0.697134 0.013086 
0.907206 -0.300890 -0.022470 
0.885724 -0.013572 0.013367 
-0.370592 -0.885040 -0.022470 
0.362648 -0.839133 -0.022381 
0.666914 -0.721222 0.021751 
-0.019166 -0.965835 -0.022470 
-0.089235 -0.895933 -0.022470 
0.929186 -0.242516 0.018013 
0.729284 0.662332 -0.021432 
-0.947368 -0.112862 0.021839 
-0.872984 0.097573 -0.019097 
0.915501 -0.290744 0.018826 
0.705669 -0.707908 0.007917 
0.704051 -0.582939 -0.022392 
-0.545845 -0.781275 0.020794 
0.758810 0.643134 0.018354 
-0.659274 0.593707 -0.022465 
0.866599 -0.394861 0.009329 
-0.786479 -0.597988 0.015407 
-0.349331 0.804915 0.001176 
0.462635 0.832121 0.015182 
-0.273976 0.908141 0.019986 
-0.515680 0.830128 -0.015855 
0.849938 0.498785 -0.022002 
-0.115430 0.940600 0.017330 
0.727171 -0.509804 0.020156 
0.915604 0.059029 0.021839 
-0.557738 0.796691 -0.022393 
-0.961203 -0.192903 0.021839 
-0.933769 0.046910 -0.022470 
0.101554 0.877076 -0.013772 
0.672300 0.574734 0.020978 
-0.759820 -0.631718 0.011902 
-0.918678 -0.168189 -0.022470 
0.829220 0.337567 -0.022312 
0.525636 0.717922 -0.021694 
0.792698 -0.413742 -0.005962 
-0.764302 -0.445765 -0.022208 
-0.613332 0.735609 -0.022470 
0.993300 0.087029 0.020233 
0.945654 -0.164985 0.017814 
-0.053729 0.986392 0.006603 
-0.478207 0.751892 -0.022441 
0.479434 -0.785280 0.021751 
-0.233998 -0.889019 0.018602 
0.256772 0.882297 0.012733 
0.406708 -0.786437 0.018202 
-0.632269 -0.761270 0.015368 
-0.841547 0.334653 0.021748 
-0.786149 -0.467111 0.016028 
0.431868 0.891058 0.020312 
-0.706528 0.670125 -0.021867 
0.948913 -0.110962 0.011434 
0.732209 -0.570035 0.012560 
-0.928996 -0.226958 -0.022470 
0.360418 0.844858 0.014984 
-0.570199 0.754521 0.019462 
-0.745639 0.463504 -0.017852 
0.223071 -0.862599 -0.014880 
-0.414037 0.894051 0.009630 
-0.914193 0.231464 0.015542 
0.487643 -0.770542 -0.022399 
-0.758405 0.543177 -0.022417 
-0.978330 0.054204 0.021773 
0.802272 -0.503888 -0.022470 
-0.231290 0.951431 -0.009245 
-0.390809 -0.786629 0.008260 
0.311000 -0.946279 0.003829 
-0.702969 -0.592684 0.015262 
0.139365 -0.986590 0.016940 
0.034313 -0.917382 0.021487 
-0.575103 -0.661450 0.012087 
-0.818577 0.471756 0.019166 
0.360629 -0.912413 -0.022408 
-0.905042 0.103259 0.015528 
0.226058 -0.924644 0.008345 
-0.280950 -0.833364 0.014590 
0.386538 -0.839593 0.017381 
0.856300 -0.355506 0.014123 
0.939773 0.333578 0.010369 
-0.606529 0.652493 -0.022470 
0.341638 0.882389 0.008613 
0.902160 -0.222809 -0.022470 
-0.271414 -0.916752 0.020950 
-0.825146 0.509192 -0.022429 
-0.897417 0.180293 0.009079 
-0.449847 0.876255 0.017374 
0.156221 0.904273 0.013206 
0.953935 -0.230805 -0.022470 
-0.234111 0.924913 0.021757 
-0.152620 -0.867488 0.009772 
0.209935 0.956906 -0.021836 
-0.834691 -0.278589 -0.016249 
-0.111936 -0.917270 0.010939 
0.104743 -0.905337 -0.022452 
-0.657261 -0.667885 -0.022470 
-0.970249 0.162255 0.011076 
-0.556653 0.706351 -0.022461 
-0.265833 -0.955488 0.003711 
0.882078 -0.082381 0.016137 
0.004867 0.875156 0.005073 
0.877705 0.116856 0.011851 
-0.327609 -0.883643 -0.022470 
-0.865154 0.294513 0.010035 
-0.467917 0.842742 -0.022459 
0.620249 0.775474 0.018870 
-0.323083 0.857559 -0.022470 
0.727598 -0.637287 -0.022448 
-0.967410 -0.142488 -0.003639 
0.902695 -0.007599 -0.022470 
-0.412750 0.813610 0.015874 
0.853713 -0.449764 0.021777 
-0.212858 -0.970316 0.009249 
0.533449 0.789004 0.014778 
0.022430 0.980588 -0.017463 
0.717549 0.624189 -0.022470 
0.163240 -0.868343 0.013172 
-0.666763 0.669973 -0.022470 
-0.577564 -0.783934 -0.022470 
0.588588 0.671884 -0.022470 
0.778260 0.537757 -0.022470 
-0.569619 0.668492 -0.015328 
-0.263396 -0.863678 -0.022470 
-0.876011 -0.240715 0.021463 
0.059376 0.910042 0.021328 
-0.692799 -0.629429 0.004655 
0.586332 0.788208 -0.022028 
-0.457900 -0.859422 -0.022470 
-0.929703 0.177664 -0.022470 
-0.785047 0.439190 -0.022470 
-0.204908 0.849221 0.013054 
0.435812 0.780871 -0.022470 
-0.539787 -0.691235 0.006233 
-0.046469 -0.951081 0.010756 
-0.509072 -0.765055 0.012835 
0.683850 -0.577604 0.021824 
0.541512 0.831785 0.012201 
0.844908 -0.341261 -0.022470 
0.586890 0.699904 0.021839 
0.296583 0.833813 -0.004479 
-0.865213 -0.104988 0.011069 
0.558932 -0.687241 0.015128 
-0.732902 0.597541 0.020023 
0.947160 -0.295612 -0.010427 
0.498963 0.857867 0.013781 
0.301369 0.862978 0.021314 
-0.374484 0.832492 0.015090 
-0.861909 -0.463511 -0.020011 
0.983148 -0.132256 -0.019081 
-0.864103 -0.293372 0.016459 
-0.921327 -0.248561 0.021830 
-0.807799 -0.518133 -0.022470 
0.006556 -0.995557 0.008862 
-0.741318 -0.477109 -0.015969 
0.745908 0.485370 -0.018220 
-0.836993 -0.390832 0.007840 
0.929458 -0.039709 -0.022470 
-0.443183 -0.849019 0.021839 
0.972632 0.204012 0.001714 
0.907210 0.282332 0.006898 
-0.146685 -0.975621 -0.014985 
-0.420754 0.771842 -0.017224 
-0.840650 -0.516527 0.018804 
0.894898 -0.225100 0.021329 
-0.260774 0.854905 -0.022461 
-0.888003 0.422878 0.017226 
0.679588 -0.628027 0.019131 
-0.074729 0.914679 0.010257 
-0.704805 -0.693725 0.007929 
-0.806944 0.401752 -0.022470 
0.459495 0.749488 0.008124 
-0.163980 0.933910 0.019425 
-0.760125 -0.497735 0.021839 
-0.829731 -0.455280 0.014890 
-0.660984 -0.715082 0.021839 
-0.861765 0.400074 -0.022470 
0.825407 -0.461929 -0.022436 
0.205290 0.853442 0.019674 
0.906670 0.205897 -0.022470 
0.991517 -0.015728 -0.016411 
0.629706 -0.733890 -0.022375 
-0.851796 -0.219319 -0.016749 
0.818126 0.547203 0.021839 
-0.837130 0.452973 -0.022470 
-0.063496 -0.879073 0.012740 
0.276672 -0.895964 -0.022470 
-0.421655 -0.848203 -0.022470 
0.871493 -0.471078 -0.020865 
0.149539 -0.913577 -0.022465 
0.390797 0.902226 0.021839 
-0.387910 0.870149 -0.022430 
0.673188 -0.695208 -0.022453 
0.260608 0.947979 -0.009116 
-0.102979 -0.981324 -0.018870 
0.971421 -0.094988 -0.022470 
0.132441 0.865737 0.010695 
0.377591 0.867743 -0.022470 
-0.098105 0.981206 0.019953 
0.724655 0.508178 0.019834 
-0.898773 -0.024010 0.021779 
-0.464579 0.786510 0.012679 
0.074836 0.942269 0.009767 
0.862078 0.283316 0.021839 
0.852207 0.269811 -0.021661 
0.143249 0.971446 -0.015947 
0.703017 0.544705 -0.011774 
0.665781 0.685086 0.018531 
-0.322640 -0.914302 0.021839 
-0.182469 -0.877522 -0.022470 
-0.327307 -0.858755 0.016477 
-0.187835 -0.935461 0.017039 
-0.929813 -0.019612 -0.022470 
-0.228198 -0.916640 -0.022470 
0.199517 -0.860597 0.015254 
0.806907 -0.372740 0.019199 
-0.839078 -0.369464 -0.022470 
0.924346 0.297614 -0.022470 
-0.235144 0.883576 0.013612 
0.884505 0.359819 0.011645 
-0.177141 0.897429 -0.022470 
-0.722903 0.484769 0.006413 
-0.430599 0.831537 -0.022438 
0.451493 0.840468 -0.022470 
-0.740890 0.528350 0.018047 
0.438419 -0.813422 -0.022470 
0.052098 -0.884923 0.021609 
-0.732532 -0.545255 0.019600 
-0.659182 -0.638623 0.016382 
-0.303773 0.938134 0.014287 
0.831746 -0.541369 -0.014789 
0.969173 -0.197495 -0.021986 
-0.276858 0.833178 0.021839 
0.955822 0.018518 0.010871 
0.795758 0.400631 -0.012701 
0.838877 0.418732 -0.022470 
-0.590813 -0.661685 -0.022172 
0.564794 -0.772684 -0.022428 
0.046845 -0.924755 -0.022470 
-0.876643 -0.374332 0.021839 
0.819294 0.492926 0.016331 
-0.797970 0.402288 0.021839 
-0.681552 0.541328 0.016250 
-0.380961 0.905126 0.021574 
-0.779875 0.441408 0.021839 
-0.664162 0.617796 0.021273 
0.724351 0.632972 0.021766 
0.116330 -0.981746 -0.013997 
0.393984 0.829346 0.016675 
0.766310 -0.502481 -0.022433 
0.630448 0.671277 0.016348 
-0.951453 0.030319 0.021839 
-0.886210 0.271439 -0.022470 
0.061679 -0.986531 -0.008971 
-0.759220 0.569216 0.021802 
-0.107303 0.871021 0.021523 
0.519554 0.768319 -0.022470 
0.750582 0.539893 0.015030 
-0.902363 -0.064636 0.021838 
-0.013345 -0.889043 -0.007468 
0.390324 0.796026 -0.020282 
-0.878260 -0.433991 -0.008159 
0.656411 0.746342 0.015063 
-0.878988 -0.004767 -0.009904 
0.393137 -0.874668 0.019088 
0.118005 0.943086 0.019092 
0.437855 -0.769311 0.014893 
0.811020 -0.485071 0.007144 
0.310906 -0.906287 0.018315 
0.770322 0.446409 -0.005720 
0.878740 0.432530 -0.022470 
0.049520 0.882634 -0.021039 
-0.666247 0.681711 0.021839 
0.921269 -0.138007 0.008355 
0.453086 -0.881197 -0.008139 
0.488230 0.854499 -0.019822 
-0.950592 0.234090 0.021796 
-0.148527 -0.926853 -0.022470 
-0.944337 -0.061480 -0.022470 
0.082792 -0.958646 0.021839 
0.183555 -0.965806 -0.022449 
0.788647 -0.601674 -0.019697 
0.904623 -0.169771 -0.022470 
0.794287 0.587832 -0.010233 
-0.828926 0.372306 0.019876 
-0.504582 -0.800272 0.008614 
-0.367123 -0.806237 -0.008807 
0.561388 0.716692 -0.022470 
0.771240 -0.436840 0.009610 
-0.435389 -0.891136 0.014814 
-0.665234 0.725049 0.007354 
0.328971 -0.828742 -0.012660 
-0.320807 0.884853 0.008723 
0.903825 0.170953 -0.022470 
-0.967526 0.109281 -0.021894 
0.254528 -0.891820 0.010207 
0.978168 0.131816 -0.022312 
-0.815582 -0.418579 0.011018 
0.186002 0.971075 0.004551 
-0.225861 0.853960 -0.021850 
0.116948 -0.918658 0.010556 
0.898824 0.406511 0.021839 
-0.823124 0.538621 0.006895 
-0.037858 0.877151 0.002308 
0.870724 0.235277 -0.022470 
0.935660 0.044664 -0.022470 
0.436228 -0.844664 0.006636 
-0.177348 0.963409 -0.010578 
0.613443 -0.671605 -0.022444 
-0.452863 -0.807537 0.006629 
0.720236 -0.645508 0.021839 
-0.912977 -0.083837 -0.022470 
-0.523958 0.832434 0.019708 
-0.785340 0.579957 -0.014799 
-0.128696 0.962358 -0.022470 
0.411135 -0.792213 -0.015496 
0.884382 0.046352 0.014591 
0.954362 -0.062856 0.010845 
-0.934405 -0.084643 0.007330 
0.539076 -0.803632 0.021818 
-0.144495 -0.906993 0.020286 
0.836284 0.386027 0.020370 
-0.295563 -0.940132 -0.015422 
0.690876 0.658568 0.016639 
-0.372767 -0.858701 0.004249 
-0.507011 0.711910 0.021109 
-0.063244 0.968415 -0.022464 
-0.861003 0.163903 0.000672 
-0.896969 -0.392468 -0.016284 
0.425607 0.848185 0.010755 
0.410951 0.790618 0.021839 
-0.004377 0.932034 -0.022470 
0.670456 -0.590609 -0.006528 
0.347826 0.807651 0.003739 
0.808181 -0.587768 0.018182 
0.095845 0.936365 -0.022470 
-0.468946 -0.786132 -0.022470 
0.605139 -0.687484 0.021839 
-0.705560 -0.592201 -0.022470 
0.306377 0.889698 -0.022470 
-0.879502 -0.182578 -0.022470 
-0.637489 -0.694589 0.007080 
0.855679 -0.397600 -0.022423 
0.809993 0.520223 -0.022470 
0.930984 -0.363977 0.010257 
-0.791831 0.378349 -0.003572 
0.205442 -0.947500 0.021839 
0.363901 -0.873831 -0.022391 
0.835422 0.456413 0.009364 
0.469821 0.800787 0.005802 
-0.863231 0.337362 -0.022470 
-0.783503 -0.418352 -0.022470 
-0.352892 -0.927381 0.006861 
0.336077 -0.856579 0.021513 
0.938389 -0.009449 0.004606 
-0.487345 0.763941 0.021774 
-0.606779 0.723458 0.014963 
0.818736 0.334382 0.018366 
-0.706418 0.574014 -0.022441 
-0.838540 -0.438409 -0.022470 
-0.614028 -0.729548 -0.022470 
0.658546 0.687738 -0.022470 
0.884847 -0.299124 0.006704 
-0.856659 0.361871 0.004921 
0.586001 -0.798130 -0.020568 
-0.209484 -0.906972 0.005296 
-0.536752 0.779510 0.020088 
-0.615434 -0.623375 0.010083 
0.706587 0.699920 0.011345 
-0.975035 -0.071194 -0.011076 
-0.585824 0.779240 -0.021711 
0.256055 0.846676 -0.016511 
0.016575 0.895347 -0.022470 
0.752343 -0.616782 0.021839 
0.251789 0.880260 -0.022470 
-0.308735 0.816055 0.015268 
0.895598 0.108458 -0.022470 
0.971494 -0.132730 0.021839 
-0.806937 0.508767 0.021839 
-0.601537 -0.687078 0.021065 
-0.696650 -0.541078 -0.011596 
-0.507275 -0.747966 -0.022470 
-0.355257 0.873849 -0.022470 
-0.562154 0.724308 0.008088 
-0.707057 0.520226 -0.013754 
0.192269 0.864223 -0.020742 
0.821699 0.478976 -0.022470 
0.515242 0.752137 0.021839 
0.956630 0.096926 0.021235 
0.219014 0.921409 0.010485 
0.910183 0.185298 0.013253 
-0.919830 0.143105 -0.022451 
0.914196 -0.386325 -0.014787 
-0.466972 -0.751860 0.021839 
-0.936636 0.112818 0.016347 
0.520091 -0.774096 -0.022446 
0.473396 -0.808976 -0.022434 
0.855335 0.302233 -0.022470 
0.874752 -0.142843 0.006030 
0.036781 -0.948471 0.007233 
-0.481550 0.813171 -0.022470 
0.333274 0.822206 -0.021487 
-0.908923 -0.130213 0.007664 
-0.651051 -0.736168 -0.000870 
0.734223 0.551893 -0.022470 
-0.755477 0.629862 0.017350 
-0.002383 0.988152 0.008762 
-0.541390 0.740329 -0.022418 
0.879007 0.250443 0.021839 
0.527835 0.709505 0.021748 
0.850804 -0.273624 -0.017795 
-0.949702 -0.264303 0.013939 
0.944268 0.223051 0.021810 
-0.749344 0.442613 0.006830 
-0.888125 -0.180054 0.021839 
-0.111322 -0.953039 0.021796 
0.225871 -0.933739 -0.022470 
0.768544 0.506737 0.019927 
-0.783982 0.475991 0.007318 
0.988973 0.135272 0.018356 
0.576593 0.665277 0.013769 
0.718957 -0.550530 -0.022383 
0.612648 -0.725555 0.005541 
-0.151831 0.870616 -0.021959 
0.595783 0.733505 0.006145 
-0.759557 -0.549656 -0.022470 
0.933909 -0.185472 -0.022470 
-0.337501 0.904687 -0.022433 
0.900703 -0.265494 0.004722 
0.564486 -0.740310 0.008496 
-0.024756 -0.992564 0.020817 
0.877447 0.461144 0.001171 
-0.911295 0.332365 -0.022470 
-0.979311 0.088957 0.004802 
-0.811308 -0.336148 0.021839 
0.550140 -0.703408 -0.011461 
-0.607829 0.676670 0.019454 
0.800004 -0.522204 0.013397 
0.905320 -0.105962 -0.022470 
-0.498552 -0.723437 0.003658 
-0.790442 -0.392070 0.021827 
0.743860 -0.536662 0.021839 
0.828533 -0.433101 0.006429 
0.584006 0.751629 -0.022470 
-0.961576 0.202508 0.003879 
-0.553358 -0.753342 0.004249 
-0.933820 0.245658 -0.022470 
-0.213383 0.908628 -0.022470 
0.143448 -0.936901 0.006113 
-0.498997 -0.808131 -0.022470 
0.074022 0.881031 0.021839 
-0.389527 -0.858305 -0.022470 
0.609967 0.645975 -0.011940 
0.004494 -0.923431 0.013382 
-0.730618 -0.625400 0.021839 
0.665160 0.596264 -0.022368 
0.321018 0.935092 0.003101 
-0.788410 -0.539992 0.021839 
-0.634461 0.666881 -0.022470 
-0.890088 0.400731 -0.008970 
0.753430 -0.555377 -0.022415 
-0.198205 -0.953599 -0.022470 
0.410762 0.894233 -0.002415 
0.884941 -0.443016 -0.021944 
0.054583 0.986919 0.016579 
0.626807 0.706984 -0.022470 
0.989051 0.056294 0.021833 
0.738801 0.600707 -0.022470 
0.504803 0.740997 -0.022470 
-0.282315 0.880434 -0.022428 
0.759386 0.512903 -0.022470 
-0.025888 -0.934965 -0.022470 
-0.484612 0.782407 -0.022470 
0.195237 -0.977371 0.016261 
0.350602 0.886207 -0.022470 
-0.954844 -0.210534 -0.018299 
-0.855505 -0.323740 0.015103 
-0.369164 0.803066 -0.022376 
-0.339420 -0.818894 -0.016620 
0.903161 -0.043084 0.021831 
0.742912 0.574437 0.004953 
-0.939482 0.013790 -0.022470 
0.866415 -0.193216 0.018164 
0.849166 0.321584 0.021839 
-0.036536 0.952363 0.021800 
0.818386 -0.415838 -0.022380 
0.512119 -0.857192 0.015293 
-0.761318 -0.518052 -0.022470 
0.515286 -0.794806 0.004942 
-0.890387 0.144926 0.021793 
-0.857286 0.307488 -0.022470 
-0.912122 -0.261784 -0.022470 
-0.737314 -0.647746 -0.008237 
0.908289 0.057942 -0.022470 
0.918675 0.256674 -0.022470 
-0.675278 0.638860 -0.022449 
-0.766515 -0.569830 0.021839 
-0.974780 -0.125980 0.020794 
0.133516 -0.872807 0.017625 
0.898670 0.368430 -0.022470 
-0.561348 0.667777 0.020107 
0.284444 -0.955555 0.014994 
-0.877468 -0.059076 -0.019517 
-0.556671 -0.816405 0.020887 
0.976464 0.167535 -0.012043 
-0.168517 0.898032 0.016259 
0.854659 -0.513082 0.002534 
-0.858434 0.427144 0.021839 
0.847830 -0.258771 0.015168 
-0.909632 0.298372 0.021839 
-0.833750 0.270588 0.021835 
0.664273 -0.689473 0.011761 
-0.516511 0.757262 -0.022413 
-0.980189 -0.043853 0.002365 
0.872163 -0.224652 -0.022470 
-0.708956 0.624234 0.018136 
-0.851912 0.476776 -0.011833 
-0.091314 -0.938098 0.004802 
-0.938054 -0.145363 -0.022470 
0.390001 -0.910573 -0.016955 
0.017749 0.934824 0.004494 
0.173182 -0.931637 0.005903 
0.332318 -0.932741 -0.017249 
0.715908 0.593028 0.012487 
-0.961702 0.036460 -0.022470 
-0.735931 0.564039 -0.022423 
-0.781417 0.524308 -0.022408 
0.953954 -0.127595 -0.022470 
0.641881 0.700338 0.009517 
0.957952 -0.259995 -0.011498 
-0.830169 -0.275823 0.019624 
-0.860728 -0.215269 0.021839 
0.810715 0.575857 0.019612 
0.614963 -0.781615 0.001472 
-0.907018 0.361371 -0.005735 
-0.834117 -0.483781 0.021804 
-0.065350 -0.981675 -0.022207 
-0.675119 -0.607389 0.021839 
-0.824520 -0.308528 -0.013810 
0.785767 -0.480675 0.021839 
-0.306856 0.909731 0.021806 
-0.604346 -0.781480 0.003115 
-0.586054 -0.720260 -0.022470 
0.866116 0.199973 0.021715 
0.162328 0.901787 -0.022470 
-0.318520 0.925369 -0.012873 
0.987533 0.012863 -0.022141 
-0.888017 -0.320050 -0.022470 
0.015034 -0.891800 -0.021705 
-0.771377 0.491393 -0.022436 
0.286354 -0.836772 0.010201 
-0.595890 -0.726807 0.005300 
-0.858400 -0.152386 0.006756 
-0.106820 0.904379 0.021329 
0.528274 -0.750048 0.021759 
0.528981 -0.838009 -0.017566 
-0.808466 0.323562 0.018180 
-0.907281 -0.165504 0.005249 
0.456039 0.809020 -0.022470 
-0.660418 -0.580874 0.001713 
-0.440599 -0.821611 -0.022470 
0.663439 -0.747437 0.009506 
-0.833604 0.413510 -0.022470 
-0.703637 0.563366 0.021838 
-0.843526 -0.250883 -0.014820 
-0.807615 0.449242 0.004369 
0.628699 -0.624389 0.015495 
-0.185512 0.919705 0.006051 
0.433194 0.809083 0.019244 
0.554489 0.815086 -0.012074 
-0.451918 0.745423 0.005990 
0.637129 -0.718796 0.019664 
-0.736926 -0.596243 -0.022470 
0.924679 0.353021 -0.008283 
-0.892482 0.208756 0.007563 
0.892777 -0.410991 0.021804 
0.878306 0.388923 -0.022470 
0.024443 -0.943510 -0.022470 
0.959116 -0.015575 -0.022470 
0.103235 -0.940269 -0.022420 
0.635885 -0.760928 -0.006992 
0.935107 0.076730 0.004626 
0.887558 0.091718 0.021839 
0.557752 0.758097 0.004809 
-0.803539 0.353730 -0.017309 
-0.709091 -0.648055 0.021839 
0.921099 0.094474 -0.022470 
0.336954 -0.818209 0.012811 
0.658765 -0.670430 -0.022461 
-0.035062 -0.881037 0.009888 
0.734850 -0.664918 -0.020342 
0.187853 0.905786 0.006271 
-0.709155 0.668332 0.021805 
0.512582 0.841147 -0.012972 
-0.871015 0.097729 0.021780 
0.392973 -0.853702 -0.022409 
-0.262338 0.885962 0.005176 
0.950598 -0.208965 0.021839 
-0.622336 0.619358 -0.013819 
-0.087506 -0.989263 0.003746 
0.154614 0.948509 0.021831 
-0.922888 -0.196363 -0.022470 
-0.805411 -0.362065 -0.021645 
-0.881748 -0.424564 0.021839 
0.882134 0.311701 -0.022470 
0.105264 0.880626 0.021839 
-0.407746 0.772482 0.020321 
-0.508983 -0.850040 0.015647 
0.990026 -0.061635 -0.015160 
0.129528 0.947452 -0.022470 
0.602437 -0.725986 -0.022375 
0.411861 -0.900938 -0.001634 
-0.385994 0.864043 0.017824 
0.204090 -0.896255 -0.022470 
0.240858 -0.959670 -0.012960 
-0.539169 0.816940 0.000068 
-0.224296 0.960482 0.016590 
0.877964 -0.341126 -0.022470 
-0.760424 -0.430818 0.006428 
0.918030 0.210844 0.004249 
-0.730033 0.600423 -0.022404 
0.801146 -0.575163 -0.022469 
0.627080 -0.698241 -0.022416 
-0.733027 0.645867 -0.005960 
-0.748993 0.501643 0.021783 
0.842140 0.271332 0.004589 
-0.923929 0.063145 0.004249 
-0.904567 0.018585 0.021781 
0.499173 0.795926 0.004539 
0.147385 -0.977916 -0.013849 
-0.858303 -0.266418 0.021835 
-0.009446 -0.884166 0.020896 
-0.397405 -0.895076 -0.022470 
0.852979 -0.419679 0.009383 
0.468589 -0.810456 0.005141 
0.729002 -0.609315 -0.022430 
0.878358 -0.163858 -0.014811 
-0.907146 -0.230586 0.005762 
0.974094 -0.158492 -0.022470 
-0.917274 -0.326437 0.021839 
-0.794973 -0.572159 0.021839 
-0.552587 0.701845 0.021839 
0.928544 0.037636 0.009602 
-0.115402 -0.886444 -0.022470 
0.905002 0.124237 0.021839 
0.480168 -0.866705 -0.015122 
-0.136874 0.902156 -0.022470 
-0.871826 0.035255 0.003467 
-0.144413 -0.972311 0.021839 
0.552915 0.788583 -0.022470 
-0.895961 0.077786 0.021839 
0.792831 -0.396585 0.017102 
0.046322 0.937236 0.005284 
0.371915 -0.901972 0.021801 
-0.505531 0.783465 0.004731 
0.493018 -0.744135 -0.014088 
0.596374 0.794072 0.013058 
-0.971329 -0.162631 0.015004 
0.641612 -0.621734 -0.009079 
0.775815 0.604638 -0.022245 
-0.881055 -0.082339 0.021839 
-0.887690 0.364506 0.021839 
-0.208955 0.881311 -0.022470 
0.033953 0.899242 0.021839 
-0.328826 0.830541 -0.022470 
0.019131 -0.967246 0.021819 
0.514847 -0.819910 0.021832 
0.899358 0.328549 0.017000 
0.734905 -0.675204 0.020174 
-0.860299 -0.398955 0.019999 
-0.877838 0.240593 0.017470 
-0.814092 -0.546497 -0.010691 
-0.258832 -0.890761 -0.022470 
0.802094 -0.548264 0.021750 
0.859894 0.378026 0.004249 
-0.890728 -0.257156 0.004249 
-0.902246 0.060342 -0.022466 
0.567766 -0.794117 0.021786 
0.821429 -0.355104 -0.019918 
0.754947 -0.643679 -0.017884 
-0.261923 -0.897266 0.004249 
0.461943 -0.763977 -0.001181 
0.831889 -0.463218 0.012268 
0.752649 -0.588041 0.014910 
-0.057032 -0.887288 -0.014528 
-0.200853 0.935971 0.021766 
0.927453 -0.036619 0.011156 
0.998524 -0.027100 0.007407 
-0.169145 -0.918508 0.004573 
-0.487836 0.830630 0.021839 
0.196457 0.930862 -0.022470 
-0.698505 0.600099 -0.022430 
0.754165 -0.479665 -0.010767 
0.036021 -0.993588 0.004060 
-0.867883 -0.349528 0.005240 
-0.694717 -0.627634 -0.022470 
-0.732150 -0.493574 0.021839 
0.261289 0.905789 -0.022470 
0.298635 -0.841352 -0.020402 
-0.567935 -0.730447 0.006311 
-0.882254 0.019226 -0.022298 
0.907185 -0.328016 -0.022470 
-0.042895 0.930398 0.004249 
-0.410310 -0.784842 -0.010454 
-0.923345 0.032173 0.004544 
-0.646433 0.597351 0.021815 
-0.265328 0.864545 0.021839 
0.371321 0.870487 0.008629 
-0.210187 0.906123 0.004249 
-0.945357 0.071406 -0.022452 
0.631322 0.622115 0.001036 
-0.961398 0.169524 -0.018565 
-0.573394 0.791624 -0.001021 
-0.935274 -0.099004 -0.022470 
0.565178 0.689022 -0.022148 
-0.744110 0.623381 -0.022377 
-0.140208 0.927145 0.005635 
-0.305404 -0.916108 -0.022470 
0.371622 0.913078 0.000951 
-0.540904 -0.750670 -0.022470 
0.698396 -0.704082 -0.019443 
-0.135619 0.864662 0.003660 
0.851800 0.437377 0.018866 
0.916079 -0.173533 0.007518 
0.950667 -0.292685 0.021800 
0.321208 -0.873838 0.007347 
0.939465 -0.320947 -0.006144 
-0.642000 -0.606587 -0.016449 
0.219093 -0.877691 0.021833 
0.842890 -0.537309 0.014718 
0.765446 -0.614764 -0.022464 
0.772018 0.474043 0.021839 
-0.408689 0.853302 -0.022405 
-0.355002 0.915103 0.001713 
0.078907 0.978376 -0.007849 
0.771045 -0.635485 0.018145 
0.822797 0.452301 -0.022470 
0.164074 -0.982480 0.006405 
-0.882250 -0.033033 -0.022353 
-0.685789 0.695763 -0.012658 
0.101442 0.928452 0.004249 
0.484746 0.748861 0.021839 
0.884939 -0.458080 0.021455 
-0.936341 0.108978 -0.022407 
0.489056 0.788026 -0.022470 
0.608978 0.699822 0.007056 
-0.778478 -0.405999 0.001633 
-0.265307 0.839130 -0.001343 
0.234862 0.953893 -0.011903 
0.677599 0.575289 -0.007185 
-0.012251 0.886601 0.021839 
0.646368 0.745158 -0.009486 
0.451825 -0.859893 0.021787 
0.708089 -0.563976 0.021839 
0.880968 -0.105862 0.003724 
-0.366025 -0.799914 0.019549 
-0.239094 0.915075 -0.022470 
0.007152 0.955878 -0.022470 
0.282564 0.880197 0.007104 
0.868399 -0.328807 0.011825 
-0.591688 0.716855 -0.022470 
0.991804 -0.004608 0.021832 
0.806991 0.377339 -0.018254 
0.922627 -0.129060 -0.022470 
0.502219 -0.729552 0.007356 
-0.780847 0.405442 -0.021044 
0.295525 0.832223 0.021839 
0.233617 0.848173 0.002648 
0.865470 0.332390 -0.022470 
0.707093 0.676531 -0.022470 
-0.786891 -0.491135 0.005215 
-0.822683 0.399163 0.009348 
-0.847613 0.213760 0.020624 
-0.398715 0.833546 0.004919 
0.569265 0.722206 0.017502 
-0.871005 -0.120939 -0.013332 
0.757823 -0.554095 0.004751 
-0.493641 -0.745812 0.021839 
-0.326622 -0.888722 0.007780 
0.439312 0.765226 0.002327 
0.862708 -0.369712 -0.022466 
0.876346 -0.245326 0.021839 
0.838726 -0.310056 -0.018880 
-0.676803 0.574242 -0.022465 
-0.921465 0.262447 0.021839 
0.371586 -0.922290 0.002307 
-0.954318 -0.123165 -0.022470 
0.335184 -0.903753 -0.022443 
0.670581 0.623044 -0.022470 
0.374015 -0.811501 -0.020845 
0.737803 -0.504612 -0.003132 
0.688006 -0.647763 0.004249 
0.314543 0.882346 0.004304 
0.696150 0.541342 0.014642 
-0.872987 0.268117 0.010656 
0.861472 0.500356 0.009429 
0.243286 0.908258 0.005442 
-0.809895 -0.469032 0.005062 
0.989302 0.114444 0.002698 
-0.639049 0.727514 -0.022470 
-0.792431 -0.384216 -0.017275 
0.992907 -0.086290 0.002890 
0.958170 0.274378 0.004402 
-0.691598 -0.686917 -0.022470 
-0.483654 -0.857177 -0.007771 
0.114521 0.975764 0.021835 
-0.837546 0.254177 0.001282 
-0.623198 0.753388 -0.000161 
0.819835 0.521254 0.021839 
-0.850877 -0.486904 -0.000996 
-0.979343 -0.101485 0.013526 
-0.871110 -0.015762 0.012219 
-0.688051 -0.710068 0.019066 
-0.969563 0.003768 0.021827 
0.125462 0.882022 -0.022470 
0.716099 0.525891 0.000328 
-0.211870 -0.875928 0.021839 
0.065120 0.932663 -0.022470 
0.451461 0.854520 0.021839 
0.884780 0.383626 0.021839 
0.581229 -0.675930 0.021839 
-0.802184 -0.472460 -0.022470 
-0.013706 0.939444 0.006140 
0.290549 -0.946038 -0.013588 
0.924170 0.316481 0.021839 
0.931895 0.191019 -0.022470 
0.935706 0.136838 0.004701 
0.561818 -0.819405 0.000889 
0.063863 -0.938131 0.004249 
-0.419596 -0.831712 0.004630 
0.962428 -0.239069 0.021839 
-0.026529 -0.929158 0.006791 
-0.558654 -0.683294 0.021839 
0.204718 0.960910 0.021832 
-0.174627 -0.971140 -0.003867 
-0.716295 -0.570709 0.016080 
0.788018 0.561545 -0.022470 
-0.062537 0.918729 -0.022412 
-0.844388 0.304101 0.021774 
0.775021 -0.528227 -0.022422 
0.981872 -0.187168 0.007717 
0.110669 0.903739 -0.022470 
-0.454673 -0.758545 0.000296 
0.421791 -0.846037 -0.022456 
0.831485 0.534866 -0.005676 
-0.347522 -0.820505 0.021819 
0.904301 -0.409047 -0.001437 
-0.860449 -0.355321 -0.022470 
0.361085 0.819995 0.021839 
-0.792660 -0.538761 -0.022470 
0.337753 0.857164 0.010254 
-0.916778 0.217052 -0.022470 
0.587131 -0.748566 -0.022381 
0.338492 -0.876657 -0.022431 
0.971336 -0.096660 0.021839 
0.077147 0.880652 -0.020460 
0.125932 -0.923343 -0.022431 
0.959453 0.199366 -0.022470 
-0.916236 0.338611 0.021839 
0.862566 0.215222 0.001548 
-0.794741 0.502339 -0.022426 
-0.310739 -0.864490 -0.022470 
0.438124 -0.866325 -0.022470 
-0.440139 -0.791516 0.021839 
-0.832570 0.444974 0.017400 
0.930981 0.151653 -0.022470 
-0.409679 -0.894338 0.021839 
0.273768 -0.925462 -0.022470 
-0.678192 0.708351 0.021523 
0.598842 -0.700797 -0.022389 
0.859190 -0.247042 -0.005646 
0.851305 -0.477541 0.021839 
-0.304059 -0.841059 0.021809 
-0.912863 0.118637 -0.022430 
0.916366 -0.333217 0.021839 
-0.378041 -0.909448 -0.014634 
-0.595401 0.755754 0.021801 
-0.841757 -0.413290 -0.022470 
-0.035175 0.961090 -0.022470 
-0.372522 -0.898952 0.021839 
-0.065625 -0.985925 0.021839 
-0.100690 0.924760 0.004249 
0.556613 -0.715197 0.021806 
0.874089 0.145563 0.003804 
-0.260745 0.943646 -0.008884 
-0.155258 0.960346 -0.022470 
0.082319 -0.887048 -0.020160 
0.845357 -0.334092 0.021839 
-0.029442 -0.987058 -0.013449 
-0.879178 0.167545 0.021760 
0.890553 -0.072064 -0.005265 
0.964160 0.226920 -0.004557 
-0.753765 -0.627546 -0.016557 
-0.081391 0.950929 -0.022448 
-0.181202 0.855231 0.004258 
-0.654169 -0.692881 -0.022470 
-0.034379 0.981188 0.021839 
-0.312295 0.857036 0.017658 
-0.870826 0.163949 -0.022470 
0.048594 -0.950475 -0.022470 
0.341365 -0.913052 0.021839 
-0.339962 0.894409 0.021839 
0.901601 -0.251990 -0.022470 
-0.823195 0.305728 -0.019333 
-0.902816 -0.367918 0.021839 
-0.533109 0.804258 0.021839 
-0.442695 0.759859 -0.019100 
-0.959392 -0.056167 0.021839 
-0.124906 -0.918476 -0.022470 
0.361783 0.903376 0.021839 
-0.606486 0.765266 -0.019541 
0.912841 0.016464 -0.022470 
0.780113 0.540727 0.007335 
0.464564 0.862171 -0.022470 
0.948121 0.246497 -0.022470 
-0.975887 0.047709 -0.002250 
0.309887 0.849832 -0.022470 
0.904637 -0.091385 0.021839 
-0.396401 0.893932 -0.016165 
-0.951602 0.149654 0.021839 
0.681522 -0.720534 -0.002951 
0.734855 0.492028 0.003111 
-0.447193 0.803754 0.006597 
0.070167 -0.993537 0.014211 
0.952098 -0.036065 0.007609 
0.364312 -0.850503 0.014714 
0.172299 -0.903475 -0.022470 
0.773493 0.625693 0.008403 
-0.742942 -0.562755 0.005321 
-0.046112 -0.961557 -0.022470 
0.102257 -0.902069 0.021839 
0.925127 -0.104352 0.008537 
0.785877 -0.420910 0.021839 
0.819213 0.365661 0.021839 
-0.290073 0.893995 0.007438 
-0.808545 0.431168 -0.022470 
-0.875386 0.249120 -0.022470 
0.970493 0.068241 -0.022470 
-0.567543 -0.802552 -0.005177 
-0.642405 0.667980 0.004249 
-0.896829 0.167199 -0.022470 
0.879540 -0.362841 0.009812 
-0.693031 -0.533873 0.014705 
0.281429 0.891250 -0.022470 
-0.350170 -0.868723 0.004249 
-0.543812 -0.698047 -0.019803 
0.722031 0.582579 -0.022470 
0.782663 -0.592287 0.021824 
0.216136 0.879623 -0.022470 
0.714862 -0.587515 0.018886 
0.989785 0.062410 -0.005803 
-0.165639 -0.944602 -0.022470 
0.716386 -0.686975 -0.000912 
0.901788 -0.201457 0.020414 
0.719264 -0.530409 -0.006031 
0.860312 0.405755 -0.022470 
-0.715186 -0.612835 0.007334 
0.648603 -0.671067 0.007089 
-0.911703 0.256452 -0.022470 
-0.837204 0.347373 -0.022470 
-0.893834 -0.147355 -0.022470 
0.915983 0.377481 -0.000340 
0.278146 0.854914 0.021839 
0.687486 -0.642837 -0.022421 
-0.952006 -0.036943 -0.022470 
0.866518 0.476627 -0.014381 
0.099656 -0.943456 0.006726 
-0.662023 -0.689426 0.021839 
0.758662 -0.493984 0.021839 
0.894155 0.288719 -0.022470 
0.943134 0.166836 0.015143 
-0.046077 -0.918484 0.020159 
-0.165072 -0.906993 -0.022470 
-0.132024 -0.873957 0.021316 
0.840125 -0.388405 0.018359 
-0.734653 0.537312 -0.022441 
0.790764 -0.474445 -0.022470 
-0.924797 0.313839 -0.014013 
0.807157 -0.445691 -0.022420 
0.661193 0.663459 -0.022470 
-0.255306 -0.848510 0.000294 
-0.862416 -0.172087 -0.008553 
-0.914983 -0.000001 0.009882 
0.964115 0.181220 0.021839 
-0.470301 0.852262 0.021839 
-0.962756 0.094397 0.021839 
-0.260307 -0.861602 0.021801 
0.232624 0.885066 0.019658 
-0.074075 0.977748 0.021833 
-0.387110 0.823905 -0.022442 
0.172466 -0.889130 0.021813 
0.000176 -0.945046 -0.022470 
0.929373 0.265710 0.021772 
0.973365 0.115025 0.021839 
-0.325871 0.817109 -0.002421 
0.251467 -0.864986 -0.022470 
0.876759 0.173169 -0.020692 
-0.862660 0.456768 -0.003188 
-0.825533 -0.461887 -0.022470 
0.681033 -0.601734 0.021837 
-0.928977 -0.113295 0.005973 
-0.126575 0.967568 0.021819 
0.798293 0.490294 0.004477 
-0.446511 -0.766366 -0.021159 
0.618814 0.729864 -0.022470 
0.152071 0.929717 0.006781 
-0.585622 0.732095 0.006979 
-0.801854 0.378396 0.021839 
-0.943249 0.055731 0.017820 
-0.766161 -0.451718 0.021839 
-0.112074 -0.895270 0.021839 
0.454155 -0.888946 0.014714 
0.042185 0.905594 -0.022470 
0.113831 -0.978663 0.021788 
0.718384 0.677560 -0.001163 
0.076061 -0.881974 0.002574 
-0.963883 0.012440 -0.022470 
-0.723390 -0.537727 -0.022470 
0.704888 -0.615008 -0.022415 
0.802406 -0.397820 -0.021224 
-0.495959 0.721328 0.001901 
0.521911 0.768715 0.005698 
0.943036 -0.083193 0.004744 
-0.882791 0.310826 0.008779 
-0.776901 -0.466237 -0.022470 
-0.946060 -0.249532 -0.004668 
0.835740 -0.518780 -0.022470 
-0.810505 -0.423244 -0.022470 
-0.517960 0.733274 0.021839 
-0.957344 0.185461 0.021839 
0.810010 0.442323 0.017026 
-0.206854 0.958397 0.000231 
-0.720858 -0.666006 -0.004906 
0.087721 0.911962 0.015013 
0.899317 0.243246 0.009517 
0.925225 0.232113 -0.022470 
-0.526787 -0.781126 0.006217 
-0.849977 0.471115 0.021839 
0.816729 0.356535 -0.011346 
-0.242633 0.907920 0.007130 
-0.271689 -0.940911 -0.022470 
0.064739 0.965843 0.021825 
-0.094965 0.957530 0.021778 
0.262768 -0.867135 0.021839 
0.958155 0.118660 -0.022470 
0.198938 -0.947466 -0.022470 
0.936676 0.318002 -0.020224 
-0.920630 0.171442 0.008618 
0.432067 0.884516 -0.007341 
-0.671327 -0.591665 -0.022470 
0.484065 0.841006 0.021839 
-0.636721 -0.644672 0.021839 
-0.808074 -0.441249 0.011477 
0.550815 0.812014 0.021839 
0.734268 -0.569628 -0.022408 
0.637561 0.642376 0.021839 
-0.411909 -0.777039 0.020057 
0.621276 0.747009 0.021839 
0.418440 -0.902927 0.021228 
0.487504 -0.828225 -0.022446 
0.416054 0.779728 0.001230 
-0.937065 -0.203794 0.021826 
-0.769707 0.502891 0.005860 
-0.444879 0.853366 0.021839 
-0.288026 -0.901007 0.007000 
0.327352 -0.940999 0.020337 
-0.955478 -0.032541 0.021839 
0.777204 -0.540760 0.008507 
0.696749 -0.560537 -0.018876 
-0.388864 0.788769 -0.003136 
0.651059 0.670914 0.004449 
-0.881266 0.388899 0.021839 
0.366208 0.846878 -0.022470 
-0.929046 -0.273007 0.021808 
0.927736 -0.068936 -0.022470 
0.720538 -0.541101 0.021839 
-0.765452 0.548555 0.011950 
-0.294282 0.921306 -0.022394 
-0.153680 0.962885 0.021819 
-0.698430 0.647846 -0.022423 
-0.037077 0.883340 -0.021642 
0.006983 -0.901203 0.021839 
0.529234 0.826965 -0.022059 
0.948940 0.307756 0.008701 
-0.035850 0.909355 -0.022429 
0.479055 0.746165 -0.004791 
0.939660 -0.269490 0.021839 
-0.087894 -0.919554 -0.022470 
0.519114 0.845714 0.016171 
-0.636418 0.719059 0.021808 
-0.073248 0.878493 -0.002049 
0.921355 -0.236572 -0.022470 
-0.257722 0.925457 0.021777 
0.106028 -0.883744 -0.004274 
-0.920872 -0.331788 -0.005378 
-0.674265 -0.653017 0.005369 
0.255849 0.946730 0.021825 
-0.204743 -0.885213 -0.022470 
0.892864 0.224994 -0.022470 
0.414643 -0.808334 0.021747 
-0.559256 -0.769109 -0.022470 
0.770253 0.592187 0.021839 
0.711261 0.614684 0.004476 
-0.736300 0.464650 0.010127 
-0.648816 0.645846 0.008967 
-0.231597 -0.916605 0.006455 
-0.955400 -0.083379 0.021839 
-0.219687 0.931243 -0.022470 
0.677962 0.716744 -0.009725 
0.917866 -0.362327 -0.022470 
-0.522411 -0.809596 -0.022470 
-0.320824 0.882550 -0.022443 
0.079925 -0.894749 0.021839 
0.397108 0.854792 -0.022470 
0.900148 0.418665 0.001887 
-0.694028 0.623346 -0.022417 
-0.856982 -0.378898 0.005662 
-0.896888 -0.115137 -0.022470 
0.248558 -0.918333 0.007901 
-0.685003 0.577474 0.021790 
-0.810146 0.527228 -0.022396 
0.065197 0.879702 0.000287 
0.227741 -0.954252 0.021839 
0.019515 0.966017 0.021839 
0.810741 0.399511 0.021839 
-0.530222 -0.757229 0.007076 
0.250651 -0.922767 -0.022470 
-0.232013 -0.856861 -0.006895 
-0.177609 -0.875697 0.021839 
0.612055 -0.763964 0.021830 
-0.478329 -0.762710 -0.022470 
-0.890873 -0.414381 0.001946 
0.702556 -0.629782 0.006399 
-0.855377 0.197428 -0.009517 
0.385446 0.848840 0.004412 
0.398322 0.817712 -0.022470 
0.887524 0.437841 -0.001516 
0.095014 0.946332 0.020490 
0.563967 0.779665 0.021839 
0.742785 0.661553 0.008741 
0.607936 0.671800 0.021839 
0.759794 0.558557 0.004806 
-0.482880 0.808075 0.009704 
-0.866830 -0.170986 0.021839 
0.776299 0.451299 0.021839 
0.279362 -0.889243 0.006625 
0.753517 0.461320 0.005081 
0.833463 -0.313249 0.020796 
-0.939952 0.288242 0.005196 
0.279769 0.927164 0.021839 
0.230476 -0.895844 0.013372 
-0.890657 -0.202292 0.016448 
-0.032143 0.980246 -0.001050 
-0.629013 -0.673250 0.008635 
-0.827890 -0.524254 -0.013111 
-0.559446 0.776248 0.021839 
-0.830703 0.283905 -0.004643 
0.367340 -0.819356 0.021746 
-0.609020 0.703192 0.004343 
0.787653 0.514803 -0.022470 
-0.961591 -0.206878 0.003370 
0.229872 0.860244 0.021839 
-0.106871 0.890845 -0.022457 
0.136998 -0.964129 0.021802 
0.706984 0.565233 -0.022470 
-0.547364 0.687371 -0.009265 
-0.941586 0.259221 -0.004524 
-0.939845 -0.290160 0.003239 
0.638656 0.760533 0.005718 
-0.149799 0.885642 0.021839 
-0.890249 0.082828 -0.022458 
-0.903825 -0.025277 -0.022470 
-0.201447 -0.953267 0.021837 
0.338880 0.903813 0.021839 
0.855521 -0.284407 0.021839 
0.190180 0.878776 0.021839 
0.399112 -0.857785 0.004817 
-0.227348 0.842977 0.006376 
-0.243658 0.949459 0.021835 
-0.371239 -0.824121 -0.022470 
-0.317043 -0.933092 -0.011895 
-0.445525 -0.878058 -0.000955 
0.284899 0.843874 -0.022470 
-0.606214 -0.743236 0.021839 
-0.914119 -0.035950 0.009782 
-0.593589 -0.751999 -0.022470 
0.169271 0.966019 0.021839 
-0.546931 -0.715887 0.021839 
0.625751 -0.658633 0.021832 
0.179368 0.963979 -0.020852 
-0.519219 -0.714307 0.000519 
0.811605 0.416032 -0.022470 
-0.349354 0.820614 -0.022470 
0.586184 -0.673840 -0.000318 
0.531613 -0.747498 -0.022463 
-0.858270 -0.192598 -0.017572 
-0.425235 0.795521 0.021839 
0.689959 0.609797 -0.022470 
-0.542361 -0.821996 0.000185 
0.536686 0.701038 0.002588 
-0.911699 -0.350596 -0.021279 
0.962806 0.157654 0.021839 
0.150767 0.933922 -0.022470 
0.813170 -0.568493 -0.004394 
0.990674 0.038561 -0.003042 
-0.915949 -0.293207 -0.022470 
0.035571 0.962784 -0.022470 
-0.174777 -0.870790 -0.002216 
0.904820 0.131656 -0.022470 
0.685811 -0.596918 -0.022387 
-0.324155 -0.936853 0.020187 
0.724442 0.530740 0.021839 
-0.757108 0.520435 -0.022432 
0.838043 0.289518 0.019711 
-0.285163 0.939178 0.001507 
-0.333859 0.856776 0.007117 
-0.890077 0.111928 -0.022455 
0.945604 -0.143375 0.011293 
0.870760 -0.283079 -0.022470 
-0.865953 0.144443 -0.009596 
-0.648150 -0.746031 0.020269 
-0.493564 0.741093 0.021839 
0.973506 -0.067417 0.021839 
0.349476 -0.820656 -0.017308 
-0.883520 -0.348535 0.021411 
0.459071 -0.772215 0.021815 
0.985609 -0.111266 -0.011348 
-0.568087 -0.784513 0.021839 
0.658042 0.709972 0.021839 
-0.844046 -0.219523 0.007390 
-0.962952 -0.181432 0.000944 
0.908790 0.349077 0.021839 
-0.852788 -0.290344 -0.022470 
0.916796 0.391272 0.017356 
0.498399 -0.810586 0.006872 
-0.022811 -0.904380 -0.022470 
0.944529 0.297066 -0.012709 
0.268279 -0.937647 0.021839 
0.693060 0.685468 0.021831 
0.328294 0.894317 -0.022470 
0.969982 0.041703 0.021812 
-0.435179 0.877766 0.000540 
0.640876 0.645975 -0.022470 
-0.718478 0.665674 0.001640 
-0.684777 0.626015 0.006091 
-0.484871 -0.851646 0.021768 
0.066484 -0.935457 -0.022470 
0.837670 -0.365169 0.021839 
0.412144 0.880447 0.021839 
-0.595928 0.672462 -0.022470 
-0.838278 -0.507859 -0.001642 
0.830575 -0.330003 -0.009567 
0.478887 -0.846357 0.021778 
-0.444967 -0.871265 0.021825 
0.129540 -0.899304 -0.022456 
-0.258085 -0.934616 0.021806 
0.920441 -0.008777 0.021830 
-0.897738 0.241454 0.004309 
0.900956 0.305740 0.007452 
-0.718603 -0.502568 0.002716 
0.668740 0.596698 0.021839 
-0.232143 -0.953912 0.021780 
-0.384419 0.807061 0.021839 
0.430523 -0.892223 -0.010066 
0.680056 -0.701554 0.021774 
0.960237 -0.001817 0.018736 
-0.810784 0.336231 -0.002844 
-0.876871 0.056441 -0.001124 
-0.849635 0.220848 -0.000361 
-0.950687 0.194582 -0.022470 
-0.709012 0.541798 0.021834 
0.211945 0.914924 -0.022470 
-0.289175 -0.859682 0.021772 
-0.127787 -0.932165 0.004467 
0.818540 0.473731 0.005195 
0.841576 0.492363 0.021839 
0.619029 -0.644317 -0.003222 
-0.860643 -0.439950 -0.022470 
-0.826035 0.497551 0.021839 
-0.874358 0.221221 -0.022470 
0.908875 -0.031569 -0.022470 
-0.647236 0.586861 0.002341 
0.311553 0.932543 -0.016728 
0.892766 0.016296 -0.003587 
-0.807289 -0.358601 0.021825 
-0.892418 0.343866 -0.022470 
-0.544617 0.725085 0.021505 
0.709668 0.652222 -0.022470 
-0.744361 -0.571279 -0.022470 
0.872388 0.229381 0.021839 
-0.531813 0.816406 -0.022081 
0.417163 0.792673 -0.022470 
-0.558894 0.774658 -0.022452 
-0.176570 0.924046 -0.022470 
0.837247 0.317039 -0.022300 
0.531173 0.744656 -0.022470 
0.756817 0.619036 0.021839 
0.887960 0.069705 0.021839 
-0.841237 0.494237 -0.019918 
-0.654328 -0.716013 -0.022470 
-0.047843 -0.933732 -0.022470 
0.265072 0.907200 0.008220 
0.882816 -0.455134 -0.000225 
0.049332 0.979819 -0.007969 
0.890327 0.146411 0.021839 
-0.082848 0.977547 -0.000020 
0.255157 -0.854108 -0.003752 
-0.298101 -0.835188 -0.001719 
0.382680 -0.890624 -0.022382 
-0.230954 -0.960735 0.000971 
-0.904140 -0.380198 0.000418 
0.213082 0.939232 0.021785 
-0.766826 0.427534 -0.019024 
0.022998 -0.989101 0.021771 
-0.648710 0.740524 0.007192 
-0.626549 -0.756697 -0.005243 
-0.638075 0.606117 -0.021254 
-0.593481 -0.776204 0.021839 
0.126889 0.973757 -0.001633 
-0.820990 0.349858 0.021789 
-0.862933 -0.126510 0.014123 
-0.465614 0.761628 0.021839 
0.164017 0.868143 -0.001723 
-0.921814 0.123414 0.004287 
-0.304139 -0.872875 0.008963 
-0.125564 -0.964661 -0.022470 
0.897959 -0.243299 0.009652 
0.921703 0.165370 0.004982 
-0.016065 0.909316 0.021749 
-0.046542 -0.896725 0.021839 
-0.840371 0.412311 0.010535 
0.599777 0.782724 -0.005744 
0.019307 0.988074 0.011076 
0.493631 -0.768728 0.021769 
0.420806 -0.782848 0.001970 
0.275873 0.840386 -0.002926 
-0.156328 -0.885232 0.021839 
-0.615001 -0.667463 -0.022470 
0.766271 0.460097 -0.022147 
0.755114 0.534230 -0.022470 
-0.800776 0.491800 0.009726 
-0.793295 0.581472 0.014806 
-0.758047 0.529599 0.004336 
-0.593443 -0.654847 -0.001734 
-0.802300 0.455869 -0.022470 
-0.707097 -0.525893 0.000254 
-0.803310 0.556480 -0.000132 
0.843028 0.475066 -0.022470 
-0.301353 0.826778 -0.002307 
0.564547 0.681610 0.021735 
0.908640 0.079546 0.021839 
-0.710716 -0.642239 -0.022470 
0.424453 0.824121 0.006365 
0.308412 -0.880046 -0.022470 
0.680256 -0.672811 -0.022449 
-0.754074 -0.613409 0.021839 
0.504100 -0.745504 0.021810 
-0.895200 -0.000882 0.021783 
0.837475 0.429933 0.004249 
-0.900942 -0.185150 -0.022470 
0.039623 -0.902333 -0.022470 
0.937389 0.115323 0.004323 
0.907055 0.039217 0.021839 
-0.122224 -0.979749 -0.007390 
-0.713882 0.503920 0.002303 
-0.087285 -0.898820 0.021839 
-0.258192 0.903167 -0.022444 
-0.535641 -0.811779 0.021839 
-0.720863 0.587732 0.005079 
-0.620610 0.634643 0.021839 
-0.198963 -0.864936 -0.016700 
-0.432361 0.819180 0.004337 
-0.355175 0.806148 0.021839 
-0.688685 -0.700307 -0.004705 
-0.773841 -0.614652 0.010480 
-0.805541 0.422201 0.019077 
-0.981349 0.032955 0.020958 
-0.387119 0.845377 -0.022423 
-0.623009 0.681389 0.004824 
0.749406 0.643546 -0.010104 
-0.799237 0.540087 0.021839 
0.198889 0.861322 -0.000549 
-0.447468 -0.828251 0.005306 
0.445915 0.824321 0.004249 
0.790022 0.581024 0.021839 
0.326258 0.926078 0.021839 
-0.454811 -0.838203 -0.022470 
-0.871399 0.107488 -0.000154 
0.665031 0.732321 0.001324 
-0.878052 0.433027 0.001189 
-0.302213 -0.907801 0.021528 
0.880986 0.286643 0.012368 
-0.027133 -0.955842 0.018539 
0.455171 -0.797851 -0.022436 
-0.915341 0.339198 -0.002656 
0.775820 -0.618430 -0.004190 
0.256989 0.926674 -0.022470 
-0.403812 -0.874135 -0.022470 
0.967473 0.004034 -0.022470 
-0.017282 0.881780 -0.000776 
-0.760532 0.612383 -0.005206 
0.805332 0.364584 0.005217 
0.834241 0.513163 -0.022470 
-0.120002 0.915948 0.005702 
0.734690 -0.629904 0.021839 
-0.072801 0.895265 0.021839 
0.852991 0.375768 -0.022470 
0.634661 -0.670244 -0.022461 
-0.608611 0.633084 -0.005144 
-0.845365 -0.301848 0.021787 
-0.349191 -0.806595 0.005864 
-0.781815 0.382057 0.014777 
-0.857319 0.420834 -0.022470 
0.866328 0.189748 0.003115 
-0.250360 -0.914642 -0.022470 
-0.915696 -0.293926 0.021839 
-0.214582 0.865919 0.021839 
0.062231 -0.970219 -0.022470 
-0.408134 -0.898267 0.001090 
0.116822 0.925305 -0.022470 
0.158946 -0.951612 -0.022434 
-0.869037 -0.193179 0.021839 
0.658057 -0.622103 -0.022391 
0.802517 -0.385504 0.001906 
0.625936 0.624233 0.021377 
-0.875171 0.205444 0.021804 
0.580746 0.705140 -0.022470 
-0.915295 0.193130 -0.022470 
-0.524267 -0.832883 -0.000418 
-0.688820 0.662624 0.021839 
-0.483964 -0.799127 0.004249 
-0.280788 -0.939255 0.021808 
0.145849 -0.889391 0.021814 
-0.743449 -0.531243 -0.022470 
0.579143 -0.711627 -0.022375 
-0.796105 -0.572868 -0.001067 
0.809757 0.496331 -0.022470 
0.003924 -0.983251 -0.022455 
-0.892905 -0.270367 -0.022470 
0.375458 0.886334 0.021839 
-0.093742 0.869492 0.005515 
-0.957201 0.213216 0.021440 
0.018668 -0.938229 0.004249 
-0.077928 -0.885140 -0.001282 
0.860938 -0.494258 -0.011925 
-0.584071 0.655891 -0.006781 
-0.796684 -0.498565 -0.022470 
0.587617 -0.782626 0.021793 
-0.885268 0.287467 0.005877 
-0.531896 0.705260 0.021839 
-0.162582 -0.949319 0.021839 
-0.889273 -0.045403 0.021811 
0.304346 -0.925864 0.021839 
0.843989 0.287808 -0.012388 
0.783558 -0.457233 0.021839 
0.925631 -0.019058 -0.022470 
0.879351 -0.393269 -0.022437 
-0.729111 0.620083 0.021815 
0.786091 0.419900 -0.019997 
-0.854159 -0.383920 -0.022470 
0.233945 -0.968185 0.004810 
0.351759 0.918394 -0.007176 
0.860008 -0.373977 0.005132 
-0.289828 0.924549 0.021802 
0.812480 -0.539051 -0.022465 
-0.928810 0.096875 0.005405 
-0.940656 -0.133880 0.021693 
-0.977323 0.000299 -0.012125 
0.740291 -0.653966 0.021839 
-0.756382 0.445371 -0.016282 
0.083669 0.964309 -0.022470 
0.885159 -0.124416 -0.005586 
-0.302130 0.850246 -0.022464 
0.096086 -0.965530 -0.022432 
0.235308 -0.864624 0.021839 
-0.400417 0.884097 0.021839 
0.872284 0.452315 -0.022470 
0.857313 -0.497455 0.021838 
-0.878577 -0.232842 -0.022470 
-0.153754 -0.874536 -0.012693 
-0.726520 0.498239 0.021823 
-0.013508 0.953638 -0.022470 
-0.555919 0.743755 0.004249 
-0.498791 -0.766927 -0.022470 
-0.209189 -0.928680 -0.022470 
-0.516810 0.710541 -0.005897 
-0.898955 0.323318 0.021839 
-0.543018 0.683482 0.020397 
0.922598 -0.382977 0.003895 
0.042109 -0.888556 -0.007148 
-0.545866 0.764907 0.008495 
-0.468742 -0.822664 0.009148 
-0.791065 -0.447303 0.021698 
0.182118 -0.870772 0.021835 
-0.034081 0.883013 0.021839 
-0.643056 -0.624927 0.021839 
0.890927 0.338624 -0.022470 
-0.913724 -0.083513 0.007646 
0.440343 -0.791520 0.021781 
-0.722045 0.655361 -0.020735 
0.920256 -0.263353 0.011186 
-0.086548 -0.961713 -0.022470 
0.981041 0.140523 -0.003758 
-0.881140 0.387852 -0.022470 
-0.871789 -0.087963 0.001320 
0.951455 0.043724 0.007471 
-0.704211 -0.551894 0.021839 
0.905066 -0.316721 0.016558 
-0.450696 -0.767501 0.021839 
-0.635193 -0.660294 -0.022470 
-0.211068 -0.904900 -0.022470 
-0.061140 0.946786 -0.022441 
-0.530773 0.773491 -0.022433 
-0.973660 0.128954 0.003162 
0.212016 -0.904704 0.008264 
0.902492 0.001409 0.021827 
-0.947706 -0.082534 -0.022470 
-0.777711 0.409517 0.021839 
0.418416 -0.834254 0.006345 
-0.897138 -0.120946 0.021839 
-0.364669 -0.919028 0.021596 
-0.650450 -0.627820 -0.022470 
-0.400067 -0.814967 0.021838 
0.126550 0.930401 0.005274 
0.968243 0.204709 0.021839 
0.955638 -0.167660 -0.022470 
-0.639146 -0.601087 0.003202 
-0.926949 -0.228739 0.021827 
0.687633 0.559572 0.001577 
-0.255914 -0.955155 0.021757 
0.042571 0.941477 -0.022470 
-0.399385 -0.834654 0.007216 
0.350397 -0.858304 -0.022406 
0.145038 0.889324 0.021839 
0.465278 0.788175 0.021389 
0.979146 0.181409 0.002888 
-0.414149 0.886004 -0.009509 
-0.348264 -0.867999 -0.022470 
0.917393 -0.120636 0.018602 
0.195441 -0.869291 -0.002899 
0.182633 -0.908265 0.010713 
0.886487 0.104493 -0.004506 
0.961973 -0.076763 -0.022470 
0.060951 -0.903442 0.021839 
0.963776 -0.244804 0.001015 
-0.858498 0.166139 0.020910 
0.850211 -0.476674 -0.022447 
0.940661 -0.338292 0.009204 
-0.477214 -0.736518 0.012873 
0.994199 0.030513 0.021652 
-0.504931 0.805069 -0.022470 
-0.756693 -0.451947 -0.004214 
0.624059 0.632159 -0.017455 
0.622478 -0.759090 -0.022375 
-0.784815 0.549849 -0.022390 
-0.688027 -0.580366 0.021839 
-0.692289 -0.685475 0.021839 
-0.024650 0.921615 0.007064 
-0.915864 0.358351 0.016542 
0.509323 0.790663 -0.022470 
-0.623685 -0.625138 -0.008522 
-0.668866 -0.564750 0.010981 
0.583322 0.794561 -0.002646 
-0.390666 -0.869976 0.019627 
-0.822797 -0.525942 0.021816 
0.866770 0.450895 0.021839 
-0.830675 0.433630 -0.022470 
0.817275 -0.480563 -0.022468 
0.640980 0.734973 0.021839 
-0.728872 -0.596746 0.007376 
-0.855130 0.250570 -0.022470 
-0.826255 0.525137 0.021753 
-0.000805 0.923765 0.006144 
0.584572 -0.729934 0.005835 
0.166902 0.967624 -0.005256 
0.003079 0.976770 -0.022243 
0.286395 -0.856570 0.021829 
-0.752260 0.484587 -0.022457 
-0.008181 -0.987880 -0.002774 
-0.874476 0.295570 -0.022470 
-0.911562 -0.216677 -0.022470 
0.094293 -0.923885 0.007992 
-0.640772 -0.715973 0.021839 
0.687903 -0.558917 0.014846 
