-0.919593 -0.289341 0.024100 
0.947171 0.308148 0.014063 
0.319119 -0.946471 0.022913 
-0.290473 0.945709 0.016992 
-0.439553 -0.885565 -0.018403 
0.885884 -0.443687 -0.006536 
-0.871825 0.466153 0.023292 
0.457535 0.880082 0.008367 
-0.748367 -0.638331 -0.025484 
-0.066270 -0.996748 0.013371 
-0.986671 0.092801 0.019896 
0.653385 -0.756833 0.011977 
0.983539 -0.072011 -0.025643 
0.757598 0.643125 0.007567 
0.088172 0.977647 -0.016304 
-0.611807 0.745213 -0.026465 
-0.232552 -0.863446 0.022062 
-0.851572 0.256202 0.003043 
0.116154 -0.890603 0.025051 
-0.545924 -0.709820 0.025337 
0.886480 0.107532 0.022177 
0.706729 -0.549139 0.020336 
0.554403 0.694290 0.009571 
0.791763 0.440046 -0.026465 
0.448654 -0.784701 -0.002518 
0.253665 0.851009 0.004878 
-0.891935 -0.087789 -0.008561 
0.861126 -0.241658 0.016669 
-0.685858 0.560019 0.018225 
-0.773932 -0.438656 0.009505 
-0.088618 0.880924 0.016942 
-0.416726 0.788081 0.025643 
-0.671067 -0.735534 0.010508 
-0.899184 -0.418514 0.023958 
0.996128 0.045669 0.015714 
-0.183188 -0.972327 -0.022384 
-0.828486 -0.550462 0.016002 
-0.802172 0.560457 -0.025114 
0.212913 0.967669 0.011074 
0.056462 -0.986221 -0.025369 
0.197314 -0.970902 -0.021890 
-0.972554 -0.174581 0.025498 
-0.324433 -0.934381 -0.019031 
0.828418 -0.557077 0.004871 
0.969636 -0.198288 -0.021297 
-0.967218 0.213794 0.015418 
-0.547056 -0.822428 -0.022661 
-0.924048 0.355539 0.019168 
-0.713087 0.684776 0.005652 
0.977751 0.190336 0.022601 
-0.173776 0.965549 -0.012448 
0.673001 0.730360 0.015088 
0.565241 0.815423 0.006704 
0.721303 -0.663546 -0.026457 
0.345111 0.929259 0.019107 
-0.527354 0.836801 0.017664 
0.940549 -0.331101 0.004325 
0.715831 0.530798 0.004504 
0.432334 -0.901461 0.018640 
-0.317751 0.835260 -0.021073 
-0.813687 0.371613 -0.021950 
0.335804 -0.829905 0.007281 
0.544020 -0.710994 0.008063 
-0.444861 -0.774274 0.022353 
0.872616 0.223236 -0.021952 
-0.022193 0.985477 0.025428 
-0.990744 -0.030852 0.021982 
0.833890 0.338276 0.025656 
0.831367 0.538717 0.025389 
0.363747 0.809484 0.010984 
-0.109224 -0.887968 0.022191 
0.885660 -0.119837 0.016774 
-0.211226 0.860241 0.022704 
-0.633550 -0.626712 0.020541 
-0.342525 -0.827782 0.024747 
-0.876994 0.142697 0.024326 
0.143217 0.876963 0.024577 
0.774669 -0.448660 0.022280 
-0.711657 -0.534990 0.013100 
0.640922 0.616255 0.016969 
0.550691 -0.834654 0.009537 
-0.895568 0.039436 -0.023372 
0.895559 0.434776 0.019943 
0.030055 0.885357 0.021296 
0.466212 0.762574 0.025724 
0.225638 -0.866169 0.016060 
-0.754219 0.464179 0.007850 
-0.609090 0.642228 0.019376 
-0.508729 0.724354 0.013421 
0.007252 -0.894710 0.010483 
0.895589 -0.011154 0.003757 
-0.416903 0.897048 0.011443 
0.830469 -0.349292 0.001070 
0.626378 -0.640658 0.022840 
-0.821690 -0.340752 0.006070 
-0.873874 -0.202168 -0.014709 
0.964877 0.116685 -0.026465 
-0.851964 -0.477698 -0.026465 
-0.083378 0.954210 -0.026419 
-0.936404 0.281412 -0.026079 
-0.761102 0.618368 0.025696 
0.125367 -0.973135 0.025691 
0.763707 -0.608976 0.025717 
-0.901450 -0.353578 -0.026465 
-0.249101 -0.961700 0.025635 
0.603426 0.747656 -0.026465 
-0.606081 -0.697327 -0.026465 
-0.939842 0.138096 -0.026465 
0.976371 -0.134009 0.025746 
0.276797 0.920491 -0.026465 
0.288487 -0.890094 -0.026465 
0.366892 -0.902860 -0.026465 
0.689150 0.663801 -0.026465 
0.768209 -0.516384 -0.026465 
-0.977736 -0.105117 -0.012023 
0.477635 -0.855190 -0.026372 
0.778038 0.567899 -0.026465 
0.910234 0.364406 -0.026465 
-0.887046 0.407323 -0.026335 
-0.856005 -0.277201 -0.025381 
-0.669435 0.624498 -0.026454 
-0.612114 -0.785957 0.014264 
-0.472459 0.802356 -0.026465 
-0.180892 -0.894826 -0.026465 
0.921504 -0.263283 -0.026465 
-0.232346 0.915056 -0.026437 
0.377605 0.874797 -0.026465 
-0.955831 -0.231955 -0.022294 
0.494457 0.810384 -0.026465 
0.196886 0.893508 -0.026465 
-0.893216 0.200717 -0.026465 
-0.486944 -0.847146 0.025718 
-0.980855 0.032171 -0.024111 
-0.913026 -0.024537 0.025696 
0.019049 0.941782 -0.026465 
0.926707 0.052567 -0.026465 
-0.381929 -0.917330 0.025361 
0.609954 -0.706502 -0.026430 
0.945174 0.239212 -0.026465 
-0.700575 -0.668896 0.025593 
-0.405177 -0.813207 -0.026465 
-0.111030 -0.943318 -0.026465 
0.595456 -0.780872 -0.026353 
-0.568054 0.776662 0.025581 
-0.688054 -0.591656 -0.026465 
-0.397959 0.835612 -0.026426 
-0.824208 0.490017 -0.026379 
-0.333322 0.906023 -0.026451 
-0.510511 -0.746827 -0.026054 
-0.144575 0.896737 -0.026435 
0.678094 -0.605297 -0.026354 
-0.764397 -0.565139 -0.026465 
0.851574 0.480530 -0.026465 
-0.649185 0.712370 0.025746 
0.005990 -0.991632 0.025746 
-0.838828 0.323382 0.025708 
-0.842428 -0.406365 -0.026465 
0.243056 -0.937449 0.022297 
0.771928 0.485077 0.025722 
0.875536 0.279963 0.025329 
0.140541 0.950947 0.024181 
-0.284663 -0.863452 -0.026465 
0.835304 -0.493190 -0.026465 
0.515828 0.742764 -0.026465 
-0.025300 -0.954794 -0.026465 
0.422773 0.791338 -0.023346 
-0.571062 0.687790 -0.021590 
0.678149 -0.691361 0.021726 
0.160884 -0.911333 -0.026465 
-0.729865 0.529223 -0.026462 
0.081026 0.908900 -0.026465 
0.890922 -0.174333 -0.026378 
0.853055 0.404253 -0.026465 
-0.902044 -0.147084 0.025714 
0.909057 0.172673 0.017727 
0.987742 -0.026084 0.025728 
0.816561 -0.410928 -0.026457 
0.404616 -0.831883 -0.026412 
0.061857 -0.914142 -0.026465 
0.890966 -0.378106 -0.026461 
-0.278655 0.869922 0.025076 
0.508918 -0.765328 -0.026353 
0.916088 -0.076744 -0.026465 
0.705997 0.598355 0.015690 
0.620394 0.682368 0.016899 
-0.137131 -0.980841 0.025726 
0.964613 -0.252361 0.023649 
-0.776076 -0.605346 0.025746 
-0.460528 0.848585 0.025702 
-0.026651 0.894061 -0.022096 
0.810395 0.399938 0.025677 
-0.815158 0.423109 0.018930 
0.311101 0.846658 -0.026465 
-0.884984 0.329315 -0.026465 
-0.117463 0.974189 0.025746 
-0.949109 -0.048198 -0.026465 
-0.915899 0.086326 0.017057 
-0.767026 -0.501344 0.025680 
0.510192 0.846438 0.025375 
0.741307 -0.578320 -0.026416 
-0.251587 -0.924208 -0.026465 
-0.477825 -0.810987 -0.026465 
-0.938318 -0.159069 -0.026465 
-0.374626 -0.869402 -0.026465 
-0.726729 0.593002 -0.026409 
0.867614 0.316093 -0.026465 
0.874787 -0.312904 -0.026465 
-0.059557 -0.901652 -0.022163 
0.970814 0.003478 -0.026465 
-0.549098 0.749433 -0.026465 
-0.826697 0.535524 0.025634 
-0.365763 0.832012 0.025737 
-0.218126 0.942548 0.025716 
-0.796495 -0.508391 -0.026465 
0.717495 0.686980 0.020799 
-0.632160 0.688626 -0.026406 
-0.862606 -0.244410 0.025741 
-0.362470 0.916866 0.025223 
0.035406 0.971262 0.025746 
-0.656976 -0.666850 -0.026465 
0.223660 -0.906937 -0.026465 
-0.594220 -0.673054 0.025742 
0.914014 -0.393001 0.025416 
-0.969020 0.148338 0.025677 
0.744035 -0.503217 0.025168 
0.615418 0.778839 0.021568 
0.399220 0.907696 0.018258 
0.114520 -0.949594 -0.026465 
0.901186 0.048968 0.025746 
0.952836 -0.125652 -0.026465 
0.900280 -0.198533 0.025313 
-0.568231 -0.743670 -0.026465 
0.275354 -0.950686 -0.023742 
0.850786 -0.297742 0.025648 
0.798450 0.586062 0.025339 
0.138576 0.911284 -0.026465 
-0.813296 -0.393940 0.025702 
-0.471048 0.770005 0.025696 
0.804827 0.513308 -0.026465 
0.989957 0.105225 0.023429 
0.858141 -0.491556 0.025736 
0.493646 -0.838455 0.025418 
-0.852896 -0.451276 0.024290 
0.664183 -0.664969 -0.026430 
0.893770 0.136716 -0.025814 
0.284017 -0.848891 0.020091 
0.393400 -0.812931 0.025700 
-0.447434 0.867944 -0.026098 
0.284117 0.940640 0.025746 
0.183441 -0.902023 0.025648 
-0.154340 0.872880 0.023463 
-0.747729 0.519657 0.025743 
-0.873497 0.205099 0.025746 
-0.505275 -0.767088 0.025703 
-0.923921 -0.358979 0.024316 
-0.941487 0.261875 0.025724 
0.941240 0.181843 -0.026465 
0.085374 0.883975 0.024164 
0.203288 0.876283 0.025678 
0.328861 0.854527 0.025125 
0.588972 -0.798889 0.025722 
-0.281415 0.888216 -0.026446 
-0.527423 0.799677 -0.026465 
0.409066 0.839633 0.005834 
0.060015 -0.896101 0.025045 
0.381400 -0.919735 0.025501 
-0.865720 -0.298838 0.025661 
0.495985 -0.756637 0.025746 
0.905910 0.350478 0.025746 
0.763058 -0.627957 -0.025265 
-0.560001 -0.795397 0.025746 
0.663510 -0.720226 -0.026401 
-0.291564 -0.921387 0.021780 
-0.165587 -0.879408 0.022954 
-0.917351 -0.270673 -0.026465 
0.809051 -0.399318 0.025671 
-0.867979 0.410978 0.023912 
-0.888312 0.115281 -0.020520 
0.908738 -0.066671 0.025746 
-0.403756 -0.827755 0.025118 
0.863446 0.479006 0.025746 
0.635418 0.646897 -0.026465 
-0.195753 -0.947267 0.023109 
-0.907016 0.305021 0.019081 
0.522809 0.734005 0.025675 
0.068270 -0.977165 0.025746 
-0.962352 0.038797 0.025267 
-0.697924 -0.595116 0.025642 
0.674721 -0.615486 0.025684 
0.728003 -0.656480 0.025697 
0.643601 0.702092 -0.026465 
-0.671520 0.615670 0.025735 
0.796092 -0.585794 -0.025129 
0.951682 0.239688 0.025746 
-0.629723 -0.756638 -0.025534 
-0.310006 -0.872351 0.020129 
0.173875 0.949950 -0.026465 
-0.149730 -0.926432 0.006547 
-0.964530 0.083384 -0.026465 
0.591385 0.684084 -0.026465 
-0.593522 0.694106 0.025102 
0.450868 0.839096 -0.026465 
-0.824742 -0.494753 0.018145 
0.753320 0.505540 -0.026465 
0.174246 -0.955325 0.025161 
-0.706077 -0.688916 -0.022093 
0.332452 0.900498 -0.026465 
-0.068224 -0.945020 0.005019 
0.583511 -0.678971 0.018083 
-0.792967 0.434854 -0.026391 
0.033280 -0.943507 0.005143 
-0.618828 0.771677 0.017384 
0.962405 -0.080499 0.020629 
-0.048402 0.933781 0.005123 
-0.237472 0.862239 -0.021889 
-0.749173 -0.653168 0.023543 
-0.769220 0.564746 0.014921 
-0.942212 -0.242741 0.025713 
-0.910713 -0.008991 -0.026465 
0.737576 0.598667 -0.026465 
0.950820 0.144010 0.014296 
0.915220 0.298657 -0.026465 
0.238239 0.912561 0.005424 
0.939942 -0.168911 0.007198 
0.798259 -0.458852 -0.026465 
-0.883553 -0.153166 -0.021840 
0.382327 -0.866590 0.005019 
0.978293 0.068256 -0.026465 
-0.037474 0.974133 -0.026394 
0.595758 -0.742321 0.005391 
-0.912520 0.036359 0.025667 
-0.739885 -0.510526 -0.019907 
-0.864358 0.458589 -0.025357 
0.437594 0.803824 0.025389 
0.514076 -0.821295 -0.026353 
-0.859529 0.365592 0.005413 
0.541346 0.787129 -0.026465 
-0.116620 0.929093 0.005019 
-0.919409 -0.203016 0.005019 
0.823566 0.362341 -0.016478 
-0.805334 -0.451759 -0.026465 
-0.742623 0.641019 -0.014172 
0.321093 -0.927246 -0.026465 
0.940168 -0.034468 0.005385 
-0.187571 0.906330 0.008870 
-0.918341 0.168847 0.005601 
-0.964935 -0.072632 0.025657 
-0.039437 -0.898293 0.025562 
0.883566 0.228379 0.025718 
-0.838689 0.313058 -0.023179 
0.719154 -0.611220 0.005243 
-0.656660 0.658880 0.006151 
0.442267 -0.854145 0.010436 
0.686237 0.613402 -0.026465 
-0.941927 0.203578 -0.026465 
0.828540 0.440522 0.005449 
-0.071579 0.987448 0.016490 
-0.558387 0.727352 0.020360 
0.538010 -0.787926 0.005979 
-0.420842 -0.873132 0.025224 
-0.127535 -0.894111 -0.022278 
-0.581264 0.789650 -0.019086 
-0.773762 0.602821 -0.021180 
-0.489619 -0.857679 -0.023669 
-0.425750 0.790577 -0.026179 
-0.857608 -0.333991 -0.026465 
-0.888659 0.276564 -0.026465 
-0.327385 -0.840150 -0.019067 
-0.879448 -0.374481 0.010675 
0.913234 -0.290860 0.011654 
-0.584987 -0.793484 -0.024854 
-0.788487 0.496975 0.005741 
-0.810101 0.366119 0.025064 
-0.533869 -0.841024 0.022097 
0.763328 -0.551375 0.005805 
0.768302 0.530205 0.011168 
0.425388 0.880006 -0.026450 
-0.502070 0.755070 -0.026465 
-0.013985 0.908646 0.025746 
-0.368185 0.872257 -0.026462 
-0.498195 0.841897 -0.025324 
-0.091845 0.904268 -0.026465 
0.288545 0.888187 0.005724 
-0.446091 -0.832200 0.005019 
0.889706 -0.221349 -0.026465 
0.416404 -0.877409 -0.026465 
0.851711 -0.394275 0.006585 
0.632900 -0.686207 0.010676 
-0.881019 -0.441360 -0.021411 
0.324389 -0.875100 0.010849 
-0.327197 0.872279 0.005849 
0.550978 -0.741545 -0.026380 
-0.957739 -0.124143 0.025478 
-0.626717 -0.720555 0.008209 
-0.678450 0.692724 -0.026457 
0.023894 0.895662 -0.024610 
-0.902345 0.245602 0.005245 
0.866389 0.269795 -0.026465 
0.666204 0.682895 0.009103 
-0.713437 0.639774 0.021640 
0.867737 0.366258 0.005019 
-0.374709 -0.915232 -0.021545 
-0.981155 -0.015137 -0.024837 
0.573295 0.756632 0.006809 
-0.702698 -0.638746 -0.026465 
0.900272 -0.120080 -0.026465 
0.836116 -0.455934 0.007626 
-0.827182 0.476237 0.017873 
0.880213 0.444733 -0.021693 
0.346566 -0.861672 -0.026465 
-0.738535 -0.573013 0.009907 
-0.921766 -0.116808 -0.026465 
0.919157 0.099237 -0.026465 
0.803190 -0.494578 0.005400 
-0.335215 -0.910353 0.025379 
-0.130372 0.971959 -0.023137 
-0.293330 0.932239 -0.025805 
-0.939903 0.004866 0.004887 
0.741785 0.567177 0.008946 
-0.225053 -0.886760 -0.026465 
0.006194 -0.923101 -0.026465 
-0.628865 0.643101 -0.026389 
0.803135 -0.587542 0.025427 
-0.305927 0.830845 0.021612 
0.953012 0.027175 0.006717 
0.865608 -0.259878 -0.023644 
0.086820 0.955705 0.022343 
-0.786420 -0.538581 0.007901 
-0.919099 0.077956 -0.026465 
0.592728 0.716711 0.008148 
0.176368 0.908463 0.009849 
0.469442 0.833918 0.013633 
-0.650612 -0.623192 -0.023717 
0.233667 0.942804 -0.026465 
-0.101149 -0.984689 -0.010913 
-0.440408 -0.786174 -0.019902 
0.118229 0.914757 0.012667 
0.281476 -0.919621 0.010527 
0.726375 -0.537558 -0.019504 
-0.967493 0.169580 -0.013394 
-0.505570 -0.810689 0.007903 
0.248768 -0.871063 -0.024561 
0.521072 0.805026 0.016026 
0.981775 -0.177317 0.021781 
0.772468 0.442714 0.014822 
0.950328 0.093884 0.007793 
0.730363 0.643389 -0.026465 
0.136313 -0.925534 0.008575 
-0.815265 -0.549952 -0.025502 
-0.030096 -0.967513 0.022812 
-0.914227 -0.071127 0.024655 
0.260466 0.880151 -0.026465 
0.690432 -0.650295 0.005019 
0.905861 -0.350503 0.024764 
-0.678668 0.581366 -0.018687 
-0.253929 0.947874 -0.008477 
-0.837695 0.424677 -0.026404 
-0.528209 0.769835 0.005281 
-0.157167 0.954401 0.025711 
0.380731 0.822336 -0.026465 
-0.935129 -0.307954 -0.014374 
0.906786 0.396756 0.001666 
-0.777306 0.525406 -0.026409 
-0.499847 0.802735 0.006657 
0.359565 0.888805 0.018092 
0.009259 -0.980147 -0.026465 
-0.731637 -0.594571 -0.026465 
0.479573 -0.877028 0.013507 
0.448510 -0.823894 -0.026353 
0.702522 0.641589 0.007510 
-0.205041 -0.895930 0.025683 
0.154284 -0.978579 -0.005258 
0.076605 -0.940661 0.005231 
-0.619768 -0.652626 -0.011178 
-0.777111 -0.607727 -0.018075 
0.809131 0.482908 0.005019 
0.813589 -0.529847 -0.026465 
0.921349 -0.308880 -0.026465 
-0.415603 0.852682 0.008297 
-0.890722 -0.329374 0.006808 
0.922504 0.268085 0.013761 
0.042037 0.980519 -0.015038 
0.924510 0.210012 0.005400 
-0.769422 -0.473912 -0.026236 
-0.141437 -0.977901 -0.024684 
0.435507 -0.814483 0.024906 
0.924198 -0.227108 0.005814 
-0.382195 0.799840 0.004245 
0.066066 0.920767 0.011705 
-0.682334 -0.631750 0.012620 
0.882038 0.183494 -0.012796 
0.567316 0.718261 -0.026465 
0.213239 -0.970365 0.025669 
0.810952 0.400902 -0.026340 
-0.451998 0.805982 0.009744 
0.129265 0.973351 -0.021878 
-0.870815 -0.188664 0.024601 
-0.880867 0.158966 -0.013782 
-0.464640 -0.881868 0.020363 
0.102947 -0.907816 -0.026465 
-0.946770 0.113722 0.012516 
0.866799 -0.334233 0.014552 
0.954190 -0.291845 0.005934 
-0.316071 -0.890341 -0.026465 
0.468408 0.778323 -0.026465 
0.232607 -0.949965 -0.026465 
-0.585599 -0.722463 0.010690 
0.812595 0.557963 -0.006285 
0.872429 0.319564 0.014677 
0.194004 -0.882759 -0.011632 
-0.046372 0.884491 0.018704 
0.917173 0.006174 -0.026465 
0.698628 0.574340 -0.026465 
-0.905751 0.399566 0.009290 
-0.280325 -0.948619 -0.010453 
-0.906965 -0.243166 0.005019 
0.535718 -0.747099 0.025733 
0.742370 0.546849 -0.026465 
-0.767670 0.481775 -0.026455 
-0.303216 0.906987 0.017086 
0.858920 -0.420471 -0.026396 
0.585716 0.790563 -0.018230 
-0.666091 -0.706515 -0.026465 
-0.270337 -0.879575 0.025637 
-0.178435 0.876259 -0.017007 
0.879167 -0.159780 0.013303 
0.167258 0.974896 0.004889 
-0.012238 -0.930154 0.013374 
-0.937192 0.030413 -0.026465 
0.100724 -0.985270 -0.013152 
-0.279857 0.848701 -0.016514 
-0.892928 -0.393092 -0.026465 
-0.721457 -0.623134 0.007841 
-0.667634 -0.686710 0.010622 
0.640741 0.753710 0.002759 
0.621369 -0.781271 0.004493 
0.489414 -0.803342 0.006192 
0.718591 -0.694835 0.017912 
-0.609428 0.732018 0.011435 
-0.817367 -0.434047 0.016753 
-0.517592 -0.793758 -0.026465 
-0.895066 -0.040434 -0.007126 
-0.537541 0.713615 -0.012718 
0.490338 0.850164 -0.025059 
-0.657370 0.727773 -0.010210 
-0.805915 -0.396138 -0.013871 
-0.702794 0.646312 -0.026412 
-0.359837 -0.860228 0.009567 
-0.730111 0.568381 0.008661 
0.921244 -0.352324 -0.025919 
-0.637203 0.615263 0.005658 
0.002062 0.981779 -0.005849 
-0.849702 0.507566 0.008403 
0.930670 -0.121845 0.006182 
0.902617 -0.037762 -0.024772 
0.695816 0.561342 0.025413 
-0.887625 0.005912 0.021865 
0.368320 0.911277 -0.013960 
0.399324 0.794325 0.023804 
-0.479122 -0.770704 -0.026465 
0.780136 0.602467 -0.007608 
-0.099682 -0.968523 0.025746 
-0.789153 0.459287 0.025382 
-0.929011 0.317863 -0.013374 
0.737711 0.504322 0.025170 
-0.884816 0.063224 0.010811 
0.842003 0.293647 0.010318 
-0.226774 0.897903 0.008367 
-0.427834 -0.849048 -0.026465 
0.286416 0.841287 0.024065 
-0.046264 -0.987787 -0.023992 
0.699539 -0.696056 -0.026045 
-0.952454 0.239383 -0.014955 
-0.216164 -0.951825 -0.026465 
-0.190606 0.933229 -0.026431 
0.337520 -0.909586 0.023555 
0.693768 -0.579422 -0.001716 
-0.849644 0.387567 -0.026465 
-0.974970 0.122029 -0.021331 
-0.972389 -0.149366 -0.004182 
0.932625 -0.187443 -0.026465 
0.829442 -0.517805 0.025720 
0.068150 0.945562 -0.026465 
-0.167256 -0.936906 -0.026465 
0.183669 0.946476 0.025565 
-0.539902 -0.751184 0.018484 
-0.879650 0.237042 -0.026465 
-0.757654 0.558829 -0.026404 
-0.967369 -0.213289 0.024213 
-0.890034 -0.110291 0.025729 
-0.258503 0.925428 0.024873 
0.901756 0.254373 -0.026465 
0.668204 0.586843 0.016722 
-0.991358 0.015699 0.014656 
0.526891 0.767609 0.007266 
-0.558988 0.816273 0.009818 
0.277477 -0.954810 0.025650 
0.147328 -0.886190 0.002888 
-0.374036 0.907047 -0.010140 
-0.950682 -0.032295 0.008539 
0.363850 -0.827820 -0.020685 
-0.246033 -0.905275 0.006508 
0.879503 0.150506 0.007240 
0.680051 0.711887 -0.017794 
-0.922556 0.208522 0.006233 
0.630761 -0.647384 -0.014624 
0.961586 -0.233935 -0.009669 
0.299226 -0.853156 -0.014617 
-0.246992 0.850063 0.014272 
0.960197 -0.040643 -0.026465 
-0.880335 -0.247918 -0.026465 
0.761611 -0.486122 -0.004386 
-0.541120 -0.719678 -0.011083 
-0.412011 -0.792093 0.014921 
0.203222 -0.937312 0.008437 
0.744898 0.610350 0.021965 
-0.122002 0.897718 0.025715 
0.874542 0.403200 0.020421 
0.491703 0.744043 0.002675 
-0.634025 -0.757461 0.025746 
-0.440442 0.830920 -0.026439 
-0.637030 -0.667781 0.021542 
0.587540 0.667030 0.006806 
-0.964362 -0.186107 -0.024794 
0.680800 -0.731788 0.017331 
-0.024435 -0.902628 -0.008797 
-0.981266 -0.068243 -0.016987 
0.556276 -0.792057 -0.026353 
-0.711512 -0.549747 -0.021191 
0.240282 0.881246 0.025607 
0.644916 -0.721851 0.021774 
-0.327534 0.933246 0.006632 
-0.073123 -0.891218 0.011270 
-0.778025 0.423457 0.022056 
-0.949879 0.072368 0.010828 
0.480460 0.792990 0.009644 
-0.146338 0.933929 -0.026465 
0.156488 0.881034 -0.014318 
-0.284144 -0.846993 0.011741 
0.573618 -0.699565 -0.022724 
0.922833 0.003231 0.024415 
-0.870785 0.307206 0.011445 
-0.870921 -0.478167 0.006186 
0.375347 0.855072 0.005873 
-0.172817 -0.983133 0.015938 
0.069303 0.988239 0.019359 
-0.095979 -0.923142 0.016177 
0.634348 -0.760392 -0.023152 
-0.835994 -0.519341 -0.024261 
-0.857094 -0.411109 0.007120 
-0.910460 0.367328 -0.013013 
0.975947 -0.154235 -0.023782 
-0.791373 -0.467375 0.024579 
0.525343 0.830221 -0.023579 
-0.679397 0.691352 0.025746 
0.972671 0.162915 -0.024391 
0.997108 0.009873 0.007474 
0.425257 0.882045 0.025746 
0.907550 0.309495 0.011284 
-0.807567 -0.580462 0.013226 
0.946251 0.281236 -0.017586 
0.841703 0.514966 -0.000568 
0.867654 -0.434296 0.023845 
0.236814 -0.900857 0.012401 
0.259663 -0.913630 -0.026465 
-0.716297 0.520796 0.006482 
0.117914 0.983451 0.011401 
0.930004 0.330688 -0.009037 
0.846283 -0.367388 -0.026465 
0.966185 0.064627 0.024605 
0.243255 0.942474 0.025746 
-0.449708 0.881179 0.009645 
-0.558914 0.686494 0.016446 
-0.279625 -0.899553 -0.026465 
-0.406377 -0.904458 0.001588 
0.639901 0.715366 0.016692 
0.792152 -0.529134 0.007770 
-0.353644 0.839071 -0.026453 
-0.569622 -0.703154 -0.026160 
0.421438 -0.800038 -0.020862 
0.649529 0.650858 0.023337 
-0.208675 0.958571 -0.005271 
-0.455271 0.769930 -0.023476 
-0.212629 -0.974961 0.007198 
-0.701779 0.553631 -0.018284 
-0.592704 0.667849 -0.000002 
0.477791 -0.793062 -0.026353 
0.882853 -0.375108 0.011934 
-0.922089 -0.107724 0.008391 
0.847789 -0.456804 -0.026432 
-0.945918 0.293304 0.008737 
-0.471865 -0.797191 0.016109 
0.347041 0.846048 -0.026465 
0.983307 -0.106009 -0.014034 
-0.948733 -0.263579 -0.002774 
0.576126 0.787020 0.025746 
-0.828859 0.524669 -0.018303 
-0.938342 -0.326498 0.019529 
-0.152734 0.914496 0.007965 
0.449566 -0.883316 -0.008946 
-0.797668 0.585572 0.008987 
-0.732758 -0.505486 0.016467 
0.225456 0.872066 -0.026422 
0.316697 0.930447 -0.015202 
0.900804 -0.411326 -0.005777 
0.986106 0.144549 0.009652 
0.967119 0.201322 -0.011762 
0.898874 0.067463 -0.010118 
-0.316016 -0.946754 0.017301 
0.325729 0.893600 0.008457 
-0.699296 0.596005 0.015870 
0.919998 0.116306 0.014861 
-0.602661 -0.733902 -0.026465 
-0.911050 -0.227694 -0.026465 
-0.753140 -0.475123 0.006626 
0.360039 -0.848744 0.025653 
0.871749 -0.202411 0.005053 
-0.700832 -0.707380 0.007286 
0.911416 0.216604 -0.026465 
-0.890456 0.336199 0.012668 
0.887584 0.409984 -0.026465 
0.870852 0.193058 0.018956 
-0.545669 -0.772889 -0.026465 
-0.838496 0.286563 0.014427 
-0.015500 0.945550 0.006285 
0.993371 -0.060551 0.024620 
-0.844879 -0.366506 -0.026465 
-0.894181 -0.319393 -0.026465 
-0.849784 -0.355904 0.020200 
-0.486664 0.860988 0.006194 
0.949529 -0.213675 0.025672 
0.944563 0.178256 0.013585 
-0.835303 0.396300 0.009655 
-0.089787 0.953841 0.020322 
0.797556 -0.422142 0.000419 
-0.786663 0.534682 0.014968 
-0.372012 0.883565 0.022678 
0.698175 -0.637639 -0.026407 
0.863845 -0.484698 -0.007796 
0.087383 -0.892474 0.004043 
0.900515 0.025794 -0.000037 
0.840211 0.406158 0.009113 
0.655053 -0.623092 -0.001774 
0.192328 -0.925752 -0.026465 
0.614857 0.646087 0.003466 
0.768813 0.466364 -0.010142 
0.586673 -0.712587 0.025538 
0.954605 0.274734 0.024640 
0.566683 -0.760961 0.005019 
0.760174 -0.648994 0.015603 
-0.657174 -0.601560 0.019163 
0.250280 -0.965998 0.004270 
0.102662 0.945678 -0.026465 
0.931872 -0.264010 0.022566 
0.030878 0.934800 0.005136 
-0.885982 -0.269315 0.012787 
-0.841142 -0.440722 -0.026465 
0.922229 0.077701 0.019176 
-0.794462 0.391385 0.007814 
-0.381895 -0.807004 0.007770 
0.900002 0.329418 -0.026465 
-0.932352 -0.167773 0.006189 
-0.846113 -0.522115 0.008362 
-0.845726 0.435466 0.009697 
0.035325 -0.902452 -0.008251 
0.846929 -0.313622 -0.006592 
-0.621799 0.677129 0.015406 
-0.213436 -0.921820 0.005019 
0.773024 -0.557066 -0.026465 
0.927904 0.137785 -0.026465 
-0.908961 0.131011 0.021519 
0.534744 0.720098 -0.003109 
0.257774 -0.872280 0.025746 
-0.076788 0.912031 0.024137 
-0.532505 0.801919 0.025644 
-0.500305 -0.738945 0.007262 
0.404349 -0.905955 -0.000159 
0.164743 -0.945638 -0.026465 
-0.392850 -0.867617 0.006127 
-0.725180 -0.669312 -0.001918 
0.791359 0.552903 0.024560 
0.818526 -0.381715 -0.009386 
0.520760 -0.853247 0.011498 
0.419526 0.826283 -0.026465 
-0.593825 -0.757544 0.016010 
-0.359954 -0.834911 -0.026465 
-0.349728 -0.932552 0.004434 
0.889432 -0.259840 0.019655 
0.789682 -0.609734 0.003890 
-0.844670 -0.275841 0.012820 
0.842376 -0.520938 -0.008732 
-0.634248 -0.717402 -0.026465 
0.527472 -0.815638 0.024706 
0.463159 -0.828382 0.005019 
-0.742274 0.494759 0.000772 
0.587282 -0.735711 -0.026419 
-0.745380 0.649908 0.022910 
-0.414888 0.875943 -0.026382 
-0.833776 -0.309508 0.007002 
0.328929 0.823719 0.011941 
0.927863 -0.154283 -0.026465 
-0.470199 -0.758792 0.006902 
-0.030999 -0.998170 0.009435 
-0.037446 0.935941 -0.026411 
0.354077 -0.928367 0.001370 
0.857219 0.245834 0.014826 
0.896898 -0.095463 -0.004106 
-0.916290 0.225008 -0.026465 
0.612102 0.745795 0.025238 
0.988248 -0.029903 -0.007438 
-0.284083 -0.956047 0.021857 
0.660662 -0.650970 0.019948 
0.802748 0.474132 -0.026465 
-0.765161 -0.531872 -0.026465 
0.032386 -0.971404 0.025518 
0.847077 -0.367128 0.025185 
0.830673 0.428805 -0.026465 
0.910187 -0.155018 0.024185 
0.810319 -0.443826 0.024682 
0.777832 0.618260 0.021481 
0.099991 0.889013 -0.005178 
-0.570411 -0.688556 0.003597 
-0.381662 0.857227 0.005019 
-0.124855 -0.948300 0.007518 
-0.776705 -0.572309 0.023524 
0.872891 0.375148 -0.026465 
-0.079628 -0.932811 -0.026465 
0.070772 -0.948227 -0.026465 
-0.063961 0.892125 -0.013467 
0.734613 0.658420 0.025746 
0.279534 0.850629 -0.017628 
0.415463 -0.872494 0.016333 
-0.397655 0.826986 0.018933 
0.620368 -0.756096 0.025746 
-0.893852 0.373720 0.025732 
-0.923284 -0.194469 -0.026465 
0.841895 0.375523 0.023063 
-0.095052 -0.898698 -0.023820 
-0.507110 -0.825831 -0.026465 
0.810643 0.515158 0.015793 
0.516053 -0.742514 -0.003893 
0.482148 0.865068 0.023958 
0.634803 -0.679349 -0.026451 
-0.509506 -0.851679 0.002511 
-0.822504 -0.464901 0.005124 
-0.242749 -0.959391 -0.006264 
0.203956 0.927824 0.008151 
-0.944572 0.176290 0.023429 
0.617845 -0.714816 0.005092 
0.740454 0.539305 0.025715 
0.928172 -0.226914 -0.026465 
-0.009124 0.958258 -0.026444 
-0.826634 0.341726 -0.013868 
-0.363863 -0.891926 0.015156 
-0.948562 -0.080587 -0.026465 
-0.328742 0.869643 -0.026399 
0.056485 0.892953 -0.012619 
-0.914210 0.170530 -0.026465 
0.468332 -0.788471 0.025746 
0.572957 0.758538 -0.026465 
0.712341 -0.592594 -0.026379 
-0.113892 0.943693 -0.026465 
-0.869765 0.242393 0.025746 
-0.872384 0.277787 0.024430 
0.290502 -0.880403 0.020728 
0.928706 -0.085873 0.009399 
0.905524 -0.032434 0.025730 
-0.911114 -0.060354 -0.026465 
0.607812 -0.668492 -0.000023 
0.030954 -0.948328 -0.026465 
0.378291 -0.857228 -0.026465 
-0.575100 0.751167 0.006973 
-0.941316 -0.080738 0.005616 
-0.891698 0.430461 0.014934 
-0.194203 0.963773 0.025746 
-0.632687 0.749683 -0.001466 
-0.196026 -0.880865 -0.002072 
-0.565293 -0.769006 0.007594 
0.435677 0.773316 0.016382 
-0.565506 -0.819457 0.005598 
-0.681986 -0.573105 0.009126 
0.736038 -0.561001 0.023570 
0.892880 -0.277062 -0.026465 
-0.798026 -0.506498 0.005154 
-0.877722 -0.134800 0.009493 
-0.953319 -0.131141 -0.026465 
-0.909079 -0.380176 -0.002438 
0.102448 -0.924543 0.013962 
0.272178 0.869501 0.025737 
0.712529 0.679997 -0.009651 
0.581322 -0.802534 -0.008173 
0.993572 -0.090419 0.014308 
0.699757 -0.593882 0.025715 
0.256679 0.948758 -0.002108 
-0.950727 -0.285883 0.020815 
0.030045 -0.919819 0.025645 
0.877905 -0.349460 -0.026465 
-0.890367 -0.224299 0.023983 
-0.254471 -0.865535 -0.000436 
-0.891111 -0.047092 0.025581 
0.002881 0.894784 -0.001233 
0.565348 0.726655 0.019991 
-0.434135 0.772588 0.004534 
-0.981454 0.057740 -0.005838 
0.856237 -0.276055 0.001624 
0.131081 -0.921810 -0.026465 
0.860067 0.447766 0.025746 
0.682142 0.617306 0.023366 
-0.312245 -0.837160 0.021760 
0.386477 0.829733 0.025271 
-0.601832 0.696727 -0.026435 
0.309135 0.921700 0.025746 
0.691479 0.669335 0.021822 
-0.903193 -0.179911 0.018700 
-0.409650 -0.880702 -0.026465 
-0.338331 0.817822 0.020412 
-0.884460 -0.453472 0.019924 
-0.067399 0.926748 -0.026435 
-0.985665 0.061979 0.025402 
0.840384 0.321444 -0.004015 
0.759155 0.621296 -0.026131 
-0.483285 0.741375 0.007106 
-0.712436 0.545077 0.025714 
-0.788918 -0.415486 0.024052 
0.953852 -0.265349 -0.010520 
0.196730 0.928732 -0.026465 
0.472485 -0.765294 0.002675 
0.329327 -0.897187 -0.026465 
-0.869491 0.356325 -0.026465 
0.917470 -0.373143 -0.003121 
0.788654 0.418594 0.003756 
0.984153 0.089682 -0.004760 
-0.632149 0.719680 -0.026451 
-0.209824 0.868726 -0.007106 
0.041828 0.920817 -0.026465 
-0.736371 0.605244 0.012594 
-0.160839 -0.956021 0.024711 
0.933147 -0.025700 -0.026465 
0.732260 -0.630061 -0.026436 
-0.578303 0.759500 -0.026465 
0.987647 0.038128 -0.012948 
0.401446 0.851238 -0.026465 
-0.915500 0.275566 0.015968 
-0.792381 -0.423589 -0.010493 
-0.152987 -0.889423 -0.003289 
-0.130434 -0.909966 0.025730 
-0.243687 0.959019 0.021071 
0.952791 -0.071989 -0.026465 
0.358255 -0.885625 0.006364 
0.454547 0.871548 -0.021864 
0.769991 0.533439 -0.026465 
-0.819045 -0.368528 -0.006643 
-0.868184 0.182383 0.005895 
0.654281 0.622819 -0.026399 
0.889178 0.077155 0.017194 
-0.085333 -0.963691 -0.026465 
0.774243 -0.499280 0.025708 
0.899665 -0.419855 0.025676 
-0.655650 0.669283 -0.026417 
0.921346 0.377698 0.020287 
0.168194 0.917867 -0.026465 
-0.867198 -0.229563 -0.003518 
-0.766881 0.489666 0.025687 
-0.169197 -0.909450 0.022317 
-0.972712 -0.006864 0.025741 
0.658377 0.732273 -0.012399 
0.204013 0.960858 -0.016989 
-0.333503 0.897654 0.020982 
-0.694921 0.665454 0.024876 
0.885557 -0.302347 0.007952 
0.909145 0.242403 0.005221 
0.438384 0.832527 0.005019 
0.741381 -0.590865 0.005019 
-0.097875 0.981575 0.003032 
0.395765 -0.841591 0.015073 
-0.189836 0.881489 0.025695 
-0.893356 -0.415067 -0.005919 
-0.460494 -0.864650 -0.026465 
-0.505207 0.763331 0.023480 
0.928498 0.043793 0.011732 
-0.838362 0.356222 0.025649 
0.169909 -0.984525 0.020220 
-0.757256 -0.542559 0.013268 
-0.340977 -0.873767 -0.026465 
0.762478 0.586287 0.019467 
-0.776217 0.443224 -0.000256 
0.922409 -0.320932 0.025746 
-0.352204 0.855029 0.009188 
0.936902 0.336841 0.019316 
-0.890455 0.093408 -0.000373 
0.310087 -0.911290 0.011393 
-0.656716 0.593343 0.010821 
0.451271 0.856717 0.025746 
-0.049441 -0.925673 0.019528 
-0.664669 -0.657110 0.010571 
0.894911 0.106013 -0.006304 
-0.720489 0.622081 -0.026389 
0.498781 0.772708 0.021367 
0.690075 -0.711522 -0.002484 
0.119307 -0.895816 -0.004797 
0.945673 0.019226 -0.026465 
-0.399619 0.872855 0.024354 
0.107713 -0.953227 0.008696 
-0.237875 -0.935462 0.017852 
-0.451690 -0.831581 -0.026465 
-0.137928 0.978809 0.004915 
-0.539399 -0.783152 0.005984 
0.559662 -0.795297 0.025450 
-0.795335 0.496124 -0.026410 
-0.390775 0.807003 -0.025746 
-0.197506 -0.919205 -0.026465 
0.902447 -0.095449 0.025746 
0.191377 0.874623 -0.001199 
-0.290202 -0.890764 0.007010 
0.060563 -0.995815 0.004348 
-0.002658 -0.957396 0.007814 
0.761286 -0.526930 0.023083 
-0.982577 0.129885 0.007244 
0.975014 0.016347 0.025746 
0.619571 -0.734273 -0.026390 
0.291926 0.875767 -0.026465 
0.797120 -0.471493 0.022519 
-0.468983 0.844703 -0.026445 
0.850245 -0.334954 -0.026465 
0.027302 -0.998178 0.006670 
0.897983 -0.227795 0.018935 
-0.798524 0.406199 -0.024072 
0.811559 0.385607 0.000187 
0.495375 0.818744 0.013383 
-0.395196 -0.848714 -0.026465 
-0.274408 0.907755 0.007983 
-0.280105 0.839525 0.011235 
-0.649992 -0.720099 0.025746 
-0.948294 -0.191343 0.025745 
-0.946499 0.106243 -0.026465 
-0.808588 0.558310 0.025674 
-0.243648 0.881150 0.025098 
-0.616941 -0.688999 0.017125 
0.133737 -0.978514 -0.025790 
0.588883 0.693933 0.025746 
-0.895639 0.014871 -0.007890 
0.437219 -0.785518 0.025349 
0.313069 -0.839423 0.022532 
0.528402 0.837930 0.004494 
0.956365 0.209599 0.025746 
-0.253985 -0.885981 -0.026465 
-0.985099 -0.117216 0.019156 
-0.494068 0.783138 -0.026465 
-0.435713 -0.897225 0.019402 
0.218376 -0.966461 -0.002452 
-0.926163 -0.047483 0.008811 
-0.958779 0.055129 -0.026465 
0.220694 -0.876257 -0.020672 
-0.940909 0.150172 0.011873 
0.664240 0.678226 -0.026465 
0.846655 -0.422562 0.005019 
0.900037 0.142429 0.025709 
-0.851275 0.488645 -0.016711 
0.738091 -0.662811 -0.000496 
0.539391 -0.767881 -0.026353 
0.105621 -0.993372 0.020610 
0.697146 0.707192 0.021974 
0.235203 0.899053 -0.026465 
-0.655427 -0.736611 -0.024061 
-0.905392 -0.390558 0.025650 
0.519889 -0.793207 -0.026353 
0.006425 0.987257 0.025002 
0.396840 0.803350 -0.012258 
0.223218 0.857983 0.016229 
-0.749691 0.504060 -0.026459 
-0.905706 0.143189 -0.026465 
0.669779 -0.632691 -0.026371 
-0.152448 0.880739 -0.004039 
0.806762 -0.491378 -0.026465 
-0.857942 -0.328848 0.024265 
-0.678709 0.713709 0.002472 
-0.061422 0.956524 0.021795 
-0.878528 -0.169611 0.000917 
-0.339102 -0.879307 0.005183 
-0.866266 0.294208 -0.026465 
-0.117209 0.888866 -0.025103 
0.545244 0.791158 0.021950 
0.895364 -0.046356 0.003053 
0.843887 -0.396282 -0.026431 
-0.961510 -0.209821 -0.005309 
0.393635 0.873985 0.016631 
0.113325 0.878919 0.017781 
-0.061034 0.979721 -0.011574 
-0.626940 -0.675440 -0.026465 
-0.982480 -0.035443 -0.005070 
0.012882 0.917108 0.022463 
-0.851736 -0.485602 0.025699 
0.510333 -0.783059 0.009634 
-0.637251 0.635250 0.025746 
0.834604 -0.321394 0.017681 
-0.192290 0.936608 0.015904 
0.890095 -0.147578 -0.009729 
0.886358 0.344281 0.006311 
-0.823920 -0.365796 0.025715 
0.429554 -0.845117 -0.026406 
-0.427556 0.820049 0.009205 
-0.587506 -0.801484 0.024539 
-0.516060 0.730803 -0.023296 
-0.926047 0.255213 -0.026465 
-0.796730 0.462757 -0.026415 
-0.303935 -0.915745 -0.026465 
-0.960762 0.241619 0.011846 
-0.680230 -0.712515 0.025746 
-0.850290 -0.306850 -0.026465 
-0.056011 -0.948034 -0.026465 
0.209476 0.900434 0.010903 
0.714255 0.551023 -0.026063 
0.813327 -0.372600 0.018248 
-0.911916 0.295099 -0.026465 
-0.010130 -0.990306 -0.007564 
-0.723465 0.667159 0.025679 
0.902695 -0.329789 -0.026465 
0.924968 0.151106 0.006145 
-0.738778 -0.546052 -0.026465 
0.603822 -0.677893 -0.026092 
-0.910217 -0.321629 0.025243 
-0.793576 -0.585191 -0.017522 
0.204005 -0.880895 0.025746 
-0.522155 -0.723145 0.014414 
0.808388 -0.560161 0.025718 
-0.869140 0.212817 -0.017537 
0.672306 0.651662 0.007295 
-0.750281 0.616907 -0.026360 
-0.532396 0.823462 -0.012870 
0.913856 0.186808 -0.026465 
0.985680 -0.154218 0.006818 
-0.990277 -0.057471 0.014010 
0.561186 0.808138 -0.019796 
0.788573 0.462839 0.025746 
-0.807575 -0.479445 -0.026465 
0.901827 0.203058 0.019820 
-0.080715 0.932545 0.005019 
-0.942080 0.175837 -0.026465 
0.619465 0.764830 -0.011099 
-0.476932 -0.828251 0.008099 
-0.376439 -0.832160 0.025672 
0.346735 0.867750 0.005650 
-0.836849 0.456625 -0.026368 
0.716285 0.616178 -0.026465 
-0.185942 -0.923483 0.005469 
0.778185 -0.576303 0.022254 
-0.848855 -0.384868 0.008489 
-0.946766 0.004601 -0.026465 
-0.614069 -0.646025 0.018819 
0.868588 0.466951 -0.009702 
-0.257592 0.904238 -0.026465 
0.973572 -0.213904 0.004800 
0.163674 -0.923918 0.007112 
0.959816 -0.052319 0.012257 
-0.033829 -0.928733 -0.026465 
-0.340023 -0.903676 -0.026465 
-0.537398 0.702937 0.020455 
-0.634884 0.747792 0.025746 
0.057086 -0.923412 0.023752 
-0.988753 -0.009028 0.003300 
0.537911 0.711240 0.025220 
0.164853 0.936267 0.008592 
0.622071 0.685285 -0.026465 
0.880686 -0.471493 0.009154 
0.849543 0.502460 0.025746 
0.832297 0.469213 0.009388 
-0.310397 0.891279 -0.026419 
0.833774 -0.482651 0.017493 
-0.319512 0.854065 0.025666 
0.610367 -0.683728 0.025685 
0.708876 -0.560633 -0.014259 
-0.852562 -0.495286 -0.005757 
0.503046 -0.854107 -0.016837 
-0.555216 0.791707 -0.026465 
-0.872091 0.432593 -0.026454 
-0.425789 -0.850191 0.005805 
0.666085 0.704329 0.025746 
0.960619 0.088847 -0.026465 
-0.868641 -0.417750 -0.026465 
-0.838841 0.362500 -0.026465 
-0.632530 0.702688 0.006639 
-0.497979 0.811476 -0.026465 
-0.313426 -0.904653 0.008444 
-0.218188 0.891955 -0.026417 
0.959022 -0.163170 0.025698 
-0.917437 0.104979 -0.026465 
0.515480 0.779131 -0.026465 
-0.580714 0.800403 0.006904 
-0.930607 0.030420 0.006486 
0.725535 0.628009 0.015394 
0.744727 -0.511864 -0.013898 
0.901342 0.043727 -0.023625 
-0.047884 0.910480 0.025746 
-0.749748 0.547899 0.006909 
-0.675739 -0.638980 -0.026465 
-0.767673 -0.623719 0.001450 
0.853912 0.269614 0.002594 
-0.895031 -0.129235 -0.026465 
-0.585606 0.720201 0.007164 
0.468419 0.818691 -0.026465 
0.834580 0.501369 -0.026465 
-0.524745 0.742109 0.025638 
-0.109306 0.886254 0.000413 
0.648112 -0.620486 0.024010 
0.769784 -0.602014 -0.026453 
-0.483189 -0.870557 0.004666 
0.875037 -0.285234 0.025685 
0.645196 0.740020 0.025746 
0.785415 -0.446207 -0.002139 
-0.462660 0.760066 0.002274 
0.873434 -0.227575 -0.003949 
0.405557 -0.807980 -0.000846 
0.811669 0.426657 0.025708 
0.906893 -0.195768 -0.026465 
-0.716132 0.669185 -0.022849 
0.922337 0.271348 -0.026465 
-0.943787 0.221266 0.025746 
0.214030 0.945134 0.025746 
-0.803335 0.531098 -0.026373 
-0.398270 0.896088 -0.011650 
0.303296 -0.946377 0.001499 
-0.961095 -0.236312 0.003439 
-0.901942 0.159800 0.024509 
0.639393 0.747119 -0.023625 
-0.731090 0.559562 -0.026434 
-0.558454 0.724569 -0.026465 
0.955191 -0.118886 0.015912 
-0.230372 0.941523 -0.026456 
-0.705370 0.620750 0.005019 
-0.030392 -0.947559 0.005019 
0.572240 -0.819100 0.022061 
0.304230 0.834028 0.005895 
0.487633 -0.820998 -0.026353 
0.305192 0.869775 0.014768 
0.420263 0.894061 0.002761 
-0.446559 -0.800413 0.025653 
0.673903 0.593427 -0.014402 
0.672062 -0.591447 0.007270 
-0.165090 0.915381 -0.026433 
-0.921347 -0.347318 -0.010346 
0.152699 -0.898240 0.025700 
-0.452294 -0.859220 0.025744 
-0.749678 -0.626929 0.025746 
0.866093 0.342356 -0.026465 
0.103746 0.935339 0.005019 
0.939084 0.208055 -0.026465 
0.961049 0.227492 -0.009090 
0.721751 -0.529315 0.011898 
0.587050 -0.772745 0.024349 
0.924555 -0.190054 0.005019 
0.855700 0.490919 -0.002725 
0.452076 -0.873032 0.025746 
0.827553 -0.440207 -0.026449 
0.392427 0.901287 -0.015927 
0.295163 -0.923789 -0.026465 
0.990442 -0.119781 0.007018 
0.016173 0.954765 0.013421 
-0.920027 0.341710 -0.019130 
0.155065 0.969315 -0.021533 
0.955978 -0.013858 0.007882 
0.885438 0.287583 -0.026465 
-0.969945 -0.186296 0.002077 
0.994560 0.071618 0.017409 
-0.535912 -0.740006 -0.026465 
-0.986645 -0.091562 0.023156 
0.093826 0.982060 0.025337 
0.406811 -0.905358 0.025693 
0.466391 0.765952 -0.003726 
0.809122 -0.571584 -0.004677 
-0.593321 0.672109 -0.025600 
0.175565 -0.877825 0.020579 
0.540280 -0.812485 -0.026353 
0.320308 -0.872864 -0.026465 
0.755528 0.486326 -0.000256 
-0.852608 0.334689 -0.026465 
-0.165144 0.975691 0.013264 
0.789933 -0.426090 0.024873 
-0.824462 0.394740 -0.026415 
0.005194 0.891193 0.025624 
0.693389 0.568573 0.000698 
0.605938 0.662852 0.025746 
0.975137 0.169153 0.000570 
-0.719410 -0.658455 -0.026465 
-0.482334 0.821106 0.011431 
-0.613901 0.649716 -0.006414 
-0.972994 0.114620 0.025732 
0.254729 -0.864494 0.001320 
-0.188460 0.898111 -0.026381 
0.040637 0.955911 -0.026465 
0.910675 -0.259995 0.005019 
0.537504 0.822366 0.025746 
0.844935 0.314155 0.025663 
0.165814 0.870806 0.007432 
-0.604170 -0.759855 -0.026465 
0.699993 -0.711614 0.023964 
-0.392031 0.860690 -0.026416 
0.595282 0.794404 0.010197 
-0.724300 -0.553513 0.025722 
0.750467 0.571274 -0.026465 
0.653504 -0.701349 0.008005 
-0.363968 0.816247 -0.003460 
-0.791929 -0.560673 -0.026465 
0.736043 -0.626104 0.017626 
-0.782623 0.605889 0.019334 
0.171951 -0.974189 -0.024128 
0.951426 0.054129 0.006411 
-0.956123 -0.020524 -0.026465 
-0.601860 0.774413 -0.020049 
-0.159196 -0.908486 -0.026465 
0.251170 0.921204 -0.026465 
0.891830 0.422393 -0.004446 
0.670830 0.642369 -0.026465 
-0.907008 0.063907 0.025673 
-0.071838 -0.986794 -0.023216 
-0.317962 0.928025 -0.020232 
-0.505234 0.841295 -0.000721 
-0.865566 0.258416 -0.026465 
-0.923800 0.235476 0.014828 
0.770748 -0.629724 0.002510 
-0.875255 -0.294006 -0.026465 
0.635353 -0.709486 -0.026403 
0.089524 -0.965581 -0.026465 
-0.934821 -0.129621 0.005222 
0.973029 -0.180385 -0.003425 
-0.300247 0.860458 -0.026374 
-0.890004 0.291696 0.005019 
-0.914694 -0.267202 0.008728 
0.873473 -0.405171 0.014218 
-0.580699 0.712102 -0.026465 
-0.114113 -0.991338 0.022542 
0.856420 -0.514736 0.011621 
-0.898078 0.207661 0.013278 
0.917955 0.363021 -0.002217 
0.346283 -0.923441 -0.026216 
0.114505 0.919613 -0.026465 
-0.891460 0.038053 0.001793 
0.483290 0.757721 -0.025033 
-0.873305 -0.417291 0.025744 
-0.586466 -0.701894 0.025659 
-0.177703 0.867590 0.008169 
-0.862688 -0.211338 0.016397 
-0.231163 0.925188 0.012478 
0.694079 -0.671237 -0.026436 
-0.302406 0.877643 0.007155 
-0.894810 0.110351 0.025746 
0.417275 0.790383 0.001424 
0.893106 0.008254 0.019931 
-0.969425 0.146966 -0.024757 
0.452610 -0.796210 -0.026353 
-0.504154 0.843254 0.025670 
-0.553369 0.766848 0.006663 
0.232013 0.954651 -0.001717 
-0.024621 0.889108 0.002681 
0.866378 -0.384658 -0.026441 
-0.867354 -0.378162 -0.026465 
0.928772 -0.056270 0.011342 
0.854466 -0.460995 0.024298 
0.604848 0.663241 -0.021522 
-0.860999 0.392967 0.007571 
-0.957000 -0.104855 -0.026465 
0.943929 -0.248445 -0.026465 
0.322560 0.937739 0.011528 
0.028646 0.989659 0.009838 
0.303022 0.912472 -0.026465 
-0.818413 0.341034 0.022777 
-0.035475 0.964025 0.025746 
-0.830447 -0.408248 0.014001 
0.718997 -0.681858 -0.003677 
0.553396 -0.714731 -0.015019 
-0.222688 -0.919343 -0.026465 
-0.758479 0.593327 0.025329 
0.658491 0.609827 0.000117 
-0.966677 -0.161074 -0.025994 
-0.810079 0.505879 0.015092 
-0.975960 0.170720 0.016564 
0.958621 -0.172244 -0.026465 
-0.612049 -0.740491 0.013147 
-0.789873 0.581548 -0.019242 
0.904879 0.404841 0.025361 
0.543426 0.749210 0.011568 
0.516881 -0.731631 0.019723 
0.453032 -0.860148 -0.026407 
-0.013300 0.914826 -0.026443 
-0.591408 -0.678495 -0.018905 
-0.564200 -0.734709 0.015057 
0.939474 -0.104482 -0.026465 
0.796382 0.550864 -0.026465 
0.425657 -0.894966 -0.007337 
-0.511508 -0.786464 0.005982 
-0.836023 -0.326694 -0.016165 
-0.135941 -0.885618 0.024282 
0.879611 0.168000 0.025097 
-0.010176 -0.904076 0.025726 
0.015302 0.976206 -0.026279 
0.255839 0.894895 0.006778 
-0.379983 -0.820054 -0.025305 
-0.336603 -0.860967 0.021857 
-0.739351 0.496205 0.025634 
-0.434181 0.870086 0.025645 
0.537047 0.729750 -0.026465 
0.913544 0.027362 0.025746 
0.062569 0.960523 0.025198 
-0.810334 0.462782 0.005462 
-0.670668 -0.599318 -0.010408 
-0.845365 0.293621 -0.008410 
-0.909109 -0.086079 -0.026465 
-0.688170 -0.616520 -0.026465 
-0.050480 0.908485 -0.026450 
-0.868842 -0.349608 0.005534 
0.737146 -0.605688 -0.026419 
-0.883957 -0.080351 0.013767 
0.859867 0.421204 0.010796 
-0.420872 0.815672 -0.026444 
-0.663712 0.636565 0.014912 
0.896528 -0.252566 -0.026465 
0.085404 -0.928252 -0.026465 
0.012600 -0.931569 0.011677 
-0.147906 -0.984931 0.003818 
0.352417 0.847075 0.023584 
0.825235 0.495021 0.019395 
0.499280 0.847967 -0.002085 
0.047994 0.911176 0.025630 
-0.763322 0.619548 0.001113 
0.327532 0.876304 -0.026465 
0.782777 0.488642 -0.026465 
0.367715 0.919986 0.022575 
0.274308 -0.894575 0.008650 
-0.861819 0.476422 0.001931 
-0.970414 -0.048604 0.025674 
-0.832850 -0.330982 0.025738 
0.903028 0.387947 -0.026033 
-0.933468 -0.269025 0.025721 
0.426841 0.855430 -0.026465 
-0.922890 0.331845 0.025635 
-0.428601 0.882405 -0.007046 
-0.860944 -0.253313 -0.004241 
0.881186 -0.196316 -0.021322 
0.773343 0.562043 0.010579 
0.821788 0.531079 -0.026465 
-0.306213 -0.850984 -0.025192 
-0.915786 0.053022 -0.026465 
0.751872 -0.645518 -0.011151 
0.123173 -0.983174 -0.003456 
0.461569 0.812005 0.005903 
-0.154085 0.961345 -0.026465 
-0.053869 -0.962586 0.014342 
0.498941 0.748379 0.025686 
0.280393 0.943064 0.000268 
0.279355 -0.867366 -0.026465 
0.524935 -0.746499 -0.026353 
0.208778 -0.903951 0.019104 
-0.679367 0.653188 -0.026457 
0.729205 0.662183 -0.010173 
0.858607 0.338712 0.020836 
-0.658112 0.604941 -0.017251 
0.566256 -0.693917 0.009495 
0.632315 0.760721 0.025310 
0.385000 -0.886992 0.018106 
-0.878258 0.126020 0.006595 
-0.692190 -0.660733 -0.026465 
-0.888064 -0.020658 0.005226 
0.387284 -0.816670 -0.018622 
-0.371297 0.821550 -0.026461 
0.705215 0.645546 -0.026465 
0.780433 0.504079 0.013164 
-0.716737 -0.598991 0.010738 
-0.424202 -0.810175 0.025665 
0.355199 -0.927726 0.025634 
-0.275426 -0.931012 -0.026465 
0.419710 -0.829979 0.014884 
0.674529 -0.673398 0.005781 
-0.903224 -0.295797 0.007379 
0.152562 0.913044 0.009604 
-0.547696 -0.798494 -0.026465 
-0.689511 0.601615 -0.026442 
-0.900935 0.386925 -0.023592 
-0.197986 -0.872856 0.023569 
0.179390 0.880171 0.025671 
-0.456534 -0.876686 -0.003619 
-0.791359 -0.597503 0.003176 
0.495798 -0.863631 0.025430 
-0.608932 0.707796 0.005289 
-0.759796 -0.587175 0.014717 
0.445082 0.800113 -0.026465 
0.510471 0.727660 0.005880 
-0.980369 -0.152667 0.018936 
-0.612419 -0.774729 -0.007140 
0.141744 0.980504 0.013900 
-0.348282 -0.831909 -0.005561 
-0.823557 0.543472 0.003072 
-0.576942 0.670794 0.019592 
0.952849 0.259867 -0.008619 
0.935876 0.310812 -0.023985 
-0.769526 0.455656 -0.019761 
0.278556 -0.859716 -0.000703 
-0.752891 -0.490755 -0.011668 
-0.979295 0.081562 -0.003279 
-0.401664 -0.844249 0.007735 
0.622894 0.641048 0.025559 
0.980464 -0.134968 -0.008714 
-0.450171 -0.807130 -0.026465 
0.057854 -0.899036 0.001306 
-0.089357 -0.901444 0.025715 
0.923749 0.289574 0.024404 
0.943556 -0.241006 0.025720 
-0.601538 0.785796 0.008580 
-0.990533 0.040889 0.015056 
0.805773 -0.562121 -0.026465 
-0.358938 -0.925952 0.025551 
0.940055 -0.144994 0.005710 
-0.437070 0.842036 0.008266 
-0.270800 -0.936494 0.025746 
-0.128732 0.953059 0.025205 
-0.102101 0.910720 0.022884 
0.619478 0.710927 0.005019 
0.149439 -0.891094 -0.020794 
-0.268166 0.925705 -0.026465 
0.215722 -0.930761 -0.026465 
-0.256604 0.856081 -0.008916 
0.823566 -0.541673 0.025721 
0.562720 0.698883 -0.013222 
-0.584248 -0.777176 0.025746 
0.830442 -0.388646 0.025706 
0.915153 -0.124656 0.024106 
0.620496 0.730976 -0.026465 
0.737686 0.513821 -0.010450 
-0.807235 -0.560151 0.025746 
-0.941766 -0.286389 -0.006614 
0.389704 -0.909566 -0.024490 
-0.859458 0.409311 -0.026458 
-0.802746 -0.483248 0.007340 
0.490006 -0.759659 -0.012448 
-0.830207 -0.468004 -0.026465 
-0.305510 0.840000 -0.001213 
-0.764702 -0.589238 -0.026465 
-0.703780 0.540808 0.003532 
-0.827196 -0.350949 -0.023182 
-0.924889 0.053293 0.009485 
-0.104822 -0.920380 -0.026465 
0.814237 0.568422 0.023297 
-0.072743 -0.922363 0.022755 
-0.307164 0.928727 0.025746 
0.126608 0.940023 -0.026465 
-0.893671 -0.196438 -0.026465 
-0.764291 0.521473 0.008862 
0.133119 0.885064 -0.014231 
0.032718 -0.971969 -0.026465 
0.637251 -0.661515 0.025735 
0.653827 -0.693462 -0.026441 
-0.908599 0.322303 -0.026465 
-0.645049 -0.691116 0.005019 
0.899892 -0.332707 0.010325 
0.324253 -0.849524 -0.026398 
0.667655 -0.732454 -0.006569 
-0.485367 -0.749220 0.022464 
-0.727479 -0.571297 -0.026465 
-0.531052 -0.817842 0.025746 
-0.915523 -0.037141 -0.026465 
-0.923266 -0.226174 0.007685 
-0.087036 -0.988471 0.025746 
0.964991 0.248205 0.008193 
-0.645631 0.623007 -0.025943 
-0.695097 -0.556928 0.020250 
-0.480592 0.753210 -0.016860 
-0.863367 0.342368 0.007097 
0.941089 0.124412 0.005484 
0.980080 0.161354 0.025056 
-0.914057 0.012834 0.025644 
0.948233 -0.190403 0.022205 
0.686519 -0.574892 0.021339 
-0.656327 0.740590 0.009508 
-0.874217 0.166041 0.025148 
-0.850211 -0.433524 0.008934 
-0.394304 -0.883225 0.023659 
0.847093 0.305365 -0.022390 
-0.574903 0.709660 0.025234 
0.970514 0.139497 -0.026465 
-0.349732 0.878868 0.006803 
-0.683610 -0.712101 -0.007968 
-0.969654 0.191781 0.024819 
0.742120 0.590448 0.005986 
0.833554 0.391263 -0.026465 
-0.947363 -0.157518 0.020971 
-0.597102 0.769092 0.025746 
-0.862580 -0.454891 -0.026465 
0.931367 -0.352622 0.003407 
-0.636945 -0.760525 0.002719 
-0.878040 -0.353684 -0.026465 
0.253144 0.859005 -0.019595 
-0.893641 -0.434535 0.007064 
-0.929089 0.309291 0.025639 
0.890939 0.367844 0.021146 
0.921819 0.240234 -0.026465 
0.969086 0.042499 -0.026465 
0.104482 0.898502 -0.026465 
-0.506613 -0.769818 -0.026465 
0.418594 0.820930 0.015988 
-0.248512 0.905632 0.005019 
0.853079 0.435098 -0.026465 
-0.054417 -0.900052 0.000610 
0.805429 -0.398043 0.002733 
-0.091423 -0.943466 0.005019 
0.003618 -0.903536 -0.010716 
-0.478271 -0.834223 -0.026465 
-0.076010 -0.963966 0.021261 
0.907458 -0.143168 -0.026465 
0.122670 0.965819 0.025746 
-0.959204 -0.256889 0.016841 
0.349548 -0.885774 -0.026465 
-0.827915 -0.382354 -0.026465 
-0.646098 -0.622008 0.001588 
0.877272 -0.459020 -0.021674 
-0.577665 -0.801221 -0.004245 
-0.922662 -0.248103 -0.026465 
-0.473281 0.796998 0.007772 
0.931109 -0.299447 0.025746 
-0.735182 -0.526581 0.025746 
0.948240 -0.003803 -0.026465 
0.950386 -0.097819 0.007574 
0.689850 -0.585325 -0.023755 
0.869825 -0.290308 -0.026465 
0.566471 -0.758722 -0.026364 
0.223410 -0.949595 0.025746 
0.065692 0.979758 -0.011327 
-0.567317 0.800106 0.025746 
0.925741 -0.286187 -0.026465 
0.612458 -0.658921 0.025350 
-0.780087 0.548337 -0.026386 
-0.814610 0.424777 -0.026364 
0.219377 0.924282 -0.026465 
0.758408 -0.573915 0.006310 
-0.330673 0.920707 0.025746 
0.884839 -0.178063 -0.004443 
0.892728 -0.428056 -0.022055 
0.157670 0.894900 0.025727 
-0.709030 -0.694806 0.024783 
0.194331 -0.980519 0.017272 
-0.849278 0.470242 0.025746 
0.358493 0.821374 -0.020552 
0.970475 0.224769 0.011719 
0.887885 0.298726 0.006152 
-0.754089 0.592104 -0.026379 
-0.048797 0.988811 0.019285 
0.916504 -0.099733 -0.026465 
-0.119960 -0.924214 0.011035 
0.534842 -0.839092 0.025586 
0.941755 -0.305335 -0.007917 
0.882258 -0.184277 0.025652 
0.910372 -0.389317 -0.021398 
-0.628412 0.721629 0.019142 
0.890330 0.271865 0.009750 
0.893959 -0.124053 -0.004753 
-0.660093 0.711789 -0.026459 
0.078740 -0.987362 -0.019416 
0.064818 0.884218 0.006884 
0.590150 0.716155 -0.026465 
-0.829006 -0.533447 -0.007604 
0.869672 -0.214865 0.024180 
-0.674934 -0.681080 -0.026465 
-0.252998 -0.953338 -0.025834 
-0.544495 -0.827203 0.000792 
-0.162969 -0.962446 -0.026465 
0.771081 -0.470966 0.025745 
-0.679125 0.714310 0.025307 
-0.896608 -0.202346 0.022964 
0.882570 0.203154 -0.026340 
-0.718971 0.589164 0.006511 
0.416359 -0.794649 0.023646 
0.232799 0.864528 -0.006161 
-0.894350 -0.172737 -0.026465 
-0.304104 0.935797 0.001614 
0.477705 -0.868386 -0.007523 
-0.367196 0.805169 0.020580 
-0.171211 0.932912 0.008026 
0.917670 0.323929 0.025746 
-0.048533 -0.989541 0.025746 
0.747979 0.482524 0.020910 
-0.695758 0.647633 0.009613 
0.719917 -0.584428 0.020945 
-0.814385 -0.556432 -0.003698 
0.129960 0.895412 0.025739 
-0.728933 -0.643025 0.025746 
0.650192 -0.646521 -0.026408 
0.866310 0.245752 -0.006016 
-0.889280 0.415306 -0.005167 
-0.390180 0.798845 0.025490 
0.288285 0.910099 0.011680 
-0.894854 -0.273759 -0.026465 
0.820258 0.348835 0.010884 
-0.382916 -0.890533 -0.026465 
0.193651 -0.948975 -0.026465 
0.069591 0.947170 0.008252 
-0.535035 0.778304 -0.026465 
0.702640 0.696925 0.002503 
-0.700106 0.574720 -0.026456 
0.360907 0.890116 -0.026465 
-0.136863 0.938801 0.008073 
-0.852185 0.272133 -0.014386 
0.819715 0.379208 0.025675 
0.924396 0.166729 -0.026465 
-0.469332 0.860874 -0.008356 
0.078351 -0.915917 0.025661 
-0.019017 0.986575 0.003071 
0.464272 0.790012 0.025134 
-0.233897 0.953892 0.000083 
-0.589540 -0.671658 0.003701 
0.837863 -0.346545 0.025711 
-0.982801 0.016475 -0.006193 
0.688822 0.585505 0.025746 
-0.698037 -0.646782 0.006663 
0.513913 0.786711 0.005019 
-0.953577 -0.205802 -0.026465 
0.988927 -0.006276 -0.017360 
-0.555295 0.700152 -0.009621 
-0.800347 0.403599 0.025746 
0.431435 0.852692 0.012072 
-0.921095 0.117964 0.007856 
0.764907 0.623182 0.000299 
0.787401 -0.550266 0.013664 
-0.598506 0.725769 -0.026465 
-0.297184 0.856297 0.025647 
-0.872079 0.387612 -0.026465 
-0.436741 0.800908 0.025385 
-0.396735 -0.804666 0.025464 
-0.524776 -0.837179 -0.005164 
0.924668 -0.046446 -0.026465 
-0.916205 -0.149536 0.008521 
-0.481185 0.839900 0.025722 
-0.875308 -0.313649 0.010962 
-0.945993 0.263254 -0.017112 
-0.958994 0.025298 -0.026465 
0.823916 -0.427928 0.016692 
0.043883 0.952017 0.011113 
0.833239 -0.348593 -0.021135 
0.795987 0.591041 0.003303 
-0.458801 0.827068 0.006763 
0.982106 -0.105829 0.025746 
-0.980362 0.104382 0.001876 
0.108873 0.975685 -0.008169 
-0.254515 -0.861784 0.025614 
0.564901 0.787179 -0.026465 
0.555408 0.744771 -0.026465 
-0.614103 0.764537 -0.004236 
0.891164 -0.139487 0.025737 
-0.845776 0.494118 0.025733 
-0.670004 0.578163 0.020268 
0.879586 0.464784 0.019959 
-0.365396 0.894581 -0.026454 
-0.440529 0.775571 0.025647 
0.964579 0.183542 -0.026465 
-0.692079 0.696240 -0.000873 
-0.764306 -0.477388 0.025720 
0.356195 -0.821903 0.011022 
0.246697 -0.893096 -0.026465 
-0.859298 0.235392 0.002280 
-0.449466 -0.778494 0.001042 
0.851679 0.271160 0.024629 
0.815343 -0.476008 0.005077 
0.541743 -0.830097 -0.012940 
-0.837830 0.526654 0.008616 
0.571713 -0.739786 0.009273 
-0.385466 -0.911168 -0.001302 
0.343571 0.908194 0.025746 
-0.222160 0.964116 0.020375 
-0.150566 0.894568 0.025724 
-0.880842 0.360646 0.013524 
-0.866870 -0.468359 0.025708 
0.929610 0.243321 0.013531 
-0.889581 -0.111169 -0.014958 
-0.890214 0.230975 0.016530 
0.824469 0.470077 -0.026465 
-0.633440 -0.734725 0.025746 
0.379368 -0.810966 0.008771 
0.203127 0.871759 -0.019664 
0.414501 -0.849052 0.005089 
0.997507 -0.012325 0.011520 
0.742839 0.636948 0.025746 
-0.425161 -0.794711 -0.006471 
-0.709062 0.566853 0.025662 
-0.513903 -0.831668 0.025746 
-0.402604 0.788243 0.008739 
0.542959 -0.724103 0.025725 
-0.218129 -0.964304 0.025658 
0.009051 0.911801 -0.026465 
0.468913 0.864266 -0.006872 
-0.653862 -0.645069 -0.026465 
-0.191136 -0.952232 -0.026465 
0.724698 0.578550 0.016827 
0.986890 0.112193 0.002811 
-0.077717 -0.899523 -0.009993 
-0.717722 -0.622737 -0.026465 
0.469495 -0.765327 0.024423 
-0.950557 0.050490 0.009181 
-0.882115 -0.105093 0.005939 
0.328627 0.833152 -0.007865 
0.946760 -0.074125 0.005365 
0.833204 0.339651 -0.013871 
0.872394 -0.357047 0.005346 
0.868418 -0.260336 0.025723 
0.823649 -0.551035 -0.015603 
-0.613239 -0.767389 0.025746 
-0.804876 0.528125 0.025115 
-0.515052 -0.747551 0.025736 
-0.731533 0.514395 -0.007806 
0.863795 0.222016 0.018954 
-0.506734 -0.856875 0.023543 
-0.020579 -0.988054 0.025746 
-0.908496 -0.126247 0.024737 
-0.523201 -0.768729 0.011010 
-0.226296 -0.891006 0.025717 
-0.118479 0.974275 -0.004993 
0.961848 0.128965 0.025611 
0.910709 -0.207848 0.008631 
0.934762 -0.009011 0.007815 
0.890107 0.310037 -0.026465 
0.235575 0.962213 0.020784 
0.210765 -0.876700 0.000840 
-0.335150 0.828311 -0.010033 
0.886245 0.444021 0.002626 
0.343781 -0.835952 -0.019062 
0.570740 0.681300 0.015524 
0.917018 0.077639 -0.026465 
-0.027872 0.927292 0.007850 
-0.181204 -0.965656 0.025693 
-0.265848 -0.896595 0.008023 
0.819708 -0.462016 -0.026465 
0.201360 -0.906054 -0.026465 
-0.761205 -0.522144 0.019355 
-0.321449 0.824460 0.007920 
-0.769197 -0.464860 -0.006563 
-0.714162 -0.580856 0.024286 
-0.119984 -0.975842 -0.026465 
-0.908717 -0.343195 0.025746 
-0.051905 0.958038 -0.026378 
-0.261819 -0.865866 -0.025412 
-0.852557 -0.507172 0.024629 
-0.881899 0.446604 0.004465 
0.173526 -0.886896 -0.006241 
0.908944 -0.017217 -0.026465 
-0.988703 -0.077502 0.006209 
0.186168 0.965732 0.000090 
0.085921 -0.965018 0.023492 
-0.945047 -0.304965 0.012599 
0.950165 -0.274912 0.025746 
0.979292 0.100701 -0.025960 
0.340409 -0.857581 0.025341 
0.592509 0.767543 -0.026465 
-0.817817 0.440717 0.006851 
0.888374 -0.439786 0.025637 
0.762808 -0.578500 -0.026454 
0.910433 0.284837 0.007778 
-0.760888 -0.510814 -0.026465 
0.499622 -0.864521 0.004320 
-0.498013 0.781390 0.008032 
0.800930 0.574250 -0.013994 
-0.973200 0.018546 0.025746 
-0.652291 -0.746199 0.025601 
-0.688624 -0.700683 -0.026257 
0.649901 0.697997 0.009043 
0.681310 -0.707311 -0.026437 
-0.634335 0.667117 -0.026385 
-0.170874 0.941567 -0.026465 
0.170440 0.891823 -0.026465 
0.438988 -0.876307 -0.026449 
0.368691 -0.919881 -0.011766 
0.891120 -0.066633 0.008432 
0.518335 0.757309 0.024273 
0.534049 -0.767212 0.009573 
0.811002 0.448434 0.014794 
0.769149 -0.632198 0.025336 
-0.319331 -0.867827 -0.026465 
-0.652160 -0.687685 -0.026465 
-0.974198 -0.127192 -0.024103 
0.844650 0.326211 -0.026449 
-0.911431 -0.372440 -0.022223 
0.661377 0.612854 0.025746 
0.706803 -0.678828 0.025746 
-0.852788 0.413300 0.009069 
0.376693 0.843313 -0.026465 
0.087984 0.921576 0.009300 
-0.659005 0.680075 0.007301 
-0.201908 -0.891050 -0.026465 
0.927854 -0.132936 -0.026465 
-0.524220 -0.732494 -0.008864 
0.853075 -0.481409 -0.026449 
-0.343318 0.885189 -0.026427 
0.463380 -0.839351 -0.026360 
0.582195 0.766453 0.023481 
0.654724 0.656301 -0.026465 
0.787682 0.539148 0.008728 
-0.545997 0.742545 0.012055 
0.067828 0.895929 0.025746 
-0.779066 -0.514684 0.010491 
0.264049 -0.936889 0.025727 
0.898862 -0.372751 0.025746 
0.076755 -0.900199 -0.020451 
0.875902 0.208670 -0.006831 
-0.369946 -0.924604 0.004197 
-0.976512 0.100636 -0.023264 
0.129938 -0.945639 0.006169 
-0.912333 -0.046714 0.025668 
-0.961465 0.195760 -0.023814 
0.451741 -0.891937 0.016140 
-0.930864 -0.346371 0.008573 
0.502101 -0.819887 0.010023 
0.574231 -0.780817 -0.026353 
-0.841683 -0.496219 -0.026465 
-0.129037 -0.914821 -0.026465 
0.179833 -0.977981 0.002046 
0.921373 0.339379 -0.026294 
0.527316 0.809350 -0.026465 
-0.459434 -0.775522 -0.020402 
0.411779 0.863542 0.013660 
0.027068 -0.919754 -0.026465 
0.254520 0.854825 0.025636 
-0.971077 -0.084122 -0.026465 
0.046869 0.988623 0.022154 
0.716913 0.560921 0.025746 
0.334279 -0.930314 0.025635 
-0.693735 -0.614242 0.015346 
0.487633 0.834007 0.025671 
-0.240866 -0.870129 -0.021986 
0.036974 -0.989588 -0.009945 
-0.733053 0.540818 0.025709 
0.544296 0.824357 0.002105 
-0.162593 -0.976195 -0.010552 
0.346758 0.824078 0.000790 
0.716877 0.595030 -0.026465 
0.559762 -0.705724 0.025615 
0.106201 0.903561 0.025746 
0.077127 0.891363 -0.009133 
-0.116917 -0.890367 0.002807 
0.228266 -0.887092 0.025736 
0.737942 -0.674105 0.020177 
-0.852055 0.439949 -0.026411 
0.894690 -0.276090 0.007544 
0.962113 -0.267658 0.008574 
0.520817 -0.804864 0.008052 
-0.810498 0.360437 0.004939 
0.060825 -0.961951 0.013483 
0.893486 -0.399880 0.025704 
-0.890286 0.354155 -0.026465 
-0.563357 -0.811307 -0.015755 
0.197815 -0.949811 0.024296 
-0.894049 0.191159 0.025410 
-0.232324 0.863629 0.025731 
-0.728774 0.656470 -0.012040 
0.709496 0.619644 0.005019 
-0.718787 -0.687568 0.005820 
0.717988 -0.548244 -0.000214 
0.664617 -0.716395 0.025746 
-0.935441 0.298093 -0.012252 
0.061670 0.965347 -0.026465 
0.398765 -0.860983 -0.026465 
-0.364121 -0.815321 0.014684 
-0.261715 0.954431 0.011756 
-0.071277 0.888325 0.025722 
0.861659 -0.315472 0.025647 
0.578079 0.686356 -0.006928 
0.287557 0.939290 -0.018883 
0.946087 0.045050 -0.026465 
0.755395 -0.479743 0.014390 
0.712084 -0.630722 0.006333 
-0.873966 0.430882 0.025746 
-0.015033 0.960566 0.024486 
-0.871958 -0.279027 0.025618 
-0.232511 0.863197 -0.001743 
-0.756791 0.637371 0.009520 
0.106758 0.951825 0.018066 
-0.951498 0.201798 0.025730 
-0.042613 0.893231 -0.008859 
-0.194022 -0.971217 -0.001181 
-0.522916 0.761471 -0.026465 
0.380446 -0.887159 -0.026465 
-0.980640 -0.042893 -0.024337 
0.573569 0.799385 -0.003436 
-0.928349 -0.328932 -0.003846 
-0.569331 -0.688934 0.024285 
0.197907 0.967238 0.025353 
-0.874565 0.150214 0.005178 
-0.854327 0.293652 0.025746 
-0.790088 0.418931 -0.010089 
-0.701608 0.683913 -0.023670 
-0.478339 -0.780011 0.025661 
0.588065 -0.686425 -0.015744 
-0.952637 -0.052766 0.010818 
0.969783 -0.236511 0.011420 
-0.128094 -0.954990 -0.026465 
0.774224 -0.463366 0.000504 
0.895106 -0.014661 0.024246 
0.599061 0.781201 -0.005227 
-0.720188 -0.677459 0.025746 
-0.904597 0.015737 -0.026465 
0.973243 0.093348 0.025746 
-0.083962 -0.987651 0.000108 
-0.896788 0.265468 0.005126 
0.688893 0.712547 0.003843 
0.560858 0.808842 0.025746 
-0.134629 0.875071 0.017840 
-0.642930 0.740713 -0.017187 
0.986871 0.066788 -0.001085 
-0.760701 -0.621849 -0.026046 
0.023316 -0.895391 0.023345 
-0.676085 0.651574 0.005019 
0.269369 0.926285 0.025629 
0.950869 0.133367 -0.026465 
-0.891230 0.086394 -0.019695 
0.471082 0.842896 -0.026465 
-0.962740 0.065982 0.025554 
-0.792971 -0.587756 0.025746 
0.463140 -0.776626 -0.014681 
0.346477 0.868300 -0.026465 
-0.736197 -0.592845 0.005019 
-0.548721 0.789298 0.025220 
0.987987 0.019865 -0.022322 
-0.839037 -0.293994 0.020560 
0.764767 -0.484160 -0.024563 
-0.933715 -0.188091 0.008634 
0.740990 -0.528019 0.025705 
-0.705678 0.691746 0.023427 
0.950923 0.280721 0.002346 
-0.743876 -0.488535 0.019352 
-0.894408 -0.059668 -0.014108 
0.467279 -0.810624 -0.026353 
0.377917 0.811036 0.025649 
-0.885030 -0.214944 -0.026465 
-0.409708 -0.899591 -0.018742 
0.811675 0.533428 0.025746 
-0.808447 0.486962 0.007652 
-0.836643 -0.472650 0.017604 
-0.235514 -0.936749 -0.026465 
-0.207333 0.891719 0.023516 
0.889911 0.124230 0.001347 
-0.894766 0.394079 0.025714 
0.297136 -0.922609 0.023218 
0.654963 0.666034 0.006972 
0.726065 0.602941 0.005019 
-0.913670 -0.313499 -0.026465 
0.501160 0.832981 -0.026465 
0.802948 -0.512500 -0.026465 
-0.550725 0.811110 -0.022303 
0.755827 0.522299 0.025162 
0.638694 -0.740804 0.025746 
-0.177803 -0.876865 0.005998 
0.519427 -0.759242 0.025746 
-0.090850 0.973388 0.025746 
-0.930236 -0.286365 -0.026465 
0.942572 0.072339 0.005019 
