-0.750215 -0.036905 -0.122669 
0.990357 0.021074 0.098705 
0.080194 0.977331 0.049396 
0.132927 -0.986844 0.078796 
-0.661864 0.722198 0.086970 
-0.624566 -0.769306 0.092392 
0.711766 -0.603874 -0.122386 
0.696139 0.635966 -0.106086 
-0.921190 0.337814 0.093022 
-0.214530 -0.707032 -0.105550 
-0.878990 -0.395995 0.119863 
-0.258485 0.679077 -0.109304 
0.315414 0.614071 0.107544 
0.349864 -0.615034 0.112065 
0.643181 0.274742 0.111318 
0.660713 -0.244132 0.112225 
-0.591648 -0.453702 -0.119058 
-0.616547 0.403679 -0.119024 
0.897988 0.266205 -0.117944 
0.385386 -0.864161 -0.116309 
-0.259467 0.934781 0.113385 
0.910448 -0.244683 -0.116845 
0.364063 0.859737 -0.115373 
-0.211360 -0.970231 0.099759 
-0.978503 0.012677 0.109170 
-0.031325 0.687444 0.109331 
0.099818 -0.745543 -0.119210 
-0.675066 0.150186 0.109924 
0.734276 0.002692 -0.084174 
0.608433 -0.775304 0.113849 
0.880869 -0.461553 0.090138 
-0.427915 0.531292 0.089861 
-0.406139 -0.563554 0.088818 
0.858770 0.480608 0.105739 
-0.660018 -0.203282 0.103595 
0.568170 0.768343 0.119530 
-0.040601 -0.721154 0.118915 
0.107791 0.756359 -0.123286 
-0.449428 -0.838739 -0.100315 
-0.891362 -0.264057 -0.120899 
-0.126002 0.906818 -0.122604 
-0.890086 0.191800 -0.123146 
-0.507941 0.752057 -0.123286 
0.439200 0.599985 -0.121269 
0.549250 -0.458972 0.012758 
0.638814 0.386743 -0.121297 
-0.059398 -0.951909 -0.098960 
0.311332 0.914032 0.117679 
-0.770385 -0.585141 0.010488 
0.549775 0.499429 0.095879 
0.425111 -0.621681 -0.118581 
-0.807183 0.538348 0.018265 
0.349961 -0.894849 0.117915 
0.687879 -0.329597 -0.122777 
0.922221 -0.229805 0.114580 
-0.598691 0.378633 0.119866 
-0.473911 0.856740 0.080883 
-0.425631 -0.875329 0.119101 
0.933631 0.236528 0.118455 
-0.257681 0.669127 0.118532 
-0.587351 -0.411165 0.120034 
-0.435467 -0.615069 -0.121708 
-0.965413 -0.199417 0.071760 
0.706454 0.067272 0.117821 
0.944992 -0.013843 -0.113232 
-0.638361 -0.701208 -0.105839 
0.726679 -0.604316 0.105106 
-0.330535 0.878621 -0.097760 
0.578927 -0.759972 -0.095797 
0.732251 0.644222 0.114100 
0.174942 -0.742586 0.071984 
-0.685536 -0.249629 -0.094091 
-0.692351 0.215164 -0.083815 
-0.833404 0.395718 -0.121610 
0.828178 0.458609 -0.091010 
-0.228945 -0.657514 0.095579 
0.546723 0.768313 -0.096769 
-0.942231 -0.066319 -0.074960 
0.190012 -0.922411 -0.118263 
-0.636336 0.600728 -0.123286 
0.705475 0.203514 -0.106413 
-0.247760 -0.896853 -0.122455 
-0.782462 -0.428819 -0.123286 
0.158208 0.723333 0.090168 
0.829336 -0.456947 -0.113949 
0.271764 0.672521 -0.065024 
-0.452706 0.570794 -0.112169 
-0.073540 0.720475 -0.103985 
-0.585737 -0.576047 0.025134 
-0.686155 -0.026260 0.057189 
0.788005 -0.133649 0.033858 
0.174912 0.923847 -0.097592 
-0.838886 0.091339 0.023505 
-0.172671 0.799991 0.023758 
0.417041 0.748231 0.025545 
-0.084082 0.959761 0.118168 
0.417793 -0.752760 0.023910 
-0.382322 -0.726075 0.025795 
0.786321 -0.326154 0.023272 
0.032781 -0.846590 0.022934 
0.559463 -0.632015 0.023101 
0.261797 -0.691085 -0.092474 
0.816676 0.328718 0.031960 
-0.036886 -0.990416 0.106880 
-0.745962 0.337113 0.024039 
0.706308 0.495573 0.026360 
0.843552 0.107138 0.023433 
-0.419293 0.688632 0.026109 
-0.741362 -0.357723 0.024388 
-0.638726 0.518521 0.023449 
-0.820708 -0.128948 0.023267 
-0.171931 -0.827946 0.022923 
0.729298 -0.169970 -0.118555 
-0.945432 0.180109 0.119414 
-0.015409 0.834289 0.023086 
-0.062176 -0.794824 -0.123286 
0.962485 -0.112749 0.009452 
0.537302 0.636659 0.023082 
0.625208 -0.478049 -0.123111 
0.585423 0.528462 -0.123286 
0.025043 0.939131 -0.090342 
-0.703149 -0.556152 -0.123286 
0.484649 -0.546457 0.119235 
0.827026 0.120120 -0.123286 
-0.327238 0.817120 0.036647 
0.492273 -0.865726 0.090474 
-0.333835 -0.908925 0.008365 
0.172205 0.863720 0.036012 
0.716172 -0.454271 0.023046 
0.262924 -0.931433 0.006047 
0.429190 0.539446 0.027892 
-0.870382 0.049349 -0.123286 
0.615161 -0.391444 0.118588 
0.456218 0.855019 0.116499 
-0.733003 0.603675 0.119570 
-0.840584 0.232646 0.031024 
-0.727832 0.490347 -0.122917 
0.925145 -0.342146 0.022457 
0.676970 -0.706616 0.013208 
-0.872700 -0.367156 -0.020865 
-0.555357 0.629829 0.023447 
0.056938 -0.880584 -0.123160 
0.604901 0.371264 0.011062 
-0.519016 0.451762 0.023834 
-0.721120 0.084236 -0.044523 
-0.833402 0.452143 0.119740 
-0.524406 -0.815713 0.010181 
-0.346528 -0.731138 -0.123286 
0.235715 0.799113 -0.123286 
0.774703 0.339563 -0.123286 
-0.697146 -0.659858 0.119264 
0.978754 0.135088 0.030540 
0.639919 0.728726 0.014590 
0.288620 0.783043 0.023010 
0.046111 -0.706170 0.019141 
0.694797 -0.074283 0.107859 
0.850675 -0.115832 -0.123286 
-0.633091 0.269278 0.025961 
-0.129778 -0.703793 0.012242 
-0.684344 -0.486738 0.022949 
-0.145668 0.937896 0.003336 
0.043455 0.722018 -0.010398 
0.754999 0.201495 0.043305 
0.399578 0.734178 -0.123286 
0.555195 -0.611739 -0.123211 
-0.698600 0.630101 -0.012432 
0.816390 -0.558341 0.022479 
-0.500920 -0.478632 0.038928 
-0.562372 0.787496 0.016633 
-0.392847 0.693361 -0.123276 
-0.802663 -0.517250 0.115448 
0.264764 -0.817625 -0.123078 
0.875643 -0.019885 0.028837 
-0.224724 0.810124 -0.123066 
0.698773 -0.232698 -0.010764 
0.420229 -0.586835 0.009252 
0.386955 0.877027 0.008904 
-0.559850 -0.588226 -0.123286 
-0.326643 0.602814 0.026316 
-0.892528 0.301429 -0.061291 
0.919806 0.360259 0.096852 
-0.182018 0.668333 0.018038 
-0.851819 -0.258331 0.038344 
-0.484398 -0.650045 0.028557 
0.280076 -0.790713 0.023422 
0.719166 0.514014 -0.123286 
-0.142174 -0.948590 -0.001865 
0.645856 -0.354182 -0.000991 
-0.620236 -0.332164 0.015601 
-0.498053 -0.726963 -0.123286 
-0.814089 -0.167539 -0.123286 
-0.788659 0.280192 -0.123286 
-0.451770 0.823386 -0.041161 
0.460890 -0.748539 -0.123133 
-0.955450 0.121042 0.011574 
-0.705397 -0.156888 0.002437 
0.285563 -0.650051 0.017415 
0.089531 -0.951016 -0.033251 
-0.676750 -0.371094 -0.123286 
0.791203 0.578445 0.023438 
-0.682036 -0.676570 0.002843 
-0.980875 -0.081966 0.035788 
0.548288 0.479522 -0.020758 
0.004556 0.813324 -0.123195 
-0.821560 -0.472784 -0.015230 
0.678217 0.273113 -0.009407 
0.397350 -0.890309 0.010804 
0.941162 0.125923 -0.098429 
-0.276413 -0.682289 -0.008121 
0.571401 0.644014 -0.123286 
0.912927 0.273370 -0.001938 
-0.264163 0.907086 -0.000802 
0.803620 -0.325338 -0.123102 
0.368063 0.626150 -0.018503 
0.232596 -0.930453 0.117673 
0.510166 0.814251 0.009695 
0.496655 -0.816326 -0.038008 
-0.369595 0.905417 0.102545 
-0.624797 0.701467 -0.071155 
-0.280056 -0.792551 0.023161 
-0.861274 0.393476 -0.002224 
0.230701 0.644275 0.037918 
-0.609351 0.389928 -0.002862 
0.175006 -0.865333 0.029890 
-0.538948 0.482642 -0.099198 
-0.926881 -0.184784 -0.049813 
0.249567 0.946702 0.029871 
0.592678 0.396758 0.119516 
0.714580 0.375207 0.028344 
-0.024725 0.953995 0.007810 
0.948902 -0.092070 0.117582 
-0.776319 -0.305922 -0.123286 
0.256450 -0.683668 0.118620 
0.710738 0.106760 0.007640 
-0.488458 -0.547737 -0.045801 
-0.016516 -0.963061 0.001740 
-0.837963 -0.018607 0.023079 
0.510623 -0.533595 -0.057918 
-0.655081 -0.312499 0.117773 
-0.589466 -0.433993 -0.011381 
0.664526 0.598501 0.041820 
-0.779490 0.131647 -0.123286 
-0.732608 0.460723 0.029017 
0.923495 -0.237394 -0.010093 
0.160231 -0.721318 -0.033537 
-0.947428 0.242402 0.023940 
0.950482 0.042542 -0.022242 
-0.354759 -0.657753 0.103167 
0.859550 -0.414377 -0.020665 
-0.680678 0.318643 -0.123286 
0.867574 0.419265 0.008211 
0.672541 -0.551369 0.025722 
-0.933799 -0.318666 0.068454 
0.162034 0.957167 0.113891 
0.694597 0.004535 0.033433 
-0.348880 -0.863374 -0.122174 
-0.950904 0.015936 0.001920 
-0.731783 0.052716 0.110181 
0.356969 -0.723994 -0.123286 
0.082769 -0.723084 0.119026 
-0.433083 -0.874366 0.013731 
-0.161271 -0.830197 -0.123286 
0.164523 0.705519 -0.051223 
-0.393525 -0.620652 -0.014587 
-0.732358 -0.255676 0.045780 
-0.537157 0.633038 -0.123286 
-0.715567 -0.139111 -0.099559 
-0.333209 -0.922928 0.115912 
-0.083390 0.716571 -0.000669 
0.418435 0.601490 0.110965 
-0.525643 0.772977 0.112277 
-0.432448 0.578541 -0.001908 
0.543527 -0.730807 0.046497 
-0.069401 -0.827973 0.024312 
-0.670059 0.252831 0.119816 
-0.692179 0.167699 0.006728 
-0.126469 0.723540 0.101493 
0.877980 0.357446 -0.077246 
0.638188 0.681756 0.105200 
-0.725756 -0.101274 0.113111 
0.285536 0.897212 -0.062937 
0.457280 0.816864 -0.112897 
0.087887 0.805671 0.025468 
-0.524514 0.487155 0.118465 
0.826400 0.015757 -0.123286 
0.740825 -0.624479 0.007414 
0.055717 0.735921 0.094398 
-0.505886 -0.794016 0.106644 
0.942535 -0.133647 -0.086710 
0.902233 -0.357543 0.118977 
0.001383 -0.738409 -0.069913 
0.803522 -0.540455 0.120300 
0.672795 0.162577 0.085170 
0.664145 -0.686866 -0.092921 
0.727961 -0.103407 -0.040080 
0.678231 -0.690191 0.120143 
-0.235319 0.907516 -0.103403 
0.730609 -0.448219 -0.123173 
0.046974 -0.938618 0.091351 
-0.845842 -0.073515 -0.123286 
-0.263721 -0.798996 -0.123286 
-0.144624 -0.734081 0.105283 
-0.357772 0.785735 -0.123136 
-0.285590 0.720724 0.040319 
0.350822 0.649605 -0.118538 
-0.727151 -0.012646 -0.030132 
-0.565768 -0.765055 -0.064738 
0.783396 -0.545910 -0.091242 
0.680929 -0.145138 0.033831 
-0.572154 -0.689877 0.039128 
-0.233673 -0.924547 -0.019429 
0.767083 0.546621 0.110908 
-0.344012 0.616643 0.119515 
-0.111769 -0.932682 0.093002 
-0.738751 0.581272 -0.084055 
-0.806810 0.483583 -0.069743 
-0.787920 -0.527582 -0.090479 
0.441569 0.656462 0.033462 
-0.338938 0.637678 -0.068433 
0.166733 -0.811974 -0.123091 
0.888406 -0.160633 0.042908 
0.541455 -0.449585 0.109393 
-0.947005 -0.120431 0.119874 
-0.123712 0.797652 -0.123286 
0.105654 0.934431 -0.030313 
0.889783 -0.342005 -0.089593 
0.813796 0.213078 -0.123286 
0.020352 0.928454 0.102606 
0.938592 0.117595 0.113391 
-0.937962 0.096420 -0.076920 
0.691495 0.294339 -0.122013 
0.837942 -0.238725 0.026720 
0.563336 -0.821490 0.041198 
0.526168 0.728849 0.046802 
-0.694294 -0.462157 -0.123286 
0.495221 0.533223 -0.074215 
-0.506578 -0.536087 0.111053 
-0.391590 0.879029 0.013750 
0.677860 -0.332701 0.085188 
0.785078 0.438781 0.044349 
0.310748 -0.903419 -0.079704 
-0.868028 -0.471432 0.064027 
-0.689449 -0.595015 0.052639 
-0.732392 0.248725 0.043729 
-0.623579 0.508208 -0.122951 
0.776347 -0.033871 0.048323 
-0.168023 0.924159 0.116181 
0.626430 -0.389373 -0.082707 
-0.860248 -0.383104 -0.111451 
0.746479 0.425884 -0.123286 
0.617173 0.714877 -0.077418 
-0.780914 0.527143 0.116068 
0.101658 -0.784795 0.040378 
-0.111271 -0.729198 -0.072342 
-0.335001 -0.654745 -0.076794 
-0.162595 0.709447 -0.111096 
0.755388 -0.081367 -0.122835 
0.617295 0.453380 0.054297 
0.478690 -0.670996 0.025737 
-0.923372 0.096641 0.095051 
0.139581 0.839814 -0.123286 
-0.516773 0.552420 0.058103 
0.589087 0.543656 0.029382 
-0.753949 0.117872 0.054041 
0.326512 0.704922 0.041125 
0.748726 0.577879 -0.054366 
0.323237 0.779064 -0.123286 
0.727695 0.090783 -0.079564 
0.355228 -0.691812 0.052347 
0.717386 -0.176348 0.114223 
0.799425 -0.454608 0.056884 
0.245209 0.677049 0.118427 
-0.413486 0.799443 0.052362 
0.550664 -0.537024 0.061847 
-0.256217 -0.897431 0.079199 
0.725692 0.659198 0.024313 
0.175610 -0.939291 -0.020767 
0.347796 -0.651848 -0.074633 
0.829157 -0.213646 -0.123286 
0.930004 0.193313 -0.044191 
-0.365887 -0.828985 0.045447 
-0.830461 0.325896 0.043025 
-0.670671 0.337472 0.067416 
0.629182 -0.471384 0.043821 
0.917278 0.049431 0.059902 
0.481760 0.706944 -0.123286 
-0.894761 0.256552 0.105569 
0.842115 0.234860 0.028977 
0.204141 0.768487 0.030540 
-0.491855 0.529827 -0.040158 
-0.090351 0.874229 0.035400 
-0.751654 -0.586201 0.114890 
-0.580952 0.700847 0.063850 
0.988895 -0.034390 0.030886 
0.974299 -0.191643 0.040969 
-0.822469 -0.395141 0.056345 
-0.925741 0.180025 -0.047143 
0.820714 -0.488825 -0.030461 
-0.062156 0.936946 -0.076360 
-0.720215 0.540915 0.052189 
0.412411 -0.840366 0.080914 
-0.492933 -0.733790 0.031955 
0.010613 0.723247 -0.087873 
0.143227 0.673495 0.023619 
-0.203398 0.879339 0.054407 
-0.672562 -0.405193 0.039752 
-0.025010 0.757696 0.056430 
-0.231433 -0.733270 0.059742 
0.640873 -0.276481 0.035330 
-0.670529 0.618130 0.065464 
0.182789 -0.730002 -0.119261 
0.707656 0.187537 -0.024598 
-0.743998 0.046180 -0.121613 
-0.414684 0.618188 0.075736 
-0.716263 -0.622857 -0.050383 
-0.931430 -0.258066 0.011797 
-0.441299 0.806988 -0.121771 
0.750543 -0.261644 -0.122879 
-0.654977 -0.229296 0.025153 
-0.680664 0.080559 0.045300 
-0.087949 -0.878219 -0.123286 
-0.898386 -0.122669 0.053081 
0.892455 0.168382 0.049619 
0.474744 -0.512081 0.041506 
0.491697 0.480816 0.040451 
0.486087 0.554883 0.106245 
-0.571382 -0.484765 0.087195 
0.225056 0.897891 0.091227 
-0.177080 -0.937213 -0.077538 
0.518183 -0.684718 -0.122766 
0.022312 -0.952568 -0.106219 
-0.499743 0.701658 0.027998 
-0.919037 -0.028315 0.071469 
-0.740977 0.373230 -0.123182 
0.017921 -0.773685 0.055766 
0.810365 0.493962 -0.009746 
-0.655899 0.307506 -0.046680 
0.772731 0.073873 0.048213 
-0.271917 0.669263 -0.030073 
-0.804837 0.409451 0.053434 
0.843427 -0.387966 0.069427 
0.906692 0.057231 -0.123286 
0.624055 -0.766954 0.022041 
-0.631629 -0.368793 -0.056376 
-0.330998 -0.610779 0.042001 
-0.762151 -0.448737 0.033789 
0.208158 -0.668225 0.030909 
0.424238 -0.631628 0.075834 
0.851009 0.400808 0.110423 
0.187232 0.732273 -0.123286 
-0.059882 0.860970 -0.123138 
0.035454 -0.792844 -0.123286 
0.467100 -0.827518 -0.111477 
0.717135 -0.374890 0.030140 
-0.919163 -0.146783 -0.119372 
0.655805 -0.626942 0.044100 
-0.625810 -0.537634 -0.123286 
0.099239 -0.888827 0.035284 
-0.177792 0.663295 0.107816 
-0.755816 0.623865 0.046438 
0.188225 0.921900 -0.015219 
0.744936 -0.217502 0.051554 
-0.855500 0.477216 0.030995 
-0.643642 0.699873 0.005495 
0.582853 0.792468 0.045832 
-0.620744 -0.745309 0.011042 
0.059627 0.878475 0.036051 
-0.904596 -0.395969 0.045155 
0.586046 -0.377595 0.044073 
0.512296 -0.788307 0.090617 
-0.742115 -0.655517 0.048599 
-0.942046 0.021896 -0.100778 
0.549499 0.414561 0.049700 
-0.808376 0.204368 -0.123034 
0.074876 0.883813 -0.123286 
-0.654993 -0.626869 -0.123286 
-0.669195 -0.292018 -0.030202 
-0.542988 -0.492408 -0.034429 
0.363157 0.857543 0.103956 
0.650964 0.476590 -0.123286 
-0.278220 0.753668 -0.122766 
-0.211064 0.956592 0.040856 
0.961169 0.235241 0.045426 
0.440928 0.833492 -0.025816 
-0.053811 -0.718572 0.009350 
0.313234 -0.945481 0.063217 
0.646911 0.338727 -0.061092 
-0.565136 0.750544 -0.066299 
-0.049354 -0.911673 0.049351 
0.608160 -0.687184 0.053398 
-0.598526 0.776008 0.084019 
-0.424144 -0.704574 -0.123286 
0.472498 0.787946 0.071619 
-0.760862 -0.007209 0.057978 
0.313389 0.908249 0.010511 
0.716544 0.266267 0.059024 
0.569565 -0.469784 -0.070732 
-0.904605 -0.234255 0.103096 
0.660983 0.569941 -0.123286 
-0.911717 0.331469 0.017133 
-0.359712 0.736873 0.023565 
-0.536895 -0.515660 -0.117457 
-0.438096 -0.812727 0.063759 
0.876800 0.289070 0.069458 
0.585266 0.434884 -0.097041 
0.641379 -0.552278 -0.123030 
0.349729 -0.830347 0.039306 
-0.083158 -0.988561 0.027548 
-0.656299 0.445216 0.031233 
-0.557794 0.393947 0.053533 
0.357314 0.585120 0.044120 
0.950703 -0.046078 -0.033050 
0.258173 0.851871 0.041612 
0.651826 0.369373 0.082127 
0.897383 0.181673 -0.123286 
-0.833095 -0.530229 0.033210 
-0.938400 -0.114675 -0.016587 
-0.571197 -0.673003 -0.123286 
-0.854073 0.369213 0.103978 
-0.512686 -0.799258 -0.106600 
0.098314 -0.947728 -0.107386 
-0.571565 0.563475 -0.123286 
-0.981765 0.062833 0.051030 
-0.806860 0.160711 0.023620 
-0.196882 0.727648 0.060615 
-0.896671 -0.301676 -0.056877 
0.086976 -0.733217 -0.039013 
0.630818 -0.627438 -0.122766 
0.250879 -0.866357 0.039952 
-0.426924 -0.562093 0.016729 
0.608187 0.650890 0.039775 
-0.808026 -0.325698 0.028642 
-0.464601 0.501203 0.032603 
0.670151 -0.306588 -0.052167 
-0.206899 -0.707333 -0.009885 
-0.816448 -0.004146 -0.123286 
-0.355139 0.668604 0.056539 
0.757664 0.145089 -0.123286 
0.492602 -0.603270 0.051274 
-0.628725 -0.690082 0.086286 
0.974408 -0.161570 0.108136 
-0.583929 0.450762 0.094894 
-0.390530 -0.801219 -0.123286 
-0.169465 0.923791 -0.065967 
0.357233 -0.636374 0.004438 
-0.499620 -0.650433 -0.123286 
0.297889 0.646830 0.006875 
-0.299538 0.875449 0.097917 
-0.881635 0.174242 0.047384 
-0.104528 -0.769881 0.051653 
-0.170190 -0.904988 0.058748 
-0.483052 0.624670 0.032311 
0.553283 0.764751 -0.021743 
-0.415029 -0.639068 0.066942 
-0.289613 -0.696513 0.083348 
-0.465832 0.647311 -0.123286 
0.478628 -0.863109 0.019099 
0.912452 0.364277 0.023787 
0.268882 0.715808 -0.123286 
0.737490 -0.668818 0.073644 
-0.269289 -0.956814 0.039635 
0.130545 -0.690592 0.025086 
-0.722975 -0.082761 -0.048170 
-0.761392 -0.217298 -0.123286 
-0.760939 -0.184898 0.039596 
0.789633 0.518656 -0.103548 
0.853493 -0.315561 0.047656 
-0.244719 0.797080 0.023083 
-0.563182 0.453905 -0.037778 
0.414200 -0.567958 0.107903 
-0.599368 0.327573 0.066988 
0.896553 -0.087395 0.041839 
0.131223 -0.881375 -0.122897 
0.736587 -0.520900 0.040516 
-0.201979 0.693665 -0.046155 
-0.860007 0.272878 -0.123150 
0.531496 0.826877 0.083767 
0.741516 0.005346 0.110491 
-0.675938 -0.127822 0.069216 
-0.083372 0.976389 0.048658 
0.273929 -0.720631 0.060303 
0.045985 -0.994242 0.046982 
-0.687091 0.550910 -0.123187 
0.164872 -0.924316 0.090028 
-0.712988 0.137060 -0.098909 
0.763942 -0.385497 -0.122774 
-0.013193 0.682251 0.040890 
0.792435 -0.602284 0.072782 
0.272862 0.862163 -0.123286 
-0.547554 -0.422911 0.061956 
0.954802 -0.274341 0.041679 
0.365748 0.652419 0.075729 
-0.683999 0.239035 -0.017752 
0.709826 -0.639323 -0.054310 
-0.706922 0.668664 0.110622 
0.332042 -0.796513 -0.123286 
0.542027 -0.542490 -0.122993 
0.683533 0.652604 -0.038774 
-0.170376 -0.760315 -0.123286 
0.663253 0.211877 0.024385 
-0.886027 0.421618 0.061589 
0.452372 0.871542 0.034026 
-0.477916 0.771654 0.060740 
0.662324 -0.743473 0.076007 
-0.388178 -0.914155 0.052416 
0.146555 -0.682944 0.095518 
-0.486299 -0.865328 0.058351 
0.478175 -0.576118 -0.116090 
0.603694 -0.564282 0.025285 
-0.268913 0.626639 0.064136 
-0.111270 0.770161 0.038860 
0.200206 -0.974911 0.034105 
0.692758 0.220905 0.118072 
-0.759087 -0.077009 0.055901 
0.865467 -0.047587 -0.122960 
-0.393894 0.606358 -0.100149 
-0.864425 0.118790 -0.122966 
-0.693564 0.634133 -0.081896 
0.713425 -0.534421 -0.123175 
-0.416376 0.845559 0.117826 
0.640083 0.747905 0.084956 
-0.755864 -0.525939 0.065290 
-0.593814 -0.353263 0.082934 
-0.703031 -0.192494 -0.056589 
-0.721822 0.189565 0.077564 
0.902672 -0.416486 0.042735 
0.848206 -0.391141 -0.121982 
-0.773037 -0.109497 -0.123286 
0.901770 -0.176698 -0.123286 
0.398194 0.809312 0.050595 
-0.377909 -0.874485 -0.031323 
-0.470597 -0.827422 -0.030523 
-0.030917 0.908697 0.061734 
-0.278352 -0.724203 -0.123286 
-0.020378 -0.888586 -0.123286 
0.826192 0.540118 0.077348 
0.163311 0.967127 0.046399 
-0.148093 -0.983253 0.065212 
0.349522 -0.753771 0.024545 
0.813264 0.281217 -0.123286 
0.703070 -0.219639 -0.080330 
-0.902020 0.049367 0.051288 
-0.392754 0.851871 -0.101658 
-0.093993 0.675740 0.052449 
0.679126 -0.402489 -0.123261 
0.220720 0.690472 -0.016501 
0.815044 0.168513 0.023466 
-0.870289 -0.329449 0.089175 
-0.878733 -0.196772 0.046385 
0.099452 0.676158 0.075120 
-0.089135 -0.691565 0.082441 
-0.585068 -0.799681 0.034475 
-0.556459 -0.752499 0.091036 
-0.636684 -0.638468 0.043913 
-0.679901 -0.720326 0.053837 
-0.561669 0.711751 -0.123286 
0.693422 0.699702 0.071481 
0.907579 -0.292112 -0.045196 
-0.708989 -0.031621 0.119818 
0.750731 0.319241 0.025848 
0.989783 0.046987 0.037347 
0.486998 0.599743 0.046336 
0.636635 0.660356 -0.123286 
0.853882 -0.510576 0.054178 
-0.155668 -0.679441 0.069020 
0.237437 0.714951 0.064460 
0.610228 0.321589 0.062395 
-0.617426 -0.441750 0.066483 
0.703944 -0.076942 0.015791 
-0.894751 -0.018742 -0.123286 
0.584943 0.712639 0.075147 
0.318344 -0.901017 -0.013521 
0.498933 0.628386 -0.123286 
0.675429 0.433826 0.029466 
0.726508 0.553099 0.059213 
-0.309687 0.929370 0.061184 
-0.822060 -0.471415 -0.084691 
0.830710 -0.067837 0.023528 
-0.307695 -0.863908 0.055400 
-0.336293 0.877108 -0.021998 
-0.319340 0.700262 -0.122845 
0.943225 -0.310824 0.097633 
0.974916 0.170412 0.085799 
0.733666 0.018979 -0.017357 
0.852384 -0.274935 -0.123193 
0.351607 0.765104 0.023441 
-0.653937 -0.544724 0.023541 
0.109262 0.715719 -0.017623 
-0.493467 -0.584786 -0.123286 
0.661958 -0.397127 0.057390 
0.287012 -0.898487 0.100204 
0.403617 -0.779763 -0.123286 
0.724696 0.129769 0.113813 
-0.504886 -0.591183 0.047778 
0.941913 0.298263 0.099151 
-0.720876 -0.181875 0.094218 
-0.505691 0.792641 -0.015120 
0.222364 -0.704883 -0.023065 
-0.575806 0.520993 0.039887 
-0.317349 -0.898626 -0.053651 
0.619513 -0.728497 -0.030153 
0.740704 -0.118430 0.095049 
0.411387 0.599037 -0.058473 
-0.769136 0.541309 -0.042955 
-0.850229 -0.417325 -0.055115 
0.414359 0.661205 -0.123286 
-0.815168 -0.456020 0.098093 
-0.060304 0.784579 -0.123281 
-0.169814 -0.758631 0.051001 
0.250741 -0.921810 -0.064148 
0.076381 0.968261 0.113281 
-0.368123 0.574066 0.066637 
0.935686 -0.012535 0.091439 
-0.911952 0.236897 -0.074397 
-0.710375 0.673575 0.033790 
0.399541 -0.912050 0.080564 
0.426057 -0.855542 -0.067136 
0.000232 0.889652 -0.123039 
0.421719 -0.606843 -0.051774 
0.743807 -0.280085 0.037161 
0.715500 0.364405 -0.123286 
0.582181 -0.688446 -0.123254 
0.886985 -0.263972 0.065702 
0.039118 0.950554 0.005206 
0.396879 0.798817 -0.123286 
-0.866515 0.336200 -0.117714 
-0.014786 0.979812 0.088255 
-0.663915 -0.308645 -0.105313 
-0.829919 -0.247047 -0.123286 
0.026425 -0.699094 0.101310 
0.664501 -0.205782 0.044493 
0.370689 -0.880624 -0.046260 
-0.840097 -0.323827 -0.123286 
0.520461 0.565066 -0.123286 
-0.946593 -0.190222 0.011635 
0.292802 -0.737372 -0.123286 
0.434598 -0.684474 -0.122921 
0.178983 0.660150 0.074551 
-0.836649 0.430935 -0.050065 
0.786640 -0.136666 -0.123286 
0.483350 -0.744976 0.031951 
-0.639968 0.665207 -0.121036 
-0.137488 0.709251 -0.033015 
-0.635067 -0.270159 0.069409 
0.390195 0.857616 -0.055264 
0.246392 -0.893772 -0.123038 
-0.264410 0.856927 0.048488 
-0.973621 0.133979 0.085478 
-0.143873 0.969042 0.078602 
0.549891 -0.782091 -0.037901 
0.770344 0.074579 -0.123286 
0.650465 0.530485 0.023064 
0.717334 -0.164847 -0.030608 
-0.221161 -0.660744 0.033078 
-0.235079 -0.858884 0.034181 
-0.455932 -0.777818 -0.123286 
0.989788 -0.048461 0.097960 
-0.630204 -0.711988 -0.044403 
0.766993 0.497025 0.059733 
0.488930 0.490643 0.108650 
-0.812379 0.078218 -0.123091 
-0.689917 -0.261145 0.108544 
0.824896 0.387615 0.054931 
-0.456278 -0.522560 0.055550 
0.793651 -0.387957 0.030571 
-0.741202 0.584731 -0.005192 
-0.943781 -0.052898 -0.008465 
-0.559412 -0.738739 -0.122722 
0.101777 -0.981541 0.019845 
0.545420 0.437250 0.114730 
-0.182519 -0.895131 -0.123286 
-0.203444 -0.711099 0.114731 
-0.126869 -0.926893 -0.121577 
-0.359311 -0.868688 0.099713 
-0.764891 0.056616 0.050629 
0.943794 -0.076115 -0.111434 
-0.706481 0.029490 0.010707 
-0.524998 0.826592 0.062182 
-0.668096 0.464791 -0.123177 
0.120322 0.753914 0.051490 
0.688194 0.079612 0.058825 
-0.790294 -0.257138 0.023341 
-0.276503 -0.638116 0.053874 
0.318174 0.836465 0.045237 
-0.453339 0.722623 -0.123286 
-0.484120 0.543138 0.113272 
0.527119 -0.789804 -0.112237 
0.835365 0.352324 -0.123286 
0.346594 0.918488 0.066907 
-0.108884 0.914803 0.083700 
-0.827932 0.525270 0.075998 
-0.581247 -0.383306 0.028555 
-0.293582 -0.643894 0.115493 
0.066236 0.816497 -0.123286 
-0.704057 -0.084982 0.010495 
-0.277603 -0.948644 0.109193 
0.023758 -0.904438 0.042180 
-0.508801 -0.474733 0.106065 
0.770903 0.614496 0.076504 
0.683248 0.261581 -0.070585 
0.162125 -0.791250 0.031325 
0.459907 0.563613 -0.019453 
0.619557 -0.331311 0.107363 
0.601627 -0.450219 0.097890 
0.635035 0.272128 0.036405 
0.616296 -0.405501 -0.016121 
-0.661053 0.180275 0.058613 
0.750312 -0.591288 -0.067214 
-0.492809 0.799271 -0.079430 
0.943651 0.116301 -0.038207 
0.536997 0.492234 -0.091520 
0.339693 0.709360 -0.123286 
-0.862346 -0.435396 0.010361 
-0.595051 0.736150 0.001589 
-0.336385 -0.769882 0.023157 
-0.787922 0.583090 0.077863 
0.079528 -0.988234 0.107525 
0.616187 0.390687 -0.055217 
0.196146 0.873227 -0.123286 
-0.608918 0.714444 0.115728 
0.816032 -0.480259 0.109041 
0.120930 0.917580 0.094122 
0.987259 -0.097364 0.062672 
0.492225 -0.550800 -0.003118 
-0.635842 0.667829 0.085338 
0.781442 0.252446 0.024985 
-0.633763 0.402044 0.066546 
-0.435812 -0.591448 -0.066452 
0.271051 -0.644208 0.075424 
-0.368074 0.839294 0.074638 
-0.625046 0.364950 -0.073989 
0.309665 0.671977 0.093266 
-0.563376 -0.810563 0.108066 
-0.025066 0.722432 -0.039848 
0.534127 0.560947 0.045212 
0.986912 0.080658 0.097848 
-0.920369 -0.208946 -0.103806 
0.579780 0.433026 0.001931 
-0.795356 -0.588117 0.064334 
0.898089 0.223777 0.072585 
0.030396 0.682349 0.096626 
0.321785 -0.864677 -0.123210 
-0.175063 0.842512 -0.123286 
-0.191444 0.759778 -0.123124 
-0.369895 0.620513 -0.020924 
-0.106701 -0.898313 0.042822 
-0.792295 0.469825 0.080986 
0.351595 -0.603453 0.053306 
-0.906301 0.258680 -0.019733 
-0.778714 0.279218 0.023276 
0.767335 -0.498919 -0.123250 
0.313995 -0.670757 0.115299 
-0.331602 -0.805266 -0.123286 
-0.914455 -0.318385 0.012661 
0.902674 0.290911 -0.057337 
-0.603046 -0.517141 0.034761 
0.249975 -0.964228 0.072625 
0.750591 0.237377 -0.123286 
0.855430 0.486920 0.027406 
0.492645 0.804090 -0.045512 
0.112196 0.715389 -0.076322 
0.898113 0.411561 0.077012 
-0.984474 -0.008566 0.043384 
0.831981 -0.171042 0.023229 
-0.949430 0.253037 0.084652 
-0.772299 0.452138 -0.123237 
0.245536 0.908919 -0.014696 
-0.751573 -0.578192 -0.098850 
0.222069 -0.798350 0.024830 
0.086768 -0.692595 0.069269 
0.854014 0.409941 -0.047911 
-0.860944 -0.132578 -0.123286 
-0.645729 0.321809 0.117867 
0.732643 0.608066 -0.003052 
0.789578 -0.537984 -0.025575 
-0.663938 -0.358054 0.073067 
-0.324303 -0.939202 0.057282 
0.414757 0.890228 0.074477 
-0.727224 0.110653 0.105620 
-0.040133 -0.776330 0.051849 
-0.072407 -0.951697 -0.016215 
-0.733146 -0.385419 -0.123286 
-0.980769 -0.077376 0.100086 
0.919912 -0.174781 0.089675 
0.775386 -0.026799 -0.123242 
-0.520087 0.532554 -0.122225 
0.159785 0.805358 0.023601 
0.177917 0.794380 -0.123286 
0.001313 -0.738406 -0.011946 
0.097676 -0.834104 -0.123056 
-0.975701 -0.138382 0.047831 
-0.477616 -0.849831 0.118264 
-0.549327 -0.639228 0.022944 
0.854148 0.050270 0.023879 
0.935337 -0.182632 -0.024378 
-0.468989 -0.584632 0.092625 
0.220321 0.954650 0.100874 
0.509228 0.520003 -0.007785 
0.031086 0.767363 0.046943 
0.020475 -0.986908 0.112025 
0.874279 -0.462722 0.023274 
0.223661 0.689963 -0.098683 
-0.168235 -0.717693 -0.072999 
0.647732 0.319996 0.003611 
-0.690839 -0.304620 0.071062 
0.209693 -0.901427 0.062428 
-0.060256 -0.739223 -0.109173 
0.683015 -0.129691 0.089027 
-0.869319 0.314418 0.086526 
-0.100377 0.934076 -0.033830 
-0.813791 -0.072202 0.024967 
-0.630238 -0.404070 -0.121332 
0.415449 0.546937 0.094548 
-0.962814 0.175908 0.025249 
0.533404 -0.505549 0.116714 
0.474877 0.715427 0.025847 
-0.690166 -0.236395 -0.022619 
0.106295 0.929402 -0.109885 
-0.893697 0.112955 0.049262 
-0.191979 -0.966426 0.019139 
0.717541 0.148766 -0.083102 
0.471724 0.762901 -0.123286 
0.733993 0.568806 -0.121333 
0.778837 0.537012 -0.028975 
0.230005 0.912528 -0.090373 
0.612847 0.605501 -0.123286 
-0.682766 0.383180 0.036394 
-0.924391 -0.284735 0.118753 
0.189889 -0.863324 -0.123158 
-0.378819 -0.609601 0.119730 
0.684676 0.307282 0.080752 
-0.671467 0.271823 -0.093460 
0.361108 -0.927100 0.033032 
-0.475462 0.800756 0.108778 
-0.444134 0.859309 0.016953 
0.752634 0.124296 0.062774 
0.555820 0.698000 -0.123286 
-0.953132 -0.253583 0.080195 
-0.414979 0.749613 0.026527 
0.640060 0.694926 -0.030201 
-0.663037 -0.731030 0.106622 
-0.907728 -0.092046 -0.123286 
0.712995 -0.237683 0.093281 
0.947649 0.194261 0.009838 
0.931395 -0.200578 -0.082433 
-0.732400 0.297650 -0.123165 
-0.366210 -0.678903 -0.123286 
0.413251 0.597865 -0.001988 
-0.224469 -0.795489 0.024884 
-0.559991 0.574493 0.027549 
0.441289 -0.893390 0.048799 
0.313555 -0.675255 -0.111699 
-0.017520 -0.697109 0.045602 
-0.219612 0.913391 -0.033453 
-0.941110 0.070908 -0.027768 
-0.749715 0.392443 0.024041 
-0.342806 -0.688273 0.058509 
0.218721 -0.719535 0.099696 
-0.709799 -0.539088 0.037508 
-0.515415 0.447266 0.081168 
-0.783288 -0.361985 -0.123286 
0.566796 -0.811526 0.110036 
-0.873903 0.350727 -0.044796 
0.436714 -0.871115 0.119765 
-0.751449 -0.133212 0.056285 
-0.932326 0.042469 0.105342 
0.049627 -0.737162 -0.098163 
-0.914006 -0.180228 0.098148 
-0.407804 0.584769 0.118922 
0.012050 -0.844150 -0.123286 
-0.717270 0.244136 -0.123286 
0.388273 0.701572 0.028646 
-0.812477 0.475884 -0.015708 
0.709818 0.599968 0.090669 
0.017159 -0.954619 -0.051633 
0.148605 -0.943604 -0.085874 
0.669372 -0.682245 -0.038578 
0.361476 0.583497 0.098706 
0.330774 -0.870648 0.071173 
-0.721171 0.432675 -0.123178 
0.551847 -0.426418 0.056605 
-0.591388 -0.431389 -0.069362 
0.633476 0.327621 0.120013 
-0.436659 -0.724149 0.023038 
-0.785440 -0.483831 -0.123002 
-0.014204 -0.941730 0.098229 
-0.793341 -0.519157 -0.016262 
0.053547 0.754533 -0.123286 
-0.813769 0.043267 0.025145 
0.086486 0.683237 0.022937 
-0.730656 -0.621732 0.001853 
-0.670585 0.404322 -0.123037 
-0.329597 -0.648831 0.003474 
0.557412 -0.758606 0.094049 
0.318274 0.652228 -0.046226 
0.685644 -0.270219 -0.089115 
0.693951 -0.019438 0.081924 
-0.084708 0.691705 0.116835 
-0.637546 0.247720 0.076957 
0.804763 0.479243 0.106931 
0.744263 -0.053116 0.102865 
0.085864 -0.836573 0.023291 
-0.286647 0.636927 0.014020 
0.296134 0.935724 0.058470 
-0.879125 -0.051775 0.033977 
0.109886 0.860018 0.029462 
-0.676581 -0.666537 -0.090381 
0.680019 0.692763 0.015029 
-0.183773 0.907630 -0.119039 
-0.243183 -0.695040 -0.061609 
-0.577014 0.447286 -0.113217 
-0.057157 0.735576 0.093473 
-0.665758 -0.175398 0.046243 
0.946451 0.286965 0.045783 
-0.710505 -0.190765 -0.113630 
0.212505 0.828468 0.025638 
0.188833 -0.977546 0.086562 
-0.758760 0.533961 -0.117863 
-0.309377 0.672774 0.084327 
0.060666 0.721195 -0.061227 
-0.287596 -0.677409 -0.087725 
-0.922664 -0.087238 0.085469 
-0.720704 -0.333275 -0.123286 
-0.421562 0.586575 -0.058727 
-0.521721 0.740870 0.058568 
-0.641088 0.741079 0.039612 
-0.700518 0.289122 0.058519 
-0.636294 0.594838 0.031552 
-0.824658 0.446506 -0.107217 
0.879795 0.128537 -0.123286 
0.883621 -0.368543 -0.007510 
-0.025889 -0.994591 0.054945 
0.915472 0.113456 0.065609 
-0.086818 -0.742986 0.104281 
-0.803396 0.331270 -0.122922 
-0.768919 -0.555534 -0.049465 
0.185070 0.688484 0.119893 
-0.914024 -0.242082 -0.035730 
0.240325 -0.770536 -0.123167 
-0.916863 -0.364393 0.089166 
0.457081 0.513215 0.072872 
0.210348 -0.708369 -0.079559 
-0.758293 -0.635210 0.096550 
-0.288172 -0.845732 -0.123286 
-0.702661 0.110289 0.007699 
0.712300 -0.322642 0.046627 
0.868160 -0.394535 -0.068689 
-0.133335 0.845238 0.026137 
-0.871598 -0.205112 -0.123286 
0.333256 0.880691 -0.029679 
0.391032 0.614016 -0.105540 
-0.526113 0.495805 -0.019388 
-0.555742 0.410007 0.112359 
-0.599299 -0.622901 -0.123286 
0.630930 -0.711565 0.112247 
0.872473 0.337921 0.100980 
0.749988 -0.561611 0.085405 
0.704461 0.457311 -0.123286 
-0.074127 0.914628 -0.122369 
-0.033318 0.931346 0.108959 
-0.633407 -0.485113 -0.123286 
-0.220953 0.645071 0.053756 
0.006882 0.939488 -0.041178 
-0.242993 -0.921911 -0.076722 
-0.500299 -0.519493 0.006213 
-0.352942 0.911076 0.028514 
-0.592186 0.415544 -0.058231 
-0.280793 -0.920912 0.002843 
0.285716 0.875610 0.079112 
0.756442 0.477152 -0.123286 
0.887291 0.318924 -0.111211 
-0.645486 -0.281133 0.014929 
0.687144 -0.501424 0.023189 
-0.455122 -0.528890 0.107338 
0.387105 -0.663149 -0.122787 
-0.119603 -0.771781 -0.123286 
0.924456 -0.364373 0.069501 
0.524985 -0.812359 0.005420 
0.894154 -0.416437 0.112231 
0.459245 -0.593484 0.103834 
-0.908454 0.372387 0.048947 
-0.627511 0.318744 0.011180 
-0.572101 0.425698 0.004869 
-0.706414 -0.628518 -0.109279 
-0.411391 -0.680692 0.035845 
0.752043 -0.330561 -0.122961 
-0.375521 -0.583959 0.052327 
-0.746485 -0.306348 0.028398 
0.900479 -0.102063 -0.123116 
0.827906 -0.000910 0.024186 
-0.743114 0.171115 -0.123256 
-0.701428 0.183491 -0.044162 
-0.318977 0.835073 -0.122766 
0.760903 0.023215 0.066222 
-0.398147 -0.862774 -0.107222 
-0.915772 0.147728 0.092537 
-0.651556 0.219418 0.026626 
0.614947 -0.726026 -0.109655 
-0.338562 0.652808 -0.118641 
-0.081146 0.718063 -0.053243 
0.303125 0.668451 -0.115949 
-0.497845 0.697197 -0.123286 
0.012299 -0.748222 0.105049 
0.677988 -0.288624 -0.004902 
-0.936109 -0.130390 -0.073999 
0.959497 -0.255650 0.091010 
0.567416 0.593555 0.024255 
-0.152059 0.885852 0.050828 
0.086373 0.703969 0.119867 
-0.065502 -0.734813 -0.037615 
-0.726143 0.024600 -0.064996 
0.651240 -0.345523 -0.090766 
0.573436 -0.782019 0.007363 
0.800175 -0.273467 -0.123036 
-0.633968 -0.387088 0.102407 
0.732940 -0.053386 -0.048707 
0.599591 0.729625 -0.031887 
-0.371238 0.862740 -0.056197 
-0.221300 -0.770796 -0.123286 
0.776732 -0.217977 -0.123082 
-0.004688 -0.761531 -0.122545 
-0.153791 0.664750 0.060217 
0.752353 -0.416954 0.024130 
-0.381747 -0.914427 0.103426 
-0.396256 0.744068 -0.123125 
0.137631 0.945788 0.008104 
-0.685131 0.082380 0.107861 
0.695465 -0.285300 0.094338 
0.899378 -0.213970 0.064813 
0.920133 0.160648 0.091437 
-0.554906 -0.478822 -0.081791 
0.506802 0.794742 0.114207 
-0.460055 0.593522 0.064941 
0.303041 -0.673861 -0.062193 
-0.019682 -0.876698 0.027931 
-0.527985 -0.549518 0.064748 
-0.584684 0.616119 -0.123286 
-0.403933 -0.791045 0.033636 
0.307973 0.611956 0.057716 
-0.688453 0.484420 0.023541 
0.000426 0.726266 0.114038 
0.457006 -0.827269 0.105515 
0.682300 0.647880 0.108940 
0.038322 0.979198 0.082266 
0.078370 -0.756882 0.075070 
-0.682944 -0.078263 0.073636 
0.677220 -0.647962 0.084353 
0.557294 -0.493831 -0.113049 
0.033626 -0.961442 0.000229 
-0.109865 -0.947882 -0.049398 
-0.861721 -0.453753 0.116683 
-0.923133 0.155652 -0.112546 
0.668964 -0.441469 0.033789 
-0.323830 0.645663 -0.018362 
0.359160 0.630855 -0.067551 
0.041772 0.824913 0.023275 
0.881935 0.348955 -0.012708 
0.720737 -0.683905 0.029066 
0.721260 0.129111 -0.035741 
-0.120844 0.857170 -0.123286 
-0.934663 0.128114 -0.033244 
0.130811 -0.741427 0.095242 
0.896300 -0.296601 0.106729 
0.592580 -0.725431 0.081974 
-0.253450 0.701253 0.073023 
0.363544 -0.659834 0.095304 
-0.879808 -0.279867 0.073380 
-0.578418 -0.755772 -0.017551 
0.789468 0.400964 -0.123286 
0.723279 0.448953 0.023932 
-0.979919 0.073744 0.099442 
0.918708 0.240575 -0.054241 
-0.780409 -0.400038 0.030584 
0.150892 -0.974934 0.019613 
0.521791 -0.830967 0.117026 
-0.948378 -0.215305 0.116355 
-0.210367 0.837585 0.028785 
-0.887051 -0.312794 -0.112315 
-0.261533 0.901874 -0.057026 
-0.757766 0.516394 0.072995 
-0.011045 0.766451 -0.123236 
-0.409202 0.889771 0.058614 
0.947853 0.055870 0.114983 
0.460618 -0.578179 -0.029285 
-0.726514 -0.029671 -0.076420 
0.584067 -0.451217 -0.021274 
0.124933 -0.960803 0.119869 
-0.176899 -0.679732 0.022722 
-0.750974 -0.518973 -0.123286 
-0.273511 0.803741 -0.122876 
-0.430944 -0.849057 -0.055903 
-0.468495 0.498385 0.100212 
-0.399182 -0.746928 -0.123286 
-0.176830 -0.925475 0.102933 
-0.285924 0.629371 0.112491 
0.294135 -0.843650 0.034696 
0.945237 -0.115179 -0.036483 
0.192464 -0.671150 0.082978 
-0.960785 0.204780 0.064815 
0.152528 0.928143 -0.048209 
-0.925027 0.207617 -0.002297 
0.525531 0.761377 0.083389 
-0.742553 0.095086 -0.122382 
0.458121 0.564990 -0.071244 
0.778814 -0.247442 0.027151 
-0.510705 -0.769270 0.064774 
-0.322720 0.915956 0.112377 
-0.333683 -0.610982 0.101093 
0.607952 -0.633603 0.028115 
-0.414341 0.644088 -0.123286 
-0.141195 -0.865426 0.028085 
0.508637 -0.738920 -0.122951 
-0.851804 -0.499751 0.100177 
0.547476 -0.495452 -0.035733 
-0.220263 0.706737 -0.121042 
-0.094826 -0.989934 0.074719 
0.127198 0.972447 0.078483 
-0.238168 0.889974 0.086652 
0.658025 0.212078 0.072664 
0.177840 -0.702630 0.007647 
0.740931 -0.167089 0.072847 
0.628213 0.411348 0.076657 
0.276698 0.765589 -0.123286 
0.768702 -0.081478 0.053068 
0.446976 -0.545995 0.020902 
0.515603 -0.469960 0.045780 
0.426542 0.821714 0.087735 
-0.783071 -0.480408 0.063675 
-0.290426 0.661188 -0.077824 
0.766013 -0.632191 0.103671 
0.417395 0.842772 -0.104923 
0.439037 -0.851795 -0.005963 
0.439186 -0.809054 0.055953 
-0.065544 0.784219 0.033764 
-0.430557 0.536856 0.021963 
-0.862379 0.036630 0.027326 
0.508271 0.674923 0.023495 
0.484553 -0.503965 0.096904 
-0.794390 0.222120 0.023454 
0.448204 -0.536266 0.073318 
0.651713 0.650172 0.071759 
-0.724430 -0.247767 -0.123286 
0.778895 0.027451 -0.123286 
0.072611 0.911451 0.068267 
-0.813975 -0.560853 0.099259 
-0.474394 0.823046 0.004543 
0.830684 0.454036 -0.026579 
-0.672399 0.133310 0.065245 
0.949614 0.031228 -0.097925 
-0.327556 0.597913 0.074926 
0.255415 0.749943 0.032016 
0.680470 0.126727 0.054656 
0.727316 0.191167 0.080749 
0.844763 -0.444348 -0.054647 
0.568609 -0.405169 0.095827 
0.970821 -0.206964 0.094107 
0.126291 -0.916967 0.063092 
0.010554 0.873111 0.032352 
0.842766 0.281943 0.035907 
-0.705644 -0.019020 0.011837 
0.319966 0.877530 -0.114349 
0.455804 0.589483 0.084116 
-0.944575 -0.006615 -0.039447 
0.961842 0.005246 0.004923 
-0.935737 0.294824 0.035492 
0.417220 -0.829602 -0.123234 
0.823479 -0.069760 -0.123117 
-0.102865 -0.819292 -0.123286 
0.782734 -0.198112 0.030354 
-0.831111 -0.217606 0.025468 
0.242833 -0.722439 -0.122545 
0.632824 0.528522 -0.123286 
-0.231427 0.684167 -0.010264 
-0.492875 0.593333 -0.123286 
0.623951 0.581334 0.024481 
0.651835 -0.298739 0.119120 
0.596126 -0.434878 -0.088462 
0.716756 -0.563190 0.047855 
0.916745 -0.048109 0.058694 
0.604037 0.470848 -0.123286 
-0.256528 0.945618 0.047716 
-0.599018 -0.738489 -0.085297 
0.290280 -0.949642 0.104321 
-0.887290 0.409418 0.107192 
0.711685 0.049282 0.011422 
0.521381 0.448928 0.065726 
-0.240553 0.865012 -0.123243 
0.582474 0.467744 0.083511 
-0.649841 -0.334333 -0.022735 
-0.486511 -0.549500 -0.092832 
0.217897 -0.822293 -0.123286 
0.849347 -0.430827 0.110405 
-0.446710 -0.886290 0.078436 
-0.166068 -0.971685 0.112505 
-0.308903 -0.718208 0.045680 
-0.693718 0.025230 0.112310 
0.680046 0.409201 -0.123286 
0.218502 -0.744118 0.054495 
-0.690671 0.577840 0.052231 
0.847799 -0.518153 0.099996 
-0.601542 0.626660 0.030478 
0.688987 -0.652178 -0.112164 
0.671941 -0.475517 -0.122963 
0.123370 -0.728293 -0.001602 
-0.188174 -0.935038 -0.021595 
-0.938359 -0.016975 0.112459 
-0.194397 0.707980 0.102810 
-0.929278 0.228453 0.119327 
-0.592052 0.349548 0.026585 
-0.704621 -0.142395 0.118664 
-0.553885 0.498905 0.074498 
0.718138 0.614303 -0.071274 
0.040771 -0.737105 -0.042372 
0.336813 0.615037 0.014055 
-0.113411 0.932044 -0.078379 
-0.123753 -0.805116 0.028268 
-0.825947 -0.412325 -0.122703 
0.830775 -0.119076 0.023179 
-0.065711 -0.936260 0.088486 
0.850989 0.185343 -0.123286 
-0.743493 -0.044908 0.085524 
-0.550677 -0.438500 0.112374 
0.662103 0.674087 -0.087058 
0.799252 0.119696 0.028845 
0.579064 0.738388 -0.111108 
-0.851826 -0.162931 0.028030 
-0.384792 -0.893025 0.011356 
-0.308044 0.911993 0.013104 
-0.649173 0.352301 -0.119350 
0.508181 0.793736 -0.099333 
-0.331025 0.703940 0.038738 
-0.664770 0.287172 -0.006152 
-0.788752 0.579251 0.029240 
-0.627335 -0.583737 -0.123286 
0.721869 -0.035513 0.006305 
-0.874328 0.266546 0.065543 
0.653917 -0.370249 0.096808 
0.898312 -0.322479 -0.009313 
-0.717422 -0.125731 -0.032737 
0.625230 0.493155 0.032136 
0.180066 0.905362 0.085590 
0.922107 -0.240896 -0.055875 
-0.708387 -0.447605 0.023016 
0.435479 -0.686107 0.029396 
0.127448 0.894357 0.054379 
-0.861864 0.377722 -0.079915 
0.319180 0.824782 -0.123286 
-0.638982 0.368518 0.097434 
-0.387466 0.590532 0.008986 
-0.595444 0.675830 -0.123286 
-0.407416 0.846524 -0.033251 
0.829723 0.524605 0.023549 
0.409806 0.853812 0.115754 
0.572752 0.451095 -0.056134 
0.027341 0.689806 0.021104 
-0.836425 0.277946 0.035709 
-0.144751 -0.722863 -0.034123 
-0.703748 0.228569 0.093092 
0.786381 -0.496044 0.071054 
-0.367227 -0.637176 -0.048082 
-0.463965 -0.779298 0.046475 
0.644591 -0.358104 -0.046422 
0.692194 -0.056006 0.054530 
0.542390 -0.576406 0.040463 
0.948842 0.062567 -0.063138 
-0.018369 -0.807337 -0.123286 
-0.690506 -0.199871 0.004948 
0.139803 0.684535 0.117176 
0.888955 0.023180 0.035086 
-0.139063 0.746396 -0.123286 
-0.710739 -0.689547 0.040872 
-0.659669 -0.655135 0.079374 
-0.889083 0.312216 -0.017224 
-0.919845 0.055164 -0.122273 
-0.038290 0.979338 0.044297 
0.930944 0.332668 0.062652 
-0.449140 -0.666765 -0.123286 
0.685339 0.110835 0.101709 
-0.731040 -0.499211 0.034001 
0.727958 -0.103432 -0.094325 
0.572804 0.584381 -0.123286 
0.402177 -0.726003 -0.123031 
-0.220378 0.648284 0.103808 
0.568660 -0.500370 0.081125 
0.735587 0.303701 -0.123286 
-0.525556 -0.687297 -0.123286 
0.955163 0.196985 0.116881 
0.652217 -0.242626 0.067207 
-0.682154 0.193470 0.119864 
0.951444 -0.013134 -0.063650 
0.256495 0.634742 0.073469 
-0.376405 0.634226 0.092949 
0.086479 0.955468 0.010649 
0.972436 0.081652 0.014656 
0.124721 -0.728037 -0.062788 
0.981613 -0.147342 0.041654 
0.804293 0.047524 0.030198 
0.681841 0.692189 0.116111 
-0.151540 -0.690658 0.114308 
-0.289136 -0.905584 -0.107416 
0.596622 -0.797444 0.059279 
0.592042 0.354389 0.087013 
-0.603616 0.769703 0.030091 
-0.471792 -0.851773 0.012584 
0.224564 -0.929742 -0.028665 
-0.600714 -0.619314 0.025328 
0.862254 0.062267 -0.123286 
0.377567 -0.635274 -0.045684 
0.270055 0.673209 -0.016050 
0.714759 -0.375544 -0.122934 
-0.307841 0.853123 0.060137 
0.524873 0.463558 0.016065 
-0.732940 0.650367 0.079297 
-0.766512 -0.172954 -0.123286 
0.666489 0.299996 -0.050767 
-0.773255 0.438500 0.041272 
-0.230392 -0.966910 0.058931 
-0.982139 -0.032870 0.101143 
-0.542223 0.767609 -0.019559 
0.465646 -0.574155 -0.073454 
-0.724117 -0.072622 -0.091445 
0.732611 0.047148 -0.072674 
0.702627 -0.188510 0.004020 
-0.318340 0.775745 0.023404 
0.304807 -0.739969 0.035029 
0.561029 -0.676026 0.028208 
-0.772710 0.407810 -0.123163 
-0.791410 0.086132 0.030868 
0.624202 0.726355 0.120264 
-0.871528 -0.370198 -0.070597 
-0.910279 0.295469 0.119919 
-0.346379 0.862519 0.105449 
0.468546 0.565629 -0.114217 
0.511536 0.674262 -0.123286 
0.695055 0.228337 -0.043987 
0.513282 -0.640835 -0.122902 
0.861275 -0.341715 -0.123201 
0.263597 -0.690455 -0.028642 
-0.662949 -0.687601 0.118735 
-0.668642 -0.675463 -0.048006 
0.637716 0.356125 -0.019456 
0.664616 0.726682 0.052060 
0.902338 0.265924 0.108932 
0.702164 -0.648667 -0.012029 
0.926402 -0.098853 0.080416 
0.207152 0.948779 0.018534 
-0.788304 -0.037750 0.034652 
-0.314356 0.779071 -0.122867 
0.475709 -0.784827 0.053201 
-0.695780 -0.624440 0.093387 
0.259256 0.946714 0.079564 
0.675276 0.386577 0.044131 
0.507631 -0.703936 0.025238 
0.513584 -0.634131 0.028257 
0.907515 -0.286031 -0.102564 
-0.444150 0.653068 0.032262 
-0.806820 0.490377 0.116814 
0.626347 -0.304548 0.073412 
0.370474 0.629522 0.112691 
-0.026106 -0.954611 -0.058004 
-0.721096 0.602407 -0.039737 
-0.675364 0.708577 0.034267 
-0.603360 0.665585 0.050025 
-0.560336 -0.463492 0.002065 
-0.751007 0.564210 0.115568 
0.735665 -0.045843 -0.107145 
0.979232 0.129882 0.103980 
-0.746645 -0.585764 -0.027543 
0.471925 0.756005 0.041051 
-0.899103 -0.360886 0.013041 
-0.642138 -0.495839 0.027593 
-0.697313 0.422316 0.024539 
-0.058739 0.832168 0.023079 
0.431852 0.705201 -0.123286 
0.162370 0.757724 0.041682 
-0.912386 -0.331901 0.117495 
0.768288 -0.632668 0.053498 
-0.674389 0.293021 0.102882 
0.829996 0.513626 0.114345 
-0.704908 0.344085 0.035852 
-0.608539 -0.406208 -0.038650 
-0.394879 -0.847778 0.086731 
-0.439896 -0.588120 -0.015265 
0.527589 0.781646 -0.057522 
-0.701320 -0.352287 0.039691 
-0.556300 -0.785698 0.005444 
-0.283250 -0.750588 0.032887 
0.643583 -0.519330 0.025115 
-0.456730 0.710049 0.023895 
0.126994 0.795028 -0.123286 
0.762130 0.619773 0.026229 
-0.868120 -0.101458 0.030780 
0.141395 -0.777028 -0.123212 
0.473501 0.515416 0.015994 
0.577391 0.507998 0.050683 
-0.895488 -0.005214 0.043742 
0.668687 -0.604794 -0.122811 
-0.862435 0.466758 0.072187 
-0.787472 0.348082 0.027301 
-0.122835 0.712023 -0.073393 
-0.743789 -0.473044 -0.123286 
0.722336 -0.113125 0.001434 
0.801647 0.571082 0.103485 
0.162350 0.705931 -0.094138 
0.400882 0.657926 0.047134 
0.187574 -0.774423 -0.123286 
-0.104012 -0.730474 -0.009375 
-0.554891 -0.633304 -0.123286 
-0.901547 0.194714 0.079342 
0.079279 -0.795402 -0.123182 
-0.780430 -0.067289 -0.123286 
0.510391 0.738821 -0.123286 
0.826464 0.427938 0.088127 
0.253930 -0.896679 0.073051 
0.747684 0.584395 0.116357 
0.744729 0.090375 0.087652 
-0.720026 -0.589138 0.081995 
-0.710990 -0.237685 0.079645 
-0.239603 0.681306 -0.062318 
-0.624040 -0.657782 -0.123286 
0.407435 -0.621530 0.113808 
-0.669006 0.660755 -0.009205 
-0.611930 0.487840 0.036332 
-0.535000 -0.710510 0.034772 
0.534982 0.522241 -0.121841 
0.548236 0.816911 0.040560 
0.636098 0.429276 -0.123286 
0.855797 0.388708 -0.114450 
-0.553815 0.683365 0.035988 
-0.015820 -0.930975 -0.122594 
-0.102188 0.740479 0.070853 
0.935365 0.163467 -0.079181 
0.394428 0.564017 0.028714 
-0.878124 0.234369 -0.122801 
0.755218 -0.561829 -0.118872 
-0.697632 -0.289582 -0.122895 
0.044724 -0.799096 0.034737 
-0.240631 -0.834635 -0.123286 
-0.769232 0.220794 -0.123138 
0.382609 -0.586830 0.029583 
0.444012 -0.792729 -0.123224 
-0.251426 -0.686066 0.117399 
-0.619181 -0.304409 0.047582 
0.703781 0.243912 -0.119005 
-0.548931 0.807614 0.105318 
-0.281029 0.822188 0.030955 
-0.504600 0.659939 0.022928 
0.857898 0.253915 -0.123286 
-0.065702 -0.839419 -0.123286 
0.885928 0.020445 -0.123286 
0.086949 -0.697087 0.024848 
-0.743755 0.158736 0.056503 
0.692355 0.549351 0.034846 
-0.125597 0.968116 0.024707 
0.294623 0.731476 0.034027 
-0.685948 0.014199 0.045718 
-0.935946 -0.018009 -0.114921 
-0.812786 -0.123168 -0.123286 
0.404959 -0.865971 -0.026856 
-0.581799 0.503765 -0.123084 
-0.199403 -0.847828 -0.123286 
0.867024 -0.362545 0.096636 
0.239413 0.790096 0.023363 
-0.601672 0.722044 -0.042798 
0.505078 -0.562454 0.086235 
0.685137 0.273801 0.110915 
-0.889538 0.303347 -0.105438 
-0.555558 0.733986 0.082390 
0.142053 0.910854 -0.121576 
-0.236366 0.751681 -0.122856 
0.991632 -0.006703 0.062208 
-0.466286 -0.555894 0.003797 
-0.786258 0.502645 -0.113604 
0.652794 0.621711 -0.123286 
-0.591836 -0.711440 0.069151 
0.267365 0.640881 0.113439 
0.517135 0.522555 0.108251 
-0.471239 0.547569 -0.082673 
0.378072 -0.800742 0.030804 
-0.297033 0.890734 -0.026796 
0.554436 0.698598 0.040859 
-0.037791 0.721956 -0.079667 
0.537483 -0.506734 -0.078577 
-0.918885 -0.133473 0.087854 
-0.292113 0.886622 -0.111838 
0.596494 -0.360750 0.080746 
0.805513 -0.383045 -0.122963 
0.875055 0.134146 0.033541 
-0.202515 0.771405 0.028793 
0.370170 -0.865663 0.096176 
-0.296902 -0.831893 0.031106 
0.060805 -0.919106 0.057319 
-0.674832 0.505811 -0.123242 
-0.184510 0.962089 0.083837 
0.113945 0.727921 0.100040 
0.964153 -0.230891 0.031844 
-0.450065 0.566810 0.115696 
-0.542321 -0.830640 0.078435 
-0.641679 0.545560 -0.123069 
-0.442533 0.827818 -0.081370 
-0.943846 -0.286263 0.044564 
-0.937065 0.292773 0.088346 
0.581327 0.743476 -0.070000 
0.949811 -0.042194 0.116696 
-0.942267 0.051159 -0.071475 
0.471303 -0.708462 -0.122990 
-0.482097 0.536089 -0.000427 
0.851549 0.356798 0.070681 
0.144694 -0.725770 -0.103689 
-0.662026 -0.444591 0.032865 
0.331266 0.881321 -0.070981 
-0.920122 0.201361 -0.096381 
0.452465 -0.644560 0.043705 
-0.892973 -0.420678 0.089789 
-0.632844 0.443251 -0.123241 
0.584803 0.790897 0.087067 
-0.399912 -0.636067 -0.121057 
0.923269 0.097326 -0.122196 
0.331621 0.858780 0.077234 
0.389175 -0.704823 0.032832 
-0.207803 0.926065 0.003968 
-0.640738 -0.351557 -0.092698 
0.877209 0.450920 0.032719 
0.662414 0.309881 -0.097356 
0.215937 -0.848603 0.027425 
0.078171 0.927437 0.105747 
0.199086 0.729204 0.060547 
-0.700304 -0.502815 -0.123286 
0.248777 -0.762824 0.033936 
-0.842572 -0.489478 0.015864 
-0.681181 0.247088 -0.060591 
0.941771 -0.317038 0.050316 
-0.666520 0.662308 -0.069408 
0.772480 0.285388 -0.123286 
-0.059054 0.681374 0.031819 
0.918098 0.007360 0.059129 
0.747887 0.642540 0.057155 
0.810456 0.066472 -0.123286 
0.645291 -0.665709 -0.122766 
0.307081 -0.672099 -0.009480 
-0.955054 0.103914 0.119862 
0.820385 0.432779 -0.121732 
-0.476127 -0.697614 0.022995 
0.984020 -0.107875 0.103867 
0.797483 0.205398 0.024654 
-0.924213 0.095636 -0.118760 
-0.905552 -0.282347 -0.008429 
0.572908 0.382675 0.064655 
-0.725195 -0.673449 0.092937 
0.929349 -0.302503 0.013792 
-0.689668 0.524755 0.029496 
-0.731174 0.001966 0.113637 
-0.723420 0.063822 -0.003142 
-0.284986 -0.649193 0.015636 
-0.838635 0.150253 -0.123286 
0.710138 -0.266254 -0.122766 
-0.116645 0.808208 0.024164 
0.819103 -0.417889 0.056531 
0.201901 0.827215 -0.123286 
0.900787 0.312155 -0.001082 
-0.563485 -0.420934 0.017021 
-0.923500 0.011034 0.080582 
-0.983209 0.024944 0.070720 
0.447793 0.546025 0.119122 
0.147203 -0.836535 0.023072 
0.973405 0.176789 0.035892 
-0.629831 -0.577360 0.023820 
-0.780715 0.365058 -0.123147 
-0.600575 0.334183 0.106978 
-0.392353 -0.588459 0.015713 
-0.832874 0.390542 0.076855 
-0.622084 0.440227 0.052295 
0.468575 0.816522 0.114908 
-0.223046 -0.913124 0.096172 
0.674089 -0.205996 0.112440 
0.470043 0.827207 0.001495 
-0.611986 -0.388144 0.002774 
0.737387 -0.607679 -0.032648 
-0.617130 -0.354122 0.118495 
-0.804116 -0.552614 0.016275 
-0.313721 -0.769102 -0.123286 
0.226575 0.913961 -0.049934 
-0.953649 -0.150519 0.011973 
0.510645 -0.534366 -0.099037 
0.819103 -0.490216 -0.093668 
-0.180123 0.900903 0.079218 
-0.746844 0.197181 0.044894 
-0.718336 0.585987 -0.118445 
-0.024515 0.795638 0.029702 
0.503605 -0.505229 0.014301 
-0.664134 -0.525409 -0.123286 
-0.468704 -0.814534 0.101189 
-0.064962 0.964033 0.015118 
-0.572863 -0.386972 0.076581 
-0.187399 -0.875854 0.037054 
0.568578 -0.423992 0.016881 
0.659074 -0.243380 0.021739 
0.765369 -0.579875 0.117673 
-0.848080 -0.373783 0.078651 
0.739873 0.191630 -0.123286 
0.644383 -0.381989 -0.117808 
-0.588964 -0.553477 -0.123286 
-0.516823 0.505095 -0.074406 
-0.660452 0.672002 0.116725 
0.592783 -0.597771 -0.122846 
0.859978 0.438837 0.119360 
0.961568 -0.049126 0.005540 
0.756530 0.375257 -0.123286 
0.847335 0.506118 0.076774 
0.949392 -0.071967 -0.063550 
-0.956271 -0.236743 0.034808 
-0.615137 -0.395707 -0.085241 
0.710550 -0.666678 0.119082 
0.607626 -0.513909 -0.123109 
0.239304 -0.680907 0.009382 
-0.727494 -0.395149 0.023618 
-0.693737 -0.706806 0.098635 
-0.784073 -0.116879 0.033489 
0.373760 -0.590352 0.083781 
0.529941 -0.843005 0.037626 
0.342488 0.888820 0.117565 
0.730956 0.061840 -0.021150 
0.892845 0.380083 0.118530 
-0.558347 0.804769 0.061109 
-0.722721 0.155403 0.098099 
0.600343 -0.498408 0.048989 
0.617093 0.682305 0.071402 
-0.528780 0.775202 -0.098460 
0.385683 -0.665544 0.062704 
-0.014031 0.926622 -0.119172 
-0.651079 0.211591 0.086787 
0.638772 -0.682940 0.078488 
0.456210 -0.646173 -0.122766 
-0.713790 0.585960 0.089545 
-0.856452 -0.007967 -0.123286 
-0.651077 -0.719606 0.011630 
-0.476480 -0.812168 -0.116767 
0.674982 -0.168605 0.090170 
0.238435 -0.657026 0.056661 
-0.093559 -0.956241 0.119332 
-0.454380 -0.730352 -0.123286 
-0.792086 0.507553 -0.028322 
0.544735 0.789435 0.008173 
-0.061218 0.937360 -0.028089 
-0.901712 -0.081460 0.052243 
-0.565577 0.747306 -0.105849 
-0.005474 0.723165 -0.005366 
0.752012 -0.484622 0.036128 
0.437923 0.783613 -0.123286 
-0.877316 0.426015 0.023168 
0.753362 0.533964 -0.122343 
-0.524520 0.591540 0.031909 
-0.524185 0.522260 0.086341 
0.591671 -0.751143 -0.013429 
-0.771530 -0.541100 0.110076 
0.123814 0.971962 0.034388 
0.623081 -0.313297 0.034949 
0.680821 0.341540 0.061351 
0.833064 -0.492581 0.006930 
-0.533353 -0.787641 -0.066650 
-0.694235 -0.422611 -0.123286 
0.490677 0.639746 0.027576 
0.722483 -0.624289 -0.088612 
0.758230 -0.126111 0.058744 
-0.965190 -0.154520 0.111609 
-0.275156 0.771898 0.023596 
-0.593668 0.553997 0.025033 
-0.001465 0.978103 0.030053 
0.918672 0.213048 -0.112247 
0.800718 -0.519807 -0.058806 
0.434876 0.795619 0.055321 
0.398112 0.891042 0.110226 
-0.651095 -0.259308 0.115090 
-0.541095 0.451448 0.119861 
0.029892 -0.909213 -0.123286 
0.319409 -0.790279 0.023228 
0.572937 -0.732223 -0.123005 
-0.885174 -0.438896 0.042182 
-0.331005 -0.893830 -0.090203 
-0.449611 -0.622115 0.059085 
0.300268 -0.630523 0.053020 
-0.601186 0.752880 0.117875 
0.670317 0.174461 0.033958 
0.070611 0.937077 -0.047804 
-0.712310 -0.152748 -0.060751 
0.772672 -0.561236 -0.052279 
-0.151660 0.730704 0.072283 
-0.890446 0.367358 0.118528 
0.200503 0.696020 -0.063570 
0.210875 0.865550 0.042215 
0.953148 0.264168 0.076968 
0.905468 0.328663 0.119978 
-0.670062 0.640342 -0.117699 
-0.581853 -0.777832 0.119105 
-0.047452 -0.696153 0.070819 
0.936531 0.161202 -0.022769 
0.705746 -0.110218 0.118857 
-0.543987 -0.496754 0.112401 
-0.728249 0.642200 0.018775 
-0.527241 0.807020 0.014146 
-0.439457 -0.562668 0.119219 
-0.540432 0.480153 -0.055691 
0.786415 -0.581650 0.013355 
-0.794893 -0.434002 0.049079 
0.688487 -0.091602 0.073476 
-0.068205 0.922411 0.093963 
-0.626681 -0.735506 0.119915 
-0.256634 -0.694811 -0.109819 
0.407118 0.850841 -0.011690 
0.162979 -0.709003 0.119336 
-0.045318 -0.751241 0.094661 
0.947417 0.082561 -0.015103 
-0.225035 -0.891152 0.056827 
-0.150965 -0.977251 0.022903 
0.301248 -0.630481 0.095688 
0.697627 0.555265 -0.123286 
-0.693131 -0.223085 0.115626 
0.123237 0.721590 -0.115484 
0.837962 -0.277349 0.030642 
0.571279 -0.651201 -0.123249 
0.704618 0.145060 0.007012 
-0.192212 -0.669562 0.098442 
0.056843 0.722228 -0.099786 
0.284221 -0.900550 -0.118035 
-0.188086 0.697388 -0.082137 
-0.398485 0.646237 0.054467 
0.533990 0.601373 -0.123286 
0.187199 0.925864 0.117665 
0.626700 -0.773588 0.064341 
0.935467 -0.168910 -0.104336 
0.724963 -0.208308 -0.121498 
0.933735 0.028978 0.088316 
-0.142975 0.699479 0.004008 
-0.834829 -0.422947 0.101973 
-0.486439 -0.817984 -0.064483 
0.928914 -0.138552 0.099645 
0.462169 0.821858 -0.061256 
-0.253624 -0.711233 0.082402 
-0.715477 -0.661421 0.014755 
-0.594579 -0.515003 -0.123286 
-0.828646 -0.285593 -0.123286 
0.358005 -0.825032 -0.123286 
0.532843 -0.841406 0.081582 
0.274698 0.818657 0.028021 
0.114066 -0.948273 -0.069379 
-0.437576 -0.605452 0.100782 
-0.781888 -0.267786 -0.123286 
-0.457479 -0.581034 -0.110057 
0.364783 -0.761700 -0.123286 
-0.689952 -0.066741 0.109697 
0.664363 -0.513257 -0.123153 
-0.165178 -0.714121 0.001246 
-0.529614 -0.790643 -0.021811 
0.595098 -0.747848 -0.052707 
-0.898363 0.264728 -0.110654 
0.754537 0.164009 0.051874 
0.507259 -0.809967 -0.074408 
0.263490 -0.960187 0.036887 
0.962392 -0.165849 0.014019 
0.418987 -0.558780 0.062592 
-0.432665 -0.808363 -0.123286 
0.534874 0.527036 0.073758 
0.867332 -0.150412 -0.123286 
0.162286 -0.679352 0.043462 
-0.866184 -0.398445 0.000851 
-0.725381 -0.059943 -0.017461 
-0.337312 0.652512 0.100943 
-0.403292 0.811458 -0.123269 
0.352494 -0.929499 0.101888 
-0.879565 -0.239904 0.057154 
-0.478004 -0.502179 0.079545 
0.651553 0.465485 0.030157 
-0.446794 0.567952 -0.036854 
-0.695076 0.690987 0.064198 
-0.767940 -0.623937 0.061331 
0.349808 0.896735 0.011751 
-0.172645 -0.723457 -0.113536 
-0.137544 0.929050 -0.041018 
0.692851 0.028318 0.063258 
0.130548 -0.930979 -0.119089 
-0.065638 -0.923176 -0.123286 
-0.095468 -0.694155 0.025812 
0.354126 0.823839 0.046564 
0.265953 -0.861051 -0.122885 
-0.095816 0.823624 -0.123286 
-0.730140 -0.007818 -0.107434 
-0.723611 0.062127 -0.093657 
0.088867 -0.914251 -0.122848 
-0.696673 0.201234 -0.010683 
0.194739 -0.688222 0.117153 
-0.045739 0.721659 -0.001805 
0.157697 -0.900221 0.049885 
-0.302684 -0.670826 -0.053521 
-0.045432 -0.988467 0.023005 
-0.354982 0.912839 0.068363 
-0.526224 0.575353 -0.123286 
0.748122 -0.654447 0.029402 
0.539540 -0.498203 0.001202 
-0.768789 0.601639 0.107327 
-0.037150 0.880760 0.036954 
-0.849026 0.170953 0.028441 
0.278134 0.896296 -0.107789 
0.705791 0.633725 -0.010245 
0.512930 0.461936 0.103125 
0.289688 -0.910777 -0.049186 
-0.239419 -0.760949 0.035269 
0.624638 0.377114 0.115015 
0.687806 -0.105514 0.034507 
-0.067306 0.901119 0.054994 
0.279296 -0.700303 0.093557 
0.325727 -0.625136 0.021926 
0.950107 -0.043625 -0.090624 
0.237381 0.849356 -0.123286 
-0.342624 -0.727755 0.031744 
-0.491357 0.473929 0.036680 
0.775161 -0.528132 0.087324 
-0.694142 0.633760 0.116766 
-0.422316 -0.898725 0.048426 
-0.675553 0.133300 0.027705 
0.724187 0.602565 -0.107919 
-0.541406 -0.831595 0.040860 
-0.106656 0.974096 0.080204 
0.614170 0.763238 0.107449 
0.685741 0.603646 -0.123286 
-0.481030 0.564436 0.082475 
0.830509 -0.548023 0.055727 
-0.834752 0.037453 -0.123286 
-0.048667 0.820273 -0.123120 
0.810024 0.489425 -0.079626 
-0.935638 -0.063525 0.111491 
-0.190956 -0.976137 0.055360 
-0.232644 0.727925 0.049322 
0.952469 0.127371 0.004941 
0.357965 0.793171 -0.123286 
0.891152 0.064760 0.037828 
0.694406 0.013289 0.100172 
0.088814 0.771016 0.040590 
0.633226 -0.715581 -0.062503 
0.786585 0.308262 0.023220 
-0.331880 -0.818600 0.031207 
0.128623 0.828225 0.023288 
0.210342 -0.960488 0.116073 
0.328478 0.794339 0.026609 
0.770094 0.548878 -0.064437 
-0.426906 -0.838435 0.103639 
-0.050429 0.977826 0.099343 
-0.455566 0.683250 -0.123286 
-0.599827 0.537061 -0.123219 
-0.601835 0.419468 0.104677 
-0.860510 -0.308624 0.059408 
-0.363654 -0.880478 -0.065294 
0.801144 -0.585424 0.104904 
0.069245 0.930010 -0.114212 
0.618292 0.765788 0.060525 
0.857487 0.166665 0.028510 
0.751038 0.369506 0.023050 
-0.696031 -0.647025 -0.015011 
0.603751 0.409560 -0.014239 
0.004788 0.915098 0.070128 
0.914290 -0.387444 0.100367 
-0.245404 -0.933320 0.119872 
0.143189 0.668493 0.080430 
-0.784907 0.517947 -0.067259 
0.149945 -0.845186 -0.122999 
-0.642599 0.277864 0.117938 
0.403840 -0.898358 0.114851 
0.011870 0.803221 0.027344 
0.282194 0.821614 -0.123286 
-0.717601 0.109800 -0.071206 
-0.725668 -0.104083 -0.111072 
0.429318 0.838626 -0.070030 
0.354889 -0.686948 -0.123111 
0.506343 0.836504 0.109287 
0.874075 0.221096 0.044431 
-0.816249 -0.558749 0.055565 
-0.805737 0.167364 -0.123286 
-0.727968 0.338538 -0.123192 
-0.793348 0.126507 0.028114 
-0.555250 -0.524625 0.061724 
0.219959 0.652607 0.106752 
0.236722 0.684872 -0.064408 
-0.155884 0.925280 -0.102267 
0.360025 0.740283 -0.123286 
-0.520396 -0.457889 0.075241 
0.646141 0.244635 0.059840 
-0.850277 -0.417221 -0.092068 
-0.982802 -0.054987 0.060886 
0.118522 -0.954938 0.000523 
-0.871071 -0.348085 -0.115657 
-0.362529 0.625723 -0.098692 
-0.027475 -0.737329 -0.034960 
-0.661787 0.253510 0.008590 
0.484570 0.542389 -0.036783 
0.755290 -0.590485 -0.005398 
0.267439 0.892785 0.106123 
0.779125 0.448108 -0.123286 
-0.511803 -0.846297 0.104974 
-0.831230 0.249866 -0.123094 
-0.721376 0.526622 -0.123091 
-0.120688 -0.986300 0.100699 
-0.891337 -0.059064 -0.123286 
-0.939642 0.139192 0.119246 
-0.831559 -0.454080 -0.045299 
-0.376684 0.616247 -0.056835 
-0.405648 0.890969 0.095197 
-0.125779 -0.736216 -0.116472 
0.886723 0.227405 -0.123286 
-0.116716 -0.701957 0.117090 
0.023501 0.745210 0.075201 
-0.218875 0.913540 -0.070144 
-0.935212 -0.110436 -0.107392 
0.216182 -0.931012 -0.072317 
-0.962365 0.085087 0.013767 
-0.782559 0.056884 -0.123229 
-0.497895 -0.565200 0.081218 
0.595781 0.707542 -0.121670 
-0.353719 0.749319 -0.123027 
0.775572 0.515825 0.093030 
0.094078 0.935303 -0.075843 
0.712530 -0.184334 -0.082004 
0.707830 -0.498290 -0.123094 
0.780393 0.198213 -0.123286 
0.657552 0.252161 0.015662 
-0.943811 -0.017455 -0.079233 
-0.204253 0.928199 0.118774 
-0.467635 0.847025 0.115541 
0.587791 0.623859 0.025310 
0.919736 0.201896 0.109514 
0.268479 0.678088 -0.109607 
0.945500 0.090522 -0.090676 
-0.384539 0.769674 0.027807 
0.637249 -0.402010 0.090267 
0.654655 -0.739790 0.111459 
-0.211603 -0.930221 -0.060214 
-0.976949 -0.119953 0.099188 
-0.733764 -0.194644 0.062666 
0.026590 0.722649 -0.042642 
-0.489007 0.551319 -0.119709 
0.046592 -0.726570 0.117395 
-0.724240 0.202214 -0.123252 
-0.696223 0.285756 -0.123283 
-0.515575 -0.667917 0.022968 
-0.892280 0.384083 0.018551 
0.048485 -0.953697 -0.081003 
0.026445 0.778771 -0.123286 
0.483434 -0.796980 -0.122536 
0.357634 -0.884337 -0.104307 
-0.420092 0.777510 -0.123208 
