-0.914089 -0.380430 0.015582 
0.918303 0.392069 0.020110 
0.384565 -0.913796 0.021510 
-0.385365 0.919760 0.016481 
0.913081 -0.365946 0.001132 
0.379714 0.922639 0.039127 
-0.917026 0.382290 0.019435 
-0.379629 -0.913458 0.013741 
-0.816001 0.001113 0.010464 
0.003357 -0.821356 0.003935 
0.001065 0.837155 -0.017955 
0.588304 0.596513 -0.035199 
0.579716 -0.575502 0.032826 
-0.588668 0.591649 -0.038432 
-0.591251 -0.591440 -0.044184 
0.994843 0.011708 0.039668 
0.821349 0.175200 -0.042191 
0.822649 -0.138662 -0.032602 
0.811516 -0.573266 0.019954 
-0.978859 0.159908 0.027727 
-0.977913 -0.156973 0.034015 
0.802210 0.590697 0.040361 
-0.802034 -0.575730 0.039307 
-0.799610 0.583063 0.042110 
0.583560 -0.801182 0.037467 
0.582705 0.808573 0.040160 
-0.572675 -0.801340 0.041510 
-0.170139 0.979969 0.041019 
0.161367 0.981794 0.041369 
-0.155525 -0.976777 0.013747 
0.172798 -0.974910 0.020901 
-0.587916 0.803932 0.020266 
-0.402112 0.714864 0.015565 
-0.220925 -0.782304 0.018541 
0.400467 -0.710309 0.028553 
-0.783997 0.227955 0.021469 
0.412575 0.730674 -0.039542 
0.726664 0.417551 -0.039050 
-0.802904 -0.221569 -0.042747 
-0.713576 -0.390564 0.033728 
-0.724880 0.411056 -0.038272 
0.715186 -0.397109 0.033770 
0.220348 0.807844 -0.034826 
-0.230085 0.803940 -0.027516 
0.232815 -0.799133 -0.041488 
-0.401548 -0.729266 -0.043106 
0.973026 -0.201897 0.039705 
0.972316 0.220390 0.037122 
0.690487 -0.687037 -0.042923 
0.821651 0.021049 0.038783 
0.008685 -0.984215 0.042648 
-0.968878 0.013621 -0.044155 
-0.694102 -0.695624 0.042945 
0.002973 0.998871 0.019934 
0.702967 0.710392 0.028552 
0.773666 0.296588 0.042988 
-0.692482 0.691997 0.043494 
0.789902 -0.262204 0.043537 
-0.503978 -0.667303 0.043579 
0.532118 -0.698326 -0.044409 
0.699897 -0.516464 -0.044364 
-0.817592 -0.459870 -0.044542 
-0.653696 0.499328 0.041738 
-0.846648 0.482427 -0.042784 
0.480620 0.859340 -0.033817 
-0.467200 0.817894 -0.044498 
-0.118322 -0.857288 -0.044542 
0.502637 0.666573 0.043473 
-0.842957 0.125019 -0.044542 
-0.258027 -0.898844 -0.044542 
0.969386 -0.096066 -0.043985 
0.135716 -0.838361 0.043637 
-0.671313 -0.527616 0.043538 
-0.266120 0.932353 -0.044542 
0.847412 0.494235 -0.041553 
-0.878123 -0.104363 -0.044542 
-0.116407 0.856058 0.043637 
0.275951 0.934144 -0.044542 
0.656565 0.499034 0.039515 
-0.938367 -0.259973 -0.040243 
0.956456 0.107211 -0.044542 
0.440970 -0.813632 -0.044475 
-0.892172 0.268864 -0.044408 
0.825763 -0.454377 -0.044502 
0.331543 0.789730 0.043582 
-0.534234 0.676709 0.043637 
0.117123 0.819407 0.042181 
-0.712192 0.604693 -0.044542 
0.895439 -0.249359 -0.044542 
-0.715109 -0.603085 -0.044542 
-0.470643 -0.831950 -0.044542 
0.084114 0.924941 -0.044542 
0.280381 -0.919363 -0.044354 
0.715097 0.575629 -0.044542 
0.581310 0.720173 -0.044542 
-0.083762 0.934005 -0.044542 
0.081846 -0.926889 -0.044542 
-0.803319 -0.307790 0.043009 
0.864432 0.288862 -0.044542 
-0.334020 0.813227 0.029922 
0.788012 -0.341801 -0.044542 
-0.580831 -0.709455 -0.044542 
-0.786918 0.353383 0.043463 
-0.345875 -0.793720 0.037123 
-0.598226 0.708700 -0.044354 
0.300513 -0.762124 0.042072 
-0.822432 -0.145348 0.043637 
0.866441 -0.036649 -0.044542 
0.358563 0.856322 -0.044542 
-0.935554 -0.053358 0.034430 
-0.046190 -0.950912 -0.044542 
0.707639 -0.621828 0.040274 
-0.713887 -0.485886 -0.044542 
0.628684 -0.700631 0.040499 
0.474411 -0.857897 0.043637 
0.335918 -0.811745 -0.044492 
0.849916 0.119971 0.043624 
0.828942 0.385361 -0.044542 
-0.485601 0.717175 -0.044458 
-0.949393 0.255936 0.043590 
0.177697 -0.893498 -0.044386 
-0.918154 0.080409 0.013606 
-0.769410 -0.361900 -0.044542 
0.506995 -0.644042 0.041223 
-0.088406 -0.818756 0.043637 
0.861802 -0.084061 0.043188 
0.654550 -0.505377 0.043584 
0.852405 0.066020 -0.044542 
0.758531 0.498264 0.008631 
0.497036 0.770269 0.008870 
-0.856047 -0.484785 0.042825 
-0.821545 0.380985 -0.044407 
0.610645 -0.627281 -0.044542 
0.840757 0.220237 0.042761 
-0.259160 -0.954013 0.036440 
0.873324 -0.471787 0.039109 
-0.458886 0.859333 0.043573 
0.184973 0.887437 0.008631 
-0.712734 0.507261 -0.044495 
0.915851 0.298462 0.043637 
-0.339791 -0.844111 -0.044542 
0.666955 0.659975 -0.044542 
-0.493582 -0.756290 0.008631 
-0.435526 -0.840120 0.043637 
-0.899505 -0.283954 0.043003 
-0.813299 0.098006 0.041381 
-0.153036 0.855975 -0.044463 
0.536847 -0.803445 -0.044372 
0.926143 0.213333 -0.044542 
-0.296817 0.941102 0.043637 
0.750872 -0.604394 -0.044354 
0.771894 0.389826 0.043629 
-0.832106 0.446907 0.042103 
-0.857219 -0.331323 -0.044542 
0.264589 -0.944481 0.043637 
0.952136 -0.002642 -0.044542 
0.982101 0.115625 0.043360 
0.623827 -0.750305 -0.040136 
0.261364 0.954632 0.043590 
-0.917509 0.177874 -0.044396 
0.957741 -0.073445 0.043637 
-0.369039 0.853899 -0.044443 
-0.628125 0.588517 0.043593 
-0.671975 -0.684286 -0.044542 
-0.176350 0.950312 -0.044532 
0.938156 -0.289786 0.043637 
-0.736755 0.463727 0.038203 
-0.609699 -0.607929 0.042613 
-0.078002 -0.933294 0.038056 
-0.792777 0.554603 -0.044402 
-0.774360 0.304745 -0.037812 
0.864548 0.459971 0.043590 
0.805760 -0.253898 -0.044542 
0.892830 -0.176782 0.008631 
-0.787781 -0.548569 -0.044542 
0.093470 0.836220 -0.042742 
0.237354 -0.829994 0.042103 
0.614692 0.725339 0.042482 
0.190678 0.960024 -0.043629 
0.119932 -0.824806 -0.043014 
-0.493235 -0.675554 -0.044341 
0.086934 -0.942273 0.043635 
-0.966713 -0.105672 -0.042207 
-0.348209 0.766166 -0.043769 
0.655170 0.586835 0.028105 
-0.067211 0.950316 0.043432 
0.434555 0.842033 0.039730 
-0.883937 -0.010842 -0.044542 
0.491783 0.692325 -0.044542 
-0.415911 -0.730352 0.043637 
0.078444 0.952664 0.043586 
-0.989580 0.035064 0.038309 
-0.198792 -0.865751 0.010732 
0.767113 -0.499964 0.009978 
0.257250 0.833536 0.041697 
0.419632 0.754899 0.043637 
-0.721204 -0.605163 0.042812 
0.476009 -0.757003 0.009957 
-0.216727 0.886900 0.008631 
-0.859586 0.188152 0.018676 
0.807220 -0.175359 0.042815 
0.584723 0.645011 0.042821 
0.336894 0.769051 -0.040424 
-0.288973 -0.775608 -0.031456 
-0.895006 -0.205278 0.012566 
0.729035 -0.425944 -0.044360 
-0.640677 -0.751464 0.009335 
0.777976 0.311771 -0.039721 
0.798230 -0.345488 0.040155 
0.003845 0.915846 0.008972 
-0.860865 0.321736 0.011343 
-0.556917 -0.797254 -0.039818 
-0.614514 0.719351 0.041622 
-0.681661 0.681148 -0.044542 
0.925543 0.058124 0.013689 
0.308342 -0.871063 0.015876 
0.378229 -0.789012 0.023234 
-0.179172 -0.922806 -0.044542 
0.742458 0.647025 -0.015437 
-0.178374 0.803124 0.037974 
-0.514677 0.767704 0.012440 
0.965007 -0.176566 -0.036564 
-0.038710 -0.870045 -0.044542 
0.650432 0.528070 -0.037862 
0.794423 0.563150 -0.044542 
-0.728439 0.619709 0.043637 
-0.834671 -0.389575 0.014343 
-0.281790 -0.843609 0.010445 
-0.529434 0.650851 -0.042962 
-0.761995 -0.453635 0.011869 
0.451687 -0.697094 -0.035299 
0.030571 -0.899609 0.008631 
-0.969027 0.105974 -0.040672 
0.555359 0.794059 -0.044542 
0.857988 -0.292719 0.008631 
0.517714 0.851944 0.039873 
-0.846845 -0.062417 0.043616 
-0.070462 0.857596 -0.044525 
-0.634972 -0.530635 -0.025595 
0.911769 0.153710 0.012184 
-0.820505 0.208151 -0.044354 
0.706255 0.429668 0.041955 
0.376608 -0.739972 -0.038020 
0.057696 0.867012 0.043006 
0.939111 0.291060 -0.030192 
-0.257308 0.781915 0.040011 
-0.808359 -0.219957 0.043637 
-0.552476 0.604656 0.030827 
0.303478 0.890915 0.026833 
-0.843333 0.521968 0.039872 
-0.050659 0.820798 0.035548 
0.023945 -0.974696 -0.032721 
0.655592 0.733471 -0.037553 
0.851065 -0.400627 0.035180 
0.805318 -0.536652 -0.044530 
0.376764 -0.880472 -0.044515 
0.785147 -0.426606 0.010793 
-0.874466 -0.412976 -0.044180 
0.562459 -0.731646 0.013830 
-0.739979 -0.541197 0.012166 
0.066264 -0.813921 0.040726 
0.845128 0.531965 0.032483 
-0.435787 0.880384 -0.023153 
-0.520956 0.845983 0.007505 
0.036138 0.979667 -0.042063 
-0.629913 -0.671790 0.014567 
-0.404460 0.787367 0.017712 
-0.298218 0.838168 -0.044418 
-0.645940 0.547567 -0.044542 
-0.215065 -0.821755 -0.044542 
0.204357 -0.908966 0.024721 
-0.926606 -0.174003 -0.044542 
-0.679998 -0.449794 0.007993 
-0.902034 0.341135 -0.044462 
-0.510627 -0.846628 0.013407 
0.286692 0.858453 -0.044542 
-0.830878 0.049141 -0.040935 
-0.462025 0.677154 0.027807 
-0.630902 0.651015 0.008631 
0.855833 -0.364958 -0.044542 
0.185989 0.801612 0.033433 
0.047500 -0.850082 -0.044542 
-0.542385 -0.625181 -0.004300 
0.428085 0.800324 -0.044542 
-0.862224 0.044948 0.042692 
0.633143 -0.540654 -0.037688 
0.807691 0.244914 -0.044072 
-0.964047 -0.226351 0.027506 
0.444326 0.693390 0.013010 
-0.911563 -0.127578 0.013434 
0.883069 -0.008380 0.019384 
-0.409146 -0.866940 -0.044542 
-0.158314 -0.808974 0.043637 
-0.783270 -0.292712 -0.044108 
-0.130565 0.918079 0.013306 
-0.416568 0.750132 -0.044376 
-0.775497 0.476015 -0.044444 
0.789410 0.447730 -0.044542 
-0.733674 0.546188 0.009565 
0.727982 0.603434 0.036904 
0.986827 -0.136796 0.019334 
0.583850 -0.648554 0.029520 
0.409291 0.895474 -0.017575 
0.887221 0.422701 -0.038782 
0.184790 -0.792929 0.016111 
-0.228120 0.963619 0.004288 
0.862078 0.330203 0.011012 
0.929387 -0.309512 -0.039278 
-0.547504 0.789492 -0.044491 
-0.563404 -0.733455 0.017987 
-0.335400 -0.912999 -0.039670 
0.650234 -0.574294 0.039867 
0.695139 -0.708909 0.023611 
-0.864107 -0.253299 -0.044542 
-0.343823 0.919514 -0.038349 
0.888465 -0.123027 -0.044542 
0.120248 0.977016 -0.018318 
-0.345661 0.745983 0.038992 
-0.923340 0.011137 0.014630 
0.706133 0.488817 -0.044542 
0.542736 -0.629822 -0.036689 
-0.730105 0.396161 0.043469 
0.903830 0.230588 0.017418 
-0.721771 -0.410284 -0.041063 
0.675456 -0.606967 -0.044412 
0.542606 0.645912 -0.043746 
0.734160 -0.559074 0.013118 
-0.848805 0.255190 0.013770 
-0.134447 -0.895260 0.008631 
0.144418 0.895063 -0.044542 
0.213955 -0.951873 -0.026973 
-0.063186 0.886415 0.015744 
-0.859468 -0.173469 -0.044542 
-0.358128 -0.732134 0.007901 
0.339760 0.923888 -0.027063 
-0.880062 0.429175 -0.019933 
0.820138 -0.039342 0.010384 
0.649095 -0.644930 0.010063 
0.134838 -0.966147 -0.035452 
0.378599 0.822377 0.009058 
-0.802306 0.155716 0.009037 
-0.940074 0.320100 0.023864 
0.909273 0.348698 -0.044469 
-0.029846 0.972814 -0.044542 
-0.284239 0.873503 0.009896 
-0.313266 -0.916699 0.043514 
-0.988454 -0.024290 0.007919 
-0.034472 -0.870676 0.025843 
-0.940014 -0.045547 -0.044542 
0.845753 -0.226718 0.028791 
0.125637 -0.901611 0.009688 
-0.951456 0.225536 -0.014390 
0.273734 0.781622 0.005493 
-0.908548 0.145257 0.012592 
-0.394620 0.855879 0.032871 
-0.895723 0.054915 -0.044542 
-0.663701 -0.589240 0.011256 
0.672055 0.653753 0.020215 
0.882082 -0.427688 -0.015198 
-0.110041 -0.963091 -0.043335 
-0.923000 -0.316823 -0.007849 
0.882647 0.141933 -0.044542 
0.856727 -0.192304 -0.044542 
0.411892 -0.842548 0.036292 
0.555688 0.695517 0.015482 
-0.051995 -0.988271 0.017200 
0.320614 -0.933458 0.006456 
0.770918 -0.626244 0.029911 
-0.826282 -0.070413 -0.027699 
0.131293 0.925556 0.018464 
-0.784628 0.412783 0.014244 
-0.744687 -0.333147 0.039655 
-0.419471 -0.784829 0.010317 
0.844392 0.396026 0.016560 
-0.783675 0.507806 0.021946 
0.459496 -0.691264 0.043450 
0.713416 -0.459957 0.043637 
-0.458727 -0.757400 -0.044542 
-0.717727 -0.659313 -0.008169 
-0.293870 -0.757683 0.031321 
0.650803 0.596843 -0.044542 
0.217692 0.878428 -0.044542 
-0.099174 0.978799 -0.003073 
-0.787711 -0.513291 0.042156 
-0.377173 -0.848299 0.021740 
-0.769925 -0.265264 0.012052 
0.485348 -0.848024 -0.016762 
-0.831258 -0.509365 -0.009579 
-0.906894 0.116006 -0.044542 
0.820334 0.079532 0.006832 
0.532080 -0.836242 0.036870 
-0.986799 -0.087728 0.028670 
0.583392 0.580587 0.024455 
-0.600083 -0.547944 0.031153 
-0.986629 0.098783 0.022857 
-0.626068 0.755574 -0.007036 
-0.679529 0.588574 0.009548 
0.816999 -0.516702 0.043549 
-0.367963 -0.780779 -0.044542 
0.365632 0.741506 0.006426 
0.702023 0.549623 0.014365 
0.970494 0.156496 -0.005291 
-0.842640 0.391592 0.017903 
0.917172 -0.106778 0.012126 
0.985375 0.064889 0.002582 
-0.762115 0.297639 0.038354 
0.160993 0.821571 -0.029088 
-0.072377 -0.824589 -0.020876 
0.609927 0.774033 -0.002205 
0.910977 0.046914 -0.044542 
-0.847089 -0.273136 0.010527 
0.784926 0.244559 0.012445 
0.013139 0.825541 0.040798 
-0.223895 -0.948530 -0.012616 
0.018600 0.888708 -0.044542 
-0.747463 0.365093 -0.005948 
-0.456107 -0.675638 0.007593 
0.905714 -0.234127 0.026844 
0.811749 -0.116354 0.022356 
-0.891022 0.434676 0.039859 
-0.205225 -0.928267 0.043637 
-0.773537 -0.395272 0.032160 
-0.844191 0.307302 -0.044540 
0.989919 -0.040630 0.005242 
0.766201 0.370274 -0.044542 
0.786250 -0.401618 -0.044434 
-0.461696 0.735101 0.042620 
0.748516 0.341437 0.012511 
0.808127 0.451614 0.012043 
0.865871 0.229242 -0.044542 
-0.771050 -0.618955 0.012399 
0.293572 -0.861249 -0.044394 
-0.336669 0.881971 0.036492 
-0.607130 -0.656238 -0.044542 
0.537196 0.623744 0.014317 
0.491533 0.795489 -0.044542 
0.591239 -0.694332 -0.044542 
0.751585 -0.344540 0.003691 
-0.250414 -0.892094 0.023278 
-0.530700 -0.740584 -0.044542 
-0.889976 -0.428645 0.039565 
0.290457 -0.776998 -0.030533 
-0.687329 0.443781 0.013154 
-0.715233 -0.485075 0.039244 
0.734808 0.663308 0.043522 
0.757496 -0.480335 -0.044436 
0.801798 0.181084 0.012734 
-0.565312 0.724388 0.010275 
-0.868641 -0.345326 0.032145 
0.437099 -0.871807 -0.039712 
-0.900859 0.230317 0.023086 
-0.815718 -0.146629 -0.014389 
0.324358 0.945368 0.028930 
0.069719 -0.987061 0.010599 
0.734167 -0.666119 0.008676 
-0.470156 0.807460 0.019783 
-0.721427 -0.543532 -0.044542 
0.948192 -0.252868 -0.020393 
0.630033 -0.766446 0.034956 
-0.621004 0.534822 0.010145 
-0.762376 0.615739 -0.018494 
0.489763 -0.744575 -0.044474 
-0.248523 0.866975 -0.044542 
0.496847 -0.665749 -0.012950 
0.936682 -0.151346 0.043066 
-0.895983 0.286119 0.039239 
-0.273170 -0.830273 -0.044542 
-0.556779 -0.674875 0.020045 
0.515806 -0.702971 0.029956 
0.686729 -0.469780 -0.005760 
-0.655357 -0.596308 -0.044542 
0.846589 -0.493556 -0.009066 
0.212650 0.924778 0.041086 
0.352126 -0.737612 0.039964 
0.946182 -0.017220 0.041254 
0.476953 0.729458 0.042555 
0.551470 0.763472 0.026246 
-0.641672 0.635305 -0.044542 
0.917568 -0.073810 -0.044542 
-0.420514 -0.801197 -0.044542 
0.834060 0.283470 0.025243 
0.776292 0.502971 -0.044542 
0.011440 -0.921151 -0.044542 
-0.034939 0.905589 -0.044542 
0.248334 -0.877403 0.009950 
0.443934 0.792505 0.008631 
-0.670495 0.717359 -0.001274 
-0.606808 -0.758890 -0.041144 
0.445420 0.894808 0.025433 
0.858768 -0.348120 0.014465 
0.465966 0.745999 -0.044542 
-0.310092 0.769490 0.003143 
-0.870353 0.479288 0.013758 
-0.117965 0.828343 -0.004599 
0.861464 -0.309720 -0.044542 
-0.864150 0.116365 0.028872 
0.212619 0.971446 0.005952 
0.241716 -0.777772 0.024162 
0.554874 -0.751167 -0.044435 
0.440750 -0.799594 0.009887 
-0.182321 0.926310 0.036103 
-0.862129 -0.455448 -0.011110 
0.061292 0.910007 0.008631 
-0.218035 0.842722 0.041635 
0.831055 -0.077120 -0.032510 
-0.019914 -0.922810 0.015862 
0.620913 0.543262 0.039509 
0.382673 0.867491 0.040285 
-0.807854 -0.400959 -0.044542 
0.059951 0.829498 0.003189 
-0.439270 -0.878010 0.004295 
-0.131075 0.906631 -0.044458 
-0.247444 0.916588 0.042681 
0.537757 0.825562 -0.003539 
0.809537 -0.199987 -0.018324 
0.067982 0.987513 0.003049 
0.756182 0.551595 0.018946 
0.188731 -0.840302 -0.044354 
0.173527 -0.865470 0.014280 
0.904515 -0.332324 0.043528 
0.779270 0.602265 -0.010289 
0.959889 0.272916 0.025234 
-0.737754 0.658043 0.004598 
-0.926632 0.186123 0.042875 
-0.859488 -0.008941 0.043559 
-0.518762 -0.801595 0.043637 
0.318025 0.841661 0.010344 
-0.538620 0.703976 -0.044448 
-0.163589 0.875492 0.014120 
-0.159391 -0.812054 -0.010154 
0.819907 -0.463157 0.038623 
-0.823585 -0.440051 0.029403 
0.523542 0.735689 -0.044542 
0.387479 -0.827843 -0.044392 
-0.241703 -0.827238 0.041987 
0.710637 0.504731 0.042200 
0.289271 -0.818045 0.037292 
0.916780 -0.200311 -0.044542 
-0.828569 0.522004 -0.011702 
0.757567 0.441962 0.033332 
-0.807066 0.432967 -0.044509 
0.078451 -0.865155 0.032201 
0.832187 0.115343 -0.042610 
-0.017517 0.869136 0.042909 
-0.207384 0.907082 -0.044542 
-0.888809 -0.062086 0.010571 
-0.905151 -0.354255 -0.041897 
0.426057 -0.758378 -0.044542 
-0.183865 -0.864776 -0.044542 
0.432896 -0.891898 0.023321 
0.151197 0.860019 0.040932 
0.665171 0.745792 0.017966 
-0.800163 0.259160 -0.044412 
-0.818475 0.290114 0.039084 
0.514561 -0.783937 0.033788 
0.802026 0.501324 0.038260 
-0.102918 -0.983794 0.029926 
0.749156 -0.535045 -0.044421 
-0.931876 0.297188 -0.024611 
-0.562065 -0.587047 0.034671 
0.884780 0.091288 0.014368 
0.929199 0.332979 0.001470 
0.851823 -0.142718 0.043637 
0.581697 -0.593725 -0.016282 
-0.555247 -0.663697 -0.044542 
-0.672921 -0.648393 0.033213 
-0.670578 0.493944 -0.007425 
-0.468653 -0.804206 0.025195 
-0.929745 -0.181863 0.043637 
-0.975436 0.058729 -0.018837 
0.429774 -0.751633 0.040858 
-0.815684 0.054259 0.008536 
-0.391583 0.795628 -0.044478 
0.781763 -0.289726 -0.015668 
0.357456 -0.864378 0.030659 
0.576288 -0.789350 -0.014061 
-0.945683 0.122538 0.043637 
0.126207 -0.897461 -0.044542 
0.975179 0.044321 -0.043646 
-0.667481 0.551076 0.042887 
-0.586881 0.658366 -0.044403 
0.835199 0.014374 -0.010320 
0.947735 0.172622 0.043574 
0.253327 0.899297 0.019796 
0.331024 -0.760466 -0.004062 
-0.506128 0.658234 0.001972 
-0.644273 -0.711352 0.043637 
-0.058962 0.996858 0.022672 
-0.154286 -0.931429 0.043308 
-0.952326 -0.212531 -0.023218 
0.158923 -0.926033 0.040323 
-0.529511 0.811061 0.043637 
-0.765583 -0.602105 -0.037536 
-0.651717 -0.492177 0.006779 
-0.964742 0.155958 -0.031965 
0.122948 -0.982472 0.014009 
-0.473744 -0.708235 0.043637 
0.651344 -0.730930 -0.002282 
0.483506 0.814632 0.039801 
0.887414 0.359612 0.043637 
0.794453 0.344525 0.043637 
0.111134 0.990903 0.038823 
-0.480087 0.769036 -0.044447 
-0.710185 0.506534 0.034907 
-0.875085 0.358481 0.042819 
0.870413 0.191566 0.013769 
0.620771 0.561993 -0.015676 
0.072527 -0.825164 -0.008935 
-0.562366 0.767614 0.043499 
0.330171 -0.914208 -0.042676 
-0.832764 -0.533870 0.034064 
0.510713 0.663946 -0.005803 
0.370934 0.805350 -0.044542 
-0.832801 -0.000718 -0.041198 
-0.646415 -0.729144 -0.035220 
0.899567 -0.388391 0.043584 
-0.182661 0.816338 -0.036179 
0.209706 0.848146 0.040557 
-0.881705 0.220233 -0.044354 
-0.284702 0.829008 0.031911 
0.917541 -0.043047 0.010025 
0.103489 0.884615 0.014685 
0.623345 0.693823 -0.044542 
0.016095 -0.848394 0.043510 
-0.734708 -0.652822 0.042989 
0.695213 -0.529347 0.028695 
-0.858351 -0.171587 0.021957 
-0.294013 -0.931323 0.000341 
0.820589 0.131553 0.002665 
0.834106 0.327896 -0.044542 
-0.087042 -0.895501 -0.044542 
-0.298112 0.936567 -0.005494 
-0.810483 0.189895 0.043637 
-0.878412 0.386421 -0.044394 
0.420039 0.855662 -0.044542 
0.639781 -0.702722 -0.044542 
-0.698995 0.452745 -0.034230 
0.006061 0.936259 -0.044542 
-0.809224 -0.091676 0.031655 
0.880435 0.275986 0.010872 
0.624189 0.650812 0.009947 
-0.948096 -0.282162 0.036647 
-0.439793 -0.700782 -0.031696 
-0.582865 0.678657 0.010958 
0.486088 -0.793416 -0.044519 
-0.769526 -0.469265 -0.044542 
0.897853 0.435449 0.010525 
0.953726 0.239587 -0.009995 
-0.016781 0.960974 0.043498 
0.871268 0.011827 -0.044542 
0.812868 0.559017 0.000313 
-0.114918 0.959696 0.043637 
0.862567 0.488776 0.004318 
0.545470 -0.607387 0.019827 
-0.825352 -0.336032 0.010223 
-0.705916 0.556563 -0.044542 
-0.475988 0.858924 -0.005381 
-0.103703 -0.862694 0.029901 
0.934474 -0.139855 -0.044542 
0.724527 0.389012 0.023111 
-0.534221 -0.629598 0.043621 
0.926407 0.165007 -0.044542 
-0.866691 -0.113531 0.024595 
-0.444990 0.706501 -0.020558 
-0.648170 0.753859 0.038577 
-0.586466 0.571385 0.022643 
-0.516694 -0.707039 0.019348 
-0.916495 -0.341206 0.043556 
-0.146950 0.972553 -0.004994 
0.225484 -0.871398 -0.044354 
0.615727 -0.540777 0.040226 
-0.676665 0.639998 0.018324 
-0.760534 -0.327715 -0.005355 
-0.792639 -0.185281 0.014524 
-0.666137 -0.498487 -0.042595 
0.112297 -0.806145 0.017105 
0.710821 0.678425 -0.040236 
-0.304910 0.885346 -0.044486 
0.296735 0.794302 -0.044542 
0.969972 -0.046788 -0.044542 
0.221111 -0.965276 0.018138 
-0.731151 0.648234 -0.042029 
0.840649 0.166559 0.043637 
-0.354667 -0.883872 0.043637 
-0.962329 -0.163137 -0.015335 
-0.830651 -0.286826 -0.044542 
0.622014 0.645063 -0.044542 
0.337293 -0.905176 0.043616 
0.332178 -0.798618 0.040672 
-0.503403 0.716168 0.031142 
0.738626 -0.384842 -0.023280 
-0.422377 0.901125 0.039016 
0.648997 -0.656522 -0.044542 
0.381476 0.786981 0.039944 
-0.673350 -0.705105 -0.002402 
-0.341873 0.936627 0.030962 
0.982205 0.017332 -0.005182 
-0.775570 0.622617 0.025994 
0.843960 -0.410310 -0.044523 
0.118933 0.828990 -0.003662 
-0.334195 -0.835024 0.008631 
-0.953283 0.064204 0.043597 
0.961723 0.073487 0.043637 
-0.563097 0.743835 -0.044407 
0.658503 0.692002 0.043476 
-0.652694 0.720887 -0.044368 
-0.810983 -0.338204 -0.044542 
0.802755 -0.383253 0.013067 
0.709483 -0.638817 -0.044409 
0.759378 -0.305449 0.027788 
-0.957076 -0.002587 0.043617 
0.586555 -0.692198 0.008631 
0.700220 0.619518 -0.044542 
-0.824317 0.097725 -0.004891 
0.759381 -0.583031 0.043624 
0.958768 -0.209476 -0.003618 
0.708574 0.445852 -0.001276 
0.820368 -0.299133 0.034691 
0.073615 0.877792 -0.044542 
0.274469 -0.819329 -0.044418 
-0.740626 0.351439 0.040124 
-0.613526 -0.767733 0.042772 
-0.974644 -0.065560 -0.009773 
0.753006 -0.421918 0.043358 
0.043522 0.993531 0.041531 
-0.513367 0.836113 -0.036756 
0.745847 0.465655 -0.044542 
0.790249 -0.216814 0.032525 
-0.011641 -0.975259 -0.003844 
-0.507393 -0.804569 -0.044542 
-0.370845 0.748125 -0.008263 
0.677816 0.479830 0.003797 
0.617139 0.606983 0.043637 
-0.036774 -0.812292 0.023955 
0.033264 0.946662 0.039665 
-0.300782 -0.883157 -0.044542 
0.222447 0.927426 -0.044542 
-0.917829 -0.126478 -0.044542 
0.773433 0.625841 0.041495 
-0.401995 -0.718553 0.002044 
-0.269619 0.790921 -0.009455 
-0.549173 -0.816644 0.005853 
-0.789685 0.346912 -0.044391 
-0.843466 0.153968 0.043563 
0.272598 0.948190 0.000244 
0.673567 -0.674570 0.043614 
0.787432 -0.581831 -0.030442 
0.524185 -0.824529 -0.006015 
0.579186 0.675096 -0.044542 
0.983703 -0.094529 0.003844 
-0.385337 -0.772147 0.040795 
-0.427478 0.828904 0.018109 
-0.028748 -0.827275 -0.031308 
-0.561761 0.615987 -0.011917 
-0.478079 -0.863662 0.039279 
0.483259 0.874281 0.012729 
-0.636585 -0.572004 0.043555 
-0.754572 -0.497774 0.008631 
0.927958 0.102709 0.018721 
0.817663 -0.074937 0.038223 
-0.755287 -0.514285 -0.044542 
0.081200 -0.879392 -0.044542 
0.068571 -0.973112 -0.032737 
-0.582995 0.634622 0.043637 
0.683401 -0.601436 0.008812 
0.633939 0.771396 0.036978 
-0.724515 -0.441687 0.043637 
-0.694331 -0.642516 -0.044542 
-0.824391 0.351772 0.009829 
0.038703 0.838785 -0.041648 
0.143053 0.939531 -0.044542 
0.848976 -0.033242 0.043612 
0.899760 -0.342182 -0.044542 
0.407622 0.714855 0.025684 
-0.243999 -0.790633 -0.032010 
0.372668 0.899978 -0.044542 
0.270155 -0.900225 0.040957 
-0.583189 -0.642204 0.033777 
-0.972558 -0.119457 0.001412 
-0.768107 0.404347 -0.044511 
-0.370940 0.827547 0.008631 
-0.888451 -0.251254 0.015566 
-0.485707 -0.722562 -0.044542 
0.042909 -0.943448 0.043309 
-0.123016 -0.803719 0.017869 
0.693210 0.537454 -0.044542 
-0.804264 0.566027 0.001812 
-0.889811 -0.217632 -0.044542 
0.593988 -0.739114 0.043532 
-0.331586 -0.758020 -0.035037 
-0.501947 -0.645210 0.005661 
-0.592649 -0.774474 -0.002614 
0.523167 0.734112 0.010014 
-0.769487 0.468417 0.008882 
0.649072 -0.519956 -0.002460 
-0.762131 0.557153 0.041008 
-0.853061 0.350590 -0.044413 
-0.840481 -0.371866 -0.044542 
-0.410833 0.841203 -0.044518 
-0.736671 -0.374021 0.000598 
0.877183 0.380629 -0.044542 
-0.205505 0.859894 -0.044542 
0.190146 -0.826230 0.043637 
-0.198026 -0.969378 0.019539 
-0.806843 0.197835 -0.004353 
-0.637129 0.678560 -0.044471 
-0.256340 -0.784497 0.043622 
-0.086409 -0.896363 0.008631 
0.965243 -0.244362 0.021389 
-0.323383 0.851501 0.008631 
0.258469 -0.944240 0.000824 
-0.937468 0.043717 -0.044542 
-0.679696 -0.554745 -0.044542 
0.548092 -0.669388 0.041858 
0.749661 -0.460878 0.020228 
-0.651331 -0.646396 -0.044542 
0.832530 0.447723 -0.044542 
0.342636 0.897353 0.043637 
0.688240 0.704170 -0.014096 
-0.228505 0.953112 -0.041596 
-0.401789 -0.876006 0.043637 
0.616428 0.749908 -0.044542 
-0.256364 0.958692 0.042546 
-0.134002 0.961590 -0.044538 
-0.396666 0.753890 0.043589 
-0.806522 -0.262935 0.043637 
-0.380510 -0.830315 -0.044542 
0.913019 -0.031066 -0.044542 
0.919535 0.012403 0.010118 
0.696932 0.591903 0.008631 
-0.342175 0.808676 -0.044458 
-0.586740 0.786812 -0.027266 
0.613415 0.692331 0.011240 
0.887259 0.410307 0.043637 
-0.325596 -0.803700 -0.044542 
0.519937 0.792271 0.039817 
-0.887577 -0.015023 0.011931 
0.754522 0.608515 -0.044542 
0.515602 -0.741045 0.008631 
0.711010 -0.583369 -0.044354 
0.745290 -0.358451 0.043446 
-0.842924 -0.128334 -0.044542 
-0.220674 0.791240 0.020421 
0.936137 -0.309666 0.002751 
0.816593 0.526859 -0.044542 
0.253516 0.787952 0.042344 
0.673114 0.538873 0.043614 
0.694794 -0.432361 0.012663 
-0.057434 0.835011 -0.003906 
-0.212138 0.962937 0.043637 
0.881993 -0.130498 0.012729 
0.804353 0.375870 0.016851 
0.148913 -0.814945 -0.002315 
0.930886 -0.202742 0.043637 
-0.857503 0.085295 -0.044542 
-0.949030 -0.099406 0.043637 
0.021310 0.879961 0.025850 
-0.160047 -0.850853 0.038355 
0.469367 -0.812882 0.037967 
-0.335248 -0.928654 0.009069 
-0.822072 0.241970 0.043637 
-0.813755 -0.040662 0.016036 
0.070639 -0.912586 0.011267 
-0.072337 0.974602 -0.043824 
0.536456 0.687633 -0.044542 
0.447303 0.708389 -0.030964 
0.310653 0.762395 0.011897 
0.295371 0.811134 0.043637 
-0.383823 -0.895655 -0.024058 
-0.909257 -0.289893 -0.044542 
0.436958 -0.697685 0.003980 
-0.866565 0.159657 -0.044440 
0.931986 0.247110 0.043637 
0.898891 -0.278683 0.034363 
-0.670327 0.581568 -0.044542 
0.523418 0.822471 -0.044504 
0.893078 -0.164508 -0.044542 
-0.315015 0.778118 0.043637 
-0.975902 -0.041889 0.043502 
0.189194 0.848154 -0.044542 
0.886652 0.193251 -0.044542 
-0.855029 -0.040674 -0.044542 
-0.301536 0.779542 -0.036240 
-0.609630 -0.559244 -0.007659 
-0.656794 0.673468 0.032819 
-0.739107 0.450157 -0.044509 
-0.443909 -0.752998 0.020802 
-0.133862 -0.895685 -0.044542 
0.336039 -0.768064 -0.044410 
-0.676215 -0.472118 0.043637 
0.616918 -0.553782 0.001053 
-0.809499 -0.511390 -0.044542 
0.810239 -0.159274 0.005006 
0.741465 0.387987 -0.014404 
-0.808991 -0.181270 -0.035578 
-0.581337 -0.588946 -0.001639 
-0.759483 -0.429402 -0.044542 
-0.736960 -0.637092 -0.037183 
0.358288 -0.822021 0.009086 
0.599376 -0.609923 0.043562 
0.416912 -0.717760 -0.028213 
-0.311604 -0.870198 0.019904 
0.165994 0.970226 -0.012510 
-0.815498 0.156937 -0.029773 
0.715663 -0.478608 -0.044385 
0.163554 0.940936 0.043637 
-0.556952 0.808462 -0.006180 
-0.719851 0.585720 0.015600 
0.010486 -0.832810 -0.043042 
0.714373 -0.676878 0.043509 
0.887393 -0.399100 -0.043853 
-0.792419 0.513784 -0.044394 
-0.815221 0.492665 0.043637 
-0.691469 -0.547573 0.014282 
-0.657095 0.712779 0.043543 
-0.602703 0.753463 -0.044354 
-0.301011 -0.814156 0.030975 
0.751661 0.535391 -0.044542 
-0.519292 -0.644890 -0.038660 
-0.978388 0.022880 0.000002 
-0.269832 -0.936228 -0.034020 
-0.111515 0.816052 0.038855 
0.380232 -0.787917 -0.044373 
0.374855 0.755120 -0.043493 
-0.625507 -0.628660 0.011572 
-0.931238 -0.243653 0.043637 
-0.882887 -0.420228 0.000671 
-0.441593 0.762871 0.021250 
-0.025002 0.866506 -0.044542 
-0.055782 0.926019 0.013400 
0.794992 -0.494981 -0.044494 
-0.789053 0.260888 -0.005774 
-0.967875 0.218747 0.021690 
0.892842 -0.438589 0.027587 
-0.514206 0.642002 0.040588 
0.593758 0.783138 -0.040388 
-0.242798 -0.854791 0.010595 
0.254559 0.894224 -0.044542 
-0.157269 0.821252 -0.001208 
0.962808 0.200893 -0.005002 
-0.631885 -0.520618 0.042860 
-0.762420 0.585318 -0.044530 
0.682343 0.468558 0.042404 
-0.593361 -0.707037 0.016283 
0.558857 -0.770381 0.043637 
0.878517 0.030957 0.024717 
-0.424412 -0.692839 0.024705 
-0.855738 -0.211879 0.015020 
-0.149206 -0.955737 -0.044022 
0.585895 0.752848 0.043398 
-0.878531 0.077381 0.016033 
-0.850848 0.417920 -0.044504 
0.724296 -0.504686 0.017368 
-0.764616 -0.588545 0.043536 
0.787193 0.282984 -0.013923 
-0.349176 -0.746909 0.043637 
0.891254 0.103195 -0.044542 
0.300108 -0.926819 0.043637 
0.919370 0.193207 0.025008 
0.575814 0.802937 0.001533 
0.908330 0.378847 -0.018772 
-0.801649 -0.554779 -0.007949 
-0.931275 0.001250 -0.044542 
0.906053 0.307437 -0.044542 
0.864785 0.233085 0.011546 
0.224531 0.869603 0.010856 
0.673447 -0.463270 0.030859 
0.916288 0.251574 -0.044542 
-0.921806 0.242794 -0.044354 
0.963920 0.145952 -0.044047 
0.825793 0.065426 0.043200 
0.148625 -0.930389 -0.044481 
0.765515 -0.539303 0.026281 
-0.462877 0.860009 -0.043089 
0.222463 -0.798472 -0.003613 
-0.064799 -0.853210 0.043575 
0.458456 -0.868535 0.002995 
-0.916159 -0.076607 -0.044542 
0.059365 0.825115 0.042103 
0.740557 -0.640428 -0.020659 
-0.707008 0.655695 0.043600 
0.973408 -0.174118 0.004350 
0.552944 0.667690 0.043637 
0.511363 0.710483 0.038750 
-0.152353 -0.829025 -0.044542 
-0.217239 -0.884822 -0.044542 
-0.529607 -0.692900 -0.044542 
-0.881208 0.397268 0.043637 
0.772611 -0.444570 -0.044428 
-0.525474 0.753348 -0.044530 
-0.179312 0.843858 0.043637 
-0.101761 0.834765 -0.042647 
0.888203 -0.081001 0.012612 
-0.889186 0.028961 0.011098 
0.943950 0.134136 0.043464 
-0.876103 -0.303185 0.018968 
0.653694 0.621333 0.009892 
0.976807 0.118571 -0.001315 
-0.493810 0.672859 -0.031613 
-0.174397 -0.895705 0.010442 
-0.707772 0.678756 -0.008189 
0.825608 0.290322 -0.044542 
0.650682 0.524457 0.000481 
0.366806 -0.905109 -0.016650 
0.044923 -0.940151 -0.044542 
0.814229 -0.375183 -0.044542 
-0.251571 0.845905 0.022001 
0.853595 -0.509431 0.034110 
-0.726313 0.405863 -0.000187 
-0.935070 -0.143779 0.043551 
0.225333 -0.935022 0.043637 
0.341530 -0.849759 -0.044537 
0.216547 0.965089 0.043637 
0.277420 0.917367 0.043637 
-0.248499 -0.861658 -0.044542 
0.389972 -0.743983 0.043637 
0.826241 -0.338745 -0.044542 
0.844100 -0.253149 -0.044542 
0.807317 0.217499 -0.002913 
-0.114709 -0.820222 -0.035613 
-0.807389 0.446306 0.012872 
0.250057 -0.943085 -0.036503 
0.494715 -0.690342 -0.044412 
-0.711908 -0.579860 0.012979 
0.834472 -0.025915 -0.022394 
0.857010 -0.190403 0.025141 
0.845755 0.495465 0.043637 
-0.767628 0.308440 0.002171 
-0.743618 0.496404 0.010595 
0.864085 -0.461561 -0.020245 
-0.701191 -0.442232 -0.038234 
0.319483 0.839069 -0.044542 
0.613443 -0.764654 0.000731 
0.763542 -0.612647 -0.008496 
-0.822349 -0.107000 -0.000586 
-0.809234 0.546352 0.043637 
0.811324 0.413933 0.008631 
0.564495 -0.667388 -0.044542 
-0.475051 -0.850867 -0.011953 
-0.094695 0.929448 0.018148 
0.871339 0.456726 -0.033366 
-0.090951 -0.970719 -0.003603 
0.142489 -0.969156 0.043637 
0.850965 -0.437605 0.043495 
0.798559 0.343221 -0.044542 
-0.081578 0.893808 -0.044542 
0.804967 0.232608 0.043492 
0.412582 0.899678 0.043545 
0.866090 -0.251626 0.008935 
0.526074 -0.642752 -0.005333 
-0.357196 0.781663 0.043637 
0.551535 0.833587 0.030699 
0.557244 -0.820839 0.013316 
0.857042 0.004223 0.043626 
0.558076 0.750828 -0.044542 
-0.082209 0.839791 0.043565 
0.789514 0.555369 0.043637 
0.024024 -0.983336 0.005198 
-0.704899 0.429764 0.043370 
-0.262323 0.947562 -0.009543 
0.812163 0.134196 0.039255 
0.810901 -0.549501 -0.009621 
0.277622 -0.850360 0.009591 
0.369579 0.745889 0.043534 
0.659669 -0.572880 -0.044369 
-0.438775 0.705383 0.043633 
0.327413 0.877271 -0.044542 
-0.679780 0.525018 -0.044542 
-0.756281 -0.299602 0.027790 
0.673718 -0.490313 -0.038852 
0.823133 -0.336835 0.013367 
0.440202 0.718649 0.043525 
0.852662 -0.112498 -0.044542 
0.474767 0.672015 0.016034 
-0.857976 -0.447544 0.043637 
-0.843388 0.237495 -0.044354 
-0.414278 -0.764521 -0.044542 
-0.508799 0.792668 -0.044499 
0.447805 0.876922 -0.007071 
-0.610967 0.566622 -0.022384 
0.728131 0.471974 0.043377 
-0.438422 -0.881841 0.041734 
0.044309 -0.903045 -0.044542 
-0.122352 0.881915 0.014340 
-0.324214 -0.747146 0.008738 
0.165699 -0.812252 -0.036688 
0.665673 -0.736507 0.031462 
0.078882 0.961645 -0.044542 
-0.080348 -0.851970 -0.044542 
0.486178 -0.725526 0.026616 
-0.745034 0.655375 0.040811 
-0.419617 -0.821442 0.015919 
-0.023937 0.822540 0.010001 
-0.384383 -0.796434 0.012904 
-0.827387 0.057276 0.043637 
0.678707 -0.560961 0.019093 
-0.794235 -0.431671 0.008631 
-0.097804 0.993252 0.030869 
-0.402211 0.877087 -0.044480 
0.241767 0.799495 0.001086 
0.974319 -0.123690 -0.016693 
-0.910457 0.358484 -0.013064 
0.954548 0.189893 -0.044542 
-0.605063 0.626351 -0.044513 
0.910560 0.010120 -0.044542 
-0.600955 0.778722 0.043626 
-0.835118 0.020153 0.043637 
-0.406458 0.895524 -0.001301 
-0.015400 -0.946310 0.043637 
-0.894189 -0.046020 -0.044542 
-0.647426 0.605266 0.015319 
-0.942947 0.261149 -0.013331 
-0.144288 0.937176 0.041384 
0.982160 0.160789 0.039667 
-0.745664 0.375568 -0.041641 
-0.252080 0.827724 -0.044523 
-0.897466 0.322388 0.043637 
-0.932878 0.143230 -0.044502 
-0.842340 -0.489656 -0.038267 
-0.117220 -0.922737 0.025393 
-0.919881 0.354758 0.043088 
0.857000 0.168253 -0.044542 
0.720068 -0.417665 -0.010084 
-0.938148 -0.317072 0.027155 
-0.491081 0.842508 0.043621 
-0.808937 -0.483863 0.042933 
-0.024191 -0.840123 0.043550 
-0.576653 -0.765341 0.043568 
0.477306 0.856264 0.043637 
-0.173207 -0.959311 -0.012663 
0.827914 0.320198 0.017936 
-0.896368 -0.384490 -0.015797 
0.515150 -0.659925 -0.043710 
-0.751464 0.425439 0.043440 
0.045741 -0.987717 0.037729 
0.253355 0.819105 -0.044542 
-0.786114 0.271060 0.043637 
-0.465549 -0.672177 0.042360 
0.154644 0.813222 0.005548 
-0.302835 0.894510 0.038312 
0.283111 0.867268 0.008631 
-0.209606 -0.805672 0.043637 
-0.355964 -0.876397 -0.044542 
-0.478792 0.769009 0.008631 
-0.120609 0.872073 -0.044406 
0.933401 0.075191 -0.044542 
0.135812 0.860020 -0.044542 
0.774445 -0.392987 0.041070 
0.813468 0.482519 -0.044542 
-0.021894 0.983533 -0.011107 
0.143877 -0.801004 0.033483 
0.831418 0.209603 -0.044542 
0.752420 0.571301 -0.044542 
-0.255037 -0.783734 0.001461 
-0.009860 -0.969329 -0.043514 
-0.198555 0.810922 0.000210 
-0.762176 0.380141 0.043513 
0.285959 0.773235 0.038411 
0.872529 0.345103 -0.044542 
0.505962 0.844664 -0.013175 
-0.649708 0.521164 -0.017708 
0.140378 -0.854159 -0.044493 
0.178900 -0.959101 -0.027550 
-0.800056 -0.380732 0.012294 
0.868991 0.156414 0.020269 
-0.361292 0.888896 -0.044358 
0.703899 -0.679636 -0.004658 
0.674566 0.496114 -0.027814 
0.103951 -0.969636 -0.017930 
-0.052756 0.859896 0.043613 
-0.839461 -0.419704 -0.044542 
0.994700 -0.029023 0.038602 
-0.935981 -0.284827 0.000969 
0.939836 -0.327060 0.033626 
-0.972718 -0.031726 -0.041844 
-0.208348 -0.901305 0.020617 
-0.679691 0.489488 -0.043139 
-0.528753 0.631199 0.006547 
0.239179 0.954861 -0.029340 
-0.750029 0.590473 0.043617 
-0.381615 -0.721413 0.041193 
0.761595 0.420613 -0.044542 
-0.564528 -0.751297 -0.044542 
0.722098 0.671788 -0.000255 
0.578502 0.610010 0.043637 
0.179876 0.895436 -0.044542 
-0.885540 0.309757 -0.044535 
-0.837875 -0.226986 -0.044542 
-0.440789 0.892886 0.009609 
0.201927 -0.919332 -0.044354 
-0.752871 0.503215 -0.044451 
0.189908 -0.942737 0.043637 
-0.667344 -0.729700 0.022236 
-0.642117 -0.563596 -0.044542 
-0.914568 -0.037917 0.010649 
0.588954 0.717672 0.013093 
-0.193724 0.971415 0.004020 
0.159589 0.825887 0.043539 
0.049206 0.920171 -0.044542 
0.249602 0.859359 -0.044542 
0.798498 -0.487022 0.024061 
0.589274 0.667096 0.015636 
0.920633 -0.275835 -0.044542 
-0.165402 0.898875 -0.044491 
0.740386 0.412747 0.043637 
0.748005 0.358430 0.043253 
0.012697 -0.932688 0.027547 
0.361963 0.917257 -0.000678 
-0.073192 -0.971026 0.043504 
-0.855555 0.274142 -0.044436 
0.815887 -0.287440 -0.044542 
-0.560534 0.823394 0.033005 
-0.003815 -0.882687 0.013928 
0.093006 0.844737 0.043595 
0.093527 0.931881 0.019802 
0.755861 -0.354930 -0.040407 
0.773101 -0.270164 0.013940 
0.710540 0.448442 -0.041770 
0.407819 0.789236 0.017095 
0.522568 0.770600 -0.044542 
-0.857484 0.422861 0.043637 
-0.828557 -0.037709 -0.015758 
0.394381 -0.871774 0.043587 
0.456092 0.821019 -0.044542 
-0.693607 0.537155 0.024558 
-0.895272 0.395737 -0.015398 
-0.142240 -0.964905 0.043637 
0.288493 -0.770784 0.003622 
0.701151 -0.449009 -0.029538 
-0.550435 0.692613 0.017391 
-0.803839 0.321445 0.041879 
-0.693775 -0.609227 0.016446 
0.687075 -0.492483 0.043637 
0.462885 -0.674907 0.007323 
-0.971550 -0.194172 0.017005 
0.788505 -0.562534 0.043560 
0.016947 0.983746 -0.013491 
-0.018867 -0.898458 -0.044542 
-0.071572 -0.972262 -0.034593 
-0.806876 0.381620 0.010817 
-0.792056 -0.243053 -0.017879 
-0.616402 0.686947 0.012115 
-0.700147 -0.516735 0.027253 
-0.958966 0.192928 -0.005787 
0.338826 0.750274 0.028457 
0.623458 -0.679910 0.013381 
-0.945000 0.209648 -0.044354 
-0.807584 0.311307 -0.044514 
0.909737 -0.401848 0.013469 
0.949020 -0.212557 -0.044271 
0.311806 -0.837290 0.009876 
0.828069 0.046167 0.003395 
-0.784983 -0.479155 0.013609 
0.027022 -0.815892 0.040892 
-0.333474 0.924341 -0.005971 
0.995537 0.055239 0.033919 
0.863133 -0.079268 -0.044542 
-0.850009 -0.402567 0.042157 
0.218762 0.803188 0.043459 
-0.537703 -0.755973 0.020704 
0.840251 -0.378087 0.011745 
0.499189 -0.829477 0.043637 
0.355508 0.866673 0.019451 
0.254504 -0.788965 -0.010974 
-0.803190 -0.264917 -0.044542 
-0.371093 -0.739296 -0.031244 
0.775564 0.461724 0.009627 
-0.807200 0.151282 0.042571 
0.981829 -0.017407 -0.018487 
0.116556 0.944344 0.042890 
0.674577 -0.539392 -0.044354 
-0.144653 0.823528 -0.032863 
0.352096 -0.926113 0.021062 
-0.384407 0.762252 -0.044432 
-0.841565 -0.193827 0.041669 
0.831099 -0.518067 -0.027024 
-0.449034 0.783127 -0.044441 
-0.844507 0.216500 0.030126 
-0.741965 -0.578591 -0.044542 
0.804114 0.198608 0.043047 
0.308979 0.934899 -0.017703 
0.458210 -0.729129 -0.044542 
-0.903709 -0.172448 0.013284 
-0.752137 -0.419433 0.042678 
0.824977 -0.249112 0.043576 
0.000736 -0.865268 -0.044542 
-0.054070 -0.906547 0.009294 
0.466312 0.752436 0.020039 
0.774347 0.316444 -0.006373 
-0.853659 -0.457411 -0.043841 
-0.851919 0.289178 0.008778 
0.941226 0.301369 0.002712 
-0.065899 0.981946 -0.008323 
0.656289 0.560695 -0.044542 
0.826998 -0.071500 0.002524 
0.821601 -0.217554 -0.044542 
-0.955554 -0.252553 0.007950 
-0.590107 0.746734 0.043637 
-0.799031 -0.339864 0.033513 
-0.780126 -0.237786 0.039026 
0.762109 0.345991 -0.021528 
0.578534 0.641419 -0.044542 
0.978283 0.091470 -0.024302 
0.696057 0.657064 0.043594 
-0.787815 0.582387 -0.022624 
0.412170 -0.885962 -0.002492 
-0.946860 -0.143451 -0.044542 
0.174809 0.919094 0.020689 
-0.932337 0.226992 0.043637 
-0.353186 -0.908231 -0.011614 
-0.743815 -0.379940 0.043637 
0.729936 -0.369423 0.015715 
-0.186960 -0.806131 -0.028277 
0.687029 0.623644 0.012810 
-0.851732 0.509051 0.008735 
0.934982 -0.102416 -0.044542 
-0.674138 0.472827 0.042596 
-0.249235 0.893050 0.013495 
0.905165 0.261991 0.030370 
0.298262 0.893601 -0.044542 
-0.196085 -0.798287 0.002889 
-0.446798 -0.865783 -0.025850 
-0.764171 0.537383 -0.044421 
0.826231 -0.435030 0.021236 
-0.896250 -0.396138 0.043632 
0.261585 -0.891821 -0.044354 
-0.408156 -0.889867 0.002625 
0.479714 0.696266 0.043525 
-0.582246 0.597046 0.043637 
-0.746816 0.331274 0.014429 
0.302723 -0.927928 -0.021293 
-0.698021 -0.515073 -0.044542 
-0.764629 -0.319520 -0.038003 
-0.487485 0.869388 0.024484 
-0.882914 0.024298 -0.044542 
-0.673768 0.626873 -0.044542 
0.865796 0.090259 0.041566 
0.413046 -0.817836 0.010782 
0.409370 -0.772195 0.024687 
-0.489455 0.686944 0.043637 
-0.128419 -0.842470 0.043637 
0.822983 0.565113 0.036924 
-0.829213 0.028141 -0.006682 
0.990650 -0.070791 0.041137 
-0.831705 -0.026951 0.043637 
-0.026071 0.901788 0.009656 
-0.806745 -0.178600 0.043637 
0.101914 -0.971708 0.043562 
-0.829866 0.510870 -0.042826 
-0.721984 0.684523 0.030709 
-0.534874 0.737051 0.008631 
-0.700813 0.612578 0.018005 
0.844486 0.516564 0.003306 
-0.773358 -0.275915 0.043146 
-0.421401 0.809672 -0.044456 
0.272543 -0.779415 0.043522 
-0.112023 -0.920300 -0.044542 
-0.024616 0.997130 0.037748 
0.411328 0.825195 0.010234 
-0.361300 0.913338 0.043637 
0.469074 0.693847 -0.008608 
-0.561429 0.679127 -0.044354 
-0.696851 -0.418751 0.031598 
-0.514946 -0.827117 -0.012650 
0.853609 0.040962 0.043624 
-0.439323 0.793096 0.008631 
0.610678 -0.576950 0.043597 
0.678528 -0.642340 0.024274 
0.737227 0.523166 0.009304 
-0.795096 -0.583131 0.007139 
-0.747357 -0.386135 -0.044542 
-0.473153 -0.733510 0.022800 
0.845497 -0.480524 -0.044057 
0.839988 0.250287 -0.044542 
0.740182 0.497903 -0.044542 
-0.882703 -0.142538 0.009612 
0.820440 -0.007535 0.018096 
-0.894601 0.200707 0.010670 
-0.107539 -0.954482 0.043637 
-0.982014 -0.124838 0.038318 
0.964428 0.040924 0.043618 
-0.611890 0.624278 0.032442 
-0.260160 -0.922195 0.043637 
-0.955866 0.031674 0.043589 
0.358772 -0.734338 0.008236 
-0.640169 0.533324 0.043548 
0.192859 -0.806028 -0.014835 
0.943342 0.204936 0.043637 
-0.873349 -0.464904 0.020800 
0.157690 -0.906031 0.013183 
-0.239212 0.898157 -0.044542 
0.129573 -0.870068 0.016529 
0.876278 -0.321314 0.020102 
-0.557918 0.635247 -0.044387 
-0.488905 -0.777831 -0.044542 
-0.928420 0.297083 0.043637 
-0.305716 0.917831 -0.044542 
-0.843095 -0.242921 0.021757 
0.779878 0.528839 0.027585 
-0.969040 0.128754 -0.014814 
0.202887 -0.852846 0.019834 
-0.139384 0.831909 0.043637 
0.462217 -0.851782 -0.044052 
0.048159 -0.843636 0.043539 
-0.355758 0.862848 0.018608 
0.611341 -0.643288 0.013242 
-0.838346 -0.306376 0.009855 
-0.427155 0.865713 0.043584 
0.780180 0.426972 0.015685 
-0.926259 -0.344257 0.009008 
-0.799559 0.226373 -0.027751 
-0.023146 -0.978524 0.043566 
0.407780 0.731838 -0.007583 
-0.139593 0.988301 0.022268 
-0.406799 0.729161 -0.021795 
-0.438463 -0.828895 -0.044542 
-0.584089 -0.633612 -0.044542 
0.863304 -0.440304 -0.044541 
0.655462 0.690752 -0.044542 
-0.860902 0.471633 0.043637 
-0.828367 -0.099585 -0.043246 
-0.303707 -0.769505 -0.002148 
-0.047139 -0.951917 0.043597 
-0.881745 0.166782 0.009175 
-0.928898 -0.206702 -0.044542 
0.980032 0.186773 0.018248 
0.779632 -0.462394 0.008631 
0.489268 -0.679091 0.043451 
0.714101 -0.545277 -0.044354 
0.654102 -0.491379 0.011287 
-0.495688 0.810742 0.042962 
-0.989342 0.068509 0.012644 
0.625870 0.576690 -0.044542 
0.928251 -0.249533 0.043637 
-0.611380 -0.688004 -0.044542 
0.644437 0.744965 -0.009803 
-0.273052 0.888593 -0.044542 
-0.203414 -0.952602 -0.036885 
0.817149 -0.170051 -0.035553 
-0.281380 -0.889861 0.031003 
0.981517 0.008552 -0.038677 
-0.716978 -0.400789 0.003639 
0.555178 -0.689913 0.014046 
-0.337218 0.856195 -0.044356 
-0.025770 0.937945 -0.044542 
0.532838 0.636530 0.043169 
-0.683570 0.723234 0.029237 
0.990898 -0.103173 0.033638 
-0.804618 -0.125606 0.018178 
-0.087833 0.870654 0.038267 
-0.684706 -0.464782 -0.023066 
0.568249 -0.779979 -0.044453 
-0.863950 0.460442 -0.027763 
0.648542 0.737232 0.043620 
-0.174185 0.907643 0.011748 
-0.988783 -0.013135 0.039743 
0.538459 -0.627156 0.043608 
-0.036706 0.837431 -0.039810 
0.143586 0.972387 -0.039241 
-0.459923 -0.777469 0.008631 
-0.369743 0.732252 0.019102 
0.737778 -0.505508 -0.044433 
0.320451 -0.884150 -0.044424 
0.333791 -0.767159 0.043555 
0.993411 0.086480 0.024202 
-0.280840 0.771707 0.014857 
0.128010 -0.926694 0.033886 
0.840692 0.250673 0.034382 
-0.916575 0.044596 0.011545 
-0.623977 0.775838 0.017016 
-0.519631 -0.770815 -0.044542 
0.748757 -0.652834 0.033232 
-0.580051 0.594263 0.001696 
-0.874403 0.123459 -0.044542 
-0.121671 -0.967622 -0.009659 
-0.540595 -0.661557 0.043477 
0.956120 -0.276623 0.021454 
-0.629630 -0.739145 0.043607 
-0.050033 -0.902328 -0.044542 
0.568919 0.614437 -0.018211 
0.554633 0.789429 0.043613 
0.089029 0.980081 -0.019142 
-0.481415 -0.672649 -0.015437 
0.767497 0.595130 0.043637 
0.812464 -0.418782 -0.044461 
-0.390716 0.902591 0.043637 
0.441577 -0.826872 0.034488 
0.334776 0.767727 -0.007314 
-0.907142 -0.226834 0.031729 
0.236796 -0.829992 -0.044354 
0.979774 -0.067615 -0.023416 
0.543315 0.637673 -0.012971 
0.504535 -0.851091 0.007693 
0.859317 0.360899 0.016046 
-0.864015 0.049159 -0.044542 
-0.632086 -0.617126 -0.044542 
-0.819750 0.133094 -0.003544 
0.829640 -0.548005 0.017340 
-0.694931 -0.683634 -0.009193 
-0.680950 0.514375 0.043565 
0.667333 -0.545307 0.043547 
0.799662 0.279383 0.043581 
0.935183 0.348668 0.027731 
-0.976759 -0.008588 -0.021361 
-0.685809 -0.589712 -0.044542 
-0.432645 -0.730459 -0.044542 
0.114820 0.919824 -0.044542 
-0.711294 0.432008 -0.014549 
0.134406 0.886003 0.011644 
-0.833689 -0.116413 0.043556 
0.945345 0.035810 -0.044542 
0.756585 0.328730 0.040694 
0.004750 0.852701 -0.044542 
0.490367 -0.824136 -0.044527 
0.853035 0.404887 -0.044542 
0.722804 0.524052 -0.044542 
0.814052 0.106690 0.020403 
0.339400 0.799673 -0.044542 
-0.264195 -0.939714 -0.000514 
-0.454332 0.723983 -0.044371 
0.959610 -0.172172 0.043595 
-0.762153 0.332621 -0.032022 
0.605838 -0.786129 0.021713 
-0.778325 -0.366654 0.042920 
0.081776 0.995371 0.030121 
0.398499 0.791287 -0.044542 
0.653126 -0.598343 0.014339 
0.290418 -0.939860 0.004598 
0.828549 0.358069 0.009534 
-0.199724 0.962788 -0.028614 
0.038319 0.994965 0.007438 
-0.585801 -0.671294 0.010081 
0.142827 0.981540 0.004507 
0.678381 0.729562 0.040689 
0.297313 0.942840 0.043637 
0.843024 -0.005745 -0.044152 
0.887015 0.329052 0.039257 
0.921671 -0.334965 -0.007391 
0.885082 -0.039028 0.016622 
0.960446 -0.131697 0.043551 
-0.220976 0.812092 0.043515 
-0.790192 -0.543979 0.043613 
-0.577034 -0.799150 0.007225 
-0.366422 -0.822572 0.008631 
0.792539 -0.258105 -0.006696 
0.193146 0.814770 -0.022146 
-0.172344 -0.958449 0.043637 
-0.915669 -0.239634 -0.044542 
-0.868565 -0.043411 0.032925 
-0.697608 0.654860 -0.044542 
0.723845 0.420114 -0.008326 
0.435641 -0.868987 0.043637 
0.885430 0.060617 0.016065 
0.092369 -0.883128 0.011549 
0.485007 -0.793392 0.020118 
0.684420 0.576666 -0.044542 
0.033464 0.836118 -0.010822 
0.196131 -0.959470 0.001291 
-0.419743 0.729426 0.043579 
-0.780606 -0.277454 -0.017655 
0.789345 -0.603873 0.019934 
0.882993 0.068000 -0.044542 
0.772223 -0.329647 0.043637 
0.837906 0.425080 0.023821 
0.885091 -0.290239 -0.044542 
0.737218 -0.614631 0.043536 
0.552388 -0.814276 0.043351 
0.876725 0.120493 0.018682 
-0.912088 0.114864 0.012303 
-0.749278 -0.645962 0.016984 
0.436274 0.753323 -0.044542 
-0.860118 -0.373806 0.039294 
-0.923794 0.322730 -0.009914 
-0.087879 0.831738 -0.008670 
0.497696 -0.647187 0.012310 
0.890965 -0.092598 -0.044542 
0.829796 -0.103940 0.043606 
-0.776456 -0.404072 -0.044542 
-0.192803 0.866977 0.015931 
0.821039 -0.202483 0.043545 
0.692596 0.470145 -0.024689 
0.252306 0.851060 0.017337 
-0.750080 -0.622341 -0.009313 
0.551242 0.716044 -0.044542 
-0.221252 -0.954033 0.043613 
-0.846116 -0.512684 0.016668 
-0.343716 0.753118 0.004349 
0.298749 -0.890259 0.039911 
0.089500 0.823169 0.005284 
0.884505 0.462567 0.012433 
0.619502 -0.663056 -0.044542 
-0.837900 0.119274 0.043533 
-0.287563 -0.946130 0.030062 
0.109373 -0.868631 -0.044542 
0.407375 0.912277 0.016646 
-0.052904 -0.973824 -0.010986 
0.457909 0.823285 0.026474 
-0.947266 0.294082 0.010492 
0.174137 0.983350 0.013343 
0.847306 -0.163706 -0.044542 
-0.916733 -0.326499 -0.040583 
-0.947400 0.164344 0.043637 
0.172688 -0.801302 0.042367 
-0.870119 -0.075354 -0.044542 
0.102797 -0.955662 -0.044542 
-0.753093 -0.629034 0.043309 
-0.619179 -0.752342 -0.011641 
0.995848 -0.011624 0.010380 
0.205438 -0.788487 0.037482 
-0.034844 0.941753 0.029136 
0.363434 -0.772670 0.043598 
-0.630879 0.544529 -0.017875 
0.528347 0.686238 0.043631 
0.398219 0.876232 -0.044542 
-0.022723 -0.932260 -0.044542 
-0.761578 0.441564 0.019576 
-0.724431 -0.500611 0.015328 
0.925711 -0.364921 0.028280 
-0.869036 -0.145083 -0.044542 
0.790984 -0.230774 0.006038 
-0.762896 -0.539677 0.032067 
-0.144403 0.808748 0.025352 
0.582948 -0.643833 -0.044542 
-0.554168 -0.599815 0.006288 
0.901960 -0.384083 -0.022498 
0.683414 -0.699799 -0.016840 
0.738302 0.633614 -0.044542 
0.798583 0.248763 -0.015888 
0.804747 0.586800 0.007665 
0.164950 -0.844381 0.043098 
-0.703854 -0.435761 -0.003173 
0.945452 0.245297 -0.043881 
0.407660 -0.872984 -0.044426 
0.039506 -0.827087 -0.027313 
-0.825338 0.554942 0.019712 
0.799758 0.419804 -0.044542 
0.767132 -0.317057 0.001511 
0.734622 0.580484 0.019178 
-0.082495 0.817549 0.023826 
0.791039 -0.291915 0.043579 
0.962317 0.007621 0.043605 
0.109470 0.968191 -0.044513 
-0.438464 -0.710824 0.043637 
0.754888 -0.575017 -0.044354 
0.336533 0.933484 0.004647 
-0.737094 -0.448834 -0.044542 
0.851584 -0.221478 -0.044542 
-0.545213 -0.631578 -0.043938 
-0.725847 0.378096 0.010073 
-0.679377 0.707279 -0.030838 
0.409539 -0.808118 -0.044409 
0.179913 0.932478 -0.044542 
0.853170 0.035217 -0.044542 
-0.914523 0.077744 -0.044542 
-0.934559 0.086333 0.037479 
0.605658 0.795154 0.018036 
0.708317 0.625298 0.033870 
-0.520481 0.839720 0.043338 
0.906759 -0.201646 0.016281 
-0.933196 0.102629 -0.044542 
-0.721037 -0.676793 0.015363 
-0.303526 0.809566 0.043637 
0.134994 0.968815 0.043637 
0.203582 0.797934 0.010080 
-0.780523 0.377660 -0.044419 
-0.887462 0.447000 0.013369 
-0.829343 -0.505055 0.043637 
-0.151590 -0.858433 -0.044542 
-0.709042 -0.571672 -0.044542 
0.099278 -0.917775 0.015465 
-0.539817 -0.828468 0.031082 
-0.620233 -0.525593 0.016354 
0.648373 -0.675935 0.028432 
0.947451 -0.100946 0.043526 
0.830124 0.094593 -0.021953 
0.870633 0.260179 -0.044542 
-0.888031 -0.180157 -0.044542 
0.624493 -0.567857 -0.044433 
0.461455 -0.733919 0.039958 
0.562490 0.600355 0.018860 
0.884345 -0.225249 0.008860 
-0.883564 -0.318492 -0.044542 
-0.494603 -0.839864 0.043637 
0.700412 -0.428888 0.041196 
-0.607083 -0.578779 0.043637 
0.763393 0.624535 0.000166 
0.922958 -0.177390 0.031365 
-0.758848 -0.544228 -0.044542 
0.939318 -0.043681 0.030851 
0.776266 0.269382 0.029190 
-0.064558 -0.871790 0.021024 
0.672691 -0.636042 -0.044481 
0.540751 -0.759820 0.023308 
-0.709027 -0.668147 -0.034582 
0.570472 -0.606222 0.043605 
0.361581 0.803189 0.026140 
-0.260471 0.810657 0.043596 
0.472664 0.787725 0.009398 
0.841195 -0.482410 0.043561 
0.777551 -0.304808 -0.040195 
0.309494 -0.836912 -0.044481 
0.847781 0.360371 -0.044542 
0.721970 -0.646914 0.043479 
0.836094 -0.049820 -0.041084 
-0.706948 -0.644270 0.043608 
0.076777 -0.985524 0.038961 
-0.819556 -0.066445 0.003994 
-0.513530 -0.735198 0.008631 
-0.814539 0.027504 0.024548 
0.035040 0.848895 0.043584 
-0.418038 -0.760911 0.031261 
0.337106 -0.854841 0.012401 
-0.958291 0.257165 0.010883 
-0.666729 -0.554785 0.034686 
0.851644 0.192997 0.039607 
-0.946218 0.174448 -0.044412 
-0.982013 0.067288 0.043357 
-0.327428 -0.765919 0.043637 
-0.778021 -0.587595 -0.015709 
-0.463347 0.694009 -0.002115 
0.240915 0.919128 0.042455 
0.822022 0.150951 -0.026567 
-0.294924 0.806419 -0.044370 
0.827380 -0.107525 -0.000193 
-0.113134 0.977059 -0.028202 
0.673814 0.723371 0.002101 
0.495255 0.720897 -0.044542 
-0.909513 0.176892 0.016899 
-0.052451 -0.825966 -0.000164 
-0.904816 0.149526 -0.044479 
-0.641764 0.606590 -0.044542 
-0.907917 -0.369904 0.043630 
-0.860241 0.187657 -0.044354 
-0.360375 0.914292 -0.015501 
-0.797592 -0.480427 -0.044542 
-0.301798 -0.831698 -0.044542 
-0.277086 -0.859713 -0.044542 
0.556433 0.812382 -0.020781 
-0.583305 -0.565964 0.015318 
-0.005436 0.910054 -0.044542 
-0.276512 -0.806342 0.043513 
0.780739 0.538050 -0.044542 
-0.542354 0.638226 0.043637 
-0.760496 0.325654 0.043634 
-0.177618 -0.917799 0.034100 
-0.669529 -0.681121 0.043586 
-0.783677 0.277041 -0.028669 
0.622414 -0.736762 0.043502 
-0.365282 0.875092 0.042533 
-0.877675 0.277525 0.012496 
0.823175 0.462468 0.033690 
-0.018162 0.822851 0.037901 
-0.853699 -0.096145 0.043515 
0.685201 0.690051 -0.044542 
0.597595 0.585294 0.000244 
0.247104 -0.803298 0.043637 
0.583568 -0.721739 -0.044542 
-0.123626 -0.818507 -0.006436 
-0.991546 0.009842 0.023184 
0.861683 0.092920 -0.044542 
-0.220730 -0.843338 0.024409 
0.927325 0.136581 -0.044542 
-0.826115 0.454075 -0.044456 
-0.740348 -0.470935 0.018160 
0.941475 -0.028969 -0.044542 
-0.139782 -0.868391 0.015976 
-0.284012 0.955901 0.023111 
-0.426586 0.718828 -0.039283 
0.835495 0.095558 0.043550 
0.048205 0.890346 -0.044542 
0.055731 -0.875239 0.018670 
0.905205 0.277614 -0.044542 
0.890118 -0.368774 -0.044542 
0.895768 0.203453 0.009819 
-0.530521 -0.686186 0.033962 
-0.886603 -0.315385 0.042180 
0.780836 0.394414 -0.044542 
-0.479689 -0.656168 0.023911 
0.812621 -0.547880 0.043616 
0.962989 0.079123 -0.044542 
0.829962 -0.404322 0.012795 
-0.902247 0.369240 -0.042241 
-0.314823 -0.858713 -0.044542 
0.085892 -0.833944 0.043637 
-0.725997 0.576318 -0.044542 
-0.222503 0.910782 0.022394 
0.803466 -0.318275 -0.044542 
-0.534889 -0.814233 -0.035497 
-0.173838 0.967949 -0.018844 
-0.758864 0.535960 0.016820 
0.453432 -0.774534 0.009139 
-0.491801 -0.811910 0.043637 
0.434433 0.715981 -0.000429 
0.427583 0.894084 0.003692 
0.371011 -0.902774 0.043493 
0.337542 -0.916052 -0.007647 
0.839192 -0.179028 0.043607 
-0.744838 0.637347 -0.012985 
-0.338826 -0.860291 0.019906 
-0.493424 -0.840253 -0.030461 
0.664597 -0.715048 -0.040247 
-0.923105 0.269575 0.043637 
0.780987 -0.374103 -0.044493 
0.911267 -0.156176 0.012964 
-0.830627 0.416865 0.017894 
0.012971 0.987872 0.043633 
0.517729 -0.783031 -0.044416 
0.286008 0.820125 -0.044542 
-0.639623 -0.602298 0.016871 
-0.510940 0.700034 -0.044532 
0.854859 0.406904 0.040093 
-0.612096 0.544172 0.034925 
0.236619 0.956605 -0.001579 
0.307292 0.916758 0.043637 
0.722539 0.689885 0.021007 
-0.779391 -0.322795 0.043637 
-0.624853 0.576368 -0.044542 
-0.787295 -0.599272 0.028522 
-0.820045 -0.553408 0.012985 
0.122281 0.835632 -0.043980 
-0.451837 -0.804424 -0.044542 
0.902366 -0.313920 -0.044542 
0.301448 -0.793750 0.043500 
-0.738578 0.613644 -0.044542 
-0.007627 -0.817790 0.041828 
0.635179 0.765733 0.006244 
-0.182115 0.954987 0.043637 
0.194507 0.965459 -0.014294 
-0.714990 0.479539 -0.044516 
0.765392 0.299741 0.016628 
0.875515 -0.423771 0.043467 
0.764623 -0.331106 -0.029115 
-0.239426 -0.957690 0.008483 
0.729633 0.494553 0.024723 
-0.536452 -0.772800 0.042693 
0.560425 0.740684 0.013266 
-0.664043 -0.526014 -0.044542 
0.788379 -0.511025 0.033409 
-0.749610 -0.565438 0.041069 
-0.095484 0.888323 0.012856 
0.193809 -0.883410 0.008631 
0.930882 -0.128914 0.027957 
-0.409806 -0.899871 0.032187 
-0.184108 -0.892431 -0.044542 
0.872996 -0.060851 0.033147 
0.996091 0.036350 0.013729 
0.931695 -0.250513 -0.044542 
-0.622657 0.721550 -0.044354 
0.716233 -0.580049 0.012558 
0.647256 0.550344 0.043628 
0.244730 -0.902132 0.030489 
-0.931720 -0.288833 -0.025960 
-0.735679 -0.348576 0.011040 
0.691070 -0.659566 -0.044492 
-0.779094 -0.237824 0.011528 
-0.494379 0.789861 0.017544 
0.278203 0.841885 0.018664 
0.338845 0.927199 0.043637 
-0.671386 -0.628835 0.013961 
0.912582 -0.014143 0.008623 
0.046687 -0.974249 -0.007394 
-0.881644 0.127784 0.011053 
0.190613 0.860182 0.024964 
-0.861841 0.144651 0.025457 
-0.502901 -0.694687 0.043518 
-0.078652 -0.921588 -0.044542 
-0.598009 0.717149 0.019860 
-0.376635 0.827577 -0.044509 
-0.463044 -0.692094 -0.043238 
0.487952 -0.716856 -0.044457 
-0.645721 -0.497240 0.039621 
-0.458661 -0.822532 0.042871 
0.869277 -0.263839 -0.044542 
-0.648862 0.744992 0.003754 
-0.502357 -0.749636 -0.044542 
0.881287 -0.226000 -0.044542 
0.970828 -0.049479 0.043630 
0.011226 -0.948438 -0.044542 
0.602165 -0.573162 -0.011234 
0.920431 -0.173290 -0.044542 
0.321130 0.819864 0.026408 
0.603889 -0.768552 -0.036670 
0.810670 0.322856 0.040502 
-0.967044 -0.133581 -0.029135 
-0.363596 -0.909601 0.043604 
-0.587344 0.654576 0.022847 
-0.534987 -0.612032 0.021240 
-0.511127 -0.631508 0.029373 
-0.849375 -0.148943 0.042580 
0.241967 0.969208 0.031295 
-0.237913 -0.836514 -0.044542 
0.096815 -0.901654 -0.044542 
-0.914086 -0.072050 0.011482 
0.714668 0.651865 -0.044542 
-0.907152 -0.359080 -0.003386 
-0.800869 0.472202 0.017873 
-0.906520 0.404457 0.036938 
0.118277 0.991172 0.010932 
-0.948462 -0.085730 -0.044542 
0.757911 0.647958 0.039354 
0.435450 0.877377 0.043637 
-0.064942 0.980747 0.043632 
0.912654 0.349754 0.043637 
-0.218392 0.821463 -0.044542 
-0.815583 -0.006280 0.036858 
-0.569837 -0.696080 0.008631 
0.189948 0.960161 0.043637 
-0.645397 -0.679435 -0.044542 
0.045592 0.888929 0.014873 
-0.509121 -0.781540 0.028334 
-0.797828 -0.375885 -0.044542 
-0.359014 0.807141 0.021848 
0.099848 0.871568 -0.044542 
0.786986 -0.556414 -0.044449 
-0.692860 0.703106 0.003528 
-0.310625 -0.924031 -0.019583 
0.459888 -0.787187 -0.044542 
0.546931 -0.625944 -0.002613 
-0.167867 0.982069 0.008994 
-0.482885 0.662570 0.014754 
0.753553 0.393983 -0.044542 
-0.297441 -0.781296 0.043630 
-0.875953 0.333807 0.030006 
0.907025 0.039362 0.008519 
0.296442 0.783605 -0.019907 
0.263276 -0.843744 -0.044354 
-0.564946 0.654505 0.043357 
-0.804828 0.401979 -0.044481 
0.967024 0.245154 0.012622 
0.584405 -0.597192 -0.042739 
-0.891588 0.093983 -0.044542 
-0.886410 0.177691 -0.044389 
-0.791543 0.198390 0.017646 
-0.315314 -0.777064 -0.044542 
0.410084 0.852601 0.037189 
-0.492776 0.849466 -0.026058 
-0.912231 0.307750 -0.044518 
0.839675 0.512949 -0.022771 
0.456706 0.685110 0.035652 
-0.962702 -0.076419 0.043586 
0.516014 -0.739493 -0.044385 
-0.652716 -0.508616 -0.021812 
0.061898 0.835103 -0.022856 
-0.406613 -0.835951 -0.044542 
-0.464639 0.881276 0.012629 
0.392569 0.820990 -0.044542 
0.913493 -0.229703 -0.044542 
-0.113029 0.926277 -0.044510 
-0.978188 -0.089443 0.003490 
-0.244699 -0.939507 -0.042298 
-0.855923 -0.332183 0.012760 
0.428760 0.773322 0.021346 
0.663387 -0.502191 -0.016215 
-0.523517 0.649201 -0.016065 
0.793262 -0.581256 0.002289 
-0.436245 0.831774 -0.044494 
-0.617667 -0.711944 0.043070 
-0.309244 -0.912529 -0.044542 
0.627705 0.535441 0.008189 
0.907827 0.376667 0.043637 
0.344547 0.842741 0.008631 
0.512435 0.643835 0.027750 
0.103153 -0.811183 0.041565 
-0.268967 0.932164 0.043637 
0.749193 -0.644437 0.005414 
-0.972548 0.106299 -0.001045 
0.940629 0.008256 0.028273 
0.274914 -0.936359 -0.024705 
0.088965 0.817538 0.031223 
0.431336 0.831640 -0.044542 
0.098846 -0.822334 -0.010742 
0.686324 0.681742 0.043565 
-0.931686 0.059767 0.027198 
0.713075 0.679797 0.043637 
0.321131 0.874596 0.015651 
0.889676 0.452495 0.036403 
0.464754 0.795965 -0.044542 
-0.903448 0.007542 -0.044542 
-0.261019 0.802780 -0.044383 
0.686136 -0.574102 -0.044354 
0.332558 -0.743933 0.023262 
-0.065998 -0.810506 0.032255 
-0.802630 -0.310707 -0.044542 
0.513797 -0.830950 -0.029442 
0.554883 -0.804685 -0.016059 
-0.785469 0.243504 0.042754 
-0.510326 -0.713036 -0.044542 
0.593897 -0.561420 0.011450 
0.799108 -0.200905 0.005891 
-0.552361 0.797884 0.043637 
0.173634 -0.922049 -0.044406 
-0.973922 -0.067217 -0.036068 
0.378848 0.848346 0.013518 
-0.776507 0.598437 -0.004519 
0.066349 0.937303 0.025929 
-0.836854 -0.466762 0.043637 
-0.789162 0.452284 -0.044444 
-0.658824 0.694212 -0.044483 
-0.902413 -0.406200 0.020127 
0.750658 0.368010 0.000011 
0.192493 -0.968735 0.040740 
-0.600482 -0.649665 0.012706 
-0.696446 -0.455367 0.043637 
-0.234493 0.863123 0.011913 
-0.594781 -0.735791 -0.044542 
-0.822527 0.326047 0.014777 
0.947267 0.265032 -0.010010 
0.827201 0.422032 -0.044542 
0.067145 -0.832731 -0.043977 
-0.946833 0.236589 -0.039721 
0.406331 0.755619 -0.044542 
0.041912 -0.928408 0.021897 
-0.974693 0.185604 0.025136 
-0.176802 0.866904 -0.044534 
-0.002957 -0.828196 -0.021091 
0.022745 -0.962189 0.043627 
-0.797801 -0.207718 0.002134 
0.643745 -0.753134 0.009237 
-0.137271 -0.932483 -0.044542 
0.970290 -0.147346 -0.027037 
0.988295 0.136720 0.029242 
-0.251486 0.965609 0.017827 
-0.394750 -0.828890 0.013032 
-0.861284 0.223953 0.011570 
-0.231348 -0.929964 0.043637 
-0.788618 0.375285 0.029369 
-0.969479 0.053639 -0.043722 
0.899767 -0.357970 0.043602 
0.868584 -0.148622 -0.044542 
0.833725 0.055630 -0.029613 
-0.879986 -0.360441 -0.044542 
-0.783504 -0.513007 -0.044542 
-0.551387 -0.707152 -0.044542 
0.782672 -0.366120 0.043232 
-0.904091 -0.102989 0.009366 
0.548525 -0.725941 -0.044437 
0.790447 -0.282145 -0.043504 
-0.314561 -0.937938 0.021802 
0.145788 -0.828740 -0.044469 
-0.908797 -0.101527 -0.044542 
-0.831795 -0.252243 -0.044542 
0.132022 0.840635 0.043637 
-0.197845 0.935733 -0.044542 
-0.810400 0.089737 0.016959 
0.738227 -0.401714 -0.044187 
0.295620 -0.891536 -0.044354 
-0.806106 -0.426806 -0.044542 
0.457947 0.871464 -0.030651 
