0.380213 0.663709 0.093422 
-0.492696 -0.867275 0.030818 
-0.916933 0.388385 0.041761 
0.804228 -0.580882 0.024876 
-0.353273 0.926752 0.023784 
0.976494 0.172154 0.063071 
0.210146 -0.973376 0.031575 
-0.945010 -0.319694 0.033265 
0.773267 0.543570 -0.094977 
0.087093 0.952758 -0.086115 
-0.498248 0.514663 0.056629 
0.750629 -0.163215 -0.097075 
-0.554834 -0.458967 0.062464 
0.395322 -0.598457 0.076600 
-0.106623 -0.710808 0.057282 
-0.718209 0.020589 0.060359 
-0.101227 0.707677 0.073558 
0.658247 0.275603 0.076280 
0.935526 -0.316560 0.087845 
-0.746979 0.605644 -0.081723 
0.469923 -0.838840 -0.082922 
0.628268 -0.354865 0.088106 
-0.688808 -0.669445 -0.088582 
-0.941485 0.121624 -0.095885 
-0.233535 -0.919742 -0.096002 
-0.601608 0.787933 0.084418 
0.317562 0.938778 0.078975 
0.569205 0.755647 -0.094597 
-0.676862 0.327767 -0.083096 
-0.703371 -0.285241 -0.091241 
0.196992 -0.723907 -0.079515 
-0.341670 0.681838 -0.095335 
-0.347693 -0.673118 -0.089903 
-0.053645 -0.989810 0.087581 
0.770966 0.111777 -0.097075 
0.570644 -0.525124 -0.097075 
-0.983702 -0.047219 0.092980 
-0.110799 0.985111 0.080045 
0.147083 0.717413 0.008036 
0.896556 0.411333 0.086950 
-0.803085 -0.518120 0.095458 
0.548063 0.488599 0.006258 
0.981451 -0.071700 0.014859 
0.621005 -0.722596 0.095144 
0.704221 0.683926 0.091381 
0.750951 -0.023701 0.095435 
-0.853799 -0.110067 -0.097075 
0.010154 -0.870502 -0.097075 
0.765979 -0.389641 -0.097075 
0.337572 0.797351 -0.096905 
-0.155664 0.858323 -0.097075 
0.873697 0.301436 -0.097075 
-0.748419 -0.191620 0.090600 
-0.719045 0.230345 0.095458 
-0.436673 -0.637444 0.092041 
0.381045 -0.877833 0.095458 
-0.543556 0.660009 -0.096798 
0.099773 -0.757967 0.094644 
-0.298358 -0.915663 0.095458 
0.492948 0.829506 0.095458 
-0.767980 -0.474292 -0.097075 
-0.629706 -0.718439 0.095458 
0.684855 0.366971 -0.097075 
-0.935941 0.168674 0.094888 
-0.368729 0.658680 0.095155 
-0.821631 0.551475 0.088605 
-0.519303 -0.564460 -0.095710 
-0.753395 0.151933 -0.096106 
0.657457 -0.692561 -0.091339 
0.394791 -0.666122 -0.096700 
0.119576 0.939546 0.095236 
0.441186 0.605514 -0.087569 
-0.485848 0.830026 -0.062481 
0.008056 0.783487 -0.096711 
0.926145 -0.251376 -0.079376 
0.952312 0.073027 -0.087579 
0.571725 -0.528630 0.082503 
-0.645621 0.418277 0.088256 
0.298442 -0.888620 -0.097075 
0.689230 -0.188205 0.069989 
-0.288553 -0.731642 0.068211 
-0.255861 0.775736 0.028326 
-0.178573 -0.745418 -0.095848 
0.269603 -0.730064 0.085484 
-0.526617 -0.736471 -0.097075 
-0.870176 0.298436 -0.096727 
-0.705234 -0.354857 0.061972 
-0.390386 -0.835587 -0.097075 
0.809129 0.552882 0.092571 
-0.582487 0.499137 -0.096139 
-0.811158 0.453953 -0.096702 
-0.720632 0.679558 0.085840 
0.817507 -0.416873 0.051582 
0.771842 0.155936 0.055140 
-0.867782 -0.277156 -0.097075 
-0.613894 -0.438761 -0.081681 
0.240947 0.925899 -0.086028 
0.626201 0.594428 -0.096901 
-0.898830 -0.171634 0.043742 
-0.112642 -0.859796 0.019041 
-0.865321 0.036875 0.018975 
0.483963 -0.713864 0.018858 
0.839303 -0.038969 -0.097075 
0.540980 0.649671 0.018875 
0.848184 -0.148894 0.018925 
-0.662722 -0.555795 0.018853 
0.707289 0.470590 0.018625 
0.062992 -0.908625 0.040445 
-0.310361 0.849700 -0.096908 
-0.038876 0.868598 0.020235 
0.786772 0.338114 0.018677 
0.713989 -0.556003 -0.097075 
0.521241 -0.847037 0.074715 
0.157724 -0.932030 -0.096600 
-0.621635 0.598745 0.018911 
-0.752438 -0.009278 -0.082646 
-0.468641 0.870659 0.087354 
0.240399 0.825339 0.018862 
-0.763638 0.378738 0.018723 
0.462029 0.841133 -0.043276 
0.856872 0.047660 0.018769 
0.006607 -0.750456 -0.021678 
0.042740 0.755980 0.095441 
0.629730 -0.402321 -0.063152 
0.693390 -0.278273 -0.040977 
-0.473112 0.716858 0.018678 
0.614866 0.777517 0.035486 
-0.754025 -0.648220 0.085228 
-0.102046 -0.958764 -0.079086 
-0.223136 0.904661 0.082133 
-0.415278 -0.753322 0.018541 
-0.194988 0.726535 -0.088267 
0.211328 -0.835249 0.018722 
-0.051628 0.957339 -0.083687 
0.328172 0.669508 -0.033266 
0.852405 0.440087 -0.053041 
-0.964461 -0.033594 -0.041466 
-0.871786 -0.414325 -0.033573 
-0.825458 0.188626 0.019266 
0.942253 0.295609 0.019077 
0.246910 0.680938 0.092005 
-0.189913 -0.978738 0.048883 
-0.736332 -0.147848 -0.035267 
0.166372 0.815534 -0.096826 
0.972516 -0.185088 0.083540 
0.710926 0.228198 -0.078469 
0.615198 0.399263 0.095240 
0.455304 0.549701 0.077928 
-0.545766 -0.651121 0.019005 
0.668502 -0.613471 0.038819 
-0.635435 0.722729 -0.026784 
0.526266 -0.648236 -0.096984 
-0.439712 0.605140 -0.037362 
-0.944855 0.266372 0.010266 
-0.859698 -0.398511 0.093804 
0.710525 -0.480022 0.018624 
-0.812150 -0.282198 0.018515 
-0.994419 0.068712 0.039055 
0.829331 -0.289921 0.022581 
0.939320 0.196830 -0.061086 
0.936234 -0.120242 -0.095549 
0.976994 0.050063 0.093914 
0.004171 0.992324 0.030238 
0.372877 0.829882 0.043890 
0.722078 0.631220 -0.020594 
0.822452 -0.497963 -0.073120 
-0.713696 0.516506 0.022750 
0.880652 -0.384858 -0.048091 
0.101322 0.832119 0.020016 
0.746310 -0.002182 -0.024412 
-0.807853 -0.078058 0.034025 
-0.233746 0.932550 -0.035718 
0.494686 -0.561385 -0.009399 
0.445363 0.725562 -0.096871 
-0.771807 -0.579825 -0.026094 
0.311987 -0.754947 -0.097075 
0.382139 -0.783958 0.020217 
0.607273 0.473620 -0.097048 
-0.229341 -0.835710 0.018964 
-0.712041 0.142284 0.014546 
0.114597 -0.806901 -0.097075 
-0.587546 -0.798438 0.016377 
-0.641499 -0.560133 -0.097075 
0.812526 -0.281507 -0.097075 
-0.945463 -0.195608 -0.064080 
-0.433742 -0.613654 -0.032879 
-0.374379 -0.904003 0.007497 
0.325130 -0.660678 0.007210 
0.579659 -0.769198 -0.018441 
-0.383904 0.812579 0.032214 
-0.872541 0.027776 -0.097075 
-0.282850 0.663043 0.017127 
-0.648487 0.307411 0.045111 
0.207522 0.968877 0.025831 
0.317776 -0.934512 0.013929 
-0.273403 -0.812809 -0.097075 
0.437363 0.726829 0.018712 
-0.527522 -0.566289 0.091566 
-0.676099 -0.248773 0.025585 
-0.443349 0.731673 -0.097075 
-0.706025 0.502301 -0.096850 
0.635761 0.557304 0.018863 
0.240678 0.711482 -0.089046 
-0.020477 -0.775414 0.087650 
0.165485 -0.699870 0.024291 
-0.620669 0.420261 -0.028521 
0.004925 -0.964239 -0.035002 
-0.336302 -0.644048 0.015675 
-0.769017 -0.435200 0.022690 
-0.148498 0.854214 0.019687 
-0.473972 0.619268 0.077831 
-0.088670 -0.823709 -0.097075 
0.720512 -0.297528 0.076103 
-0.016274 0.736115 0.005777 
-0.632677 0.595479 -0.096914 
0.867568 0.195231 0.027628 
-0.857956 0.470848 0.008855 
0.831398 0.199301 -0.097075 
0.646495 0.352254 0.004991 
0.573582 -0.660327 0.021009 
0.126991 -0.970825 0.094648 
-0.709223 0.243443 -0.010716 
-0.265166 -0.702817 -0.032880 
0.708653 -0.091594 0.028836 
-0.567116 0.764448 -0.093133 
-0.777411 0.613158 0.017830 
0.654463 0.700787 -0.072672 
-0.709619 -0.388284 -0.097075 
0.522749 0.542083 -0.091388 
0.579859 -0.472493 -0.003764 
0.848367 -0.509215 0.085673 
-0.201824 0.688325 0.082150 
0.711102 0.063085 0.058135 
-0.408311 -0.864183 0.095438 
0.685292 -0.712065 0.016494 
0.326362 0.902349 -0.015891 
-0.893006 0.299637 0.091430 
0.773443 0.316966 -0.097075 
-0.711669 -0.102865 0.059144 
-0.695162 -0.709869 0.019129 
-0.766289 0.104419 0.090503 
-0.881435 0.389956 -0.056654 
-0.329508 -0.815325 0.021478 
-0.653639 -0.442711 0.061663 
-0.776012 0.264875 -0.096961 
0.688529 0.198890 0.020065 
0.427414 -0.877984 0.007382 
-0.597470 0.504322 0.074753 
0.494111 -0.742238 -0.096718 
0.265330 -0.905768 0.093137 
-0.853471 0.167426 -0.097075 
-0.946516 -0.241549 0.095265 
0.847525 -0.189014 -0.097023 
-0.983792 -0.128636 0.017326 
0.886422 -0.047918 0.026862 
-0.785789 -0.222709 -0.097075 
-0.393730 0.877387 -0.051028 
-0.089821 0.774982 -0.096701 
-0.529395 -0.797008 0.095458 
0.308480 0.755400 0.027850 
-0.624608 0.684147 0.067249 
0.811283 0.523309 -0.000666 
-0.841935 0.423607 0.092386 
-0.618568 -0.741462 -0.066282 
0.959571 -0.022060 -0.069500 
0.520840 0.664545 -0.096856 
0.718965 0.583063 0.073924 
0.072885 0.855223 -0.096886 
0.762921 0.447463 -0.097075 
0.808546 0.442206 0.061632 
-0.104797 -0.743470 -0.033270 
-0.792858 -0.337454 -0.097075 
-0.489897 -0.831584 -0.058425 
0.752022 -0.649524 0.069806 
0.728520 -0.628431 -0.035993 
-0.543130 -0.519488 -0.014855 
0.858954 0.055196 -0.097075 
0.525321 0.747713 0.049507 
-0.907270 -0.061884 0.037938 
0.947299 -0.160798 -0.010205 
-0.205552 -0.689075 0.050079 
0.408933 0.621320 0.000195 
-0.265326 -0.939986 0.006610 
-0.562944 -0.648991 -0.097075 
0.553146 0.540382 0.085305 
0.622657 -0.604788 -0.097040 
-0.546685 0.822660 0.016568 
0.966041 0.098124 0.006182 
0.955042 -0.250316 0.016971 
-0.050157 0.864667 -0.096904 
-0.846942 -0.507195 0.013478 
0.914162 0.240479 0.094705 
0.101980 0.748345 -0.092783 
0.477411 -0.558637 0.094901 
0.892605 0.372119 0.000809 
-0.800372 0.537044 -0.030291 
-0.511851 0.546659 -0.034674 
-0.651951 -0.374347 -0.025917 
-0.150224 0.948579 -0.071587 
-0.542098 0.645329 0.019663 
-0.752393 0.378742 -0.096908 
0.121233 -0.816944 0.025174 
0.360142 -0.685975 0.088579 
-0.329040 -0.907128 -0.072199 
0.770101 -0.221948 0.039119 
0.387328 0.873521 -0.087800 
0.050764 0.905450 0.040597 
-0.948295 0.179100 -0.016434 
-0.278391 0.762241 -0.096773 
0.643454 -0.443270 0.072635 
0.106501 0.975704 0.012971 
0.103544 -0.958666 -0.023511 
0.151796 0.741451 0.095436 
0.664213 -0.479115 -0.097075 
-0.302160 0.853129 0.037506 
-0.410775 -0.747279 -0.097075 
-0.026834 -0.902648 0.033398 
-0.507324 -0.740249 0.029286 
0.638563 0.644091 0.041538 
-0.822946 0.278255 0.019402 
-0.371358 0.874630 0.095439 
0.300020 -0.824208 0.021310 
0.103097 -0.743161 -0.022892 
-0.369883 0.650028 -0.004263 
-0.173709 -0.850326 -0.097075 
0.912175 -0.392513 0.047678 
-0.286385 0.714398 0.091904 
0.433613 0.891896 0.072866 
0.383397 -0.854166 -0.097075 
0.953155 -0.035432 0.095411 
0.454461 -0.597581 -0.084606 
0.202043 -0.820533 -0.096666 
-0.724144 0.588754 0.084064 
-0.175378 -0.774671 0.052322 
0.026378 -0.995751 0.044241 
0.747616 -0.373469 0.020746 
0.248037 0.693446 0.005100 
-0.185287 0.719046 0.001980 
-0.361326 -0.688002 0.089131 
0.025120 -0.831915 0.022866 
-0.198738 0.973063 0.033714 
0.491650 0.559169 -0.000452 
-0.689011 0.670385 -0.081315 
0.161365 -0.903813 0.048846 
0.766712 -0.133361 0.077774 
-0.804720 -0.196095 0.024674 
-0.745801 0.083115 -0.044050 
-0.497996 0.785411 0.077599 
0.756103 0.260104 0.039834 
0.224964 0.899036 0.073648 
0.903609 0.326035 0.095458 
-0.742059 -0.516129 0.033458 
-0.629763 -0.635874 0.027589 
0.765834 -0.545052 0.092331 
-0.671927 0.411942 -0.097034 
0.898399 -0.240002 0.080674 
0.262409 0.837722 -0.096933 
-0.039631 0.940010 0.093352 
0.741075 -0.085934 -0.049730 
0.731988 0.141057 -0.024771 
-0.353416 0.733177 0.030346 
-0.132941 -0.930594 0.089458 
-0.963755 0.050633 -0.039542 
0.614026 0.718033 0.095068 
0.690105 0.281695 -0.007136 
0.479541 -0.635045 0.046835 
0.034930 -0.773231 -0.097075 
-0.568757 0.436275 0.035395 
-0.391164 0.797052 -0.096952 
-0.933966 0.030465 0.082081 
0.909173 -0.313241 -0.012877 
-0.623326 -0.360106 0.076100 
0.925963 -0.113666 0.086774 
0.854559 0.292103 0.037361 
0.699835 0.501720 -0.097075 
-0.740531 0.294778 0.047394 
-0.903877 -0.338472 -0.054176 
-0.102092 0.961009 0.001017 
0.628802 -0.539325 0.023166 
-0.730898 -0.592937 -0.097075 
0.653184 -0.330752 0.008918 
0.674309 0.713218 0.013988 
-0.804176 -0.589747 0.054509 
-0.970646 -0.215010 0.020960 
-0.885789 0.116353 0.027360 
-0.920905 0.214756 -0.096483 
-0.728074 -0.278799 0.083776 
-0.788713 0.475014 0.053063 
0.546946 -0.750353 0.072825 
-0.099401 -0.966917 0.002546 
0.631257 0.476822 0.048905 
0.988961 0.013996 0.021175 
-0.481630 -0.660053 -0.097075 
0.808582 -0.077932 0.030260 
0.052516 -0.716120 0.037017 
0.561790 -0.445895 0.079046 
0.249016 -0.930791 -0.047187 
0.578611 -0.714036 -0.096821 
0.246817 -0.683683 0.013854 
-0.109285 0.784992 0.048674 
-0.437737 -0.571354 0.036526 
0.187955 -0.732289 0.095458 
0.522366 0.816010 0.005135 
0.464851 0.634009 0.057706 
0.165391 0.945387 -0.063562 
0.456599 -0.801398 0.056576 
0.716100 0.208577 0.095458 
0.836596 -0.496570 0.006374 
0.512716 -0.815259 -0.018690 
-0.745872 -0.027565 0.001977 
0.321051 0.718035 -0.096719 
0.010434 0.805731 0.034942 
0.315502 0.639715 0.039923 
-0.933782 -0.109282 -0.097075 
-0.494701 0.594166 -0.096669 
-0.304566 0.941370 0.085378 
-0.684763 -0.472141 -0.097075 
0.697710 0.629202 -0.096649 
-0.881802 -0.256784 0.047226 
-0.958068 -0.160405 0.095458 
-0.803849 0.072059 -0.097075 
-0.789804 -0.358765 0.018989 
0.596108 -0.397056 0.026942 
-0.583877 -0.568646 0.031879 
0.886712 0.129158 -0.097075 
-0.954097 0.249577 0.091426 
-0.693557 0.677349 0.000656 
0.560995 0.455801 0.089054 
0.393723 -0.636797 -0.023887 
-0.444373 0.869835 0.008470 
0.055925 0.713082 0.025210 
-0.087695 0.741289 -0.025190 
-0.314024 0.908273 -0.045590 
-0.836856 -0.481419 -0.059380 
0.786167 0.042309 0.055402 
-0.420704 0.579270 0.033384 
-0.781748 -0.081197 -0.097075 
0.303960 -0.684708 -0.065290 
0.672093 -0.342173 -0.087510 
-0.609560 -0.439421 -0.004514 
0.746329 0.404114 0.018673 
0.059566 -0.929636 -0.097075 
-0.875859 -0.197503 -0.097075 
0.313850 0.895608 -0.093781 
-0.185818 -0.894574 0.042528 
0.837160 0.368911 -0.097075 
0.904767 0.131860 0.049526 
0.166910 0.876151 0.029095 
-0.088205 -0.792959 0.047518 
-0.617230 0.698250 -0.097054 
-0.690845 0.436287 0.029273 
-0.891748 0.229518 0.051953 
0.739594 -0.304489 -0.097075 
0.022035 0.912306 -0.097013 
0.426384 -0.777544 -0.096726 
0.620047 0.413624 -0.031882 
-0.043256 -0.749801 -0.079408 
-0.436566 0.655802 -0.097075 
0.426964 0.799480 -0.097000 
-0.781034 -0.016513 0.082230 
-0.677399 -0.647502 0.085799 
0.690388 -0.691419 0.094650 
0.863844 -0.341965 0.077577 
0.354186 -0.895944 -0.040700 
-0.227306 0.854446 0.024580 
-0.830810 -0.408535 -0.097075 
0.725564 -0.176047 -0.026787 
-0.257150 0.701514 -0.042575 
0.705624 0.350888 0.053482 
-0.027012 0.716874 0.083928 
-0.985998 0.143539 0.039187 
0.028025 0.960125 -0.039187 
0.051478 0.971615 0.095046 
0.887022 -0.326574 -0.095283 
0.834431 0.128342 0.018958 
0.669410 -0.250070 0.032348 
-0.684247 0.354064 0.092800 
-0.334776 -0.769646 -0.097075 
0.608468 -0.786662 0.050017 
-0.996195 -0.012778 0.027694 
-0.658409 0.358020 -0.011196 
-0.874593 -0.325436 0.076068 
-0.811034 0.114282 0.029000 
0.881818 0.450298 0.024909 
0.567490 0.789408 0.094969 
-0.199094 -0.943950 -0.027474 
-0.150572 0.921522 0.085241 
-0.715742 -0.228921 -0.044151 
0.595168 0.662592 -0.096965 
-0.175826 -0.730255 -0.015857 
0.290773 0.870846 0.054621 
-0.061603 -0.892648 -0.097075 
-0.833243 0.364725 0.039319 
-0.883247 -0.462894 0.066138 
-0.472073 -0.675481 0.026599 
-0.159162 0.752389 0.091905 
0.003190 -0.943343 0.093004 
0.284492 -0.658896 0.071482 
-0.539345 0.735457 0.043601 
-0.686706 -0.304713 -0.020366 
0.773554 -0.571458 -0.044002 
-0.709063 0.158204 0.090330 
-0.219334 0.822942 -0.097003 
0.758943 -0.012809 -0.095329 
0.518149 -0.494277 0.046557 
0.706666 0.136703 0.089295 
0.776658 0.595603 0.011667 
0.855439 0.490772 0.087807 
-0.577301 -0.521155 -0.097075 
0.224377 -0.767854 0.043666 
0.834558 -0.430973 -0.097075 
-0.560509 -0.786002 -0.049352 
0.798074 -0.108873 -0.097075 
0.323075 -0.737175 0.038334 
-0.671526 0.733304 0.044671 
-0.731912 -0.580555 0.079168 
-0.565124 0.491144 -0.027307 
-0.548196 0.565611 0.059819 
-0.921180 -0.382713 0.061084 
-0.862951 0.491243 0.083995 
0.575209 0.768536 -0.023056 
0.424477 -0.679951 0.041296 
0.633559 -0.724549 -0.031330 
0.397486 0.660929 -0.096683 
-0.219008 0.894095 -0.097068 
0.518372 0.804290 -0.084483 
-0.253352 -0.730904 -0.097075 
0.449572 -0.887038 0.079070 
-0.928461 -0.264208 -0.056863 
0.399763 0.878514 -0.000336 
-0.238242 -0.953317 0.094041 
-0.097715 0.902894 0.041121 
-0.413882 0.685391 0.041141 
-0.836657 -0.036637 -0.097075 
0.746030 0.523729 0.046774 
0.204817 0.761484 0.053304 
0.108115 -0.877217 -0.097075 
0.698436 -0.550214 0.026574 
-0.639772 0.527226 0.023321 
0.856531 -0.225341 0.025570 
-0.299855 -0.655372 0.080443 
0.952001 0.209675 0.009144 
-0.671501 0.631156 0.056006 
0.705410 0.300008 -0.097069 
-0.275885 0.951788 0.022366 
-0.464502 -0.793198 0.048341 
0.714372 -0.229835 -0.086805 
-0.496682 -0.520352 0.037227 
-0.772404 0.166209 0.058678 
0.434285 -0.573483 0.023364 
0.733639 -0.474276 -0.097075 
-0.747721 -0.650764 0.016035 
0.874735 -0.445273 0.092649 
-0.864409 -0.115630 0.019840 
0.545958 -0.787300 -0.087228 
0.528599 -0.585438 0.056604 
0.755331 0.641819 0.069411 
0.570856 0.587709 0.026096 
-0.435304 -0.862575 -0.007348 
-0.584745 0.768221 -0.002126 
0.873638 -0.438548 0.009388 
-0.644337 -0.761280 0.043529 
0.154429 0.883241 -0.096976 
0.401079 0.591864 0.080585 
0.923162 0.261543 -0.037492 
0.762426 0.096596 0.091079 
0.186821 0.689359 0.056493 
0.742873 0.065861 -0.002615 
0.174578 0.725520 -0.077394 
-0.782281 0.534088 -0.096271 
-0.024395 -0.950088 -0.095624 
0.688543 -0.375874 0.063474 
0.820841 0.496291 -0.075947 
-0.763799 -0.157969 -0.097075 
-0.867209 0.097682 -0.097075 
-0.956652 0.103588 0.095458 
-0.714608 0.237597 -0.086081 
-0.592102 -0.514079 0.075327 
-0.663458 -0.298505 0.088447 
-0.373235 -0.616525 0.080946 
0.694506 0.433941 -0.097075 
-0.781053 -0.540625 -0.095966 
-0.582848 -0.710044 0.047572 
-0.324994 -0.942893 0.038066 
0.212908 -0.893330 -0.096665 
0.915298 0.043326 0.052029 
-0.044409 0.780988 0.066383 
0.504782 0.503880 0.055450 
-0.838000 0.238858 -0.097051 
-0.415118 -0.668657 -0.097075 
-0.922733 0.279191 -0.059919 
-0.805396 0.337820 -0.097075 
0.654699 0.342091 0.095458 
0.367261 0.724231 0.030238 
0.699686 -0.639685 -0.094909 
-0.956158 0.008200 -0.092362 
0.514589 -0.572616 -0.097074 
0.962910 0.115984 0.095458 
0.047383 0.744822 -0.055643 
-0.381648 -0.921223 0.075298 
0.901303 -0.008060 -0.097075 
0.111496 0.778370 0.056873 
0.481614 0.866558 0.035444 
-0.304405 0.650346 0.083436 
-0.698876 -0.170403 0.052843 
-0.707351 -0.458008 0.020249 
-0.045299 -0.717023 0.034356 
-0.227745 -0.738709 0.091955 
0.592534 -0.455917 -0.068056 
-0.773576 -0.107481 0.081272 
0.764480 -0.443597 0.024324 
0.667652 0.422710 0.050139 
-0.574273 0.566683 -0.096774 
-0.475924 -0.781077 -0.097075 
0.909427 -0.175778 0.070454 
-0.280394 -0.874964 0.047982 
-0.147969 -0.916332 -0.097075 
0.757499 0.382647 -0.097075 
0.800587 0.204696 0.023156 
-0.903969 0.335645 -0.029221 
0.037040 -0.739418 0.095458 
0.135090 -0.741430 -0.086944 
-0.811802 -0.458358 0.072590 
0.596958 0.389892 0.034017 
0.373893 0.882642 0.095458 
-0.619876 0.361522 0.072038 
-0.690312 0.197311 0.039969 
-0.512267 0.716193 -0.096889 
0.207352 0.962558 0.089801 
-0.177474 0.797432 0.027912 
0.985512 -0.114709 0.062648 
-0.545502 0.828191 0.082213 
0.324789 -0.869057 0.066208 
0.188011 -0.945207 -0.034293 
0.582343 -0.592066 0.022646 
-0.326844 -0.848295 -0.097075 
0.255592 -0.785022 -0.097073 
0.322181 0.690456 0.094152 
0.868902 -0.095593 -0.097075 
-0.154821 -0.728015 0.095458 
0.796776 0.041447 -0.097075 
0.367632 -0.924864 0.054735 
-0.627948 -0.622281 -0.097075 
0.783797 0.254430 -0.097075 
-0.059068 0.990847 0.036724 
-0.760316 0.530247 0.065336 
0.193609 -0.966119 0.092244 
0.469638 0.776772 0.041840 
-0.041607 0.745220 -0.068700 
-0.899668 -0.056140 -0.097075 
-0.898716 -0.369633 0.001915 
-0.429499 0.769911 0.023253 
0.624357 0.729105 -0.023766 
0.215020 0.775555 -0.096762 
0.904087 0.321225 -0.043296 
0.539971 -0.517796 -0.021290 
-0.391414 -0.812297 0.031815 
0.457319 -0.670663 -0.096664 
0.715751 -0.601244 0.086336 
-0.832312 0.543149 0.023169 
-0.488409 -0.620131 0.061422 
-0.707431 -0.530426 -0.097075 
-0.938844 0.331796 0.056789 
-0.617901 0.442622 -0.090216 
-0.781929 0.612418 0.081693 
-0.488531 0.774697 -0.097075 
-0.418542 0.900683 0.056098 
-0.723512 -0.039652 0.088610 
-0.747962 -0.312564 0.035429 
0.692781 -0.244972 0.095239 
-0.241870 -0.776479 0.033085 
-0.463418 -0.565463 0.092813 
0.832087 0.385357 0.053304 
0.734064 -0.083421 0.095352 
-0.465544 -0.593718 -0.085482 
-0.711788 0.097727 0.061722 
-0.120384 -0.770489 -0.097075 
0.658894 -0.301133 0.091210 
0.227664 -0.681823 0.080009 
-0.163483 0.947285 -0.010090 
0.011161 0.851245 -0.096870 
-0.749416 0.455428 -0.096826 
-0.319788 0.783659 0.018949 
-0.112205 -0.989950 0.068176 
0.254581 -0.874703 0.040943 
0.918164 0.176317 0.090118 
0.952188 0.124543 -0.047768 
-0.731694 0.167246 -0.038274 
0.903743 0.232000 -0.097075 
0.714067 0.561637 -0.097075 
0.743091 0.063932 -0.070159 
-0.382414 -0.646952 -0.039560 
-0.366125 -0.720587 0.037247 
0.070584 -0.792426 0.049707 
0.695940 -0.425836 -0.097075 
-0.230104 0.742776 0.081508 
-0.640935 -0.724133 -0.005744 
0.112890 0.901806 0.042706 
-0.707789 -0.656712 -0.029937 
-0.335502 -0.869965 0.073930 
0.836727 -0.369901 -0.097075 
-0.687779 -0.233032 0.087725 
0.496830 0.691866 0.018481 
-0.063492 -0.732612 0.094586 
0.553734 -0.825342 0.025380 
0.329848 -0.825033 -0.097075 
0.636352 0.406098 -0.090122 
-0.096612 0.918454 -0.097037 
0.429551 -0.745755 0.018727 
0.700373 0.138303 0.028792 
-0.550690 0.468011 0.088618 
0.931589 -0.180860 -0.094317 
0.265547 -0.959532 0.052283 
-0.033332 -0.995713 0.030650 
-0.606712 -0.789929 0.081625 
-0.394189 -0.614256 0.013193 
-0.856115 -0.035781 0.018500 
0.954148 -0.107545 -0.038213 
-0.976044 0.200685 0.056527 
0.555329 0.614801 -0.096819 
-0.493853 -0.857389 0.090458 
-0.759509 -0.236300 0.051456 
0.745327 0.182214 -0.097075 
0.098312 0.707327 0.067758 
-0.593883 -0.422928 0.090981 
-0.386380 0.640352 -0.067422 
0.769547 -0.283331 0.026478 
-0.030433 -0.806911 0.037272 
0.428999 0.570877 0.028117 
-0.788631 0.200704 -0.097075 
-0.649762 -0.387147 -0.084659 
-0.670802 0.267822 0.084487 
-0.047262 0.959299 -0.023455 
-0.029719 -0.812336 -0.097075 
0.687191 -0.673214 -0.042946 
-0.765485 -0.410045 -0.097075 
0.236259 0.930788 -0.010405 
-0.273483 -0.665771 0.027686 
-0.416866 0.831321 0.078568 
0.176681 0.805361 0.023930 
0.744627 -0.187787 0.092210 
0.378804 0.732958 -0.096809 
-0.395035 -0.880653 -0.058304 
-0.918757 -0.116291 0.059446 
-0.693820 0.583335 -0.096887 
-0.503668 -0.557830 -0.037791 
-0.312546 0.881947 0.088643 
0.109112 -0.709649 0.054474 
0.620298 -0.678549 0.053119 
0.499697 0.593035 0.083101 
0.665989 0.734110 0.071041 
-0.673059 -0.334409 -0.070041 
0.372284 -0.721064 -0.096988 
-0.995710 0.024615 0.078689 
0.198073 -0.722941 -0.020316 
-0.724576 0.634900 -0.026442 
-0.440295 -0.894932 0.056361 
0.721601 0.674154 0.019995 
0.071989 -0.991971 0.081542 
-0.335128 0.746113 -0.096788 
-0.958595 -0.113708 -0.043786 
-0.842412 -0.365035 0.046644 
-0.578360 -0.590547 -0.097075 
-0.745472 -0.090894 -0.023816 
0.789683 -0.602399 0.077635 
-0.878827 0.416309 0.004259 
0.642914 0.538363 -0.096862 
0.961138 0.243809 0.060051 
0.709677 0.303768 0.087725 
0.665536 0.335356 -0.047531 
0.297760 0.814659 0.019986 
-0.631174 -0.693572 -0.097075 
-0.507453 0.854604 0.045493 
0.292136 0.946692 0.027142 
-0.087874 0.837093 0.019538 
0.414934 -0.869184 -0.050474 
0.446698 -0.618678 0.094845 
-0.717489 -0.692425 0.075872 
-0.203370 0.957864 0.093940 
0.541003 -0.710564 0.028462 
-0.876688 -0.368305 -0.095735 
0.707896 -0.422535 0.024768 
-0.919604 -0.292754 0.095458 
-0.685988 0.567119 0.026610 
0.574894 0.713392 0.052750 
-0.210487 -0.805822 -0.097075 
-0.643478 0.732543 0.095122 
0.563046 0.487922 -0.049466 
0.336206 -0.633487 0.069626 
0.261001 0.938699 0.094688 
0.517892 0.729711 -0.096974 
-0.636036 -0.339790 0.023823 
-0.965654 -0.074712 -0.001279 
-0.143117 0.732818 -0.064276 
-0.742712 0.660291 0.024975 
-0.486303 0.652314 0.030741 
0.113005 -0.989626 0.041604 
-0.637326 0.515524 -0.096959 
0.377696 -0.721831 0.030835 
0.161618 0.947720 -0.006539 
-0.778498 0.049173 0.082378 
0.062339 -0.830042 -0.097075 
-0.227925 0.683954 0.016421 
0.734805 -0.655861 0.013607 
0.087454 0.740770 -0.015274 
-0.896539 0.407212 0.091942 
-0.494342 0.826700 -0.005657 
-0.580596 -0.477273 -0.056048 
0.813468 0.420691 -0.097075 
0.816558 -0.021633 0.027405 
0.713061 -0.035467 0.037291 
0.084398 -0.860491 0.018884 
-0.643264 0.474191 0.043646 
0.418996 0.678375 0.042072 
-0.535862 -0.833379 0.016032 
-0.691649 0.289274 -0.044007 
-0.057121 -0.962718 -0.044528 
0.577832 0.529396 -0.096713 
-0.141271 0.700943 0.032926 
0.415168 0.778701 0.024553 
-0.599169 -0.398176 0.040235 
-0.381912 0.606106 0.078584 
-0.731188 0.044839 0.010869 
0.210823 0.878521 -0.096992 
0.268915 -0.840003 -0.097075 
-0.723586 -0.189013 0.001285 
0.582770 -0.648734 -0.096834 
-0.789429 0.231481 0.026829 
-0.407692 -0.678091 0.058413 
-0.091544 -0.907283 0.040961 
-0.746179 0.433383 0.018825 
0.747658 0.032835 0.095458 
-0.575481 0.736141 0.086840 
0.797312 -0.485469 0.085878 
-0.845065 0.405322 -0.096783 
0.829441 -0.350533 0.034031 
-0.441225 0.840159 -0.094977 
0.624608 -0.540517 -0.097075 
-0.932659 -0.263482 -0.000967 
-0.993155 -0.084479 0.052186 
-0.497899 0.555277 0.095195 
0.477144 0.572372 -0.060321 
0.054648 -0.970646 0.003001 
0.775942 0.563522 -0.042784 
-0.912855 -0.001636 0.041494 
0.698684 -0.207821 0.010544 
-0.664359 -0.493295 0.025098 
-0.279149 0.706474 -0.094476 
0.933169 -0.338525 0.030716 
-0.804578 -0.539394 -0.003140 
-0.833395 0.484519 -0.039272 
0.839517 0.254456 -0.097075 
-0.439891 -0.857623 -0.081796 
-0.936932 0.228642 -0.041588 
0.206036 0.716700 -0.032456 
0.250329 -0.709818 -0.086026 
0.345481 0.929313 0.031955 
0.445326 -0.601525 -0.030044 
0.780180 -0.210083 -0.096981 
-0.960207 0.097179 -0.009729 
-0.383375 0.718227 -0.096797 
-0.624345 -0.492111 -0.097075 
-0.806596 0.004664 0.038054 
0.144088 0.981438 0.052976 
0.590046 0.453436 -0.000134 
0.793365 -0.332985 -0.097075 
0.768673 0.595213 0.095035 
-0.272411 -0.925696 -0.057841 
0.608688 -0.488866 0.075184 
0.690184 0.566508 0.030410 
-0.882672 0.170776 0.030737 
0.781296 0.506367 0.086544 
-0.083507 0.712668 0.020958 
-0.421868 0.648738 0.088831 
0.606416 -0.404352 0.093472 
-0.574770 -0.744250 0.089004 
-0.565854 -0.821098 0.063224 
0.760621 -0.521354 -0.097075 
-0.476774 -0.715028 -0.097075 
-0.369853 0.861479 -0.097069 
0.944283 0.288496 0.085710 
0.938919 0.152229 -0.092409 
-0.877673 -0.451693 0.013439 
0.400917 0.628169 -0.053698 
0.554074 0.822300 0.054139 
-0.242993 -0.901479 0.079282 
-0.777018 0.326375 0.019943 
-0.315239 0.677796 -0.023563 
0.272207 0.727263 0.080346 
0.793026 -0.150965 0.033968 
-0.099499 0.842686 -0.096862 
-0.297050 0.738935 0.045033 
0.148406 -0.769416 0.074280 
0.746297 0.601281 -0.079881 
0.356841 -0.829467 0.034160 
-0.605569 0.386176 0.026306 
-0.592416 0.637289 -0.096908 
0.174457 0.914633 0.083909 
-0.713961 0.291497 -0.097075 
-0.807453 -0.285800 -0.097075 
0.478424 -0.869580 0.021732 
0.368303 -0.787666 -0.097075 
0.058445 0.990708 0.031312 
0.074471 -0.746599 -0.067910 
0.949294 0.157625 -0.002679 
0.113591 -0.956558 -0.079089 
-0.146269 0.981879 0.038191 
-0.142605 0.782452 -0.097058 
0.683914 0.672299 -0.038567 
-0.219142 -0.718903 -0.058000 
0.164346 -0.858214 -0.096963 
-0.670261 0.257101 0.032302 
-0.953181 -0.097428 0.095458 
0.451363 0.592961 -0.015058 
0.114908 -0.921591 0.067834 
-0.916999 0.057045 -0.097075 
0.734306 -0.130583 -0.000529 
-0.310297 -0.684060 -0.011842 
-0.882362 0.351606 0.094899 
0.277407 -0.763648 0.032396 
-0.732773 -0.221605 -0.094802 
0.178185 -0.795704 0.030759 
0.716625 0.014699 0.020635 
0.857924 0.497146 0.031317 
-0.692726 -0.593593 0.040621 
-0.650103 -0.401769 0.094994 
0.655008 -0.359385 -0.035420 
-0.913365 0.061137 0.044373 
-0.712416 -0.134846 0.016329 
-0.021601 0.988736 0.084810 
-0.716097 0.367752 0.038445 
-0.601074 0.751153 -0.055221 
-0.795812 -0.145562 0.036260 
-0.955830 -0.061894 -0.091474 
-0.186376 -0.945115 0.095458 
-0.854712 -0.514015 0.064967 
-0.870483 0.358316 -0.097030 
-0.312785 -0.765777 0.025204 
-0.428516 0.578827 0.085198 
0.889694 0.356737 -0.079039 
-0.162274 -0.961167 0.005571 
-0.519580 0.548572 -0.090043 
0.112068 0.820542 -0.096816 
-0.238612 -0.687034 0.090566 
0.411433 0.846315 0.093639 
-0.252960 -0.860857 -0.097075 
0.949391 -0.069852 -0.092010 
0.015465 0.854954 0.018559 
0.765113 -0.612492 0.011195 
-0.770311 0.578804 -0.022414 
0.059884 0.778869 -0.096706 
0.347181 0.660727 -0.080894 
0.704908 -0.123437 0.079436 
0.617015 -0.422557 -0.017023 
-0.809507 -0.525850 -0.055087 
-0.051105 -0.928911 0.071065 
-0.381608 0.886578 -0.001384 
0.752345 -0.521477 0.048108 
0.257780 0.764561 0.033909 
-0.799214 0.007792 -0.097075 
-0.594603 0.409600 0.085380 
-0.359284 -0.723981 -0.097075 
0.580716 -0.782683 0.095188 
-0.624838 0.773208 0.040497 
0.650171 -0.492525 0.029152 
0.884945 -0.099586 0.028339 
-0.177757 -0.837959 0.018527 
-0.593686 0.643978 0.021346 
0.525210 -0.791538 0.095033 
-0.836392 -0.236229 -0.097075 
0.002330 0.917533 0.053381 
0.991409 -0.030153 0.047563 
0.432831 -0.726468 -0.096664 
-0.492243 0.655915 -0.096869 
0.106016 0.906177 -0.097013 
-0.859256 0.436851 -0.058752 
-0.475299 0.541542 0.019345 
0.603510 -0.749600 -0.069444 
-0.278086 -0.957393 0.053102 
0.616678 0.770586 0.086116 
-0.528326 0.804177 -0.050784 
0.894301 -0.386498 0.095136 
-0.936638 -0.028426 0.087107 
-0.562343 -0.477970 0.007694 
0.683957 0.618780 0.063931 
0.062707 0.790044 0.047937 
0.007352 0.714072 0.046412 
-0.679758 0.313170 0.000062 
-0.751832 0.099821 -0.091749 
-0.743865 -0.113915 -0.081275 
0.337030 -0.908817 0.095458 
-0.711631 -0.408090 0.028853 
0.959784 -0.016020 -0.019041 
-0.522635 -0.806574 -0.088077 
0.666000 0.516661 0.019046 
0.823418 0.249615 0.018919 
-0.546611 0.529584 0.095264 
0.658619 -0.745022 0.043968 
0.134570 0.733517 -0.047690 
-0.911932 -0.203397 0.080616 
0.946223 -0.248432 0.094071 
0.674648 0.232004 0.055370 
0.267643 0.696145 -0.041199 
0.894468 0.002881 0.030653 
-0.749068 -0.060653 -0.064890 
-0.258210 0.666957 0.072902 
-0.961842 -0.264167 0.053233 
-0.731785 0.096833 0.007009 
0.056177 -0.748403 -0.001093 
0.815831 -0.546624 0.092886 
0.743088 -0.609208 -0.079802 
0.559249 -0.595110 -0.096965 
0.987381 0.091619 0.050885 
-0.668244 -0.347733 0.095458 
0.935900 -0.218025 -0.015979 
-0.057847 -0.748727 -0.002025 
0.776094 -0.065670 0.075258 
0.831587 0.478883 -0.010623 
0.804179 0.148878 -0.097075 
0.365700 0.778557 0.018903 
-0.133479 -0.723060 0.009293 
-0.752089 0.040429 -0.085126 
-0.029277 0.819489 -0.096795 
-0.649614 0.374289 -0.073370 
-0.817578 -0.416760 0.045952 
-0.550322 -0.495859 0.095444 
-0.255778 0.943240 0.094405 
0.297186 -0.916570 -0.027537 
0.854092 0.435626 0.095284 
0.708247 0.232369 -0.010750 
0.268640 -0.699925 -0.034006 
0.614171 0.457492 0.091191 
-0.589076 0.555435 0.033796 
-0.718462 -0.073559 0.019871 
-0.222947 0.766420 -0.096918 
-0.345366 0.627409 0.052999 
0.866794 0.358892 0.092591 
0.203729 -0.771152 -0.096719 
0.340045 0.629482 0.081560 
0.800343 0.085046 0.035256 
0.506936 -0.666558 0.020600 
0.263687 0.662794 0.049340 
-0.175112 -0.948761 -0.071726 
-0.047440 0.910340 0.045015 
-0.336593 0.808023 -0.096923 
0.199427 0.729082 0.095458 
0.595227 0.504827 0.067300 
-0.538804 -0.699684 0.022654 
0.741181 -0.246520 0.070408 
0.851944 -0.446054 -0.034077 
0.620341 -0.355854 0.038231 
0.885386 0.276340 0.077598 
0.288704 0.793118 -0.096853 
0.612180 0.737620 -0.079360 
0.542148 -0.488324 0.093753 
-0.617591 -0.525427 0.035044 
-0.813455 0.139269 -0.097075 
-0.464665 0.585192 -0.000003 
-0.089910 0.943530 0.095122 
-0.748284 -0.317483 -0.097075 
0.570074 0.428416 0.047365 
0.912803 -0.299682 -0.059635 
-0.682973 -0.726392 0.069746 
0.003465 -0.718194 0.032752 
0.756755 0.478597 0.031734 
-0.978912 -0.190997 0.063719 
0.431831 0.855827 -0.078698 
-0.302612 -0.688267 -0.079199 
-0.002994 0.959018 -0.080993 
-0.012976 -0.727385 0.091128 
-0.263131 0.861684 -0.096753 
-0.067725 -0.841095 0.019796 
0.841569 0.339113 0.041536 
0.023385 -0.885765 0.023966 
0.765122 -0.060988 -0.097028 
0.483389 -0.571107 -0.055902 
-0.544768 0.474555 0.017583 
0.975589 -0.176110 0.026170 
-0.686529 -0.612660 -0.097075 
0.819214 0.558234 0.032111 
-0.762088 -0.542813 0.083823 
0.445618 0.667124 -0.096757 
-0.853265 0.311313 0.037916 
-0.262848 0.914502 -0.093266 
0.208160 -0.891554 0.045296 
-0.726196 -0.132053 0.095014 
0.925846 0.341513 0.018304 
-0.360780 0.920944 0.086033 
0.307399 0.894153 0.094726 
0.533090 0.520569 -0.026787 
-0.515750 0.516337 0.011230 
0.487141 -0.795875 -0.096664 
0.883058 0.188383 -0.097075 
-0.653649 -0.710373 -0.054768 
-0.480497 -0.571121 0.002401 
0.382280 -0.894909 0.005286 
-0.887499 0.450998 0.041389 
-0.951848 0.155090 -0.058087 
0.354384 0.632491 0.012364 
-0.782184 -0.606502 0.015052 
-0.950626 -0.179007 -0.004008 
0.957137 0.073600 -0.039663 
0.418514 0.634537 0.094542 
-0.923422 0.347390 0.013946 
0.959477 0.022349 -0.048048 
-0.988185 -0.132773 0.070187 
0.896066 -0.375544 0.005711 
-0.916126 0.212268 0.090969 
-0.427948 -0.805700 -0.097075 
-0.675392 0.692375 0.095458 
0.883092 -0.278784 -0.096904 
-0.745682 -0.613147 -0.048650 
-0.106708 -0.876485 -0.097075 
0.719778 -0.377045 -0.097075 
0.485571 -0.528967 0.024639 
0.867508 0.412016 -0.007325 
0.714764 0.001187 0.067954 
-0.208700 0.937717 -0.076105 
-0.791818 0.430253 0.032588 
0.885154 -0.285794 0.082450 
0.094399 0.987443 0.062439 
0.097354 0.746091 0.095458 
0.591671 0.673675 0.032587 
0.657987 -0.651272 0.065749 
0.308869 0.847772 -0.096990 
-0.721544 0.342615 -0.097010 
0.385932 -0.641067 0.095341 
-0.848461 0.238332 0.022392 
-0.159114 -0.700961 0.042508 
-0.570112 -0.755346 -0.096625 
-0.753439 0.248973 0.052251 
-0.593340 -0.471199 0.095458 
0.837250 0.008372 -0.097075 
0.161285 -0.841303 0.018457 
-0.900580 -0.157131 -0.097075 
-0.530645 -0.689324 -0.097075 
0.301300 -0.696387 0.095315 
0.662116 -0.569287 -0.097075 
-0.920233 0.103729 0.063687 
-0.129558 -0.766714 0.085552 
-0.972192 0.019891 0.003423 
0.216410 -0.938099 -0.081972 
-0.217351 -0.715651 0.001308 
-0.750666 0.015313 -0.042383 
0.826071 -0.146962 -0.097075 
0.920121 0.091495 0.068551 
-0.147699 0.706700 0.089269 
0.887794 -0.230145 -0.096788 
0.009760 0.949632 0.095458 
0.748908 -0.325669 0.028314 
0.811843 -0.536674 0.006472 
-0.741767 0.632909 0.095161 
0.659488 0.669481 0.092857 
-0.780075 -0.603557 0.092436 
0.503971 -0.752378 0.036889 
0.302317 0.669574 0.006237 
-0.940420 0.294410 0.091662 
0.560690 -0.445316 0.029251 
0.742074 0.355836 0.024453 
0.868203 0.095954 0.021431 
-0.343504 -0.902171 -0.027920 
-0.717381 0.292814 0.088053 
-0.960482 0.068530 -0.084154 
0.918419 0.373812 0.069517 
0.464512 -0.843781 -0.036707 
0.488302 0.630936 -0.096747 
0.048177 -0.934788 0.083520 
-0.718137 -0.026565 0.039590 
-0.545976 -0.516641 -0.061403 
0.139253 -0.712285 0.090066 
0.789289 0.386333 0.023139 
0.757907 0.546739 0.088252 
-0.947319 -0.153202 -0.089304 
0.620237 -0.619160 0.021607 
-0.151846 0.967810 0.093679 
0.533945 0.496877 0.091013 
0.392051 0.910727 0.032278 
0.960591 -0.083931 0.095458 
-0.708090 0.698741 0.045449 
0.264204 0.753701 -0.096747 
0.788218 -0.433470 -0.097075 
0.712307 0.094015 0.018024 
0.908437 0.061325 -0.097075 
0.561743 -0.493545 -0.054286 
-0.030442 -0.965880 -0.005100 
-0.920251 -0.216740 -0.096708 
0.408230 -0.841465 0.086289 
0.339325 -0.688520 -0.096441 
0.739503 -0.116485 -0.084504 
-0.288635 -0.904913 -0.095873 
0.735019 0.139400 -0.082853 
-0.310509 0.922791 0.006610 
-0.164305 -0.803378 -0.097075 
-0.267121 0.890788 0.079459 
-0.539998 -0.584443 0.050969 
0.708827 -0.234819 -0.038737 
-0.810183 0.482874 0.093166 
0.991996 0.008120 0.073338 
0.815387 -0.205364 0.019644 
0.860954 0.411234 -0.087978 
0.689972 0.282001 -0.057563 
-0.630192 0.345206 0.026151 
0.586548 -0.546976 0.039760 
-0.794231 0.074175 0.047077 
0.625640 -0.441175 -0.096389 
0.738261 0.302447 0.041510 
-0.472764 0.580317 -0.058721 
0.946456 -0.294820 0.024577 
0.841314 -0.317204 -0.097075 
-0.536491 0.614725 -0.096781 
-0.637616 0.644843 -0.096994 
-0.899090 0.171713 -0.097075 
-0.843595 -0.469123 -0.015778 
-0.868235 -0.323339 -0.097075 
0.516365 0.775726 0.084579 
-0.721975 0.200724 -0.000355 
-0.740393 0.552461 -0.096715 
-0.071749 0.734983 0.095414 
-0.836479 -0.319740 0.027856 
-0.205537 0.767156 0.047482 
-0.143639 -0.736827 -0.056319 
0.731433 0.263152 0.078110 
0.190177 0.919210 -0.096947 
-0.002456 0.762077 0.094355 
0.254870 -0.818357 0.018460 
0.053993 0.928144 0.081469 
0.722484 0.183434 -0.038696 
-0.724629 -0.450033 -0.097075 
0.652113 -0.403026 0.092210 
-0.537767 0.602665 0.035052 
0.298871 0.911843 -0.050903 
-0.349461 0.895849 -0.075284 
0.481806 0.694723 -0.096858 
0.302663 -0.938302 0.090979 
0.925030 -0.261244 -0.035018 
-0.642058 -0.667218 0.058089 
-0.815003 -0.562972 0.089552 
0.902010 0.408603 0.026136 
-0.831011 -0.362043 -0.097075 
-0.446306 -0.820835 0.079348 
0.160811 0.772265 0.052782 
-0.909475 0.318652 -0.077809 
-0.143761 0.900922 0.045476 
-0.223421 0.946530 0.006616 
0.632834 0.328772 0.041168 
0.238241 -0.947482 0.007488 
0.472053 -0.851331 0.095176 
-0.515947 0.702688 0.020348 
-0.847268 0.089423 0.018775 
-0.587746 -0.670644 0.026154 
0.866866 -0.274444 0.042195 
0.518690 -0.540515 0.095340 
0.713825 -0.691556 0.044731 
0.762724 -0.566259 -0.094280 
0.146002 -0.735462 -0.034073 
-0.145441 0.732378 -0.019350 
0.610572 -0.485162 -0.097075 
-0.799958 -0.441222 -0.097075 
0.680390 -0.526148 -0.097075 
-0.397007 0.737804 0.020460 
-0.875512 0.209961 -0.097075 
-0.733953 -0.234045 0.093469 
0.521443 0.805850 -0.039707 
-0.279500 0.818918 0.019280 
-0.569957 -0.613388 0.021524 
-0.917627 -0.305530 -0.005497 
-0.795648 0.390687 -0.096805 
0.464524 0.865075 0.091266 
-0.677065 0.541713 -0.096848 
0.395358 -0.611090 0.012848 
-0.984428 0.137672 0.083638 
0.921762 -0.038232 0.063541 
-0.870609 -0.202207 0.027122 
-0.085350 -0.959268 0.095458 
0.203987 0.698726 0.010716 
-0.417471 0.620816 -0.001963 
-0.670619 0.311087 0.095458 
-0.672429 -0.691468 0.095458 
0.940392 0.007257 0.093403 
-0.507025 -0.821508 -0.015851 
0.742137 -0.076502 -0.006179 
0.383803 0.601549 0.040680 
-0.005475 0.963549 -0.002364 
0.693186 0.169440 0.062275 
0.239633 0.867072 0.034386 
0.685101 -0.292045 0.000546 
0.102941 0.954552 -0.044629 
0.342750 -0.888613 -0.094087 
0.606281 0.433183 -0.071849 
0.493438 0.533592 0.093846 
0.656107 -0.387856 -0.095730 
0.200470 0.844570 0.020045 
0.419003 -0.620913 -0.071857 
-0.573104 0.701851 -0.096877 
-0.242700 0.702708 0.095458 
-0.588989 0.456645 0.001718 
-0.727044 0.185797 -0.078172 
0.354895 0.891501 -0.063691 
0.166164 -0.794702 -0.096901 
-0.703105 -0.538449 0.023332 
0.066753 0.859585 0.019015 
-0.580269 0.711150 0.050754 
-0.394977 0.675650 -0.096970 
0.941138 -0.194183 -0.052696 
0.924564 -0.358672 0.079240 
-0.851675 -0.441793 0.095444 
0.786920 -0.006775 0.056361 
0.640621 -0.378988 0.001266 
0.901096 -0.137059 0.044738 
-0.045636 0.908403 -0.097006 
-0.106912 0.954696 -0.067263 
0.713821 0.625534 0.095458 
-0.604693 0.465094 0.093199 
0.464832 0.821705 -0.095212 
0.336317 0.852714 0.052437 
-0.294785 -0.745498 -0.097075 
0.643927 -0.310869 0.051211 
-0.298256 -0.917890 -0.023362 
0.421984 0.812680 0.051316 
-0.750731 0.012184 0.095436 
-0.220618 0.801852 0.021976 
-0.882952 0.273445 0.057891 
-0.855107 -0.158330 0.019425 
-0.513694 -0.630387 -0.097075 
-0.629079 -0.411077 -0.031843 
0.538398 0.571270 0.058246 
0.333800 -0.670642 -0.034345 
-0.786221 -0.491532 0.060626 
0.897056 -0.344566 -0.045752 
0.792715 0.355998 -0.097075 
0.078197 -0.716997 0.084220 
0.965232 -0.230361 0.054268 
0.212738 0.936275 -0.046593 
-0.813130 -0.238713 0.019336 
0.007690 -0.750467 -0.071945 
-0.190881 0.898286 0.053716 
-0.900824 -0.428051 0.041598 
-0.897796 -0.370114 0.095458 
0.548655 -0.624780 0.022306 
-0.819080 0.506791 -0.073703 
0.899659 -0.143612 -0.097075 
-0.779802 0.280110 0.024010 
0.716013 -0.643681 0.095458 
-0.143459 -0.891723 0.033512 
-0.440394 0.613106 -0.090440 
-0.342890 0.851928 0.052329 
-0.471633 0.763363 0.031112 
0.689181 0.251945 0.095287 
0.461180 0.765899 -0.096972 
-0.690780 -0.206255 0.023699 
-0.767659 -0.155116 0.077478 
-0.539241 0.519269 -0.064961 
-0.202673 0.718901 -0.037608 
0.406479 -0.907852 0.077666 
-0.761679 -0.258516 -0.097075 
-0.183743 0.795442 -0.097075 
-0.151612 0.901267 -0.097039 
0.519729 -0.810711 -0.062239 
0.667371 0.394632 0.082882 
0.212992 -0.927735 0.095105 
-0.505850 -0.512173 0.078503 
-0.527354 -0.762167 0.060456 
0.868352 0.251338 0.038032 
-0.116614 0.758711 0.093084 
0.067025 0.957655 -0.021150 
-0.046900 0.712892 0.046015 
0.039295 -0.779709 0.080615 
0.389206 0.778995 -0.096917 
0.961898 -0.112691 0.003694 
0.831598 -0.430227 0.089842 
0.498189 0.581024 -0.096670 
0.163666 0.772781 -0.096727 
-0.853099 -0.443694 -0.087251 
0.532782 0.605656 0.033441 
0.783394 -0.396772 0.022337 
0.712984 -0.048042 0.078117 
0.454534 0.854806 0.004575 
0.642704 0.377565 -0.035085 
-0.636259 0.648961 0.039750 
0.752539 0.488852 -0.097075 
-0.963980 0.251794 0.050010 
0.657735 0.607333 0.031728 
-0.742829 0.183855 0.094431 
-0.282627 0.817375 -0.096765 
0.392789 0.832308 -0.097033 
-0.465686 0.828920 0.095121 
0.939141 0.011399 -0.096849 
0.011786 -0.984989 0.092593 
0.658511 -0.576131 0.021208 
0.103640 -0.719971 0.013677 
0.760591 0.196758 0.057826 
-0.710955 0.387827 -0.096984 
0.356180 0.920207 0.086935 
-0.716721 0.326624 0.062083 
-0.407920 -0.631506 -0.078051 
0.422157 -0.837167 -0.096863 
-0.100242 0.739876 -0.075508 
0.536415 -0.742899 -0.096989 
-0.526529 -0.490386 0.036377 
-0.810460 0.577220 0.035421 
-0.707001 -0.253900 -0.002816 
-0.676617 0.392201 0.076178 
0.674542 0.593867 -0.096983 
0.177393 -0.695746 0.064586 
-0.739299 0.128060 -0.051969 
-0.661736 -0.282356 0.049496 
-0.911508 0.164183 0.060810 
-0.286746 -0.798388 0.019128 
-0.816766 0.297212 -0.096878 
0.540879 -0.488102 0.011586 
-0.903668 0.252996 0.088341 
0.739244 0.173448 0.093881 
0.706257 0.414411 0.026339 
-0.718303 -0.638683 -0.088053 
-0.236786 -0.773016 -0.097075 
0.782109 0.296403 0.020304 
-0.769913 -0.190772 0.054540 
0.677062 0.248294 0.014661 
-0.826012 0.404359 0.051041 
-0.624854 -0.382062 0.011236 
0.881118 0.379654 -0.044996 
0.515953 -0.541813 -0.068695 
-0.588896 0.799454 0.025451 
-0.824233 0.054507 0.025489 
0.898218 0.193855 0.056100 
-0.620976 -0.486056 0.063951 
0.171358 -0.956109 0.002427 
-0.452090 -0.858952 0.095254 
-0.831079 -0.194868 -0.097075 
-0.072779 -0.932819 -0.097075 
-0.181800 0.691480 0.035267 
0.262562 0.892009 -0.097055 
0.820277 0.168090 0.020169 
0.740649 -0.033759 0.002152 
-0.148398 -0.799701 0.032822 
0.512351 -0.687490 -0.096971 
0.497454 -0.618182 -0.097058 
0.296962 -0.793759 -0.097075 
-0.550107 0.789457 -0.011104 
0.019149 0.745879 -0.013742 
0.817510 -0.506561 -0.029221 
0.935538 0.050421 0.090742 
-0.456289 -0.648020 0.056961 
-0.904950 -0.258591 -0.097075 
0.990504 0.053701 0.033201 
0.309808 0.678309 -0.076787 
0.039158 0.713074 0.073054 
-0.225449 -0.970562 0.029104 
-0.325479 0.700893 0.088825 
-0.337132 -0.671445 -0.040807 
0.496224 -0.783433 0.066534 
0.498119 0.635089 0.033021 
0.573213 -0.721875 0.058130 
-0.806342 -0.489951 -0.097075 
-0.006792 0.746523 -0.046304 
-0.061773 -0.775530 0.084563 
-0.667544 0.693750 -0.027078 
0.935486 0.328464 0.069199 
0.774275 -0.265746 -0.097075 
0.225429 0.677074 0.042734 
-0.187635 -0.904597 -0.097075 
-0.025944 0.829369 0.022368 
0.795461 -0.540119 -0.059610 
-0.898323 0.268222 -0.096923 
-0.851581 -0.483080 0.094953 
0.676267 -0.412959 0.050126 
0.854256 0.154650 -0.097075 
0.615039 -0.768445 0.013578 
-0.715118 0.639018 -0.087400 
0.949025 -0.146581 -0.066498 
0.643986 0.429689 0.085013 
-0.237602 0.964001 0.063770 
-0.699249 0.597019 0.052267 
0.389702 0.876930 -0.046789 
0.364595 0.650259 -0.031934 
-0.473219 -0.719710 0.018623 
0.565807 0.748291 0.092676 
0.825296 -0.553472 0.047297 
-0.032330 -0.863655 -0.097075 
-0.338448 -0.651682 0.094296 
0.018402 -0.929936 -0.097075 
-0.952889 -0.154430 -0.041995 
0.673616 -0.323597 -0.026061 
0.662204 0.649875 -0.097052 
-0.701526 0.641197 0.095120 
-0.406749 -0.593416 0.051983 
-0.773410 -0.066870 0.087291 
0.149114 0.701742 0.085371 
0.740321 0.088512 -0.036734 
-0.389313 0.603378 0.022587 
0.845903 -0.091835 0.018573 
0.260514 -0.903997 -0.096967 
-0.322298 -0.712485 0.081178 
-0.155248 -0.984237 0.069778 
-0.550263 -0.798507 -0.000307 
0.697752 -0.153708 0.049876 
-0.489627 -0.800363 0.087022 
-0.670411 -0.339420 -0.006555 
-0.230369 0.710885 -0.075471 
-0.561901 0.780927 -0.056297 
0.874811 -0.384749 -0.088352 
0.016947 -0.917821 0.048149 
-0.691319 -0.572287 -0.097075 
-0.348886 -0.908084 0.095458 
0.838397 0.526634 0.079147 
0.855865 -0.000720 0.018607 
-0.349796 -0.843940 0.041908 
0.411379 -0.906069 0.031902 
0.454652 0.586274 0.095458 
0.699321 -0.300481 -0.094459 
-0.301883 0.903575 -0.092100 
0.648535 -0.726088 0.006321 
0.747812 0.600782 -0.027979 
-0.637482 -0.763618 0.083647 
-0.716890 0.057730 0.076492 
-0.771624 0.576096 -0.069130 
-0.959763 0.096839 -0.050160 
0.915409 -0.086862 0.058405 
0.730537 0.352525 -0.097075 
-0.789336 0.487958 -0.096706 
0.492489 -0.815238 0.095448 
-0.706200 -0.611668 0.079635 
0.892520 -0.435698 0.044932 
-0.780559 -0.567947 -0.066333 
-0.277812 -0.842641 0.024160 
0.573438 0.569380 -0.096771 
0.614283 -0.695473 -0.096704 
0.679476 -0.725377 0.072180 
0.054223 0.818677 -0.096798 
-0.698231 -0.278297 -0.052056 
-0.039235 0.780619 -0.096705 
-0.680675 -0.685520 -0.009250 
-0.036523 -0.749722 -0.039912 
0.436749 -0.649542 0.071366 
0.822708 0.468909 0.095104 
0.388213 -0.688080 0.056145 
0.494926 0.731288 0.025047 
0.371642 -0.612790 0.047718 
-0.367030 0.768901 0.018616 
-0.930304 -0.070448 0.076813 
-0.762285 -0.275282 0.035519 
-0.577783 -0.773760 -0.015499 
-0.529323 -0.844664 0.077402 
0.703584 0.529525 0.023908 
-0.429149 -0.790174 0.030171 
0.548289 0.787066 -0.064618 
0.805644 -0.017679 -0.097075 
-0.684689 -0.419314 -0.097075 
-0.669117 0.487416 -0.096940 
0.230185 0.812321 -0.096854 
0.149060 -0.952534 -0.031160 
0.439365 -0.565950 0.062064 
0.705216 -0.339971 0.067061 
-0.970126 -0.027578 0.001634 
-0.748702 -0.397557 0.019299 
0.660068 -0.638347 -0.096943 
0.143875 -0.894839 -0.097075 
0.806933 0.459817 -0.097075 
0.567230 0.791570 0.008234 
0.484723 -0.597572 0.093052 
0.362522 0.891993 -0.002154 
-0.733391 0.557135 0.054303 
-0.467977 0.581241 0.095053 
0.359640 0.690962 0.073340 
0.722750 0.264411 -0.097075 
0.509834 0.507405 0.016345 
-0.413865 0.758025 -0.096926 
-0.647684 0.733893 0.009119 
0.729794 -0.156762 -0.061028 
0.663513 -0.266489 0.072871 
0.410274 0.707501 -0.096793 
-0.720012 0.462908 0.018457 
-0.649606 0.709910 -0.061299 
-0.969167 0.191735 0.014556 
-0.591980 -0.722530 -0.097075 
0.233088 -0.859477 -0.096829 
0.952479 -0.279147 0.070184 
-0.465241 -0.590407 -0.037338 
0.874918 0.143381 0.026534 
-0.156340 -0.952206 -0.032325 
-0.371154 -0.652823 -0.000447 
0.590114 0.621232 0.018722 
-0.165563 -0.915052 0.069306 
-0.631367 -0.579531 0.018541 
0.951966 0.225695 0.093728 
0.424801 0.860520 -0.040115 
0.134825 -0.883757 0.027919 
-0.898170 -0.409238 0.091976 
0.860364 0.094447 -0.097075 
-0.463155 0.802030 0.066618 
-0.115559 -0.727979 0.094855 
-0.381823 -0.773801 -0.097075 
-0.847761 -0.074123 0.018871 
0.146805 -0.936999 0.094293 
-0.693874 0.201699 0.086515 
-0.568888 -0.442958 0.023984 
-0.191928 -0.802266 0.026178 
0.342066 0.868659 -0.097064 
0.105108 0.718682 0.011785 
-0.856373 0.443055 -0.020223 
-0.543702 0.758944 0.085948 
-0.451497 0.653428 0.048530 
0.871030 -0.476688 0.069696 
-0.799460 0.159405 0.031337 
-0.938602 0.069466 0.089532 
0.677678 -0.460649 0.027049 
-0.705673 0.253603 -0.051392 
0.587683 0.458383 -0.042878 
0.301808 -0.914908 -0.066241 
-0.135431 -0.829615 -0.097075 
0.989479 -0.064240 0.078161 
-0.654049 -0.653949 -0.097075 
-0.477982 -0.842973 -0.001157 
0.442758 0.823642 0.088652 
-0.610644 -0.747816 -0.012159 
-0.627219 -0.451269 0.089015 
-0.181100 -0.755422 0.086683 
-0.458061 -0.849865 -0.036304 
-0.187797 -0.707428 0.093334 
0.584588 -0.801826 0.022144 
0.044184 -0.961988 -0.081841 
0.921583 0.262304 -0.080391 
0.632513 0.675015 -0.097045 
0.271169 0.953912 0.059100 
-0.676134 0.324483 -0.038404 
0.866056 -0.416253 -0.065782 
-0.954650 0.141071 -0.021432 
0.517569 -0.849472 0.036133 
0.545541 0.459728 0.053666 
-0.267113 -0.702186 -0.072087 
0.726424 0.411931 -0.097075 
0.601040 -0.571275 -0.097075 
0.780283 -0.352756 0.018576 
-0.531032 0.750904 -0.096848 
0.458513 0.688402 0.022788 
0.983194 0.131573 0.066404 
0.920995 0.195984 -0.096393 
0.545867 0.702988 -0.096963 
-0.257096 0.701534 -0.001921 
-0.198755 0.855695 -0.097075 
-0.965180 0.003607 -0.052035 
-0.659672 0.435696 0.056714 
-0.985201 0.059668 0.091165 
-0.659721 -0.507696 -0.097075 
0.477368 -0.534198 0.064958 
0.748489 0.646519 0.021982 
-0.762117 -0.360804 -0.097075 
-0.832883 -0.545443 0.022401 
0.131826 0.862245 0.021007 
0.793877 0.208297 -0.097075 
0.323748 -0.714152 0.069282 
-0.754567 0.567082 0.093653 
0.729678 0.066946 0.094998 
-0.598571 0.731983 -0.096246 
0.875049 0.465406 0.066474 
-0.746573 0.498026 0.030507 
0.231212 -0.741389 -0.096953 
0.804953 0.521278 -0.051378 
0.816329 -0.243236 -0.096919 
0.350299 0.761090 -0.096840 
0.772305 0.071076 -0.097075 
0.750839 0.133056 0.093957 
0.628807 0.386275 0.003826 
-0.796557 -0.378908 -0.097075 
-0.060070 0.812447 0.029023 
-0.184563 0.833902 0.018461 
0.757496 -0.613907 0.094913 
0.877595 -0.038352 -0.097075 
0.809804 0.304979 -0.097075 
0.953645 0.247273 0.016071 
0.644946 0.480247 -0.097075 
0.091587 0.740304 -0.056914 
-0.683516 0.473315 0.022725 
-0.812679 0.449454 0.068136 
-0.318937 0.651253 0.013536 
-0.764609 0.212516 0.052430 
0.639978 -0.680699 0.085674 
-0.116467 -0.818884 0.024844 
-0.738114 0.134318 -0.012017 
0.882130 0.025004 -0.097075 
0.744593 -0.048080 -0.048011 
-0.011781 -0.870503 0.019744 
0.426523 0.894879 0.029979 
0.236988 0.723456 0.094346 
-0.934553 -0.347262 0.058561 
-0.774891 0.315213 -0.097075 
-0.497116 0.811519 -0.093658 
-0.077178 -0.746755 -0.059061 
-0.276877 -0.681999 0.094616 
-0.278983 0.919786 -0.059362 
-0.415962 -0.826458 0.057329 
-0.537010 -0.597923 -0.097075 
-0.422057 0.864309 -0.029548 
0.505442 0.770977 -0.097037 
-0.778503 -0.623204 0.060112 
-0.712861 -0.330797 -0.097075 
0.708776 -0.087260 0.067464 
-0.577124 0.809090 0.064803 
0.179118 -0.916452 0.082608 
-0.187500 0.922399 0.093382 
-0.711905 -0.675264 0.009454 
-0.699817 0.162723 0.051956 
-0.360486 -0.891674 -0.086397 
-0.923671 0.277796 -0.018865 
0.700182 -0.491842 -0.097075 
0.559163 -0.678220 -0.096854 
-0.444389 0.852629 -0.059472 
0.122754 0.862688 -0.096917 
-0.868023 -0.015643 -0.097075 
0.645634 0.737720 0.012837 
-0.772975 0.420847 -0.096819 
-0.888943 -0.096344 -0.097075 
0.733342 -0.420990 -0.097075 
0.947421 0.150351 0.095458 
0.699772 -0.583866 0.043479 
0.419102 -0.786736 0.026990 
-0.196922 0.940507 -0.035526 
-0.230567 -0.937151 -0.062725 
0.331207 0.726811 0.040783 
0.722254 0.466488 -0.097075 
0.365151 0.697890 -0.096722 
0.922713 -0.215251 0.095238 
0.175592 -0.980344 0.062445 
-0.082801 -0.714733 0.028471 
0.843018 0.444863 -0.089123 
0.007363 -0.806237 -0.097075 
-0.249120 -0.748412 0.062624 
0.681625 -0.353681 0.092962 
0.225693 -0.715241 -0.056914 
-0.448149 -0.643085 -0.097075 
-0.427864 0.863120 0.095186 
-0.582032 -0.681299 -0.097075 
-0.328338 -0.806591 -0.097075 
0.420796 0.758795 -0.096910 
-0.135497 0.819141 0.022313 
-0.449360 0.770061 -0.097075 
-0.512818 -0.771302 -0.097075 
-0.962411 0.233959 0.016901 
0.761896 -0.487012 0.037016 
-0.653346 -0.451783 -0.097075 
-0.945192 0.193487 -0.051363 
-0.962871 -0.070020 -0.049760 
-0.571602 -0.800537 0.093919 
-0.883483 0.131341 -0.097075 
-0.570319 0.673069 0.023274 
0.512494 -0.619663 0.038284 
-0.897589 0.351118 -0.062613 
0.024196 -0.718464 0.063758 
-0.951734 0.293366 0.035069 
0.224984 -0.715685 0.095410 
0.163561 -0.732139 -0.001340 
0.490801 0.824359 -0.026507 
-0.964267 0.207725 0.091197 
0.271950 0.891244 0.083660 
0.356443 -0.640653 0.009247 
-0.401817 -0.713042 0.029855 
-0.683272 0.622347 -0.097034 
0.500363 0.552392 -0.039205 
0.274300 0.696114 -0.084964 
-0.669705 -0.287853 0.013588 
0.708846 0.692938 0.049444 
0.586269 0.421899 0.089461 
-0.852621 0.512412 0.028085 
0.722245 0.184328 -0.001544 
0.522158 0.564030 0.090863 
-0.733589 -0.177131 -0.087078 
0.648935 0.295590 0.045581 
0.028589 0.991686 0.058199 
0.723362 0.553060 0.045025 
0.736537 -0.121128 -0.038894 
0.446106 0.596841 -0.051571 
-0.800567 -0.318706 0.018635 
-0.357639 -0.791270 0.019107 
0.900301 -0.418081 0.076654 
0.128488 0.784495 -0.096738 
0.185183 -0.761432 0.072743 
-0.073540 0.976737 0.093813 
0.437214 -0.708995 0.022165 
0.738329 -0.203368 -0.096664 
0.751542 0.236233 -0.097075 
-0.798831 -0.145982 -0.097075 
-0.736159 -0.493196 -0.097075 
-0.804193 -0.041618 0.039307 
-0.614276 -0.660657 -0.097075 
0.942249 -0.167487 0.095458 
0.285939 -0.710014 -0.095830 
-0.403847 -0.881007 -0.001492 
-0.332005 0.716126 0.055118 
0.885867 -0.225226 0.047969 
-0.996275 -0.021023 0.063643 
-0.253412 -0.690618 0.009273 
-0.540612 -0.532055 0.095458 
-0.414669 -0.906770 0.032672 
0.346109 -0.791559 0.018902 
0.238429 -0.898173 0.069133 
-0.082194 -0.993090 0.047039 
-0.821021 -0.093263 -0.097075 
-0.640871 0.552175 -0.096976 
0.900295 0.073602 0.037474 
-0.631376 0.403315 -0.060043 
-0.950750 -0.299916 0.063734 
-0.008108 -0.772883 -0.097075 
0.792757 0.132499 0.036034 
0.141688 0.737351 -0.088795 
0.796135 0.590440 0.042418 
0.778754 -0.184279 0.040113 
-0.012246 0.892259 0.029287 
-0.505481 0.745523 0.033563 
0.678156 -0.313190 -0.065804 
0.744949 0.034451 -0.023341 
0.876053 -0.467625 0.031596 
-0.396916 0.836743 -0.097041 
-0.041395 -0.956177 0.095458 
0.357997 -0.924674 0.019381 
-0.388256 0.678589 0.071403 
-0.476021 0.871243 0.026848 
0.751085 -0.602015 -0.020956 
0.817319 0.286475 0.019761 
-0.184186 0.920463 -0.097075 
0.981070 -0.137320 0.022773 
-0.719104 -0.644484 0.095458 
-0.202389 -0.864337 0.024460 
0.266034 0.922234 -0.038625 
0.558584 0.451004 0.018306 
-0.969990 -0.230758 0.065605 
-0.470758 -0.544238 0.046823 
-0.612979 0.755026 0.095458 
-0.722361 -0.320105 0.060365 
-0.746824 -0.553300 -0.097075 
0.524919 0.840794 0.066023 
-0.738813 0.127918 0.095458 
0.784380 -0.315804 0.018969 
0.310765 -0.774073 0.021938 
0.652602 0.359830 -0.071281 
-0.541548 -0.734518 0.040520 
-0.575930 0.612164 0.020059 
-0.130184 -0.981376 0.015674 
0.864461 -0.153078 -0.097075 
0.827247 -0.466542 -0.094022 
0.304700 0.720329 0.065383 
0.723421 -0.680617 0.078127 
0.220346 -0.708115 0.004395 
-0.503230 0.597792 0.074825 
0.857947 -0.386894 0.093059 
0.038477 0.827061 0.022829 
-0.799482 -0.049406 -0.097075 
0.619855 -0.574355 0.019141 
0.093696 0.970438 0.094585 
-0.753173 0.208766 -0.097075 
0.871263 -0.405719 -0.019832 
0.794032 0.513733 -0.094611 
0.559894 -0.783481 -0.045401 
0.646120 -0.510631 -0.097075 
-0.209947 -0.848156 -0.097075 
-0.605343 0.441027 -0.056192 
0.737629 -0.120553 0.095300 
0.610273 0.688819 0.059812 
0.544961 -0.552789 -0.097075 
0.627576 0.508871 0.032339 
0.787355 0.561864 0.003810 
0.835719 -0.385939 0.056540 
-0.344455 0.901864 -0.001013 
0.532553 0.696185 0.022530 
-0.445869 -0.597016 0.095389 
-0.905238 0.012290 -0.097075 
0.236859 0.963044 0.065918 
0.352942 0.619952 0.046207 
0.745181 0.028235 -0.075176 
-0.926610 0.364039 0.067419 
-0.976234 0.121435 0.011640 
0.336523 0.799712 0.020024 
-0.787422 -0.461567 0.040668 
0.624273 0.344515 0.072389 
-0.674592 -0.452536 0.034120 
0.618723 -0.647667 -0.096780 
0.405088 -0.590950 0.041015 
0.708952 -0.265889 -0.092492 
0.864250 0.326406 0.066380 
-0.106741 0.920935 0.072822 
-0.103559 -0.912271 -0.097075 
0.463259 0.800060 0.068438 
0.659484 0.696653 -0.028563 
0.278929 0.664880 0.089564 
0.380554 -0.844725 0.063661 
0.774357 -0.579782 -0.000265 
-0.727695 0.093836 0.094248 
0.454589 -0.854471 -0.000395 
0.336995 -0.727224 -0.097075 
-0.853117 -0.262075 0.026446 
-0.747496 0.607435 -0.045957 
0.719402 -0.162591 0.095428 
0.864134 0.335926 -0.097075 
-0.411733 0.867592 -0.080368 
-0.346614 -0.630864 0.061806 
-0.732147 -0.104418 0.006510 
-0.592219 -0.477076 -0.092421 
-0.688910 0.716684 0.072999 
0.852103 0.444222 -0.008906 
-0.221709 -0.886054 -0.097075 
-0.835700 -0.544243 0.064417 
0.420439 -0.822632 0.058513 
0.394836 0.749922 0.018763 
0.823092 -0.254967 0.018923 
0.792663 -0.176642 -0.097061 
0.350899 0.830429 -0.096989 
0.618905 0.635993 -0.096956 
-0.669676 0.657551 0.090400 
-0.634103 0.377124 0.006558 
0.333051 -0.663856 0.095458 
-0.373399 -0.924649 0.040800 
0.945740 0.163333 -0.050787 
0.738076 0.438745 0.018821 
-0.806087 0.582048 0.079067 
-0.337236 0.814368 0.023325 
-0.400014 -0.634906 0.095458 
-0.389175 -0.704693 -0.097075 
-0.468587 0.541744 0.054278 
0.779941 0.236312 0.028444 
-0.420577 0.612005 0.095192 
-0.051809 0.736089 0.004837 
-0.570663 -0.541405 0.067800 
0.057563 0.912700 -0.097018 
0.234641 0.790630 0.023816 
-0.860365 0.453827 0.095458 
-0.420984 0.896518 0.020902 
-0.352107 0.628775 0.018156 
0.492506 -0.864844 0.055960 
-0.116834 0.734144 0.001518 
0.136334 0.792654 0.035998 
-0.711879 -0.493129 0.018913 
0.404976 -0.805771 -0.096920 
-0.673001 -0.413072 0.061264 
0.580577 0.696026 -0.097000 
-0.219432 0.714410 -0.006114 
0.651242 -0.707929 -0.060079 
-0.012048 0.897376 -0.096978 
-0.749494 0.045963 -0.024811 
-0.381719 -0.653063 -0.087861 
0.098814 -0.752654 -0.092763 
0.737261 -0.573307 0.084413 
0.080201 -0.901024 -0.097075 
-0.615531 -0.584009 -0.097075 
0.127185 -0.976113 0.012281 
0.044719 -0.877468 -0.097075 
-0.401037 0.631142 -0.031395 
-0.623156 0.483250 -0.097033 
-0.526402 0.486352 0.070839 
-0.844775 0.461183 -0.079742 
-0.937410 -0.229015 -0.056353 
0.172256 0.725751 -0.015134 
-0.882397 0.388973 -0.017643 
0.314800 0.923979 0.009365 
0.931725 0.228002 -0.076156 
-0.990422 0.106701 0.068140 
0.687363 -0.280974 0.095458 
-0.896411 -0.262048 0.078742 
0.959378 0.025490 -0.013056 
0.286421 -0.860399 0.037011 
-0.321706 -0.728612 0.049985 
0.219771 -0.797034 0.024678 
-0.364632 -0.619843 0.031269 
-0.658074 -0.592124 -0.097075 
-0.744137 0.329093 0.031843 
0.795730 0.473779 0.073227 
0.644243 0.753408 0.051437 
-0.756871 0.509928 -0.096742 
-0.870164 -0.413200 -0.084344 
-0.431860 0.734423 0.018626 
0.176016 0.976167 0.066441 
-0.386936 0.915213 0.051834 
-0.220101 -0.972190 0.065429 
0.518772 -0.525057 0.005617 
0.801832 -0.366958 -0.097075 
0.905603 0.316071 -0.077883 
-0.438208 -0.610358 -0.071309 
-0.095402 -0.765708 0.093054 
0.568515 0.500236 0.095156 
0.579238 -0.695135 0.036416 
-0.309424 -0.852097 0.035618 
0.456787 -0.630243 -0.096743 
0.774340 -0.301036 -0.097075 
-0.902696 0.419679 0.047835 
0.848182 -0.278434 -0.097016 
0.931678 0.229573 -0.011062 
-0.116833 0.805931 -0.096853 
-0.603191 0.714991 0.087281 
-0.654835 0.372590 0.095458 
-0.731669 0.167286 -0.002119 
-0.423774 0.800965 0.037996 
-0.678593 0.716428 0.015026 
-0.648167 -0.312836 0.059510 
0.043425 -0.749276 -0.052360 
0.473056 -0.671631 0.026670 
-0.050236 -0.879489 0.022260 
0.725820 0.528939 -0.097075 
0.899829 -0.407793 0.018079 
0.442099 -0.855431 -0.067142 
0.917914 -0.212930 -0.096552 
-0.091467 -0.741066 0.001736 
0.702782 -0.173547 0.013815 
0.634883 -0.394121 -0.029390 
-0.006511 -0.964191 -0.069497 
0.974387 0.162537 0.020721 
0.800147 0.418751 0.037578 
0.188617 -0.862061 0.022942 
-0.843613 -0.143144 -0.097075 
0.983394 0.121141 0.025324 
-0.037289 0.979563 0.012328 
-0.500476 0.555080 -0.000138 
-0.402751 0.889091 0.095049 
0.880650 0.267599 -0.097075 
0.071465 -0.828720 0.022900 
0.153430 0.976291 0.020128 
-0.926251 0.249463 -0.089162 
-0.876860 0.205746 0.031853 
0.685993 0.385840 0.055200 
0.541497 -0.821817 0.092259 
-0.959557 -0.100032 -0.075411 
-0.385596 0.844077 0.071763 
-0.887323 -0.017307 0.024515 
0.672155 -0.602215 -0.097075 
0.591556 -0.452095 0.095180 
-0.497636 0.852277 0.089832 
0.913324 -0.270666 0.095177 
0.036372 -0.795844 0.048224 
-0.691519 0.220773 0.014828 
0.044577 0.874777 -0.096928 
-0.958449 -0.026043 -0.090172 
-0.813199 0.517070 0.095212 
-0.355938 0.779596 -0.096880 
-0.175489 0.762064 -0.097075 
-0.749978 0.653858 0.057949 
-0.693561 0.404022 0.040806 
-0.337607 0.644287 0.092914 
-0.487399 -0.602413 0.090846 
0.371571 0.609195 0.077563 
0.100456 -0.930424 -0.097075 
-0.360763 -0.817858 -0.097075 
-0.347392 -0.928296 0.016535 
0.594168 -0.518206 0.056784 
-0.672962 0.536401 0.018721 
-0.793567 -0.107448 0.044366 
-0.746502 0.243716 -0.097042 
0.080272 -0.957028 -0.087067 
0.364393 -0.754659 0.020676 
-0.714416 -0.249004 -0.085556 
0.980562 -0.143248 0.080928 
-0.853611 -0.450845 -0.053770 
