-0.811736 -0.449643 0.006844 
0.856810 0.489429 0.017374 
0.506724 -0.857711 0.026743 
-0.457246 0.874909 0.021650 
-0.249857 -0.964001 0.029971 
-0.944575 0.295700 0.004292 
0.957833 -0.256210 0.014523 
0.276903 0.942927 0.005516 
-0.607704 -0.791040 0.004977 
-0.975369 -0.096035 -0.031686 
0.140732 -0.972453 -0.031943 
-0.760328 0.633441 0.024591 
0.792097 -0.600971 0.015924 
0.970676 0.123976 -0.008333 
-0.094958 0.951548 -0.032127 
0.608085 0.773065 0.028230 
-0.869389 0.088697 0.030838 
-0.383142 -0.799731 -0.030435 
-0.049663 -0.873869 0.029102 
-0.549889 0.677782 -0.018812 
0.579100 -0.648711 0.012868 
0.288379 -0.823844 0.028088 
-0.760823 0.411591 0.018049 
0.815919 0.275282 0.014499 
0.651989 0.559796 0.010161 
0.861669 -0.062797 0.012470 
0.775878 -0.385801 0.021162 
0.392243 0.766468 0.029217 
-0.658366 -0.588374 -0.024450 
0.084826 0.864756 0.030892 
-0.950949 -0.293886 0.027857 
-0.251116 0.822459 0.014148 
-0.851815 -0.177163 0.013976 
-0.792047 -0.600337 0.030414 
-0.124204 -0.978029 -0.030860 
-0.224484 0.958816 0.027525 
-0.813591 -0.311721 0.025176 
0.953670 0.257747 0.018277 
0.274737 -0.959491 0.013265 
-0.993948 0.032599 0.022279 
0.494098 0.839784 -0.025144 
0.620192 -0.779059 0.017520 
-0.493095 -0.859615 0.030886 
0.988834 -0.017373 0.026912 
0.913767 -0.384321 0.006247 
0.001584 -0.999402 0.022951 
0.711885 0.680445 0.026723 
-0.897703 0.421215 0.021861 
-0.970169 0.158598 -0.024356 
0.409328 -0.785588 -0.031522 
-0.494520 -0.725804 0.030576 
-0.696495 0.528373 -0.025142 
-0.663548 0.733238 0.020690 
0.567174 0.660723 -0.028698 
0.825636 -0.259335 0.017481 
0.024897 0.984679 0.012611 
-0.262796 -0.833061 0.010864 
-0.375199 -0.926748 0.016135 
-0.339058 0.915164 -0.018526 
-0.441398 0.752188 -0.020577 
0.711467 -0.498867 0.005953 
-0.839229 0.219735 0.007428 
0.778286 0.397975 -0.030545 
0.212124 0.832317 0.025175 
0.850134 -0.491927 -0.027789 
-0.826992 0.514906 -0.031912 
0.151631 0.962399 -0.020362 
0.153166 -0.861204 0.029041 
0.770129 0.582194 -0.032127 
0.692487 -0.686757 -0.032127 
0.902751 0.373491 -0.002693 
-0.699611 -0.708149 0.030133 
0.848634 0.153990 0.026736 
-0.562514 0.806851 0.003244 
-0.868456 -0.041703 0.007407 
0.395396 -0.915671 0.023696 
0.389565 0.895179 0.030997 
0.952771 -0.133184 -0.032127 
0.877589 0.050474 -0.031907 
-0.039379 0.858341 0.020297 
0.052435 -0.882852 -0.027598 
-0.906755 -0.389946 -0.023901 
-0.640209 0.613131 0.030977 
0.506873 -0.741597 0.031004 
-0.590984 -0.682361 -0.032127 
0.312694 0.830545 -0.032127 
-0.822942 0.328209 -0.032127 
0.501009 0.731385 0.030984 
0.744267 0.490497 0.030998 
-0.156266 -0.870333 -0.025926 
-0.717618 -0.503495 0.030519 
-0.151224 0.858456 -0.028994 
-0.959014 -0.183183 0.030943 
-0.357335 0.809831 0.030990 
0.669102 -0.595603 0.030941 
0.869451 -0.168266 0.030949 
-0.874172 -0.264231 -0.032127 
0.221120 -0.895652 -0.032127 
-0.823208 -0.537112 -0.031684 
0.881785 0.217331 -0.032036 
0.831281 -0.336415 -0.032127 
-0.525559 -0.801790 -0.032127 
-0.930650 0.068290 -0.032058 
0.338260 -0.868066 -0.032127 
-0.434884 -0.881742 -0.031988 
-0.705072 0.674170 -0.030870 
0.027697 0.887198 -0.032127 
-0.278877 -0.909289 -0.032127 
0.530002 -0.796340 -0.032127 
-0.255123 0.899021 -0.032127 
0.401772 0.826520 -0.032127 
0.157163 0.866102 -0.032127 
0.546568 0.769856 -0.032127 
0.924270 -0.021998 -0.032127 
0.655929 0.708152 -0.032127 
0.888002 -0.228660 -0.032127 
-0.746182 -0.634521 -0.032127 
-0.812438 -0.374890 -0.032127 
-0.930017 0.215501 0.025577 
-0.053843 -0.931892 -0.032127 
-0.502756 0.726551 0.030872 
0.728973 -0.573275 -0.032127 
0.189971 -0.947825 0.030999 
0.073377 -0.956789 0.022537 
-0.888822 0.141656 -0.032127 
0.444248 -0.861132 -0.032127 
-0.834909 0.424236 -0.032127 
0.586317 -0.722837 -0.032127 
0.692891 0.617259 -0.032127 
-0.397665 0.857385 -0.032092 
-0.889370 -0.110168 -0.032127 
0.819478 0.361681 0.030055 
-0.794058 0.554426 0.030954 
0.883167 0.300515 -0.032073 
-0.436843 -0.782331 0.030926 
-0.490018 0.815408 -0.032035 
-0.955870 -0.043749 0.026255 
-0.053007 0.979876 0.030289 
0.762017 -0.444520 -0.030973 
0.896015 -0.307297 0.016576 
0.240368 0.882913 -0.032127 
-0.145730 0.968479 0.030863 
-0.759297 0.473402 -0.032127 
-0.318376 0.837586 -0.032116 
0.464812 0.762549 -0.032127 
0.366091 -0.807591 0.030962 
-0.614942 -0.625194 0.030409 
0.796625 0.501870 -0.032127 
0.622967 0.647039 0.025376 
0.092091 0.943067 0.027369 
-0.887573 -0.442901 0.030872 
-0.181707 0.930738 -0.032127 
-0.350150 -0.840943 0.027589 
0.961176 0.055686 0.030909 
0.734590 -0.651632 0.030994 
-0.667652 -0.667470 -0.032127 
0.340203 0.903417 -0.032127 
-0.073424 -0.972499 0.030965 
-0.177726 -0.939832 0.015626 
-0.628622 0.662306 -0.032127 
0.858382 -0.442233 0.030900 
-0.742630 -0.541323 -0.032127 
0.810027 -0.527279 0.030903 
0.984903 -0.094487 0.026789 
0.205483 0.926172 0.029235 
0.936271 0.184280 0.030182 
0.801960 0.553289 0.030981 
-0.957553 0.107772 0.030901 
-0.608108 0.757400 -0.032039 
0.637625 -0.630859 -0.032127 
-0.939986 -0.226501 -0.032127 
-0.882203 0.272878 -0.032127 
-0.720938 0.599617 -0.032127 
0.953966 -0.174710 0.030982 
0.128986 -0.897628 -0.032124 
0.660426 -0.716989 0.030882 
-0.106165 0.891945 0.024479 
0.736967 0.605230 0.030879 
-0.905885 0.019617 0.026889 
0.527650 0.803715 0.030996 
-0.193277 0.867589 0.030991 
0.862914 0.428124 -0.032127 
-0.850937 0.299343 0.029381 
-0.828579 0.471427 0.027117 
-0.737125 0.502757 0.031004 
0.018835 -0.954897 -0.032081 
0.889145 0.140479 -0.032102 
0.889989 0.094358 0.030769 
0.706950 0.538347 -0.032127 
0.830109 -0.419618 -0.032127 
-0.387137 0.893196 0.030871 
-0.915272 0.354535 -0.025540 
-0.530155 -0.721150 -0.032127 
0.868946 -0.131818 -0.031179 
-0.881009 -0.330330 0.006905 
-0.823959 0.372713 0.024124 
-0.111950 -0.911409 0.013749 
0.438110 0.842616 0.029697 
0.470207 -0.798245 0.007044 
-0.643100 -0.741484 -0.032127 
-0.558322 -0.687962 0.030974 
-0.953932 0.001011 -0.032110 
-0.198611 -0.871687 0.030936 
0.097717 0.905008 -0.032127 
0.893269 0.022759 0.030993 
-0.747780 -0.471510 -0.026356 
-0.293017 0.932758 0.030997 
-0.850141 -0.517001 0.029484 
-0.863787 0.158912 0.030984 
0.768078 -0.513896 -0.032127 
0.971195 0.029140 -0.032118 
0.325560 0.806006 0.031004 
0.228431 -0.857624 0.030962 
-0.044669 0.902492 -0.032127 
0.317477 -0.904375 0.022413 
0.560596 -0.810492 0.030952 
-0.779370 -0.393047 0.028179 
-0.701029 -0.569122 0.030887 
0.916640 0.312942 0.030944 
0.085925 -0.888997 0.030872 
0.562515 0.693108 0.030526 
-0.552823 -0.828169 0.030040 
0.020115 -0.911598 0.024137 
-0.599925 0.667196 0.030015 
-0.323713 -0.858941 -0.032127 
-0.761314 0.544869 -0.032127 
-0.866014 -0.457068 -0.032127 
-0.837180 -0.249081 0.029372 
0.860163 0.224818 0.030982 
0.810081 0.338457 -0.031993 
-0.542504 0.744542 -0.032127 
0.212932 -0.962555 -0.029900 
-0.212263 -0.907338 -0.032127 
0.947525 0.207037 -0.032126 
0.520295 -0.714902 -0.031098 
0.275414 0.851704 0.028336 
-0.655341 0.590905 -0.032127 
-0.461182 -0.817027 -0.032127 
-0.747173 -0.660617 0.028634 
-0.964677 -0.164779 -0.032060 
-0.020821 0.963899 -0.032127 
0.073536 0.966077 -0.031860 
0.763093 0.415309 0.030884 
-0.967093 -0.113206 0.030954 
-0.931007 -0.312566 -0.031621 
-0.680016 0.557921 0.030876 
-0.898498 0.209946 -0.032127 
0.736232 0.476866 -0.032046 
-0.312659 -0.949623 0.021480 
0.948463 -0.205409 -0.032127 
-0.681785 0.671994 0.030971 
-0.594145 0.755773 0.030964 
0.773292 -0.459095 0.030864 
-0.412376 -0.869041 0.027104 
-0.419884 0.794516 0.027602 
-0.887909 -0.122861 0.030906 
0.418584 -0.767317 0.029717 
0.858875 0.415935 0.030876 
-0.513242 0.843726 0.024021 
-0.629775 -0.729137 0.029315 
0.639249 0.717273 0.030917 
0.829022 -0.347637 0.030749 
0.152015 0.874137 0.030989 
0.328022 0.912017 0.030961 
0.276718 -0.843183 -0.031551 
0.622789 0.607181 -0.024354 
0.516821 0.699245 -0.025951 
0.647525 -0.738907 -0.030539 
-0.885470 0.004554 -0.031994 
0.742252 -0.634898 -0.032127 
0.917461 -0.098377 0.006222 
0.925793 -0.282283 -0.032127 
-0.476849 -0.753206 -0.032127 
-0.134851 -0.987123 0.029712 
-0.897764 -0.180881 -0.032127 
-0.836003 -0.312548 -0.032127 
0.604236 0.748434 -0.032127 
-0.387515 0.781214 -0.026459 
-0.009267 -0.883267 -0.021411 
-0.890037 0.351692 0.030032 
0.024272 0.872714 0.030913 
0.435756 -0.855181 0.027947 
-0.792911 -0.538133 0.020786 
0.217141 0.938812 -0.032127 
0.297278 -0.919254 -0.032127 
0.689695 0.517731 0.029610 
-0.955099 0.229441 -0.026647 
0.935511 0.076842 -0.032079 
0.552177 -0.703130 0.030880 
0.078846 -0.981479 -0.031193 
0.895150 -0.341208 -0.032127 
0.004851 0.926877 0.006308 
-0.791867 -0.587041 -0.030148 
-0.209005 0.846684 -0.029273 
-0.566089 -0.748225 0.005942 
-0.030385 -0.987015 -0.028641 
-0.932686 -0.351615 0.025240 
0.977157 -0.069797 -0.025788 
-0.857604 -0.394037 0.007662 
-0.909603 -0.053888 -0.032127 
0.671777 -0.567022 -0.019816 
-0.210686 -0.966335 -0.024328 
0.864142 -0.281385 -0.032127 
-0.382740 -0.857347 -0.032127 
-0.793593 0.377143 -0.028122 
-0.141192 -0.863793 0.028837 
-0.090803 -0.883841 -0.031630 
0.360951 0.790331 -0.015532 
-0.705548 -0.620000 0.006071 
-0.489687 0.723940 -0.029429 
0.448841 0.766600 0.030995 
0.564324 -0.756079 0.008081 
0.711151 -0.557730 0.029467 
-0.888150 -0.231615 0.011891 
-0.858191 0.372849 -0.032127 
-0.304514 0.804516 0.011356 
0.811659 0.433775 0.005942 
-0.148561 -0.927329 -0.032127 
0.257202 0.830097 -0.024416 
-0.777422 -0.421232 -0.026932 
-0.975739 0.172538 0.029487 
-0.646368 0.716883 -0.032127 
0.463088 -0.749225 -0.018431 
-0.744428 -0.454851 0.026624 
-0.291367 0.860635 0.010648 
0.391438 0.882140 -0.032127 
-0.326337 -0.896621 0.012875 
0.634038 -0.668010 0.008786 
0.926401 0.266289 -0.032118 
0.334813 -0.816006 -0.014427 
0.259527 -0.903571 0.006371 
0.665843 0.613833 0.017083 
0.698195 0.673213 -0.031724 
-0.098954 0.874707 -0.032127 
-0.919914 0.165350 0.006239 
0.875631 -0.222282 0.025212 
0.140867 -0.971673 0.030929 
-0.963853 -0.241088 0.029467 
-0.611656 -0.678820 0.019490 
0.386216 -0.834587 -0.032127 
-0.248340 -0.861943 -0.032127 
-0.802796 -0.487376 -0.032127 
0.837999 0.259779 -0.031992 
-0.982637 0.056485 -0.025217 
0.944981 -0.046031 0.015110 
0.874063 -0.005169 -0.010591 
-0.514637 0.783415 0.009214 
0.860534 -0.115400 0.030088 
0.594261 -0.785132 -0.028919 
0.330492 0.863499 0.005942 
0.738299 0.637316 -0.011768 
0.352204 -0.919402 -0.030373 
0.155133 0.943297 0.030893 
0.191695 -0.895370 0.015722 
0.818325 -0.545513 -0.018369 
0.566968 0.744580 0.009990 
0.877147 -0.443055 -0.024108 
-0.495998 -0.781406 0.008586 
-0.155856 0.904985 0.006341 
-0.136844 0.848734 0.025415 
0.408087 0.767060 -0.022073 
0.768603 -0.553661 0.011899 
-0.438550 0.804448 -0.032002 
-0.731076 0.564729 0.005942 
0.857282 -0.393432 0.011970 
0.683591 -0.669133 0.025594 
-0.862760 -0.359804 -0.032127 
-0.771886 0.602937 -0.021721 
-0.357355 0.855547 0.006012 
-0.446285 0.746879 0.030983 
0.716082 -0.605315 0.006695 
-0.467555 0.819740 0.014618 
-0.385738 -0.791605 0.030970 
-0.016573 -0.952192 0.011692 
-0.721506 -0.588632 -0.032127 
-0.910576 -0.079523 0.013805 
-0.650949 -0.581615 0.026406 
0.869022 0.273451 0.009673 
-0.242745 -0.917236 0.009064 
-0.267117 0.844440 -0.032127 
-0.683527 0.626146 0.005942 
-0.486454 -0.861349 -0.023915 
-0.553375 0.690883 0.030989 
0.856603 -0.188101 -0.026495 
-0.059257 0.931153 0.008202 
-0.832684 0.274302 -0.017878 
0.171338 -0.926825 -0.032127 
0.370889 -0.868278 0.007613 
-0.982010 -0.041927 -0.029364 
0.056738 0.906572 0.010018 
-0.868311 0.456871 -0.001967 
-0.903666 -0.284419 0.009972 
0.913942 -0.154936 0.005942 
0.628281 0.665076 -0.032127 
0.893259 -0.074905 -0.032127 
0.735787 0.560689 0.005942 
0.293686 0.882455 -0.032127 
0.920572 0.128320 0.006169 
0.778272 -0.590709 -0.032032 
-0.803323 0.322654 0.014536 
0.856602 0.336448 0.006070 
-0.772836 0.423448 -0.031890 
-0.778639 0.458774 0.024379 
0.854804 0.175971 -0.018570 
0.205352 0.844663 -0.023510 
-0.858996 0.181117 -0.018827 
0.449822 0.864030 -0.021535 
0.847706 0.476327 -0.031112 
0.895591 -0.030312 0.030780 
0.406488 -0.899179 -0.022542 
0.082801 -0.931422 -0.032061 
-0.657109 -0.646228 0.013412 
0.115488 -0.927216 0.005942 
0.507837 -0.841056 -0.031011 
-0.936899 0.117800 -0.032041 
-0.913861 0.094835 0.009052 
-0.229209 0.948098 -0.020881 
0.620390 0.595253 0.025342 
0.589283 -0.673160 -0.032127 
-0.845191 0.516781 0.014362 
-0.693970 -0.545515 -0.023103 
-0.779391 0.511312 0.006378 
0.048942 -0.997492 0.007972 
-0.351966 -0.899626 -0.032127 
-0.720008 -0.676207 -0.027602 
-0.292305 0.930912 -0.019922 
-0.929991 -0.135057 0.006865 
-0.881895 0.092916 -0.032125 
0.169198 0.917988 -0.032127 
0.946492 0.011159 0.016143 
0.795077 -0.370266 -0.021260 
0.821538 -0.470942 0.016406 
0.908117 0.241884 0.010579 
-0.424897 -0.774948 -0.015797 
0.926868 -0.220400 0.025818 
0.814572 -0.307501 0.003262 
0.248254 0.904052 0.011320 
-0.852066 -0.222530 -0.020462 
-0.806984 0.464420 -0.032127 
0.324852 -0.854068 0.017617 
-0.078912 -0.985845 -0.015921 
0.775749 0.371948 0.012356 
-0.094952 0.954310 0.031004 
0.447095 0.810116 -0.032127 
-0.595451 0.710975 -0.032127 
-0.882812 0.419789 -0.031185 
0.885341 0.184370 0.020193 
-0.754419 -0.566317 0.007190 
-0.616008 0.618934 -0.010128 
-0.951914 0.055749 0.020223 
-0.594537 -0.730229 -0.032127 
0.694534 -0.630013 -0.032127 
0.811541 -0.419451 0.012073 
0.927073 -0.341091 0.030361 
0.672738 0.571866 -0.032127 
-0.573366 -0.802442 -0.030386 
-0.241061 0.878927 0.008936 
0.485669 0.847135 0.030996 
0.977671 -0.022145 -0.028797 
0.535051 0.814503 -0.020263 
0.809791 0.491639 0.024282 
-0.609246 -0.639423 -0.022888 
-0.150780 0.963403 -0.016688 
0.562840 0.722897 -0.032127 
-0.635819 0.690398 0.009379 
0.842449 -0.239483 -0.024530 
0.417413 -0.812883 0.016690 
0.459206 -0.740812 0.027989 
-0.907345 0.253603 0.009113 
-0.412731 0.842993 0.010328 
0.860679 0.061211 0.010888 
-0.421835 -0.821717 0.009615 
0.573317 0.800696 0.012168 
0.864388 -0.488873 0.024841 
0.615458 -0.711370 0.007173 
-0.442683 0.870373 -0.026869 
-0.869107 0.039735 0.005407 
0.767772 0.523255 0.006645 
0.463422 0.729070 0.002700 
0.870632 -0.348564 0.007389 
-0.456981 -0.888891 0.024522 
0.260883 -0.949785 -0.030488 
-0.263179 -0.953213 -0.027178 
-0.205252 -0.977938 0.026148 
0.812122 -0.464915 -0.032127 
0.582569 0.632694 0.006520 
0.855936 -0.376214 -0.032127 
0.166119 -0.867041 -0.015539 
0.383213 0.822236 0.010584 
0.943719 -0.301384 0.006576 
-0.013269 0.869308 -0.018571 
-0.841607 -0.417308 -0.032127 
-0.681317 -0.716383 -0.011968 
-0.295597 -0.861669 0.027613 
0.624129 -0.628201 0.030909 
0.948548 0.160441 -0.032127 
-0.992761 -0.074888 0.024371 
0.031139 0.933590 -0.032127 
0.489492 0.791547 0.007333 
-0.843990 0.419029 0.013157 
-0.334692 -0.818426 -0.010005 
-0.762836 -0.502724 0.019856 
0.228406 -0.971735 0.012835 
0.850260 0.383609 -0.032074 
0.470591 -0.876517 0.005107 
0.864175 0.118719 -0.000073 
0.876210 -0.265778 0.009473 
0.981198 -0.137610 0.011103 
0.770511 0.446171 -0.032127 
0.806905 0.548438 -0.014397 
-0.737210 0.456646 0.004753 
-0.336589 0.918466 0.030962 
-0.994784 -0.021131 0.017488 
0.983798 0.095126 0.025397 
0.448971 -0.808606 -0.032127 
-0.893509 0.297091 0.009097 
0.917440 0.330441 -0.029270 
-0.874167 -0.480877 0.009540 
0.975011 0.161123 0.023919 
0.107133 0.862484 -0.019030 
-0.800488 0.564858 -0.020723 
-0.562949 0.730519 0.005942 
0.099799 -0.993316 0.025991 
-0.135560 0.917052 -0.032127 
0.429403 0.801195 0.009501 
-0.188882 0.931177 0.029393 
-0.990976 0.079823 0.019292 
0.693777 0.578639 0.019816 
0.518848 -0.794908 0.011412 
-0.895524 -0.388116 0.030952 
0.908415 -0.178070 -0.032127 
-0.926072 0.263238 -0.032127 
0.749412 -0.505281 0.028946 
0.708164 -0.533750 -0.032127 
-0.867967 -0.080513 0.029213 
-0.977487 0.111425 -0.008981 
0.432816 0.884802 0.016778 
-0.384068 0.897795 -0.019625 
0.073359 0.982284 0.009496 
0.602417 0.682721 0.008812 
-0.504663 0.770857 -0.032127 
-0.360953 0.825209 -0.032027 
-0.042735 -0.916570 0.014262 
0.643549 -0.694852 -0.032127 
-0.898171 -0.186379 0.011753 
0.734610 0.447514 0.020619 
-0.759615 0.589738 0.030989 
-0.906591 -0.029371 0.025931 
-0.644201 0.575515 0.007729 
0.352543 0.860198 -0.032127 
-0.011927 0.963989 0.030933 
0.215678 -0.855964 -0.014046 
0.269824 0.919341 -0.032127 
-0.527233 -0.836875 -0.005902 
-0.653489 -0.691216 0.010691 
-0.384811 0.770393 0.017336 
0.196549 0.965204 0.011570 
0.047406 -0.871407 0.020234 
0.187605 0.888295 0.010127 
-0.093051 -0.869966 0.027993 
-0.929815 0.333953 0.030288 
-0.549142 -0.786085 0.019224 
-0.953980 0.261894 0.030047 
0.796350 0.326667 0.018628 
0.663111 -0.633785 0.010695 
0.967591 -0.209689 0.006620 
0.597424 0.696179 -0.032127 
0.513792 -0.701918 0.009782 
0.923980 0.021369 -0.032127 
-0.735725 0.509794 -0.032127 
-0.087979 0.854943 0.011146 
-0.853467 0.239053 -0.032127 
-0.855349 -0.300775 0.028825 
0.549319 -0.750248 -0.032127 
-0.868422 0.119579 0.000524 
-0.836460 -0.359768 0.023531 
0.778591 0.604767 0.019319 
-0.910179 0.312174 -0.032127 
-0.060271 0.973181 -0.011653 
0.738987 -0.458256 0.004852 
0.937411 0.085870 0.011476 
-0.851165 0.343231 0.008522 
0.097197 -0.877840 -0.010914 
-0.208033 0.889575 -0.032127 
-0.697107 0.510536 0.013952 
-0.297131 0.875178 -0.032127 
0.733452 -0.487958 -0.029286 
-0.586286 0.655183 -0.032029 
0.504504 0.783769 -0.032127 
0.934624 -0.063613 -0.032127 
0.294359 0.812730 0.002273 
-0.368382 -0.875228 0.009454 
-0.819785 -0.569854 0.010409 
0.293409 0.893345 0.013975 
0.222314 -0.926483 0.012858 
-0.688166 -0.628095 -0.032127 
-0.985125 -0.146398 0.011236 
0.965484 0.209440 0.012064 
0.788171 -0.500558 0.005949 
-0.700495 -0.657345 0.025905 
-0.892665 0.201861 0.010578 
-0.419247 -0.829262 -0.032127 
0.344131 -0.936412 0.014177 
0.721635 0.585986 -0.032127 
0.115299 0.978229 0.014855 
-0.866364 0.242512 0.030857 
-0.161419 -0.975749 -0.010595 
-0.950586 -0.263825 -0.014973 
0.706738 -0.699246 0.006719 
-0.930245 0.181878 -0.032127 
-0.772523 -0.627116 0.004016 
-0.837040 -0.274856 -0.004174 
-0.420266 -0.906891 0.009934 
0.988698 0.028726 0.013559 
0.520075 0.683359 0.013023 
-0.802200 0.417378 0.023741 
0.166970 0.845264 0.004186 
-0.322816 -0.935331 -0.016799 
-0.464399 -0.834230 0.013567 
0.890785 -0.415510 0.030991 
0.646985 0.678145 0.010578 
-0.865387 0.311248 -0.032127 
0.847895 -0.292190 0.030902 
0.976049 0.070103 -0.007253 
0.837099 0.301606 -0.032010 
0.046174 0.953688 0.030887 
0.911112 -0.135694 -0.032127 
0.891272 0.351555 0.030894 
0.110702 0.944650 -0.032127 
-0.964974 -0.203272 -0.008131 
0.489396 -0.786849 -0.032127 
0.892176 -0.404618 -0.030063 
-0.782786 0.375987 0.029586 
0.138008 0.914677 0.005942 
-0.536678 0.815978 -0.028062 
-0.929432 -0.220319 0.018896 
0.835095 0.524349 0.011384 
0.674550 0.717698 0.009070 
0.841572 -0.518461 0.002917 
0.838219 -0.214521 0.008311 
0.563812 -0.808552 -0.011538 
-0.868429 -0.145349 -0.025842 
0.149840 -0.901239 0.019163 
0.068911 0.871882 -0.031743 
-0.553087 -0.757771 -0.032127 
-0.058074 0.894356 0.028220 
0.944647 -0.128039 0.027830 
-0.553689 0.776599 0.029970 
-0.515207 0.703809 -0.001268 
0.886951 0.413530 0.000715 
-0.157745 -0.900448 0.019631 
-0.713792 0.684535 0.008221 
-0.098948 -0.945491 -0.032127 
-0.508839 -0.816068 0.026787 
0.239295 0.955237 0.016322 
0.757576 -0.617688 0.030954 
-0.010190 -0.922799 -0.032127 
-0.569586 0.775255 -0.032127 
-0.481669 0.850105 -0.012047 
-0.658693 -0.751769 0.011388 
-0.840006 -0.468777 0.029302 
-0.592437 0.627078 0.022196 
-0.005027 0.912246 -0.032127 
-0.846701 0.473774 -0.032127 
-0.670921 0.651961 -0.032127 
0.840878 0.452487 0.030881 
0.681358 0.654388 0.019739 
-0.207864 -0.860422 -0.028188 
0.551719 -0.685683 -0.005879 
-0.348507 0.866622 -0.032121 
-0.630085 -0.693499 -0.032127 
-0.936043 -0.125436 -0.032127 
0.389031 -0.783653 0.003579 
-0.919167 -0.351372 -0.030352 
0.932664 0.293977 -0.001128 
-0.550603 -0.691143 -0.008623 
-0.620316 0.722661 0.028258 
0.913329 0.180334 -0.032069 
-0.078800 -0.940396 0.006971 
0.370472 0.861208 0.011341 
0.668543 -0.554081 0.018322 
-0.720039 0.617775 0.021075 
0.815618 -0.568147 0.017101 
-0.586637 -0.646703 0.009761 
-0.277263 -0.923029 0.029136 
-0.846186 -0.492167 -0.032127 
-0.693334 0.570249 -0.032127 
-0.591980 0.702106 0.007023 
0.589581 -0.688504 0.027909 
-0.256318 0.916310 0.029746 
0.710260 0.497932 0.001287 
0.764360 -0.422063 0.002301 
0.822805 0.444799 -0.032127 
-0.869067 -0.000327 0.008265 
0.474685 -0.833497 0.027278 
0.890095 0.100417 -0.032095 
0.639001 -0.591639 0.004830 
0.249909 0.821289 0.017936 
0.096192 0.900394 0.012206 
-0.043793 -0.997744 0.007474 
0.988336 -0.053739 0.010312 
-0.877849 -0.322338 -0.032127 
-0.689504 -0.534151 0.015539 
0.290320 -0.878278 0.007928 
-0.174105 0.842576 0.006617 
0.736692 0.649509 0.029989 
-0.935737 -0.010976 0.006063 
-0.233780 -0.851320 0.030992 
0.764802 0.531439 -0.032127 
-0.543544 -0.726348 0.030224 
-0.820425 -0.403870 0.017466 
-0.418490 0.892482 0.006563 
0.833045 0.316506 0.030998 
0.913074 0.049039 0.008869 
0.027044 0.972876 -0.028941 
0.017481 -0.962661 0.028786 
0.238111 0.864626 0.026700 
0.270742 -0.890011 -0.032127 
-0.265512 0.949667 0.008370 
-0.322008 0.885877 0.014249 
-0.319497 -0.816260 0.029620 
0.528523 0.751960 0.005942 
-0.825066 0.263809 0.019274 
0.864731 -0.005597 0.027616 
-0.532976 0.810481 0.030941 
0.843080 0.387668 0.006271 
-0.910058 -0.319001 0.030679 
0.897426 -0.073302 0.028723 
0.839034 0.195755 0.015432 
-0.813233 -0.340047 -0.001756 
-0.876759 -0.074060 -0.024152 
0.055367 -0.920693 0.009969 
-0.591731 0.780093 -0.000338 
0.926682 0.114872 -0.032121 
-0.626109 0.764732 0.010437 
0.175807 -0.972433 -0.014829 
-0.913093 -0.262160 -0.032127 
-0.315368 0.837026 0.030209 
0.833044 0.242105 0.002317 
-0.958865 0.017490 0.029685 
-0.799714 -0.501829 0.007483 
0.876572 -0.039846 -0.029826 
0.771713 0.454690 0.029595 
0.582516 0.781200 -0.022790 
-0.682312 0.701440 -0.015202 
0.486135 0.722706 -0.029288 
-0.011430 -0.890179 0.030953 
-0.900162 0.044473 -0.032105 
0.191913 0.886688 -0.032127 
-0.121809 -0.875184 -0.009196 
-0.851772 -0.434002 0.017381 
0.304668 0.925534 -0.016729 
-0.460113 -0.742190 0.024575 
-0.745961 -0.601714 0.019964 
-0.454366 0.782747 0.014985 
-0.281960 -0.892620 0.005942 
-0.811048 0.510006 0.030794 
0.357530 0.909881 0.001610 
-0.139854 -0.938603 0.009177 
-0.200313 0.902956 0.005942 
0.886576 0.354817 -0.032105 
-0.046625 -0.882335 -0.008208 
0.260068 -0.834890 0.004689 
0.764033 0.568540 0.030670 
-0.723095 0.640370 -0.032127 
0.365090 0.793411 0.030931 
0.783560 -0.405672 -0.030087 
0.964580 -0.174299 -0.016921 
0.303097 -0.938721 0.030901 
-0.630474 -0.772115 0.029089 
-0.891057 0.123030 0.030880 
-0.113879 0.978711 0.008890 
-0.200444 -0.902620 0.009068 
0.653556 -0.751457 0.016740 
0.596614 0.720146 0.009473 
-0.724857 -0.687120 0.011316 
0.423244 0.747092 0.011095 
0.702482 0.620812 0.010705 
-0.389633 -0.902014 -0.032039 
0.043677 0.868205 -0.001121 
-0.110486 -0.958330 0.030226 
-0.353837 0.795898 -0.009434 
-0.557207 0.657915 0.013183 
0.845207 0.214464 -0.023584 
-0.848401 -0.213198 0.030545 
0.554822 0.773429 0.030801 
0.329540 -0.806937 0.022341 
0.404204 -0.851091 0.007130 
-0.716143 0.540516 0.030352 
-0.052286 0.867980 -0.019642 
0.009798 -0.988765 -0.012014 
0.912181 -0.268610 0.019525 
0.950104 -0.243081 -0.019604 
0.379658 -0.875115 -0.032127 
0.948901 0.135426 0.030889 
0.595497 -0.753971 0.029778 
-0.585998 -0.775558 0.030982 
0.123135 0.850851 0.027705 
0.401280 -0.879641 0.031004 
-0.209465 0.834510 0.025593 
0.904453 0.279729 0.019522 
-0.520837 -0.752739 0.017637 
-0.903381 0.383930 -0.006450 
-0.824398 0.545955 0.005111 
-0.784575 -0.442526 0.030893 
-0.971113 0.208020 0.020215 
0.435635 -0.886890 -0.000802 
-0.667051 -0.614829 0.030110 
-0.277731 -0.840194 -0.026975 
-0.946756 -0.052387 -0.032127 
0.853778 0.334405 -0.032050 
-0.180468 0.969130 0.018767 
0.725434 -0.666794 -0.001216 
0.869031 -0.096300 -0.014620 
0.793217 -0.348971 0.008633 
0.802872 -0.500471 -0.032127 
0.402756 0.858441 0.028634 
-0.920587 -0.014308 -0.032127 
-0.481786 0.756608 0.029206 
-0.099160 0.912630 -0.032127 
-0.516392 -0.703910 0.010986 
-0.866540 0.391081 0.020298 
0.539234 -0.838178 0.020332 
-0.808291 -0.440034 -0.032127 
0.355665 -0.893488 0.029158 
0.926558 -0.323601 -0.026579 
-0.789626 -0.392494 -0.008186 
-0.050411 0.942683 -0.032127 
0.880621 0.307882 0.007310 
0.888990 -0.369450 0.030890 
0.120050 -0.942534 -0.032040 
0.137519 0.900139 -0.032127 
-0.963264 0.196339 -0.014014 
-0.280799 -0.957978 0.006105 
-0.871164 -0.112692 0.000393 
0.564436 0.656946 0.030878 
-0.164603 0.895427 -0.032127 
-0.496215 -0.826056 -0.032127 
0.818895 -0.386095 0.023994 
0.461046 0.819535 0.013914 
0.973905 -0.105179 -0.019053 
-0.341705 -0.923923 0.030916 
-0.645481 0.626319 -0.032127 
-0.885490 -0.215462 -0.032127 
0.359275 0.822333 -0.032127 
0.602163 0.640217 -0.032127 
-0.862493 0.483283 0.029293 
0.783516 -0.546405 -0.032127 
-0.907401 -0.411869 0.006734 
-0.223369 -0.939741 0.030422 
0.659084 0.629402 -0.032127 
-0.135085 0.932844 0.015394 
0.914408 0.203307 0.008981 
-0.758446 -0.574055 -0.032127 
0.118055 -0.864376 0.022228 
0.187770 -0.852086 0.026335 
0.870412 0.458678 0.004905 
-0.927241 -0.267188 0.030940 
-0.787595 -0.540987 -0.032127 
-0.261644 0.855415 0.029933 
-0.926946 -0.160062 -0.032127 
-0.462912 0.732743 0.002621 
0.644868 0.739220 0.003282 
0.864670 -0.322562 -0.032127 
-0.934878 0.032849 -0.032055 
0.873390 0.255945 -0.032040 
0.261637 -0.870017 0.028363 
0.774546 -0.477749 -0.032127 
-0.952383 -0.082068 0.022343 
0.427648 -0.770619 -0.005090 
-0.589221 -0.721369 0.006441 
-0.175025 -0.860967 0.002648 
-0.863517 0.444706 0.030944 
-0.273927 0.891904 0.007692 
-0.918418 0.372632 0.027763 
0.183917 -0.981521 0.022311 
-0.983857 0.021508 -0.020475 
0.521394 0.835312 0.016681 
-0.918805 0.130146 0.005942 
-0.700505 0.581096 0.012102 
0.678153 0.689631 0.030947 
-0.021292 0.886582 0.030984 
0.534081 0.720056 0.027143 
-0.395144 0.817009 -0.032037 
0.187716 0.956390 -0.024325 
0.073663 0.930934 -0.032127 
-0.732662 -0.491817 -0.001984 
-0.718976 0.658189 0.030871 
-0.392652 0.813785 0.016718 
-0.728447 -0.548668 0.023115 
0.495842 -0.752373 -0.032127 
0.110445 -0.982207 -0.016026 
0.844644 0.259984 0.030957 
-0.934389 0.025749 0.005995 
-0.833652 -0.538646 0.002589 
-0.923010 -0.086246 -0.032127 
0.926175 0.341340 0.012912 
-0.469702 0.770794 -0.032094 
0.851910 -0.148533 0.008064 
0.041420 -0.915701 -0.032089 
0.834097 -0.301649 -0.032127 
0.805935 0.402748 0.020624 
-0.674390 0.556617 -0.003426 
-0.209726 -0.850419 0.005074 
0.584638 -0.727993 0.005942 
0.613044 -0.756099 -0.032127 
-0.640570 -0.603295 0.001465 
0.447031 -0.828752 0.007012 
0.894070 -0.122892 0.026349 
0.616991 -0.626739 -0.004715 
-0.555003 0.709207 -0.032127 
-0.792563 0.512610 -0.032127 
0.757294 -0.583184 0.025685 
0.825745 0.407728 -0.032118 
0.947122 0.241911 -0.019537 
0.813546 0.311974 -0.007260 
0.524519 0.732155 -0.032127 
-0.579079 -0.814389 0.012694 
-0.981595 -0.106014 0.000657 
0.271498 0.920046 0.030911 
-0.636792 -0.620571 -0.030993 
0.905501 0.390323 0.027100 
0.703990 -0.635666 0.016828 
0.496554 0.710574 0.000930 
0.668962 -0.723752 -0.001516 
-0.663048 -0.721550 0.030940 
-0.029320 0.914734 0.006990 
-0.355093 -0.837313 -0.032127 
-0.797362 0.353717 0.001894 
0.304511 -0.872615 -0.032127 
0.894493 -0.296752 -0.032127 
-0.926228 -0.048938 0.006230 
0.495965 -0.769831 0.013387 
-0.773594 -0.504780 -0.032127 
0.378435 -0.912110 -0.005508 
0.893693 0.152059 0.014012 
0.664032 -0.609634 -0.032127 
-0.076546 -0.909999 0.021682 
-0.024691 -0.953875 -0.032127 
0.947510 -0.094413 0.027174 
-0.875025 -0.412798 -0.032127 
0.316259 0.838238 0.027637 
0.467216 0.866699 0.010686 
0.365566 -0.802278 -0.015561 
0.756969 -0.634801 0.001939 
0.212196 -0.928127 -0.032127 
-0.390137 -0.826852 0.019584 
0.184694 0.855263 0.030925 
0.148496 0.973519 0.013363 
-0.114223 -0.988179 0.003273 
-0.288518 0.821515 -0.020239 
0.187585 -0.895144 -0.032127 
0.833891 -0.501393 0.030936 
-0.871815 0.271694 0.011861 
0.623123 -0.668289 -0.032127 
-0.678127 0.618895 -0.032127 
-0.861436 -0.190988 -0.026594 
-0.475216 -0.786626 -0.032127 
-0.300625 -0.831089 -0.004338 
-0.737880 -0.508218 -0.032127 
0.354876 0.892085 0.030915 
0.106624 -0.954292 0.025079 
-0.984636 0.135472 0.013103 
-0.518876 0.695231 0.030808 
0.402600 0.798211 0.029668 
-0.429918 0.839976 -0.032081 
-0.192343 0.956527 -0.013866 
-0.866283 0.192110 0.030937 
0.489510 0.758252 0.015077 
0.313885 -0.937893 -0.000554 
0.887732 -0.191585 0.015905 
-0.857377 -0.145621 0.022817 
-0.717678 -0.585861 0.007546 
-0.625554 -0.765656 -0.017673 
-0.691671 0.706818 0.018688 
0.484387 -0.723303 0.015052 
0.270816 -0.924182 0.029660 
0.719804 0.505545 -0.032127 
-0.727882 -0.629147 0.028588 
-0.279409 0.825292 0.030873 
-0.823095 0.300494 -0.000284 
-0.439838 0.843853 0.029056 
-0.670435 -0.571281 0.000983 
-0.452763 -0.759045 -0.008499 
0.827902 0.516031 -0.019620 
0.424240 -0.835121 -0.032127 
0.712079 0.666018 -0.002932 
0.721854 0.536519 0.023120 
0.045169 -0.974327 -0.032026 
0.690857 -0.590896 -0.032127 
0.869350 0.129040 0.030926 
0.862392 0.030122 0.023191 
-0.452183 -0.803024 0.010829 
0.534264 -0.744227 0.012889 
-0.178489 -0.914256 -0.032127 
-0.029011 0.984486 0.008639 
-0.469087 -0.777416 0.029890 
0.554086 -0.670034 0.022625 
-0.239359 0.836759 -0.012684 
-0.224474 0.917912 -0.032127 
0.007117 -0.872752 0.010654 
-0.419255 0.752079 0.013618 
0.620978 0.718557 -0.032127 
-0.362474 0.917564 0.011393 
-0.235837 0.864701 -0.032127 
0.671715 -0.661875 -0.032127 
0.306139 0.935478 0.026528 
0.319419 -0.841756 -0.032127 
-0.783574 0.605264 0.015874 
0.979149 0.003007 -0.008582 
-0.976687 -0.132537 -0.017110 
0.791599 0.364192 -0.025817 
-0.763024 -0.421595 0.019231 
-0.082622 -0.917406 -0.032127 
0.923527 -0.191774 0.011429 
0.704026 -0.526354 0.030886 
-0.929985 -0.181576 0.010345 
-0.483703 -0.739712 -0.003737 
-0.495917 0.817524 0.030951 
0.880687 0.401325 -0.032125 
-0.832516 -0.344499 -0.032127 
-0.790940 -0.365813 0.015733 
-0.772911 -0.612921 -0.029579 
-0.949015 0.257807 -0.001383 
0.971149 0.100127 -0.029785 
-0.354288 -0.799241 0.006579 
-0.243010 -0.898356 -0.032127 
0.057442 0.903318 -0.032127 
0.553028 0.689240 -0.032127 
-0.660637 0.696016 0.030982 
0.652224 0.588412 0.030939 
-0.759189 0.435310 -0.004487 
0.613059 -0.704436 -0.032127 
0.432146 -0.889102 0.030887 
0.899662 -0.372838 -0.032127 
0.677249 0.547114 0.030898 
0.892165 0.018674 -0.032089 
0.716027 0.476509 0.026196 
0.612818 0.759546 -0.000247 
-0.952449 0.150847 0.030919 
-0.877825 -0.261548 0.015334 
0.431604 0.840150 -0.032127 
0.898714 -0.232747 0.005942 
0.536332 -0.827045 -0.026663 
0.474951 -0.864515 -0.024486 
-0.830212 -0.464661 -0.032127 
0.786065 -0.418962 0.030963 
0.137873 -0.872123 -0.001243 
-0.118901 0.861588 -0.011305 
0.670563 -0.714392 -0.031720 
-0.164824 -0.977149 0.030884 
-0.753431 -0.533420 0.011185 
0.913357 0.218530 -0.032081 
0.087508 -0.900240 -0.032106 
0.738911 -0.532341 0.016637 
-0.518370 0.828465 -0.003086 
0.923643 -0.024750 0.005905 
0.435877 0.752269 -0.021062 
0.666711 0.672947 -0.032127 
-0.755454 0.544824 0.006253 
0.011427 0.867230 0.000773 
0.547053 0.672826 0.000823 
-0.924540 0.333532 -0.000669 
-0.656146 0.641459 0.007313 
0.959627 -0.228373 0.030519 
-0.667099 0.597005 0.030965 
0.787740 -0.571568 0.030935 
-0.085734 -0.879600 -0.001060 
-0.875750 0.069700 -0.000586 
0.339534 0.789047 0.007203 
-0.923935 0.270385 0.030996 
-0.810347 0.403188 -0.032127 
0.932870 0.215683 0.030887 
-0.803676 0.461411 0.005942 
0.726545 0.616796 -0.032127 
-0.385084 -0.890399 0.030993 
0.789226 0.477024 0.005942 
0.146369 -0.980640 0.001586 
-0.414064 0.766749 -0.017249 
0.848884 -0.243587 0.030932 
0.573302 0.752968 -0.032127 
-0.984977 -0.056927 0.000195 
0.350744 -0.836018 -0.032127 
0.831139 -0.516285 -0.031357 
-0.749811 0.629841 -0.020273 
-0.750486 0.470102 0.030963 
-0.332381 0.794025 0.020066 
-0.294194 -0.882310 -0.032127 
0.954690 -0.020671 0.030100 
0.885177 -0.450337 0.017580 
0.645973 0.582192 -0.010414 
-0.829574 0.323908 0.030935 
-0.850257 -0.285050 -0.032127 
0.218767 0.881829 0.009703 
0.708812 -0.657491 -0.032127 
-0.687774 -0.593821 -0.032127 
0.548483 -0.781015 0.017062 
-0.772563 -0.451276 -0.032127 
0.564747 -0.700755 -0.032127 
-0.899234 -0.146478 -0.032127 
0.815358 0.477353 -0.032127 
-0.781424 -0.478102 0.019858 
-0.942917 -0.311372 0.003744 
-0.888755 0.340235 -0.032127 
-0.795700 -0.590777 0.001343 
-0.875481 -0.194574 0.030906 
0.595996 -0.793167 0.030303 
0.359147 -0.836763 0.024095 
0.139939 0.857874 -0.003286 
-0.926220 0.146621 -0.032112 
-0.726677 0.656179 -0.006026 
-0.635399 0.743510 -0.021476 
0.862947 -0.469739 -0.010879 
-0.663343 0.681690 -0.032127 
0.936600 -0.107124 -0.032127 
0.923519 -0.065911 0.005929 
0.021708 -0.941889 0.006642 
-0.322044 -0.862095 0.012185 
-0.896684 -0.151181 0.023256 
-0.801952 0.580781 0.015620 
-0.533475 0.734085 0.013359 
0.926739 0.296872 -0.031300 
-0.083270 0.981807 0.024528 
0.925358 -0.302998 0.030949 
0.600044 0.743722 0.030892 
0.964613 0.180800 0.001497 
0.353643 0.821662 0.029301 
0.239704 0.913427 -0.032127 
-0.933871 0.292997 -0.030795 
0.863960 -0.033100 0.006009 
0.737649 -0.526066 -0.032127 
-0.984913 -0.006369 -0.008295 
-0.628927 0.660764 0.010054 
-0.238163 -0.936633 -0.032127 
0.764909 0.604901 -0.007830 
-0.583524 -0.773852 -0.032127 
0.418725 0.833171 0.008292 
0.770384 0.486564 -0.032127 
0.120889 -0.901207 0.028358 
0.871039 0.372229 0.021669 
0.266843 0.868077 -0.032127 
0.748221 -0.605149 -0.032127 
0.935124 -0.163685 -0.032127 
-0.887503 -0.033152 -0.032127 
-0.675914 -0.670904 0.012205 
-0.037160 0.945579 0.023054 
0.915629 -0.355196 -0.001699 
0.733105 -0.580345 0.006132 
0.385248 0.801226 -0.032127 
0.759470 0.628066 0.021371 
-0.715391 -0.516527 -0.000248 
0.692040 0.524816 0.000352 
0.464997 -0.861985 0.030932 
0.244130 -0.847805 -0.019723 
-0.894570 -0.347351 0.027743 
-0.625909 -0.708647 0.007571 
0.965939 -0.060717 0.030949 
-0.395714 0.864406 0.029105 
0.845581 -0.181950 0.018789 
-0.896065 0.074846 0.030882 
0.849072 -0.450158 -0.032127 
0.824725 -0.313383 0.030887 
0.385945 0.775530 0.001312 
0.948764 -0.004670 -0.032127 
-0.238703 -0.959960 -0.011233 
-0.896681 0.150217 0.017631 
-0.618723 0.638546 0.030903 
-0.913068 0.092531 -0.032080 
0.083329 -0.988144 0.001541 
0.731462 0.555506 -0.032127 
0.798190 -0.574585 -0.016594 
-0.010050 0.859208 0.026079 
0.125551 0.947684 0.030895 
0.500680 0.816573 0.030983 
-0.883870 0.235993 -0.032127 
0.238332 -0.958640 -0.013024 
-0.177276 -0.962457 -0.032127 
-0.913048 0.302582 0.031000 
0.891968 -0.336127 0.024167 
-0.943460 -0.156503 0.022608 
0.643957 -0.699298 0.013420 
-0.434289 -0.848666 0.012169 
0.517001 -0.821469 0.030995 
-0.714243 0.486586 0.009523 
0.000930 0.943564 -0.032127 
0.056680 0.856971 0.025078 
0.043333 -0.977229 0.030948 
0.723001 -0.678974 0.029678 
-0.145054 -0.897144 -0.032127 
0.168214 -0.938312 0.013144 
0.770885 -0.611809 -0.010608 
-0.876528 0.026705 0.030996 
-0.289799 -0.936843 -0.032127 
-0.805140 0.350867 0.030977 
0.928418 -0.227263 -0.032127 
-0.960258 -0.012082 0.030136 
-0.360183 0.877358 0.025834 
-0.859849 -0.364123 0.005942 
-0.429754 -0.799134 -0.032127 
0.842303 -0.418802 0.009713 
-0.890123 -0.289101 -0.032127 
-0.924919 0.233719 -0.032127 
-0.847397 0.493614 -0.010280 
-0.237569 -0.851232 -0.004664 
0.640682 0.621307 0.030563 
-0.469251 0.845225 0.030935 
-0.429826 0.880450 0.030983 
0.696825 0.694198 0.005427 
0.784331 0.556369 -0.032127 
0.398018 -0.789659 0.030979 
0.389795 0.896590 0.001589 
-0.943753 0.082825 0.012069 
0.854688 -0.315090 0.013735 
0.632461 -0.736696 0.030950 
-0.779701 0.452225 -0.032127 
-0.518739 -0.854274 0.017554 
-0.839503 -0.325434 0.030891 
0.500365 -0.724636 -0.011833 
-0.021951 -0.873720 0.006523 
-0.219185 0.930127 0.030886 
-0.853178 0.210160 -0.027040 
0.890844 -0.112343 -0.032127 
0.952034 -0.035936 -0.032127 
-0.412483 -0.803879 0.030890 
0.755451 0.420828 0.003170 
-0.394532 -0.781867 0.004804 
-0.048110 -0.944553 0.007599 
0.965758 0.153165 -0.008022 
0.694818 -0.584605 0.022424 
0.923716 0.145019 -0.032127 
0.319624 0.808231 -0.014579 
0.291140 -0.832558 -0.008480 
-0.065721 0.866323 0.030950 
-0.131531 0.876880 0.030980 
-0.761190 -0.627053 0.030905 
0.916389 0.020079 0.007605 
-0.325490 0.809482 -0.028867 
-0.659664 0.673397 0.012013 
-0.506584 -0.724034 -0.015212 
-0.124404 0.943981 -0.032127 
-0.929372 -0.189106 -0.032127 
0.232303 0.851596 -0.032127 
-0.701861 -0.696634 -0.006028 
0.558622 0.798442 -0.014466 
0.487323 -0.815868 -0.032127 
0.828742 -0.283806 -0.005858 
-0.074848 -0.962091 -0.032127 
0.055638 -0.900562 0.030889 
0.723720 -0.478278 0.022325 
0.290641 -0.859047 0.029653 
0.883507 -0.197392 -0.032127 
-0.092666 -0.993907 0.027428 
-0.591990 0.642128 -0.006788 
0.820718 0.365406 -0.032029 
-0.409336 0.883819 -0.030112 
-0.813628 0.540569 -0.030844 
0.124464 0.966933 -0.010158 
0.598759 -0.659737 0.031003 
-0.804739 -0.338961 0.029070 
-0.583363 0.782588 0.030971 
0.502207 0.750494 -0.032127 
-0.446462 -0.841873 -0.032127 
-0.535459 0.676398 0.008863 
0.459358 -0.782586 0.028703 
-0.614093 0.688970 -0.032127 
0.787429 0.575507 -0.010074 
-0.541075 0.779290 -0.032127 
0.906364 0.051085 -0.032041 
0.468369 0.732026 0.030895 
0.323916 0.927331 0.004582 
0.806972 -0.448048 0.006913 
0.835293 0.417542 0.007922 
-0.909809 0.046133 0.016528 
-0.201917 0.845533 0.000070 
-0.063227 -0.896227 -0.032127 
0.684300 -0.614498 0.008913 
-0.704186 -0.651891 -0.032127 
0.516558 -0.840054 -0.003708 
-0.357805 -0.899245 0.030932 
-0.880040 -0.053219 0.030976 
-0.342017 -0.936117 0.004438 
0.943125 0.281803 0.029654 
-0.626164 -0.665157 -0.032127 
0.879322 0.181954 -0.032021 
-0.472283 -0.870226 -0.000725 
-0.937149 -0.284653 -0.032064 
-0.850601 0.173425 0.007377 
-0.823679 0.441050 0.006750 
-0.809261 -0.564443 -0.028780 
0.791253 0.519427 0.022422 
-0.622332 0.598209 0.014472 
0.181290 0.916089 0.008952 
0.933513 0.158413 0.018489 
-0.980199 -0.176132 0.013210 
0.658239 0.645014 0.005942 
0.708226 0.649606 0.030916 
0.870057 0.072995 -0.013273 
0.882934 0.228658 0.009424 
0.987732 0.058042 0.020939 
-0.959796 -0.269280 0.016659 
0.268870 -0.920560 -0.032127 
-0.892205 0.378998 -0.032127 
-0.424526 -0.763236 0.013835 
0.003074 0.900979 0.017887 
-0.974167 -0.206791 0.026430 
0.320918 0.874358 -0.032127 
0.420465 0.769214 0.030934 
0.792745 0.428557 -0.032127 
0.721989 0.650754 -0.030686 
-0.606797 -0.742222 0.019109 
-0.566973 -0.670891 0.002560 
-0.992647 0.005128 0.029014 
-0.727521 0.485479 -0.020176 
0.611332 0.610271 0.003122 
-0.368721 -0.918139 -0.010031 
0.858987 0.152514 -0.003321 
0.584302 -0.806408 0.008260 
-0.170954 -0.865947 0.030992 
-0.679808 -0.587759 0.030908 
-0.527127 0.704665 -0.032127 
0.066040 0.940136 0.016168 
-0.319166 0.923924 -0.000648 
0.032085 0.919501 0.005942 
0.554001 -0.777986 -0.032127 
-0.818169 0.289598 0.028098 
-0.811234 -0.402968 -0.032127 
0.091534 0.857761 0.003837 
-0.069721 0.922298 -0.032127 
0.752465 -0.440309 0.030462 
-0.618079 -0.627552 0.000941 
-0.889739 -0.369265 -0.032127 
-0.950768 -0.082558 -0.032127 
0.930601 -0.247682 0.030897 
-0.845057 -0.250184 -0.014704 
-0.308920 -0.916392 -0.032127 
-0.921272 -0.108460 0.006368 
-0.874234 0.327611 0.006328 
0.202543 0.914984 -0.032127 
-0.745983 -0.653796 0.001564 
-0.267063 0.872374 -0.032127 
0.872487 0.039964 -0.002836 
-0.170107 0.884605 0.018979 
0.637025 -0.606089 -0.018933 
0.648662 -0.614951 0.030883 
-0.391432 -0.830834 -0.032127 
-0.840194 0.396903 -0.032127 
0.425409 0.874355 -0.030044 
-0.314994 0.896521 -0.032127 
-0.356335 -0.808819 -0.024623 
-0.820743 -0.509403 -0.032127 
-0.018055 -0.990255 0.000068 
-0.396461 -0.906399 -0.004394 
0.858150 0.085778 0.023565 
0.594142 0.666793 -0.032127 
0.973805 -0.180723 0.008442 
0.298249 0.867122 0.006378 
0.891343 -0.151621 0.021659 
0.957281 0.128785 -0.032127 
0.929439 0.253208 0.030916 
-0.635394 -0.663352 0.015040 
0.052633 0.973296 -0.015215 
-0.159640 0.944580 0.030899 
0.839790 0.497369 -0.003073 
-0.815084 -0.380338 0.030898 
-0.857978 -0.506600 0.005142 
0.825474 -0.392413 -0.032127 
0.223202 -0.899461 0.007334 
0.792062 0.352064 0.002374 
-0.980385 0.082354 -0.006054 
0.782439 -0.396178 -0.003531 
0.240995 -0.930813 -0.032127 
0.086185 -0.938257 0.006707 
-0.958625 0.100889 -0.032013 
0.886403 0.415653 0.031000 
-0.389769 -0.850720 0.005942 
0.137169 0.937217 -0.032127 
-0.890003 0.381537 0.030963 
-0.749927 -0.461670 0.000577 
0.269484 0.882473 0.005942 
0.345288 -0.878122 0.007377 
0.107091 0.925128 0.007542 
0.629268 0.744117 -0.021788 
-0.864943 0.149754 -0.021360 
-0.265255 0.939154 -0.016939 
-0.277618 0.816483 0.004993 
-0.682750 -0.697893 -0.032127 
0.083223 -0.869082 0.010951 
0.683517 0.695105 -0.024310 
0.967761 0.026117 0.030994 
0.900078 -0.009203 -0.032127 
0.415864 -0.875332 -0.032127 
-0.816437 -0.547718 0.030920 
0.169516 -0.886313 0.030889 
-0.321327 -0.828460 -0.031620 
0.515023 0.782584 0.010707 
-0.462234 -0.872840 -0.028897 
0.620595 0.702855 0.011214 
0.960038 0.110584 0.030927 
0.719087 -0.618300 -0.032127 
0.860476 0.181857 0.030931 
-0.869231 0.052989 0.029134 
-0.810161 0.491900 -0.032127 
-0.564183 -0.686804 -0.031754 
-0.988127 0.108755 0.016583 
-0.089334 0.971983 -0.000598 
-0.896708 0.322722 0.023010 
0.886126 -0.255729 -0.032127 
0.898508 0.266176 -0.032079 
-0.782627 0.487221 -0.032127 
-0.119055 -0.889480 -0.032127 
0.371138 0.899813 -0.028934 
-0.126358 0.877242 -0.032127 
0.462441 0.793688 0.005976 
-0.223694 -0.889892 0.014528 
-0.225853 -0.973457 0.009222 
-0.001750 -0.928459 0.007156 
-0.583238 0.746847 -0.032127 
0.802388 -0.361185 0.030909 
-0.913046 -0.224806 -0.032127 
0.241586 0.921420 0.030878 
0.751254 0.505606 -0.032127 
0.882179 -0.155287 -0.032127 
0.097978 0.969500 -0.005904 
-0.889821 0.184434 -0.032127 
0.329428 0.886367 0.022896 
-0.232148 0.847989 0.030939 
0.244603 0.943226 -0.007174 
-0.387813 0.907229 0.007913 
-0.678096 -0.733303 0.008751 
0.749548 0.602863 -0.032127 
0.857974 -0.202491 0.030926 
-0.961250 0.234439 0.003775 
-0.911869 -0.243677 0.008129 
0.493408 0.705678 0.029126 
0.370812 -0.926370 0.022094 
-0.488509 -0.807141 0.006841 
0.437120 -0.767889 -0.030074 
-0.965853 -0.231722 0.004383 
0.861105 -0.114945 0.003249 
-0.929377 -0.331669 -0.012842 
-0.001036 -0.974692 -0.032123 
-0.883690 -0.412185 0.030956 
0.229701 -0.944820 0.030976 
0.964699 0.074210 -0.032121 
-0.663743 0.718800 -0.006691 
0.863001 0.136950 -0.027354 
0.391948 -0.808432 -0.032127 
-0.776871 0.398440 0.001151 
0.969833 -0.151382 0.031004 
-0.581211 0.687684 0.026793 
0.731923 0.465794 0.001294 
-0.684716 -0.636739 0.005942 
-0.578450 0.651381 0.030901 
0.597783 0.653829 0.030979 
0.868606 -0.041776 0.030802 
-0.766334 0.434261 0.030959 
0.183811 0.941608 0.030912 
-0.857368 0.438594 -0.032127 
0.849990 -0.213922 -0.026219 
-0.768246 0.578668 -0.032127 
-0.887158 0.439617 0.005736 
0.314456 -0.898893 -0.032127 
-0.840622 0.295356 -0.032127 
-0.299705 0.906980 0.030883 
-0.844578 0.343735 -0.032127 
-0.349015 -0.808418 0.031003 
0.947944 -0.204469 0.030932 
0.868170 0.453956 0.030945 
-0.664456 -0.641105 -0.032127 
0.061308 -0.880675 -0.000401 
-0.496427 -0.859456 0.001352 
-0.911475 0.220207 0.007134 
-0.513288 0.745816 -0.032127 
-0.981170 -0.050044 0.030896 
0.696277 -0.564994 -0.032127 
0.278555 -0.947471 -0.010929 
0.190437 -0.861824 -0.006528 
-0.491991 0.769755 0.008672 
-0.784579 0.587048 -0.004856 
-0.287195 -0.947442 0.030890 
-0.498200 -0.755851 0.030878 
0.192020 0.837025 0.008735 
0.470155 0.797285 -0.032127 
0.839807 -0.271176 -0.032048 
0.796605 0.458797 -0.032127 
0.831485 -0.542498 0.006912 
-0.826529 -0.505364 0.030993 
0.834292 0.220747 0.028038 
-0.464682 0.807794 -0.032014 
0.704403 -0.523561 0.000112 
-0.958286 -0.194721 -0.032127 
0.871918 -0.079484 0.030900 
0.851224 0.299681 0.022068 
0.425675 0.794803 -0.032127 
-0.656505 0.572912 0.030925 
0.838157 -0.444424 0.014074 
0.509451 0.809612 -0.032127 
0.028627 0.897788 0.023282 
0.021733 -0.880793 0.030999 
-0.715879 0.556695 -0.032127 
0.417531 0.880274 -0.005658 
-0.445623 -0.886218 0.000952 
-0.111621 -0.936788 0.006894 
0.803690 -0.422436 -0.032127 
-0.791274 -0.574083 0.030949 
0.650095 0.596389 -0.032127 
0.216859 0.956939 0.029874 
-0.731638 -0.481310 0.030112 
-0.549411 -0.823020 -0.003751 
0.895982 0.380060 -0.030748 
-0.882195 0.225519 0.014861 
0.859714 -0.162351 -0.020599 
0.738654 -0.603304 0.019878 
-0.239876 0.953941 0.004971 
0.915519 0.102601 0.006255 
0.570656 -0.771524 0.028282 
-0.359082 0.783830 0.028307 
-0.713776 -0.520640 -0.026068 
0.553356 0.808732 0.030623 
-0.000618 0.984512 0.006723 
0.148474 -0.939578 -0.032093 
-0.564688 0.755567 0.013350 
0.717706 -0.503855 0.030870 
0.214280 -0.845443 0.012646 
-0.882670 -0.020103 0.030976 
0.026821 -0.886780 -0.030920 
-0.186318 -0.889335 -0.032127 
-0.084609 0.925053 0.006748 
-0.618540 0.723157 -0.032127 
0.728606 0.512567 0.031000 
-0.312401 -0.841973 0.030917 
0.936495 -0.158501 0.020346 
-0.442772 -0.867979 0.030971 
0.277321 0.812550 0.022021 
-0.369659 0.851368 -0.032067 
-0.358404 0.830911 0.014436 
0.599339 -0.782777 -0.003479 
-0.523008 -0.827706 -0.032127 
0.891140 -0.412546 -0.005281 
0.907733 -0.046483 0.013088 
0.302452 0.854464 -0.032127 
0.443555 -0.803447 0.011967 
-0.960742 0.044214 -0.032019 
-0.673298 -0.554904 0.020979 
0.766396 0.478410 0.020417 
-0.864186 0.092602 0.005686 
-0.181268 -0.892819 0.027577 
-0.923935 -0.362261 0.003228 
-0.859999 -0.236408 0.030932 
-0.614798 0.632612 -0.032127 
-0.321318 0.863349 -0.032127 
0.156436 0.848619 0.030106 
-0.108481 -0.918984 -0.032127 
0.311053 -0.836029 0.031002 
-0.492521 0.720242 -0.003955 
-0.340424 0.891653 -0.032127 
-0.924432 0.244687 0.028091 
0.654776 -0.586376 -0.017552 
0.809884 0.305025 0.030344 
-0.645609 0.748060 0.007315 
0.610956 -0.645490 -0.032127 
-0.830110 0.521518 -0.007143 
0.801982 -0.326484 0.017804 
-0.577019 -0.705279 0.026843 
0.381884 0.842976 -0.032127 
-0.736832 0.579280 -0.032127 
-0.629934 0.746449 0.030980 
-0.901793 -0.100193 0.026401 
-0.195261 -0.950741 0.030990 
-0.840727 0.247094 0.031004 
0.711823 0.597144 0.006865 
0.979140 0.136114 0.019510 
-0.834858 -0.382994 0.012365 
0.579353 0.701098 0.009429 
-0.199694 -0.972499 0.001650 
-0.467680 0.737035 -0.027229 
0.500863 0.841424 0.002480 
-0.299764 -0.942900 -0.002386 
0.793162 0.426818 0.022311 
-0.884334 -0.436471 -0.028806 
0.326917 -0.927434 0.030922 
0.787556 0.385093 0.030925 
-0.213593 0.953588 0.000159 
-0.860700 0.112291 0.023825 
-0.235816 0.903977 0.008497 
-0.943138 0.207498 -0.032127 
0.763764 0.418049 -0.024162 
0.837147 0.498519 0.030979 
-0.640862 0.593855 -0.009787 
0.307391 0.905301 -0.032127 
-0.109569 0.968866 -0.015917 
0.182108 0.852714 -0.030443 
-0.723307 0.591472 0.007061 
0.626423 0.632204 -0.032127 
0.914753 0.366565 0.028578 
0.793934 0.584447 0.021299 
0.340626 0.804897 -0.031673 
0.170419 0.969531 0.025817 
-0.584333 -0.662839 -0.014329 
-0.877813 0.041803 -0.018490 
-0.688296 0.595250 -0.032127 
0.936266 -0.325770 0.006521 
-0.835305 0.387810 0.007029 
0.572695 0.654123 -0.003047 
0.517457 -0.715583 0.030938 
0.586542 0.786428 0.030180 
-0.691546 0.534131 0.030928 
-0.617008 -0.718362 -0.032127 
-0.096891 -0.894910 0.030904 
-0.435778 0.828854 0.008969 
-0.190736 0.864088 -0.032127 
0.890282 0.325218 0.023086 
0.594915 0.777352 0.001928 
0.026062 -0.996592 0.028881 
-0.499451 -0.764657 -0.032127 
0.515198 -0.775796 -0.032127 
0.598782 -0.634449 0.029845 
-0.101215 0.863398 0.030996 
-0.721546 -0.628760 -0.032127 
-0.891197 0.410746 -0.009130 
0.910864 0.168746 0.005942 
-0.879417 -0.015016 -0.016512 
-0.140574 -0.982767 0.001775 
0.835312 0.344337 0.017054 
0.117055 0.885409 -0.032127 
0.969059 -0.147032 -0.018770 
-0.343536 -0.878444 0.006772 
0.786627 -0.467177 0.011072 
-0.944908 0.129254 0.020365 
0.874245 0.434627 -0.010605 
0.251669 0.842764 0.030949 
0.418424 -0.905212 0.017273 
-0.977655 0.166386 0.005166 
0.822753 0.461147 0.015746 
-0.712993 -0.564973 -0.032127 
-0.406207 -0.883113 -0.032127 
0.361198 -0.896009 -0.032127 
0.179011 -0.950745 -0.032127 
0.247264 -0.836438 0.026234 
-0.267444 -0.886934 -0.032127 
-0.829513 0.538600 0.028559 
0.794412 0.360701 0.030901 
-0.840236 -0.226513 0.010899 
-0.972702 -0.158473 -0.006922 
-0.679844 0.534224 0.006453 
0.911097 0.351969 -0.012477 
-0.857933 -0.199002 -0.003108 
0.744780 -0.464149 0.030893 
-0.864196 -0.160278 0.000223 
0.905958 0.081034 -0.032049 
0.769066 0.546179 0.016639 
0.457209 0.842581 -0.032127 
-0.939589 -0.198840 0.028948 
-0.476670 0.732166 0.030894 
0.645662 0.742340 0.028099 
-0.723563 0.531651 -0.032127 
0.371550 0.911742 0.025832 
0.391188 0.845786 0.007890 
-0.471464 -0.842263 -0.032127 
0.685430 -0.721679 0.017172 
0.395470 -0.824757 0.015314 
0.523288 -0.770950 0.005942 
0.852752 -0.365936 0.005942 
0.219668 0.840860 -0.003407 
-0.843438 -0.513761 -0.019900 
0.069019 0.866433 -0.002549 
-0.734357 0.533539 0.014783 
-0.561762 -0.804146 0.030937 
-0.940970 -0.316637 0.030135 
-0.035826 -0.895344 0.030924 
0.493063 -0.807949 0.009323 
-0.663494 -0.732992 -0.017236 
0.215717 0.953080 0.001236 
0.314971 0.798802 0.009633 
-0.638972 -0.631694 0.030910 
0.904164 -0.207412 0.005942 
0.945099 -0.264433 -0.007837 
-0.302561 -0.878706 0.007029 
-0.874714 0.418398 0.030955 
-0.611614 0.685151 0.006997 
0.688069 -0.705064 -0.008662 
-0.841340 0.247662 -0.012183 
-0.669394 0.565018 -0.027834 
-0.676897 -0.571837 -0.027975 
0.133273 0.860287 -0.028442 
0.672178 0.552549 -0.016507 
-0.039257 -0.990775 0.030880 
-0.907812 0.399101 0.016787 
0.330316 -0.930470 -0.017609 
0.792562 -0.544912 0.030877 
0.747069 -0.463787 -0.026483 
0.151135 -0.912456 -0.032127 
-0.902590 -0.323807 -0.032127 
-0.134288 0.894498 0.013782 
-0.467513 -0.866727 0.030917 
-0.153934 -0.954164 -0.032127 
0.194250 -0.871286 -0.032127 
-0.937404 0.307072 0.030873 
0.569382 -0.670862 -0.014874 
0.154677 0.891065 0.013143 
-0.869434 -0.459711 0.030914 
0.635635 -0.763070 0.029209 
-0.900898 0.069185 -0.032101 
0.652665 -0.573004 0.019208 
-0.793040 0.483723 0.005942 
-0.554658 -0.786388 -0.032127 
0.446732 0.779380 -0.032127 
-0.429330 0.781548 -0.032013 
-0.248534 0.939687 0.030967 
0.979473 -0.033721 -0.001049 
-0.854312 0.149162 0.009813 
-0.875288 -0.457009 -0.009274 
-0.782287 0.374621 0.004976 
-0.683150 -0.689830 0.030987 
0.664614 -0.679047 0.013398 
0.615821 -0.686764 0.008013 
0.553980 0.712985 0.014490 
-0.545397 -0.761556 0.005942 
-0.139586 -0.913456 0.009307 
-0.371302 0.880870 -0.032110 
0.620627 0.666180 0.008955 
-0.449726 0.867098 -0.003527 
-0.916335 -0.375012 0.030878 
-0.946747 -0.282738 0.000250 
-0.832041 -0.422211 0.005942 
0.082636 -0.955983 -0.032026 
0.952722 0.087164 0.030879 
0.893365 0.118133 0.025841 
0.536247 0.687778 0.030908 
-0.744625 -0.519603 0.029416 
-0.274657 -0.871894 0.020042 
0.134019 -0.873977 -0.028186 
-0.892384 -0.445405 0.006996 
-0.528549 -0.781316 0.006877 
-0.425035 -0.859334 -0.032127 
0.167075 0.893604 -0.032127 
0.120121 0.919683 -0.032127 
-0.604756 -0.647417 0.030974 
-0.068481 0.962641 -0.032127 
0.216874 -0.879150 0.030438 
-0.611155 -0.752208 -0.032127 
0.724083 -0.623390 0.023343 
0.676722 0.598964 -0.032127 
-0.000535 0.974898 -0.024156 
0.255725 0.939250 -0.028534 
0.960622 -0.089459 -0.032127 
0.476545 -0.841416 -0.032127 
-0.547729 0.822288 0.014945 
0.701607 0.557364 0.028719 
-0.274814 -0.839669 0.030990 
-0.918495 0.067262 0.008093 
-0.867531 0.304263 0.008025 
-0.360339 0.905377 -0.029462 
-0.317428 0.851500 0.010774 
0.352291 -0.922371 -0.003912 
0.588904 -0.698050 -0.032127 
-0.600797 0.730649 0.016195 
0.106661 -0.885304 -0.032125 
-0.808183 -0.352548 -0.023604 
-0.947307 0.161260 -0.032105 
0.827449 -0.484452 -0.032127 
-0.424324 -0.895352 0.030886 
-0.780758 -0.522933 0.006304 
-0.145262 0.852352 0.002956 
0.204918 -0.977212 0.010325 
0.855635 0.361459 0.006360 
0.941552 0.261747 -0.006777 
0.267399 0.827173 -0.002631 
0.573587 -0.706910 0.020189 
0.923284 -0.362982 0.020722 
0.805368 -0.348885 -0.026094 
0.900907 0.065559 0.021732 
0.072824 0.971135 0.030983 
0.685528 0.599530 0.010803 
-0.977325 0.047913 0.030924 
-0.869416 0.126409 -0.025698 
0.813968 0.532243 -0.030876 
-0.257864 -0.893812 0.006809 
0.643804 -0.640469 0.023553 
0.960110 0.186195 -0.021595 
-0.051097 -0.975154 -0.032127 
-0.023385 -0.899609 -0.032127 
-0.190299 -0.852227 0.019407 
-0.235340 -0.876005 0.030408 
-0.870260 -0.298335 0.010064 
-0.989685 -0.106895 0.023313 
0.535142 0.791043 -0.032127 
-0.984108 -0.032558 -0.007299 
-0.748181 0.454376 -0.016542 
0.622228 0.688358 -0.032127 
-0.863812 -0.478190 -0.020860 
-0.598731 -0.799957 0.025416 
-0.199958 -0.931577 0.011711 
-0.828079 -0.302436 -0.011816 
-0.545045 -0.702336 -0.031761 
-0.217173 0.868926 0.029325 
0.299671 -0.940973 -0.022233 
-0.756152 0.497157 -0.032127 
0.541581 -0.695766 -0.028624 
0.928247 -0.119729 0.007350 
0.445620 0.865308 0.030982 
0.225270 0.910702 0.011930 
0.849247 0.198259 -0.006070 
0.917610 -0.348221 -0.024509 
-0.899307 0.254264 -0.032127 
-0.770965 0.559935 0.028058 
-0.574784 0.790721 -0.014651 
-0.936800 -0.254501 -0.032127 
-0.764617 -0.531977 -0.032127 
0.452793 -0.748815 0.003122 
0.437089 0.744782 0.030423 
-0.495629 0.854393 0.011916 
0.514031 -0.818022 -0.032127 
-0.184435 -0.864341 -0.025901 
-0.200889 0.958486 0.030958 
-0.758666 0.501759 0.013271 
-0.574134 0.657438 -0.010620 
-0.827782 -0.269321 0.017071 
-0.705141 -0.680671 0.030938 
-0.771634 -0.427713 -0.004761 
0.838935 -0.250476 -0.000173 
-0.214098 -0.931069 -0.032127 
0.970609 0.187460 0.023520 
-0.119804 -0.864895 0.012142 
0.783129 0.503120 0.007156 
-0.804134 0.532903 0.030975 
-0.864232 -0.121506 0.029594 
-0.813681 0.434889 -0.032127 
0.160703 -0.985187 0.025722 
0.861143 -0.353049 -0.032127 
-0.400782 -0.915718 0.020195 
0.716536 0.623894 0.029567 
-0.022016 -0.965517 0.030548 
0.563440 -0.729084 -0.032127 
0.982066 -0.090247 0.003631 
0.204933 0.866750 -0.032127 
0.776165 -0.621683 0.016799 
-0.699989 0.645651 -0.032127 
0.051962 -0.952521 0.013324 
0.673218 0.648419 -0.032127 
-0.687539 -0.552018 0.000104 
-0.019789 -0.913757 0.019376 
0.086085 0.888960 0.030288 
0.289097 0.831011 0.030958 
0.748375 0.467209 0.030955 
0.963813 -0.114591 0.030962 
-0.415782 0.767764 0.030930 
-0.079477 -0.995883 0.007948 
-0.948277 -0.124983 0.022924 
0.248800 -0.883035 0.013432 
0.347232 0.921286 0.020851 
0.988048 0.009906 0.027770 
-0.541689 0.711357 0.030930 
0.862694 -0.419060 0.030560 
0.455436 -0.875194 -0.012858 
-0.146504 0.974399 0.008108 
-0.340063 0.825793 0.030816 
-0.513456 0.817189 -0.032062 
-0.481430 0.791306 -0.032070 
-0.708066 0.681969 0.030870 
-0.471458 0.864838 0.005095 
0.880290 -0.293477 0.005942 
-0.889556 0.003259 0.030982 
-0.143389 -0.872057 -0.000531 
-0.167497 0.928138 0.016128 
0.849828 -0.471523 0.030933 
0.933575 -0.281031 0.030956 
0.682362 -0.536393 0.011537 
-0.580552 -0.656939 0.029960 
0.871522 0.204318 0.030518 
-0.223384 0.831079 0.007059 
0.816641 -0.291586 0.027988 
0.108802 0.967814 -0.027557 
-0.512161 -0.798360 0.008913 
-0.706685 -0.538123 0.030960 
0.734276 0.583533 0.010897 
-0.859796 -0.340232 0.007563 
0.470918 0.758827 0.030340 
-0.899974 -0.307779 0.012779 
-0.459653 0.766095 0.030879 
-0.892794 0.179077 0.015909 
0.959432 0.224039 0.029301 
-0.513669 0.746477 0.014236 
0.155889 -0.919551 0.005945 
0.946884 0.026047 -0.032127 
0.868909 0.278887 -0.032043 
-0.889287 -0.246403 -0.032127 
-0.876863 -0.376933 0.015552 
0.948366 0.104628 -0.032102 
0.768401 -0.423976 -0.021939 
0.872454 -0.054862 -0.006628 
0.946831 -0.069448 0.020832 
0.863877 0.454051 -0.018235 
-0.107836 0.938827 0.019319 
-0.864052 -0.168318 -0.021963 
0.902142 -0.388232 -0.014841 
0.616223 -0.768929 -0.011541 
-0.566954 0.730230 -0.032127 
0.704062 -0.659493 0.030990 
-0.426385 0.806815 0.008963 
-0.510279 -0.846601 -0.027465 
0.728414 -0.552612 0.012276 
-0.875406 0.364383 0.017204 
0.766127 0.391676 0.019943 
-0.396760 0.775949 -0.004806 
-0.477016 0.787321 0.006206 
-0.517377 0.790275 -0.032118 
0.936049 0.315106 0.018418 
0.644698 0.694243 0.027118 
-0.452039 0.803977 0.005942 
0.883046 0.077443 -0.032045 
0.596003 -0.647006 -0.002915 
-0.858416 0.136297 0.028634 
0.568775 -0.798463 -0.031785 
-0.983080 0.051677 -0.002573 
0.907330 -0.241378 -0.032127 
-0.629268 0.609901 -0.030439 
0.844578 0.173520 0.012298 
0.828007 0.272108 -0.015171 
0.620872 -0.726190 -0.032127 
0.617707 0.618828 0.030919 
0.455423 0.740056 -0.019490 
-0.974577 0.121646 -0.029491 
0.025780 0.945879 0.023361 
-0.612576 0.775467 0.025766 
0.476266 0.849959 -0.014584 
-0.937269 0.166816 0.021392 
-0.065041 0.891653 -0.032127 
0.668110 0.709582 -0.012619 
0.723902 0.482853 -0.013524 
0.785364 -0.592613 -0.010188 
0.490676 -0.868119 0.012590 
0.381662 0.869683 0.029572 
-0.973912 -0.150429 0.030894 
-0.802972 -0.410433 0.030888 
0.045274 0.976626 0.031002 
-0.117808 0.920608 0.006524 
0.635517 -0.596218 0.029343 
-0.861147 -0.263874 0.030888 
0.482297 -0.737222 -0.005472 
0.090455 -0.972991 0.030872 
-0.277181 0.907068 0.026801 
0.744948 0.645503 0.009020 
0.540313 0.732514 0.008985 
0.691474 -0.545486 0.030937 
0.852731 -0.198245 -0.006353 
0.163085 0.962100 -0.000058 
-0.347141 0.843442 -0.032080 
0.978045 0.034970 -0.005686 
-0.819366 -0.295223 0.010440 
-0.842125 0.205835 0.025341 
-0.811467 0.363471 -0.032127 
-0.147770 -0.950257 0.027171 
0.253775 -0.961713 0.003539 
-0.784916 0.588090 0.030890 
-0.537381 0.775550 0.013996 
0.828293 0.291515 0.030927 
0.531555 0.688016 -0.012604 
0.872859 -0.387718 0.027654 
-0.201977 0.941233 -0.032127 
0.873270 0.017539 -0.012686 
-0.627153 -0.607338 0.023153 
0.154027 -0.949092 0.027395 
0.395410 -0.858611 -0.032127 
0.329646 0.916797 -0.014824 
-0.369187 0.907258 0.030891 
-0.647108 -0.749526 0.030888 
0.836760 0.215634 0.004520 
0.542572 0.712493 -0.032127 
0.731196 -0.550603 -0.032127 
-0.958700 -0.123096 -0.032127 
0.476273 -0.764008 -0.032127 
0.932697 -0.305031 -0.014930 
0.800454 -0.523098 -0.032127 
-0.711398 0.511633 -0.028878 
0.898943 -0.036691 -0.032127 
0.855230 -0.140716 0.029104 
-0.578798 -0.801926 -0.006257 
0.008625 0.983547 0.028366 
-0.589728 -0.708075 -0.032127 
-0.803599 -0.434236 0.021765 
-0.442090 -0.766430 -0.027853 
0.788784 0.454897 0.010786 
-0.265836 0.867873 0.011486 
0.544445 0.664224 0.023121 
-0.502324 0.838269 -0.015696 
0.865938 -0.245481 -0.032127 
0.859307 -0.487473 0.002709 
0.296771 -0.905456 0.013346 
-0.074680 0.944835 0.027631 
-0.947819 0.202630 0.030965 
0.713127 -0.678541 -0.016118 
0.553454 -0.722852 0.019910 
-0.441228 -0.754447 0.026521 
-0.383581 0.832130 0.007137 
0.900494 -0.274970 -0.032127 
0.404940 0.864036 -0.032127 
0.750688 0.456985 -0.032127 
0.216784 -0.964775 0.030889 
-0.311559 0.935997 0.018540 
0.091295 -0.908467 0.020801 
0.311756 -0.814079 0.010422 
0.358922 -0.796055 0.005077 
-0.034023 0.882635 -0.032127 
-0.113738 0.966748 0.031004 
-0.912013 0.287705 -0.032127 
-0.923852 0.355370 0.004815 
0.299004 0.815736 -0.019632 
-0.957088 -0.236698 -0.015751 
-0.920880 0.199844 0.009089 
0.255001 -0.873916 -0.032127 
0.919683 0.329343 -0.006905 
0.825677 0.245251 0.023339 
0.900755 -0.175072 0.007942 
0.973011 0.102197 -0.003280 
-0.965894 0.229043 0.026221 
-0.798268 -0.509514 -0.032127 
-0.371195 -0.822565 0.030894 
-0.139182 -0.894650 0.030878 
0.258372 0.896325 -0.032127 
0.951502 0.056048 -0.032100 
-0.762930 -0.644378 0.016735 
0.031279 -0.874820 0.005004 
0.577905 0.751434 0.028340 
-0.942095 0.277485 -0.016841 
0.146273 -0.882486 0.030929 
-0.968664 0.127230 0.030871 
0.469860 -0.821255 0.009145 
-0.030597 0.932236 -0.032127 
0.922182 -0.044989 -0.032127 
-0.807010 0.385687 0.030893 
-0.904922 0.157199 -0.032127 
0.892161 -0.008216 0.030970 
-0.765425 0.612604 0.030889 
-0.427809 0.877995 -0.007688 
0.304612 0.902741 0.030880 
0.527409 -0.695615 0.029581 
-0.825764 -0.474032 0.012901 
0.672506 -0.690481 0.030899 
-0.831185 0.493280 0.030967 
0.941303 0.063932 0.012999 
-0.915885 -0.291474 -0.032127 
-0.742488 0.443415 0.021945 
-0.917036 -0.206191 0.006848 
0.700661 0.578349 -0.032127 
-0.760013 -0.583515 0.020268 
-0.270254 0.944643 0.030061 
-0.781167 0.398177 0.030982 
