-0.035121 0.647478 0.006855 
0.038220 -0.992103 0.119458 
0.979641 -0.126600 0.104682 
-0.966593 -0.212705 0.083816 
-0.808451 0.558280 0.127669 
0.750918 0.636455 0.057906 
0.621704 -0.685986 -0.148877 
-0.534152 -0.708399 -0.153666 
-0.655806 0.148560 -0.130182 
0.676527 0.178030 -0.153891 
-0.474785 0.798563 -0.137872 
0.353709 0.912927 0.129557 
0.260884 -0.576918 0.135737 
-0.532598 -0.346873 0.139337 
0.562870 -0.262691 0.056234 
-0.172485 -0.601042 0.069962 
0.371090 0.556793 -0.134983 
-0.400382 0.473864 0.129006 
-0.963088 0.183403 0.134457 
0.929981 0.265399 0.143846 
0.275269 -0.851969 -0.153641 
0.850484 -0.505629 0.118391 
-0.229213 0.950803 0.131210 
-0.380006 -0.912265 0.129133 
-0.807046 -0.455046 -0.147446 
0.535999 0.339063 0.142696 
-0.726656 -0.641050 0.145241 
0.486058 -0.846309 0.142446 
-0.142298 -0.867278 -0.153693 
0.117494 0.917712 -0.141348 
-0.633575 0.497092 -0.154222 
0.835178 -0.287009 -0.154222 
-0.648174 -0.034276 0.146377 
0.626132 0.036045 0.135690 
-0.661878 -0.165658 -0.144735 
-0.932375 0.007465 -0.138872 
0.243896 0.625405 0.137758 
-0.574863 0.758604 0.146961 
-0.181653 0.858959 -0.154222 
-0.616561 0.258200 0.142631 
0.826333 0.427935 -0.135166 
0.059373 0.940213 0.146487 
0.068753 -0.671256 -0.069785 
-0.871256 0.339730 -0.127821 
0.935837 0.048833 -0.117094 
0.360735 -0.570755 -0.126759 
0.525468 0.772043 -0.053135 
-0.290243 0.598778 -0.094278 
-0.515712 -0.436768 -0.129500 
0.664109 -0.086014 -0.115378 
0.604323 -0.421735 -0.154222 
-0.429188 -0.598936 0.050545 
0.673463 -0.679826 0.146730 
0.580899 0.413495 -0.154222 
-0.284728 -0.666702 -0.154170 
0.489488 -0.516155 0.074739 
-0.824742 -0.419034 0.120442 
0.285708 -0.950518 0.067712 
-0.894125 -0.236041 -0.147932 
0.138003 0.663912 -0.147157 
0.534218 0.555376 0.030280 
-0.581609 -0.804302 0.070368 
0.319140 0.813999 -0.154145 
0.066981 -0.940697 -0.098450 
0.735945 0.302107 0.027100 
-0.210356 0.626468 0.145124 
-0.181068 -0.975070 0.037842 
0.663800 0.628817 -0.146780 
-0.367102 0.793537 0.052818 
-0.805392 0.071680 0.027000 
-0.348644 -0.876593 -0.084387 
0.056270 -0.657372 0.146928 
0.152804 0.788629 0.027015 
0.796048 -0.500202 -0.104166 
0.833980 -0.300946 0.058430 
0.328761 -0.747318 0.027218 
-0.614528 0.583094 0.036195 
0.824551 0.450336 0.144752 
-0.051203 -0.812926 0.027057 
-0.778292 -0.145611 0.027578 
0.809896 -0.035878 0.027192 
-0.836279 0.356183 0.090757 
0.599420 0.743628 0.146720 
-0.540437 0.384264 -0.000567 
-0.707528 -0.622654 -0.056376 
-0.988883 -0.012116 0.076460 
0.473145 -0.814618 -0.102809 
-0.067163 0.933237 -0.009426 
0.971007 0.068702 0.140745 
0.870743 0.238023 -0.154222 
-0.656763 -0.442168 0.027789 
-0.593590 -0.195298 0.033833 
0.661386 -0.434785 0.027633 
0.360218 0.728688 0.027568 
0.928641 -0.136122 -0.085886 
0.391807 0.476221 0.122882 
-0.030251 0.749036 -0.153649 
-0.794034 0.496161 -0.058979 
-0.296395 -0.737382 0.027617 
-0.099998 -0.682470 -0.148204 
-0.449305 0.523257 -0.152221 
-0.186550 0.765617 0.027424 
-0.642175 0.677862 -0.125954 
0.839888 0.142970 0.037583 
-0.921255 0.179281 -0.060669 
0.595107 0.179589 0.030564 
0.130460 -0.833330 0.031922 
0.658722 -0.137698 0.140835 
-0.629118 0.320098 -0.154209 
0.518318 -0.684929 0.038535 
-0.672692 -0.344024 -0.154222 
-0.425093 0.619878 0.037087 
0.071244 0.625500 0.140920 
-0.756238 -0.021614 -0.154222 
0.216774 0.955082 0.034213 
0.622199 -0.251596 -0.110875 
-0.612428 0.116197 0.031451 
0.679670 0.459261 0.028528 
0.896323 0.369663 0.017914 
-0.746494 0.231347 0.028925 
0.769729 0.034664 -0.154222 
0.745176 -0.607844 0.009663 
0.215302 -0.698763 -0.153864 
-0.431229 -0.581656 -0.154172 
-0.871597 -0.356210 -0.019904 
-0.321479 0.753222 -0.154088 
0.525630 -0.559707 -0.153988 
-0.258406 0.897781 -0.019829 
0.257345 0.613335 -0.018154 
-0.426258 -0.461336 0.129054 
-0.669930 -0.028472 -0.023936 
0.539974 -0.388127 0.145816 
-0.691335 0.404216 0.026788 
0.044546 -0.797765 -0.154222 
-0.818775 -0.559645 0.052665 
-0.562493 0.747666 -0.014330 
0.425172 0.703447 -0.153980 
0.196795 -0.628443 0.006966 
-0.802221 0.197412 -0.153839 
0.523923 0.569231 -0.154222 
-0.709371 0.673689 0.132890 
-0.138370 0.650269 -0.104749 
0.505711 0.843070 0.081412 
0.575586 0.335206 -0.003052 
-0.740571 -0.300257 0.027182 
-0.304113 -0.546904 0.121509 
0.664841 0.069574 -0.052072 
-0.668243 -0.508553 -0.154222 
0.373373 -0.717173 -0.153876 
-0.591827 -0.588105 0.029759 
0.352906 -0.531426 0.019624 
0.005569 0.797169 0.026840 
-0.514169 0.376053 0.144236 
-0.934644 -0.099189 -0.038140 
0.525278 -0.419670 -0.029783 
-0.040761 0.899139 -0.153801 
-0.443815 -0.743524 0.041113 
0.419867 -0.880738 0.017621 
0.748887 -0.186523 0.031516 
0.708626 0.345114 -0.154222 
-0.580351 -0.340546 -0.040455 
-0.502918 0.656142 -0.153783 
0.109241 0.655800 -0.003804 
0.816549 0.498535 0.010321 
0.284024 0.675384 -0.153705 
-0.087119 0.958372 0.144256 
-0.071665 -0.940979 -0.055444 
-0.609829 0.256232 0.001115 
-0.037341 -0.625916 0.035769 
0.168203 -0.943689 0.146195 
-0.498381 0.848809 0.070325 
0.484907 0.456135 -0.061100 
0.620836 -0.059653 0.030824 
0.361664 0.861102 -0.018140 
-0.189682 -0.832136 0.035249 
-0.085066 -0.927498 0.129580 
0.807094 -0.132971 -0.153688 
-0.294867 0.543915 0.033275 
0.614026 -0.566971 0.030228 
-0.308749 -0.600123 -0.018541 
0.652035 -0.724411 0.017437 
0.069173 0.948374 0.007992 
0.848280 -0.428875 0.001782 
-0.072798 0.629483 0.142667 
0.952001 -0.013271 0.004589 
-0.365482 0.901478 0.138016 
0.676257 -0.545889 -0.153717 
-0.470704 -0.816916 -0.097806 
0.372752 0.544084 0.000089 
-0.243021 -0.904658 0.136709 
0.634412 0.686338 -0.028124 
-0.529029 0.410081 -0.132387 
0.936249 -0.267996 0.139732 
0.688906 0.497706 -0.154222 
-0.930541 -0.338007 0.109667 
-0.181904 0.610879 0.014066 
0.187950 0.795999 -0.153970 
0.972104 0.148432 0.032714 
-0.740544 0.616656 0.014414 
-0.443619 0.497361 -0.007571 
0.215235 -0.919137 -0.038999 
0.936361 -0.231960 0.013072 
0.555431 -0.812626 0.027868 
-0.250562 -0.793664 -0.153837 
-0.453678 -0.498319 -0.028807 
-0.687737 -0.714967 0.045322 
-0.942258 0.294380 0.047110 
-0.862891 -0.101121 -0.154222 
0.696639 -0.304693 0.035617 
0.495562 0.678556 0.033967 
-0.473059 -0.868220 0.031433 
0.381283 -0.534740 0.147347 
-0.724245 0.406988 -0.154002 
-0.363700 0.859990 -0.081575 
0.711005 0.107612 0.060709 
-0.308294 0.670774 0.043834 
0.617880 0.230843 0.145049 
0.751241 -0.392096 -0.154039 
0.737114 -0.561933 0.127670 
0.606217 0.278133 -0.120955 
-0.095989 -0.673863 0.138865 
0.230003 0.904390 -0.086214 
0.905570 0.242464 -0.018292 
0.740316 0.571170 -0.065397 
-0.534013 -0.480068 0.067198 
-0.566990 -0.582667 -0.153908 
-0.728086 0.586498 -0.126773 
-0.381318 -0.750547 -0.153808 
-0.754006 -0.250132 -0.154222 
-0.622794 -0.242467 0.144903 
-0.607352 -0.721933 -0.049038 
-0.869423 -0.036417 0.046348 
-0.940927 0.067593 -0.005162 
-0.298535 -0.939347 0.025901 
0.571607 -0.757824 0.145869 
0.126119 -0.982993 0.034221 
-0.865302 0.200835 0.061689 
-0.853028 -0.250227 0.059880 
-0.861624 0.477757 0.040837 
-0.660342 0.110089 0.142571 
-0.474418 -0.834309 0.147326 
0.155292 -0.865439 -0.153901 
-0.140897 -0.660022 -0.030407 
0.573071 0.708049 -0.152176 
-0.234141 -0.913885 -0.085262 
0.358807 -0.852945 0.117401 
0.177663 0.919196 0.143384 
-0.325801 0.572713 0.145665 
0.901058 -0.397506 0.130222 
0.274386 0.847094 0.068586 
0.429948 0.828077 -0.110177 
0.551203 0.436368 0.076554 
0.443211 -0.506772 -0.072112 
0.490024 -0.700815 -0.153764 
0.256905 -0.838812 0.048070 
0.134299 -0.709436 0.063690 
-0.702537 -0.553718 0.063796 
0.029137 -0.891365 0.059515 
-0.880752 0.110946 -0.154222 
0.873743 -0.137070 0.057281 
-0.778640 -0.530648 -0.053593 
-0.867956 -0.348721 -0.137061 
-0.670086 0.717760 0.033637 
0.646724 0.645784 0.108086 
0.651620 -0.158498 -0.023559 
0.443793 -0.770117 0.057790 
0.879504 -0.330701 -0.047325 
0.350320 0.582389 0.126484 
-0.388941 0.657242 -0.153798 
0.745098 0.558189 0.140331 
-0.627246 -0.332805 0.075832 
0.707307 -0.189745 -0.154222 
-0.934805 -0.087139 0.142618 
0.826234 0.133751 -0.154222 
-0.911138 -0.233999 -0.036077 
0.237117 0.713834 0.036390 
-0.920354 0.079352 0.125780 
-0.684411 -0.146356 0.090136 
-0.542495 0.483619 0.052776 
0.860633 -0.033828 -0.153875 
0.378419 -0.637503 0.047092 
0.601526 0.773929 0.033300 
-0.365423 0.904253 0.026277 
-0.711900 0.015149 0.069664 
-0.166764 0.745830 -0.154222 
0.906229 0.373181 0.132538 
-0.542041 -0.692936 0.050478 
-0.127197 0.864022 0.052631 
-0.033284 -0.884700 -0.153673 
-0.626283 -0.244110 -0.067729 
-0.625057 -0.689618 0.131781 
0.763770 -0.461329 0.063435 
0.924515 0.150817 -0.078989 
0.180095 0.587393 0.054844 
0.927094 -0.035857 0.134438 
0.843499 0.287616 0.066438 
-0.154106 0.970529 0.044544 
-0.273344 0.856609 0.079673 
0.079385 0.793079 -0.153905 
-0.366563 -0.816350 0.062936 
-0.476469 0.723852 0.046923 
-0.010651 0.894575 0.074221 
0.346343 -0.877112 -0.076248 
-0.836696 -0.461368 0.005441 
-0.460100 0.812772 -0.031911 
-0.719975 0.504058 0.054891 
0.761692 0.251558 -0.154222 
0.886985 0.049696 0.062326 
0.561979 -0.755885 -0.089631 
0.285487 -0.610616 -0.061573 
-0.601607 0.354556 0.086016 
0.587547 -0.325334 -0.027137 
-0.012563 -0.985504 0.025545 
-0.195476 -0.704438 0.055353 
-0.655422 -0.146034 -0.038063 
0.799235 0.384110 0.062835 
0.170525 -0.631213 0.146613 
-0.108322 0.704184 0.063779 
-0.282751 -0.645046 0.087951 
-0.905258 0.271112 0.145001 
-0.148001 0.921767 -0.075896 
0.409366 0.823731 0.126953 
-0.853240 0.444397 0.144860 
-0.578481 0.683886 0.073544 
-0.501963 -0.370783 0.042002 
-0.668568 0.049256 -0.093797 
-0.732933 0.275620 -0.153972 
-0.001002 0.689758 0.096794 
0.038189 -0.760817 0.036613 
0.452667 0.422683 0.031721 
0.611305 -0.248081 0.146737 
0.849796 -0.399682 -0.123037 
-0.616997 -0.074665 0.052049 
0.869524 0.345611 -0.089914 
-0.776890 0.097247 -0.154222 
0.461095 -0.418300 0.057918 
0.091277 -0.618168 0.044556 
-0.965772 0.190224 0.032071 
-0.582967 0.592250 -0.154222 
0.508140 -0.443343 -0.127837 
-0.897893 0.235089 -0.142767 
-0.826985 0.432809 -0.131774 
-0.790741 -0.530144 0.145908 
-0.875018 -0.140670 0.057662 
0.821255 -0.543576 0.028542 
0.697800 -0.027168 0.088227 
0.397619 0.634056 0.038322 
-0.352028 -0.522935 0.029247 
0.668189 -0.335616 -0.153731 
0.909327 -0.232060 -0.114732 
-0.518388 -0.789659 -0.011251 
0.020795 0.664215 -0.074636 
0.470371 0.416231 0.139394 
0.673584 -0.657741 -0.068098 
-0.662619 -0.610996 -0.154222 
0.967445 0.168483 0.130223 
-0.043870 -0.673616 -0.066771 
0.652938 0.553778 0.040473 
0.112098 0.888598 0.076084 
-0.270872 0.891975 -0.128092 
0.672948 0.018888 -0.136220 
0.709203 0.209044 0.044476 
-0.761074 -0.395678 0.038190 
-0.754301 -0.642958 0.042314 
0.223091 -0.737628 0.033163 
0.658936 0.129022 0.140430 
0.270987 0.551518 0.055943 
-0.337236 -0.584170 -0.110222 
0.390155 -0.817023 -0.153578 
-0.152530 -0.770521 -0.153984 
0.286303 -0.665252 0.061314 
-0.052711 -0.722681 0.061753 
-0.616510 -0.422287 -0.154222 
-0.759087 -0.117637 -0.154222 
-0.680693 0.307983 0.040175 
-0.703500 0.142347 0.063104 
-0.247513 0.660940 -0.153660 
0.577114 -0.479030 0.040956 
-0.884062 0.313042 -0.036605 
0.145985 0.682853 0.080489 
-0.898849 0.386240 0.025008 
0.310991 0.932733 0.046375 
0.134184 -0.764896 -0.154176 
-0.456543 0.417246 0.042242 
-0.222680 -0.637008 -0.072767 
0.443808 0.541980 0.078529 
-0.983443 -0.105179 0.060436 
0.604683 -0.361139 0.082496 
0.622432 0.047002 0.029165 
-0.752448 -0.549672 -0.143918 
0.597676 -0.166728 0.075155 
-0.669426 -0.041294 -0.119624 
0.934821 0.076376 -0.018155 
-0.776982 -0.040916 0.029860 
0.472312 0.491096 -0.148428 
-0.647333 0.169042 -0.039113 
0.781574 0.053317 0.028540 
0.733493 -0.589744 -0.091233 
0.639340 0.192694 -0.050634 
0.309101 -0.643561 -0.153805 
0.958328 -0.122218 0.014138 
0.617479 0.311110 0.097843 
-0.369917 -0.680726 0.031919 
0.914166 -0.365884 0.031187 
-0.588320 0.192296 0.078679 
-0.441635 0.815160 0.135456 
-0.910446 -0.254392 0.144542 
0.184382 0.638477 -0.071190 
-0.013665 0.982965 0.047166 
-0.192747 -0.675333 -0.153111 
0.603011 -0.657959 0.062455 
-0.372945 0.551525 -0.030547 
-0.768426 -0.340904 -0.154222 
0.187786 -0.647773 -0.082352 
-0.035434 -0.747490 -0.154099 
0.428553 0.883816 0.040381 
0.256562 -0.569434 0.043707 
-0.620270 0.015873 0.070832 
-0.515611 0.625210 0.027350 
0.423801 -0.630634 -0.154059 
0.062382 -0.705026 -0.154168 
-0.773547 0.325190 0.032580 
0.685043 0.706245 0.051933 
-0.847299 0.399311 -0.049724 
-0.926113 -0.156728 -0.117283 
0.668929 -0.020293 -0.039835 
0.936194 -0.047167 -0.102203 
-0.544049 0.736923 -0.150213 
0.493152 0.775425 -0.148224 
0.824717 0.538519 0.102054 
0.757671 -0.376022 0.033834 
0.078007 0.739561 0.040248 
-0.782517 0.442734 0.076627 
0.441719 0.614832 -0.153779 
0.032626 0.613496 0.055586 
0.263192 -0.907633 0.143660 
-0.539660 0.496818 -0.154222 
0.441402 0.768081 0.063788 
0.743492 -0.095388 0.039851 
0.625292 -0.243214 -0.008264 
0.513817 0.767500 0.133151 
0.746759 -0.271011 -0.154222 
-0.442616 -0.684895 -0.153889 
0.598907 0.501452 -0.154222 
-0.713868 0.584304 0.126021 
-0.939342 -0.291061 0.027207 
0.044992 0.932168 -0.076828 
-0.210236 0.685331 0.059521 
-0.370327 0.562342 -0.140799 
-0.560364 -0.270911 0.066118 
-0.581468 0.328295 -0.055646 
-0.814319 0.552561 0.037013 
0.653113 0.375188 0.036773 
0.551852 0.373350 -0.079333 
-0.514501 -0.435017 -0.041031 
0.673273 -0.212562 0.078529 
-0.199395 -0.654462 0.134960 
-0.604227 -0.156386 0.125767 
-0.761911 -0.478055 0.069948 
-0.163907 -0.904025 0.097653 
0.302400 0.592564 -0.091114 
0.138597 0.973038 0.070618 
0.462629 -0.616166 0.032777 
-0.899817 -0.413168 0.043406 
0.758619 0.473124 0.071536 
0.578570 -0.342956 -0.124628 
-0.131915 -0.765864 0.031242 
-0.273373 0.749735 0.026803 
-0.401099 -0.561080 0.124709 
-0.544887 -0.778731 0.145942 
-0.462529 0.540643 0.066414 
0.936586 0.307927 0.065581 
-0.276713 -0.827034 0.044746 
-0.737758 0.503701 -0.153720 
-0.633006 -0.691575 -0.137547 
-0.386290 0.816769 -0.153889 
0.878415 0.446124 0.055531 
-0.657569 -0.258420 -0.154222 
-0.547083 0.287433 0.094247 
-0.606546 0.775748 0.067995 
0.040471 0.694412 -0.153590 
0.695141 0.626121 -0.013370 
-0.846595 -0.336521 0.087805 
-0.671910 0.651304 -0.025497 
-0.687925 -0.237946 0.056021 
-0.448652 -0.502965 -0.115012 
0.399758 -0.477992 0.070021 
-0.380239 -0.911353 0.028567 
-0.212843 0.630382 -0.064208 
0.503149 0.355245 0.050784 
-0.415298 -0.465991 0.043382 
0.515197 -0.354145 0.037929 
0.103187 -0.913229 0.098513 
0.673243 -0.615322 0.088244 
0.252413 0.949760 0.113645 
0.877634 -0.219932 0.079971 
0.278955 -0.766094 -0.153889 
0.986169 0.042841 0.059746 
-0.624352 0.479986 0.027588 
0.774241 -0.050717 -0.153996 
-0.287117 0.940228 0.068531 
-0.943066 -0.020502 -0.006032 
-0.135625 0.599776 0.084854 
-0.839908 -0.005281 -0.154222 
0.460082 -0.439418 0.140456 
-0.842139 -0.420973 -0.069293 
0.563431 0.251289 0.070547 
-0.104125 0.803292 -0.153578 
0.163356 0.919636 -0.021537 
-0.222598 0.573192 0.080411 
-0.255390 0.813034 -0.154075 
0.476699 -0.813667 -0.018387 
0.806673 0.348143 -0.154222 
-0.486660 0.455670 -0.075528 
-0.628587 0.227609 -0.119565 
-0.576118 -0.350252 -0.124002 
0.752231 -0.644086 0.117124 
-0.374458 -0.834237 -0.153583 
0.202027 -0.972364 0.068056 
-0.159687 -0.930556 -0.050703 
-0.054438 0.669978 -0.140330 
0.798119 0.487437 -0.070568 
-0.426501 0.732007 -0.154057 
0.282927 0.889295 -0.020581 
-0.407040 -0.851634 -0.029916 
-0.911738 0.376089 0.120677 
0.193463 0.870582 0.070925 
0.341465 -0.909241 0.014946 
-0.543891 -0.769963 -0.098222 
0.881651 0.199471 0.082549 
-0.360157 0.499406 0.059935 
0.330074 0.872872 -0.096122 
0.156875 -0.930248 -0.101554 
-0.940126 -0.003137 0.143258 
0.288997 0.644401 0.070591 
0.856976 0.048932 -0.154222 
-0.510589 -0.603911 0.028180 
0.447927 0.820049 -0.029968 
-0.099747 0.790791 0.026842 
-0.652669 0.735423 0.122917 
0.883765 -0.053059 0.059071 
0.729640 0.106500 -0.154222 
-0.468652 -0.526579 0.085131 
-0.103817 -0.987600 0.062831 
-0.725994 -0.443563 -0.154222 
-0.932974 0.100566 -0.080416 
-0.492738 0.475219 0.116890 
-0.148729 0.907847 0.126711 
0.050447 -0.879124 -0.154165 
-0.385189 0.691649 0.027240 
0.556358 -0.308627 0.141459 
0.720106 -0.467166 -0.154222 
0.074786 -0.941288 -0.012660 
0.413273 0.521290 -0.075581 
-0.985007 0.079102 0.061845 
0.340864 -0.603929 0.110520 
-0.022500 -0.640209 0.141526 
0.913877 -0.168879 0.131038 
-0.665822 0.072457 -0.010488 
0.595188 -0.609903 -0.154222 
-0.606071 0.418010 -0.154138 
-0.270317 -0.871560 -0.153589 
0.873445 -0.317590 0.132875 
0.500472 0.673781 -0.154034 
-0.245602 -0.574509 0.050136 
0.892026 -0.113556 -0.153615 
0.772193 -0.538770 -0.034736 
-0.565327 -0.408182 0.099324 
0.748335 0.443899 -0.154222 
0.617183 -0.055747 0.110723 
0.707047 -0.694814 0.067135 
0.617154 -0.775980 0.067272 
-0.087260 -0.888379 0.060302 
-0.956342 -0.169912 0.017498 
0.017474 -0.701634 0.092560 
-0.193797 -0.971102 0.127966 
0.443671 -0.487719 0.005217 
-0.600936 -0.498617 0.029914 
-0.520003 0.776237 -0.074203 
0.366727 0.805788 0.063261 
-0.779748 -0.224285 0.027049 
0.359525 0.653351 -0.153744 
0.796406 0.574767 0.038339 
0.388163 0.776459 -0.154125 
0.268628 -0.903681 -0.094970 
0.906336 0.126904 0.103973 
-0.517838 -0.521543 -0.154137 
0.625613 0.349084 -0.154222 
-0.878348 0.041111 0.053391 
-0.855932 -0.500672 0.114164 
0.200990 -0.884675 0.077860 
-0.503451 -0.454609 0.139581 
0.558061 0.700646 0.075368 
0.816470 -0.421197 0.104794 
-0.645997 0.633467 0.086880 
-0.912327 -0.160830 0.130068 
-0.593915 0.721854 -0.080931 
-0.721553 0.198669 -0.154080 
-0.086303 -0.937211 -0.132129 
-0.285058 0.898601 0.144494 
0.832489 0.428320 -0.018494 
-0.035323 0.932865 -0.080112 
0.418419 -0.899845 0.101393 
-0.426828 0.886236 0.069644 
0.605188 -0.515528 -0.154057 
0.368204 -0.807140 0.056058 
-0.772802 0.611401 0.084243 
0.762795 0.536374 -0.130231 
0.684598 -0.507672 0.035822 
-0.934190 -0.069139 -0.133232 
0.192965 0.888602 -0.151643 
0.520675 0.412380 -0.002308 
0.510159 -0.761240 0.095258 
-0.066579 0.661414 -0.065118 
0.171130 0.601645 0.137739 
0.503051 -0.855281 0.063800 
-0.662662 -0.633622 0.095757 
0.032400 0.876993 -0.154155 
-0.592114 -0.501852 -0.154222 
0.858044 -0.191450 -0.154222 
0.398360 0.476249 0.028818 
-0.784314 -0.607630 0.102864 
0.681577 0.273884 -0.154222 
-0.273549 0.631004 0.102819 
0.615368 0.258157 -0.020150 
0.571700 0.628417 -0.154222 
-0.506890 0.351912 0.072597 
-0.073842 -0.813003 -0.153888 
-0.554828 0.415880 0.093985 
0.252684 0.756339 -0.153906 
0.645660 -0.180541 -0.098730 
0.809289 -0.232055 0.032785 
-0.516789 0.823387 0.139151 
0.904361 0.144057 -0.151559 
-0.759456 -0.578058 0.003891 
-0.782163 0.332929 -0.153763 
-0.913734 0.230120 -0.005339 
0.450172 -0.558610 -0.153967 
0.794695 -0.591404 0.080520 
0.214240 -0.674874 0.080917 
-0.177396 0.920307 -0.006634 
-0.350761 0.614469 0.069933 
0.353348 -0.573991 -0.042193 
-0.699717 -0.057278 0.085078 
-0.892942 0.133137 0.078293 
0.291915 0.764310 0.028433 
0.556615 0.626707 0.033312 
-0.242468 0.735582 -0.153834 
0.543028 -0.590177 0.027046 
-0.647544 0.183657 0.139645 
-0.617688 -0.764874 0.136717 
-0.826929 0.262821 0.045627 
0.440696 -0.756771 -0.154142 
-0.846297 -0.179197 -0.154222 
-0.007497 -0.943148 -0.096594 
-0.199784 0.847250 0.050156 
-0.661419 -0.673925 -0.011040 
0.137626 -0.660409 -0.028710 
0.889209 -0.434653 0.066749 
-0.109360 0.648433 0.001278 
0.416695 -0.845615 -0.065747 
0.640394 -0.292048 0.082447 
0.120124 -0.664273 -0.122838 
0.029449 -0.648128 0.013052 
0.068382 0.835556 0.033515 
0.659845 0.111872 -0.125478 
0.694088 0.587237 0.095534 
0.604201 0.499762 0.027903 
-0.535919 0.808016 0.018811 
-0.383202 -0.554927 -0.060481 
0.000550 0.616278 0.122137 
-0.233410 -0.915616 -0.011609 
0.582416 -0.740407 -0.020580 
-0.588309 -0.762082 0.009617 
0.563710 -0.816180 0.100831 
0.520695 -0.633057 -0.154010 
0.688908 -0.618073 -0.148255 
0.969066 -0.196705 0.068317 
-0.453700 0.601998 -0.153746 
-0.643746 0.039004 0.145636 
-0.663319 0.245558 0.073829 
-0.394558 -0.840833 0.125711 
0.323049 -0.533810 0.101213 
0.819648 0.225499 0.036913 
-0.679733 -0.359553 0.033082 
0.941635 -0.302329 0.053375 
0.724866 0.379739 0.028134 
0.631042 0.688241 -0.100393 
-0.595099 -0.310595 0.142641 
0.550589 -0.433225 0.090429 
0.955684 0.223276 0.029715 
0.173868 -0.599494 0.082112 
-0.314824 -0.883461 0.137867 
0.659464 0.251162 0.074431 
-0.002551 -0.676136 -0.125269 
0.604411 0.128835 0.080235 
0.987573 -0.013993 0.103154 
-0.476778 -0.674279 0.028119 
0.217032 -0.906808 -0.144306 
0.342673 0.511210 0.084596 
-0.308669 -0.892000 -0.027295 
0.649453 0.559303 -0.154222 
-0.352121 -0.623421 0.070519 
-0.244318 -0.583484 0.134652 
-0.256138 0.597335 0.006282 
0.333185 -0.920713 0.140540 
0.089468 0.658548 -0.092315 
-0.726979 0.589402 -0.055797 
0.459876 0.487974 0.139487 
-0.956168 0.247867 0.098891 
-0.049725 0.742339 0.040117 
-0.110951 0.889650 -0.153578 
0.910339 0.218646 -0.093323 
-0.668930 0.559327 -0.154222 
-0.051964 0.612664 0.065945 
0.659967 -0.364940 0.038486 
0.005098 0.933819 -0.017788 
0.007914 0.981904 0.122091 
-0.418438 0.518261 -0.072947 
-0.599486 -0.261374 0.008257 
-0.482957 -0.776564 0.089453 
0.765637 0.181389 -0.154222 
-0.208460 -0.642254 -0.004185 
0.663701 -0.089454 -0.026218 
-0.525589 -0.639074 -0.153851 
0.245055 -0.630075 -0.129568 
-0.664248 -0.102012 0.141947 
0.649424 0.144213 -0.001533 
0.190915 -0.805347 -0.153578 
0.195228 -0.807831 0.029015 
0.674718 0.405966 -0.154222 
-0.111109 -0.615375 0.104421 
-0.894186 -0.421761 0.120127 
0.689876 0.696835 0.126183 
-0.455625 0.416772 0.116392 
0.127509 -0.984739 0.108213 
-0.549440 -0.321366 0.020149 
-0.482535 -0.395413 0.110665 
0.877088 0.309514 0.138591 
0.582497 0.376713 0.091559 
0.659674 -0.739745 0.107793 
-0.204217 -0.897521 -0.152329 
0.338210 0.848505 0.109107 
0.832121 -0.438019 -0.068659 
-0.165487 0.664523 0.109548 
-0.466795 -0.749240 -0.153681 
0.501479 0.818232 0.013084 
-0.815440 0.139545 0.029261 
-0.797969 0.484704 0.140622 
0.046347 -0.832244 0.029437 
0.444374 -0.508853 0.140966 
0.262192 0.558444 0.123499 
-0.705396 0.338260 -0.153972 
0.923213 -0.173029 -0.019054 
0.187744 0.727690 -0.153764 
0.060974 -0.991559 0.055152 
0.524802 -0.768224 -0.145468 
0.257408 0.883122 0.127261 
-0.893625 -0.292029 -0.109009 
-0.739726 0.080339 0.042889 
-0.843553 -0.281228 -0.154222 
-0.046055 -0.982778 0.137331 
-0.605605 0.129435 0.098200 
0.496134 0.498617 0.075400 
0.476519 0.591019 0.033773 
0.414161 0.891026 0.106266 
0.616123 -0.712208 -0.086615 
0.885561 0.305686 -0.037564 
-0.214277 0.908957 -0.071280 
0.697792 -0.133505 0.071927 
0.680905 -0.255782 -0.154222 
0.695512 0.624483 -0.087346 
-0.326657 -0.937623 0.096481 
-0.369945 -0.503203 0.109459 
-0.313018 0.587477 -0.028651 
-0.222076 -0.876778 0.074024 
0.901118 -0.266638 -0.032731 
0.041493 -0.623963 0.090308 
-0.252600 -0.960880 0.096895 
-0.507903 0.761815 0.113727 
-0.676010 0.567020 0.057949 
-0.423300 -0.897989 0.080226 
-0.842939 0.271502 -0.153654 
-0.123023 -0.835592 0.032339 
-0.376673 -0.757601 0.032800 
-0.899628 0.199893 0.122122 
0.781619 0.502422 0.138328 
0.005819 -0.943915 -0.031358 
0.118480 0.603002 0.074585 
0.743823 -0.258351 0.028203 
0.715467 0.530776 0.067594 
0.720227 0.587032 -0.136920 
0.870084 0.304054 -0.146406 
-0.316534 -0.785797 -0.153791 
0.043027 0.657972 -0.000027 
-0.938537 0.028268 -0.058452 
-0.869669 -0.363292 0.143790 
-0.026716 -0.919370 0.099425 
0.429746 -0.819918 0.119961 
-0.543518 0.565411 0.027958 
-0.712241 0.084025 -0.154222 
0.258842 0.840779 -0.154162 
-0.902635 -0.080839 0.082047 
0.399775 -0.730149 0.029373 
0.254009 0.616435 -0.128938 
-0.398590 0.845626 -0.027590 
0.596095 -0.703354 0.109610 
0.786987 -0.493216 0.130245 
-0.659654 0.114501 -0.073744 
0.639481 0.747091 0.094736 
-0.215336 -0.772173 0.027164 
0.818173 -0.351258 -0.154222 
-0.258578 0.581859 0.144927 
0.115063 0.725024 -0.153710 
-0.321969 0.829666 -0.154192 
-0.426591 0.765724 0.054404 
0.798667 -0.455027 -0.151535 
-0.981123 0.104755 0.121963 
-0.804098 -0.286970 0.036584 
0.821418 -0.363996 0.070806 
-0.075557 0.980082 0.068126 
0.557637 -0.697869 -0.154197 
-0.113271 0.695021 -0.153946 
0.716861 -0.088616 -0.153895 
-0.499334 0.438922 -0.002128 
0.120512 0.969336 0.133294 
0.876001 -0.331538 -0.129553 
-0.129867 -0.983278 0.123349 
0.761491 -0.547981 -0.132668 
0.074292 0.692108 0.084665 
-0.283545 -0.612121 -0.077335 
-0.690261 -0.093358 -0.152627 
-0.746591 -0.185531 -0.154222 
-0.349750 -0.666205 -0.154085 
0.535803 0.478653 -0.154222 
-0.977308 -0.151818 0.105188 
-0.110977 -0.630078 0.018649 
0.298313 -0.894514 -0.036618 
-0.582070 0.328546 0.141875 
-0.543454 -0.398153 -0.085744 
0.075382 0.979848 0.081957 
-0.039866 0.918126 0.126716 
-0.726395 -0.675568 0.090452 
-0.427223 0.878944 0.133682 
-0.349263 0.845316 0.110931 
-0.817139 0.462956 -0.008916 
-0.728646 -0.187209 0.039541 
-0.316918 -0.610006 0.129732 
0.135160 0.832494 -0.154049 
0.142223 0.922290 -0.082308 
-0.167160 0.968150 0.114803 
0.329427 0.577546 -0.034939 
-0.408524 0.464427 0.036683 
-0.904129 0.249040 -0.080568 
-0.689741 -0.496625 0.034445 
-0.947897 0.129628 0.008435 
-0.461785 -0.422887 0.035459 
-0.210735 0.891491 0.116681 
-0.274526 -0.729617 -0.154001 
0.259203 -0.618088 -0.000757 
-0.614997 0.713579 -0.002943 
-0.430249 -0.803715 -0.153591 
-0.811904 -0.477442 -0.063852 
-0.494825 -0.860796 0.093308 
0.984735 -0.054142 0.040553 
0.796998 0.323285 0.041944 
0.926486 0.148093 -0.011431 
-0.443957 0.855007 0.015712 
0.543256 0.402448 0.134208 
0.111806 -0.679625 0.126205 
0.585144 0.319370 -0.077795 
0.914431 -0.106910 0.118247 
0.572590 0.737054 -0.076721 
0.210346 0.813816 0.034335 
-0.938446 -0.038457 -0.066430 
-0.769232 0.540802 -0.005637 
-0.661573 -0.115110 -0.092790 
-0.582660 0.655370 -0.153980 
-0.692970 0.628405 -0.091923 
0.116913 -0.915400 -0.150524 
-0.647186 0.361881 0.043043 
-0.660258 -0.209122 0.106891 
-0.711561 0.680937 0.063292 
-0.864349 0.284308 0.091363 
0.806651 -0.098663 0.027267 
0.772923 0.527732 -0.024168 
0.859497 0.371458 -0.033655 
-0.520378 0.589152 -0.154054 
-0.890440 0.424176 0.086762 
-0.735048 -0.560751 0.116796 
0.510591 0.428044 -0.110748 
-0.622916 -0.389891 0.050990 
-0.619164 -0.140163 0.019813 
0.505378 0.733331 0.068737 
0.348591 -0.868917 -0.137905 
0.560982 0.267856 0.130462 
0.685789 -0.415374 -0.153897 
-0.668182 -0.732627 0.119743 
0.917826 0.032633 0.113426 
0.397097 0.582384 0.072509 
-0.655757 0.624035 -0.153443 
0.789056 0.589016 0.100081 
0.117668 -0.613178 0.103919 
0.154667 -0.931376 -0.039835 
-0.875661 0.325145 0.141035 
0.959973 0.225208 0.107040 
-0.673669 0.450166 -0.154041 
-0.149835 0.614673 0.143057 
-0.658136 -0.674816 -0.083812 
0.633928 0.212691 -0.126080 
-0.139327 -0.660334 -0.091879 
0.696753 -0.644251 -0.000794 
0.246422 -0.949083 0.020494 
0.589997 0.183400 0.104463 
-0.979793 0.018768 0.024163 
0.592599 -0.206234 0.028226 
0.443721 0.711381 0.033393 
-0.537971 0.308383 0.037368 
0.345313 0.712973 -0.153889 
-0.382720 0.562797 0.125340 
0.148848 -0.759682 0.031965 
-0.820305 -0.101167 0.028867 
-0.981658 -0.049481 0.131371 
-0.564788 0.253032 0.042351 
0.936232 -0.069419 -0.045248 
0.836897 0.078871 0.033100 
0.194737 0.654114 0.115637 
0.051283 0.891035 0.071618 
-0.073439 -0.953513 0.004254 
-0.629783 -0.766934 0.068313 
-0.751888 0.535528 0.129447 
0.795520 0.484953 -0.131527 
-0.623712 0.676127 0.124240 
-0.692541 0.088855 0.090091 
-0.312270 0.879508 -0.055591 
-0.257911 0.807654 0.037116 
0.682844 0.052963 0.121809 
-0.577026 0.346280 -0.137075 
0.347601 -0.929375 0.082215 
0.684954 -0.083092 0.107901 
-0.745579 -0.575850 -0.076881 
0.328732 0.597730 -0.149402 
0.201320 0.623274 0.002817 
0.036225 -0.923208 0.110618 
0.599752 -0.189595 0.135712 
0.559429 0.806387 0.124301 
-0.649886 -0.578831 0.044289 
0.483003 -0.468451 -0.047317 
-0.664755 -0.091726 -0.012965 
0.528438 -0.780557 -0.015710 
0.541577 -0.501406 -0.154222 
0.468550 -0.501670 -0.145588 
0.981264 0.105041 0.073732 
0.532455 -0.320903 0.087433 
-0.840122 -0.401831 -0.143619 
-0.759447 0.400066 0.040793 
-0.323400 0.524046 0.110143 
-0.915355 0.177615 -0.137610 
-0.948836 -0.229634 0.020664 
0.376413 0.852615 -0.128872 
0.467946 0.473651 -0.006018 
0.243941 -0.960899 0.123189 
0.465981 0.829134 0.146726 
-0.844651 -0.190466 0.042906 
-0.667494 0.273942 -0.154162 
-0.630894 0.419108 0.035240 
0.314553 0.685759 0.035415 
0.414660 -0.558302 0.103460 
-0.607488 0.278118 -0.095152 
0.838730 0.355001 0.097239 
0.590219 0.724593 -0.014929 
0.540207 -0.400732 -0.084621 
0.797342 -0.192015 -0.154222 
-0.533155 -0.533119 0.039785 
-0.773651 -0.400246 -0.154222 
-0.600350 -0.303856 -0.082826 
-0.952326 -0.270993 0.081677 
0.929260 -0.334887 0.122171 
-0.758732 0.547610 -0.083569 
0.877582 0.258279 0.105205 
0.016334 0.724947 0.052256 
0.854531 -0.494696 0.033427 
-0.459407 -0.826998 -0.008998 
-0.872363 -0.470176 0.065994 
-0.837549 0.519467 0.093576 
0.303318 -0.869960 0.105346 
-0.094363 -0.753788 -0.154064 
0.460476 -0.694202 0.029590 
0.428965 0.531459 -0.149937 
-0.190981 0.639284 -0.129614 
0.531453 0.312468 0.080354 
0.004178 0.930686 -0.131667 
0.739979 0.014437 0.044708 
-0.620228 -0.553919 -0.154222 
-0.490182 -0.585877 -0.154048 
0.551549 0.291107 0.028076 
-0.825386 0.373173 -0.153589 
0.408885 -0.535005 -0.118962 
-0.230229 0.955841 0.070091 
-0.422061 -0.799327 0.073302 
-0.794696 -0.530802 0.005184 
0.276765 0.889892 -0.126905 
-0.810791 0.045980 -0.154222 
-0.612957 -0.101538 0.106194 
0.666928 0.025110 -0.002499 
-0.620382 0.186310 0.010199 
0.676013 -0.140111 -0.150776 
-0.787824 0.473233 -0.149302 
-0.917764 0.137507 0.133849 
-0.717290 -0.606008 -0.133467 
-0.578141 -0.665098 -0.153683 
0.111026 0.667557 0.131660 
-0.855765 0.421981 0.007603 
-0.435949 0.825632 -0.083731 
0.818480 0.265909 -0.154222 
0.726348 -0.328950 -0.154041 
0.177143 -0.958135 0.017021 
-0.856839 0.176528 -0.153690 
0.857826 -0.384946 -0.044908 
0.482728 -0.392759 0.113556 
-0.720927 -0.298272 -0.154222 
-0.912565 -0.017198 0.093872 
0.725887 0.612709 0.146729 
0.274599 -0.768380 0.027192 
-0.984478 -0.050305 0.032897 
0.027360 0.755978 -0.153779 
0.602420 0.647512 0.062147 
0.937047 0.032177 -0.061580 
-0.397205 -0.541877 -0.001752 
0.077746 -0.721350 0.060594 
0.144877 0.732509 0.038718 
-0.296466 -0.553736 0.032024 
-0.418879 -0.844541 -0.114253 
-0.303710 0.647434 -0.154158 
0.319124 0.534401 0.134196 
0.377362 -0.864703 -0.018014 
0.746736 0.144459 0.034352 
0.134481 0.841858 0.039524 
-0.644029 -0.191014 -0.003892 
-0.425976 0.525622 0.133324 
0.755556 0.238570 0.027323 
-0.036087 0.836327 0.033132 
-0.135973 -0.933312 -0.103558 
0.849677 -0.371960 0.128832 
0.668572 -0.564040 0.047737 
-0.372554 0.712561 -0.153999 
0.660991 -0.043384 0.145502 
-0.528882 0.718809 0.069418 
-0.954436 -0.208952 0.139632 
-0.890651 -0.195769 0.090254 
-0.313078 0.894464 0.005344 
-0.579799 -0.740301 -0.131410 
0.611952 -0.143138 0.025094 
0.803808 -0.568257 0.131954 
-0.560484 0.809184 0.072704 
-0.557323 -0.735751 0.110467 
0.854779 0.490174 0.097802 
-0.977538 0.141514 0.078448 
-0.643276 0.678912 -0.066326 
-0.577335 -0.444712 0.056348 
-0.529213 -0.328574 0.072879 
0.668604 -0.028555 -0.105047 
-0.618693 -0.325849 -0.152825 
-0.984051 0.029618 0.127911 
0.652346 0.144591 -0.079544 
-0.929905 0.064261 -0.139071 
0.877274 0.435478 0.129636 
0.914812 0.210639 0.143712 
-0.075841 0.884393 0.065668 
-0.184408 0.689983 -0.154222 
-0.543545 -0.822990 0.027119 
-0.444325 0.669370 -0.153921 
-0.228749 -0.668598 0.083974 
-0.023141 -0.874177 0.046111 
0.190532 0.964279 0.091451 
0.610537 -0.111141 0.119427 
-0.742677 -0.084251 0.041418 
-0.134363 -0.957150 0.011678 
-0.569070 -0.262341 0.129353 
-0.583997 0.635746 0.044666 
-0.628355 -0.718222 0.003139 
-0.198769 -0.738327 -0.154049 
-0.214897 0.901633 -0.138496 
-0.481582 0.743688 -0.154178 
-0.800197 -0.217951 -0.154222 
-0.702640 -0.004664 -0.153884 
0.773966 -0.322271 0.031541 
-0.622444 -0.632462 0.056526 
0.035230 0.672459 0.136051 
-0.873305 -0.292046 0.109243 
0.300864 0.608824 0.127454 
-0.297537 -0.894982 -0.098241 
-0.927368 -0.154552 -0.042847 
-0.369667 0.911305 0.083007 
-0.331923 -0.724151 -0.153948 
-0.535890 -0.831288 0.128986 
-0.636456 0.021971 0.017670 
-0.004863 -0.993514 0.083868 
-0.108295 0.675575 0.111800 
-0.349032 0.567308 -0.089408 
0.626359 0.175674 0.146679 
-0.781877 0.021082 0.028978 
0.240209 0.619798 -0.074953 
-0.808148 -0.380372 0.063926 
-0.891025 -0.303981 -0.019047 
0.544941 0.757761 -0.120420 
0.012865 -0.920183 -0.152232 
-0.881331 0.031938 -0.154222 
0.375668 0.908668 0.070165 
0.681852 0.302719 0.040113 
0.451951 0.644682 0.027460 
0.317209 -0.815481 -0.153703 
-0.381511 -0.559184 -0.132699 
-0.089893 0.929326 -0.070462 
-0.184377 -0.598875 0.124153 
-0.138662 -0.639267 0.146663 
0.301552 0.565681 0.011530 
-0.787588 -0.515483 -0.106155 
0.940670 0.116279 0.146112 
-0.524080 -0.762714 -0.149713 
0.634612 0.730326 0.017672 
-0.296675 0.703718 -0.154025 
0.810601 0.080668 -0.154222 
-0.324815 -0.874127 -0.144918 
0.985304 -0.069072 0.100687 
0.800777 -0.503046 -0.003901 
0.552558 -0.536166 0.032765 
-0.827892 0.401942 0.120462 
-0.926945 0.337845 0.077367 
0.162012 -0.684741 -0.153776 
0.218787 0.908118 -0.032416 
0.369832 -0.619694 -0.154222 
0.848675 0.020230 0.035975 
0.504837 -0.794580 0.141957 
0.773816 0.395134 -0.154222 
-0.614705 0.077066 0.084229 
0.625858 -0.370664 -0.153667 
0.884713 -0.263409 0.121213 
0.369290 0.553083 -0.067153 
0.572708 0.359024 -0.143675 
-0.522246 -0.405152 0.004401 
0.825128 0.440301 -0.077838 
-0.845071 -0.514496 0.036130 
0.277066 -0.628932 0.129772 
-0.005403 -0.820296 -0.153876 
-0.917587 -0.204615 -0.081854 
0.147140 -0.615177 0.025802 
-0.314201 -0.668281 0.049644 
0.549171 -0.724796 0.083220 
-0.814314 -0.126291 -0.154222 
-0.388830 -0.627943 -0.154128 
-0.669038 -0.289259 0.055362 
0.819223 -0.151779 0.030263 
-0.570487 0.238464 0.101852 
0.375500 0.538212 0.146472 
0.622963 0.239270 -0.074014 
-0.582084 0.303138 0.004169 
0.480806 -0.566365 0.045744 
-0.410824 -0.512068 0.146583 
-0.048155 -0.673447 -0.012446 
-0.403650 0.581705 0.069450 
0.880635 -0.451077 0.117920 
-0.310404 0.793622 0.038976 
0.304544 -0.558501 0.020728 
0.752695 -0.037835 0.037636 
0.104540 0.927817 -0.043666 
-0.718227 0.344874 0.027065 
-0.643518 -0.192823 -0.071475 
0.075918 -0.670407 -0.003828 
-0.277565 -0.617535 -0.130925 
0.577384 -0.228205 0.095353 
-0.631301 0.220252 -0.045623 
0.542049 0.492759 0.047601 
-0.454979 0.678144 0.027980 
0.914718 -0.052898 -0.151331 
-0.471148 -0.497841 0.130687 
0.560214 -0.371092 -0.044271 
0.794364 0.437479 0.090457 
-0.124058 0.926484 -0.011371 
-0.170327 0.882014 0.079490 
0.887202 -0.278838 -0.142829 
-0.329139 0.596456 -0.147320 
-0.590275 -0.196168 0.087589 
-0.249024 -0.608795 0.007318 
0.394051 -0.881821 0.146016 
-0.597218 0.706152 -0.143818 
-0.822971 -0.471591 0.145147 
0.718809 -0.608097 -0.037202 
0.316592 -0.799949 0.038581 
-0.156631 -0.871409 0.054182 
0.608452 0.667755 -0.153808 
0.093537 -0.942599 0.142354 
0.267364 -0.685829 -0.153965 
0.961071 -0.223532 0.122867 
0.968983 0.091837 0.020205 
0.843062 -0.091663 -0.153773 
-0.505933 0.785622 -0.019605 
-0.636621 -0.038712 0.017445 
-0.585633 -0.363882 0.121679 
0.611886 0.094663 0.120831 
-0.037891 0.845636 -0.153738 
0.596684 0.781778 0.094866 
-0.288191 -0.943157 0.133184 
0.229085 0.693851 -0.153699 
-0.474888 -0.478659 -0.075359 
0.888107 0.295857 -0.094926 
-0.740645 0.168348 0.035129 
-0.439932 -0.874269 0.140129 
-0.553133 -0.764362 -0.046064 
0.738894 0.607431 0.010560 
0.629520 0.684924 0.139804 
0.440560 -0.681175 -0.154057 
0.408725 -0.677709 0.028012 
-0.078769 -0.766505 0.033351 
-0.029171 0.659705 0.145113 
-0.557458 -0.412008 -0.151085 
0.723546 0.213749 -0.154222 
-0.617728 -0.266161 -0.120006 
-0.670907 0.214112 -0.154217 
-0.247051 -0.706032 0.043525 
-0.449826 0.463726 0.145666 
-0.670698 -0.008932 -0.073101 
0.518592 -0.440933 0.131749 
-0.701762 -0.396632 -0.154222 
0.492018 0.371959 0.120503 
0.907251 0.196865 -0.141295 
-0.059719 -0.693539 0.105967 
0.399849 0.843819 -0.069801 
-0.635131 0.287701 0.088427 
0.323467 -0.692170 0.035299 
0.306964 0.887289 0.144761 
0.737779 0.298510 -0.154222 
0.097559 -0.771634 0.030920 
-0.013207 -0.771661 0.032932 
0.717224 -0.616187 0.144836 
0.658099 -0.125929 -0.081640 
0.595019 0.551549 0.027424 
-0.959752 -0.102228 0.013571 
0.653243 0.605491 0.067914 
0.457355 0.869953 0.085056 
0.031720 -0.674041 -0.032578 
0.633828 -0.714388 0.145774 
-0.326565 -0.857236 0.093996 
-0.161531 0.645295 -0.019853 
-0.828365 0.108948 -0.154222 
0.920162 0.299312 0.016571 
-0.568004 -0.648711 0.039731 
-0.639258 -0.216209 -0.129183 
-0.671521 -0.669496 0.145181 
0.895090 -0.002883 0.068894 
-0.535583 -0.408288 0.142404 
-0.488701 -0.479173 -0.144703 
0.446367 0.424253 0.083586 
0.618798 0.006139 0.061523 
0.322959 -0.730798 -0.153578 
-0.002234 -0.956076 0.146509 
-0.619254 -0.037256 0.103109 
0.657206 -0.194603 0.124750 
-0.722500 -0.495567 -0.154222 
0.243477 0.668854 0.064267 
-0.189337 -0.845011 -0.153734 
0.607286 0.590486 -0.154222 
0.735939 -0.505218 0.063299 
-0.491892 0.476962 -0.149589 
0.297795 -0.604986 -0.120944 
0.645864 -0.589663 -0.154151 
0.921789 -0.172485 -0.122268 
0.088567 -0.885137 0.057430 
-0.928456 -0.340510 0.038342 
0.704699 0.057990 0.074280 
0.952639 -0.079234 0.146726 
-0.882449 -0.326333 -0.071850 
0.789438 -0.584312 0.025256 
0.639581 -0.664316 0.110815 
-0.740617 0.030444 -0.154222 
0.644949 -0.686933 -0.036433 
-0.829089 -0.543870 0.104887 
0.499895 -0.408028 0.013721 
0.607370 -0.309050 0.133099 
-0.272473 -0.866799 0.079397 
0.428562 -0.840309 -0.013294 
0.157860 0.895331 0.099023 
0.633871 -0.511501 0.027200 
-0.821696 0.208281 0.035166 
0.309493 0.750068 -0.153949 
0.233210 -0.632636 -0.063317 
-0.889148 0.296862 -0.092508 
0.550438 -0.322298 0.017996 
0.545170 0.816873 0.040319 
-0.392284 0.820423 0.097461 
-0.227271 -0.957307 0.023663 
-0.688519 0.035421 0.110807 
-0.261500 0.663181 0.063894 
-0.707114 -0.431666 0.028836 
-0.919150 0.334329 0.024408 
0.400762 -0.853029 -0.114072 
0.698087 -0.398793 0.026826 
0.631707 0.095699 0.015635 
-0.699727 -0.602739 0.113427 
-0.493141 0.570274 0.036316 
0.458680 -0.879596 0.076917 
-0.004365 0.666735 -0.129977 
0.513123 -0.635236 0.027294 
-0.714777 -0.143240 -0.154222 
0.111187 0.910289 0.122394 
-0.052093 0.687853 0.096657 
0.597310 -0.284876 0.002552 
0.503850 0.725790 -0.154171 
-0.329160 0.926296 0.110353 
0.225979 -0.612662 0.146336 
-0.157192 -0.688380 0.085063 
-0.372538 0.516325 0.143834 
-0.049285 -0.698434 -0.152876 
0.119668 0.952652 0.013580 
0.087115 0.788583 0.027063 
0.143174 0.606112 0.025091 
0.245446 0.920668 0.009157 
0.374393 -0.768057 -0.153578 
0.111177 -0.810260 -0.154222 
0.851759 0.495031 0.046833 
0.591420 0.232855 0.016876 
-0.717795 -0.677090 0.029634 
-0.723281 -0.137524 0.048704 
0.014325 0.846246 0.036636 
-0.384571 0.505590 0.015813 
0.584930 -0.468606 -0.154087 
-0.268319 0.894362 -0.077520 
0.860494 0.390063 0.146264 
0.776705 0.104060 0.028458 
0.717483 -0.683256 0.115278 
-0.098898 -0.667844 -0.062453 
-0.568330 0.719198 0.115975 
0.634988 0.435727 0.030755 
-0.169875 0.796275 -0.154222 
0.315478 0.863810 -0.146277 
-0.100578 0.743931 -0.153674 
-0.898162 -0.316018 0.146116 
-0.169196 0.720644 0.042275 
0.890476 -0.298876 -0.084878 
0.474119 0.777363 0.101006 
-0.788969 -0.286396 -0.154222 
0.593892 -0.432595 0.050690 
-0.942022 -0.292813 0.128577 
-0.769798 0.586864 0.142322 
0.017718 0.828941 -0.154004 
0.475887 0.802645 -0.109720 
-0.505985 -0.739415 0.064772 
0.071933 0.610066 0.091981 
0.932162 -0.092081 -0.125293 
0.654876 0.203096 0.115820 
-0.925344 0.181311 -0.005184 
0.412353 0.843471 -0.003464 
0.687388 0.668571 0.012199 
-0.023479 -0.625024 0.083962 
0.232368 0.572975 0.032247 
0.275367 -0.560061 0.090813 
0.964725 -0.170571 0.025545 
-0.173952 -0.614959 0.019752 
0.309490 -0.570233 0.145794 
0.193900 0.682753 0.065970 
0.654069 -0.454078 -0.154222 
-0.361727 -0.537260 0.145151 
0.203156 0.580706 0.098715 
-0.579351 0.530531 0.027756 
0.848660 -0.425111 0.146267 
-0.685389 -0.566487 -0.154222 
0.677423 0.005324 0.135911 
0.036036 0.981110 0.042721 
-0.352112 0.867231 -0.009754 
-0.099215 0.911654 0.121640 
-0.535295 -0.835910 0.078035 
0.723285 -0.451347 0.036107 
0.225902 -0.769833 -0.153742 
0.217430 -0.901124 0.121922 
-0.862405 -0.418801 0.007988 
-0.589437 0.198902 0.128019 
0.012309 0.926405 0.138024 
-0.814556 0.461629 -0.093184 
-0.318639 0.607699 0.107279 
-0.162681 -0.979434 0.086197 
-0.194657 -0.916156 0.136527 
0.612432 0.279761 0.138089 
0.905840 0.388119 0.063032 
0.858535 0.351925 -0.139940 
-0.519494 0.418429 -0.074715 
0.604882 -0.763638 0.017094 
-0.517461 0.775689 -0.127806 
-0.732459 -0.034316 0.050319 
-0.326401 -0.611357 -0.150057 
0.520229 -0.477959 0.080994 
-0.768594 0.123831 0.029619 
-0.100274 -0.710975 0.068223 
0.525164 0.409558 -0.059008 
-0.688532 0.500770 -0.153926 
0.397992 -0.592496 0.072086 
0.931544 0.102107 -0.076402 
-0.565153 0.538977 -0.154222 
0.226060 -0.854281 -0.153578 
-0.746377 -0.522169 0.085395 
0.727262 -0.035965 -0.154143 
-0.769668 0.145952 -0.153973 
-0.252882 0.943442 0.028195 
0.872231 0.417074 0.016294 
-0.058850 -0.991493 0.082428 
0.777590 0.126401 -0.154222 
-0.794537 -0.445260 0.086673 
0.916682 -0.223150 0.144591 
-0.270806 0.607739 -0.043621 
0.158897 -0.675157 0.112891 
-0.933729 -0.101459 -0.096240 
0.290357 -0.945625 0.128446 
0.583573 0.453444 0.043810 
0.481800 -0.791753 -0.148163 
-0.374615 -0.919718 0.080914 
-0.864879 -0.372004 -0.068118 
0.550550 0.375299 -0.030354 
0.738759 -0.660956 0.051251 
-0.779989 0.425044 -0.153842 
0.921367 0.348383 0.093045 
0.897039 -0.303459 -0.000654 
0.607403 -0.307221 -0.141682 
0.090986 0.853607 -0.154096 
0.379475 -0.917199 0.044739 
-0.630772 -0.280720 0.115434 
0.421500 -0.525060 -0.017273 
-0.187450 0.588390 0.124821 
-0.664167 0.100587 -0.126358 
-0.135729 0.605130 0.028916 
0.329007 0.611906 0.087668 
-0.880641 -0.032166 -0.154222 
-0.004862 -0.828167 0.028402 
0.476529 0.557614 -0.154090 
0.758543 -0.137573 -0.153772 
-0.342414 0.550778 0.007437 
-0.708518 0.449346 0.032857 
-0.881703 0.089792 0.059242 
0.710645 -0.213589 0.044634 
0.839314 -0.525300 0.069844 
-0.447304 -0.830945 -0.055925 
-0.036477 0.981784 0.096996 
-0.820595 -0.008285 0.027830 
0.158105 -0.910537 0.112274 
0.660753 -0.203039 -0.151647 
0.572549 -0.740782 -0.137316 
0.848292 0.393496 -0.109118 
-0.647195 0.522580 0.030712 
0.319206 -0.634035 0.078161 
0.258167 -0.872830 0.082445 
-0.610406 -0.672597 0.080674 
0.382144 -0.669683 -0.154222 
-0.125224 -0.915328 -0.150522 
0.582213 0.325270 0.140545 
-0.059706 0.930597 -0.121706 
0.441679 0.497932 -0.038353 
-0.871126 0.375710 0.146662 
0.801844 -0.011193 -0.154097 
-0.390139 -0.638497 0.043317 
-0.677085 0.174587 0.087147 
0.219117 -0.917579 -0.086897 
-0.681761 0.602360 0.094846 
0.970322 -0.167312 0.128327 
0.798955 0.275893 0.034818 
0.610643 -0.108339 0.058026 
-0.425895 -0.866869 0.011389 
-0.347169 -0.578607 -0.039674 
-0.616421 0.558010 -0.154222 
0.540168 0.734711 0.103803 
0.639300 -0.203092 -0.035690 
-0.352353 -0.875889 -0.016392 
-0.861163 0.368385 -0.090936 
0.674640 0.511449 0.036068 
-0.617460 0.766738 0.115075 
0.383656 -0.553740 -0.009324 
-0.407186 -0.716047 0.027667 
0.916635 0.196243 -0.014135 
-0.113675 0.961694 0.019045 
0.812449 -0.409434 -0.153482 
-0.252000 0.618456 -0.132516 
-0.798561 0.379991 0.059209 
0.073815 0.928897 -0.125914 
-0.113739 0.976075 0.096330 
-0.983019 -0.104869 0.110603 
-0.573480 0.373134 0.119622 
0.690620 0.148258 0.074713 
0.648048 -0.248738 0.100509 
-0.765947 0.534072 -0.130419 
-0.602682 -0.624409 -0.153815 
-0.400382 0.874311 0.014479 
0.642607 -0.020941 0.013948 
-0.608115 -0.126366 0.066007 
-0.742064 0.648168 0.079076 
-0.696585 0.220305 0.051308 
-0.680266 0.636677 0.138430 
0.651179 -0.504107 -0.153888 
-0.457602 -0.424599 0.082897 
-0.666706 -0.075244 -0.057320 
-0.004784 0.709110 -0.153633 
-0.628061 0.753628 0.032082 
0.938654 0.029810 -0.010520 
-0.437968 -0.817656 0.122151 
-0.399434 0.597330 -0.153657 
-0.602496 -0.299202 -0.034372 
0.841787 -0.191585 0.042126 
-0.518822 0.335715 0.120040 
0.673376 -0.727492 0.061557 
-0.139452 0.762405 0.029313 
0.875152 -0.390626 0.008598 
-0.908382 -0.113675 -0.152277 
-0.340037 0.757778 0.030856 
-0.834933 0.310573 0.065418 
-0.421027 0.450460 0.093612 
0.755080 0.564260 -0.000296 
0.789598 0.006876 0.027562 
0.921752 -0.359058 0.077202 
-0.951717 0.250679 0.032219 
0.905968 0.096994 -0.152622 
0.480536 0.800600 -0.057840 
-0.925683 0.331653 0.127604 
0.721200 -0.347041 0.027036 
0.626282 -0.013910 0.133695 
-0.407187 -0.537386 -0.096940 
0.339302 0.770211 0.034543 
0.411945 0.457544 0.084731 
0.607378 -0.285744 -0.082222 
-0.129350 0.652063 -0.053384 
-0.490620 0.504384 0.076389 
0.600048 -0.787760 0.123554 
0.510134 0.624619 0.027166 
0.050799 -0.942299 -0.054451 
-0.438371 0.794990 0.093236 
-0.669599 0.026643 -0.019779 
-0.478716 0.759815 0.077129 
0.747159 0.499345 -0.154222 
-0.855914 0.486134 0.123859 
0.199792 0.741465 0.030766 
0.115968 0.654462 -0.053991 
0.496532 -0.724741 0.049818 
-0.396730 0.845493 -0.111319 
-0.460400 0.869125 0.102304 
0.545650 0.760579 -0.012605 
0.381536 0.598296 -0.153632 
0.513801 -0.832355 0.020441 
-0.651064 0.405794 -0.154222 
0.298350 0.537717 0.091076 
0.632171 0.187373 0.001809 
0.624784 0.397963 -0.154222 
0.616604 0.362580 0.062758 
-0.820967 -0.321906 -0.154222 
0.974765 0.150137 0.088136 
-0.898922 -0.189964 -0.151756 
0.510430 -0.355447 0.112980 
0.735941 -0.142759 0.039988 
0.188042 -0.974689 0.117933 
-0.691375 -0.186725 0.067154 
0.789065 -0.291798 -0.154222 
0.660528 0.318608 -0.154222 
0.211522 -0.588390 0.057506 
-0.623306 0.079482 0.136166 
0.831618 0.213242 -0.154222 
0.156993 -0.866332 0.050639 
0.980204 0.023953 0.133379 
0.074933 0.611657 0.036933 
-0.687171 0.045402 -0.149829 
-0.781565 -0.606615 0.033642 
0.110103 0.606758 0.124313 
0.590656 0.703001 0.122485 
-0.012807 0.794226 -0.153896 
-0.906214 0.057595 0.086331 
-0.355012 0.650965 0.041975 
-0.109819 -0.937706 -0.029690 
-0.567266 0.459841 -0.154222 
0.035425 -0.752532 -0.154222 
0.508907 0.518501 -0.154222 
-0.713269 -0.228622 -0.154222 
-0.938775 0.239557 0.143575 
0.339362 -0.582239 -0.085256 
-0.498968 0.438475 0.143891 
0.694569 0.646428 0.146731 
0.251357 0.950448 0.064216 
-0.756063 0.492686 0.081076 
-0.678429 0.713743 0.091627 
0.451544 -0.445291 0.021978 
-0.364454 -0.588051 0.118424 
-0.222804 0.722051 0.034969 
0.607326 -0.617048 0.042096 
0.617233 0.043893 0.091359 
0.688181 -0.641954 -0.109092 
0.220077 -0.653216 0.125768 
0.408775 0.801921 0.081130 
0.140206 0.763360 -0.153840 
0.936927 0.003330 -0.122571 
-0.798487 0.243096 -0.153812 
-0.638445 -0.374465 -0.154222 
0.707082 -0.588141 0.105153 
0.512898 0.436617 0.136647 
-0.333048 0.869177 -0.134005 
0.940123 0.295061 0.109321 
0.197909 0.840592 -0.154112 
-0.254759 0.560098 0.048012 
-0.129450 -0.809947 -0.153876 
0.888976 0.094871 0.068699 
0.895599 -0.161869 0.089851 
0.407573 0.684380 0.026896 
0.450091 -0.873809 0.137274 
0.467886 -0.846354 0.012064 
-0.431899 0.800245 -0.152841 
-0.240881 -0.641260 -0.143434 
-0.787473 0.280383 0.031542 
0.665602 -0.073393 -0.068666 
0.736597 -0.509470 -0.154222 
-0.792522 -0.173202 -0.154222 
-0.126017 0.923195 -0.126955 
0.536408 0.413430 -0.145321 
-0.835276 0.316205 -0.153629 
-0.268382 -0.905015 -0.043508 
0.459359 -0.823362 -0.060550 
0.816697 -0.466930 -0.037389 
-0.502851 -0.794456 0.140085 
-0.805749 0.517140 0.010189 
-0.616704 0.273156 -0.139143 
-0.142819 -0.725612 0.048722 
-0.438243 -0.512587 -0.068818 
-0.149331 -0.687862 -0.153610 
0.973723 -0.039851 0.140099 
0.664430 0.657335 -0.045360 
0.172535 0.963944 0.032417 
0.756738 0.347901 0.031190 
0.333549 0.906490 0.017379 
0.475015 0.466836 -0.110459 
0.746785 -0.572961 -0.049466 
-0.736312 0.638031 0.138377 
0.215400 0.888377 0.111942 
0.978380 -0.139893 0.055507 
0.413343 0.813637 -0.151487 
-0.368146 0.494173 0.103886 
0.776647 0.198886 0.026759 
0.112410 -0.936353 -0.099398 
-0.806697 -0.330783 0.046173 
-0.800767 -0.574908 0.128876 
-0.710016 0.649597 0.014085 
-0.406018 0.731070 0.032537 
-0.627631 -0.197876 0.146860 
-0.529086 0.692616 -0.153861 
0.429654 0.868262 0.141699 
-0.930814 0.123914 -0.042160 
-0.021655 0.957992 0.145898 
0.089407 -0.767366 -0.154222 
-0.443120 -0.644715 0.029743 
-0.469421 -0.518858 -0.152635 
0.566274 -0.266531 0.129711 
-0.107681 0.607770 0.124778 
-0.825703 0.442238 -0.054351 
0.529984 -0.778335 -0.067722 
-0.236103 -0.842653 -0.153706 
0.696591 0.553148 -0.154222 
0.201823 -0.644616 -0.124724 
0.538553 -0.405511 -0.129061 
0.366003 -0.504517 0.057509 
-0.649969 -0.516329 0.029019 
0.472707 0.861571 0.043918 
0.172751 -0.909843 -0.149608 
-0.219345 -0.968634 0.068050 
0.516705 0.632133 -0.154057 
-0.882757 -0.249178 0.100849 
-0.743768 -0.064502 -0.154222 
-0.324823 0.928512 0.047687 
-0.472949 0.609615 0.030198 
0.537019 0.351879 0.011853 
-0.523589 0.413233 -0.030644 
-0.912831 -0.120018 0.112246 
-0.723808 -0.358894 0.026798 
0.578747 -0.396919 0.087845 
0.902113 0.052694 -0.154212 
0.418263 -0.462739 0.107502 
-0.215219 0.629505 -0.008802 
-0.726563 -0.606436 -0.005698 
-0.555916 0.802642 0.134994 
0.073791 0.741614 -0.153744 
-0.133804 0.851537 -0.153787 
-0.085932 0.843834 -0.153578 
-0.375057 -0.706568 -0.153938 
0.077537 -0.693381 0.101512 
-0.611480 -0.717258 -0.108425 
-0.907379 -0.247044 -0.089856 
0.083955 -0.625753 0.132709 
-0.721168 0.127481 -0.154131 
0.087471 -0.814661 0.027359 
-0.820720 -0.082478 -0.154222 
0.722770 -0.231235 -0.154222 
0.317313 0.930445 0.090135 
-0.274347 -0.561218 0.092031 
0.308270 0.821575 0.055979 
-0.241289 -0.646848 0.122974 
-0.220903 0.914973 -0.000827 
0.570183 0.566462 -0.154222 
0.942461 -0.069909 -0.001493 
-0.572469 0.451255 0.051204 
0.970908 0.045828 0.018469 
0.642536 -0.105899 0.008800 
-0.847212 0.219560 -0.153687 
0.201165 -0.591671 0.115838 
-0.443725 -0.560251 0.071403 
-0.122391 -0.946642 0.146703 
-0.497307 -0.558576 0.042973 
0.613544 0.137407 0.023118 
-0.188960 0.940287 0.145694 
0.029713 -0.955675 0.003721 
0.091294 0.662559 -0.136115 
-0.161805 0.801997 0.028505 
0.897200 0.260931 -0.127555 
-0.841580 -0.237282 -0.154222 
-0.475892 0.699999 -0.154054 
-0.585221 0.786015 0.030930 
-0.531169 -0.472950 -0.154222 
0.606810 0.608437 0.042499 
-0.880932 0.229150 0.091455 
0.363349 0.502776 0.029147 
-0.512700 0.360393 0.023727 
-0.448838 -0.461764 0.015422 
0.589221 -0.353735 0.122872 
0.333425 -0.585563 -0.004869 
-0.711101 0.277095 0.033540 
0.018286 -0.624695 0.048393 
-0.789330 0.179823 0.027091 
0.664354 0.073681 -0.003616 
0.380353 -0.555947 -0.090551 
0.721913 0.457565 0.039789 
0.614576 -0.270130 -0.042010 
0.848337 0.463675 0.016544 
-0.195444 -0.645986 -0.105771 
-0.548918 0.379720 -0.108028 
0.265901 0.894443 -0.060404 
-0.066574 0.773117 -0.153578 
-0.344044 -0.788315 0.038342 
0.762943 0.396617 0.042267 
0.434781 0.504309 -0.116391 
0.663682 0.079366 -0.094484 
0.288195 -0.936857 0.020631 
-0.664095 0.462253 0.027182 
-0.066933 0.966275 0.018872 
-0.483098 0.799087 -0.071401 
0.207871 -0.853212 0.048646 
-0.807611 -0.373095 -0.154222 
-0.475931 0.826448 0.008562 
-0.854197 0.124973 0.042416 
-0.610179 0.385798 0.057079 
-0.963017 -0.134220 0.142235 
-0.726463 0.549676 0.097222 
0.073372 0.896081 -0.154221 
-0.634886 0.365588 -0.154151 
0.402586 -0.772614 0.044657 
0.793662 -0.091818 -0.153920 
-0.594549 -0.541322 0.026979 
-0.611258 0.269940 -0.052857 
0.858343 -0.310535 0.092981 
-0.266181 -0.957035 0.048464 
0.145141 0.644493 0.144720 
0.677888 -0.638932 0.133544 
-0.480670 0.386494 0.060563 
0.825301 0.388176 -0.151866 
0.906680 -0.245248 -0.073755 
0.249487 -0.817395 -0.153767 
0.657284 0.468389 -0.154222 
-0.337856 0.828160 0.073060 
0.633441 0.261389 -0.149852 
0.683886 0.345021 0.032211 
-0.687395 -0.031073 0.116975 
0.776435 -0.410655 0.051255 
0.684709 -0.696404 0.018941 
-0.263854 0.947406 0.105893 
0.048598 0.769255 0.030120 
0.234653 0.894142 -0.142729 
0.835753 -0.475795 0.145578 
0.278655 0.720172 -0.153828 
0.724183 0.648674 0.021881 
0.224011 0.937750 0.143518 
0.735354 0.066811 0.045549 
-0.533271 -0.450386 0.098150 
-0.658082 -0.432744 -0.154222 
0.762005 -0.564183 -0.000804 
-0.469058 0.473846 -0.110107 
0.477894 -0.634867 -0.154083 
0.735364 0.064055 -0.154222 
-0.876127 -0.463134 0.110161 
-0.763759 -0.611550 0.140189 
-0.648884 0.600232 0.060083 
0.896348 0.270692 -0.059643 
0.669065 0.158288 0.110948 
0.004667 0.664849 -0.017607 
0.380311 0.899565 0.028687 
-0.747308 -0.437136 0.042065 
0.105632 -0.643499 0.010748 
-0.812153 0.558630 0.079148 
-0.937589 0.040388 -0.104634 
-0.894471 -0.368239 0.013934 
0.556565 0.770312 0.146728 
0.614220 0.439985 -0.154222 
-0.826285 0.516430 0.138836 
0.278387 -0.896425 -0.135743 
0.959864 -0.236598 0.048226 
-0.413062 -0.468085 0.085793 
-0.633618 0.069843 0.017113 
-0.915846 -0.377838 0.060658 
-0.372342 0.859876 0.143459 
0.389880 -0.831470 0.098020 
0.572324 -0.391295 -0.150486 
-0.463275 0.479191 -0.040495 
-0.496819 0.672661 0.032420 
-0.667390 -0.151099 0.128688 
-0.829892 0.037246 0.029854 
-0.498269 -0.794193 -0.138023 
-0.090724 0.608146 0.082316 
0.378729 -0.498703 0.125384 
-0.645239 0.238223 0.111324 
-0.354605 -0.513738 0.070414 
0.591633 0.404516 0.061077 
-0.502452 -0.445208 -0.001872 
0.465580 0.743497 -0.154152 
0.657298 -0.667996 -0.135216 
0.907006 0.172707 0.127083 
-0.885308 0.420697 0.131280 
-0.170342 0.642810 -0.060917 
-0.864781 0.360656 -0.049749 
0.784880 0.571809 0.140270 
0.685288 0.090110 0.102262 
0.879115 -0.341857 -0.006797 
0.594277 0.680713 0.086598 
0.156421 0.594767 0.090655 
0.706576 -0.621878 -0.074953 
-0.927772 0.137948 -0.098794 
0.876743 -0.229031 -0.153844 
-0.745252 0.575185 -0.003436 
-0.058147 0.801179 0.026989 
0.054767 -0.921166 -0.150562 
0.415462 -0.901264 0.059226 
-0.618600 -0.458765 0.032965 
0.166009 -0.737628 -0.153810 
-0.709122 -0.683716 0.133373 
0.408211 -0.804549 0.071671 
-0.293409 -0.790814 0.031963 
-0.397619 -0.855860 -0.070499 
-0.473167 0.784996 0.116654 
0.938923 0.262306 0.022064 
-0.007910 0.614713 0.081184 
-0.206058 0.775304 -0.154222 
-0.853978 -0.443584 0.146456 
0.589456 -0.321926 -0.071433 
0.628542 -0.391278 0.046581 
0.133295 -0.895718 0.075421 
-0.701481 0.619801 -0.042712 
0.487131 -0.387561 0.068902 
0.624188 -0.454412 0.032011 
-0.418758 -0.507230 0.007020 
0.861683 -0.487398 0.073873 
-0.939829 -0.311289 0.079073 
0.694434 0.247987 0.045515 
0.897785 -0.105129 0.080095 
-0.257205 0.558902 0.098683 
0.760717 -0.522142 0.115804 
0.605460 0.711820 -0.072469 
0.297667 -0.835215 0.055801 
0.264783 0.799585 -0.154046 
0.092695 -0.983084 0.132819 
0.277863 0.705824 0.033928 
-0.108403 -0.912645 0.098520 
0.465959 -0.799485 0.119361 
0.709385 -0.094082 0.065634 
0.932305 -0.109611 -0.035457 
-0.907101 -0.201971 0.132595 
-0.575084 -0.237735 0.096421 
0.846671 0.398287 -0.062644 
-0.826648 -0.451238 -0.035243 
0.789832 -0.181451 0.027086 
0.472889 -0.593330 -0.154072 
-0.418529 0.551069 -0.152981 
0.818353 -0.558388 0.094382 
0.559765 -0.646893 -0.154060 
-0.056401 -0.663633 0.145932 
0.309637 -0.890422 -0.090120 
-0.233775 0.911767 0.144474 
0.421064 0.538980 0.112995 
-0.066501 -0.859521 0.039082 
0.503290 -0.446504 -0.075927 
-0.837830 0.419134 -0.094281 
0.500839 0.452421 -0.142690 
0.413242 0.748753 0.040499 
0.597307 0.313767 -0.139854 
-0.071360 -0.621155 0.058671 
0.571918 0.585747 0.028418 
-0.280506 -0.822022 -0.153725 
0.821972 0.392659 0.098360 
0.383002 0.696290 -0.153896 
0.864117 -0.367641 -0.101459 
0.588292 -0.247456 0.017233 
-0.071069 0.715195 -0.153578 
0.862195 0.113757 -0.154222 
-0.078052 -0.670311 -0.097829 
0.631127 -0.268212 -0.147382 
-0.914708 0.205967 -0.091215 
-0.090335 0.736819 0.040856 
-0.227332 0.697491 -0.153842 
-0.505037 -0.843850 0.023543 
-0.640351 0.132488 0.006290 
-0.408778 0.656748 0.029844 
-0.019810 0.664306 -0.080016 
0.869691 0.186903 -0.154222 
-0.909833 0.381853 0.064212 
0.701601 -0.377610 -0.153882 
-0.779737 0.011907 -0.154222 
0.914314 -0.063845 0.107449 
0.317711 -0.594363 -0.041602 
0.514430 0.523523 0.046486 
-0.889478 0.274632 -0.137247 
0.888729 0.159336 0.080577 
0.160129 0.919124 -0.118831 
0.588398 0.313560 -0.035153 
-0.751456 0.239291 -0.153955 
-0.670649 0.008533 0.142596 
0.818024 -0.517165 0.141377 
-0.233858 0.860474 0.070384 
-0.659831 0.671337 0.144858 
0.237796 0.784250 0.028774 
0.546023 -0.456596 -0.154212 
-0.815962 -0.469066 -0.103480 
0.037543 -0.946022 0.144301 
-0.790859 -0.475939 0.113167 
-0.615186 0.131514 0.137689 
0.566184 -0.778213 0.009050 
0.047728 0.911179 0.106769 
0.353251 0.755646 -0.154020 
0.844256 -0.110879 0.036666 
-0.169240 0.917643 -0.110253 
0.646037 -0.597590 0.051567 
-0.067948 -0.647467 0.011663 
0.645897 0.337057 0.051055 
-0.939095 -0.069892 -0.010449 
-0.976929 0.059208 0.023060 
-0.917701 -0.247480 0.001602 
0.421042 0.496782 0.147151 
0.801401 -0.457276 0.118314 
-0.502911 0.438089 -0.119158 
-0.481428 -0.396127 0.066727 
-0.254024 0.882162 0.124338 
-0.173380 -0.920641 -0.139936 
0.332883 -0.595804 -0.142061 
0.614068 0.131376 0.137682 
-0.354433 0.586937 0.109421 
0.134611 0.650754 -0.109066 
0.912116 0.213215 -0.053331 
-0.624486 -0.230575 0.000696 
0.587404 0.272296 0.009200 
0.921135 0.168290 -0.115235 
0.063721 -0.909592 0.084375 
0.433995 -0.588646 0.054244 
-0.723950 -0.227189 0.036647 
-0.619942 -0.031931 0.053553 
-0.618869 0.036911 0.113973 
0.035626 -0.687044 0.129071 
0.486527 0.432065 0.006140 
0.363185 -0.579868 0.133920 
-0.899727 0.264696 -0.043690 
-0.275353 -0.672692 0.059324 
0.760687 -0.634808 0.072632 
-0.561188 -0.355462 0.002228 
-0.719946 -0.515999 0.055652 
0.359342 0.876952 0.146731 
-0.858611 0.008766 0.039788 
-0.238492 -0.747538 -0.153985 
-0.592452 -0.384695 0.081136 
-0.608052 0.656672 0.072753 
-0.544600 0.309531 0.136249 
0.724946 -0.424286 -0.154016 
-0.573661 -0.352492 -0.078192 
0.167034 0.966926 0.123819 
0.467462 0.863313 0.123244 
0.669233 -0.282155 0.056470 
-0.763340 -0.633187 0.080087 
0.387713 0.540773 -0.102263 
0.493399 -0.803283 -0.054452 
-0.656446 0.130629 -0.032772 
0.602634 -0.149384 0.110884 
-0.667136 0.061355 -0.048867 
-0.592798 -0.213216 0.134660 
-0.130152 0.897215 0.092958 
-0.487806 0.378301 0.114314 
-0.898581 -0.075013 -0.154222 
0.506923 0.380272 0.017045 
0.107063 0.715520 0.053359 
0.800166 -0.270909 0.033603 
-0.512472 -0.656488 0.029484 
0.582605 0.204064 0.059484 
-0.764959 0.368923 -0.153764 
-0.747413 0.041285 0.040419 
-0.506508 -0.363550 0.110999 
-0.218162 -0.592818 0.026859 
0.080588 0.702337 -0.153625 
-0.328091 0.873878 -0.092885 
-0.499485 -0.704700 0.040269 
-0.307770 -0.543482 0.079521 
-0.704746 0.541884 -0.154052 
-0.689350 -0.196785 -0.154222 
-0.752182 0.445348 0.050973 
-0.890286 0.422253 0.039650 
0.883022 -0.353850 0.146214 
0.629796 0.220748 -0.019751 
-0.489300 -0.806797 -0.032335 
0.691523 0.020058 0.101164 
0.609563 0.102892 0.047905 
0.503138 0.436413 -0.031762 
-0.317581 0.584921 -0.068945 
0.047389 0.979154 0.125942 
0.832981 0.513701 0.131990 
-0.562287 0.359712 -0.022913 
-0.916072 0.296457 0.012799 
-0.038038 0.613401 0.113186 
-0.201340 0.583975 0.035878 
-0.651969 0.152603 -0.081892 
0.671212 0.205984 0.079741 
-0.554467 0.332101 0.010137 
0.777592 -0.613580 0.115858 
0.834149 -0.066990 0.031517 
0.652401 -0.679208 -0.093884 
0.330307 -0.935325 0.042684 
-0.191638 0.964530 0.067068 
-0.213408 -0.919621 -0.051937 
0.781014 -0.337398 -0.154222 
0.228716 0.589105 0.142720 
-0.291741 0.553908 0.138032 
0.331170 -0.528580 0.062769 
-0.567042 0.742772 -0.101184 
-0.857440 -0.095680 0.041543 
-0.551247 -0.614711 0.028196 
-0.637853 -0.754964 0.031426 
-0.496627 -0.695719 -0.153767 
0.469544 -0.482430 -0.088918 
-0.677586 -0.655183 -0.055467 
0.700451 0.410871 0.027407 
0.605692 0.540425 -0.154222 
0.298124 0.574694 0.147229 
0.007770 -0.780777 -0.153998 
0.114171 -0.737593 0.044616 
-0.695575 -0.043526 -0.152768 
0.426872 -0.453705 0.054652 
-0.620636 -0.474510 -0.154222 
-0.836224 -0.051782 0.031479 
0.921354 -0.274541 0.010788 
-0.084016 -0.904169 -0.153603 
-0.346515 -0.556236 0.008802 
