-0.276984 -0.861974 -0.030909 
0.316132 0.940329 0.022774 
-0.927516 0.355952 0.012289 
0.959695 -0.270882 0.010210 
-0.900969 -0.416893 0.003824 
0.487245 -0.872500 0.021046 
-0.422020 0.894897 0.004944 
0.870249 0.458640 -0.018052 
-0.662916 -0.741247 0.003864 
0.094032 -0.994955 0.016989 
-0.987090 -0.033494 0.030200 
0.782544 -0.619586 0.025274 
-0.727103 0.674988 0.021960 
0.990082 0.103364 0.011030 
-0.055047 0.979917 -0.014704 
0.642729 0.756500 0.016306 
0.261608 -0.839244 0.028054 
-0.703443 -0.521381 0.010259 
-0.859610 0.145366 0.011926 
0.569269 -0.667666 0.006395 
0.791522 -0.406428 -0.028124 
-0.853254 -0.203678 0.003742 
-0.483443 -0.873906 0.023897 
0.884625 -0.076142 -0.029800 
0.434664 0.765351 -0.015583 
-0.217629 0.845041 0.004078 
-0.746324 0.471529 -0.027935 
0.686871 0.551316 0.030190 
-0.512745 0.705616 0.004354 
0.836967 0.246692 0.015309 
-0.119846 -0.992325 0.017245 
0.111378 0.863686 0.027850 
-0.509449 -0.712752 0.011853 
-0.007987 -0.877049 0.012810 
0.361561 -0.917943 -0.029369 
0.219535 -0.963946 -0.026849 
-0.761827 -0.643952 0.023632 
-0.987401 0.102312 0.027952 
-0.981190 -0.167760 0.021987 
0.926865 0.345135 0.029984 
0.187090 0.973043 0.006835 
-0.833038 -0.529260 -0.021991 
-0.378357 -0.791448 0.025587 
-0.156468 -0.864344 0.026994 
0.603457 -0.796495 0.010931 
0.828660 -0.282886 0.026259 
0.859151 -0.506198 0.026821 
0.231604 0.849268 -0.025630 
-0.630352 0.765825 0.011189 
0.986383 -0.138992 0.026277 
-0.953470 0.227757 -0.029907 
0.713176 -0.508630 0.016080 
0.872485 0.042769 0.024138 
-0.882472 0.022074 -0.024936 
-0.862735 0.485789 0.029061 
0.462207 -0.745081 0.011974 
0.130727 -0.871073 0.003732 
-0.609823 0.620156 0.015013 
-0.179698 0.975012 0.019903 
-0.950589 -0.297614 0.011630 
-0.826638 0.275354 0.015338 
-0.812584 -0.326571 0.027850 
0.958391 0.226156 -0.021153 
0.691157 -0.706985 -0.015631 
0.593348 0.637118 0.017298 
0.432766 0.891083 0.005667 
-0.305645 0.940487 0.028671 
-0.621228 -0.617263 0.022392 
-0.403482 0.769926 0.016439 
0.916437 -0.393176 0.025798 
0.797674 0.573385 -0.027175 
0.791761 0.365122 0.015571 
-0.095851 0.865478 0.027602 
0.064588 0.984812 0.029896 
-0.530654 0.837691 0.009568 
0.718157 0.666426 -0.029609 
-0.239776 -0.970046 0.021374 
0.534121 0.816489 0.030271 
0.995466 -0.019020 0.025603 
-0.353977 -0.933474 0.025973 
-0.785312 0.584839 -0.029846 
0.338673 0.817625 0.030271 
0.870357 -0.174053 0.030180 
0.012116 0.881156 -0.028486 
-0.870965 -0.079876 0.027734 
-0.785165 -0.438442 0.030224 
-0.826882 0.388733 -0.030909 
0.655005 -0.599934 -0.025939 
0.750539 0.463188 -0.020839 
-0.017534 -0.987403 -0.028560 
-0.577927 -0.814088 0.010231 
0.363921 -0.798119 0.008539 
-0.327325 0.847930 -0.030909 
0.544801 0.724258 -0.030909 
0.885758 0.143151 -0.030866 
-0.695360 0.545276 0.030238 
-0.401916 -0.866212 -0.030909 
-0.478872 -0.793824 -0.030909 
0.791095 -0.538208 -0.030909 
-0.088458 -0.898166 -0.030909 
-0.941832 -0.092886 -0.030909 
0.296419 -0.953753 0.026161 
0.862877 -0.346257 -0.030909 
-0.654727 0.686464 -0.030909 
-0.686266 -0.648669 -0.030909 
0.103521 0.930872 -0.030909 
-0.236123 0.927800 -0.030909 
0.882680 -0.240806 -0.030909 
-0.865318 -0.285438 -0.030909 
0.514274 -0.802567 -0.030867 
-0.149833 0.904196 -0.030835 
-0.579334 -0.674734 -0.029641 
0.928731 0.004093 -0.030909 
-0.179880 -0.924973 -0.030909 
-0.924829 0.105144 -0.030909 
0.657311 0.606045 -0.030909 
-0.480738 0.781260 -0.030909 
0.048067 -0.924023 -0.030909 
0.814531 0.505102 0.026526 
-0.753954 -0.576085 -0.030909 
0.867923 0.310819 -0.030828 
0.314694 0.875217 -0.030909 
-0.822256 -0.394231 -0.030909 
0.954977 -0.191909 -0.030909 
0.429685 -0.840927 -0.030909 
-0.977410 0.040645 -0.030813 
0.764136 0.629499 0.029037 
0.637635 0.688218 -0.030909 
0.880534 -0.444433 -0.028139 
-0.772999 0.407359 0.028696 
-0.930490 -0.204315 -0.030909 
-0.708767 0.613702 -0.030836 
0.271224 -0.900687 -0.030859 
0.968329 -0.083734 -0.030909 
-0.919022 0.276684 0.027572 
-0.945359 0.174148 0.029065 
0.612679 -0.729818 -0.030779 
0.495027 0.742584 0.030229 
0.401878 -0.885186 0.030204 
0.165613 -0.952542 0.029685 
0.486068 0.828404 -0.030909 
0.779770 -0.468836 0.029254 
-0.795866 0.530248 0.025785 
0.728056 -0.639519 -0.030909 
-0.563534 0.753029 -0.030909 
0.547155 -0.742723 0.011733 
-0.880592 0.310073 -0.030860 
0.260509 0.937016 -0.030909 
0.022125 0.962947 -0.030909 
0.945798 0.164637 0.026635 
0.381462 0.836252 -0.030909 
-0.877532 -0.134645 -0.028330 
0.900809 -0.032314 0.030256 
-0.871219 0.207103 -0.030909 
-0.584993 0.693389 0.024533 
-0.759520 -0.475363 -0.030909 
-0.059605 0.905980 -0.030909 
-0.232429 -0.858153 0.030271 
0.854254 0.385700 -0.030909 
0.184867 0.893293 0.014335 
-0.323172 -0.852728 0.028232 
-0.568770 -0.749477 -0.030909 
-0.288502 0.822248 0.028318 
0.927922 0.079077 -0.030840 
0.197031 -0.875968 -0.030811 
0.680196 0.692821 0.030271 
0.318234 -0.842012 -0.030789 
-0.291407 -0.935130 -0.030909 
0.728006 0.540414 -0.030909 
0.825442 -0.365874 0.030254 
0.857920 0.176758 0.028912 
-0.848721 -0.479278 0.030245 
-0.899612 -0.351673 -0.030909 
-0.422283 0.826422 -0.030841 
-0.831102 0.347795 0.030156 
0.022546 -0.968625 0.030271 
-0.875731 0.413372 0.030170 
-0.452997 -0.762505 0.030271 
0.924726 0.266439 0.029533 
0.637405 -0.652644 0.027290 
0.062196 -0.882454 0.030271 
-0.828081 0.464298 -0.030909 
0.582244 0.786340 -0.030148 
-0.697556 -0.592890 0.020540 
-0.790085 -0.562723 0.030271 
-0.891067 0.067673 0.030250 
-0.746751 0.604514 0.029426 
0.886330 0.223388 -0.030816 
0.127859 -0.949835 -0.030909 
-0.706199 -0.687533 0.030176 
0.274576 0.856638 0.030269 
-0.024880 0.898315 0.030266 
-0.051446 -0.967500 0.030247 
0.927819 -0.318598 -0.030843 
0.695299 -0.575309 0.030243 
-0.919899 -0.029635 0.009868 
0.797043 0.436911 0.024655 
-0.463642 0.844581 0.030271 
-0.354549 0.884970 0.021799 
-0.106581 0.944513 0.016542 
0.881392 0.405602 0.030271 
0.643491 -0.742443 0.030149 
-0.419008 -0.906737 0.022566 
0.728452 -0.567543 -0.030909 
0.361708 0.882133 0.021027 
0.919100 -0.131330 0.007060 
0.565911 0.698788 0.030261 
0.900417 0.105009 0.029605 
0.935720 0.302682 -0.027679 
0.046213 0.886608 0.030208 
-0.725615 0.535870 -0.030888 
-0.672497 0.713795 0.030232 
-0.976888 -0.099996 0.030243 
0.715637 -0.664489 0.030271 
-0.968018 -0.233555 0.019666 
0.550055 -0.834278 0.024634 
0.809605 -0.555982 0.030252 
0.816195 -0.477286 -0.030909 
-0.463334 0.746991 0.030271 
-0.864093 -0.458481 -0.030909 
-0.640460 -0.679790 0.006060 
0.733161 0.505064 0.030245 
-0.000750 0.982982 0.030271 
-0.174202 0.887514 0.028043 
0.235822 0.930886 0.029931 
-0.178364 -0.950040 0.029682 
-0.349858 -0.827338 -0.030909 
0.968149 -0.208857 0.030207 
-0.358391 0.814120 0.030271 
0.484664 0.861089 0.029704 
-0.515821 -0.813774 0.027806 
-0.673943 0.608573 0.023049 
0.981129 0.041394 -0.030005 
0.398083 0.793010 0.030202 
-0.849644 0.210284 0.029461 
-0.606904 -0.758085 0.030253 
-0.300354 0.917456 -0.030909 
-0.091771 -0.874592 0.028165 
0.048289 -0.987664 -0.026706 
-0.890577 -0.155833 0.030150 
-0.734314 0.493953 0.030271 
-0.568242 -0.692488 0.030206 
0.213614 -0.880554 0.030160 
0.654388 0.623698 0.029628 
0.837607 0.307979 0.030271 
-0.405921 -0.798498 -0.030909 
-0.960283 0.035205 0.029451 
-0.834067 -0.260583 0.020706 
0.870757 -0.094581 0.028166 
-0.889038 0.393772 -0.030909 
0.747607 -0.485963 -0.030697 
0.710105 0.608788 0.006081 
0.912938 -0.307405 0.029016 
-0.227225 0.935221 0.030204 
-0.582283 0.801966 0.026361 
-0.195077 -0.865430 -0.022703 
0.441362 -0.802718 0.020529 
0.965841 -0.072957 0.030271 
0.581796 0.774105 0.030271 
0.129725 0.981854 0.027570 
0.811752 0.473110 -0.030909 
0.318993 -0.895760 0.009248 
0.617955 -0.654637 -0.030909 
0.497610 0.763491 -0.030909 
-0.523789 -0.835850 -0.028844 
-0.949099 0.161333 -0.030909 
-0.595162 0.657628 -0.030909 
0.862987 -0.442222 0.030271 
0.073612 0.877871 -0.027906 
-0.294799 -0.919819 0.029546 
-0.486068 0.848395 -0.030252 
0.796986 0.405809 -0.030909 
-0.901143 -0.242448 0.005984 
-0.097657 -0.958081 -0.030909 
-0.897487 -0.352473 0.029578 
-0.129302 -0.920705 0.007467 
0.968534 0.166599 -0.028909 
-0.938325 0.292823 -0.026805 
0.150848 0.867945 -0.027752 
-0.818882 0.325521 -0.023896 
0.237103 -0.958255 0.030176 
0.913203 0.357819 -0.029914 
0.781888 0.572572 0.030271 
-0.340355 -0.901234 -0.030909 
-0.134509 0.967677 -0.030434 
0.779319 -0.599824 -0.030567 
-0.015311 -0.928228 -0.030909 
-0.813404 0.529173 -0.030801 
0.759479 0.618558 -0.029909 
0.873041 -0.168491 -0.028686 
-0.650177 0.621103 -0.030909 
0.862320 -0.232322 0.030208 
0.580089 0.676103 -0.030909 
-0.764644 -0.493127 0.028200 
0.959044 0.056884 0.027476 
-0.525987 0.776338 0.006971 
-0.235561 -0.910882 0.005984 
-0.881554 -0.059558 -0.025427 
-0.660007 -0.590386 -0.023447 
-0.983225 -0.040491 -0.027090 
-0.784064 0.467134 0.015523 
-0.375785 0.894650 -0.030909 
0.328347 -0.843096 0.030166 
-0.877788 0.003738 0.029921 
-0.619385 -0.722595 -0.030909 
-0.458975 -0.870529 -0.030434 
-0.258722 0.875254 -0.030909 
-0.964013 0.228171 0.029241 
-0.974122 -0.141108 -0.027780 
-0.948882 -0.258372 -0.029479 
-0.785154 -0.384672 0.010941 
0.499214 -0.739695 -0.030587 
0.163575 0.923062 -0.030909 
0.322687 0.819403 -0.026209 
0.432851 -0.780251 -0.030602 
0.906207 -0.386122 -0.029274 
0.917544 -0.213708 0.006851 
0.088536 -0.934679 0.005984 
-0.611257 0.724227 -0.030909 
0.981448 -0.029632 -0.029953 
0.373221 0.907395 -0.027180 
0.376725 -0.857939 -0.030843 
0.210845 0.846301 0.028630 
0.600313 0.734018 -0.030909 
0.566833 -0.786359 -0.030842 
0.485014 -0.854772 -0.030850 
0.831458 0.523951 -0.026927 
0.215837 0.901254 -0.030909 
-0.978733 0.095010 -0.027331 
0.419306 -0.895914 -0.020221 
-0.778676 -0.526252 -0.030909 
-0.836811 -0.341867 -0.030909 
-0.682692 -0.702867 -0.030909 
-0.429915 -0.810062 0.017857 
-0.046553 -0.912994 0.025804 
0.775642 0.513548 -0.030909 
0.776696 -0.404337 0.023917 
-0.621647 -0.641409 -0.030909 
-0.372297 0.806349 -0.030871 
-0.932876 -0.131827 0.007100 
-0.858682 -0.381320 0.006229 
-0.879812 0.076773 -0.025111 
0.079587 0.978082 -0.023383 
-0.738190 -0.636047 -0.030909 
0.562168 -0.712884 -0.030794 
0.864212 0.480991 0.029908 
-0.803261 0.582903 0.023804 
-0.904903 0.118167 0.018009 
0.092314 -0.894679 -0.030909 
-0.838367 -0.431621 0.006973 
0.138682 0.971600 -0.023732 
0.964737 0.214037 0.030267 
0.048664 0.937496 0.007295 
-0.106957 0.872696 -0.023722 
0.646447 -0.595787 0.029094 
-0.196736 0.879733 -0.030909 
-0.515956 -0.747560 -0.030909 
-0.889753 0.152093 -0.030909 
0.433946 0.853146 -0.030909 
0.811701 -0.353879 -0.020909 
-0.916832 -0.300021 -0.030909 
-0.894111 0.185517 0.016651 
-0.452658 0.796995 0.010320 
0.939400 -0.242361 -0.030909 
0.841795 -0.272842 -0.023224 
-0.212791 -0.965237 -0.026920 
0.475243 0.790904 0.007396 
-0.697621 -0.554993 -0.030028 
-0.811538 -0.455081 -0.030909 
-0.938600 0.006282 -0.030909 
0.757377 -0.534423 0.008287 
-0.549329 0.695942 -0.030908 
-0.667017 0.574525 -0.016363 
-0.380001 -0.843346 0.009750 
-0.162419 -0.975800 -0.012006 
0.739016 -0.595979 0.011011 
0.498664 -0.822523 0.024847 
0.872066 0.345894 0.006468 
0.883530 -0.023696 -0.017217 
0.533879 0.765507 0.005984 
-0.298583 0.882000 0.005984 
0.533228 0.808582 -0.030909 
0.019711 -0.920485 0.013769 
-0.647884 0.654712 0.008185 
-0.755946 0.627137 -0.017637 
-0.846076 0.256158 -0.027427 
0.722243 0.664417 0.030271 
-0.256323 0.866115 0.029212 
0.614331 -0.693722 0.008692 
0.681694 -0.626166 0.009086 
0.839811 -0.520060 -0.017958 
0.968220 -0.134264 -0.030909 
-0.272594 -0.833693 0.010732 
-0.906813 0.246787 -0.030903 
0.174670 -0.921116 -0.030869 
0.279690 0.906752 0.013791 
-0.425722 0.776408 -0.030820 
-0.874813 0.446606 -0.027075 
-0.747549 -0.595450 0.014831 
-0.023453 0.942264 -0.030909 
-0.514622 0.742574 -0.030909 
0.881250 0.065918 -0.019304 
0.440397 -0.854608 0.022672 
-0.839075 0.442571 0.013560 
-0.056349 0.958095 0.029949 
-0.666521 -0.636290 0.015041 
-0.546622 -0.772083 0.007314 
0.327257 0.925583 -0.023865 
0.670620 -0.701072 0.030233 
-0.879169 0.345575 0.011596 
-0.796001 0.368717 0.002104 
0.165690 -0.903573 0.016473 
0.962822 0.113947 -0.030896 
-0.564587 0.802188 -0.026913 
0.153841 0.937833 0.015977 
0.882393 -0.358879 0.016141 
0.094156 0.909562 0.012230 
0.918788 -0.072985 0.010024 
0.214562 0.953320 -0.030380 
-0.282518 0.832790 -0.019159 
-0.604478 -0.781950 -0.024350 
0.934297 -0.348701 0.014541 
0.748023 0.458707 0.030142 
-0.758824 0.556562 0.008363 
-0.630454 0.701179 0.009078 
0.530696 -0.699823 0.027644 
0.823291 -0.424839 0.008290 
-0.708713 0.662243 -0.030851 
-0.753385 -0.536801 0.010324 
0.905036 -0.261715 0.006723 
-0.356065 -0.886700 0.013300 
-0.803807 -0.567704 -0.029640 
0.167373 -0.975068 -0.018576 
0.615867 0.630601 -0.025769 
0.859404 -0.398481 -0.030909 
-0.499360 -0.769158 0.017412 
0.236198 -0.855245 -0.009898 
0.609178 0.691732 0.008072 
0.804330 -0.507031 0.012256 
-0.389767 0.841554 0.006072 
-0.828792 -0.534015 0.030271 
0.536454 -0.789633 0.012462 
-0.543379 -0.708027 -0.030845 
0.877965 0.284796 0.008361 
0.371551 -0.922502 0.029875 
0.883765 0.217053 0.024390 
-0.424844 -0.858926 0.017007 
-0.146303 -0.890684 -0.030909 
0.951365 -0.006070 0.011980 
0.265141 -0.953440 -0.010107 
0.690330 0.569886 -0.030909 
-0.194417 0.961971 -0.023677 
-0.857566 -0.332693 0.012263 
-0.777773 -0.422413 -0.022899 
-0.872566 0.263273 0.018197 
-0.933215 -0.179173 0.011687 
-0.806347 -0.485821 0.006519 
0.917765 0.035808 0.011997 
0.665145 0.723359 -0.014965 
-0.796327 0.429195 -0.030909 
0.270003 0.890678 -0.030909 
-0.384440 -0.911296 -0.017452 
0.647851 -0.696119 -0.030867 
-0.264755 0.955612 0.010266 
0.819743 0.325855 -0.009456 
-0.977778 0.144452 0.002396 
-0.884862 -0.218210 -0.030909 
0.736431 0.568357 0.005984 
0.943528 -0.168367 0.022511 
0.441190 0.755442 0.029846 
-0.920759 0.224212 0.011536 
0.828944 0.548578 0.016653 
0.216270 -0.921221 0.007121 
0.397224 -0.830615 0.013523 
-0.558222 -0.804111 -0.030909 
0.880194 -0.298256 -0.030909 
0.524700 0.699716 0.003338 
0.393738 0.787113 -0.020293 
0.598668 -0.750970 0.020787 
0.851621 -0.325555 0.026403 
0.863405 0.129828 0.016495 
0.439819 0.840838 0.013450 
-0.926820 0.050997 -0.030909 
0.265356 -0.883984 0.011726 
-0.548157 0.734329 0.010818 
0.271146 0.953976 0.011593 
0.841516 0.440175 0.012767 
-0.145613 0.857552 0.008017 
0.834322 0.382433 0.015319 
-0.516143 0.810507 -0.030909 
-0.859754 0.356667 -0.030909 
0.866195 -0.133966 0.005026 
-0.931432 0.079011 0.005984 
-0.276986 -0.881821 0.010237 
-0.129638 0.982847 0.025607 
0.673421 0.657614 -0.030909 
-0.588508 -0.648860 0.022146 
-0.903676 -0.309437 0.016316 
0.925099 0.204764 0.010031 
0.766476 -0.444022 -0.024263 
0.139725 -0.989859 0.014122 
-0.792833 -0.605690 0.016200 
-0.326060 0.848468 0.019110 
0.503093 -0.751682 0.030217 
-0.590402 0.750635 0.026018 
0.904492 0.264773 -0.030858 
-0.935276 -0.041600 -0.030909 
-0.840899 0.527410 0.024785 
0.294098 0.818405 0.008569 
-0.160853 0.934665 0.013665 
-0.708821 0.583554 0.009874 
0.939890 0.111365 0.009176 
0.015310 -0.893326 -0.030776 
-0.917356 -0.090013 0.009327 
-0.028919 0.879119 -0.011178 
-0.173218 -0.903575 0.014184 
-0.237150 0.899266 0.005984 
-0.034505 -0.886948 -0.021459 
0.863467 -0.398894 0.013679 
-0.876351 -0.397720 -0.030909 
0.105449 -0.895976 0.030200 
-0.120741 0.902594 0.016368 
0.391958 -0.816405 -0.030859 
-0.655239 -0.581182 0.025936 
-0.111952 0.929680 -0.030880 
-0.830890 -0.303337 -0.007145 
-0.447144 0.869249 -0.030110 
0.689940 -0.665581 -0.030909 
0.920887 -0.163857 -0.030909 
-0.074365 -0.986975 -0.002021 
-0.002873 -0.999810 0.012299 
0.995473 0.023638 0.014589 
0.041583 0.913784 -0.030909 
-0.710260 -0.640551 0.015795 
-0.050394 -0.958327 -0.030909 
0.477711 -0.778214 -0.030808 
0.835279 0.284774 -0.009703 
-0.776407 0.505533 -0.030852 
-0.438589 -0.770856 -0.021218 
-0.100362 -0.953056 0.016069 
0.863146 -0.480377 -0.010098 
0.609197 -0.775284 -0.029543 
0.365179 -0.875692 0.008251 
0.946198 0.304496 0.026499 
-0.922181 0.338394 -0.027415 
-0.077162 0.912774 0.010600 
-0.898690 -0.172769 -0.030909 
0.087683 -0.966953 -0.030909 
-0.588224 -0.723210 0.006557 
-0.495684 0.815530 0.024903 
-0.716217 -0.680134 -0.015017 
0.005277 0.868960 0.013532 
-0.018164 0.946298 0.011965 
-0.854569 0.306424 0.027023 
0.317117 -0.912278 -0.030789 
0.765397 0.533852 0.005984 
0.830789 -0.467778 0.016593 
0.898307 0.165139 0.018398 
-0.476623 -0.831594 0.017637 
-0.941961 0.313402 0.027064 
-0.742280 0.581745 -0.030828 
0.698502 -0.545177 -0.001471 
-0.444614 -0.819991 -0.030909 
0.273849 -0.854175 -0.030836 
0.722891 -0.521245 -0.030137 
0.324163 0.854367 0.013102 
0.446859 0.803672 -0.030909 
0.652634 0.576930 0.025492 
0.886872 0.024685 -0.030094 
-0.656330 0.730790 -0.008286 
0.521841 -0.840012 -0.011282 
-0.476417 -0.747476 -0.011624 
-0.388591 0.911722 0.025830 
-0.283498 -0.958047 0.013857 
-0.951285 -0.058329 0.014781 
0.194025 -0.980891 0.014379 
0.984375 0.147032 0.021153 
0.749720 -0.657132 0.005619 
0.064934 -0.963924 0.029477 
-0.826412 0.398723 0.010554 
-0.599361 0.775994 -0.028365 
-0.570993 0.656378 0.008714 
0.896169 0.396878 -0.030163 
-0.749702 0.442679 0.009505 
0.862659 0.188679 -0.023773 
-0.085056 0.987678 0.019225 
0.297738 -0.826781 0.005461 
-0.713401 0.634738 0.023942 
0.860244 -0.206487 -0.014475 
-0.351039 0.923352 0.003834 
0.143825 0.894935 0.025186 
-0.987788 -0.002490 0.001179 
0.729490 0.588223 -0.030909 
0.683636 0.652901 0.010002 
0.166839 -0.862497 0.027040 
-0.253509 -0.900091 -0.030909 
0.903854 -0.113886 -0.030909 
0.773429 -0.578429 0.029407 
0.917998 -0.044132 -0.030909 
-0.883815 -0.461114 0.015368 
0.574305 0.808056 0.006314 
0.393167 0.851004 0.006800 
0.644368 -0.750276 -0.011998 
-0.868273 -0.285156 0.019484 
-0.937481 -0.337596 0.010197 
-0.907918 0.400374 0.006415 
-0.305653 -0.832490 -0.022358 
0.133413 -0.903349 -0.030909 
-0.322333 0.807897 0.008040 
0.360053 0.923902 0.024529 
0.643513 0.713148 0.029664 
-0.662639 -0.708657 0.030256 
-0.924146 0.197833 -0.030909 
-0.923059 -0.270262 0.028389 
0.770286 0.409894 0.007067 
0.790785 0.475346 0.009042 
0.694098 -0.613867 -0.030909 
-0.876961 -0.029364 0.003039 
0.478553 -0.784433 0.015755 
-0.921056 0.012027 0.009343 
-0.425160 0.861926 0.030164 
0.925113 0.156705 -0.030906 
-0.993448 0.054668 0.013551 
0.411558 -0.774216 0.015139 
0.810972 -0.328505 0.018285 
0.605289 -0.634003 0.008635 
-0.251052 -0.944828 -0.030909 
0.874968 -0.000003 0.027051 
-0.766778 0.546061 -0.030831 
-0.522149 -0.851156 0.011412 
-0.541411 -0.732932 0.028438 
0.947440 0.268729 -0.007378 
-0.884689 0.451235 0.016486 
-0.090246 0.965815 -0.030909 
0.468602 0.744861 -0.004266 
-0.773191 -0.612396 -0.027680 
-0.821381 -0.381343 0.030149 
0.925267 0.200969 -0.030864 
0.099530 0.948692 0.023125 
-0.845884 0.500446 -0.023577 
-0.414034 -0.772370 0.015938 
-0.707864 0.511583 0.004537 
-0.965003 -0.202473 -0.009055 
0.576035 0.741046 0.007005 
0.286249 0.846014 -0.030909 
0.452082 -0.890491 0.007312 
-0.933146 -0.146471 -0.030909 
0.149855 0.856530 0.011313 
-0.458035 0.750842 -0.016203 
0.872467 -0.285070 0.013850 
-0.950580 0.119300 0.025712 
-0.867809 -0.165668 -0.001896 
0.336230 -0.941213 0.023391 
-0.731078 -0.498836 -0.008911 
0.802615 0.366277 -0.024332 
0.239052 0.875049 0.024296 
-0.952375 0.254469 0.000336 
-0.271159 0.914020 0.021905 
-0.866795 -0.114002 0.006687 
0.341120 -0.876840 -0.030848 
0.270006 -0.923456 0.023987 
0.637216 0.662937 0.009443 
-0.711082 -0.606349 -0.030909 
-0.869127 0.103498 0.029033 
-0.905472 -0.257778 -0.030909 
0.110299 -0.960471 0.029676 
0.137161 -0.935606 0.006964 
-0.015849 0.981098 -0.023323 
0.726148 -0.548668 0.029066 
-0.546244 0.685008 0.030145 
-0.979984 -0.101666 -0.009599 
-0.481922 -0.834290 -0.030909 
-0.698902 0.691719 -0.000858 
0.809133 -0.566967 -0.009874 
0.740672 -0.476802 0.029945 
0.906732 0.310234 0.026546 
0.850635 0.494717 -0.007747 
0.191322 0.938880 0.029437 
0.852201 0.425457 -0.030909 
0.356423 0.871515 -0.030909 
-0.158723 -0.985841 0.026282 
0.012812 0.907611 0.021920 
0.707101 0.517571 0.003033 
0.832345 -0.320941 -0.030909 
0.788023 0.604133 0.007174 
-0.780616 0.613113 0.010850 
0.894906 0.368503 0.030271 
-0.500561 0.733847 0.030224 
0.044261 -0.998509 0.016461 
-0.336354 0.894898 -0.030909 
0.355481 0.804651 -0.010058 
0.232561 -0.908151 -0.030877 
0.699951 0.617653 -0.030909 
0.729980 0.501131 -0.029441 
0.913894 -0.202577 -0.030909 
-0.882016 -0.211300 0.029461 
-0.378757 0.848789 -0.030909 
0.872375 -0.051450 0.011113 
-0.233205 -0.859086 -0.029316 
0.973089 -0.161721 -0.003351 
0.948855 -0.105348 0.016366 
0.245973 0.834282 0.007514 
-0.852095 -0.498964 -0.006259 
-0.871841 -0.412443 0.029469 
0.868866 0.085823 0.011903 
0.833923 -0.427949 -0.030909 
-0.766822 0.502636 0.010765 
-0.183790 0.923071 -0.030903 
-0.749194 -0.452290 0.025380 
0.522387 -0.716555 -0.009698 
-0.679187 0.675361 0.028287 
0.574748 -0.697839 0.030169 
0.897567 -0.415649 0.000413 
0.702642 0.688404 -0.001716 
-0.217114 -0.939303 0.027781 
-0.067427 -0.884646 -0.001221 
-0.918597 -0.387330 0.021542 
-0.219861 -0.921905 -0.030909 
-0.541440 0.806754 0.030143 
-0.206630 -0.886928 0.029294 
0.849290 0.241654 -0.020973 
0.058637 -0.885330 -0.008091 
-0.820568 0.479354 0.018429 
-0.814720 0.552201 0.000145 
-0.968645 0.185556 0.000517 
0.399811 0.907765 0.016616 
0.888908 0.430430 0.001795 
-0.073037 0.876133 -0.005918 
-0.648103 -0.672580 -0.030909 
0.630712 0.602068 0.006503 
-0.297048 0.871556 -0.030909 
0.557589 0.668635 0.008040 
-0.632695 -0.759037 -0.012062 
-0.648641 0.579842 0.024431 
-0.854192 -0.248829 -0.029568 
-0.755000 0.641853 0.027670 
-0.183195 0.850422 0.026933 
-0.953714 -0.011001 0.015881 
0.785501 -0.500562 -0.030909 
0.195667 0.857365 -0.016148 
-0.252755 0.831539 0.009618 
-0.118695 -0.876384 0.001404 
-0.313948 -0.889797 0.006536 
-0.820378 -0.560436 0.003708 
0.888060 0.105305 -0.030883 
-0.871700 0.043449 0.008615 
-0.393550 -0.878120 0.026055 
0.942042 -0.283612 -0.029553 
0.949210 -0.044890 0.011362 
-0.218196 0.964978 0.005365 
0.991329 -0.086554 0.006142 
0.968087 0.190639 0.000001 
0.520890 0.838267 0.002719 
0.757325 -0.439311 0.023547 
-0.909656 -0.112158 -0.030909 
-0.714481 -0.560678 0.029583 
0.616519 0.764931 -0.017212 
0.329218 0.903396 0.030271 
0.916843 0.073149 0.010827 
0.290979 -0.863053 0.029093 
0.528489 0.725980 0.030256 
-0.325147 -0.867116 -0.030909 
-0.901146 0.316853 0.020825 
0.983440 0.068849 -0.004840 
-0.395437 0.809919 0.029907 
0.497628 0.726764 -0.024654 
-0.021967 -0.954172 0.011799 
0.222434 0.902879 0.005984 
-0.888041 0.114905 -0.030909 
-0.484272 0.863781 0.005951 
0.301300 -0.942486 -0.008940 
-0.624023 -0.713327 0.008402 
0.552864 -0.820237 -0.016219 
0.433988 0.804215 0.013319 
-0.488535 0.769762 0.015385 
-0.607509 -0.792632 0.016529 
-0.866712 -0.246099 0.030271 
0.674331 -0.736692 0.010602 
0.933276 -0.238992 0.028674 
0.799182 0.400486 0.030227 
0.806997 0.330983 0.024767 
-0.429433 -0.891019 -0.009054 
0.460366 0.867386 -0.009591 
0.712550 -0.699832 0.020640 
-0.617533 0.663253 0.027011 
0.963319 0.249945 0.022921 
0.723650 -0.673224 -0.017228 
0.838831 -0.540798 0.014232 
-0.814466 0.309486 0.020156 
0.839839 -0.248830 0.006577 
-0.645725 0.738641 0.030264 
0.530717 -0.769955 -0.030903 
0.665441 -0.638528 -0.030909 
0.201470 -0.945856 0.029763 
-0.693549 0.542120 -0.009330 
-0.613904 -0.685974 -0.030909 
0.985985 0.005178 -0.015250 
0.785302 0.440197 -0.030909 
-0.053838 -0.916152 -0.030909 
0.024552 0.957059 0.028962 
0.109600 0.880977 -0.030909 
-0.643229 -0.756908 0.029952 
0.165256 -0.871990 -0.007877 
-0.941284 -0.209337 0.030037 
0.417263 0.887787 -0.026875 
0.580928 -0.671887 -0.027551 
-0.079886 -0.918087 0.012933 
0.472141 -0.813838 -0.030861 
0.949549 -0.304328 0.018563 
-0.841795 0.239463 0.004085 
0.894769 -0.147722 0.029772 
0.049767 -0.941191 0.006201 
-0.307178 -0.821104 0.022665 
-0.734058 0.653119 -0.006119 
-0.675129 -0.674327 0.013311 
0.805586 -0.589379 0.017947 
0.489757 0.819265 0.023750 
0.343332 -0.818195 -0.021726 
0.449910 -0.879208 -0.028175 
-0.689146 -0.713893 0.002475 
-0.842801 0.299908 -0.030909 
0.411466 0.876315 0.030271 
0.960100 -0.227875 -0.005668 
0.912841 -0.000268 0.020135 
0.573734 -0.800486 0.030271 
-0.038889 0.989102 0.027440 
-0.326505 -0.933488 -0.024680 
-0.446730 -0.885652 0.030163 
-0.862076 -0.181608 0.030269 
-0.968411 -0.135576 0.030205 
-0.725522 -0.489364 0.024920 
0.872244 0.443809 0.030271 
-0.038981 -0.989633 -0.000373 
0.551838 0.759016 -0.030909 
-0.804732 -0.367777 -0.013312 
-0.297637 -0.890782 -0.030909 
0.925389 0.335961 -0.004864 
-0.348367 -0.827929 0.030199 
-0.632624 -0.649845 0.030148 
0.751875 0.592718 0.026415 
-0.855232 0.409835 -0.030909 
-0.570938 -0.783507 0.030271 
-0.192182 -0.980090 0.006541 
-0.738708 0.528364 0.023744 
0.021810 0.987203 0.003603 
0.060467 0.943461 -0.030909 
0.600419 -0.661291 0.030270 
-0.132114 -0.951106 -0.030909 
0.677149 -0.572454 -0.007157 
-0.724956 0.501286 -0.024908 
-0.698595 0.579109 -0.030880 
0.953276 -0.050465 -0.030909 
-0.792233 0.392383 -0.027102 
-0.723456 -0.531332 -0.030909 
-0.991974 -0.057721 0.005431 
-0.790759 -0.532345 0.012934 
0.929318 -0.276521 0.030211 
-0.311801 0.904982 0.028789 
-0.206561 0.916123 0.007386 
-0.992177 0.020986 0.028562 
-0.801322 0.427383 0.024678 
-0.846584 0.369282 0.007454 
0.518421 -0.851014 0.028664 
0.929472 -0.077070 -0.030909 
-0.408025 0.881344 -0.030909 
0.510074 0.791972 0.008338 
-0.613768 0.630567 -0.019294 
0.306462 -0.920521 0.030271 
-0.048086 -0.878372 0.028676 
-0.467367 -0.799184 0.009112 
-0.674846 -0.557766 0.009333 
-0.143800 -0.953060 0.027615 
-0.740210 -0.663325 0.003682 
0.878121 -0.103212 -0.005909 
-0.780186 0.464362 -0.030909 
0.647110 -0.682633 0.005984 
-0.636421 -0.616581 -0.011728 
0.770355 -0.498955 0.014986 
-0.928072 -0.332611 -0.025978 
0.917245 0.046160 -0.030846 
0.220361 0.966722 0.013861 
0.905458 0.249325 0.006542 
-0.255137 -0.929252 0.027692 
0.756487 0.559879 -0.030909 
-0.086527 -0.981298 0.030225 
-0.968151 0.070939 0.030248 
0.364993 -0.841601 0.018401 
-0.436414 0.768403 0.030271 
-0.912581 0.158189 0.006934 
-0.832770 -0.298887 0.030271 
-0.187184 -0.856659 0.013693 
0.290621 0.937574 -0.011453 
0.844538 0.336146 -0.030865 
-0.950056 0.076467 -0.030909 
-0.865242 0.172353 -0.008534 
0.761658 -0.558887 -0.030909 
-0.289880 0.937558 -0.005170 
-0.909491 -0.383099 -0.011233 
0.748767 0.652800 0.009152 
-0.971098 -0.004586 -0.030909 
0.688127 0.585555 0.029749 
0.867794 0.163282 -0.000999 
-0.057630 0.940310 -0.030909 
0.726281 -0.626341 0.020267 
-0.314133 -0.948333 0.025502 
0.940056 -0.114910 -0.030909 
0.308702 0.888081 0.007707 
-0.065812 0.887266 0.030218 
0.911014 0.398144 0.015081 
-0.860619 0.475224 -0.005965 
0.810049 -0.401703 0.030262 
0.170590 0.961835 -0.030444 
0.842255 0.341438 0.026199 
-0.577435 0.720530 -0.030909 
-0.014792 -0.920952 0.013404 
-0.399002 -0.820528 0.027415 
0.637228 0.734413 -0.030909 
-0.644672 0.624262 0.030219 
-0.560382 -0.686334 -0.003977 
-0.886309 -0.433547 -0.024835 
-0.045907 0.925268 0.006253 
0.586545 -0.722352 0.007151 
-0.392000 0.870011 0.024430 
0.493798 -0.727264 0.005106 
-0.916734 -0.209982 0.006688 
0.126289 -0.981692 -0.015885 
0.131629 0.911815 -0.030909 
0.900049 -0.185336 0.012805 
0.412119 0.765846 0.009637 
-0.371856 -0.881729 -0.030909 
-0.968298 -0.071831 -0.030909 
-0.600366 -0.690652 0.019834 
-0.593807 0.720241 0.005984 
0.060341 0.868772 0.005223 
0.691601 0.545888 -0.006959 
0.759088 -0.632781 -0.015853 
0.752523 -0.465118 0.000559 
-0.775278 0.418615 -0.003063 
0.922677 -0.350722 -0.021786 
-0.810742 -0.416900 0.025606 
-0.863320 0.179442 0.030258 
-0.107960 0.975550 -0.002385 
-0.207232 0.883418 0.022513 
0.630956 -0.622997 -0.020716 
0.111437 0.976222 -0.000172 
-0.889031 -0.319065 -0.030909 
-0.451571 0.878861 0.003965 
0.993985 0.058228 0.025260 
0.731316 -0.606071 -0.030909 
0.724427 0.630959 0.028565 
0.558726 -0.746261 -0.030829 
0.605653 0.785739 0.006738 
-0.510527 -0.780627 -0.030909 
-0.136552 -0.891091 0.030184 
0.858806 0.273659 -0.030798 
0.880091 -0.469946 0.016845 
0.765350 0.493231 0.021470 
0.667062 -0.729328 -0.024876 
-0.878314 -0.101269 -0.026600 
0.984481 -0.059478 -0.014588 
0.296624 0.911113 -0.030909 
0.719009 0.535295 0.030271 
0.907854 0.324588 -0.030890 
0.054174 0.980281 -0.001918 
0.798794 -0.358882 0.009406 
-0.798432 -0.499469 -0.030909 
0.670670 0.692153 -0.030909 
0.415198 -0.908911 0.010120 
0.916582 0.367659 0.001637 
0.850025 0.273340 0.030219 
-0.803691 0.384632 0.030205 
-0.165124 0.869662 -0.030724 
0.847641 0.207181 0.020642 
-0.885375 0.291312 0.005984 
0.931250 0.242522 -0.030886 
-0.865892 -0.188155 -0.026164 
0.900522 -0.115145 0.029529 
-0.330136 0.815605 -0.024705 
0.680457 0.722833 0.014293 
-0.808229 0.361494 -0.030098 
-0.194629 0.940498 0.030062 
-0.535506 -0.695971 0.028048 
-0.949895 -0.177655 -0.030909 
-0.158107 -0.873270 -0.004633 
-0.618048 0.681218 -0.030909 
0.455792 0.880303 0.026476 
-0.000027 0.919236 -0.030909 
0.876994 0.249317 0.022871 
-0.548241 -0.810208 0.030271 
0.479994 0.796271 -0.030909 
-0.889087 0.232216 0.010180 
-0.338697 -0.819801 -0.001186 
-0.363732 0.789427 0.009634 
0.607871 0.754507 0.030271 
-0.068235 -0.948317 0.009206 
-0.888511 -0.120252 0.030189 
-0.736616 0.472708 0.003106 
-0.413864 -0.830593 -0.030909 
-0.899979 0.363160 -0.030905 
-0.243772 0.846674 -0.027802 
-0.481217 -0.732592 0.016745 
0.973894 -0.176545 0.030271 
0.380319 0.825086 0.021351 
-0.832124 -0.492685 -0.030909 
-0.680357 0.646722 -0.030892 
0.278922 -0.932050 -0.030853 
0.623184 -0.772535 0.002055 
0.308933 -0.878969 -0.030786 
0.097580 0.984266 0.028465 
-0.163330 0.947974 -0.030891 
-0.540152 0.781588 -0.030909 
-0.547627 -0.823504 -0.007493 
0.390212 0.870804 -0.030909 
-0.926243 0.047258 0.006752 
0.892014 -0.428335 0.030271 
0.438395 -0.762477 0.028444 
0.206020 -0.935045 -0.030873 
-0.668427 0.557714 0.012104 
-0.954750 0.116864 -0.030909 
0.875366 -0.134219 -0.025694 
-0.130848 -0.980989 -0.013965 
0.102615 -0.930082 -0.030909 
-0.674530 0.635896 0.006331 
0.230988 -0.846207 0.021874 
-0.954211 -0.262258 0.001814 
0.167246 0.963089 0.030271 
0.030394 -0.961556 -0.030909 
0.806219 -0.446980 -0.030909 
0.740900 -0.515797 0.030144 
-0.635345 0.609691 -0.005090 
-0.424421 0.839118 0.007897 
-0.799500 0.347588 0.025966 
-0.688563 0.689551 -0.030909 
0.964849 -0.243118 0.028153 
0.660227 0.583127 -0.004772 
0.963489 0.108975 0.030271 
0.244644 0.950801 -0.007124 
-0.576760 -0.706336 -0.030909 
-0.026144 -0.987768 0.030195 
0.348024 0.840931 -0.030909 
0.239778 0.880469 -0.030909 
-0.953301 0.280556 0.018275 
-0.905853 -0.029909 -0.030909 
-0.895080 -0.184805 0.018083 
-0.830220 0.432760 -0.030909 
-0.814007 -0.451709 0.006428 
-0.154667 0.968936 -0.006171 
-0.090358 0.898907 -0.030873 
0.013513 -0.894341 0.030271 
-0.457910 -0.856199 0.030256 
-0.565938 -0.745440 0.005984 
0.804870 0.543033 -0.030909 
0.904337 0.133628 0.017435 
-0.242639 -0.849238 0.002010 
-0.430520 0.767025 -0.001306 
0.577911 0.712144 -0.030909 
0.882629 0.018043 0.000204 
-0.505287 0.852672 0.026322 
-0.187647 0.858858 -0.002825 
-0.596913 -0.654911 -0.013075 
0.375997 0.784362 0.009872 
-0.895491 0.049835 -0.030909 
0.821514 -0.398189 -0.030909 
0.697092 -0.532771 0.027489 
-0.863057 -0.443261 0.030251 
0.188660 0.886054 -0.030909 
-0.494009 0.728328 -0.005721 
-0.561557 0.817509 0.008997 
-0.871276 0.083026 0.004130 
0.869610 0.382675 0.012887 
0.179081 0.850563 0.020012 
-0.764845 -0.442387 0.000437 
-0.615118 0.731881 0.026053 
0.890673 -0.332489 -0.030909 
-0.936357 0.243403 0.030251 
0.553777 0.792537 0.030271 
-0.568799 0.671151 -0.021849 
-0.772657 0.440781 0.030215 
-0.761964 0.441675 -0.020337 
-0.896683 -0.020773 0.030216 
0.101137 -0.879704 0.000963 
0.490553 0.853186 0.000469 
-0.985107 -0.129816 0.004981 
-0.870491 -0.361542 -0.030909 
0.723522 0.485807 0.008298 
-0.765514 -0.566675 0.012225 
-0.511200 0.837867 -0.016074 
-0.549241 0.687562 -0.001359 
0.739701 -0.564880 0.006809 
0.903050 -0.336443 0.028190 
0.975972 0.135696 -0.013719 
0.018096 -0.887239 -0.000840 
0.753493 -0.519532 -0.030909 
0.786827 0.509106 0.006420 
-0.203420 -0.921926 0.006647 
-0.946764 -0.105554 0.014259 
-0.377288 -0.840821 -0.030909 
-0.540786 0.725265 -0.030909 
-0.915866 0.380410 0.028097 
0.093173 0.868283 0.003809 
0.976600 0.004483 0.030224 
-0.383842 -0.799701 -0.009925 
0.304918 0.838100 0.030254 
0.818960 0.419601 0.012450 
0.841827 -0.373624 -0.030909 
0.815462 0.436133 -0.030909 
-0.830461 -0.351081 0.030174 
-0.972215 -0.204780 0.028593 
0.665650 -0.569995 0.020862 
-0.326536 0.925556 -0.017794 
0.567029 -0.765656 0.010718 
-0.392753 -0.918632 0.013075 
0.864274 -0.179549 0.000984 
0.733666 -0.496476 -0.005936 
-0.929243 0.323469 -0.002016 
-0.233987 0.845676 0.030229 
0.195297 -0.855233 0.019639 
-0.116465 -0.885564 -0.030684 
0.357302 -0.929744 0.004174 
0.498442 0.713379 0.023094 
-0.904894 0.257828 0.007249 
0.659131 -0.628043 0.029101 
-0.292371 -0.846299 0.030271 
0.007600 -0.949116 0.008329 
-0.850887 -0.240021 -0.000885 
-0.776883 0.567062 0.030146 
0.959851 -0.008578 -0.030909 
0.009958 -0.989527 -0.016358 
0.393863 -0.793711 0.000484 
0.957603 0.084239 -0.030884 
-0.223177 -0.891967 -0.030909 
0.193712 0.931604 -0.030909 
0.449666 -0.764814 -0.006945 
0.227376 -0.966647 0.002059 
0.762572 0.442346 -0.002847 
-0.664479 -0.609453 0.030175 
-0.888960 0.270925 -0.030850 
-0.907705 0.031784 0.027547 
-0.270186 0.902965 -0.030909 
0.970180 -0.034814 0.030237 
0.948934 0.026213 -0.030909 
-0.488882 -0.859640 -0.016558 
-0.815713 -0.341485 -0.004088 
0.827343 0.408691 -0.030909 
0.854430 0.507592 0.020452 
-0.755492 -0.546247 -0.030909 
0.613976 0.659962 -0.030909 
0.467834 -0.845010 0.029509 
-0.075605 -0.937992 -0.030909 
-0.645037 -0.739495 -0.030909 
0.923312 -0.030460 0.008481 
-0.738055 -0.520731 0.030165 
-0.812386 -0.509900 0.022933 
0.625821 -0.723891 0.015046 
0.526399 -0.813270 0.030271 
-0.355895 -0.922633 -0.017312 
0.880833 0.337604 -0.030859 
-0.725468 -0.615453 0.011037 
0.236803 -0.892228 0.011519 
-0.872084 -0.050225 0.026309 
-0.529239 0.722064 0.030152 
0.530400 -0.737330 -0.030880 
0.835479 0.466295 0.025548 
-0.930885 0.196497 0.014675 
0.081639 -0.986169 -0.009127 
0.694553 -0.576054 -0.030909 
-0.847621 0.252655 0.030242 
0.410274 -0.863325 -0.030871 
-0.223278 0.955251 -0.023116 
-0.875326 -0.356868 0.008039 
0.893121 0.063088 0.030271 
0.063334 -0.949385 -0.030909 
-0.487550 0.818168 -0.030909 
-0.351671 0.856199 0.006471 
-0.976372 -0.061488 0.030258 
0.590164 0.654060 -0.014012 
0.451313 0.783189 0.029146 
0.891179 -0.444117 0.005019 
-0.051217 0.867479 0.013873 
0.527824 -0.730330 0.030270 
-0.637934 0.736843 -0.030909 
0.935900 0.224369 0.029238 
-0.976609 0.177666 0.027795 
0.580604 0.660390 0.030158 
-0.677840 0.611012 -0.030872 
0.445751 -0.827925 0.005984 
-0.909631 0.011451 -0.030909 
0.261788 0.883594 0.007702 
-0.861764 -0.141270 0.016482 
0.886338 0.424479 -0.027845 
-0.914664 -0.062542 -0.030909 
0.475776 -0.867325 -0.005501 
-0.012071 0.917347 0.009726 
0.618604 0.644606 0.030230 
-0.553131 0.765646 0.009938 
-0.449076 -0.835979 0.008596 
-0.960039 0.146681 0.030232 
0.833987 -0.296873 -0.008353 
-0.022282 0.900192 -0.030909 
0.407266 0.821127 0.010619 
-0.931459 0.108268 0.006336 
-0.927608 -0.299104 0.030271 
-0.023718 -0.894476 0.030271 
-0.789466 -0.593217 -0.012779 
0.956589 -0.130042 0.029907 
0.883577 -0.200323 -0.030909 
-0.130826 0.928329 0.006971 
0.504864 -0.792434 0.005984 
0.601935 0.727869 0.009504 
0.530001 0.779598 -0.030909 
-0.524874 -0.806783 -0.030909 
-0.262471 -0.852780 0.030271 
0.337374 -0.810072 0.007727 
-0.513561 -0.741249 0.030179 
0.738966 0.648719 -0.017943 
0.379422 -0.886914 -0.030883 
0.874368 0.126002 -0.010310 
-0.873011 0.128258 -0.007405 
0.790123 0.536888 0.020991 
-0.004270 -0.961632 -0.030909 
0.909364 0.126183 -0.030909 
0.458553 0.759032 -0.030827 
-0.880885 0.384812 0.029427 
0.975308 0.187052 0.028573 
0.465016 0.835898 0.026978 
0.143925 -0.890142 0.030183 
0.627551 -0.767097 0.030205 
-0.452030 0.825926 0.008427 
0.935033 0.139945 0.008770 
-0.439474 -0.849100 -0.030909 
0.898073 -0.073122 0.030271 
0.808304 -0.449594 0.008970 
0.920758 -0.161604 0.005984 
0.683863 -0.603589 0.027034 
0.423056 0.787262 -0.030909 
0.265204 -0.951277 0.030195 
0.588924 -0.754726 -0.030779 
-0.795068 0.551879 -0.030792 
-0.611068 0.779136 0.028061 
0.674103 -0.674235 0.011800 
-0.896393 0.189944 -0.030909 
-0.409274 -0.898151 -0.028403 
-0.880536 0.207346 0.029721 
-0.691488 -0.620423 0.007189 
-0.744956 -0.512122 -0.030909 
0.874969 -0.202470 0.030234 
0.879416 -0.369805 -0.030909 
0.229146 0.928520 -0.030909 
0.980343 -0.111858 -0.001940 
0.476178 -0.818537 0.007423 
0.607078 0.671392 0.028580 
0.453220 0.831659 -0.030909 
0.264286 0.927234 0.030271 
0.712450 -0.605557 0.005984 
-0.378594 0.906902 -0.000615 
-0.444145 0.798380 -0.030845 
0.354793 0.915435 -0.006737 
0.953895 0.199421 -0.030904 
0.391994 -0.908464 -0.006709 
0.356072 -0.817061 0.030194 
0.082285 0.870968 0.030141 
-0.624514 -0.735264 0.029387 
-0.247455 -0.958050 -0.005787 
-0.852125 0.196977 0.004254 
0.111327 0.967281 -0.030909 
0.885390 0.312358 0.006564 
0.844834 0.408917 0.006623 
0.679073 0.609454 0.016928 
0.712011 0.690880 0.026775 
0.333942 -0.931266 -0.017617 
-0.052859 -0.997280 0.026712 
0.543645 0.695771 -0.029072 
-0.274442 0.939382 -0.029135 
0.544829 -0.689711 0.005006 
-0.935817 -0.233064 -0.030909 
-0.883153 -0.001967 -0.001780 
0.789170 -0.389282 0.003184 
0.752729 -0.629835 0.030271 
0.901733 -0.005001 -0.030909 
0.261921 0.839749 -0.015446 
0.472728 0.760300 0.030248 
0.456315 -0.850997 -0.030909 
-0.770898 -0.414455 0.024768 
0.342829 -0.858265 0.010427 
-0.848200 -0.524130 0.012016 
0.140424 -0.876342 -0.022439 
-0.539604 0.820202 -0.010929 
-0.122019 0.876178 0.030193 
-0.850333 0.334173 0.014347 
-0.679053 0.715663 0.002693 
-0.927028 0.143523 -0.030909 
-0.960848 0.212428 -0.004102 
0.853655 -0.247962 -0.029847 
0.934834 0.106565 -0.030878 
-0.689379 -0.542948 0.028564 
-0.940900 -0.237609 0.030245 
0.890339 -0.305723 0.006549 
0.803637 0.509671 -0.030909 
0.810634 0.455473 0.005984 
-0.742331 -0.608103 -0.030909 
-0.973187 -0.155890 -0.002362 
-0.173737 -0.897283 -0.030909 
-0.230597 0.873132 -0.030909 
-0.296547 0.858261 0.021066 
0.130950 0.869464 -0.005116 
-0.264321 -0.911070 0.008217 
0.891944 0.022267 0.030210 
-0.745565 -0.620019 0.030257 
-0.458840 -0.884327 0.004756 
0.474462 -0.749320 -0.021184 
-0.674436 0.713336 -0.024995 
0.551805 0.824821 0.008645 
-0.525506 -0.793773 0.010544 
0.607692 -0.702146 -0.030813 
-0.896705 -0.090901 0.030220 
0.981932 0.084559 0.030271 
0.805075 0.581972 0.009900 
0.139345 -0.962423 0.030253 
-0.911482 0.370216 -0.006298 
0.265578 -0.844856 0.000862 
-0.741921 0.466988 0.030096 
0.136056 0.944650 -0.030909 
0.405306 -0.789183 -0.024668 
0.269467 0.829196 0.028233 
0.126057 0.940310 0.013852 
-0.914634 0.307153 -0.030798 
0.819999 0.298249 0.009450 
-0.908393 0.090323 0.017071 
0.571663 -0.819255 0.009665 
0.245056 0.957253 0.029366 
-0.916912 -0.062152 0.011388 
-0.689748 -0.588318 -0.030909 
0.910257 -0.236420 -0.030909 
-0.888319 -0.331797 0.009706 
-0.881690 0.158431 0.030185 
-0.334648 -0.934450 0.001993 
0.873358 -0.023591 0.012231 
0.856400 -0.346999 0.009214 
0.892680 -0.225646 0.010982 
-0.400887 0.789087 -0.030672 
-0.008060 0.986478 0.002889 
-0.979813 0.116708 0.000831 
0.792529 -0.590332 -0.007967 
0.202011 0.922238 0.009869 
-0.792834 0.580910 -0.001913 
-0.850703 -0.214014 0.029438 
-0.610335 -0.755568 -0.030909 
-0.720542 -0.581742 0.009554 
-0.413369 0.887317 0.030257 
-0.877735 -0.080607 0.000779 
0.240075 -0.929568 0.018731 
0.336076 0.892889 -0.030909 
0.177387 -0.948686 -0.030909 
0.761258 0.486643 -0.030909 
0.118362 -0.871565 0.028490 
0.059196 -0.917118 0.016038 
-0.119494 0.865261 0.003234 
0.121608 0.910632 0.009122 
0.880507 0.147636 0.030216 
-0.924952 0.335084 0.030163 
-0.148114 0.899341 0.015148 
-0.139001 -0.917267 -0.030909 
-0.838781 -0.447613 -0.030909 
-0.837877 -0.281833 -0.022855 
0.429399 -0.885085 0.030152 
0.712386 0.578977 0.014102 
-0.624457 0.653096 -0.030909 
-0.083351 0.953177 0.028717 
0.855067 -0.271548 0.030228 
0.166700 -0.985426 0.011733 
-0.212209 0.914348 -0.030909 
0.955645 0.276111 0.019923 
-0.805254 0.555633 0.030236 
-0.512881 0.753711 0.015226 
-0.250199 -0.887060 0.012688 
-0.686353 -0.618138 -0.030909 
0.854991 0.219432 -0.006016 
0.367567 -0.828843 -0.030800 
-0.705635 0.614399 0.007340 
0.903127 -0.141247 -0.030909 
0.904987 0.287081 0.011964 
-0.857386 0.401101 0.014032 
-0.712681 0.523097 0.030249 
-0.733843 -0.661008 0.030166 
0.418790 -0.848470 0.007201 
0.412397 0.836442 -0.030909 
0.985342 -0.098046 0.030120 
0.939439 0.296835 -0.001342 
0.213016 0.882605 0.021717 
-0.353872 -0.860255 0.007205 
0.784463 -0.532435 0.010121 
-0.008721 -0.887239 -0.012421 
-0.764836 0.481669 0.029535 
0.193918 -0.970658 -0.014603 
0.848391 -0.470940 -0.030909 
-0.487445 0.742928 -0.030909 
-0.587749 0.791080 0.002068 
0.408173 -0.796606 0.030161 
-0.178395 -0.964589 -0.030909 
-0.870579 -0.483570 0.006348 
0.932843 -0.192456 0.014043 
-0.537602 -0.782070 -0.030909 
0.071576 0.896164 0.030267 
0.817492 -0.528333 -0.030909 
-0.498927 -0.805974 0.008115 
-0.808427 0.502564 -0.030851 
0.791806 -0.481171 0.008383 
-0.983285 0.058571 -0.011433 
-0.900589 -0.283976 0.007748 
-0.944768 0.027110 0.008840 
0.921215 0.172373 0.005999 
0.210165 -0.862413 -0.010679 
-0.348241 0.807431 -0.003168 
-0.215612 -0.860862 -0.005812 
-0.865025 0.237298 -0.030909 
-0.971043 0.003830 0.030252 
-0.360495 -0.907682 0.030229 
0.469326 0.853565 -0.030909 
-0.140376 0.945709 0.027238 
-0.960345 0.201516 0.030179 
0.580653 0.711403 0.009972 
0.943058 0.027881 0.007493 
0.890944 -0.400448 0.030250 
0.399797 0.811052 -0.030909 
0.072412 0.947114 0.015395 
-0.478916 0.725847 0.016518 
0.546635 0.734234 0.012287 
0.861006 -0.319494 -0.030909 
0.759296 0.427784 0.023755 
-0.075888 -0.973746 -0.030909 
-0.148688 0.873399 0.030199 
-0.871648 -0.310241 0.008221 
0.165987 0.916146 0.005984 
0.994851 -0.045759 0.024297 
-0.762687 0.599115 -0.030789 
0.602679 0.690450 -0.030909 
-0.804105 0.451125 0.007931 
0.231674 -0.871176 -0.030887 
0.045605 0.909470 0.016365 
0.881637 0.250909 -0.030820 
-0.735409 0.642938 -0.030781 
-0.798753 0.506635 0.013628 
-0.461464 0.778474 0.027436 
-0.711990 -0.641606 -0.030909 
-0.756310 -0.635035 -0.011357 
-0.197610 -0.969001 0.030179 
0.296765 -0.878981 0.008505 
-0.849818 -0.400089 -0.030909 
-0.450732 0.874776 0.030271 
0.932821 0.269089 -0.030899 
0.350816 0.795609 0.021609 
0.710102 0.522209 -0.023592 
0.638244 0.696540 0.009638 
-0.774327 -0.584075 0.030271 
0.778380 0.600260 -0.026473 
0.051040 0.957376 0.029695 
0.883654 -0.048309 -0.027022 
0.497227 0.769056 0.011724 
0.379219 -0.797825 0.030155 
0.812830 -0.524514 0.030240 
-0.940145 0.250621 -0.030905 
0.945524 0.085569 0.011159 
-0.492533 -0.759881 -0.030909 
0.553895 0.792068 -0.030909 
-0.810534 -0.428649 -0.030909 
-0.208898 0.855573 0.030271 
-0.975852 0.130192 -0.022268 
0.646627 0.740419 -0.004278 
0.861674 0.360367 -0.030908 
-0.571699 -0.664040 0.008660 
0.520234 0.738771 -0.030909 
0.637916 -0.611118 0.001748 
0.313561 0.811260 0.024826 
0.943011 0.190694 0.029189 
0.822950 0.358851 0.030245 
-0.220340 -0.970386 0.003645 
0.587069 -0.723806 -0.030779 
-0.241417 0.951869 -0.001272 
-0.865544 0.231206 0.030271 
-0.498467 0.792433 0.006543 
-0.092604 -0.900774 0.030214 
-0.520022 0.825389 0.030199 
0.093931 0.902043 -0.030909 
-0.136643 0.938594 -0.030871 
0.859049 0.421796 0.024825 
0.860791 0.308819 0.018018 
0.315468 -0.862068 0.017437 
0.763233 0.627644 0.002928 
-0.965121 -0.104948 -0.030909 
-0.959480 -0.222621 -0.026876 
-0.542663 -0.747674 -0.030909 
-0.093200 0.900358 0.027102 
0.247924 -0.864303 0.030196 
0.689727 -0.718819 0.028678 
0.532937 -0.764370 0.006842 
-0.731944 0.595694 0.009732 
-0.919233 0.269758 -0.030860 
0.716787 0.563987 -0.030909 
-0.273897 0.941533 0.030253 
-0.528739 0.703096 -0.016105 
0.819749 -0.333959 -0.006112 
-0.760005 0.530573 0.006490 
0.658466 0.678044 0.009701 
-0.811260 -0.540483 -0.030909 
-0.903474 -0.406737 0.030142 
0.868640 0.473599 0.003209 
0.036414 0.877752 0.000329 
-0.956544 -0.168810 0.030238 
0.848238 0.463702 -0.030909 
-0.652354 -0.646958 -0.030909 
-0.308422 0.828603 -0.030501 
0.695720 0.643263 -0.030909 
-0.064559 0.942867 0.010598 
-0.914412 0.171269 -0.030909 
0.459192 -0.880614 0.030189 
0.646741 -0.714289 0.026919 
0.249213 0.906222 0.007566 
0.173912 0.873778 0.030223 
0.560989 0.768338 0.016001 
-0.696601 0.573127 0.030161 
0.972181 0.159258 -0.003736 
-0.936957 0.152559 0.013505 
-0.143189 0.867604 -0.017190 
0.863236 -0.146446 0.027473 
-0.428790 0.801640 0.019051 
-0.081641 0.930774 -0.030909 
0.801043 -0.377382 -0.020310 
0.967993 0.028804 0.030231 
-0.278026 -0.949233 -0.009763 
-0.723147 -0.558597 -0.030909 
0.509626 -0.857145 0.005205 
-0.099173 -0.984351 -0.008569 
0.845878 -0.223816 0.007925 
0.420667 -0.817234 0.015537 
-0.416016 -0.829434 0.008089 
0.732612 -0.677061 0.006619 
-0.363558 0.871977 -0.030909 
0.988285 -0.014672 0.000993 
-0.248050 0.955185 0.029859 
-0.893083 -0.378149 -0.030909 
-0.387594 0.785400 0.030110 
-0.628276 0.602278 0.018527 
0.455088 -0.783206 0.030160 
-0.937599 0.216724 0.029470 
-0.828305 0.529021 -0.009843 
0.648082 0.653292 -0.030909 
0.935467 -0.316361 -0.006405 
0.823483 -0.309265 0.029807 
-0.447834 0.823920 -0.030855 
0.511703 0.827235 -0.030909 
-0.844533 -0.406734 0.005984 
-0.433533 -0.794022 -0.030909 
0.048371 0.877928 -0.023684 
-0.882290 -0.246970 -0.030909 
-0.653918 0.593558 -0.027319 
0.829900 -0.400301 0.011061 
0.980306 0.098813 -0.012129 
-0.337283 0.905941 0.030240 
0.959687 -0.158295 -0.030909 
-0.576479 -0.802755 -0.012554 
-0.503941 -0.836180 0.030271 
0.689470 -0.682687 0.030271 
0.300390 -0.831853 0.030268 
-0.898685 -0.406625 -0.022593 
-0.297788 0.818796 0.004906 
-0.358187 0.833885 -0.030909 
-0.806633 0.335867 0.004590 
-0.900323 0.222244 -0.030909 
-0.326769 0.825698 0.030271 
0.250298 -0.951918 -0.030619 
0.253883 -0.966740 0.008324 
-0.426107 -0.873814 -0.030909 
0.502971 0.722307 -0.000198 
-0.043768 0.961528 -0.030909 
-0.788998 -0.469108 0.014384 
0.789017 -0.475468 -0.030909 
0.824681 0.351881 -0.030908 
-0.031757 -0.879671 0.004473 
0.779546 0.598178 0.030271 
0.841619 -0.372954 0.012118 
-0.148895 -0.936703 0.008032 
-0.711014 0.556508 -0.030886 
-0.615955 0.749322 -0.030909 
-0.264316 -0.846897 -0.015081 
-0.571243 0.777074 -0.030909 
0.581928 -0.799412 -0.015373 
0.750260 -0.581418 -0.030909 
0.167461 -0.896924 -0.030842 
-0.894381 -0.082288 -0.030909 
0.338588 -0.917049 0.030271 
0.520074 0.837450 0.030186 
-0.525838 -0.755315 0.013215 
0.965915 -0.202554 -0.010837 
0.076199 -0.873898 0.011127 
-0.454628 -0.749290 0.008892 
0.284378 0.872646 0.009691 
0.682777 0.706825 -0.007932 
0.869439 -0.275500 -0.030909 
0.477161 -0.753975 0.030160 
0.135087 0.957411 0.030271 
0.903549 0.224237 0.005984 
0.361235 0.817500 -0.030909 
-0.834891 0.282904 -0.014158 
0.986972 0.044635 0.000932 
-0.332004 -0.922044 0.030231 
-0.955322 -0.026463 -0.030909 
-0.035512 -0.933749 0.006295 
0.703519 -0.541657 -0.025807 
0.504656 0.791628 -0.030909 
-0.042376 -0.984366 -0.030244 
-0.632167 0.751362 -0.011287 
0.667841 0.633440 0.010558 
-0.862859 0.385956 -0.030909 
0.536298 -0.712970 -0.030588 
-0.252144 0.929104 0.030164 
-0.871695 -0.462589 -0.007271 
0.285332 0.940774 0.030271 
0.026180 0.871690 0.028868 
0.853456 -0.192060 0.022876 
-0.922741 -0.335465 0.030271 
0.792415 -0.422699 0.030271 
-0.867818 0.284252 -0.030873 
-0.667364 0.734083 0.016573 
-0.386523 -0.814226 -0.030909 
-0.699233 -0.711244 0.026585 
0.080861 0.965804 0.030271 
0.298145 0.827464 -0.019173 
-0.507746 -0.726468 -0.008930 
0.304649 0.905004 0.026192 
0.741715 0.532739 0.020242 
0.760235 0.569247 0.013398 
-0.592000 0.700280 -0.030909 
0.547078 0.690213 -0.002234 
0.207653 -0.909333 -0.030837 
0.398994 -0.909953 0.030106 
0.854300 -0.442318 -0.030909 
0.392877 0.899818 -0.013847 
0.898201 0.402247 -0.005897 
-0.368008 -0.925434 0.004257 
-0.713114 -0.535708 0.030222 
-0.610734 0.681714 0.011799 
-0.703359 0.680872 0.030182 
0.192067 -0.892716 0.027710 
-0.882886 -0.019746 -0.019154 
0.885562 0.182164 -0.030801 
-0.609355 0.777434 0.003382 
0.751618 0.519629 -0.030909 
-0.205424 -0.859479 0.030223 
-0.784765 -0.497984 0.006866 
0.834396 -0.274021 0.003853 
0.561335 -0.675863 0.028381 
0.034043 -0.908186 0.030002 
0.882132 0.050199 -0.000198 
-0.944820 -0.281610 -0.022001 
-0.644316 0.708911 -0.030909 
-0.322485 0.887028 0.009775 
-0.855349 -0.224516 -0.025398 
-0.467074 -0.772131 -0.030909 
0.920021 0.377468 0.025128 
-0.213066 0.956915 0.030271 
0.833014 0.301308 -0.027873 
-0.844189 -0.503515 0.030271 
-0.903734 0.075570 -0.030909 
0.335889 0.875106 0.006812 
-0.839678 -0.366340 -0.030909 
0.036688 -0.988787 -0.004864 
0.715874 -0.522854 -0.003836 
-0.855935 -0.308203 -0.030909 
0.881290 -0.260241 0.013034 
0.503360 -0.727072 0.030174 
-0.634843 -0.703483 -0.030909 
-0.639405 -0.598036 0.017631 
-0.678802 -0.575697 0.030233 
0.471359 0.731137 0.015921 
-0.440860 0.749612 0.015090 
0.914097 -0.106508 0.010975 
0.653382 0.739290 0.030212 
-0.406562 -0.790877 0.030242 
0.343691 -0.887479 0.009731 
-0.399098 0.783733 -0.006778 
-0.970706 -0.180155 0.000362 
-0.853879 0.452870 0.030208 
0.914934 0.106132 0.009849 
-0.452770 0.769789 -0.030881 
0.838671 0.491555 0.030271 
-0.853249 0.282135 0.030181 
-0.452105 -0.792341 0.027048 
-0.852229 0.455363 -0.030909 
0.013458 -0.991398 0.030167 
0.073832 0.922073 0.006627 
-0.372816 -0.829628 0.029659 
-0.911087 -0.219243 -0.030909 
-0.720409 -0.582920 -0.030909 
-0.876635 0.100466 -0.014785 
0.628771 0.711021 -0.030909 
0.839245 0.501083 -0.030779 
0.781166 0.386946 0.018700 
-0.646090 -0.625577 0.030187 
0.735420 0.622671 -0.030909 
-0.405291 0.843969 -0.030893 
-0.594666 -0.746000 0.012527 
-0.924058 -0.356454 0.002414 
0.522753 -0.825509 -0.030902 
0.374580 -0.804341 -0.018701 
-0.827261 -0.481522 0.018280 
-0.985781 0.093232 0.003533 
0.882998 0.122002 0.030206 
-0.946134 -0.145749 0.022029 
0.772161 -0.627633 0.004018 
-0.153218 0.979384 0.020685 
0.681275 -0.550994 0.024466 
-0.946298 -0.263409 0.030271 
0.691857 0.673422 -0.030909 
0.903163 0.339858 0.030271 
-0.688521 -0.647262 0.007303 
-0.508446 0.719471 -0.026704 
-0.664713 -0.584998 -0.000252 
0.940922 -0.082682 0.007746 
-0.796828 -0.408621 -0.030909 
-0.796801 -0.361383 0.008713 
0.252544 0.907520 -0.030909 
0.105060 -0.917703 0.011042 
0.465349 0.812998 0.006625 
0.673571 0.557602 0.004174 
0.006027 0.945648 0.011176 
-0.671430 -0.723851 -0.026540 
0.853263 0.188460 0.006383 
-0.563073 0.667641 0.029458 
-0.899055 -0.148603 -0.030909 
0.388161 0.891589 0.030271 
0.347557 0.849472 0.009738 
0.112249 -0.969064 -0.030909 
-0.907179 0.007707 0.028947 
0.147748 -0.968385 -0.030909 
-0.818572 0.520106 0.030271 
-0.790624 -0.443108 -0.030909 
-0.237373 0.878203 0.017689 
0.045792 -0.978810 0.030234 
0.617413 -0.639578 0.030271 
-0.770798 -0.461685 0.030271 
-0.477197 -0.780997 0.021392 
-0.529546 -0.710630 -0.011374 
0.844497 -0.481968 0.030271 
0.193496 -0.913702 0.006426 
-0.789487 0.527310 -0.030819 
-0.720803 0.545641 0.029133 
-0.615422 -0.666558 0.030149 
0.671326 0.586587 -0.030909 
-0.843985 -0.263037 -0.000959 
0.920924 -0.295662 -0.030909 
0.495044 -0.820841 -0.030875 
0.937502 -0.212328 0.026569 
-0.351579 -0.868997 -0.030909 
-0.090704 -0.883018 -0.012508 
0.787703 0.396613 -0.010852 
-0.815225 -0.553709 0.030271 
0.082139 -0.912519 0.020966 
-0.735674 0.550657 0.009359 
-0.343906 0.928685 0.026997 
0.934817 -0.138231 -0.030909 
0.342108 0.930166 0.007162 
-0.018045 0.961642 0.030271 
0.933637 -0.219181 -0.030909 
-0.904505 0.359523 0.030218 
-0.771858 -0.629857 0.005990 
0.705699 0.515564 0.028723 
0.837135 -0.344094 0.030271 
-0.837346 0.348560 -0.030909 
0.203932 0.848311 0.004265 
0.448177 0.858065 0.030271 
0.922321 -0.370388 0.029336 
-0.648545 0.749005 0.005808 
0.948954 0.133276 -0.030909 
-0.798687 0.479306 -0.030891 
0.125356 -0.906911 0.023151 
0.853126 -0.498566 -0.021650 
-0.134289 -0.866685 0.018804 
-0.703626 -0.658952 0.029275 
0.133129 0.874326 0.030191 
-0.904949 -0.159246 0.011577 
-0.689270 0.531207 0.011280 
0.291113 0.877635 -0.030909 
0.901916 0.165013 -0.030852 
-0.727456 -0.682747 0.020864 
-0.263557 0.878095 0.010106 
0.134654 0.978821 0.003714 
0.592902 -0.653275 0.002659 
-0.170968 0.914685 0.005984 
0.414858 -0.866910 0.021514 
-0.768490 -0.504901 -0.030909 
-0.939267 -0.123635 -0.030909 
0.582785 -0.700556 -0.030789 
0.251016 -0.884762 -0.030895 
0.654845 -0.660349 0.007160 
0.561839 -0.725130 0.017435 
-0.098056 0.873947 -0.001889 
-0.797843 -0.586168 0.030197 
-0.806402 -0.362340 0.030258 
-0.061196 0.989802 0.019746 
-0.872091 0.332091 -0.030907 
0.005551 -0.939261 -0.030909 
0.881893 0.291801 -0.030838 
-0.510134 -0.846780 -0.013029 
-0.586536 -0.733977 -0.030909 
-0.574339 0.747566 0.009039 
-0.388973 0.826956 -0.030885 
0.810225 -0.505916 -0.030909 
0.608836 0.636237 -0.004002 
-0.553485 -0.678819 0.017959 
0.654023 0.629362 -0.030909 
-0.659175 -0.701713 -0.030909 
-0.650479 0.587087 0.002104 
0.931920 0.005766 0.005981 
0.514319 0.750265 0.019150 
0.718110 0.558039 0.023168 
0.625303 0.728022 0.029190 
0.821272 -0.549762 -0.020331 
0.820692 -0.568299 0.010528 
-0.699523 -0.684644 -0.030909 
-0.879574 -0.057197 0.000799 
0.578028 -0.777401 0.030271 
0.698640 0.705803 0.014542 
0.953095 0.248992 -0.022318 
0.542460 -0.832536 0.002500 
-0.571757 0.714703 0.011786 
-0.393692 -0.862870 0.008234 
0.886394 -0.398565 -0.030909 
0.988018 0.122544 0.024350 
-0.192505 -0.944721 -0.030909 
-0.798107 -0.476032 -0.030909 
0.943288 -0.025157 -0.030909 
0.592123 0.796509 0.022546 
-0.848195 0.514380 0.006768 
-0.775867 -0.584294 -0.030909 
0.387313 0.870294 0.018668 
0.219913 -0.973822 0.027130 
-0.095074 -0.920589 -0.030909 
0.429973 -0.775972 -0.001204 
0.941892 -0.128255 0.011096 
0.010008 0.981325 -0.023125 
-0.530643 0.689147 0.012653 
0.909679 -0.395820 0.002598 
-0.281746 0.897972 0.008344 
-0.260655 -0.964977 0.012305 
0.866868 -0.494112 0.008373 
-0.959785 0.025386 -0.030909 
-0.304774 -0.830075 0.001288 
0.500946 0.844913 -0.018679 
0.077755 -0.912876 -0.030909 
-0.920678 0.130517 0.006112 
0.122633 -0.980229 0.030174 
-0.871604 0.370168 0.013866 
0.882220 -0.061193 -0.007598 
0.141395 -0.865856 0.023743 
-0.161230 -0.886895 0.030183 
-0.767494 0.569916 -0.030809 
-0.112846 0.967462 0.030271 
-0.322962 -0.868519 0.008951 
0.831091 0.531213 0.001370 
-0.899254 0.337026 -0.030867 
-0.878071 0.172160 -0.030909 
0.703212 0.643452 0.018145 
0.743717 0.473454 -0.001181 
-0.293895 -0.906332 0.010689 
0.430095 -0.892814 0.000283 
0.086004 -0.883320 0.030271 
-0.126637 0.903783 -0.030819 
-0.633924 0.715904 0.026664 
0.613191 0.777036 0.028865 
0.157581 0.968500 -0.010683 
-0.672661 -0.737147 0.024470 
0.255471 -0.929348 -0.030900 
-0.108128 0.923862 0.005984 
-0.185105 0.899743 -0.030909 
-0.352411 0.911528 -0.030222 
0.373493 0.798158 -0.027710 
-0.624656 -0.778488 0.022873 
0.189930 0.967481 0.030099 
0.416092 0.775496 0.030223 
-0.728644 0.653502 0.030244 
0.894202 0.047091 -0.030808 
0.507750 -0.767912 -0.030870 
0.646173 -0.761259 0.008183 
-0.879745 -0.376968 0.018414 
0.899861 0.422759 0.020563 
0.070995 -0.886365 -0.028217 
0.663091 -0.730189 0.030181 
0.811165 0.527577 0.030271 
-0.584278 -0.803831 0.029847 
-0.077277 -0.959908 0.026914 
0.949810 0.137188 0.026179 
0.081483 0.921376 -0.030909 
0.734871 -0.645168 0.030271 
0.632213 -0.679277 -0.030885 
-0.268995 -0.951161 0.030271 
0.266086 -0.908298 0.007193 
-0.177312 0.965281 -0.005245 
0.374664 0.794920 0.030177 
-0.606592 0.643356 0.030142 
0.190291 -0.866079 0.000017 
-0.401154 -0.789109 0.000593 
-0.379282 0.888077 0.030265 
0.339873 -0.910233 -0.030837 
-0.587662 0.655323 -0.006867 
-0.085865 0.977477 -0.007789 
0.926090 0.321743 0.030271 
0.774310 0.536330 -0.030909 
0.173822 0.862008 -0.011539 
-0.960671 -0.223469 -0.001288 
-0.114922 -0.908944 0.020685 
0.942621 -0.326585 0.012664 
0.858619 0.212718 -0.027472 
-0.582016 0.779522 0.030143 
0.898639 -0.168626 -0.030909 
0.802768 -0.557736 -0.030909 
0.712895 -0.658574 -0.030909 
0.384942 -0.821145 0.030145 
0.661547 -0.586870 0.000932 
-0.602553 -0.705649 -0.030909 
-0.130097 0.880226 -0.030798 
-0.969929 0.166002 -0.023172 
-0.375673 0.859329 0.007009 
-0.865338 -0.427387 -0.030909 
0.816539 0.380609 0.030263 
-0.290698 -0.942114 0.030271 
-0.919141 -0.182573 -0.030909 
0.601831 -0.686536 0.026197 
-0.843576 0.497850 0.030271 
-0.991580 -0.085819 0.020390 
0.495117 -0.844246 0.030271 
-0.310534 -0.909423 -0.030909 
-0.502009 0.792788 -0.030909 
-0.659879 -0.659118 0.006259 
0.815507 0.487002 0.012926 
-0.540648 0.785592 0.022081 
-0.328582 -0.824144 -0.023814 
0.773921 0.467860 -0.030909 
-0.210790 0.853939 -0.015594 
0.877149 0.104445 -0.003992 
-0.891504 0.100293 0.030184 
0.002307 0.941718 -0.030909 
-0.886635 -0.442906 0.002294 
-0.718615 -0.517313 -0.012585 
-0.887626 -0.192455 -0.030909 
0.573723 0.753490 -0.030909 
-0.690790 -0.553772 -0.008566 
0.554330 0.811063 -0.018771 
-0.925603 0.081012 -0.030909 
-0.851461 0.229597 -0.014647 
-0.802027 0.485484 0.006585 
-0.439812 0.846326 0.023164 
-0.440803 -0.896791 0.009810 
0.657988 0.598261 0.030208 
0.562212 0.677514 -0.017341 
0.372079 -0.887665 0.025974 
-0.541368 0.749339 -0.030909 
0.953445 -0.284463 0.028312 
-0.928489 -0.020188 -0.030909 
-0.842548 -0.458601 0.024028 
0.002798 0.889313 0.030216 
-0.933521 -0.319399 -0.008700 
-0.949836 0.069637 0.014688 
-0.473867 0.740215 0.000081 
0.937881 0.318694 0.003330 
-0.301978 -0.941936 -0.012364 
-0.819159 -0.305751 0.011784 
-0.957335 0.251220 0.029768 
-0.882082 0.020333 -0.000140 
0.022070 -0.999236 0.011052 
0.273906 -0.876556 -0.030845 
-0.405913 0.893536 -0.010522 
0.219520 0.870997 -0.030909 
0.775770 0.553794 0.017820 
-0.988737 -0.035807 0.002630 
0.068371 -0.978136 -0.030909 
0.554707 -0.707637 0.030208 
0.352430 -0.857615 -0.030829 
-0.007222 0.879119 -0.006014 
0.619497 -0.620017 0.019772 
0.873703 -0.460479 -0.014258 
-0.830320 0.370374 0.022645 
-0.867688 -0.101869 0.026297 
-0.823982 0.543564 0.030116 
-0.290051 0.850405 -0.030909 
-0.585640 0.643622 0.019617 
0.707352 0.590628 -0.030909 
0.631826 0.603421 0.028693 
0.412703 0.857884 0.017858 
0.869094 -0.157835 0.000354 
-0.954767 -0.201252 -0.030909 
0.948541 -0.273130 -0.008908 
0.524412 0.715358 -0.030863 
0.806020 0.572265 0.029891 
0.560516 -0.687058 -0.010531 
-0.870008 0.145694 -0.020871 
-0.331304 0.933313 0.006197 
0.868661 0.158369 -0.022650 
-0.812360 -0.350037 -0.024317 
-0.260908 0.946257 -0.010296 
0.865337 -0.417471 0.025664 
-0.122433 -0.951147 0.017137 
-0.865209 0.314188 0.009180 
0.763622 -0.555657 0.007038 
-0.272449 -0.923642 -0.030909 
0.026945 0.941311 -0.030909 
-0.562215 -0.713808 0.029837 
-0.448784 0.847171 -0.030886 
0.498882 -0.769659 0.018022 
-0.189424 0.859456 -0.025931 
0.763915 -0.446156 0.000319 
-0.771418 0.608295 -0.012668 
0.753340 -0.497526 0.030191 
0.924954 -0.334366 0.030240 
-0.683314 -0.696375 0.030230 
0.329898 0.804886 0.011449 
0.744030 -0.665961 0.025009 
-0.886020 0.434765 0.001899 
-0.781809 0.547481 0.021315 
0.714742 -0.621975 -0.030909 
-0.730784 0.614020 -0.030811 
0.341365 -0.838152 -0.030796 
0.956277 0.250829 0.001890 
-0.604387 0.639572 -0.001543 
-0.410781 0.821890 0.009047 
0.811504 0.346246 -0.008734 
0.946063 0.163423 -0.030909 
-0.850023 0.423933 0.017634 
-0.752688 -0.474789 0.030264 
-0.911938 -0.261189 0.009938 
-0.135023 0.975121 0.001520 
0.295172 -0.859522 -0.030792 
-0.868335 0.262284 -0.030882 
-0.068666 0.961681 -0.030909 
0.905996 0.077697 -0.030821 
-0.118321 -0.878856 0.030256 
-0.293356 -0.866847 0.022626 
-0.681730 0.557248 -0.019963 
0.598906 -0.653947 -0.018434 
0.299909 -0.834943 -0.021020 
-0.355092 -0.812501 -0.015632 
0.961406 -0.249990 0.003767 
0.971982 -0.185409 0.001401 
-0.920518 -0.353468 -0.024580 
-0.267488 0.828291 0.026866 
-0.989293 -0.109252 0.011280 
0.898500 -0.379887 0.030200 
0.640877 0.645812 0.022597 
0.561007 0.718104 0.016902 
