0.636978 0.570274 0.018660 
-0.752176 -0.654242 0.072830 
0.604233 -0.791614 0.033596 
-0.709302 0.689659 0.050190 
0.982876 -0.120494 0.077705 
-0.002582 0.986788 0.055648 
-0.103535 -0.991437 0.025739 
-0.993282 0.020749 0.033403 
0.623707 -0.357857 0.029925 
-0.278448 0.656400 0.040956 
-0.356483 -0.666289 -0.077388 
0.914194 0.269132 -0.086490 
0.191452 -0.697347 0.074575 
-0.664327 0.274105 0.077210 
-0.705592 -0.262155 -0.061475 
0.374285 0.865775 -0.093009 
0.712421 0.068017 0.076774 
0.152791 0.696268 0.078418 
-0.845204 0.451687 -0.078333 
0.164188 -0.941119 -0.092454 
-0.394962 -0.908214 0.088567 
0.804811 -0.582336 0.076875 
-0.484746 0.816352 -0.089876 
0.892053 -0.337489 -0.089614 
-0.287316 0.940732 0.084016 
-0.945251 -0.276708 0.090975 
-0.114448 -0.714523 0.067216 
-0.545353 -0.473963 0.031342 
-0.719367 0.001769 0.070838 
0.441877 -0.570250 0.069496 
-0.566898 0.485989 -0.069392 
-0.047597 0.754579 -0.093517 
0.378645 -0.921953 0.074644 
-0.943082 0.278801 0.089573 
0.695674 0.326480 0.084814 
0.550529 0.802786 0.092799 
0.750649 -0.125584 -0.093169 
-0.828985 -0.476702 -0.090970 
0.377274 0.607854 0.019634 
-0.802573 0.162632 -0.095670 
-0.582488 -0.770636 -0.056907 
0.234285 0.947671 0.090706 
0.619272 -0.587680 -0.095547 
0.358655 -0.735854 -0.095670 
0.860004 0.485167 0.027432 
0.940525 0.120339 0.094060 
-0.909919 -0.152972 -0.095670 
-0.252815 -0.872888 -0.095670 
0.134991 0.890753 -0.095593 
0.024941 -0.766665 -0.092891 
-0.270683 0.824416 -0.095444 
0.896524 0.031221 -0.095670 
-0.458738 0.564106 0.092458 
0.551634 0.727458 -0.095621 
0.091769 -0.978852 0.093026 
0.729087 0.189740 -0.090226 
0.715348 -0.191826 0.094381 
0.663338 0.406890 -0.095670 
-0.103551 0.747992 0.094277 
-0.556425 0.803607 0.091307 
0.877307 -0.401159 0.094148 
-0.446286 -0.635855 0.090404 
0.246914 0.721440 -0.095268 
-0.804041 0.524927 0.094044 
-0.675423 -0.604389 -0.095670 
-0.428227 0.618157 -0.088082 
-0.868014 -0.455456 0.093626 
-0.128969 0.946133 -0.074474 
0.889508 0.306441 0.093126 
-0.741958 -0.179856 0.094045 
-0.605359 0.676360 -0.095340 
-0.776661 -0.030156 -0.095670 
0.926131 -0.151187 -0.095670 
0.769532 -0.465424 -0.095670 
-0.682221 0.328621 -0.089996 
-0.642773 -0.335507 0.084457 
0.398934 0.892726 0.089614 
-0.614527 0.437372 0.094108 
-0.417345 -0.827651 -0.095670 
-0.282638 -0.716564 0.093989 
-0.666228 -0.429582 -0.095670 
-0.908965 0.295373 -0.087021 
0.511761 0.558029 -0.093971 
0.764091 0.551704 -0.093604 
-0.504233 -0.578727 -0.093157 
-0.903963 -0.329650 -0.082988 
0.708873 -0.290885 -0.094616 
-0.748593 0.584529 -0.091466 
-0.536477 -0.824602 0.092988 
0.050697 -0.777791 0.089002 
-0.136772 -0.750117 -0.089722 
-0.004951 -0.926248 -0.095670 
-0.375800 0.807947 0.030105 
0.562775 0.437751 0.074529 
0.468086 -0.843564 -0.036646 
0.183807 -0.738130 -0.087995 
0.244708 -0.848838 0.022204 
0.596430 -0.525820 0.050843 
0.871970 -0.242064 0.037140 
-0.236500 -0.941078 0.094381 
0.774871 0.604180 0.086108 
0.033461 0.820565 0.023783 
0.346998 -0.695450 0.089625 
0.668389 0.723098 0.022305 
-0.919821 -0.111996 0.063828 
-0.949904 0.147743 -0.052885 
-0.776917 0.146476 0.055351 
0.669755 -0.665391 0.092175 
0.517488 -0.702761 -0.095567 
0.849313 -0.074231 0.018439 
-0.721291 -0.512838 0.022934 
0.284679 0.816563 0.020093 
0.746729 0.035536 -0.076063 
-0.799410 0.303160 0.018376 
-0.778829 -0.363202 0.018380 
-0.067583 -0.848458 0.018934 
-0.140964 0.951813 0.094326 
0.842815 0.406397 -0.095573 
-0.578053 -0.639193 0.018467 
0.103773 0.743247 -0.089932 
0.827018 0.167601 0.018888 
-0.661280 0.555345 0.019278 
-0.511275 0.688084 0.018724 
0.508226 0.584677 0.078785 
0.308845 -0.897297 -0.094678 
0.387099 0.700692 -0.095358 
-0.928393 -0.012987 -0.095670 
-0.178848 0.722405 -0.054822 
0.768974 -0.355174 0.018908 
-0.953207 0.139838 0.094381 
0.608681 -0.449192 -0.085092 
-0.854958 0.022178 0.018418 
0.986901 0.011935 0.020276 
0.470596 0.709437 0.018490 
0.723009 0.462462 0.018834 
0.713505 -0.066755 0.035099 
0.006837 0.937819 -0.094810 
-0.650034 -0.742416 0.091126 
0.659494 0.644647 -0.095642 
-0.894478 0.424545 0.079272 
-0.415810 -0.746956 0.018728 
-0.737864 0.423782 0.018539 
-0.171372 0.843355 0.019260 
-0.316093 0.693148 -0.095188 
-0.847645 -0.220467 0.020519 
0.289555 0.673856 0.094381 
0.687054 0.195573 0.050961 
0.737148 -0.619669 -0.044869 
0.481250 -0.831693 0.094266 
0.945962 0.152771 -0.035068 
0.481871 -0.577860 -0.054233 
0.214199 -0.973810 0.040533 
-0.198410 -0.803934 0.026056 
-0.739036 -0.138102 -0.036136 
0.122752 0.963693 0.009776 
-0.136463 -0.948085 -0.090904 
0.117217 -0.862587 0.019131 
0.454345 -0.702895 0.021731 
0.568816 -0.644620 0.018479 
0.843257 -0.484815 0.006077 
0.641073 -0.717586 -0.080239 
0.702378 -0.467053 0.019629 
0.474338 0.828536 -0.028182 
0.803338 0.365100 0.025197 
0.240382 0.923724 -0.039648 
-0.398427 0.672207 0.064111 
0.355163 -0.796740 0.019566 
-0.680640 0.450967 -0.095558 
0.011182 0.713315 0.079450 
-0.265236 -0.752855 -0.095670 
0.152947 0.834573 0.018413 
0.823692 -0.220541 -0.095477 
0.744309 0.318627 -0.095670 
-0.372053 0.880405 -0.067944 
-0.921605 -0.374557 0.025191 
-0.466794 -0.703315 -0.095670 
0.842544 0.050935 0.018921 
-0.314642 -0.814526 0.019450 
-0.824877 -0.559420 0.062690 
0.825335 0.123184 -0.095670 
0.623579 0.527594 -0.095394 
-0.788819 -0.349432 -0.095670 
-0.235290 0.926184 -0.028736 
-0.021457 -0.944615 0.091218 
-0.464574 -0.863947 0.008920 
-0.061964 0.883643 0.027819 
-0.452202 0.877522 0.078259 
-0.748011 0.061177 -0.035127 
0.277273 -0.699419 0.000471 
-0.795227 0.332346 -0.095454 
-0.524374 0.486157 0.035440 
0.098749 -0.748214 -0.009360 
0.959657 0.239748 0.034262 
-0.605252 0.752757 0.004639 
-0.877969 0.207276 0.034659 
-0.829537 -0.228999 -0.095670 
0.718812 -0.211124 -0.018846 
-0.716457 0.219764 -0.057881 
-0.212915 0.741586 0.085524 
0.046204 -0.966298 -0.006057 
-0.301287 -0.920213 -0.004580 
0.574784 0.659877 0.022884 
-0.636864 0.391480 -0.005700 
-0.123150 0.832772 -0.095481 
-0.581536 -0.659241 -0.095670 
0.620960 0.368963 0.014037 
0.842552 -0.068260 -0.095670 
-0.807262 -0.073701 0.034355 
-0.771574 -0.579625 -0.053025 
0.728232 0.618334 -0.013551 
-0.684666 -0.682890 -0.006338 
-0.569798 -0.493958 -0.071596 
0.364506 0.719098 0.031822 
-0.532295 -0.570490 0.087049 
0.924183 -0.343782 0.016711 
-0.953380 -0.210071 0.007630 
0.546402 0.505662 -0.006471 
-0.868731 0.079685 -0.095670 
-0.211428 -0.699203 0.015254 
-0.324185 -0.648227 0.024462 
-0.770349 0.599009 0.010731 
0.688567 -0.305769 0.094381 
-0.006332 -0.738059 0.010197 
-0.910847 0.341371 0.007407 
0.236963 0.694299 0.005651 
0.141130 -0.839086 -0.095480 
0.388852 -0.645008 -0.053829 
-0.272543 0.797674 0.018817 
0.242225 0.835784 -0.095521 
0.337817 0.904662 0.006406 
-0.415676 0.739534 -0.095573 
-0.518033 -0.741068 0.032245 
-0.641996 -0.394026 -0.000428 
0.949046 -0.179086 0.000311 
-0.464555 -0.572873 0.010222 
-0.732021 -0.286680 0.072524 
0.694715 0.271475 -0.017293 
0.904646 0.373546 0.013602 
-0.602044 0.638555 0.022960 
-0.648140 0.568508 -0.095630 
0.816621 0.241658 -0.095670 
-0.067043 -0.846071 -0.095670 
-0.616391 -0.440174 0.094381 
-0.203884 -0.944569 -0.012860 
0.274971 -0.912360 0.093902 
0.010778 0.836204 -0.095442 
0.957745 -0.047079 -0.055149 
0.257794 -0.804602 -0.095670 
0.561019 -0.784388 -0.058239 
0.453084 0.802767 0.072027 
-0.621901 0.712550 0.094182 
-0.498569 0.555047 -0.050642 
0.603355 -0.437725 0.094381 
0.788037 -0.349442 -0.095670 
-0.507054 0.678990 -0.095433 
0.563988 0.771716 -0.008750 
0.781005 -0.005668 0.071964 
0.790416 0.505916 0.093013 
0.091798 0.724944 0.007638 
0.957644 -0.246483 0.083441 
0.692060 -0.399841 -0.095670 
0.785760 0.255711 0.022828 
0.471567 0.646405 -0.095356 
-0.432457 0.596074 0.005337 
0.083098 0.928420 0.089475 
0.652615 -0.598121 0.023497 
-0.512349 0.828271 0.010235 
-0.843289 0.495931 0.011949 
-0.724341 0.605928 0.094002 
0.790951 0.546618 -0.002338 
-0.674125 -0.595351 0.029560 
0.937370 -0.027516 0.090837 
0.705747 0.671652 0.092498 
-0.714231 -0.089339 0.046204 
0.747562 0.449078 -0.095670 
-0.858739 -0.445706 -0.007290 
0.923826 -0.249054 -0.086284 
0.333628 0.777976 -0.095466 
0.794636 -0.543422 -0.049856 
-0.725818 -0.509751 -0.095670 
0.667802 -0.715956 0.009554 
0.475193 0.572268 -0.007959 
-0.089664 0.971802 0.012935 
0.855288 -0.429099 -0.086563 
-0.958927 -0.087320 -0.047739 
-0.013536 0.743531 -0.007149 
0.595737 0.719921 0.090964 
0.025297 -0.842188 0.020597 
-0.864451 0.116506 0.020237 
-0.599806 -0.797387 0.030764 
-0.354756 0.919917 0.023740 
0.870537 0.421879 0.094366 
0.465896 0.762634 -0.095576 
0.386035 -0.884380 -0.023833 
0.291259 -0.925379 -0.000430 
-0.693980 0.186971 0.076886 
-0.103687 0.729007 0.004365 
-0.046613 -0.783673 0.080405 
0.783215 -0.129809 0.048439 
0.547120 -0.516283 -0.037261 
-0.703591 -0.207644 0.011432 
0.813494 -0.493381 0.094051 
0.713301 -0.548062 -0.095670 
-0.542297 0.573940 0.050906 
-0.867978 -0.305445 0.049890 
0.775455 -0.264633 0.027391 
-0.690669 0.663347 -0.067766 
0.426962 0.637032 0.089521 
-0.353392 -0.899357 -0.075551 
0.652230 0.417118 0.083307 
0.689461 -0.294859 -0.004426 
-0.306909 -0.883346 0.077185 
-0.824802 -0.124523 -0.095670 
0.749547 -0.653685 0.053427 
-0.970297 0.208551 0.039772 
0.309869 0.889299 0.094021 
-0.693404 0.358364 0.074589 
0.509960 -0.508989 0.062419 
0.320896 0.670906 -0.044144 
0.755450 0.153051 0.088395 
0.434991 -0.780809 -0.095267 
-0.126146 -0.937445 0.092051 
0.523934 -0.751899 0.044879 
-0.991835 -0.063074 0.077502 
-0.713435 0.084892 0.042066 
0.165939 -0.778669 0.053736 
-0.191731 0.887292 -0.095670 
-0.622603 -0.514568 0.038912 
0.895350 -0.307194 0.092990 
-0.681256 -0.343529 -0.092181 
-0.325840 -0.815566 -0.095670 
-0.817931 0.399747 0.043364 
-0.162492 -0.833218 -0.095670 
0.601185 -0.437948 0.004143 
0.725281 -0.554774 0.043391 
-0.671228 -0.300242 0.010660 
0.746467 -0.045607 -0.046178 
-0.370898 -0.690207 0.083310 
-0.656885 -0.703403 -0.085170 
-0.974597 -0.174236 0.085507 
-0.691989 0.285438 -0.008676 
0.732104 0.145616 -0.016918 
-0.357307 0.653688 -0.031523 
-0.355245 0.870886 0.093761 
-0.566971 0.594426 -0.095543 
0.210449 0.773946 0.034912 
0.270210 -0.720386 -0.094614 
-0.546228 0.754149 -0.095284 
-0.790305 -0.457956 0.041019 
-0.436590 0.732422 0.018463 
-0.769589 0.485723 -0.095338 
-0.188972 0.688940 0.024145 
0.157595 -0.919286 0.071070 
0.078375 0.771086 0.076789 
-0.405689 -0.636543 -0.016077 
0.427966 -0.653846 0.084577 
-0.870863 0.323717 0.078984 
-0.197362 -0.722902 0.094305 
-0.750705 -0.022290 -0.016604 
-0.512012 -0.793137 -0.095670 
0.592984 0.452015 -0.077947 
-0.769908 0.227867 0.039272 
0.576436 0.522792 0.069233 
-0.426273 -0.832053 0.076585 
0.363379 0.829649 0.043625 
0.375689 -0.838998 -0.095670 
-0.593621 -0.569804 -0.095670 
-0.752877 -0.194178 -0.095670 
0.351428 -0.634969 0.019465 
0.137050 -0.973094 0.010261 
-0.291289 -0.696630 -0.036196 
-0.871141 -0.405782 -0.084984 
-0.492859 -0.661799 0.027156 
0.034400 0.955086 -0.011175 
-0.930070 -0.252316 -0.070691 
0.169800 0.903387 0.064966 
0.156129 0.811164 -0.095418 
0.523991 -0.845687 0.025376 
-0.061925 0.887701 -0.095567 
-0.734378 0.151381 -0.015846 
-0.712146 -0.429206 0.023766 
-0.224309 -0.882407 0.036718 
0.829719 0.475366 -0.053022 
-0.829783 0.240062 -0.095608 
0.078119 -0.891422 -0.095670 
0.866124 0.249617 0.036736 
-0.100374 -0.748410 -0.005869 
-0.217507 0.893597 0.064135 
0.721249 0.543728 0.040050 
0.253553 -0.751510 0.058505 
-0.669951 -0.663492 0.089986 
0.592941 -0.716122 0.069036 
-0.734405 0.524363 0.036874 
-0.961437 0.038418 -0.039162 
-0.934273 0.041464 0.084583 
0.399999 0.626664 -0.055589 
-0.466830 0.798124 0.076688 
-0.144273 -0.888532 0.029647 
-0.751613 -0.576285 0.092586 
0.913088 -0.159888 0.072987 
-0.338387 0.720559 0.041832 
0.901090 0.180792 0.058009 
0.628455 0.718987 -0.075288 
0.743998 -0.216553 -0.095659 
-0.286319 0.907389 -0.087062 
0.267252 -0.674191 0.083203 
0.740785 0.031282 0.003185 
-0.197625 0.788014 -0.095420 
0.164446 0.725309 -0.024413 
-0.888980 0.175000 -0.095670 
-0.165763 0.950969 0.005811 
0.088267 0.879383 0.026784 
0.783634 -0.432264 0.029076 
0.673063 -0.382964 0.087933 
0.956807 0.062478 -0.055382 
-0.083249 0.799115 0.034250 
-0.436712 -0.621392 -0.087018 
-0.927684 -0.284657 0.002708 
0.851085 -0.157418 0.019295 
0.982787 0.054082 0.088011 
-0.925342 0.264920 -0.004920 
-0.773789 0.060698 0.086499 
0.910368 0.117371 -0.095670 
0.984587 -0.068447 0.018795 
0.324502 -0.862342 0.049909 
0.641430 0.479128 0.036871 
-0.524312 -0.814869 -0.002508 
-0.860302 -0.054905 -0.095670 
-0.894601 -0.046586 0.029323 
0.432705 -0.702763 -0.095393 
0.871988 0.186718 -0.095670 
0.528002 -0.624777 -0.095603 
-0.378396 -0.911801 0.012811 
0.418023 0.869419 0.005615 
0.099078 -0.718017 0.080935 
0.104731 -0.771076 -0.095519 
0.539061 -0.582769 0.053572 
-0.341212 0.765789 -0.095443 
0.703137 -0.142620 0.028465 
-0.416700 0.861475 -0.006874 
0.302900 0.904009 -0.079681 
0.889995 0.350970 -0.058239 
-0.649232 -0.505276 -0.095670 
0.426345 -0.810559 0.043615 
-0.793500 -0.168506 0.034670 
-0.028077 -0.966016 -0.023516 
0.719557 0.373684 0.029982 
-0.987833 0.101316 0.038513 
0.547667 0.647150 -0.095467 
-0.042839 -0.753774 -0.060843 
0.503763 0.503923 0.056439 
-0.793979 0.066191 -0.095670 
-0.795024 0.537189 -0.029586 
0.230777 -0.904886 -0.095402 
0.971490 0.096329 0.010799 
-0.648011 0.474248 0.037024 
0.233869 0.728773 0.090844 
0.091436 -0.961872 -0.066435 
0.063034 -0.921328 0.052172 
0.421870 -0.612007 0.005443 
-0.883517 0.375903 -0.053640 
-0.786404 -0.263983 0.024164 
-0.780508 0.411474 -0.095405 
0.182928 -0.731749 -0.002303 
0.823357 0.015407 -0.095670 
0.030757 0.758066 -0.094444 
-0.394033 0.601006 0.085724 
0.791041 0.447566 0.045257 
-0.853369 -0.374599 0.073263 
-0.392835 -0.728450 -0.095670 
-0.128471 -0.789046 0.049522 
0.080393 0.944957 -0.088344 
0.679385 -0.231877 0.040437 
0.437229 0.562580 0.054968 
0.837362 -0.147885 -0.095670 
-0.212740 -0.934794 -0.090519 
-0.578185 0.441249 0.012039 
0.817796 0.325514 -0.095670 
0.870184 -0.408921 -0.017156 
0.781510 0.085377 0.057653 
-0.071877 0.926055 0.087254 
0.006555 -0.843433 -0.095670 
0.906506 0.076749 0.044318 
0.759031 -0.077186 0.093382 
0.693546 -0.661164 -0.086569 
0.529900 0.794250 -0.069512 
0.662984 0.339909 -0.066145 
0.599844 -0.659103 -0.095550 
-0.482494 0.625055 0.050066 
-0.037828 0.954755 -0.035375 
0.736449 0.249654 0.076148 
0.844374 -0.309303 0.032224 
-0.571085 -0.741776 0.082017 
0.897155 -0.011880 0.032274 
0.529280 0.739967 0.048606 
-0.176600 -0.982055 0.065101 
-0.522022 0.751162 0.052659 
0.270321 0.946393 0.022245 
-0.248154 0.701744 -0.051628 
0.495362 -0.644460 0.033453 
0.637976 -0.395695 -0.041383 
0.008953 0.895442 0.034369 
0.229343 0.861510 0.031312 
-0.564086 -0.503598 0.094381 
0.602351 0.600173 -0.095473 
-0.649648 -0.742881 0.012929 
0.648340 0.646654 0.057044 
-0.523933 -0.542834 -0.017098 
0.447451 -0.889990 0.069202 
0.947771 -0.252821 0.012769 
-0.634530 0.332349 0.043200 
0.776744 -0.588509 0.006818 
-0.743119 0.283370 -0.095611 
0.643554 -0.520442 -0.095670 
-0.761939 -0.448145 -0.095670 
-0.286726 0.711359 0.090222 
-0.542413 -0.726087 -0.095670 
0.694787 0.523012 -0.095517 
0.657701 -0.742036 0.083930 
-0.977621 -0.143560 0.015905 
-0.733146 -0.630695 -0.006098 
0.974443 0.170300 0.029761 
0.437219 0.832652 -0.093546 
0.326737 -0.679405 -0.051044 
0.501966 0.849244 0.049732 
0.298499 0.650035 0.019905 
-0.865302 -0.124565 0.020296 
-0.733367 0.306510 0.047531 
-0.659997 0.700576 0.000565 
0.659059 0.274498 0.043713 
-0.834078 0.457975 0.094381 
0.297108 0.729927 0.049443 
0.927994 0.307055 0.011939 
-0.586599 0.501285 0.084369 
-0.212082 0.961352 0.082562 
-0.024739 -0.905139 0.033068 
0.569492 -0.783759 0.094176 
-0.764645 -0.074854 0.092942 
-0.614401 0.431110 -0.083707 
-0.667412 0.634977 0.063281 
0.365473 0.670628 0.092080 
0.739570 0.106160 -0.074393 
-0.375372 -0.618477 0.061923 
-0.021008 -0.997397 0.045366 
-0.116810 0.745455 -0.092259 
-0.832452 -0.515910 0.008779 
0.442361 -0.624146 -0.093095 
-0.001199 -0.723829 0.078097 
-0.310984 -0.747738 0.038203 
0.188625 0.968295 0.031076 
0.202321 0.908917 -0.095665 
-0.455768 -0.562055 0.078128 
-0.337384 0.640563 0.090836 
-0.181687 -0.732984 -0.039864 
-0.363671 -0.850197 0.052897 
0.067390 0.984282 0.045832 
-0.702955 -0.368669 0.055984 
-0.171555 0.777745 0.040281 
-0.909912 -0.217902 0.085118 
-0.739143 0.139327 -0.083651 
0.599963 0.433187 0.002241 
-0.935553 0.218213 -0.069826 
-0.141050 0.899859 0.049653 
-0.709386 0.518143 -0.095412 
-0.604013 -0.451068 -0.030853 
-0.295981 0.869169 0.060092 
0.179716 0.731759 -0.092202 
0.068674 0.875578 -0.095540 
0.367144 -0.730754 0.030931 
0.847949 -0.286218 -0.095637 
-0.609259 -0.694117 0.052510 
-0.710184 -0.654404 -0.065921 
0.887308 -0.446594 0.040611 
0.509126 0.643986 0.023904 
-0.572488 0.703313 0.042511 
0.613285 0.772877 0.037193 
-0.514101 0.519035 0.093343 
0.175437 0.938304 -0.029407 
-0.040972 0.773223 0.079537 
-0.807145 0.083936 0.032610 
-0.780582 0.477765 0.050484 
-0.947673 0.076428 -0.092585 
-0.978831 -0.063170 0.011220 
0.861411 0.426504 -0.004290 
0.718823 -0.402732 0.025784 
-0.289766 -0.922162 -0.070486 
0.935578 0.256589 0.093946 
0.384657 -0.850527 0.076631 
-0.271945 -0.960277 0.039666 
-0.472561 0.544134 0.015982 
0.782664 -0.273749 -0.095670 
-0.887290 0.420680 0.013451 
-0.862345 0.011325 -0.095670 
-0.695863 -0.234842 0.092270 
0.924099 0.251047 -0.022817 
-0.462664 -0.788089 0.040163 
-0.785302 -0.508304 0.083167 
0.182738 -0.876957 0.027339 
0.572523 -0.533111 -0.095602 
-0.826961 -0.295852 -0.095670 
-0.200118 -0.766729 -0.095670 
-0.140762 0.698969 0.071132 
0.661444 0.720130 0.090022 
0.840386 0.311393 0.032898 
-0.930397 -0.345786 0.083554 
-0.495506 0.603063 -0.095296 
0.906688 -0.033574 -0.095670 
0.657182 -0.514510 0.021914 
0.766268 -0.504078 0.048941 
-0.516125 -0.658961 -0.095670 
0.911260 -0.303951 -0.036932 
-0.070157 -0.927077 -0.095670 
-0.818490 0.184902 0.020240 
0.134526 0.977226 0.072414 
-0.611146 -0.576129 0.021119 
-0.053304 0.710251 0.068604 
-0.668041 0.416216 0.059106 
-0.699525 -0.710933 0.050276 
0.148195 0.760955 0.075998 
0.694449 0.601327 0.062426 
0.740505 -0.592405 0.093992 
0.070033 0.809810 -0.095387 
0.050343 -0.721282 0.036922 
-0.069610 -0.989086 0.087508 
0.492677 -0.555498 0.005663 
-0.717650 0.635904 -0.015692 
-0.140680 -0.955972 -0.020621 
0.087041 0.706979 0.076491 
0.827395 -0.387289 0.044730 
0.558338 0.574983 0.035999 
0.751511 0.317825 0.027159 
-0.536316 0.792247 -0.044340 
0.703192 0.269445 -0.090155 
0.702386 0.133118 0.050563 
0.716656 0.207832 -0.014134 
-0.735002 0.366288 -0.095548 
0.547106 0.507618 -0.076830 
-0.597042 0.547433 0.031320 
-0.781536 -0.008770 0.080797 
0.905280 -0.091969 0.043478 
0.731873 0.381190 -0.095670 
0.616356 0.364418 0.082453 
0.511012 -0.816540 -0.081212 
0.291488 -0.796886 0.019304 
0.629548 0.397768 -0.042488 
0.549313 -0.471161 0.019592 
-0.809159 -0.525403 -0.055424 
-0.920229 0.366603 0.079181 
0.825400 0.542735 0.055177 
-0.503433 -0.518706 0.047111 
0.156084 -0.980920 0.084726 
0.388933 -0.608065 0.062409 
-0.422921 0.805511 -0.095610 
0.066849 -0.825370 -0.095670 
-0.493232 -0.867361 0.064798 
0.014669 0.940058 0.093993 
0.713782 -0.654969 0.001462 
-0.903256 0.070233 0.037089 
0.740181 -0.247262 0.078914 
0.619724 -0.739184 -0.025440 
0.673938 -0.330437 -0.053510 
-0.822558 0.551792 0.040748 
0.775246 -0.203507 0.040344 
0.047843 0.742122 -0.033306 
0.934743 0.207251 -0.066048 
0.039474 -0.996549 0.060598 
-0.329077 -0.942093 0.056862 
-0.635614 0.715789 -0.054728 
-0.686052 0.228933 0.016480 
-0.907525 0.156888 0.055935 
0.724785 0.599727 -0.094220 
0.918872 0.359828 0.081420 
-0.944348 -0.191563 -0.061400 
-0.345820 0.626519 0.023044 
0.954097 0.197409 0.093172 
-0.294753 0.931195 0.012873 
0.757756 -0.403408 -0.095670 
-0.892829 -0.363687 -0.032861 
0.716374 -0.009420 0.057339 
0.739112 0.654485 0.035054 
-0.668642 -0.346909 -0.029649 
0.192798 -0.798413 -0.095512 
-0.661257 0.735427 0.051055 
-0.511739 0.843942 0.079434 
0.310767 -0.835999 -0.095670 
-0.763843 -0.131015 -0.095670 
0.833226 -0.480804 -0.054227 
0.724593 -0.326334 0.049484 
-0.301893 0.680665 -0.031591 
0.185081 -0.947700 -0.017510 
-0.863823 0.277731 0.039523 
-0.747295 -0.078873 -0.047929 
-0.660526 -0.450466 0.048005 
-0.754639 -0.273521 -0.095670 
-0.722215 0.263437 0.092114 
-0.902991 0.232807 0.083702 
0.951807 -0.124460 -0.047669 
0.213567 0.782348 -0.095382 
-0.612794 0.515585 -0.095593 
-0.476172 0.739619 -0.095405 
0.248567 -0.932817 -0.042583 
0.391844 0.771654 0.020203 
-0.942046 0.193924 -0.011522 
-0.322354 -0.733386 -0.095670 
-0.704970 -0.147581 0.059000 
0.939910 -0.197689 -0.059125 
0.972370 -0.195443 0.054934 
0.221582 -0.903448 0.064979 
0.977476 -0.128492 0.018336 
-0.962323 -0.025841 -0.032943 
-0.254037 0.766658 -0.095541 
0.214027 0.678879 0.063853 
-0.406277 -0.877161 -0.057614 
0.690403 0.660087 -0.034380 
-0.752021 0.643323 0.056017 
-0.542855 0.512574 -0.015200 
-0.899350 -0.427780 0.041703 
-0.463473 -0.848270 -0.048925 
-0.255457 -0.823773 0.018443 
0.709991 -0.120860 0.083839 
-0.130938 -0.884050 -0.095670 
0.140736 -0.709166 0.033568 
0.422620 -0.756275 0.018803 
-0.659741 -0.399456 0.089231 
0.310736 -0.735302 0.049891 
-0.595321 -0.408906 0.033562 
0.663079 -0.432370 0.056097 
0.851246 0.492309 0.085947 
0.891727 -0.101916 -0.095670 
0.845943 0.371924 0.073193 
0.661420 0.585122 -0.095549 
0.017798 0.776681 0.071205 
0.705461 -0.701680 0.053288 
0.305682 -0.768010 -0.095670 
-0.711910 0.131399 0.087719 
-0.237399 0.957574 0.028976 
-0.798441 -0.581586 0.014359 
-0.761637 0.212646 -0.095670 
0.444785 -0.846675 -0.091048 
-0.752103 0.190193 0.086761 
-0.772351 -0.131251 0.077391 
-0.264742 -0.675413 0.023532 
-0.892489 -0.173538 0.038608 
0.479304 -0.617703 0.083389 
-0.465854 -0.713455 0.018885 
-0.445888 0.689071 -0.095543 
0.794964 -0.072498 0.042634 
0.513947 -0.700035 0.019075 
-0.049105 0.830405 -0.095431 
0.724166 -0.347554 -0.095670 
0.400244 0.787105 -0.095552 
0.611536 0.467670 0.087619 
-0.607760 0.378316 0.067964 
0.618556 -0.670958 0.041859 
-0.327964 -0.650622 0.086758 
0.620729 0.727070 -0.017870 
0.714074 0.080737 0.019735 
-0.327091 0.897915 -0.035019 
0.324191 -0.942541 0.070203 
0.420021 0.684834 0.034116 
0.870917 0.117855 0.023106 
-0.668787 0.335296 -0.028116 
-0.695681 0.608667 -0.095608 
-0.357641 0.831144 -0.095600 
0.651214 -0.303106 0.038739 
0.775753 -0.073100 -0.095670 
0.739358 -0.118620 -0.010109 
0.807353 0.184301 -0.095670 
-0.406860 -0.803274 0.029575 
-0.392021 0.906418 0.066355 
0.357638 0.615676 0.075452 
0.656835 0.323899 0.007737 
0.988063 -0.053062 0.079244 
0.956665 0.011342 -0.082562 
-0.846500 -0.512027 0.087940 
0.833231 -0.538670 0.024779 
0.729971 -0.168230 -0.055982 
-0.267999 0.744493 0.046697 
0.802191 0.070217 -0.095670 
0.242370 -0.713929 -0.043245 
0.691057 0.461164 -0.095663 
-0.234216 0.840642 0.021955 
0.590815 -0.741980 -0.094498 
0.704734 -0.605062 -0.095670 
0.555669 -0.494503 0.094381 
-0.080970 -0.924082 0.058897 
0.833862 -0.438880 0.091609 
-0.644745 0.382274 -0.081122 
0.518468 0.813316 0.005476 
-0.184322 0.937137 -0.061585 
-0.979422 0.078868 0.090810 
-0.055334 -0.721140 0.034963 
-0.447733 0.844882 -0.052269 
0.452629 0.876263 0.061328 
-0.760358 -0.224210 0.056324 
0.913617 -0.389094 0.051525 
-0.786696 0.540158 -0.086174 
-0.679018 -0.290551 0.093729 
-0.627156 -0.734791 -0.047740 
0.331984 0.928635 0.057909 
0.752558 0.551778 0.090279 
0.329590 0.766497 0.019985 
0.891784 -0.357834 -0.030390 
-0.787327 0.600150 0.067124 
-0.599712 0.764892 0.093836 
0.196668 -0.818528 0.020642 
0.450468 -0.871113 0.009752 
-0.360835 -0.767409 0.019616 
0.427791 0.608414 -0.009643 
0.680544 0.250173 0.090208 
-0.817665 -0.322006 0.021119 
0.584079 -0.473453 -0.040186 
-0.585696 0.756779 -0.048370 
0.904990 -0.215391 0.080868 
-0.078671 0.981941 0.081082 
0.786933 -0.177469 -0.095670 
0.816579 -0.008021 0.027978 
-0.970587 0.151871 0.013351 
0.274109 0.789101 -0.095440 
-0.075705 -0.783721 -0.095670 
0.472608 0.763869 0.036223 
-0.536630 -0.606247 0.037636 
0.341141 -0.639828 0.083615 
-0.727134 -0.192626 -0.042585 
0.788713 0.501283 -0.095670 
0.923781 0.029071 0.068370 
-0.414667 -0.684586 0.048643 
0.773369 0.605449 0.017198 
0.763117 0.575197 -0.042665 
-0.532610 0.536616 -0.091235 
-0.154047 -0.725088 0.008187 
-0.856006 -0.171012 -0.095670 
-0.817474 -0.018919 0.029282 
-0.030761 0.816550 0.025784 
-0.734210 0.030364 0.009467 
-0.351545 -0.668072 -0.021727 
0.350628 0.654114 0.000122 
-0.428142 0.788994 0.034574 
-0.376536 0.699756 -0.095384 
0.595756 -0.402995 0.047296 
0.317517 0.724618 -0.095336 
0.012811 -0.754771 -0.039396 
-0.850726 0.444481 -0.021169 
-0.709003 -0.610629 0.082426 
0.324077 0.841891 -0.095596 
0.757731 -0.581164 -0.090382 
0.541406 0.463675 0.029705 
0.412415 0.836134 0.090122 
0.947577 -0.293560 0.055716 
-0.107257 -0.762682 0.093918 
-0.234801 -0.754213 0.067936 
0.339015 -0.903925 -0.048601 
-0.962369 -0.019245 0.094381 
0.043564 -0.952885 -0.093477 
0.086925 0.807000 0.028492 
0.839536 -0.369612 -0.095670 
-0.702045 0.151325 0.035390 
0.473696 -0.772798 0.035045 
-0.556773 0.455137 0.079069 
-0.963884 -0.247391 0.046895 
0.344501 -0.912390 0.005784 
-0.555263 0.652281 -0.095270 
-0.697174 0.586872 0.046554 
0.031161 0.711978 0.028233 
-0.542422 -0.684269 0.019610 
0.135228 -0.757395 0.093918 
0.518903 -0.757572 -0.095612 
-0.874132 -0.477655 0.034389 
0.751436 0.239382 -0.095670 
0.714848 -0.466790 -0.095670 
0.219380 -0.688844 0.028322 
-0.397553 0.833790 0.073119 
0.157791 0.695479 0.024020 
-0.635886 -0.653947 -0.095670 
-0.075329 -0.963191 -0.055122 
-0.493407 -0.608597 0.084247 
-0.736009 0.357035 0.027517 
-0.902881 -0.099063 -0.095670 
-0.851910 0.361066 -0.095306 
0.685239 0.425860 0.032222 
-0.671556 -0.534098 0.018468 
0.989613 0.001114 0.078136 
0.440513 0.691997 -0.095404 
-0.231210 0.691295 0.093535 
0.032564 -0.944493 0.091286 
-0.749553 -0.386508 -0.095670 
0.558132 -0.800866 0.007084 
0.501624 0.707196 -0.095513 
-0.743261 0.555539 0.079972 
0.259122 0.696729 -0.043413 
0.359656 0.655218 -0.086260 
0.279345 -0.956914 0.041590 
-0.534113 0.620876 0.025922 
-0.825533 -0.422108 0.060200 
0.859609 -0.353398 0.077010 
0.197716 -0.946396 0.094381 
0.525790 -0.559588 -0.094582 
-0.236269 -0.821882 -0.095670 
0.448787 0.598592 -0.087106 
0.082272 0.951325 -0.034892 
0.685007 0.504121 0.018388 
0.420611 0.857188 -0.048998 
0.801377 0.440202 -0.095670 
0.930891 -0.342888 0.075122 
0.000985 -0.793656 0.058255 
0.757157 0.044682 0.094305 
-0.791965 -0.605363 0.061712 
-0.119774 -0.837303 0.019938 
-0.882962 -0.250297 0.047148 
-0.606850 -0.718595 -0.095670 
0.692249 -0.621245 0.072454 
0.072729 -0.751145 -0.057906 
-0.775615 -0.534815 -0.095670 
-0.532121 -0.536403 -0.077369 
0.659514 -0.459873 -0.095670 
-0.462175 0.670415 0.028011 
-0.742495 -0.098602 0.001003 
-0.580257 0.799934 0.044220 
0.629365 -0.482428 0.053402 
0.700713 -0.266481 -0.048489 
0.487918 -0.562019 0.093978 
-0.588570 -0.802604 0.082009 
-0.572114 -0.546179 0.062546 
0.597048 0.606092 0.018418 
-0.436617 0.640330 0.081268 
0.752475 -0.150513 0.092397 
-0.863023 0.373887 0.092305 
0.660486 -0.355975 -0.009661 
-0.287854 -0.930327 0.094381 
0.509859 0.610381 -0.095344 
-0.492360 -0.797794 0.084061 
-0.628758 0.629515 -0.095444 
-0.221743 0.784386 0.026914 
-0.121087 0.857781 0.020351 
0.875899 -0.217051 -0.095483 
0.645716 -0.757584 0.032225 
0.193013 -0.746047 0.093470 
-0.721875 0.055240 0.086452 
0.107636 -0.930292 0.081256 
-0.072126 0.740254 -0.049824 
0.598424 0.778161 0.086835 
0.415921 -0.905069 0.028826 
-0.160019 0.725124 0.000424 
-0.718344 0.472009 0.018751 
0.818878 0.097992 0.023723 
-0.071772 0.938725 -0.093634 
0.857386 0.065379 -0.095670 
-0.667780 0.676538 0.094370 
-0.361607 -0.769883 -0.095670 
-0.922374 0.102002 0.073340 
0.777859 -0.009403 -0.095670 
0.231171 -0.760148 -0.095670 
0.581219 0.757742 -0.065765 
-0.960820 -0.103679 0.094381 
-0.254709 -0.677622 0.074603 
-0.422923 -0.903769 0.037801 
-0.566223 -0.449105 0.071549 
0.129556 -0.903053 -0.095670 
0.852216 -0.510951 0.063892 
-0.505112 0.585548 0.085646 
-0.695727 0.276871 -0.059315 
0.531808 0.527949 0.094381 
-0.953915 -0.134168 -0.068400 
-0.823273 0.492364 -0.055800 
-0.216502 0.719167 -0.089645 
-0.443232 -0.748965 -0.095670 
-0.414774 -0.592370 0.041945 
0.867492 0.248280 -0.095670 
-0.226849 -0.722062 -0.081333 
0.737834 -0.019732 0.005701 
-0.730005 0.419303 -0.095499 
-0.568030 -0.783091 -0.006574 
0.946560 -0.080593 -0.092008 
0.874130 0.299405 -0.095670 
-0.463154 0.839224 -0.003942 
0.380696 -0.886568 -0.074545 
-0.850445 0.141552 -0.095670 
-0.628328 0.594293 0.019585 
-0.746820 0.083316 -0.081068 
0.392570 -0.692142 0.052440 
0.475806 0.622881 0.056212 
0.547314 -0.832385 0.068686 
-0.712179 -0.458419 -0.095670 
0.782439 0.376343 -0.095670 
-0.016868 0.969023 0.008598 
-0.812770 -0.394177 -0.095670 
-0.222863 -0.972661 0.042825 
-0.176682 -0.933699 0.093095 
-0.956575 0.100605 -0.035509 
0.823853 0.419165 0.074835 
0.679438 -0.683062 -0.043102 
-0.752616 -0.321523 0.030232 
0.496765 0.527108 0.011986 
0.919857 0.169013 -0.095670 
0.260342 0.889089 0.083741 
0.780497 0.151565 0.044511 
-0.203142 -0.863698 -0.095670 
-0.718648 -0.042177 0.028730 
0.587372 0.678066 -0.095583 
-0.612676 -0.382737 0.072883 
-0.169848 -0.703375 0.056976 
0.477790 0.535136 0.086037 
0.929048 -0.244593 -0.033076 
0.296062 -0.660208 0.025522 
-0.884464 -0.408140 0.094171 
-0.949571 0.286676 0.033098 
-0.633511 -0.624132 0.024409 
0.339086 -0.898471 0.094325 
-0.017981 -0.792099 -0.095670 
0.378064 -0.671004 -0.095110 
0.810015 -0.511948 -0.085603 
-0.187034 -0.768352 0.065834 
-0.650778 -0.380675 -0.061690 
0.559500 -0.452925 0.064843 
0.347381 -0.795282 -0.095670 
-0.925339 -0.061025 0.065751 
0.022549 -0.965979 -0.049850 
0.068420 -0.872164 0.019900 
0.219030 -0.856568 -0.095486 
0.377884 0.876778 -0.022703 
-0.569307 -0.494529 -0.021934 
-0.122621 -0.799918 -0.095670 
0.245035 -0.717972 0.093984 
-0.259258 0.897938 0.090447 
-0.468469 -0.829088 -0.094240 
-0.657755 0.494807 -0.095542 
0.980754 0.133319 0.068402 
0.634332 0.326977 0.055652 
-0.874140 0.466263 0.036548 
0.948824 -0.088769 0.094121 
0.546202 0.821736 0.045405 
-0.723910 -0.157628 0.006566 
-0.604750 -0.465282 -0.091248 
0.829663 -0.263851 0.020070 
0.054305 -0.806750 0.038762 
0.766238 -0.532934 -0.095670 
-0.945803 -0.310205 0.040715 
0.106161 -0.815573 0.028497 
-0.236356 0.676791 0.019046 
-0.563042 0.776945 -0.002547 
-0.821888 0.259445 0.018788 
0.564112 -0.702579 0.031614 
-0.167384 -0.976178 0.015341 
-0.259327 -0.776613 0.031333 
0.503522 0.772951 0.074155 
0.754894 0.425261 0.020089 
0.745103 0.200799 0.085688 
-0.624298 0.675944 0.061832 
0.958210 0.040240 -0.011883 
0.295992 -0.712469 0.093041 
0.002131 0.889187 -0.095566 
-0.459594 -0.598764 -0.050261 
0.142845 -0.955186 -0.050827 
-0.164685 0.741556 0.093273 
0.381615 0.909688 0.047245 
-0.814179 -0.070822 -0.095670 
-0.963828 0.206717 0.088093 
-0.615321 0.424407 -0.034483 
-0.684404 -0.538954 -0.095670 
-0.744508 -0.614403 -0.073727 
0.527792 -0.807238 -0.030453 
0.740994 0.093592 -0.027389 
0.942850 0.297804 0.057354 
-0.374341 -0.850441 -0.095670 
-0.418799 -0.687321 -0.095670 
-0.505229 -0.823536 -0.050082 
0.449652 0.594414 0.094381 
-0.454000 0.591554 -0.037861 
-0.743891 0.097740 -0.003583 
-0.142545 0.904862 -0.095628 
0.891286 -0.261547 0.076897 
-0.833640 0.407976 -0.095298 
0.262717 0.661527 0.056219 
-0.719500 -0.045563 0.080191 
-0.274158 0.722812 -0.095519 
0.779026 0.278935 -0.095670 
0.878185 0.452504 0.057916 
-0.415548 0.580549 0.047737 
0.955529 -0.091582 -0.012604 
-0.717485 0.665508 0.091082 
0.685605 -0.234865 0.088101 
0.958624 -0.029733 -0.010232 
-0.332406 0.842911 0.042695 
-0.645157 0.362800 0.093997 
-0.463661 0.872164 0.031826 
-0.691399 -0.254157 0.009672 
-0.159672 0.973630 0.055774 
0.818277 -0.198074 0.019587 
-0.885178 -0.398412 -0.000699 
-0.079877 0.793648 -0.095350 
-0.736488 -0.672212 0.031279 
0.769930 -0.553999 0.093445 
-0.240192 0.920256 -0.086769 
-0.873959 -0.286915 -0.095670 
-0.809865 0.028061 0.033858 
0.907886 0.123710 0.052986 
0.550969 0.700464 0.031108 
-0.779399 0.115017 -0.095670 
-0.020460 -0.856082 0.018623 
-0.969530 0.055637 0.004616 
0.577973 -0.587421 0.026331 
-0.181969 -0.907024 0.053888 
-0.916305 0.016450 0.048196 
-0.801169 0.019070 -0.095670 
-0.105069 0.949405 -0.033376 
0.161289 -0.737245 -0.046013 
-0.638792 -0.335962 0.036990 
0.121091 0.910696 0.066868 
0.867280 -0.006374 -0.095670 
-0.720797 0.204935 -0.005549 
0.648199 -0.329876 0.086878 
-0.358257 0.683442 0.086962 
0.209455 0.713303 -0.033981 
-0.738060 0.611125 -0.050727 
0.815819 -0.453859 -0.095670 
-0.842668 -0.274959 0.023750 
0.486918 0.838833 0.093522 
-0.736322 -0.383365 0.024240 
-0.488940 0.729604 0.023378 
0.664935 -0.562716 -0.095670 
-0.067016 -0.971388 0.002921 
-0.913047 0.134235 -0.095670 
-0.355937 0.766569 0.018702 
-0.125784 0.733261 -0.047479 
0.836285 0.217392 0.019443 
-0.312824 0.897185 0.094133 
-0.244133 -0.934963 -0.035513 
-0.558245 0.744629 0.084193 
-0.553086 0.663534 0.019439 
0.754361 0.511591 0.049560 
-0.956087 -0.223189 0.092786 
0.356062 0.873721 0.094046 
-0.024309 0.916794 0.059975 
-0.654650 0.291695 0.030704 
0.049884 0.910609 0.051859 
-0.890069 -0.310464 0.091080 
-0.704544 -0.400024 -0.095670 
-0.826688 0.297480 -0.095416 
-0.771811 0.391345 0.019310 
0.657283 0.693367 -0.034142 
0.548989 -0.551219 0.086874 
-0.993450 -0.020413 0.058009 
-0.407500 0.858099 -0.089088 
-0.784391 0.434926 0.031744 
0.595101 0.392668 0.045158 
-0.667047 -0.275711 0.050397 
-0.915900 -0.329949 0.004878 
-0.697000 0.672379 0.006090 
0.703824 0.675683 0.012713 
0.298891 0.864452 0.055920 
0.887855 -0.196453 0.041667 
0.096558 0.737122 -0.044217 
-0.054361 -0.807879 0.037838 
-0.292590 -0.698423 -0.082806 
0.266014 0.875874 -0.095627 
-0.958107 0.030592 -0.084980 
-0.509691 0.791634 0.093689 
-0.988115 -0.109171 0.045477 
0.472882 0.855034 0.013850 
-0.256751 -0.895771 0.067284 
0.742399 0.496822 -0.095670 
-0.097453 -0.883770 0.023797 
0.949255 -0.186750 0.094333 
-0.351665 -0.892360 0.094381 
0.113572 -0.990939 0.046157 
0.937490 0.197387 -0.020786 
0.562314 -0.593560 -0.095377 
0.648122 -0.414654 -0.095150 
0.584576 -0.767255 -0.010734 
-0.366979 0.649047 -0.076551 
-0.224699 -0.721290 -0.027423 
0.189597 0.959560 0.089719 
0.683837 0.385334 0.056928 
0.395073 0.592404 0.061569 
0.427556 -0.864730 -0.043302 
0.951486 0.114916 -0.060976 
0.231645 0.958490 0.044728 
0.766455 0.137067 -0.095670 
-0.929961 -0.164772 0.092484 
-0.167489 0.845440 -0.095670 
0.896492 0.236763 0.079643 
-0.496215 -0.568412 -0.043603 
0.513941 -0.513155 0.016723 
0.624413 -0.549401 0.022898 
-0.415494 0.895346 0.028329 
0.246215 -0.791137 0.025362 
-0.950268 -0.076468 -0.091615 
0.308710 0.903569 -0.029157 
0.334439 0.699828 0.074854 
-0.855116 -0.446503 -0.068226 
-0.548007 -0.625875 -0.095670 
-0.023200 -0.884103 -0.095670 
-0.933698 0.333600 0.050251 
-0.319784 0.661325 0.005957 
0.693573 -0.183665 0.054852 
0.663969 0.292931 0.090306 
0.878112 -0.457271 0.084226 
-0.896809 0.220158 -0.095670 
0.830701 0.476207 -0.006629 
-0.892471 -0.244506 -0.095670 
0.929686 0.062800 -0.095670 
-0.678347 0.232800 0.061447 
-0.202753 0.716000 -0.013013 
-0.317904 0.792122 0.018548 
0.248257 0.746524 0.051267 
-0.724260 -0.575727 0.055982 
0.751570 -0.307230 -0.095670 
0.233317 0.817852 0.018446 
0.813316 -0.515018 -0.010606 
-0.454712 -0.886529 0.080148 
-0.752214 0.004520 -0.078749 
-0.135707 0.802858 0.027229 
-0.127185 -0.989767 0.064691 
0.496759 0.553709 -0.051128 
0.608787 0.687265 0.062045 
-0.917217 0.187775 0.087941 
0.725314 0.612066 0.094119 
-0.815049 0.128030 0.024978 
0.703948 0.179592 0.089993 
0.363302 0.743607 -0.095421 
0.795288 -0.117811 -0.095670 
-0.523041 -0.849522 0.035630 
-0.524292 -0.525349 0.094212 
-0.726594 -0.099454 0.091186 
-0.707433 -0.325476 0.088397 
-0.725785 -0.308471 -0.095670 
-0.981026 -0.017915 0.011707 
0.612994 -0.771625 0.090565 
-0.535284 -0.769452 0.084140 
-0.498211 0.816714 -0.045295 
-0.979272 0.161658 0.064449 
0.711086 0.638615 -0.068453 
-0.281886 -0.804908 -0.095670 
0.139208 0.730084 -0.061618 
0.093955 -0.965528 -0.001074 
-0.557851 -0.768891 -0.094710 
-0.146565 -0.740470 0.094221 
-0.867835 0.264330 -0.095491 
0.794210 0.532210 -0.063277 
-0.363415 -0.895387 -0.031737 
0.066579 0.975378 0.090041 
0.451268 -0.566486 0.019607 
-0.745124 -0.474662 0.022407 
0.851015 -0.449089 -0.023738 
-0.672821 0.507207 0.019101 
-0.342806 -0.719680 0.053126 
-0.057079 -0.722462 0.079864 
0.281401 0.765142 0.026466 
0.599975 0.546942 0.028670 
0.632370 0.439627 -0.095518 
-0.844690 0.501269 0.089235 
-0.922323 0.268615 -0.049518 
0.345440 -0.669520 -0.011496 
0.898087 0.412031 0.060418 
-0.849231 -0.073658 0.018647 
0.643577 0.748016 0.059863 
-0.028276 0.952782 0.094191 
-0.560180 -0.720345 0.039312 
0.110716 0.828395 -0.095441 
0.126635 0.946051 -0.033988 
0.633682 -0.404908 0.094381 
-0.775165 0.106718 0.075669 
0.150376 0.765290 -0.095310 
0.642566 0.679707 0.091368 
-0.180539 -0.949242 -0.063196 
-0.948686 -0.169585 -0.010462 
-0.839441 0.317647 0.031631 
0.496542 -0.663424 -0.095530 
0.709482 0.230083 -0.070276 
-0.695299 0.434616 0.026138 
-0.607030 -0.498612 0.077452 
-0.007097 -0.768403 0.094012 
0.427206 0.636629 -0.095278 
-0.785073 -0.229047 -0.095670 
-0.835633 0.408845 0.083110 
0.905265 0.311323 -0.045272 
-0.657235 0.673750 -0.095082 
0.411647 -0.882576 0.094381 
0.715773 -0.074028 0.083969 
0.714050 -0.667330 0.093616 
-0.067238 0.710931 0.021993 
-0.610215 0.730491 -0.087953 
-0.494278 0.516000 0.048382 
0.833223 0.518846 0.016941 
-0.756120 -0.068961 -0.090239 
-0.849302 0.066043 0.018624 
0.870483 0.169084 0.026659 
-0.631587 -0.700384 0.090069 
0.112877 0.741910 0.094381 
-0.712893 -0.689559 0.086482 
-0.658564 -0.706407 -0.035355 
0.988739 0.057425 0.044454 
0.936011 -0.299049 0.013569 
0.458915 -0.596782 -0.021757 
-0.616182 -0.607594 -0.095670 
0.662220 -0.616388 -0.095609 
-0.714106 0.249305 -0.090382 
0.292648 -0.920032 -0.044033 
0.715523 0.129858 0.092298 
-0.432140 -0.608339 0.004973 
-0.900410 0.332938 -0.066231 
0.422035 0.749157 -0.095497 
0.561942 0.747694 0.091411 
-0.814018 0.359318 0.027181 
-0.548117 -0.795369 -0.046133 
0.588343 0.558785 -0.095382 
0.340543 -0.693371 -0.095372 
0.028462 0.984740 0.024996 
-0.635539 -0.768394 0.059177 
-0.424065 -0.869666 -0.006296 
-0.191738 0.924511 0.094048 
-0.766826 -0.492097 -0.095670 
-0.178984 -0.907677 -0.095670 
0.745216 0.090685 0.094381 
-0.009401 0.743904 -0.075519 
0.541252 0.474003 0.085259 
0.631612 -0.399518 0.001481 
0.681145 0.302580 -0.044500 
0.800356 0.302195 0.018600 
-0.977934 -0.182124 0.035981 
0.240724 -0.939394 -0.000338 
-0.628615 -0.415947 -0.074016 
0.478428 -0.780649 -0.095540 
0.541353 0.614881 0.024790 
-0.460826 0.645829 -0.095608 
-0.552466 0.711246 -0.095264 
-0.769694 -0.623225 0.015966 
-0.916253 -0.298529 -0.055446 
-0.329329 -0.696213 0.093979 
0.731356 -0.160912 -0.005465 
-0.251869 -0.916746 -0.094549 
-0.598423 0.556397 -0.095670 
-0.045084 0.985397 0.047792 
0.167298 0.777448 0.040900 
0.650762 0.478737 -0.095382 
-0.899597 -0.260772 0.085599 
-0.684826 -0.226187 0.051463 
-0.394531 -0.647169 -0.084163 
-0.912098 0.382173 0.021288 
-0.181839 0.691228 0.081589 
-0.360060 0.885671 -0.010174 
0.825363 -0.122951 0.021046 
0.528224 0.523840 -0.040949 
-0.586135 -0.452087 0.008231 
-0.767803 0.276114 0.029184 
-0.332405 -0.859839 -0.095670 
-0.936825 -0.224463 -0.034803 
0.668097 -0.364561 -0.090555 
-0.992424 0.036319 0.073406 
-0.914117 -0.394703 0.064739 
-0.888259 -0.353221 0.094381 
0.150437 -0.764089 -0.095337 
0.013642 -0.888380 0.023745 
0.473361 -0.544139 0.056584 
-0.820236 0.102071 -0.095670 
-0.157386 0.758607 -0.095588 
0.148763 -0.812269 0.026666 
0.798378 0.580841 0.059083 
0.530484 -0.620255 0.031036 
-0.273790 0.692773 -0.001781 
-0.539575 0.827824 0.043133 
0.747494 0.006837 -0.031174 
-0.287234 0.912108 -0.040750 
0.259413 -0.870365 -0.095670 
0.592200 -0.487409 -0.094505 
-0.693710 0.377004 -0.095623 
0.742550 -0.091114 -0.042492 
0.037267 0.862816 0.019874 
-0.693529 -0.293247 -0.024951 
0.760147 0.229866 0.044917 
-0.312706 0.797337 -0.095559 
-0.202374 0.869584 0.031733 
-0.690236 0.320750 0.094024 
0.199256 0.866576 -0.095566 
0.505543 -0.797020 0.091779 
-0.410851 -0.776336 -0.095670 
-0.910408 -0.051370 -0.095670 
0.237996 -0.933273 0.094381 
-0.027038 0.711811 0.035269 
0.283976 -0.874198 0.046818 
0.896409 -0.139498 0.039866 
0.275777 0.692902 -0.083399 
-0.011345 -0.964903 -0.079790 
-0.728678 0.323077 -0.095606 
-0.855221 -0.167274 0.019767 
-0.324251 0.932812 0.065148 
-0.758279 -0.535022 0.064859 
-0.470520 -0.645071 -0.095670 
0.699368 -0.360707 0.063659 
-0.873544 -0.408148 -0.042973 
0.728127 0.288186 0.061239 
-0.639472 -0.659829 0.045973 
-0.298589 0.656797 0.088635 
-0.630409 -0.549356 -0.095670 
-0.810242 -0.474618 0.086821 
0.517771 -0.545631 -0.044115 
-0.469735 -0.831730 0.094322 
0.900406 -0.296451 -0.093353 
-0.885561 -0.203055 -0.095670 
-0.408882 -0.600074 0.082827 
-0.098143 0.911043 0.058103 
0.811828 -0.034097 -0.095670 
0.736452 -0.009748 0.094222 
0.333103 0.629141 0.031250 
-0.712027 0.564293 -0.095341 
0.119985 -0.782079 0.063606 
0.354347 0.886430 -0.056047 
0.163838 0.925464 -0.093765 
0.609029 -0.439712 -0.037006 
0.490310 -0.867038 0.073626 
0.794748 -0.464499 0.053460 
0.279820 -0.700166 -0.056082 
0.598594 -0.479318 0.093307 
-0.121989 -0.916829 0.054750 
0.609849 -0.635200 0.021926 
-0.588049 0.408548 0.046791 
0.924756 0.348897 0.041466 
-0.814580 -0.165174 -0.095670 
0.853823 0.008451 0.018407 
0.057412 -0.752871 -0.004982 
-0.807654 0.204620 -0.095670 
-0.050532 -0.747739 0.003121 
-0.513202 0.536403 0.002033 
0.389254 -0.639112 0.002405 
-0.393095 0.633117 -0.037355 
-0.613324 -0.761888 0.094035 
0.932624 -0.284670 0.093542 
-0.141923 -0.741546 -0.048678 
0.108848 -0.812486 -0.095616 
0.236562 0.932301 0.002427 
0.923303 -0.061049 0.070637 
-0.105642 0.774762 0.059459 
0.180058 0.877178 0.034342 
0.823250 0.368497 -0.095670 
-0.443659 0.828457 0.093122 
0.496322 0.801347 -0.092944 
0.882133 0.371049 -0.022742 
-0.673421 -0.630598 0.051492 
0.458217 -0.646984 0.056982 
0.440914 -0.606042 0.093980 
0.006867 0.954986 -0.042202 
-0.100589 0.708171 0.083136 
-0.298786 0.854879 -0.095499 
0.869251 0.122462 -0.095670 
-0.481246 0.766378 0.040749 
-0.865280 0.169703 0.023026 
0.690824 0.227743 0.011244 
-0.798427 -0.557520 0.094381 
-0.215675 -0.690684 0.055454 
-0.100802 -0.718310 0.022408 
0.896848 -0.400301 0.013126 
-0.451104 -0.791696 -0.095670 
-0.548489 -0.569548 -0.095670 
-0.814085 0.524163 0.005038 
0.292884 0.683128 -0.016539 
0.203281 0.822394 -0.095467 
0.372010 -0.829955 0.037140 
-0.458013 0.548207 0.054276 
0.197733 0.747087 0.083597 
-0.494540 -0.555844 0.094373 
-0.784313 -0.302025 -0.095670 
0.017285 -0.891661 -0.095670 
-0.801271 0.375987 -0.095399 
-0.806813 -0.216147 0.022030 
0.710493 -0.522474 0.022763 
0.113310 -0.746323 -0.053922 
0.743352 -0.467805 0.021729 
-0.353826 -0.707059 -0.095670 
-0.728248 0.177127 -0.071989 
-0.613238 0.371086 0.027999 
0.152620 -0.708637 0.081037 
-0.765161 0.514456 0.062024 
0.386783 0.680129 0.058436 
-0.389832 0.640810 0.094219 
0.048042 0.953631 -0.057177 
0.222196 -0.939740 -0.075788 
0.875616 -0.162346 -0.095670 
-0.378294 0.783017 -0.095516 
0.173980 -0.982051 0.047992 
0.760642 -0.625423 0.013766 
-0.540981 0.549402 0.088952 
-0.014884 -0.993543 0.085507 
0.871580 0.349763 -0.094612 
-0.735011 -0.162509 -0.077253 
-0.954564 -0.132864 -0.027714 
-0.315488 0.639524 0.046874 
0.419424 -0.625798 -0.035037 
-0.382525 -0.859954 0.087541 
-0.807098 0.564756 0.086684 
-0.682859 -0.474193 0.023777 
-0.843875 0.518143 0.048605 
0.882895 -0.376385 -0.082435 
0.413160 0.580742 0.027145 
0.403813 -0.809731 -0.095529 
-0.970475 -0.102746 0.007897 
-0.567537 -0.528903 -0.095670 
-0.725197 -0.222719 -0.087678 
-0.376680 -0.651613 0.094259 
0.133756 0.937658 0.094281 
-0.381158 -0.728808 0.028983 
0.810217 -0.315635 -0.095670 
-0.298789 -0.850174 0.029990 
0.643733 -0.705523 0.094088 
-0.520873 0.799367 -0.083770 
0.230137 -0.718210 -0.005000 
-0.532953 -0.513243 0.008841 
-0.010947 -0.981798 0.009446 
-0.926348 -0.206470 -0.094305 
-0.496235 -0.755989 -0.095670 
-0.863298 0.322375 -0.095314 
0.313536 0.932810 0.022306 
0.395064 -0.718559 -0.095414 
0.179498 -0.864435 -0.095318 
-0.797711 0.564315 0.011593 
0.562180 0.603104 -0.095413 
0.664073 0.605554 0.036319 
-0.619803 0.769968 0.059306 
0.788373 -0.553550 -0.009374 
-0.908953 0.065917 -0.095670 
0.689034 -0.497636 -0.095670 
0.614681 0.648547 -0.095575 
0.746013 -0.057744 -0.007917 
-0.145122 0.944026 -0.027865 
-0.450334 -0.667341 0.042470 
-0.646741 0.407599 0.091955 
-0.368392 -0.810803 -0.095670 
-0.119856 -0.839884 -0.095670 
0.658981 0.347483 -0.024563 
-0.272609 -0.746702 0.057068 
0.878898 0.380592 0.094235 
0.015866 -0.927593 0.059057 
-0.872725 0.400163 -0.017670 
0.764201 -0.624226 0.088889 
0.933528 0.159714 0.094054 
-0.394386 0.599602 0.019662 
0.782721 -0.226530 -0.095566 
0.349647 -0.933245 0.039507 
0.958362 0.023105 0.094381 
0.715277 0.029141 0.068040 
-0.590664 0.457816 -0.054027 
-0.390994 -0.614133 0.018378 
-0.126669 0.702675 0.023675 
-0.366263 -0.928061 0.060688 
0.766274 0.413812 -0.095670 
0.724232 0.551758 -0.095613 
0.218740 0.889316 0.057886 
0.372976 0.643628 -0.031208 
0.718230 -0.213298 -0.058655 
-0.224824 0.865081 -0.095501 
-0.236862 0.672415 0.058895 
0.796922 -0.410651 -0.095670 
0.343604 0.911495 0.092051 
-0.803358 -0.432838 -0.095670 
-0.959544 0.252861 0.064305 
-0.567681 -0.820384 0.034945 
-0.864527 -0.124911 -0.095670 
-0.717527 -0.359340 -0.095670 
0.451224 0.651500 0.043809 
-0.717414 -0.228369 -0.019487 
-0.418887 -0.876665 0.094143 
-0.746203 0.642223 0.016758 
0.131316 0.723983 0.004246 
0.307523 -0.660473 0.087653 
0.776941 -0.044397 0.080147 
0.488562 -0.860490 0.015646 
0.500038 -0.589668 -0.095582 
0.067059 0.737451 0.094381 
0.070498 -0.995270 0.036013 
0.756085 -0.197590 0.074428 
0.795203 -0.596460 0.040872 
0.939693 0.080815 0.093906 
0.336425 0.854794 0.063609 
0.561921 0.487863 -0.038127 
-0.052978 0.742055 -0.006311 
0.868281 -0.317596 0.062904 
-0.162224 -0.779609 -0.095670 
0.739707 -0.503801 -0.095670 
-0.236040 -0.715403 0.094246 
0.253290 0.689187 0.094381 
0.330773 0.816916 0.025640 
0.686326 0.304914 -0.087865 
-0.448509 0.835894 -0.090557 
-0.758153 0.147388 0.089894 
-0.116859 0.979742 0.072030 
-0.946734 0.234911 0.008736 
-0.706999 -0.553461 0.028617 
-0.062750 -0.940743 0.089384 
-0.008331 0.790847 0.045603 
0.691863 0.572578 0.035898 
0.756244 0.279443 0.033521 
0.769538 0.383892 0.018902 
0.473442 -0.819507 -0.095203 
0.453099 -0.814482 0.073184 
-0.899692 -0.135067 0.039331 
0.301765 0.937211 0.081254 
0.763696 0.473916 0.035830 
-0.827880 -0.351186 -0.095670 
0.502017 0.682029 0.018528 
-0.598598 0.465957 -0.091613 
-0.397615 0.734581 0.020119 
0.903396 -0.049925 0.038474 
-0.104028 0.911206 -0.095630 
-0.323093 0.898631 -0.077468 
0.806493 0.047774 0.033420 
-0.817540 0.474359 -0.093728 
0.582313 0.796192 0.033633 
-0.736147 0.465820 -0.095430 
0.614627 0.507170 0.039964 
-0.374291 0.744316 -0.095431 
0.185794 -0.947500 -0.056393 
0.863944 0.329805 0.075455 
-0.696828 -0.183589 0.041218 
0.113158 0.780570 -0.095331 
0.117807 -0.898461 0.034031 
0.811019 0.505879 -0.037927 
0.580467 0.500192 -0.095276 
0.837430 0.451357 -0.086500 
-0.790583 -0.106111 0.047654 
0.921360 -0.110490 0.077410 
0.280220 0.914658 -0.005273 
-0.728711 -0.138052 0.094375 
0.627658 0.627588 0.028620 
-0.758384 -0.597935 -0.011142 
0.577269 -0.810885 0.056901 
0.690425 -0.251093 0.008699 
-0.293768 -0.862013 -0.095670 
0.664263 -0.634261 0.049231 
-0.619322 -0.374690 0.024144 
-0.532243 -0.489105 0.064362 
0.606745 -0.697085 -0.095627 
-0.683952 -0.715427 0.015261 
-0.907729 0.257159 -0.094953 
0.848201 0.441642 -0.049909 
-0.884719 0.287750 0.080388 
-0.865043 -0.024118 0.018899 
0.804176 -0.292741 0.018380 
0.455298 -0.671524 -0.095361 
-0.616579 0.514628 0.036648 
-0.506536 -0.698279 0.018483 
-0.247986 0.934576 0.094229 
-0.366709 0.611973 0.060902 
0.809797 0.551635 0.089231 
0.989932 -0.032296 0.030851 
0.111627 0.774398 0.057712 
0.020468 0.981427 0.085921 
0.897749 -0.368635 0.094043 
-0.739345 0.125134 -0.043433 
0.869002 -0.410747 -0.055766 
0.566294 0.434781 0.025396 
0.523272 0.833058 0.082675 
0.552221 0.545855 -0.095300 
0.978357 -0.158403 0.073900 
0.948949 -0.038393 -0.091467 
-0.501399 -0.628227 0.043642 
0.331318 0.688885 -0.095274 
-0.961720 -0.014818 -0.076907 
0.575218 -0.432306 0.031689 
0.838812 0.162518 -0.095670 
0.152145 -0.802290 -0.095301 
-0.571858 -0.596252 0.026635 
-0.272238 0.839358 0.025641 
0.432434 0.604987 -0.053168 
0.608680 0.428845 -0.050057 
0.714249 0.681030 0.056474 
-0.781542 0.181188 0.040139 
-0.034656 0.930024 -0.095662 
-0.586119 0.604113 0.019156 
-0.667065 0.409545 -0.095637 
0.204573 0.932349 -0.053241 
0.245786 -0.881339 0.042066 
0.076085 0.771772 -0.095299 
-0.762307 0.618535 0.089160 
0.271436 0.948071 0.060991 
0.083434 -0.790177 0.056826 
-0.432739 0.694440 0.026054 
-0.309227 -0.899867 -0.094389 
-0.922624 0.310567 0.093995 
0.087687 -0.717876 0.043195 
-0.644531 0.445543 0.064811 
0.678114 0.371869 -0.095670 
-0.254712 -0.710788 -0.048222 
-0.600707 -0.766334 0.003053 
0.025059 0.745311 0.094381 
0.097353 -0.755288 0.094111 
-0.110772 0.929020 0.091591 
0.714188 0.168474 0.007474 
0.939475 0.225843 0.004125 
-0.263421 0.951524 0.055816 
0.754824 0.077153 -0.093297 
0.147330 0.975112 0.036168 
0.553684 0.778275 -0.044830 
-0.021061 0.852381 0.018565 
0.856132 -0.114679 -0.095670 
-0.748875 -0.022096 0.094381 
-0.634653 -0.406338 -0.037964 
0.664996 -0.562618 0.019797 
0.289966 0.715878 0.083772 
0.711749 0.273652 0.092016 
-0.590675 0.639224 -0.095428 
-0.038082 0.794338 -0.095345 
0.804140 0.471035 0.088902 
-0.188595 -0.875537 0.026857 
0.738698 0.281408 -0.095670 
-0.720834 -0.595048 -0.095670 
0.065784 0.964896 0.007120 
0.879840 0.051400 0.023839 
0.488292 -0.726439 -0.095511 
-0.144604 -0.972436 0.093130 
-0.601820 -0.502487 -0.095670 
0.203043 -0.726360 -0.057968 
-0.024605 -0.754456 -0.028022 
0.214866 0.744831 -0.095299 
-0.720010 -0.004670 0.028723 
0.561622 -0.733509 0.057846 
-0.411358 0.650809 -0.095662 
-0.457716 -0.755666 0.021935 
-0.368846 -0.821348 0.029525 
0.522427 -0.578126 0.086829 
-0.430220 0.596584 0.094381 
0.711156 0.125304 0.015002 
0.454911 0.554159 0.017787 
0.041016 0.900757 -0.095595 
0.705122 -0.266133 0.094381 
0.059467 0.788365 0.045710 
0.171054 -0.904495 -0.095488 
0.526498 0.679307 -0.095495 
0.869752 -0.479281 0.054666 
-0.922384 0.028876 -0.095670 
0.872392 0.389055 -0.080875 
-0.059848 -0.996066 0.052216 
-0.805094 -0.539278 -0.000893 
0.952942 -0.214759 0.010305 
0.616872 0.413348 0.094381 
-0.285246 -0.697280 0.000547 
-0.772290 0.568489 -0.015269 
0.969089 0.199299 0.052352 
-0.295618 0.764366 -0.095542 
0.729628 0.158702 -0.069880 
-0.103093 -0.748103 -0.074281 
0.044599 0.710617 0.063559 
0.431587 0.867695 0.093658 
-0.722965 -0.546724 -0.095670 
0.136795 -0.741880 -0.018606 
0.137764 -0.947397 0.094381 
-0.724494 -0.338981 0.046861 
0.333034 -0.865570 -0.095670 
0.751044 -0.162533 -0.095358 
0.127512 -0.946092 -0.092722 
0.224165 0.912195 0.093705 
-0.750153 0.046554 -0.078474 
0.852203 -0.245458 -0.095397 
-0.392103 0.874010 0.093981 
0.945370 0.148591 -0.078359 
0.778552 0.332495 -0.095670 
-0.804492 0.452822 0.063542 
-0.621457 0.728584 -0.023109 
0.753744 -0.393127 0.018738 
0.320635 -0.734288 -0.095670 
-0.474401 0.577188 -0.079657 
0.684784 0.710481 0.052809 
-0.750589 -0.025391 -0.053317 
0.084758 -0.927654 -0.095670 
-0.064197 0.830789 0.020178 
0.778115 -0.514820 0.082050 
0.974107 0.168255 0.077629 
-0.846019 -0.263066 -0.095670 
-0.476620 -0.608848 -0.095389 
0.394352 0.663201 -0.095290 
-0.741083 0.608296 -0.009640 
-0.041010 0.733304 0.094381 
0.845116 0.511030 0.055000 
-0.732647 -0.423591 -0.095670 
-0.600916 -0.752839 -0.084005 
-0.742497 0.258423 0.061990 
-0.261383 0.872053 0.048325 
-0.895439 -0.083174 0.031323 
0.113502 0.947769 -0.068162 
-0.731251 -0.244367 0.092069 
0.462609 -0.738526 0.019499 
0.845350 -0.475291 0.094342 
0.459920 0.726506 -0.095496 
0.960797 0.131095 0.006709 
0.555476 -0.758949 -0.095670 
0.561682 -0.501686 -0.080272 
-0.892740 -0.363919 -0.069419 
-0.720188 0.389976 0.026900 
-0.930856 -0.012003 0.077360 
-0.356827 -0.632188 0.020963 
-0.222642 -0.909873 0.081410 
-0.851098 0.344792 0.053089 
0.739151 0.654443 0.071564 
-0.077304 0.853589 -0.095490 
0.849085 0.215132 -0.095670 
-0.551107 -0.515661 -0.049028 
-0.501866 0.851365 0.036415 
0.657012 -0.362548 -0.050449 
-0.637350 -0.478353 0.051463 
0.705595 -0.592701 0.054191 
-0.391820 0.776587 0.020827 
-0.328447 -0.930521 0.091336 
-0.850892 -0.347972 0.048615 
0.300765 -0.831884 0.022635 
-0.281262 -0.876750 0.047535 
0.835989 -0.186376 -0.095649 
0.668220 -0.262966 0.055434 
-0.743995 0.105927 0.094202 
-0.958483 -0.067484 0.094381 
0.375856 -0.638129 0.093976 
0.057275 0.741810 -0.075803 
0.424464 -0.672282 0.053549 
-0.681749 0.715857 0.028430 
-0.593319 -0.413004 0.077784 
0.683793 -0.402960 0.051736 
0.645651 -0.330560 0.015758 
-0.169218 -0.737415 -0.079798 
0.105801 0.960697 0.094103 
-0.799373 0.506851 -0.092666 
-0.331922 -0.938246 0.020963 
0.187829 0.715725 0.001490 
-0.944628 0.168666 -0.081935 
0.832824 -0.528479 0.088884 
0.416208 -0.749924 -0.095333 
-0.060815 -0.903211 0.033076 
-0.545810 -0.690153 -0.095670 
0.335319 0.876159 -0.094792 
-0.384560 -0.649819 -0.042128 
-0.076832 -0.751062 -0.049122 
0.573877 0.712474 0.056229 
-0.806830 -0.132810 0.029714 
-0.866887 0.473443 0.083798 
-0.471824 0.597647 0.092498 
0.304257 0.808778 -0.095507 
-0.806538 0.436320 -0.095323 
-0.951303 0.127757 -0.082759 
0.007752 0.800381 -0.095358 
0.648179 0.376050 0.094381 
-0.115730 0.791687 -0.095456 
-0.943009 -0.311310 0.081660 
0.237044 0.924418 -0.075380 
0.629587 -0.459642 0.083455 
-0.793930 0.239406 -0.095577 
0.656534 0.441642 0.046747 
0.714187 0.338010 -0.095670 
0.670411 0.692367 0.004036 
-0.682571 0.708148 0.086604 
0.459580 0.804837 -0.095654 
-0.633863 0.643917 0.038340 
0.813847 0.134712 0.023421 
-0.847603 -0.406436 0.088370 
0.326436 0.632847 0.072928 
-0.535567 0.802277 0.002521 
0.677525 -0.728619 0.041478 
0.764343 0.190832 -0.095670 
-0.324735 -0.910080 -0.029505 
0.554225 -0.827655 0.031237 
-0.531004 0.715673 0.029790 
0.935274 -0.116733 -0.094396 
0.959081 -0.003280 -0.050136 
-0.242537 -0.786798 -0.095670 
-0.650632 0.327688 0.011759 
0.509849 0.807776 -0.043349 
0.691909 -0.332599 -0.093553 
0.724046 0.180251 -0.035422 
-0.573352 0.509386 -0.095417 
0.711036 -0.156688 0.091029 
-0.512508 -0.771782 0.056942 
0.281487 0.912694 -0.050107 
0.544523 -0.760949 0.083290 
0.600078 -0.402689 0.082548 
0.319579 -0.775283 0.021496 
-0.696400 0.218925 0.092172 
-0.280094 0.690176 -0.061943 
-0.375403 0.694895 0.049440 
0.767838 0.620295 0.055276 
-0.753348 -0.350593 -0.095670 
0.683962 0.626975 0.084592 
-0.602661 0.415721 0.009338 
0.899287 -0.420443 0.061364 
0.495518 0.742109 -0.095573 
-0.839588 -0.430330 -0.095670 
-0.343039 0.915770 0.089881 
-0.482997 0.781421 -0.095414 
0.958230 -0.257208 0.049699 
-0.411267 -0.865627 -0.090714 
-0.233332 0.830717 -0.095341 
0.617484 0.749053 0.093316 
-0.833834 -0.545916 0.031227 
-0.948558 0.158509 -0.013510 
0.149262 0.942970 -0.060986 
0.742760 -0.094767 -0.077658 
-0.649965 0.370630 -0.031070 
-0.900588 -0.010932 0.032287 
-0.584957 0.524885 0.058104 
-0.307169 -0.655252 0.058569 
0.063495 0.839170 0.018811 
-0.963713 0.118328 0.004671 
-0.939768 -0.110026 -0.094744 
-0.411712 0.621420 -0.007828 
0.747322 -0.054060 -0.080438 
0.795673 0.015991 0.044308 
0.676265 0.259845 0.013058 
-0.570363 -0.598573 -0.095670 
-0.806578 0.479868 0.091524 
-0.323723 0.753625 0.024871 
0.665167 0.678598 -0.088060 
-0.885606 -0.215784 0.040607 
-0.736381 -0.631290 0.094381 
-0.908352 0.396107 0.063818 
0.806021 -0.570243 0.016082 
0.309095 -0.687394 -0.008484 
0.634043 -0.484126 -0.095670 
-0.830913 -0.390193 0.046455 
0.982294 0.088999 0.084087 
-0.747533 -0.439809 0.018842 
-0.168643 0.906123 0.070449 
0.738399 -0.048796 0.094381 
-0.133824 -0.711273 0.038127 
0.985335 -0.104541 0.046550 
0.317736 -0.945332 0.031405 
-0.323409 -0.682616 -0.037470 
0.480835 0.571971 -0.085088 
0.232971 -0.725525 -0.090412 
-0.597152 -0.671242 0.028871 
-0.749591 0.248923 -0.095624 
-0.923200 0.196986 -0.094829 
-0.202595 -0.812177 -0.095670 
-0.046467 -0.817717 -0.095670 
-0.082525 0.741861 -0.083225 
0.903744 0.324060 -0.006737 
-0.778198 -0.043616 0.084797 
0.682228 0.556967 -0.095544 
0.713733 0.054127 0.043585 
0.641931 0.378061 -0.016368 
-0.515478 0.596333 0.052600 
-0.154125 -0.771537 0.077230 
0.879027 0.271378 0.060880 
-0.153837 -0.845007 0.018490 
0.709821 -0.108409 0.025942 
0.718174 0.226099 0.094381 
0.057245 -0.964189 -0.046147 
-0.322161 -0.676092 0.003502 
0.258274 0.754446 -0.095350 
-0.505086 -0.534995 0.011212 
-0.327258 0.706112 0.071579 
-0.152287 0.728691 -0.076503 
0.378192 -0.679910 0.089180 
0.165821 0.947620 0.002749 
0.527965 -0.535438 -0.006074 
-0.246927 0.736974 0.073360 
0.746005 -0.301377 0.038079 
0.078697 -0.946613 0.093075 
0.300165 0.869279 -0.095638 
0.031945 -0.722963 0.067643 
0.629379 0.571635 -0.095472 
0.174008 -0.705660 0.018849 
-0.094079 -0.952006 -0.091958 
-0.537468 0.517960 -0.062328 
0.359429 -0.662127 -0.060773 
0.359690 0.797847 0.023000 
-0.003985 -0.755926 -0.076944 
-0.180330 0.809852 0.021121 
-0.640154 0.753422 0.030165 
0.628814 0.406619 -0.085411 
0.524223 -0.658461 0.020285 
-0.092960 0.706345 0.049386 
0.695774 -0.437868 -0.095670 
0.625661 0.750415 0.013910 
0.318635 -0.911048 -0.017206 
0.859832 -0.274432 0.035116 
0.179724 -0.966877 0.010819 
-0.556297 0.450202 0.044819 
-0.619647 0.596157 -0.095620 
0.475333 -0.671969 0.027309 
0.705447 -0.686458 0.013064 
-0.750324 0.021120 -0.048486 
-0.088110 -0.812603 0.032124 
-0.767266 -0.568138 -0.092226 
0.897297 0.327584 -0.082558 
0.953808 0.194472 0.009493 
-0.693128 -0.294166 -0.064866 
0.952714 -0.123383 0.094234 
-0.800143 -0.425459 0.034858 
0.118028 0.920789 -0.095658 
-0.765135 0.315524 -0.095534 
0.207979 0.706331 0.094381 
0.956353 0.253292 0.065759 
0.544640 0.761156 -0.094995 
-0.616669 -0.685612 -0.095670 
0.288272 -0.953904 0.074688 
0.703188 -0.658772 -0.037612 
-0.773594 0.566750 0.094250 
-0.692860 0.535026 0.021896 
-0.521137 0.568750 -0.095492 
0.903762 -0.196923 -0.095632 
0.630069 -0.345704 0.062337 
-0.645367 -0.578293 0.018755 
-0.106901 -0.960509 -0.025020 
0.613474 0.473424 -0.095295 
-0.950969 0.175510 0.094381 
-0.959328 0.020178 0.094381 
0.606779 -0.534882 -0.095670 
-0.972520 0.018925 0.006176 
0.668122 -0.458476 0.034454 
-0.031111 -0.739879 0.093926 
0.768852 -0.122194 0.082148 
0.585792 0.724915 -0.095666 
0.186858 0.846604 0.020534 
0.409409 -0.880111 0.000780 
0.293415 -0.866596 -0.095670 
-0.696429 0.285802 0.094261 
-0.985802 0.119368 0.067458 
0.370814 0.896167 0.008983 
-0.272760 0.877120 -0.095274 
0.379825 0.639713 0.094381 
0.023459 -0.754373 -0.001589 
-0.642794 0.750913 0.075878 
0.200464 0.808729 0.020192 
0.273926 0.918565 0.094280 
-0.857643 -0.316880 -0.095670 
0.647792 0.376651 -0.080875 
-0.139581 -0.988267 0.032992 
-0.894934 0.109895 0.033933 
0.264707 -0.821514 0.018551 
0.362452 0.750938 0.020068 
-0.827970 0.068970 -0.095670 
-0.051712 0.953411 -0.070455 
0.127933 -0.957234 -0.020358 
0.644825 -0.362832 0.094363 
-0.134659 0.963719 0.010565 
0.917814 0.271308 -0.052807 
-0.823516 -0.103943 0.023414 
-0.366911 0.842747 0.061635 
0.316031 -0.649120 0.050601 
0.406643 -0.608856 0.091326 
0.673816 -0.688815 -0.010167 
-0.378254 -0.649848 0.001517 
-0.453130 -0.889021 0.042068 
-0.020411 0.743274 -0.040324 
-0.098442 0.881655 0.028406 
-0.225885 0.937058 0.004604 
-0.310971 0.676704 -0.065131 
0.568431 -0.491636 -0.016332 
-0.072785 0.775099 0.067476 
-0.518353 -0.850382 0.080719 
0.679277 0.299449 0.001276 
-0.661016 0.350001 -0.057549 
0.884488 0.219060 -0.095670 
0.728151 0.573753 0.082374 
