0.505844 0.641340 -0.080022 
-0.636691 -0.742415 0.062229 
0.699311 -0.685474 0.064387 
-0.812067 0.572067 0.028352 
0.987217 0.043251 0.050766 
-0.166714 0.984181 0.037593 
0.041731 -0.935141 -0.079983 
-0.951596 -0.121886 -0.058902 
0.875379 0.468691 0.047020 
0.756623 -0.287795 -0.080341 
0.256014 0.964615 0.063010 
-0.411295 0.653847 0.067171 
-0.740600 0.189442 0.064964 
-0.248563 -0.706968 0.044091 
0.313997 -0.710844 0.076885 
-0.676090 -0.356560 0.070793 
0.760560 0.212225 -0.062026 
0.046074 0.811772 -0.079913 
-0.406024 0.881711 -0.067351 
0.508512 -0.799145 -0.074694 
-0.754344 -0.553546 -0.080341 
0.716277 0.672486 0.076063 
0.855304 -0.473579 0.071543 
0.509982 0.855270 0.066318 
-0.173832 -0.952149 0.073671 
-0.624523 0.709347 -0.080341 
-0.887673 0.352481 -0.076202 
0.939274 -0.206716 0.077001 
0.291797 0.713468 0.048038 
-0.444057 -0.831755 -0.077229 
-0.982507 0.096605 0.063576 
0.601965 -0.453631 0.044561 
0.626396 0.445331 0.021225 
0.786588 -0.038268 -0.068780 
0.245084 -0.945182 0.058488 
-0.916989 -0.353656 0.026533 
0.065693 -0.750925 0.070944 
-0.192462 0.746402 0.045964 
-0.746446 -0.129139 0.059857 
-0.519746 -0.584837 -0.073799 
-0.594921 0.484190 0.058481 
0.954680 0.266542 0.043478 
-0.791710 0.033706 -0.075354 
0.045744 0.987249 0.075290 
-0.086900 -0.771799 -0.068097 
0.197969 -0.792846 -0.080284 
0.729616 -0.548435 -0.080341 
0.372223 0.856291 -0.080341 
-0.542080 0.830999 0.070774 
0.492584 -0.602125 -0.042536 
-0.769280 -0.271513 -0.080341 
0.753312 0.544289 -0.080291 
-0.262125 -0.883153 -0.080040 
-0.432622 -0.658020 0.076697 
0.748056 -0.157642 0.071748 
-0.706396 0.425465 -0.080304 
0.802182 0.090321 0.072752 
-0.362407 -0.894909 0.075840 
0.412754 -0.881806 0.069741 
0.127878 0.792667 0.077001 
0.947241 -0.112039 -0.075641 
-0.944347 0.275165 0.072236 
-0.806117 -0.494414 0.076969 
0.927635 0.144972 -0.080341 
-0.128457 0.860507 -0.080341 
-0.578667 -0.518476 0.077001 
-0.903746 0.178572 -0.080341 
0.716190 0.307621 0.076417 
0.872275 0.351288 -0.080341 
-0.697626 0.689946 0.076250 
-0.330969 0.724856 -0.064391 
0.544176 0.580060 0.077001 
-0.326906 0.910901 0.076816 
0.159547 0.956348 -0.072719 
-0.007824 -0.963079 0.076151 
0.696673 -0.321213 0.075774 
0.210730 0.794317 -0.080341 
-0.728080 0.362136 0.070055 
0.613193 0.752101 -0.029558 
-0.049700 0.819094 0.069296 
-0.888434 0.435011 0.068129 
0.364731 -0.726169 -0.080297 
0.560153 -0.779820 0.076856 
-0.636929 -0.448991 -0.062556 
0.893623 -0.345736 -0.013425 
-0.949681 -0.204330 0.076095 
-0.471584 0.655106 -0.079218 
0.637657 -0.679524 -0.080128 
-0.756926 0.255154 -0.076742 
-0.369863 -0.682927 -0.063968 
0.717607 0.373241 -0.080267 
-0.011186 0.960153 -0.078183 
-0.510644 -0.829977 0.068887 
-0.785843 0.022646 0.076937 
-0.660480 -0.679795 -0.074870 
-0.943156 0.028171 -0.080305 
-0.829304 -0.414472 -0.080341 
-0.722112 -0.618760 0.077001 
-0.586273 0.547916 -0.077067 
0.441283 0.702000 0.046278 
-0.937794 -0.050445 0.070989 
0.356443 -0.874629 -0.076343 
-0.267427 0.934255 -0.064374 
-0.100044 -0.754536 0.075969 
-0.722576 0.602934 -0.080104 
-0.125455 -0.942058 -0.061037 
0.053429 -0.790824 -0.080308 
0.129503 -0.873656 0.017646 
-0.794510 -0.131908 -0.080341 
0.359262 0.717332 -0.075416 
0.803975 -0.430372 -0.080341 
-0.555412 0.625415 0.033691 
0.667377 -0.416565 -0.071714 
0.425484 -0.630311 0.074065 
0.368818 0.887361 0.076819 
-0.524296 -0.721210 -0.080113 
-0.909085 -0.249604 -0.079322 
0.503495 0.827469 -0.070852 
0.622177 0.569373 -0.080087 
-0.512215 0.801831 -0.080301 
0.827651 -0.171127 -0.080341 
0.547297 -0.570077 0.075939 
-0.320609 0.750265 0.072923 
-0.247617 -0.749780 -0.079579 
0.936784 -0.077181 0.071697 
-0.024376 -0.849848 0.015780 
0.220643 -0.920062 -0.074229 
0.200086 -0.771849 0.071559 
0.707005 0.662794 -0.053187 
0.802165 -0.040732 0.075088 
0.793790 0.562848 0.076944 
-0.843002 0.471737 -0.063425 
-0.366972 -0.783167 0.014539 
0.758842 -0.556535 0.075056 
0.603967 -0.530956 -0.080243 
-0.767884 -0.254094 0.061623 
0.811418 0.084451 -0.080341 
0.953485 0.013453 -0.077667 
-0.179217 -0.830286 0.016013 
-0.437334 0.771645 0.014539 
0.445528 -0.740956 0.014539 
-0.241277 0.810436 -0.080341 
0.833378 0.275648 0.014539 
0.291009 -0.833715 0.017585 
-0.836671 0.257109 0.014539 
-0.706868 0.499651 0.016227 
-0.593050 -0.621517 0.014539 
-0.864757 0.088920 0.014539 
0.789802 0.389833 0.014539 
0.261810 0.847427 0.014539 
0.829203 -0.248326 0.014539 
0.647835 -0.588982 0.014842 
0.923797 0.152754 0.060151 
0.043494 0.884957 0.014539 
0.740835 0.193318 0.067569 
-0.682774 -0.523678 0.014539 
0.838766 0.465262 -0.073874 
-0.860608 -0.121035 0.014539 
0.745836 -0.408717 0.017250 
0.281329 0.926897 -0.073310 
-0.203217 0.877278 0.016522 
-0.434354 0.869426 0.076878 
0.567807 -0.670883 0.015928 
-0.800265 -0.357689 0.014539 
0.927755 -0.224966 -0.070974 
0.153383 0.918905 0.034739 
0.881457 0.022872 0.014508 
-0.773853 0.147210 -0.052380 
0.378389 0.794933 0.014539 
-0.489716 -0.569999 0.034028 
-0.054243 0.932720 0.038150 
0.589608 0.773691 0.076900 
0.683244 0.579560 0.016229 
-0.596622 0.734195 0.067971 
0.917809 0.370138 0.067638 
-0.642507 -0.557881 -0.080341 
0.106211 -0.970166 0.061305 
0.744604 0.487086 0.014905 
-0.964431 0.189141 0.011530 
0.543613 0.684621 0.014719 
-0.527055 -0.730542 0.025880 
-0.703082 -0.339719 -0.032721 
0.041522 0.771669 0.018194 
0.839312 -0.122273 0.019217 
-0.665675 0.608131 0.017724 
-0.871226 -0.047461 -0.080341 
0.468553 -0.703185 -0.080268 
0.882760 0.247782 -0.080341 
0.201076 0.749718 0.012877 
-0.867874 -0.236629 0.021659 
-0.789319 0.426500 0.017206 
0.723427 -0.244862 0.012009 
-0.262191 -0.932468 0.010334 
0.462176 0.734630 -0.080140 
-0.111340 0.966049 -0.045963 
-0.784301 -0.040808 -0.006375 
-0.352518 0.829020 0.016897 
0.257654 -0.732180 -0.024890 
-0.873551 -0.444937 0.017811 
0.489669 -0.843779 0.015763 
-0.714648 0.338457 -0.029235 
-0.649135 0.406874 0.022070 
-0.077324 0.793787 -0.024618 
-0.342502 -0.667154 0.031641 
-0.344267 -0.819498 -0.080117 
0.917903 -0.308414 0.076718 
-0.734894 -0.446208 -0.080341 
-0.790892 -0.565552 0.010294 
-0.048631 -0.883672 -0.080125 
0.665275 0.456160 -0.079451 
0.810012 -0.507831 -0.020818 
-0.446586 -0.635680 -0.026021 
0.430836 0.876102 0.000160 
-0.432437 0.747108 -0.080131 
0.128575 -0.764020 -0.001305 
0.635850 -0.744004 0.022284 
-0.746143 -0.437615 0.014539 
-0.978736 0.010944 0.009952 
0.466295 0.614394 0.016804 
-0.789803 0.378731 -0.080182 
-0.587162 0.772794 -0.018800 
0.297738 -0.798672 -0.080295 
0.597330 0.668034 -0.080209 
0.136191 -0.876470 -0.080121 
-0.751309 0.512184 -0.080108 
0.123617 0.868636 -0.080341 
-0.439171 -0.873107 0.023978 
-0.926232 0.267061 -0.055258 
0.854691 -0.291554 -0.080341 
-0.017577 -0.755728 0.011101 
0.840771 0.165195 0.017488 
-0.877610 -0.005495 0.014344 
-0.584352 -0.514890 -0.020232 
-0.097144 -0.908704 0.040955 
0.737669 -0.611801 -0.000368 
-0.655633 -0.447902 0.074625 
0.368031 -0.664919 0.008964 
0.578847 0.539747 0.000195 
-0.289426 -0.834927 0.017818 
-0.723644 -0.621985 -0.025129 
-0.031148 0.862753 -0.080341 
-0.631393 0.479120 -0.032465 
0.086444 0.968926 -0.018475 
0.782428 0.308399 -0.080341 
-0.756097 0.644145 0.019967 
0.855165 -0.374320 0.068719 
0.382525 -0.806298 0.021395 
-0.402200 0.686722 -0.019120 
-0.864859 0.339223 0.041535 
0.679395 -0.494675 0.020846 
0.502111 0.765306 0.023267 
-0.179481 -0.809516 -0.080256 
0.769890 0.034573 0.009043 
-0.261336 0.962787 0.021164 
0.953277 -0.157466 0.001889 
-0.849905 0.102126 -0.080341 
-0.754509 -0.209090 -0.017336 
-0.509859 0.718548 0.014539 
0.694851 0.416806 0.071782 
0.636580 0.655715 0.023071 
0.771088 0.624697 0.016261 
-0.956497 0.102792 -0.032656 
-0.753942 0.103344 0.044348 
0.330485 -0.919180 0.053159 
0.586233 -0.751499 -0.051696 
-0.437674 -0.742216 -0.080182 
0.863418 0.005406 -0.080341 
-0.713762 0.270876 0.028584 
-0.600544 -0.739128 -0.037988 
0.567432 -0.523877 0.002503 
-0.268424 0.747391 -0.000109 
-0.691415 0.678845 -0.029689 
-0.319247 0.852481 -0.080122 
0.703427 -0.341023 -0.033749 
0.045333 -0.906701 0.033517 
0.615229 0.512816 0.077001 
-0.361724 -0.879870 -0.017711 
-0.569303 0.640658 -0.080341 
-0.467756 0.853593 -0.003093 
-0.175587 -0.742853 0.005890 
0.134075 0.786192 -0.038022 
0.860689 -0.083570 -0.080341 
-0.856663 -0.319689 -0.080341 
-0.160239 0.780843 -0.049430 
0.690313 0.357944 0.007187 
0.679074 -0.411325 0.073668 
0.568059 -0.623955 -0.080251 
0.297646 0.799581 -0.080341 
0.968716 -0.027283 0.003204 
0.173519 -0.951492 0.009463 
0.768521 -0.325135 0.025219 
-0.937775 -0.199392 -0.014147 
0.668159 0.738493 0.047805 
0.943036 0.203351 -0.018615 
-0.977084 -0.127796 0.047718 
-0.383376 0.914899 0.012018 
-0.829628 0.172074 0.021180 
-0.815015 -0.497820 -0.035699 
0.413125 -0.811110 -0.080068 
0.754096 0.458171 -0.080259 
-0.694801 -0.688814 0.018982 
0.352447 0.906202 -0.012485 
-0.141079 0.812574 0.059214 
-0.025792 -0.949845 -0.031578 
0.931058 -0.262896 0.003973 
-0.483175 0.602582 0.069833 
0.367708 0.688162 0.008411 
-0.802277 -0.067700 0.071424 
-0.858279 0.493533 0.016000 
0.661586 -0.599806 -0.080024 
-0.880362 -0.171518 -0.080341 
0.771746 -0.076118 0.004768 
-0.907176 -0.284542 0.076962 
0.826208 0.519166 0.003588 
-0.121294 0.887994 0.015407 
-0.446621 -0.761761 0.017451 
-0.547678 0.551058 0.068754 
-0.653737 -0.402059 0.006112 
-0.848258 0.259781 -0.080152 
0.867591 -0.422201 0.003284 
0.208212 0.876301 -0.080341 
-0.535480 0.723499 -0.080041 
0.776371 0.139075 -0.030698 
-0.854631 -0.379599 0.071311 
0.770052 -0.150898 -0.024878 
0.961065 0.099167 -0.000832 
-0.658237 0.739181 0.011832 
0.914341 0.311476 -0.009205 
-0.183475 0.918653 -0.080300 
-0.514342 0.605493 -0.033457 
0.055230 0.909854 -0.080341 
-0.203046 -0.928317 -0.048136 
0.114545 0.848562 0.021631 
-0.586830 -0.650180 -0.080152 
-0.273205 0.825970 0.016130 
-0.809065 0.508118 0.076430 
0.851064 0.165511 -0.080341 
0.565680 0.815197 0.013833 
0.207489 -0.879800 0.029529 
0.267111 -0.912834 -0.010769 
-0.010273 0.992977 0.012188 
0.725502 -0.469887 -0.080341 
0.236736 0.943550 -0.010071 
0.280508 0.745830 -0.025960 
0.475107 -0.583612 0.031363 
-0.766141 -0.368619 -0.080341 
0.554099 0.754879 -0.080301 
-0.666512 0.529260 -0.080246 
-0.285226 -0.888391 0.074579 
-0.571904 -0.783040 0.073563 
-0.528456 -0.791740 -0.048880 
0.426538 -0.649616 -0.043813 
-0.367756 0.792396 -0.080294 
0.804823 0.388789 -0.080341 
-0.208708 0.930870 0.073471 
-0.503648 -0.645453 0.034361 
0.870245 0.421631 -0.013321 
-0.289456 -0.719628 -0.019527 
-0.803233 -0.182189 0.035293 
0.522438 -0.731930 0.024585 
-0.759950 0.210672 -0.005973 
-0.315236 -0.731035 0.072693 
0.529281 0.593017 -0.023084 
0.401831 0.781253 -0.080164 
-0.211327 -0.771574 0.066820 
0.888916 -0.055066 0.016829 
0.726832 0.283579 0.005093 
-0.670931 -0.597948 0.023545 
0.741872 -0.386579 -0.080341 
0.371352 0.725178 0.074185 
-0.959575 -0.040782 -0.041548 
-0.939700 0.028428 0.072119 
0.000988 -0.794506 0.073090 
0.109428 -0.943921 -0.048023 
-0.094803 -0.814867 0.031139 
-0.090878 0.989598 0.071075 
0.124116 0.991027 0.042744 
0.435516 0.850212 0.074605 
-0.581970 0.539752 -0.002587 
-0.123664 -0.859582 -0.080164 
0.188210 0.834647 0.021948 
-0.019278 -0.808967 -0.080302 
-0.918231 0.205333 0.069994 
-0.335256 0.705252 0.007857 
0.480461 -0.662077 0.035270 
-0.869301 0.421031 -0.016042 
0.438386 0.664169 -0.059405 
0.886832 0.225969 0.027458 
0.705034 -0.606768 0.068191 
0.683282 -0.666204 -0.023566 
0.224508 0.780865 0.075502 
-0.777287 0.576197 -0.036537 
0.888120 -0.192336 0.025991 
0.870904 -0.386371 -0.070505 
-0.667357 0.454153 0.075270 
-0.741303 -0.322492 0.060956 
-0.928439 0.305854 0.006993 
0.751591 -0.481934 0.019251 
-0.743163 0.597006 0.074606 
-0.633219 -0.669178 0.053169 
0.655826 -0.417616 0.000471 
-0.787796 0.310858 0.022577 
0.488268 -0.790648 0.069644 
-0.784971 0.044856 -0.003559 
0.769432 -0.227390 0.073109 
0.127978 -0.788789 0.067733 
-0.529818 0.816593 -0.002130 
-0.026690 0.868203 0.016783 
-0.449748 0.639144 0.007072 
0.265848 -0.769334 0.038217 
-0.911988 -0.292980 -0.021846 
-0.603455 -0.451034 0.022271 
-0.826024 -0.218752 -0.080341 
0.752974 -0.218057 -0.047794 
-0.319018 -0.743380 -0.080304 
0.852176 0.397877 0.063512 
0.057323 0.817197 0.070839 
0.123069 -0.775489 -0.077860 
-0.199492 0.951886 -0.019259 
-0.619975 0.662834 0.020006 
0.620520 -0.690785 0.067188 
0.889680 0.071660 -0.080341 
-0.438636 -0.818536 0.069773 
0.860035 0.090703 0.015230 
-0.216631 -0.886070 0.038113 
-0.630033 0.604476 -0.080341 
0.398807 -0.695333 0.066703 
0.381009 -0.886100 0.006856 
0.542131 -0.704629 -0.080341 
-0.683931 -0.501019 -0.080341 
-0.158781 -0.947380 0.005164 
-0.757346 -0.544374 0.070814 
-0.861616 0.032931 -0.080341 
0.734777 0.600169 0.072087 
0.192370 0.980113 0.032595 
0.477190 0.647812 0.076973 
0.288745 -0.890417 -0.080049 
0.806920 -0.184929 0.032504 
-0.072735 -0.973387 0.048295 
0.613609 -0.481129 -0.027041 
-0.384724 0.729456 0.056116 
-0.339042 0.910506 -0.041057 
0.819338 0.496443 0.076716 
0.081648 0.935940 0.045803 
-0.406849 -0.707596 0.035850 
-0.922762 0.129094 0.050903 
0.616738 -0.525609 0.050454 
0.886202 0.299316 0.052280 
0.782582 0.245662 0.052439 
-0.480927 -0.821839 -0.009644 
0.319373 0.946021 0.044585 
0.061799 -0.772606 -0.013092 
-0.686302 -0.398239 -0.079099 
0.843642 -0.316633 0.022582 
-0.775858 -0.113963 -0.017364 
0.648126 0.713011 -0.075590 
0.218339 -0.717278 0.028559 
0.284076 0.782230 0.042806 
0.618528 0.497610 -0.052804 
-0.471129 -0.668167 -0.080286 
0.534935 -0.788881 -0.010023 
0.758198 0.603112 -0.046625 
-0.779033 0.244953 0.059823 
0.937575 0.084286 0.071531 
0.434558 -0.846649 -0.026643 
0.499479 0.834956 -0.003872 
-0.254410 0.730069 0.067050 
0.771232 0.022238 0.075331 
0.593778 0.599273 0.027763 
0.303222 -0.696216 0.009079 
0.680099 0.502795 0.024993 
-0.912994 0.383526 0.018468 
0.695506 0.578409 -0.080231 
-0.090535 0.765793 0.034932 
-0.831895 -0.298543 0.016128 
0.754667 0.106639 0.023771 
0.968907 -0.018632 0.076972 
-0.775664 0.444154 -0.080142 
0.340237 0.849269 0.022523 
-0.732834 -0.194269 0.066237 
-0.804624 -0.051619 -0.080341 
-0.798852 0.203404 -0.080298 
0.002731 0.797381 -0.031400 
0.795777 -0.112620 -0.080341 
-0.984174 -0.063161 0.025142 
0.211671 -0.814534 0.018015 
-0.650183 0.531468 0.029774 
0.809758 -0.362437 -0.080341 
-0.706004 -0.270211 0.040512 
0.828645 -0.526423 0.040003 
0.061765 -0.969276 0.012154 
-0.621193 -0.542066 0.030627 
-0.268206 0.899475 0.048441 
0.675063 0.415060 -0.028611 
0.922282 -0.144560 0.062347 
0.037743 -0.829075 0.023766 
0.073203 -0.857134 -0.080183 
0.713187 0.686167 0.011848 
0.651651 0.628106 -0.080231 
0.584106 -0.603238 0.020329 
-0.888608 -0.355611 -0.035894 
0.745489 0.217433 0.006623 
-0.324281 -0.921373 0.027375 
0.541431 -0.559740 -0.051313 
0.811532 -0.386933 0.021943 
-0.243760 -0.818991 -0.080197 
0.789929 -0.581904 0.023959 
-0.906059 -0.171905 0.040577 
-0.813813 0.522466 -0.021284 
-0.462603 0.850509 -0.072431 
0.818028 0.247091 -0.080341 
-0.712598 0.437151 0.032070 
0.980952 -0.106192 0.029906 
-0.324662 0.941352 0.016813 
-0.557366 -0.797770 0.012539 
0.970013 0.199496 0.039773 
0.904334 -0.165682 -0.080341 
0.952904 0.083180 -0.075783 
-0.267309 -0.771291 0.034961 
-0.680934 0.348219 0.028543 
0.782808 -0.498962 -0.080341 
-0.692924 -0.597714 -0.080341 
-0.806741 -0.431574 0.034955 
0.246856 -0.837728 -0.080153 
-0.468887 0.818284 0.059385 
0.277436 -0.887710 0.070484 
-0.596953 0.797573 0.058869 
0.438356 0.757472 0.014703 
-0.134499 0.938343 0.068077 
-0.218639 0.804285 0.041011 
0.595706 0.719740 0.043907 
-0.712564 0.562681 0.020818 
-0.544628 -0.597073 0.050689 
0.245881 0.904930 0.044198 
-0.281849 0.761701 -0.079909 
-0.486169 0.664622 0.057473 
-0.728760 -0.282857 -0.021884 
0.004782 0.782444 0.075680 
-0.580347 -0.692455 0.027880 
-0.814877 0.368911 0.016708 
-0.103090 -0.746578 0.013603 
-0.028125 0.991728 0.072661 
-0.748623 0.297564 0.074414 
0.658143 0.712764 -0.011195 
0.676795 0.518834 -0.080111 
0.187092 -0.931115 0.076855 
0.745673 0.356581 0.043487 
-0.084435 0.904614 -0.080341 
-0.401129 -0.636962 0.016577 
-0.076004 0.988831 0.010594 
0.777529 -0.097887 0.077001 
-0.527968 0.775083 0.047299 
0.780760 0.305524 0.029078 
0.723998 0.318846 -0.050752 
0.893917 -0.253122 0.052790 
0.645495 -0.484808 -0.080341 
-0.774614 0.492188 0.027371 
0.718544 -0.262758 0.073333 
-0.909380 0.084795 -0.080341 
-0.895564 -0.064450 0.019816 
0.571279 0.604503 -0.080059 
-0.025796 -0.914537 0.042471 
0.305402 -0.713918 -0.059482 
0.527034 0.699471 -0.080160 
0.822773 0.039079 0.040360 
-0.156066 -0.887666 0.027477 
-0.191794 -0.751422 -0.054035 
-0.219725 0.867941 -0.080330 
0.799071 0.161283 0.062379 
0.308006 0.860046 -0.080341 
-0.851268 -0.440551 0.077001 
-0.147705 -0.789093 0.058932 
-0.954206 -0.241826 0.027931 
-0.661764 0.660841 -0.080341 
-0.322031 -0.891768 -0.071546 
0.867507 -0.225775 -0.080341 
-0.796772 0.151680 0.068103 
-0.718058 -0.390439 0.040634 
-0.888394 0.272011 0.042779 
0.935679 -0.052569 -0.080341 
0.047879 0.970200 -0.068095 
0.413021 0.649879 0.059314 
-0.947453 0.248254 0.008790 
-0.858831 -0.106858 -0.080341 
0.744483 0.553237 0.034889 
-0.343164 -0.848320 0.042207 
0.530946 0.635049 0.046910 
-0.920305 0.354661 0.070953 
0.342272 -0.849365 0.045287 
0.103543 0.764350 0.029621 
0.254729 -0.724520 0.076993 
-0.387116 0.908974 0.074902 
0.529538 -0.621676 0.038070 
0.837594 0.335520 0.018879 
-0.052579 0.805625 -0.078178 
-0.645239 -0.701521 -0.012317 
0.342397 -0.761851 0.021433 
0.912031 -0.294116 -0.063360 
-0.766753 0.323515 -0.080283 
-0.763627 -0.192275 -0.074006 
0.708661 -0.636613 -0.068897 
-0.837033 -0.509386 0.018576 
0.174835 -0.755426 -0.039934 
0.130172 -0.915829 0.065751 
-0.382290 -0.773686 -0.080178 
-0.831801 0.316983 -0.080147 
0.392107 0.917603 0.031181 
-0.746893 -0.507536 0.025283 
0.777135 -0.555260 -0.045242 
-0.471017 -0.707575 0.016176 
-0.809491 0.088541 0.059174 
-0.835190 -0.049809 0.025448 
0.961787 0.033517 -0.022485 
0.677779 0.358237 0.065082 
-0.386559 -0.866934 -0.069903 
0.217740 0.946752 -0.067502 
0.657396 0.683729 0.070862 
-0.876693 0.207762 0.019516 
-0.845111 0.399490 -0.080044 
0.789074 0.448534 0.020971 
0.424676 0.667909 0.001110 
0.623036 -0.650099 0.024577 
0.338434 0.909337 -0.070159 
-0.565350 0.699305 0.016892 
0.728741 0.427531 0.024970 
0.862715 0.409135 -0.077958 
0.445708 0.830435 -0.080314 
0.786457 0.034253 -0.063253 
0.661057 -0.365361 0.042108 
-0.577699 -0.579174 -0.080289 
-0.521293 -0.576873 -0.014818 
0.805275 -0.225235 -0.080341 
-0.736976 0.284364 -0.029257 
0.505329 -0.644752 -0.080341 
0.924832 0.228974 0.076627 
0.050347 -0.961821 0.076131 
-0.085083 -0.948586 -0.002824 
0.198961 0.942883 0.076734 
-0.593813 -0.520062 -0.077315 
-0.686163 -0.670800 0.077001 
0.018058 0.932602 0.035833 
0.786219 -0.016123 -0.013906 
0.894475 0.365840 -0.011874 
-0.681872 0.402239 -0.033302 
0.830683 -0.065913 0.028888 
0.051154 0.996180 0.018416 
-0.685526 -0.320317 0.020182 
-0.148167 0.762070 0.012285 
-0.943025 0.197456 -0.041375 
-0.437649 0.896386 0.026134 
0.640247 0.451270 0.076772 
-0.758814 -0.019916 0.040759 
0.840181 -0.457009 -0.044464 
0.460395 -0.760035 -0.080120 
-0.694241 -0.468002 0.022267 
0.548373 -0.515737 0.055960 
0.434337 0.813283 0.027069 
-0.233253 0.761862 -0.042958 
0.914408 -0.363268 0.036972 
-0.234189 -0.814267 0.016492 
-0.804477 -0.121856 0.053198 
-0.032632 0.770442 0.034204 
0.785091 -0.502719 0.068371 
-0.408631 0.821422 0.024417 
0.746539 -0.192986 0.006313 
-0.916894 -0.112597 0.041808 
-0.445918 0.716865 0.028032 
-0.518661 0.573613 0.013611 
-0.825218 0.454095 0.068174 
-0.228629 -0.925956 0.077001 
-0.403494 0.693193 -0.075710 
-0.481627 -0.606566 0.076905 
-0.185617 0.821925 -0.080110 
0.729641 -0.533963 0.025584 
-0.344880 0.689709 0.063253 
-0.944533 0.135585 -0.077315 
-0.686512 0.400033 0.076822 
-0.771196 -0.499520 -0.080341 
0.144450 -0.735317 0.059406 
-0.071845 -0.829810 -0.080247 
0.310001 0.893040 0.061807 
0.155547 0.816819 -0.080341 
0.242137 -0.745606 -0.077454 
-0.489395 -0.765710 -0.080073 
-0.698818 0.629570 0.057931 
-0.914746 0.069667 0.031808 
0.780493 -0.270773 0.033203 
-0.297687 -0.903110 -0.022217 
-0.046068 0.971525 -0.035713 
0.006399 -0.975307 0.018703 
0.927887 0.031334 0.044779 
0.583564 -0.783504 0.017349 
0.811074 0.574931 0.025242 
-0.531127 -0.532718 0.031306 
0.717795 -0.373925 0.059055 
0.374441 -0.680480 -0.049879 
-0.373441 -0.676933 0.076914 
-0.896583 -0.342333 0.077001 
-0.749569 0.388339 0.024639 
0.350835 -0.815074 -0.080269 
0.760562 -0.618660 0.053498 
-0.973917 0.151172 0.068844 
-0.784133 0.559684 0.077001 
0.730418 -0.281348 -0.029139 
-0.743869 0.619664 -0.028870 
0.563126 0.522928 0.061317 
-0.054165 -0.790554 0.074805 
0.494234 0.709254 0.017268 
0.336585 0.765864 0.035921 
-0.732734 -0.324715 -0.080341 
0.563513 0.790438 -0.035416 
-0.741673 -0.166879 0.015767 
0.315474 -0.897285 -0.032232 
-0.432978 -0.847288 -0.025502 
0.553837 0.815614 0.075724 
0.723811 0.245703 0.048685 
0.979865 0.139625 0.031485 
-0.776279 0.127689 -0.000925 
0.655425 -0.469474 0.063419 
0.071296 0.794303 -0.022072 
-0.603607 -0.768893 0.019215 
-0.037156 -0.774335 -0.036714 
0.620142 -0.745497 0.074822 
-0.851236 0.162827 -0.080341 
0.958181 -0.073346 -0.034892 
-0.704657 0.371292 -0.072353 
0.345003 0.772059 -0.080341 
0.165859 -0.922442 -0.079535 
-0.492258 0.866952 0.050891 
0.801089 0.544190 -0.037991 
-0.584562 -0.729951 0.075071 
-0.956668 -0.113041 -0.000657 
0.091916 -0.832879 0.019534 
-0.238185 -0.737987 -0.020374 
0.577707 0.545227 -0.053916 
0.898481 -0.114656 0.023677 
-0.935848 -0.302648 0.034471 
-0.294480 0.952493 0.063710 
-0.207324 -0.953996 0.030938 
0.140160 0.962759 -0.013305 
-0.659288 0.452085 -0.076186 
0.759288 -0.035944 0.042213 
-0.622895 -0.609672 -0.080216 
0.891552 -0.413690 0.060826 
-0.075420 -0.933365 -0.079708 
-0.638417 -0.495283 0.055311 
-0.924620 -0.027157 -0.080341 
-0.569228 -0.492707 0.030569 
-0.825174 0.001971 0.036512 
0.910041 0.313785 -0.072256 
0.120417 -0.960103 0.009710 
0.797038 0.139783 -0.080341 
-0.611696 -0.707487 -0.080013 
-0.145950 -0.734925 0.056038 
-0.757178 -0.580957 -0.034117 
0.195681 -0.853985 -0.080147 
-0.754039 -0.623998 0.019069 
-0.486616 -0.783855 0.055648 
-0.974534 0.073501 0.008470 
0.010534 0.829550 0.047798 
0.461915 -0.624230 -0.000890 
0.517505 0.569224 0.023354 
0.692970 -0.302064 0.026017 
0.947625 -0.267478 0.054549 
-0.561998 0.783166 -0.075940 
0.935454 0.319845 0.068628 
-0.401102 -0.855609 0.077001 
0.637022 -0.710065 -0.018720 
0.932450 0.197953 -0.078392 
0.749410 -0.118838 0.035386 
-0.316700 0.877125 0.037018 
-0.119608 -0.940712 0.077001 
0.414351 -0.828745 0.066598 
0.033791 -0.949652 -0.028579 
-0.643122 0.759517 0.063271 
0.387651 -0.734111 0.024258 
-0.595316 0.568757 0.053517 
-0.175279 -0.871752 -0.080115 
0.287621 0.936313 0.002908 
0.621134 0.551491 0.041264 
0.729685 -0.333389 -0.080341 
-0.808103 -0.233140 0.021819 
0.959524 -0.223169 0.024155 
0.474231 -0.610435 0.076802 
-0.442868 -0.606104 0.025444 
-0.755068 -0.070344 0.026204 
-0.940388 -0.184261 -0.064462 
-0.076646 0.840791 0.029750 
-0.895925 0.232130 -0.080149 
-0.835813 0.409379 0.042884 
-0.161070 0.842086 0.020837 
-0.797572 0.102096 -0.080202 
-0.849549 -0.437737 -0.038268 
0.484163 0.806074 0.050414 
0.521947 -0.545475 0.016022 
0.694389 0.632237 0.051202 
-0.648041 0.684527 0.061378 
0.769243 -0.170832 -0.072941 
0.608945 0.788987 0.026017 
-0.418114 -0.672045 -0.080060 
0.239894 0.732919 0.062567 
0.658444 -0.653410 0.062901 
0.480799 0.873882 0.024748 
0.411591 0.723603 -0.080057 
0.414730 0.878758 -0.048942 
-0.205077 0.767653 -0.000018 
-0.137596 -0.763133 -0.022650 
0.492516 0.598816 0.071715 
-0.479711 0.726449 -0.080048 
0.822901 -0.434300 0.063695 
0.788784 -0.447165 0.026979 
-0.298864 -0.687573 0.050458 
0.851818 0.469474 0.001248 
-0.373494 -0.680441 -0.012686 
-0.106456 0.792015 -0.066994 
0.462458 -0.831343 -0.067067 
-0.319572 -0.765665 0.024075 
0.019901 0.856614 -0.080341 
-0.781140 -0.288706 0.026027 
0.219217 0.766391 -0.038085 
0.162822 -0.830306 0.016836 
-0.960016 0.051694 -0.036049 
0.092338 0.947743 -0.080341 
-0.819277 -0.282228 -0.080341 
-0.782480 -0.588539 0.065614 
-0.781902 0.088623 -0.033495 
0.970296 -0.175394 0.051229 
0.235825 0.807255 0.032324 
0.420993 0.899041 0.071683 
-0.792312 -0.449570 -0.080341 
0.021854 0.972516 -0.021689 
0.908511 0.115443 0.029193 
-0.270512 0.870074 -0.080341 
-0.904651 -0.234491 0.068648 
0.222657 -0.938817 0.007842 
0.590332 0.494319 0.019744 
-0.887102 0.292440 -0.080042 
-0.745626 0.653562 0.068713 
0.938725 -0.199224 -0.022868 
0.831819 0.447919 0.069539 
0.745701 -0.595929 -0.047705 
0.752833 0.155773 0.011957 
0.340131 0.720270 -0.028723 
-0.703356 0.703866 0.028006 
-0.799974 0.524785 -0.075072 
-0.508675 -0.634374 -0.080298 
0.675594 -0.702626 0.012927 
0.713353 0.428431 -0.080229 
0.408896 -0.629741 0.026439 
0.060884 -0.800883 0.058490 
-0.058355 -0.747066 0.039320 
-0.789292 -0.323925 -0.080341 
0.887196 -0.038953 -0.080341 
0.026800 -0.748435 0.039109 
-0.538144 0.599866 0.076426 
0.459191 0.856029 -0.039151 
0.194833 0.893484 0.021855 
0.158721 0.904616 -0.080341 
-0.646457 0.722373 -0.037032 
0.756279 0.136359 0.070802 
-0.291078 -0.835787 -0.080125 
-0.901682 0.343570 -0.012470 
-0.890207 -0.414414 0.053909 
0.610493 -0.580523 -0.080005 
0.731761 -0.652159 0.030093 
0.760355 0.263587 -0.079741 
-0.758447 0.053698 0.041553 
0.859609 0.292006 -0.080341 
0.385722 0.854139 0.043647 
0.630317 -0.414868 0.058101 
-0.548472 -0.656340 0.014945 
0.075758 0.854793 -0.080341 
-0.177731 0.783917 0.077001 
0.785111 0.068692 -0.027325 
0.757012 0.644017 0.064478 
-0.723563 -0.550957 0.031331 
0.443695 -0.871323 0.032351 
-0.486512 0.762214 0.017916 
-0.433698 0.796700 -0.080232 
-0.875889 0.375956 0.076655 
-0.060281 0.953506 -0.079959 
0.175964 0.801739 0.069058 
-0.873686 0.150151 0.015468 
0.000255 -0.891698 -0.080109 
0.895747 0.177293 0.026029 
-0.966848 -0.187408 0.032905 
-0.779383 -0.166056 0.075467 
-0.696831 0.314429 0.060918 
-0.951237 0.149623 -0.015028 
-0.985552 0.047341 0.063046 
0.648521 0.456600 -0.028979 
0.693820 -0.573818 0.023936 
-0.847482 -0.188359 0.014539 
0.122780 -0.824663 -0.080246 
-0.937665 -0.140558 0.076572 
0.897055 0.424556 0.048463 
-0.319084 0.799498 -0.080231 
0.678995 -0.520689 -0.080341 
0.413722 -0.729242 -0.080238 
-0.605613 0.753800 -0.071630 
-0.241655 0.967138 0.065902 
-0.017651 0.909881 -0.080341 
-0.361148 -0.719227 0.055402 
-0.411454 -0.800358 0.025785 
0.371085 0.675176 0.058802 
-0.286431 -0.779909 -0.080253 
-0.095390 0.803079 0.076467 
-0.808180 -0.547196 0.070622 
-0.574951 0.809213 0.015184 
0.932036 -0.316430 0.030712 
0.961126 -0.022859 -0.045997 
0.811133 0.193522 -0.080341 
0.869825 0.352594 0.059458 
0.359604 -0.888130 0.076951 
0.439831 -0.787773 0.026910 
0.108885 0.799146 -0.077629 
0.325810 -0.758896 -0.080341 
-0.547300 -0.553320 -0.048978 
0.708275 -0.438630 0.025123 
-0.836011 0.048116 0.025577 
0.401134 0.734212 0.035676 
-0.972199 -0.084496 0.074882 
-0.058128 -0.936577 0.076382 
0.932869 0.245864 -0.039666 
0.860199 -0.132030 -0.080341 
0.492612 0.624494 -0.026695 
-0.853112 -0.372286 -0.080341 
0.082286 -0.745169 0.021163 
-0.101631 -0.867838 0.015366 
0.874220 -0.327524 0.068271 
-0.866855 -0.316723 0.044258 
-0.308432 0.908494 -0.078499 
0.983817 -0.070137 0.062956 
0.951109 0.154800 -0.039261 
0.929764 -0.022768 0.049029 
-0.692355 -0.655128 -0.048333 
-0.512654 -0.567893 0.076412 
0.731834 0.501189 -0.080192 
0.849113 -0.012433 0.019207 
-0.983920 -0.037947 0.066430 
0.063486 0.770280 0.062938 
-0.727274 0.235385 0.061523 
-0.480826 -0.850858 0.032018 
0.545791 0.768844 0.058282 
0.946546 -0.159400 -0.048217 
-0.125387 -0.968394 0.032219 
0.462648 0.782456 -0.080237 
0.783934 0.500224 0.038716 
0.492347 -0.838193 0.072605 
-0.760378 0.565881 -0.080018 
-0.261321 -0.739440 0.076735 
-0.863615 -0.264130 -0.080341 
-0.395668 -0.892706 0.022296 
0.319169 0.739728 0.077001 
-0.148592 -0.773170 -0.079046 
-0.028221 -0.939716 -0.078274 
0.026414 -0.848173 -0.080210 
-0.785646 -0.004021 -0.046919 
-0.772236 0.599635 0.004587 
-0.623196 0.524370 0.068294 
0.590304 -0.683939 -0.080341 
-0.896246 0.307108 0.073778 
0.642348 0.752891 0.010693 
-0.439464 0.662783 -0.036060 
-0.789807 0.602705 0.056867 
0.332711 -0.673098 0.055220 
-0.882650 -0.383675 0.001784 
-0.905490 -0.114937 -0.080341 
0.571885 -0.712843 0.037488 
0.725704 0.614871 -0.080334 
-0.687436 -0.411626 0.069819 
-0.820058 -0.171840 -0.080341 
0.194722 -0.930721 -0.029433 
0.750252 0.248428 -0.033423 
0.299625 0.752360 -0.079396 
-0.831783 -0.003726 -0.080341 
0.855359 -0.342840 -0.080341 
-0.271504 0.933538 -0.014530 
-0.356787 0.782062 0.019172 
-0.629442 -0.459456 -0.017162 
-0.221899 0.945192 -0.069682 
-0.529974 0.668638 0.021635 
0.823708 0.330983 -0.080341 
0.650947 0.405266 0.023632 
-0.077258 0.853469 -0.080341 
-0.296841 0.710819 0.060656 
0.751629 -0.295353 0.066049 
-0.922573 -0.019597 0.038958 
0.829944 0.039061 -0.080341 
0.552294 0.648105 -0.080104 
0.149687 0.756485 0.033087 
-0.676046 0.613733 -0.080329 
-0.443718 0.689671 0.066156 
0.613041 0.744054 -0.076050 
-0.794529 0.285811 -0.080254 
0.865372 -0.464397 0.023366 
-0.243821 0.774860 0.075436 
-0.629881 0.578150 0.020211 
0.823939 0.507067 -0.054885 
0.713626 -0.424671 -0.080341 
-0.963763 0.222465 0.044268 
0.235794 0.838594 -0.080341 
-0.300307 0.777176 0.040605 
-0.659915 -0.415824 -0.038061 
0.485519 -0.760961 0.027068 
0.308212 0.816387 0.015630 
-0.549613 0.574536 -0.067132 
-0.126373 0.761946 0.064110 
0.815962 0.124067 0.040585 
0.296510 -0.930550 0.023817 
0.908633 0.068679 0.025354 
-0.160656 0.909111 0.027424 
-0.661027 -0.721830 0.028707 
-0.386217 0.746224 -0.080076 
-0.849927 -0.488993 0.063438 
-0.836825 0.534165 0.037278 
-0.365158 0.847873 -0.080238 
0.192512 0.749131 0.065657 
0.062086 -0.867672 0.014539 
-0.784450 -0.543897 -0.032266 
-0.728298 -0.654690 0.048976 
0.842328 0.526950 0.051140 
0.637334 0.605556 0.014539 
0.983228 0.086558 0.066994 
0.011424 0.956728 0.074353 
0.378241 -0.770069 -0.080191 
-0.260359 -0.872263 0.035654 
-0.468135 -0.620610 -0.063748 
0.682358 -0.380716 -0.024488 
-0.886923 0.381265 -0.034037 
0.904136 0.028142 -0.080341 
0.150590 -0.964506 0.051341 
0.583133 -0.489346 0.069960 
-0.754061 0.334913 0.043904 
-0.492059 -0.813818 -0.065707 
0.082228 -0.913857 -0.080049 
0.477275 -0.708032 0.015326 
-0.383425 0.864601 0.064549 
0.759191 0.059400 0.045854 
-0.322504 -0.697596 0.002898 
0.102425 0.970158 0.077001 
-0.615963 0.455679 0.029793 
-0.902721 -0.294651 -0.077042 
0.203514 -0.726441 0.071291 
0.811038 0.222408 0.025552 
0.090287 -0.900400 0.030685 
0.334936 -0.700313 -0.023250 
-0.638736 -0.505755 -0.080341 
0.732077 -0.194789 0.051110 
-0.117765 0.991553 0.028142 
-0.158428 -0.917390 -0.080018 
0.971874 0.160103 0.071077 
-0.573386 0.685718 -0.080333 
-0.138824 0.962849 -0.010170 
0.798477 -0.149147 0.058859 
0.384046 0.697481 -0.032656 
0.508060 -0.589641 -0.001991 
-0.713896 0.537439 -0.080145 
-0.899862 0.129929 -0.080341 
0.055483 0.843805 0.028611 
-0.877399 -0.216532 -0.080341 
0.510141 0.744821 -0.080223 
-0.797616 0.207909 0.042130 
0.524566 -0.825328 0.037456 
-0.913311 0.309953 -0.047879 
-0.524331 0.638403 -0.080265 
-0.610828 0.657952 -0.080341 
-0.688220 -0.456253 -0.080341 
-0.665448 -0.638143 0.048738 
-0.525934 -0.787993 0.077001 
0.820414 -0.007545 -0.080341 
-0.607298 -0.487491 -0.047424 
0.305046 0.724737 0.005112 
0.499444 -0.735706 -0.080212 
0.005791 -0.774989 -0.049523 
0.386034 -0.652926 0.073007 
0.659652 -0.545859 0.015347 
0.696531 0.376828 -0.036780 
0.505091 0.669080 0.033244 
0.784474 0.490789 -0.080283 
-0.549905 -0.765345 -0.077669 
-0.750905 -0.365279 0.024150 
-0.778899 -0.093526 -0.056800 
-0.631355 -0.412447 0.063022 
-0.216448 -0.927293 -0.003452 
-0.600348 0.518234 -0.036795 
-0.157484 -0.911532 0.064881 
0.730246 0.637573 -0.025016 
-0.099798 0.931079 0.041414 
0.010110 0.998639 0.051160 
-0.681512 -0.380437 -0.022331 
0.106786 0.908303 0.021921 
0.953915 -0.117071 -0.016368 
-0.219039 -0.864726 -0.080109 
-0.754565 0.165224 0.008230 
0.355058 0.815446 -0.080341 
0.800708 -0.269303 -0.080341 
-0.586382 0.597032 -0.080341 
-0.700056 -0.310128 0.071274 
-0.751498 0.141275 0.067030 
-0.478233 -0.612422 -0.005636 
-0.295368 -0.930044 0.063811 
0.816446 -0.006009 0.051859 
-0.854905 0.215802 -0.080208 
-0.480811 0.632822 -0.042039 
-0.471543 0.774142 -0.080232 
-0.139867 0.981791 0.072960 
0.924868 0.348707 0.014995 
-0.077560 0.892761 0.015359 
-0.446741 -0.680080 0.040433 
0.166905 -0.790377 0.047369 
0.001755 0.816575 -0.080341 
-0.516117 -0.689512 0.014539 
-0.217590 0.974053 0.029804 
0.758785 0.295238 0.065693 
0.761497 0.414878 -0.080341 
0.636215 0.748110 0.076369 
0.667085 -0.715244 0.066254 
-0.050298 -0.885109 0.018879 
-0.829876 -0.383570 0.033939 
0.553022 -0.750705 -0.080309 
0.807678 -0.548627 0.071453 
-0.409361 -0.660307 -0.038744 
-0.780809 -0.485361 0.041958 
-0.583190 -0.557169 0.056963 
0.495510 -0.572493 0.071647 
0.566059 0.639896 0.021175 
0.883712 0.204005 -0.080341 
-0.436881 -0.788722 -0.080089 
0.802096 -0.541365 0.006085 
-0.211376 -0.718937 0.024500 
0.708842 -0.586879 -0.080205 
-0.000577 -0.886353 0.018703 
-0.660582 0.437123 -0.017940 
-0.832317 -0.472623 -0.004486 
0.177756 -0.729621 0.018309 
0.314137 0.920199 -0.035636 
-0.727752 -0.503009 -0.080341 
-0.768944 -0.151395 -0.038587 
-0.970971 0.119117 0.009030 
0.679104 -0.668558 -0.067987 
0.170221 0.975407 0.073975 
0.766363 0.190027 -0.019829 
-0.869014 -0.398955 -0.040008 
-0.298287 0.738641 -0.030402 
-0.573019 0.509805 0.027526 
-0.879308 0.459439 0.032687 
0.694675 0.320548 0.041128 
0.714659 0.529233 0.014687 
-0.733340 -0.396861 -0.080341 
-0.404122 0.654473 0.024494 
0.780018 -0.092591 -0.045369 
0.843746 -0.198786 0.014539 
0.692421 0.462844 0.036061 
-0.387518 -0.730755 -0.080262 
0.629622 -0.628925 -0.080005 
0.238538 -0.906344 0.076200 
0.174087 -0.901134 0.046640 
0.428062 -0.688215 -0.080303 
-0.120389 0.788057 -0.026340 
-0.727576 -0.257800 0.076550 
0.331213 0.695978 0.049323 
0.681668 -0.347434 0.008726 
-0.782327 0.002025 0.000542 
-0.705161 -0.650234 0.001590 
0.383085 -0.870570 -0.033225 
0.456884 0.651931 -0.022533 
0.413219 -0.856871 -0.062570 
-0.626325 -0.581940 0.015332 
-0.042464 -0.811748 0.039257 
0.860700 -0.418632 -0.044023 
0.662845 0.672925 -0.080324 
0.354054 -0.725537 0.049586 
-0.664189 0.572099 -0.080231 
0.243894 0.907185 -0.080341 
0.442849 -0.675833 0.050606 
0.144976 0.940457 0.070843 
-0.858477 0.295216 0.022655 
0.084995 -0.770908 -0.058703 
-0.752258 0.528747 0.028416 
-0.746080 0.378891 -0.080274 
0.263526 -0.913377 -0.053448 
-0.483535 0.597417 0.027321 
-0.616310 0.618316 0.014658 
-0.782177 -0.207419 0.062647 
0.874127 0.268042 0.025753 
0.568514 0.709784 -0.080239 
0.118387 0.965390 -0.051439 
0.374117 0.897144 -0.050080 
-0.652588 -0.378101 0.042360 
0.025664 -0.925162 0.066635 
0.571069 -0.738860 0.071969 
0.286363 0.879262 0.029125 
-0.237328 0.733117 0.025294 
-0.765826 0.188195 -0.044040 
-0.906974 0.167463 0.035557 
-0.729397 -0.284815 -0.066010 
0.218550 -0.744200 -0.036360 
-0.928330 -0.238921 -0.026443 
-0.542091 -0.749431 0.060733 
0.718972 0.330674 -0.010361 
-0.220437 -0.722180 0.071899 
-0.751641 -0.118343 0.017127 
-0.559682 0.788651 0.076919 
0.980272 -0.067162 0.013463 
0.901554 -0.094707 -0.080341 
-0.525247 -0.673258 -0.080202 
-0.776418 0.068093 0.076985 
-0.146100 0.898900 -0.080323 
-0.567981 -0.764219 -0.028317 
0.195615 0.953139 -0.010043 
0.178380 0.777028 -0.037862 
0.730745 -0.639615 0.074763 
-0.948050 -0.160257 -0.002282 
0.530779 0.813685 -0.022431 
-0.163487 -0.936079 -0.035908 
0.959302 0.234755 0.016242 
0.517893 -0.763730 0.053853 
-0.711598 -0.587285 0.048883 
-0.100010 -0.899304 -0.080078 
0.911203 -0.303714 -0.003424 
-0.827184 0.323161 0.015230 
-0.669453 0.700453 -0.064357 
0.247502 0.774235 -0.079979 
0.700929 -0.377865 -0.079788 
0.656528 0.488385 0.066380 
0.897070 -0.335230 -0.053768 
-0.256176 0.864169 0.016825 
0.943719 0.299142 0.019695 
0.253267 -0.851576 0.019495 
0.406134 -0.662693 -0.009760 
-0.545704 0.737395 0.024793 
0.638002 -0.448912 -0.060378 
-0.030543 -0.752635 0.069947 
0.575971 -0.524636 -0.038309 
-0.916870 0.021070 0.031742 
0.922524 -0.260839 -0.040586 
-0.521994 0.848570 0.023268 
0.695990 0.711521 0.062841 
-0.311933 0.841031 0.015783 
-0.735835 -0.606453 -0.061650 
0.582882 -0.560550 0.056794 
-0.651369 -0.697905 0.077001 
-0.028656 -0.975607 0.042561 
0.986851 -0.032030 0.042092 
-0.189378 -0.791700 0.037990 
-0.939552 0.312234 0.054351 
-0.616116 -0.733662 0.001383 
0.912422 0.388012 0.018932 
-0.718388 0.650270 -0.016649 
0.954974 0.043869 0.076590 
-0.404561 0.883200 -0.026095 
0.809138 -0.104811 0.051362 
-0.731992 -0.250537 0.003588 
0.776565 0.578983 -0.018702 
0.818037 -0.494062 -0.059562 
0.537221 0.804073 -0.073592 
0.719705 0.357577 0.075324 
-0.364712 0.707762 -0.048418 
0.816424 0.418470 0.027018 
0.118839 0.916426 -0.080341 
-0.741091 0.256678 0.001485 
0.574099 -0.488257 0.021670 
0.515466 0.605396 -0.062834 
-0.706683 -0.559163 -0.080341 
-0.631631 0.437687 0.063962 
-0.637557 -0.621222 0.019184 
0.472100 0.674748 -0.080037 
-0.053303 0.953200 0.073504 
-0.403325 -0.831068 -0.080036 
-0.578033 0.524803 0.076162 
0.776603 0.348790 -0.080341 
0.107370 -0.747039 0.071753 
0.775741 0.599399 0.076403 
-0.144215 0.960193 -0.069245 
-0.952432 -0.083571 -0.072617 
-0.085548 -0.770793 -0.027461 
0.780257 0.199997 0.074711 
-0.469807 -0.851635 0.071068 
0.837160 -0.407036 -0.080341 
0.782431 -0.189106 0.069936 
-0.861114 0.471504 0.075384 
0.456105 -0.630634 -0.064008 
-0.909404 0.394161 0.062956 
-0.242011 -0.919311 -0.041589 
0.618378 0.497790 -0.012289 
0.596193 0.548358 0.073071 
0.655848 0.546504 0.021000 
-0.517489 0.639001 0.058806 
-0.473729 -0.723946 -0.080175 
0.879006 -0.379422 -0.030210 
-0.687005 0.494479 -0.080255 
-0.801941 -0.523936 -0.001859 
-0.396158 0.751553 0.024345 
-0.397470 -0.742522 0.017983 
-0.949922 -0.249704 0.067252 
-0.624166 0.492350 -0.069870 
-0.732581 0.304361 -0.070760 
-0.838499 0.356679 -0.080099 
0.112137 0.820095 0.052138 
0.861028 -0.280433 0.024680 
0.895003 0.121482 -0.080341 
0.157828 0.879480 0.014732 
0.304338 -0.774433 0.023008 
-0.945759 0.108880 0.076806 
-0.508634 0.576032 0.053971 
-0.571754 0.657027 0.015311 
-0.384147 0.681935 0.076017 
-0.603218 0.708944 0.037668 
-0.399051 -0.863487 -0.011933 
0.752080 0.230502 0.076967 
0.606401 -0.735501 -0.015316 
-0.889460 -0.008191 -0.080341 
-0.898504 0.114133 0.022918 
0.342972 -0.808636 0.016348 
0.336790 0.918432 0.077001 
0.834882 -0.495179 0.007704 
-0.927652 0.347681 0.028027 
-0.636373 0.719400 0.076815 
0.279959 -0.930605 0.071149 
0.890145 0.376098 -0.050102 
-0.408695 -0.629600 0.062557 
0.903929 0.269201 0.071221 
0.146762 -0.939230 -0.017247 
0.529977 0.844488 0.033710 
-0.520537 0.762974 -0.080088 
0.486723 -0.818469 -0.038380 
-0.782898 -0.406086 0.016012 
-0.960602 -0.002182 -0.061661 
-0.758042 -0.620486 0.060377 
0.433523 0.636405 0.023460 
0.637225 0.520302 -0.080040 
-0.671657 -0.356795 0.013482 
0.154793 0.819591 0.040758 
-0.822797 0.114637 0.032536 
-0.070511 0.772789 0.070993 
0.516835 -0.605782 0.073376 
0.070400 -0.947703 -0.053265 
0.043721 -0.883735 -0.080125 
0.513194 0.812023 0.076593 
-0.789770 0.481082 -0.080071 
0.900111 -0.251522 -0.080341 
0.070612 -0.928141 0.073001 
-0.140178 -0.835624 0.016535 
0.009270 -0.950080 -0.063404 
-0.307063 -0.712893 -0.058424 
-0.028617 0.834494 0.039815 
-0.932575 0.219139 -0.072539 
-0.134681 -0.821805 -0.080247 
0.763130 -0.248994 -0.080341 
0.608722 -0.727802 -0.073531 
-0.066736 -0.849610 0.015270 
0.559693 0.608330 0.047683 
0.755731 -0.074287 0.049537 
-0.215585 -0.909336 -0.080009 
0.799311 -0.227726 0.029190 
-0.698040 0.646181 -0.080297 
0.623251 -0.434185 0.014408 
-0.450947 0.622731 0.060701 
0.453739 -0.808746 0.067002 
-0.329837 -0.894979 -0.000988 
-0.898469 0.231123 0.041934 
-0.421040 0.833601 -0.080296 
-0.976248 -0.028483 0.009134 
0.462451 -0.650293 0.072615 
-0.356063 0.931830 0.037869 
-0.668856 0.562092 0.014539 
-0.297802 -0.796879 0.015720 
0.237155 0.735669 0.017173 
-0.492506 -0.757191 0.027910 
-0.040196 0.796505 -0.013279 
-0.822576 -0.142639 0.025726 
-0.936586 -0.100129 0.074570 
0.912332 -0.181423 0.055013 
0.542826 -0.585659 -0.080228 
0.320770 -0.906603 0.005168 
0.260333 -0.810040 0.015692 
0.419810 0.690366 0.076364 
0.678291 -0.367804 0.076704 
-0.731062 0.455277 -0.080219 
0.713094 0.594863 0.035506 
0.624415 0.693853 0.043065 
0.270200 0.931416 0.076829 
-0.534242 -0.818740 0.040428 
0.357930 -0.909088 0.027629 
-0.734303 0.206828 0.022651 
-0.573102 -0.708438 -0.080068 
-0.696265 -0.430972 0.037622 
0.739165 0.657648 0.011331 
0.782466 0.527348 0.066967 
-0.810389 -0.380916 -0.080341 
-0.198802 0.785739 -0.079512 
0.551110 0.572814 -0.050057 
0.784185 -0.054725 -0.034074 
-0.841877 -0.341101 0.028091 
0.776707 -0.114865 -0.013181 
-0.801632 0.247422 0.027049 
0.680774 0.691037 -0.033326 
-0.849323 0.511753 0.065831 
0.719303 -0.307502 -0.003400 
0.743413 -0.153657 0.020551 
0.441366 -0.853935 0.076794 
-0.436551 0.673856 -0.076972 
-0.557748 0.564875 -0.018408 
-0.179119 -0.737591 0.074954 
-0.933002 0.241642 -0.026015 
0.289643 -0.746474 -0.080341 
-0.505527 0.828325 -0.053559 
0.719919 -0.233793 0.048429 
-0.524198 -0.794912 -0.011039 
-0.330312 -0.914875 0.070385 
0.123920 0.781420 0.002207 
-0.945399 0.175164 0.077001 
0.379563 -0.844244 0.064389 
-0.514379 -0.618296 0.060169 
-0.359398 -0.907635 0.021649 
0.667698 -0.626111 0.037948 
-0.787917 -0.015422 0.076969 
-0.744932 -0.238652 -0.039412 
-0.852582 0.454877 -0.021288 
-0.535926 0.678859 -0.080180 
0.160990 -0.772661 -0.079404 
-0.833475 -0.411026 0.060947 
-0.762908 0.217946 -0.071778 
-0.811473 0.431436 -0.080083 
0.459817 0.879298 0.071875 
0.780765 0.108197 -0.052359 
0.779883 -0.590061 0.069229 
-0.776500 0.186381 0.076713 
-0.949862 0.278829 0.034926 
-0.687957 0.472047 0.033999 
0.768454 -0.015514 0.074096 
0.662436 0.559949 -0.080144 
0.922795 0.282358 -0.040045 
-0.895305 -0.334731 -0.066731 
-0.402984 -0.827810 0.051405 
0.562948 0.732134 0.029611 
-0.725931 0.305866 -0.000193 
-0.906181 -0.061840 -0.080341 
0.737977 -0.344173 0.047405 
0.781522 0.101314 -0.002271 
-0.058118 0.997034 0.042845 
0.826626 -0.352318 0.021420 
-0.344797 0.898408 -0.077943 
0.962499 0.116476 0.076969 
-0.255348 -0.715962 0.008090 
0.372600 0.925351 0.062518 
-0.803777 0.480516 0.051294 
0.444597 -0.605658 0.031941 
0.741919 0.334152 -0.080341 
0.380302 0.750403 -0.080122 
0.856185 0.208403 0.014539 
-0.676508 -0.642918 -0.080182 
0.253756 -0.705403 0.032841 
-0.502620 0.815908 0.075801 
-0.344766 -0.707000 -0.078187 
-0.334944 -0.857552 -0.080043 
-0.928876 -0.152241 -0.080322 
-0.116364 -0.943435 -0.022912 
0.791187 0.339500 0.017087 
-0.236065 0.943502 -0.007423 
-0.097669 0.951122 -0.079903 
0.045088 0.945291 0.062551 
0.689922 0.718109 0.025154 
-0.778085 0.527112 0.059612 
-0.768734 -0.146811 -0.001021 
-0.467041 0.792928 0.026483 
-0.242883 -0.945697 0.048665 
0.626209 -0.450594 0.076999 
-0.052503 -0.782543 -0.077817 
-0.228407 0.904237 -0.080341 
-0.849338 0.374742 0.039774 
0.805787 0.046907 0.072647 
-0.725174 0.680556 0.047145 
-0.924206 -0.215695 -0.076820 
-0.548867 -0.559369 0.076998 
0.906099 0.276759 -0.080315 
0.195303 0.911408 -0.080341 
0.463159 -0.831729 -0.008131 
0.719924 0.393406 0.057417 
-0.839139 -0.259150 0.014669 
0.869164 0.141389 0.014539 
0.607567 0.468433 0.043389 
0.761236 -0.374929 0.017868 
0.960511 0.220050 0.071522 
-0.020856 0.942156 0.051376 
-0.058996 -0.761699 0.005213 
-0.837033 -0.459318 -0.065751 
0.541942 0.544649 0.036533 
-0.782252 -0.063055 -0.035987 
-0.196467 0.912053 0.036434 
0.608475 0.633190 0.014539 
-0.618640 0.746709 -0.035384 
0.641056 0.420682 0.055766 
-0.855960 0.437593 -0.069265 
-0.339185 -0.807520 0.015798 
-0.642509 0.481482 0.076632 
-0.748337 0.419268 -0.080226 
0.644343 -0.533449 -0.080330 
-0.660998 0.385941 0.050066 
-0.277374 0.759591 0.075757 
-0.137218 0.807406 -0.080211 
0.789578 0.604928 0.041230 
0.776908 0.577008 -0.064630 
0.158322 -0.815187 -0.080253 
0.821549 -0.463328 -0.079439 
-0.554831 -0.534204 0.003236 
0.985005 0.084116 0.022658 
0.923041 -0.061233 0.041581 
0.757766 0.566794 0.070901 
0.523876 -0.541860 0.064159 
0.223931 0.970307 0.016579 
-0.163256 0.958485 -0.037891 
-0.724663 0.269400 0.075088 
0.988139 0.007306 0.043386 
-0.446256 -0.616163 0.074987 
0.959293 0.135771 0.000844 
-0.625681 -0.420167 0.027615 
0.909343 -0.357906 0.072891 
0.918328 -0.236756 0.076343 
0.892548 0.328936 0.075717 
-0.816976 -0.451548 0.070425 
0.450147 0.890266 0.036211 
0.942610 -0.112964 0.076692 
-0.960610 -0.011806 0.077001 
0.021137 -0.762797 0.005954 
0.762008 -0.576578 -0.019684 
-0.923277 -0.076848 0.045930 
-0.811492 0.068309 -0.080341 
-0.925079 -0.331412 0.056905 
0.863264 -0.235760 0.018634 
-0.755636 0.604704 -0.064730 
0.514297 -0.655829 0.023148 
0.896485 -0.019421 0.018416 
0.348488 -0.884578 -0.042175 
0.414854 -0.704238 0.035231 
0.322725 -0.861448 -0.080277 
-0.258274 0.936699 0.077001 
0.183355 0.955247 -0.045189 
0.232639 -0.755979 0.075153 
0.563725 -0.768146 -0.018044 
0.721386 -0.578540 0.052154 
-0.288863 0.832591 -0.080292 
0.325351 0.729601 -0.067656 
0.108994 0.985227 0.010265 
-0.482906 -0.641669 0.063781 
0.607126 -0.488919 -0.061764 
0.165610 -0.762234 0.076794 
-0.228121 0.830895 0.018419 
-0.564222 0.745454 -0.080103 
0.903271 -0.151312 0.032344 
0.847574 0.203450 -0.080341 
-0.483502 0.628849 -0.000732 
-0.605977 -0.767850 0.055259 
0.715943 -0.485518 0.014539 
0.711374 0.281335 0.052101 
-0.349648 0.873792 0.055617 
0.378115 -0.845984 -0.080123 
-0.510898 -0.824045 0.010373 
0.249500 0.757280 -0.011438 
0.796904 -0.076543 -0.079846 
0.457946 0.722244 0.021476 
-0.435141 0.711144 -0.080061 
0.232253 -0.782224 0.035781 
0.471769 0.845668 0.076831 
-0.750849 0.243701 -0.043136 
-0.464257 -0.830276 -0.047448 
0.858220 0.130230 -0.080341 
0.830638 0.430798 -0.080341 
-0.407042 0.910235 0.039053 
-0.452229 0.859262 -0.035063 
-0.444781 -0.798369 0.039205 
-0.961317 0.014238 -0.029654 
-0.214463 0.749163 0.074277 
0.610194 -0.554887 0.030644 
0.104847 -0.768102 -0.027992 
0.068218 0.912518 0.022094 
0.016527 -0.806031 -0.080309 
0.584549 -0.638684 0.014539 
0.586192 0.495803 0.055381 
0.206199 -0.743231 0.001135 
-0.815182 0.035316 0.051862 
0.875954 -0.444750 0.051464 
0.953263 0.175236 0.001186 
0.018150 0.912129 -0.080341 
0.760667 -0.000481 0.037043 
0.199809 -0.889601 -0.080063 
-0.475039 0.690909 -0.080005 
0.312655 -0.886014 0.076723 
0.075639 0.794974 -0.065019 
-0.755850 0.438921 0.014539 
-0.302735 0.708559 0.022406 
-0.777634 -0.124684 0.076808 
-0.826651 0.541723 0.070715 
-0.722188 0.400887 0.043895 
-0.957020 -0.078054 -0.007941 
-0.584189 -0.656392 0.015983 
0.958772 0.048516 -0.069463 
0.903463 0.340234 -0.049165 
-0.865364 -0.414819 -0.000883 
-0.980675 -0.098689 0.025525 
0.499830 -0.813981 -0.001070 
-0.894681 0.427459 0.028872 
-0.801434 -0.519098 -0.060916 
0.407632 0.860424 -0.080336 
0.456201 -0.666384 -0.080341 
0.158938 0.759687 0.071035 
-0.633928 -0.711467 -0.052509 
0.473761 -0.855252 0.047529 
-0.610567 -0.441117 0.059759 
0.755443 -0.521665 -0.080341 
-0.672862 0.383915 0.008901 
0.654882 0.435170 0.002551 
-0.546060 -0.607827 -0.080290 
-0.579406 -0.484944 0.065254 
0.861737 0.439106 -0.043071 
0.187374 -0.958285 0.053956 
0.784939 -0.409897 0.016684 
0.863571 0.433773 0.076860 
0.690884 -0.477849 -0.080341 
0.933076 -0.144322 -0.079959 
0.551198 0.561824 0.003060 
0.268261 0.852926 -0.080341 
-0.541566 0.805124 -0.056984 
-0.569530 0.592543 0.058742 
-0.692640 -0.564752 0.020774 
0.529803 -0.670378 -0.080341 
0.274743 0.932434 -0.038967 
-0.338525 0.761061 0.040999 
0.838018 -0.507022 0.068032 
0.755656 -0.261422 0.075122 
0.055595 -0.826108 -0.080259 
0.364502 -0.656197 0.045183 
0.735627 0.291296 -0.031961 
0.741672 0.264247 0.077001 
0.034262 -0.975318 0.040393 
-0.885664 -0.258482 0.042923 
0.117203 -0.906201 -0.080057 
0.492544 -0.636632 0.060287 
-0.251773 0.792437 0.043396 
-0.297074 0.925377 -0.047465 
-0.057159 -0.948559 -0.053652 
-0.671299 0.419563 -0.062106 
-0.748774 0.138779 0.030768 
0.029990 0.797326 -0.009090 
-0.668166 0.702352 -0.017663 
-0.324318 0.808040 0.015884 
-0.696797 0.374334 -0.017988 
-0.207296 0.971232 0.071831 
-0.803027 -0.318452 0.014539 
0.796988 0.543777 -0.072836 
0.776609 -0.391433 -0.080341 
0.691419 0.622203 -0.080291 
-0.713040 -0.319089 -0.001484 
-0.682218 -0.701685 0.060837 
0.771956 0.162982 -0.055917 
0.164084 -0.877039 0.021819 
0.216115 0.974633 0.057690 
-0.327380 0.942626 0.057162 
0.659659 -0.564873 -0.080207 
-0.746029 0.476695 0.014539 
-0.174588 0.809744 0.049705 
0.411962 0.785233 0.014539 
-0.629615 0.758937 0.008862 
-0.168382 0.876492 0.014547 
-0.177331 0.965268 0.004131 
-0.939690 0.062887 -0.080341 
-0.213469 -0.801650 -0.080255 
-0.820596 -0.537743 0.030483 
-0.861437 -0.141598 -0.080341 
0.237561 -0.920757 -0.027418 
0.891314 -0.397734 0.010390 
0.774608 -0.126228 -0.052437 
-0.914072 -0.191954 0.067850 
-0.866015 0.323189 -0.080067 
-0.790403 0.159595 -0.080341 
-0.101203 -0.811195 -0.080283 
-0.167351 -0.961659 0.040871 
-0.768415 0.630097 0.056323 
0.069536 -0.973846 0.045715 
0.398665 0.888933 -0.002274 
0.710993 -0.636429 -0.034261 
-0.289898 -0.904361 -0.067992 
0.523606 -0.698753 0.014542 
-0.824227 0.208849 0.019934 
0.287646 0.955745 0.034619 
-0.332423 0.723407 -0.029810 
0.839096 0.383780 -0.080341 
-0.672938 0.648064 0.044243 
0.749777 -0.447689 0.014539 
0.949842 0.187589 0.076934 
0.362676 0.926361 0.015245 
-0.019051 -0.930533 0.072813 
0.402699 0.827167 0.025449 
-0.888772 -0.379415 0.076709 
-0.248471 0.770621 -0.079512 
0.685697 0.409823 -0.071186 
0.413109 0.680892 -0.041161 
0.953583 0.125115 -0.069254 
-0.811760 0.445415 0.035325 
0.863140 0.049633 -0.080341 
0.120732 0.762186 0.059427 
0.161964 -0.754595 0.000587 
-0.559613 0.792661 -0.024584 
-0.954636 0.212033 0.075799 
-0.777776 0.344470 0.020845 
0.231681 -0.785847 -0.080281 
-0.717262 -0.493682 0.014539 
-0.730148 0.581528 0.043636 
-0.553822 0.537319 0.017063 
0.403536 -0.862248 -0.006832 
0.001226 0.771793 0.040189 
-0.724285 0.327747 0.076793 
-0.768827 0.291660 0.047216 
-0.768982 -0.402883 -0.080341 
-0.648857 0.505967 0.052792 
-0.227069 -0.741331 -0.052724 
-0.268980 -0.727459 -0.045991 
-0.611959 0.525096 -0.077481 
-0.424183 -0.705853 -0.080271 
0.442011 0.655739 0.076779 
0.518245 -0.798820 -0.041772 
-0.487393 0.636249 0.076762 
0.597108 0.523349 -0.035954 
0.090673 -0.776599 0.076768 
0.789742 -0.349891 0.014539 
0.403883 0.655271 0.025296 
0.924083 -0.100459 0.049934 
-0.123117 0.829148 0.035153 
-0.070174 0.781236 0.006483 
0.268175 0.750547 -0.057594 
-0.483262 0.686832 0.031536 
0.466337 0.611989 0.053957 
-0.009108 -0.817354 0.033865 
-0.310924 -0.859854 0.041504 
0.589080 -0.781206 0.058588 
-0.354124 0.740237 0.067033 
0.603297 -0.677471 0.030297 
-0.943382 -0.272538 0.017388 
-0.360167 0.902944 -0.010071 
0.870072 -0.083486 0.014539 
0.304317 0.932994 0.076893 
0.585199 0.806745 0.042947 
-0.641144 0.457660 0.001179 
-0.294951 -0.869690 -0.080047 
-0.087864 -0.867447 -0.080156 
-0.833136 0.133934 -0.080341 
0.466974 0.775662 0.018099 
-0.596948 0.593774 0.028212 
0.088711 0.886281 -0.080341 
-0.272274 -0.701316 0.067857 
0.720990 -0.304450 -0.064662 
0.508900 0.602027 0.002638 
-0.174549 0.854095 -0.080147 
-0.772544 -0.045751 0.075976 
-0.776489 -0.456887 0.023857 
-0.259117 -0.910005 0.077001 
-0.104897 0.782416 0.003357 
0.901914 -0.220208 0.050282 
-0.030188 0.914803 0.022220 
0.286168 -0.721274 -0.006215 
0.889986 0.435433 0.017090 
-0.361985 -0.854568 0.069743 
0.645665 0.521567 0.041622 
-0.866451 -0.042512 0.014504 
0.685326 -0.434940 0.050143 
0.165239 0.871340 -0.080341 
0.351954 -0.690671 0.076876 
-0.433074 0.667011 -0.002566 
0.708139 0.662382 -0.011731 
0.635426 -0.496704 0.061024 
0.739500 0.288520 -0.070321 
-0.788336 0.243073 -0.080299 
-0.717031 -0.310459 -0.042412 
-0.711891 0.656612 -0.051258 
-0.611482 0.480962 0.007786 
0.537792 -0.782354 -0.072647 
-0.047754 -0.968503 0.072345 
-0.986213 -0.016115 0.040716 
0.970188 0.013544 0.003468 
0.255937 -0.882263 -0.080047 
0.617051 -0.608111 0.014539 
-0.784511 0.057461 -0.052410 
-0.015756 0.972691 -0.020870 
-0.101968 0.859469 0.017492 
0.093572 -0.806620 0.040699 
0.415139 0.816122 -0.080251 
0.114563 -0.740711 0.029942 
0.303204 0.893439 -0.080341 
0.217052 -0.951890 0.039246 
-0.669641 -0.679103 -0.006087 
0.956076 -0.050038 0.076792 
-0.040168 0.979986 0.003699 
0.571273 -0.535106 -0.073382 
-0.867345 0.053132 0.014386 
0.784582 -0.478015 0.039687 
-0.869474 0.253879 0.021732 
-0.948230 0.060629 0.076527 
-0.136161 -0.748244 0.007905 
-0.869202 0.074628 -0.080341 
-0.679609 0.367594 0.071154 
0.874617 0.060473 0.014464 
0.587585 0.765870 -0.074498 
0.312368 -0.829531 -0.080297 
-0.886020 0.390595 -0.001843 
0.349524 -0.885795 -0.004642 
0.813012 0.456775 0.043249 
-0.792363 -0.020658 -0.076551 
-0.243126 -0.766012 0.057517 
0.958769 -0.226611 0.058434 
0.002023 -0.758690 0.074761 
-0.115447 0.922773 -0.080341 
0.418855 -0.761163 0.014539 
-0.620241 -0.651927 -0.080096 
0.827030 0.367244 0.020007 
0.668177 0.647866 0.037495 
0.768805 0.068003 0.008790 
0.817251 0.189574 0.026962 
-0.501357 -0.808815 -0.032689 
0.826886 0.093707 0.031832 
0.717861 0.461497 -0.080114 
0.774369 -0.316052 -0.080341 
-0.011003 -0.954103 -0.000276 
0.881930 -0.296765 0.057931 
0.511649 0.632638 0.074006 
0.484644 0.705649 -0.080114 
0.859736 -0.180214 -0.080341 
0.286301 0.745331 0.077001 
0.771810 -0.439147 -0.080341 
0.882013 0.378300 0.076782 
-0.753341 -0.218198 0.077001 
-0.479001 -0.667597 0.031260 
0.279451 -0.751951 0.063066 
0.755869 0.606561 -0.013665 
0.747467 0.589778 -0.080038 
-0.891238 -0.411168 0.020874 
0.837653 -0.397170 0.052163 
0.434170 -0.642470 -0.000577 
0.332018 -0.720521 -0.080162 
-0.754841 0.554386 0.049336 
0.576170 0.678182 0.014539 
0.929954 0.120513 0.065039 
0.405128 -0.663962 -0.064703 
-0.734192 0.347932 -0.080332 
0.505419 0.829253 -0.037060 
0.458351 -0.801118 -0.080040 
-0.346160 -0.694576 -0.043992 
-0.407856 -0.887345 0.052607 
-0.665971 0.739356 0.044021 
0.771776 -0.063813 0.076482 
-0.854825 -0.481666 0.021401 
-0.131707 0.922914 0.035441 
0.706017 0.309467 0.012122 
0.709540 -0.672013 0.015806 
0.777625 0.189604 -0.079031 
-0.873425 0.409764 -0.065721 
0.022884 -0.863470 0.014539 
-0.354099 -0.740720 0.031338 
-0.360097 0.710352 -0.015824 
0.933170 0.234308 -0.070597 
-0.478993 0.851167 0.076672 
-0.379742 0.842934 0.029341 
-0.583375 0.763079 0.076883 
-0.613146 -0.693967 0.061641 
-0.766563 -0.587389 0.005828 
-0.579128 -0.755269 -0.066148 
-0.527814 -0.536967 0.065038 
-0.392994 0.816255 -0.080229 
0.624985 -0.464720 -0.000802 
0.566655 -0.540182 0.077001 
0.213182 -0.826065 -0.080200 
0.942284 -0.285084 0.025589 
-0.670769 -0.540950 -0.080341 
-0.688621 -0.614834 0.050709 
0.907355 -0.271987 0.076165 
-0.100962 -0.969912 0.064776 
-0.967276 -0.178611 0.065664 
0.935809 0.234848 -0.008854 
-0.695229 0.584763 -0.080150 
-0.042285 0.796352 -0.048414 
0.915779 -0.022806 -0.080341 
0.249675 0.939923 -0.058792 
0.150684 -0.938132 -0.055030 
0.829713 -0.288042 0.014539 
0.572388 -0.724237 -0.080341 
0.661857 -0.414307 -0.039478 
-0.283537 0.915878 0.075310 
-0.259372 -0.847795 -0.080122 
0.838458 -0.210638 -0.080341 
0.774414 0.107167 0.077001 
0.633116 0.769151 0.037586 
0.721689 0.685377 0.046443 
0.084164 0.799469 0.077001 
0.950126 -0.153793 0.076909 
-0.921646 -0.259977 -0.050608 
0.798604 -0.156026 -0.080341 
-0.711952 -0.422884 -0.080341 
0.851006 0.488312 0.075961 
-0.017428 0.784089 0.006641 
0.410147 -0.777225 -0.080142 
0.501151 -0.700633 -0.080341 
-0.970857 0.019688 0.076729 
-0.828711 -0.081714 0.028317 
-0.476861 0.874212 0.020570 
-0.183426 -0.896623 0.042936 
0.764999 -0.516253 0.046461 
-0.254629 -0.787348 -0.080260 
-0.569924 0.552246 -0.045953 
-0.357065 -0.880606 -0.066868 
-0.830148 0.496442 -0.010246 
-0.374364 -0.830549 0.035936 
-0.891981 -0.126257 0.021838 
-0.196834 -0.750299 -0.017652 
-0.974399 0.150762 0.015781 
-0.643488 -0.518431 0.029044 
0.411397 -0.812302 0.035107 
0.469963 0.690667 0.035977 
0.662050 -0.686058 -0.046551 
-0.067643 -0.753519 0.073625 
0.827895 -0.135505 -0.080341 
-0.413448 0.718039 0.046166 
0.831758 -0.068832 -0.080341 
0.897203 0.156292 -0.080341 
-0.708085 -0.356044 0.076286 
0.338126 -0.671135 0.019919 
0.071594 0.778527 0.008155 
-0.557531 -0.664083 -0.080172 
0.768842 0.424032 0.014539 
0.876649 -0.162302 0.017488 
0.535868 0.754408 0.031021 
-0.492278 -0.601576 -0.032745 
-0.250733 -0.842117 0.016553 
0.958286 0.094926 -0.032815 
-0.980772 0.118972 0.039888 
-0.867746 -0.411208 0.077001 
0.189194 0.923518 0.052725 
0.274494 0.735344 0.005798 
-0.373169 -0.651200 0.057337 
-0.648715 -0.589610 -0.080341 
-0.022894 -0.776731 -0.066223 
0.751043 -0.223716 -0.002602 
0.230647 0.920270 0.068197 
-0.630076 -0.472854 0.077001 
-0.801532 0.176211 0.046904 
-0.789018 -0.211154 -0.080341 
-0.212107 -0.837708 0.014539 
0.675503 0.386595 0.007231 
-0.849533 0.019632 0.018797 
0.136188 -0.945469 0.076941 
-0.454966 0.886804 0.059189 
-0.288644 -0.752979 0.050692 
-0.703637 -0.339725 -0.064921 
0.849700 -0.023710 -0.080341 
0.857179 0.296103 0.021619 
0.619174 0.721200 0.071872 
0.966641 -0.191827 0.023154 
-0.916648 -0.310012 0.005026 
0.648692 0.596090 -0.080175 
0.806129 0.467041 -0.080341 
-0.551467 -0.705499 0.022667 
0.132916 -0.820567 0.023190 
0.786251 0.037644 -0.019380 
0.691437 -0.541666 0.015334 
-0.804144 -0.267777 0.018240 
-0.127732 -0.770672 0.076773 
-0.221755 -0.782943 0.038722 
-0.198384 0.842805 0.017380 
-0.110755 -0.741245 0.048851 
-0.509550 0.697046 -0.080005 
-0.088080 0.958202 0.076739 
0.100035 -0.797569 -0.080315 
-0.814823 0.147494 0.035324 
0.303491 -0.686045 0.055476 
-0.826113 0.039902 -0.080341 
0.617189 0.643008 -0.080198 
0.759297 -0.194664 -0.022909 
-0.162017 -0.758055 -0.044610 
-0.656545 -0.690485 -0.040042 
0.550439 -0.598758 0.045510 
-0.761835 0.214697 0.076818 
0.345997 -0.783591 -0.080290 
0.145265 -0.762013 -0.049759 
-0.399829 -0.665661 -0.002583 
0.437054 -0.855402 0.003871 
0.610803 0.675082 0.021255 
-0.731705 0.630637 -0.067367 
0.600152 -0.757266 0.007022 
-0.732209 -0.578761 0.071551 
0.727960 -0.315578 0.076204 
0.653856 -0.434900 0.076937 
-0.787115 0.102691 0.076762 
-0.015397 -0.748851 0.042267 
0.787932 -0.466521 -0.080341 
0.810999 -0.426009 0.035157 
-0.986176 0.039445 0.032326 
0.756114 -0.127020 0.073517 
0.212012 0.854250 0.014539 
-0.770939 -0.517213 0.061763 
0.405154 0.872059 0.076708 
-0.336324 0.772917 -0.080282 
0.746156 0.158292 0.050320 
0.034368 -0.956271 0.002385 
0.673911 -0.446325 -0.080341 
0.316613 0.869973 0.030168 
0.189308 -0.847485 0.014539 
0.082363 0.968849 -0.058966 
0.276501 -0.822140 -0.080167 
0.835101 -0.467249 -0.014952 
-0.609315 -0.578271 -0.080338 
-0.647388 -0.434372 -0.010168 
-0.898272 -0.202534 0.039751 
-0.782290 -0.544215 -0.068943 
0.633706 -0.454916 -0.029668 
-0.426325 0.842677 0.062148 
0.718930 -0.403721 0.032931 
-0.773196 -0.342138 0.018762 
-0.934718 0.183747 -0.077991 
-0.302379 0.738040 -0.064917 
-0.682932 0.662188 0.074427 
-0.883636 -0.162533 0.020662 
0.379211 -0.900822 0.049199 
-0.115151 0.829751 -0.080341 
-0.501187 0.791252 0.044557 
0.637621 -0.403245 0.029862 
0.279748 -0.870999 0.044003 
0.174323 0.791705 -0.079448 
-0.467980 -0.803786 0.071090 
0.542102 -0.814212 0.060947 
-0.496410 -0.588488 0.003228 
0.718764 0.464862 0.019264 
-0.690426 0.442824 0.057402 
-0.832499 -0.518317 0.051945 
0.844541 -0.261952 -0.080341 
-0.811229 0.341369 -0.080171 
-0.817628 0.174949 -0.080341 
0.574316 -0.593335 -0.080112 
-0.685579 -0.373762 -0.059690 
0.597792 -0.500135 -0.007973 
-0.885945 -0.307014 0.072676 
-0.177119 0.980711 0.066805 
-0.653849 -0.478464 -0.080341 
-0.604333 -0.530625 0.064111 
-0.387416 0.785510 0.014539 
-0.311478 -0.700395 0.076919 
0.345433 0.747241 0.062074 
-0.092980 -0.945335 -0.057033 
0.463969 0.647188 -0.064167 
0.262024 -0.769305 -0.080295 
