-0.804679 0.461752 -0.110994 
0.845432 -0.498388 0.130926 
0.505014 0.851880 0.120755 
-0.486134 -0.841495 0.147168 
0.849827 0.215625 -0.178142 
0.234471 -0.852036 -0.177493 
-0.256319 0.956411 0.083779 
-0.946935 -0.250956 0.079794 
-0.497458 -0.409442 -0.177197 
0.101035 0.618425 -0.148134 
-0.347460 0.444889 0.136421 
-0.057533 -0.549191 0.138056 
0.573943 -0.058812 0.161750 
0.491005 -0.409186 -0.173911 
-0.559600 0.010504 0.142697 
0.419675 0.396180 0.156951 
0.519357 -0.813161 0.159195 
0.838424 0.524761 0.128785 
-0.194112 -0.835449 -0.177491 
0.978802 -0.108330 0.055453 
-0.486822 0.728975 -0.177947 
-0.953315 0.154890 0.160528 
0.007582 -0.954740 0.164338 
0.566588 0.577068 -0.177878 
-0.787520 0.043630 -0.177724 
0.131194 0.982185 0.126891 
-0.667704 0.703501 0.161381 
-0.774343 -0.596493 0.082501 
0.312046 -0.487274 0.166181 
-0.401622 -0.457078 0.164769 
0.674829 -0.101837 -0.178142 
-0.030183 0.623482 0.164094 
-0.031771 0.923770 -0.161996 
0.329931 0.864097 -0.161637 
0.940041 0.201071 0.166315 
-0.510529 -0.749712 -0.166300 
0.554570 -0.729424 -0.157439 
-0.476877 0.405867 -0.158274 
0.823010 -0.385021 -0.170172 
-0.812034 -0.382621 -0.174524 
0.035380 -0.611217 -0.151010 
0.588536 0.199417 -0.009854 
-0.223763 0.581448 -0.108021 
-0.646136 -0.268820 0.047545 
-0.629521 0.281866 0.057975 
-0.252474 -0.556903 -0.150263 
-0.866365 0.425319 0.161838 
0.311030 0.665276 0.037910 
0.644334 -0.312612 0.041220 
0.263037 -0.940902 0.079798 
0.305652 -0.600169 -0.178142 
-0.248909 -0.943142 0.118938 
0.196573 -0.686033 0.040167 
0.615488 -0.591440 0.060401 
0.794915 0.485967 -0.120739 
-0.273237 0.860723 -0.176285 
-0.627378 -0.148048 -0.175869 
0.688962 0.697838 0.028659 
0.781030 0.039871 0.030724 
-0.440060 0.795752 0.127717 
0.910619 -0.028557 -0.170216 
-0.282393 -0.718554 0.030718 
-0.542753 0.542052 0.030700 
-0.677269 0.259679 -0.178142 
-0.893372 0.245990 -0.053301 
-0.537003 -0.605952 0.038143 
0.616373 0.449846 0.031111 
0.007449 -0.918837 -0.069959 
-0.702108 -0.590265 -0.148606 
-0.764079 -0.064962 0.030312 
-0.908348 -0.159651 -0.132763 
0.103782 0.773102 0.030259 
0.336811 0.546441 -0.171240 
-0.160842 0.754266 0.030642 
0.516434 0.356579 -0.150608 
0.886091 -0.276129 0.162573 
0.722332 -0.574213 -0.134557 
0.407265 -0.826139 -0.033172 
0.466131 -0.336631 0.162704 
-0.979750 -0.026464 0.048121 
-0.032201 -0.730685 0.034174 
0.777214 0.277950 0.039301 
-0.613677 0.052061 -0.060471 
0.181589 0.564553 0.166587 
-0.812015 -0.404348 0.149005 
-0.077313 0.716738 -0.178142 
-0.685386 0.628478 -0.101290 
0.501357 0.788183 -0.080064 
0.301671 0.862093 0.132311 
0.656057 0.108266 -0.178142 
-0.357287 0.633328 0.039505 
-0.048092 0.984771 0.035314 
0.417178 -0.603534 0.034214 
-0.642796 -0.722482 0.154951 
-0.182042 0.535236 0.079480 
-0.381550 -0.475896 -0.028880 
0.782423 -0.174032 0.033601 
0.146511 0.922512 -0.086576 
-0.459061 -0.309296 0.053738 
-0.573448 0.745531 -0.000247 
-0.786893 0.594402 0.053067 
-0.357383 -0.846047 -0.084800 
0.572091 0.137912 0.166687 
-0.243147 -0.566551 0.157145 
0.898952 -0.218832 -0.134722 
-0.661657 -0.456170 0.035754 
0.480422 0.589792 0.031443 
0.136891 -0.543163 0.153150 
0.917123 0.166415 -0.012914 
0.618129 -0.024504 -0.017718 
-0.437729 -0.584038 -0.177889 
-0.532230 -0.168657 0.146257 
0.710713 0.329412 -0.177805 
0.566873 -0.241698 -0.104354 
-0.746290 0.149022 0.030815 
-0.464061 0.340709 0.024110 
0.869875 -0.356540 0.004054 
-0.050633 0.622489 -0.014291 
0.444082 -0.420305 -0.003346 
-0.160292 -0.582844 -0.001543 
-0.394067 0.560426 -0.177988 
0.917894 0.026658 0.156425 
0.256789 0.705647 -0.177695 
-0.420085 0.831426 -0.052797 
0.104966 -0.834214 0.053285 
0.300415 0.493248 0.027113 
0.918158 0.363507 0.112398 
-0.634755 0.470735 -0.177763 
0.524975 -0.191569 0.065060 
0.075430 -0.789628 -0.177756 
-0.852725 -0.357944 -0.010788 
0.253956 -0.524724 0.013149 
0.606984 -0.756294 0.028358 
0.559738 -0.561747 -0.178142 
-0.743548 0.403386 0.051076 
0.453568 0.426201 -0.003542 
0.082473 0.780482 -0.177801 
-0.542143 0.174468 0.154505 
-0.545694 -0.276385 -0.083166 
-0.546618 -0.770181 0.012241 
0.389881 -0.751628 -0.178142 
-0.922690 0.066762 -0.074020 
0.054415 -0.585040 0.009377 
-0.311592 -0.719660 -0.177720 
0.659045 -0.430572 -0.178059 
0.165314 0.584760 0.006495 
-0.145661 -0.674849 -0.178011 
-0.176452 0.916676 -0.049990 
-0.605544 -0.100178 -0.010749 
0.705793 -0.271127 -0.178142 
-0.145721 -0.907816 -0.025997 
-0.852525 0.263220 0.100798 
0.377263 0.859276 -0.007896 
0.867486 0.337672 -0.077366 
0.362316 -0.851506 0.166218 
0.440528 0.678750 -0.177878 
-0.401413 0.474026 -0.034419 
-0.650199 -0.374051 -0.178142 
0.603220 0.704255 0.159435 
0.542765 0.291134 0.166723 
0.787242 -0.487862 -0.012976 
-0.127605 0.941636 0.168583 
0.753879 -0.621778 0.144866 
-0.841021 0.324287 -0.175424 
-0.335537 0.704263 -0.177668 
0.705540 0.609255 -0.122060 
-0.771179 -0.203416 -0.178142 
-0.898761 -0.125729 0.148394 
0.712546 0.599515 0.162952 
-0.521653 0.335352 0.162780 
-0.309098 0.800580 0.055936 
0.928650 0.011190 -0.027609 
-0.564639 0.251857 -0.072566 
0.170891 -0.585844 -0.095610 
-0.774613 -0.497542 -0.059548 
-0.888853 0.382315 0.022222 
-0.376181 -0.605240 0.040178 
-0.861250 0.057408 0.066608 
0.758742 0.420838 0.064331 
0.330529 0.522809 0.166759 
-0.867492 0.165057 -0.178142 
-0.025259 0.838524 0.044069 
0.596407 -0.449054 0.032215 
0.438156 0.732489 0.052111 
0.372199 -0.486183 -0.120502 
-0.778305 -0.213556 0.036191 
0.628196 -0.686985 0.167291 
-0.377798 -0.899782 0.073813 
0.665064 0.472524 -0.178142 
-0.534965 0.595018 -0.177971 
0.227402 0.952750 0.026072 
-0.521521 -0.454783 0.051354 
0.774739 0.032769 -0.178142 
-0.665047 -0.635966 -0.021356 
0.597733 0.235442 -0.173576 
0.298046 -0.781740 0.050154 
0.655325 0.050149 0.094522 
0.492637 0.292186 0.030570 
0.143248 -0.923374 0.168264 
-0.116698 -0.895051 0.147027 
0.451073 -0.733688 0.067822 
-0.265697 -0.484820 0.046674 
0.755461 0.557258 -0.003949 
0.232914 -0.890045 -0.044822 
-0.571904 -0.525242 -0.178142 
0.218682 -0.715595 -0.177955 
-0.607998 0.415543 0.035542 
0.654137 -0.131637 0.078133 
0.811250 -0.124063 -0.178142 
0.608124 0.707319 -0.103795 
0.084193 -0.967268 0.034799 
-0.406371 -0.761491 0.072269 
0.085692 0.652367 0.101813 
-0.694538 0.690863 0.030588 
-0.134307 0.838854 -0.178142 
0.641931 -0.662969 -0.060968 
-0.673473 0.043194 0.067591 
-0.052871 -0.973008 0.044426 
-0.907660 -0.025459 -0.169407 
-0.371129 0.916653 0.139036 
-0.667712 0.101920 -0.178142 
0.015865 0.918859 0.146766 
-0.551460 0.122666 0.032402 
-0.073380 -0.888516 -0.176003 
0.614148 0.591860 0.052327 
0.950345 -0.252441 0.050314 
-0.940471 0.008467 0.168600 
-0.955223 0.160633 0.024472 
-0.186726 -0.806940 0.046336 
-0.522158 -0.297952 0.167411 
0.433238 -0.629003 -0.177775 
0.931275 -0.150602 0.168729 
0.641654 0.302602 0.047449 
-0.296774 0.569966 0.134598 
0.231843 0.787222 0.036768 
-0.916483 -0.151870 -0.004590 
0.439150 0.458352 -0.165186 
-0.210355 0.732578 -0.177734 
0.043346 -0.628581 0.133367 
-0.662848 -0.025247 -0.178142 
0.127760 -0.909457 -0.139190 
-0.772213 0.540279 0.167018 
0.426865 -0.481109 0.106382 
0.076462 0.957309 0.012894 
0.860951 -0.063285 0.063663 
-0.666957 0.557764 0.067643 
0.495957 -0.307697 0.015474 
-0.587804 0.352122 -0.178142 
0.980205 0.106866 0.076833 
0.919175 0.115430 -0.151714 
-0.475315 0.681120 0.041506 
-0.644242 -0.607659 0.101042 
0.221695 0.584794 -0.144599 
-0.492275 0.443350 0.088087 
-0.274504 -0.885748 -0.001496 
-0.857954 -0.467110 0.046948 
0.568572 0.800077 0.028640 
-0.036849 -0.732840 -0.177877 
-0.603764 -0.669228 -0.171455 
-0.561205 0.810981 0.142889 
-0.295082 0.507410 0.017656 
0.710815 0.144854 0.039409 
0.801754 -0.387855 0.101202 
-0.069945 -0.605230 -0.080082 
0.599389 -0.148010 -0.033850 
-0.217427 0.652234 0.063828 
0.870654 0.451287 0.030091 
0.376595 0.497997 -0.066330 
-0.604331 0.692864 -0.165471 
0.561908 -0.264150 0.160244 
0.741202 -0.622934 0.025450 
-0.795410 -0.076178 -0.178142 
-0.372421 -0.486585 -0.153389 
0.730057 -0.508706 0.100943 
-0.746584 -0.340459 0.041577 
-0.106861 0.614854 -0.122854 
-0.529462 -0.218338 0.020096 
-0.828167 0.488266 0.017334 
-0.883048 -0.265056 -0.082850 
-0.150728 0.865197 0.073247 
-0.291368 0.885851 -0.046224 
-0.639592 -0.094094 0.103047 
0.313787 -0.662020 0.034257 
-0.394740 0.807104 -0.177098 
0.536335 0.385234 0.095166 
-0.854875 -0.294620 0.141524 
-0.517408 -0.728505 0.118633 
0.922357 -0.096707 -0.075441 
-0.109449 -0.641765 0.088065 
-0.745057 0.287681 0.033053 
0.940294 0.280416 0.033045 
0.580618 -0.334055 -0.177757 
0.272688 0.893866 -0.064183 
0.459420 -0.862995 0.064408 
-0.438514 0.886167 0.049187 
0.254173 -0.586618 0.111652 
-0.487316 -0.369033 -0.044099 
0.347708 -0.851368 -0.129554 
0.818338 0.375164 -0.175372 
0.571088 0.084145 0.022905 
-0.418978 0.539180 0.066084 
0.202259 0.877903 -0.177539 
0.021842 0.566485 0.058466 
-0.510737 0.230428 0.058576 
-0.754134 -0.509681 0.155540 
-0.740628 0.379370 -0.178142 
-0.922992 -0.048336 -0.058232 
0.336710 -0.449105 0.032658 
-0.590158 0.641659 0.069037 
-0.153731 0.614682 0.155262 
0.624795 0.001328 -0.158305 
0.242328 0.956764 0.148298 
-0.636721 0.172149 0.087212 
-0.304590 -0.848778 0.144160 
-0.055732 -0.838834 0.053475 
0.079564 -0.719994 0.036318 
0.523504 -0.758504 -0.046663 
0.822656 0.167524 0.046166 
0.409670 0.902026 0.092675 
0.705254 -0.404552 0.037603 
-0.759170 -0.493904 -0.168672 
-0.354439 -0.423264 0.071565 
0.611997 0.101343 -0.078155 
-0.559534 -0.355242 0.075870 
0.865455 0.265737 0.119857 
0.407194 0.525819 0.089308 
0.550474 0.456412 -0.177841 
0.737107 0.224130 -0.178142 
0.146815 0.881148 0.090515 
-0.598135 0.150462 -0.103317 
-0.151444 0.978680 0.066254 
-0.429725 -0.354534 0.146841 
-0.329597 0.527837 -0.093412 
-0.257021 -0.552418 -0.043063 
0.051782 0.622763 -0.046428 
-0.028184 0.817725 -0.177906 
-0.306521 -0.826688 -0.177417 
0.507026 -0.411828 0.091642 
0.460933 -0.521001 -0.178142 
0.440526 0.570707 -0.177605 
-0.413305 -0.792646 -0.174700 
0.985796 0.001301 0.063114 
-0.062409 0.715979 0.044106 
-0.438540 -0.808280 -0.027204 
0.794740 -0.293091 0.053376 
0.523685 0.209313 0.089555 
0.268062 0.597441 0.107521 
-0.155920 -0.963105 0.068183 
0.120441 -0.668518 -0.177662 
0.891538 -0.383575 0.157292 
-0.608433 -0.276709 -0.178142 
0.357056 -0.907916 0.044384 
-0.736148 -0.302970 -0.178142 
0.906390 -0.195285 -0.032126 
-0.652895 -0.722034 0.038215 
0.838533 0.426053 0.165565 
0.421846 0.782392 -0.178125 
0.545122 -0.694544 0.093545 
0.555973 -0.067985 0.054951 
-0.003442 0.627446 -0.153417 
-0.752803 0.545243 -0.032784 
0.031395 -0.891502 -0.175532 
-0.751373 0.543353 -0.148107 
-0.528907 0.833443 0.046330 
-0.264059 -0.621065 0.062755 
0.153270 -0.553159 0.018125 
0.517974 -0.570270 0.030411 
0.627150 -0.199544 -0.178142 
0.627021 -0.655579 -0.169451 
-0.918482 0.320962 0.156815 
-0.061086 -0.563953 0.022477 
-0.911172 -0.357645 0.081481 
0.795682 -0.468507 -0.115164 
-0.857452 0.352771 -0.077134 
-0.860761 0.162555 0.078441 
-0.300993 -0.478336 0.158877 
0.555932 0.279917 -0.090726 
-0.427030 0.383029 0.155715 
-0.253094 -0.882667 -0.101720 
-0.297275 0.597073 -0.177442 
-0.766626 0.181612 -0.178097 
0.253962 -0.884383 0.164464 
0.163307 0.691741 0.048292 
0.716478 0.523400 0.084203 
0.687550 -0.697860 0.069410 
-0.557884 -0.020179 0.045363 
0.867486 -0.179051 0.089558 
-0.270292 0.893904 0.163079 
0.502522 -0.353156 -0.089616 
-0.012114 0.933873 -0.062819 
0.555229 0.681011 0.073044 
0.629219 0.186739 0.098602 
-0.979716 0.069664 0.079896 
0.869198 0.069236 0.070706 
0.873623 -0.306083 -0.083422 
-0.507551 0.780838 -0.093758 
-0.699274 -0.146890 0.041077 
0.540471 0.729663 -0.175042 
-0.972244 -0.126349 0.079581 
0.156181 0.708503 -0.177617 
0.338313 0.798373 0.061845 
0.898298 0.240365 -0.093944 
-0.386200 0.738162 0.042239 
-0.514777 0.345011 -0.088596 
-0.184574 -0.698984 0.036513 
0.526455 0.491004 0.043359 
-0.432616 -0.689366 -0.177628 
0.713347 -0.031403 0.043588 
0.622507 -0.225431 0.083018 
-0.515703 0.494492 -0.177971 
-0.087807 0.559651 0.106605 
0.507876 0.753377 0.120394 
-0.412526 -0.510121 0.082473 
-0.853126 -0.259901 -0.176338 
0.404038 0.841822 -0.101452 
0.568297 0.040930 0.153388 
0.295197 0.550771 -0.052829 
-0.393474 0.405741 0.042933 
0.138616 -0.909318 -0.027836 
0.610195 0.360477 -0.177812 
-0.656690 -0.476711 -0.178142 
0.201269 -0.787540 0.039020 
0.772119 0.619298 0.088346 
0.396832 -0.388449 0.109992 
-0.850155 -0.157214 0.069525 
-0.712755 -0.625351 0.167594 
0.479887 -0.785315 -0.130472 
-0.341907 -0.598783 -0.178014 
0.366168 0.432302 0.084661 
-0.742748 0.645303 0.142744 
0.295548 -0.535647 -0.088501 
-0.605836 -0.538270 0.038049 
-0.567143 0.714802 0.139822 
-0.189498 0.912764 -0.145417 
-0.613568 -0.043167 -0.088037 
0.811372 -0.551438 0.058160 
-0.580699 0.242064 -0.166915 
-0.853546 -0.046967 0.060238 
0.567501 -0.240388 -0.005742 
-0.172832 -0.523720 0.072837 
-0.583601 -0.188737 -0.090371 
0.108253 0.895946 -0.177017 
-0.937060 0.299019 0.065723 
0.468200 0.849742 0.019602 
-0.106814 -0.797649 -0.177657 
-0.778421 0.456668 0.121505 
-0.557540 -0.730838 -0.073476 
0.032271 0.710752 0.047996 
0.344095 0.668564 -0.177699 
-0.664470 0.566336 -0.178013 
-0.928855 -0.217434 0.166531 
-0.427494 0.649056 -0.177954 
-0.189335 0.594049 -0.004811 
0.551332 -0.149815 0.158474 
0.695851 0.696706 0.146876 
0.703830 -0.225073 0.034122 
0.627943 0.647823 -0.176512 
0.338867 -0.571906 0.074638 
0.132579 -0.627325 0.105833 
-0.397083 -0.861078 0.167058 
-0.150823 -0.563009 0.168335 
0.026288 -0.873165 0.084001 
-0.741269 -0.564978 0.001693 
0.066172 0.564468 0.139974 
-0.432193 -0.679950 0.036926 
0.968918 -0.050393 0.160738 
-0.585486 -0.251759 0.118599 
0.909715 -0.130842 -0.160464 
-0.756994 0.055798 0.030864 
-0.828484 0.350976 0.114771 
-0.480639 -0.849484 0.055653 
0.181736 -0.957081 0.039994 
0.587666 0.796777 0.134199 
0.843313 -0.277782 -0.177909 
0.432205 -0.792010 0.139524 
0.027796 0.990230 0.086655 
-0.626423 0.687028 -0.062512 
0.315561 -0.697947 -0.178081 
0.245760 -0.496054 0.101792 
-0.743556 -0.448943 0.075825 
-0.414341 0.463076 -0.124811 
0.261698 0.503302 0.110553 
-0.324529 0.925325 0.028665 
0.889823 -0.415649 0.070143 
0.643226 -0.526009 -0.178142 
-0.140207 -0.592910 -0.139256 
-0.521534 -0.631448 -0.177614 
0.503979 0.366067 -0.048858 
0.406966 0.650201 0.030933 
0.607042 -0.113166 -0.116932 
0.457860 0.331700 0.104084 
0.298407 -0.788199 -0.178024 
0.717531 -0.360687 -0.177886 
-0.321181 -0.551751 0.110495 
-0.613933 0.079907 0.161648 
0.569017 -0.327117 0.088531 
0.322018 0.937456 0.087411 
-0.714642 -0.115450 -0.178142 
-0.147610 -0.906343 -0.128735 
0.034650 0.704646 -0.177555 
-0.320435 -0.799935 0.071031 
-0.902364 0.063688 -0.171440 
-0.109642 0.926646 -0.108209 
0.393064 0.823263 0.130700 
0.311122 0.776161 -0.177961 
0.894368 0.366367 0.017959 
-0.237042 -0.671240 -0.177944 
-0.556101 -0.077840 0.149236 
0.691401 0.374144 0.030783 
0.933889 0.112829 0.168394 
0.736782 0.524727 -0.174742 
0.868439 0.300800 -0.164617 
-0.589257 -0.778071 0.106670 
-0.685722 -0.223982 -0.178142 
-0.061120 0.901595 0.108167 
0.734958 -0.478395 -0.177849 
-0.213330 0.633530 -0.177861 
0.591521 0.722759 -0.019127 
0.688359 0.631067 -0.027967 
0.830239 0.356232 0.113493 
0.017952 -0.551733 0.081538 
0.163537 0.602986 -0.078851 
-0.052269 0.982631 0.152574 
-0.518498 -0.329439 -0.146735 
0.222348 -0.625323 -0.177700 
0.746161 0.423435 -0.178035 
-0.575072 0.254755 0.154472 
0.436379 -0.430562 -0.089084 
-0.259544 0.734277 0.030261 
0.594055 -0.777961 0.133383 
0.740321 -0.173573 -0.178142 
-0.110620 0.569152 0.023847 
0.646624 -0.050822 0.107369 
0.187052 0.627400 0.107918 
-0.815242 -0.427762 -0.101221 
0.885840 0.146496 0.104781 
-0.756088 0.294708 -0.178142 
0.777160 -0.542155 0.167410 
0.022204 -0.797234 0.034318 
-0.449087 0.880726 0.136329 
0.827751 0.429069 -0.040895 
-0.428757 -0.391830 0.014020 
0.593992 0.181090 -0.103234 
0.190946 0.533581 0.069990 
-0.583170 0.193801 -0.002820 
-0.540328 -0.129475 0.070828 
-0.368144 -0.851978 -0.000365 
-0.549330 0.375513 0.082729 
0.833387 0.527229 0.039934 
-0.116405 0.661222 0.080568 
0.456599 0.425241 -0.088533 
-0.673917 0.349198 0.031062 
-0.725224 -0.650495 0.038930 
0.823794 -0.036403 -0.178142 
0.494402 -0.257697 0.109426 
-0.904860 -0.279417 0.011994 
-0.645163 -0.352046 0.033833 
-0.702622 0.482468 0.054613 
-0.039490 -0.639670 -0.176798 
-0.233307 0.836206 0.063526 
-0.467381 -0.553802 0.036235 
0.330076 -0.858479 -0.047774 
0.491482 -0.486361 0.053122 
-0.736548 0.466425 -0.178052 
0.069946 -0.605999 -0.070291 
-0.640817 0.751958 0.098508 
-0.907119 0.182844 -0.106489 
0.529778 -0.821503 0.046679 
0.575541 -0.432223 -0.178142 
0.677402 -0.587193 0.116260 
0.698985 -0.603404 -0.048026 
0.241234 -0.846348 0.091317 
-0.638174 -0.008853 0.122474 
0.491467 -0.648800 0.038762 
0.372787 -0.485763 -0.032807 
-0.837793 -0.503583 0.118996 
0.766556 0.146386 -0.178142 
-0.977262 -0.067402 0.137986 
0.150453 0.978060 0.044564 
-0.924749 0.232603 0.167336 
-0.886963 0.264558 -0.140470 
-0.858580 -0.333392 -0.122889 
-0.705667 -0.525055 0.090094 
-0.942262 0.052821 0.008005 
-0.459892 0.416368 -0.024164 
-0.474279 -0.786529 -0.101745 
-0.220730 0.567958 0.168092 
0.475972 0.455713 0.098480 
0.654878 0.569748 -0.178064 
0.635503 0.759757 0.055371 
0.682709 0.231270 0.041883 
-0.836434 0.519804 0.119547 
-0.724845 -0.419573 -0.178142 
0.842142 0.103382 -0.178142 
-0.960431 0.208192 0.097288 
-0.542309 0.285311 -0.000937 
0.507921 -0.665056 -0.177948 
0.323809 -0.920273 0.140701 
-0.327441 0.848488 0.125722 
0.927313 0.033802 -0.119671 
-0.284331 0.488269 0.107442 
0.888286 -0.274243 -0.009529 
0.373075 -0.553885 -0.177594 
-0.418444 0.485385 0.135335 
-0.483481 0.600550 0.030523 
-0.684494 0.219464 0.040837 
-0.455870 -0.504498 -0.178045 
0.054202 0.854197 0.053535 
-0.053390 -0.917832 -0.015860 
-0.002453 -0.812247 -0.177634 
0.948225 0.274502 0.132894 
0.837605 -0.391912 -0.090801 
-0.081994 0.931105 -0.014922 
-0.681596 -0.039443 0.060652 
0.148420 -0.824505 -0.178011 
0.851535 -0.478400 0.034912 
0.962761 0.216868 0.077355 
0.712288 -0.030403 -0.178142 
-0.668311 0.343820 -0.178142 
0.303866 0.905264 0.009151 
-0.212833 -0.875001 0.141877 
0.101314 0.558243 0.050264 
0.453770 -0.321851 0.083864 
0.944074 0.081296 0.007500 
-0.267613 0.562192 -0.044274 
-0.112894 -0.733527 0.032086 
-0.712046 0.607287 -0.003946 
0.652245 0.627082 0.112613 
0.675334 -0.477954 0.043366 
-0.584291 -0.678468 0.124095 
-0.550708 0.092187 0.115554 
0.362190 0.912653 0.155107 
0.184673 0.782342 -0.177860 
0.928344 -0.322583 0.079411 
-0.099198 0.803320 0.033819 
-0.076032 -0.961882 0.156639 
-0.441358 -0.421361 -0.123243 
0.962924 -0.199926 0.116220 
-0.609999 -0.156983 0.143689 
-0.495394 0.739850 0.089810 
-0.214720 0.944064 0.018340 
-0.017231 -0.650836 0.088642 
-0.279770 0.782570 -0.178114 
0.788794 0.577920 0.158034 
0.339855 0.577494 0.083498 
-0.359090 0.860178 -0.092459 
-0.614301 0.042106 -0.137963 
-0.811367 -0.330412 0.083923 
0.438113 -0.872721 0.138657 
0.032036 -0.975406 0.091939 
-0.607042 -0.691410 -0.016609 
-0.806039 -0.518479 0.020715 
-0.812424 -0.440604 -0.009953 
-0.454454 0.330207 0.100319 
-0.860813 -0.118695 -0.178142 
-0.671183 0.609523 0.125024 
0.556483 0.277964 -0.013429 
0.789658 0.496039 -0.036649 
0.507419 0.520348 -0.177624 
-0.359263 -0.704388 0.033071 
-0.823490 0.233516 -0.177542 
0.235862 -0.563421 -0.130127 
-0.221133 0.952739 0.158047 
0.505923 0.358498 0.164100 
-0.502467 -0.378055 0.140988 
0.592662 0.237539 0.144374 
-0.585152 -0.449467 -0.178142 
-0.871607 0.458923 0.089316 
0.175868 -0.524285 0.088638 
-0.313512 -0.519808 -0.003070 
0.385157 0.456300 0.012823 
-0.830856 0.417580 -0.012864 
-0.892472 -0.384955 0.150167 
0.389224 -0.457771 0.168436 
-0.242172 -0.750979 -0.177704 
-0.479347 0.799249 -0.017414 
0.398901 -0.677392 0.031783 
0.288638 -0.900712 0.012409 
-0.606818 0.491062 0.030582 
-0.614221 -0.016922 -0.005051 
0.902902 -0.066242 0.127321 
-0.639495 -0.559800 -0.178142 
0.603003 0.367406 0.050068 
-0.487924 -0.262402 0.110339 
0.195197 -0.956706 0.114215 
-0.235749 -0.499347 0.124193 
0.244682 0.700544 0.035493 
0.204786 0.892226 0.140895 
0.036972 0.932782 -0.133333 
-0.895059 -0.011227 0.111459 
0.060077 0.978571 0.156452 
0.745455 -0.544894 -0.042739 
-0.180391 -0.619662 0.097096 
0.071988 -0.905392 0.154184 
-0.254229 0.896888 -0.111397 
-0.556934 0.745283 -0.137275 
-0.011038 -0.609388 -0.017407 
-0.516368 -0.290846 0.007263 
-0.205445 -0.573643 -0.092817 
0.584499 0.304900 0.095552 
-0.912160 0.369011 0.091895 
0.720478 -0.297769 0.030766 
0.983124 0.065097 0.138626 
0.796424 -0.447026 0.153806 
-0.692719 -0.689046 0.110777 
-0.331620 0.456460 0.059482 
0.771895 -0.309787 -0.178142 
-0.903301 0.065097 0.137830 
-0.602060 -0.116793 -0.091972 
-0.306471 -0.526664 -0.109319 
0.548955 0.123605 0.097686 
-0.163030 -0.749328 -0.177773 
-0.055592 -0.916588 -0.108893 
0.201049 -0.578985 0.162898 
-0.917453 0.125857 -0.028955 
-0.279835 0.613032 0.076818 
0.395430 0.487579 0.161758 
0.752306 0.550173 -0.107064 
-0.866774 -0.216483 0.110464 
-0.144133 0.685121 -0.178142 
-0.926803 -0.312341 0.137704 
0.242238 0.538808 0.017225 
0.036422 -0.725066 -0.177902 
0.326086 -0.827526 0.106750 
-0.902037 -0.194470 -0.068306 
0.204096 0.912010 -0.042078 
0.842486 -0.312469 0.115844 
0.627805 -0.273019 -0.177996 
-0.592033 0.530510 -0.177910 
-0.586078 -0.178542 -0.004522 
0.591707 -0.707920 -0.024757 
0.455124 -0.717985 -0.178044 
0.860944 0.032556 -0.178142 
0.951138 -0.056536 0.011639 
-0.279353 -0.934738 0.052968 
0.364789 -0.751906 0.049336 
0.791196 0.307329 -0.178009 
0.137877 -0.875535 0.103815 
0.788786 0.479938 0.157833 
0.777483 0.349442 0.053156 
0.573455 -0.523244 0.030712 
-0.348795 0.524657 0.157587 
0.469010 0.800486 0.159855 
0.635559 0.523846 0.038125 
0.150497 -0.740560 -0.177756 
-0.017768 -0.602748 0.166729 
-0.020311 0.670684 0.082111 
0.477888 0.673302 0.038516 
0.021745 0.877480 -0.178090 
0.012754 -0.955104 0.019537 
-0.545611 -0.783891 0.164050 
0.403220 -0.539951 0.065611 
-0.459902 -0.774508 0.140751 
0.690630 0.469910 0.043260 
0.688629 0.043907 -0.178142 
0.418276 0.380884 0.069449 
0.714126 -0.127719 0.038502 
-0.603145 0.126571 -0.019005 
0.437710 -0.402423 0.167660 
0.595215 -0.704070 -0.096823 
0.257889 0.832503 -0.178071 
-0.915565 -0.121115 -0.072627 
-0.657953 -0.641549 -0.124908 
-0.807364 0.405237 -0.175085 
-0.566969 0.312159 0.111088 
-0.600985 -0.408316 0.036007 
-0.492684 0.831433 0.164473 
0.566275 0.304204 -0.172879 
-0.354680 0.562168 0.087191 
0.888741 0.433350 0.115270 
0.887207 -0.002256 0.089746 
0.428756 0.877327 0.160574 
0.964652 -0.176297 0.039271 
0.208607 0.653111 -0.177494 
-0.802211 0.247858 0.048179 
-0.473257 0.795984 -0.158069 
0.179462 -0.901478 -0.090898 
-0.839573 -0.004929 -0.178142 
0.233359 0.848051 0.073596 
0.097040 -0.543365 0.060507 
0.680964 -0.657353 0.010831 
0.088903 0.905506 0.123188 
-0.768988 -0.140034 0.031046 
0.316205 0.735468 0.032041 
0.123607 0.623993 0.154166 
-0.007554 0.766488 0.030977 
0.617795 -0.127482 0.151032 
-0.052636 -0.891319 0.117833 
-0.643036 -0.172246 0.075083 
0.263983 -0.538718 0.168347 
-0.734882 -0.553789 -0.074331 
0.887591 0.280426 -0.037056 
-0.015130 0.624104 -0.074961 
-0.364078 0.873013 0.003320 
-0.692173 -0.216772 0.036967 
-0.537967 0.307565 -0.143345 
-0.768610 -0.578201 0.160584 
-0.214409 -0.893964 -0.044290 
-0.660106 0.191702 -0.178044 
0.657225 0.272211 -0.177582 
-0.322122 -0.916537 0.147101 
0.408751 -0.824394 -0.108585 
0.689405 -0.653167 0.167425 
-0.088187 -0.617326 0.149983 
-0.822061 -0.258217 0.067368 
-0.981165 0.002865 0.111477 
0.923113 0.102120 -0.083333 
-0.559766 0.440436 -0.178142 
0.619439 0.007175 -0.079785 
0.442167 0.823372 -0.039374 
0.561444 -0.015671 0.108548 
-0.434559 -0.428160 -0.054314 
-0.919648 0.218075 0.008074 
0.681678 0.182195 -0.178142 
0.631725 0.012623 0.151717 
-0.503298 -0.665397 0.049626 
-0.206433 -0.941593 0.025919 
-0.550496 0.453019 0.044920 
0.227671 0.581570 -0.063791 
0.523890 -0.492116 -0.178142 
0.658452 0.660574 -0.111689 
0.611726 -0.650985 0.110631 
0.147847 0.924074 0.163516 
-0.606617 0.625021 -0.177869 
-0.128477 -0.865231 0.086099 
0.138071 -0.761638 0.030821 
0.380521 0.497738 -0.150085 
0.490891 -0.591601 -0.177785 
0.535845 -0.733635 0.149296 
0.746160 0.633300 0.026361 
-0.941907 -0.068259 0.009022 
0.133172 0.927201 -0.011282 
0.493465 0.274550 0.122163 
-0.388212 0.838927 0.155829 
0.204060 0.969768 0.093127 
-0.101104 0.898514 -0.176101 
-0.792822 0.484375 -0.040969 
-0.799147 0.317541 0.061942 
0.759765 0.212563 0.031030 
0.843135 -0.241714 0.079073 
0.389426 0.615598 -0.177627 
-0.372561 0.811003 0.091296 
-0.520106 0.669672 -0.178006 
-0.504231 -0.565706 -0.177803 
0.060382 -0.664303 0.070169 
-0.886688 -0.399427 0.033842 
-0.711680 -0.400854 0.040028 
0.135863 0.550751 0.118340 
-0.485630 0.510717 0.049728 
-0.252794 -0.811416 0.060614 
0.546346 -0.120402 0.096630 
0.119926 -0.969038 0.092146 
0.169377 0.756895 0.030424 
-0.220365 0.539932 0.021106 
0.650882 -0.349764 -0.177544 
0.610762 0.157885 -0.164347 
-0.196311 -0.603404 -0.175219 
0.556659 0.749706 -0.081030 
0.881481 0.374222 0.168276 
-0.566506 -0.232336 -0.138782 
-0.598457 0.050654 0.005094 
0.487316 -0.374020 -0.026142 
0.663513 -0.599376 -0.175782 
-0.527737 -0.519125 0.032629 
0.147450 0.822736 0.042686 
-0.366638 -0.676403 -0.177766 
0.617900 0.045006 -0.005333 
0.789178 -0.237963 -0.178142 
0.889749 -0.202199 0.148585 
0.804624 0.102616 0.035347 
0.130608 -0.597329 -0.148036 
0.441040 -0.453875 -0.172076 
-0.606643 0.575607 0.044566 
-0.953259 -0.201942 0.034588 
-0.206298 0.890459 0.138618 
0.719413 0.064012 0.040405 
-0.881803 0.319395 0.000698 
-0.726258 -0.046352 -0.178142 
-0.734233 0.095873 -0.178142 
0.616267 0.069582 -0.141055 
0.773077 -0.602753 0.084011 
0.388734 0.720505 -0.177907 
0.263187 -0.728562 0.030783 
0.495250 0.795227 -0.011067 
0.202292 -0.785697 -0.177486 
-0.703749 -0.530857 -0.177986 
-0.811840 -0.311737 -0.178142 
-0.142637 0.943281 0.008916 
-0.811728 0.129300 -0.178142 
0.581599 -0.380785 0.051814 
0.838621 0.234423 0.068107 
0.527588 0.664903 -0.178001 
0.559039 0.059571 0.085266 
-0.082078 0.986964 0.091829 
-0.178540 -0.924798 0.168190 
-0.664337 0.108400 0.070596 
-0.330206 0.705538 0.030301 
0.551565 0.623363 0.041512 
-0.778643 -0.386850 0.076472 
-0.214635 0.798046 -0.178018 
0.241848 -0.561086 -0.060748 
0.613597 -0.073555 -0.065143 
-0.705401 0.690298 0.109450 
-0.733571 -0.267205 0.031065 
0.640145 0.679457 -0.051749 
0.529798 0.225882 0.158358 
0.766177 -0.360399 0.053661 
0.803246 -0.055085 0.034046 
0.341675 0.522929 -0.016298 
0.033845 -0.563679 0.158134 
0.900641 0.176975 -0.164507 
-0.610657 0.351612 0.048387 
-0.456749 0.420080 -0.097843 
0.594048 -0.089767 0.006636 
0.075227 -0.917047 -0.014603 
-0.138746 0.773849 -0.178142 
-0.655510 -0.656457 0.166925 
-0.963737 -0.169290 0.139994 
-0.108882 -0.804249 0.038771 
0.977717 -0.119380 0.119586 
0.739885 -0.102886 -0.178142 
0.607111 0.127789 -0.018922 
-0.142688 0.549533 0.139892 
0.589474 -0.181315 -0.088696 
0.456079 0.814331 -0.133211 
-0.644225 0.742002 0.034534 
-0.008473 -0.609581 -0.100170 
0.471462 -0.791720 -0.026961 
0.069832 -0.971330 0.144424 
-0.007571 0.753807 -0.177706 
0.765130 -0.439976 0.089416 
0.576177 0.001665 0.023912 
0.110280 0.615023 -0.020095 
-0.412608 -0.367871 0.086056 
0.402030 0.587992 0.047244 
0.605583 -0.194396 0.136881 
0.910527 -0.171836 -0.092211 
-0.489521 0.275135 0.099761 
-0.691327 -0.573341 0.130134 
0.851749 -0.213936 -0.178142 
-0.717343 0.570128 0.151677 
-0.876805 -0.098966 0.090038 
0.742870 0.535344 0.143563 
0.877361 -0.439876 0.129772 
-0.611109 0.151406 -0.167911 
0.278825 0.584451 -0.173970 
-0.679243 0.038774 -0.178060 
-0.422031 -0.874271 0.034964 
0.314198 -0.503545 0.006908 
-0.835118 0.402772 -0.110499 
0.404966 -0.889584 0.085240 
-0.669951 -0.294549 -0.178142 
0.356566 -0.638996 -0.178142 
0.013210 0.966310 0.017024 
0.965674 0.144208 0.026932 
0.079561 -0.915400 -0.097595 
0.525465 -0.212073 0.153439 
0.051552 0.932571 -0.068392 
0.244945 0.900593 -0.135726 
-0.491810 0.391589 0.157549 
0.013554 0.611985 0.003503 
0.101156 0.676243 -0.177488 
-0.118030 0.612512 -0.022301 
-0.724249 0.582908 -0.079492 
-0.581899 -0.468925 0.031436 
0.318581 0.536916 -0.110432 
0.815669 0.438244 -0.157453 
-0.469052 -0.492387 0.059185 
-0.891701 0.126579 0.120828 
0.090407 0.986695 0.076229 
0.019270 0.646999 0.125827 
-0.923999 -0.002686 -0.102323 
-0.541239 -0.237455 0.168217 
0.621653 0.422810 -0.178142 
0.545767 0.173084 0.028774 
0.724960 0.320427 0.031205 
0.558289 -0.626811 -0.177925 
-0.580436 0.796826 0.044491 
-0.293188 -0.642213 -0.177962 
0.334882 -0.536153 0.133261 
-0.536234 0.158468 0.082204 
-0.602735 0.157248 0.159551 
0.230023 -0.889834 -0.127103 
-0.541736 -0.812276 0.059009 
-0.479828 0.564463 -0.177675 
0.590251 0.505296 -0.177780 
-0.360138 0.507772 -0.144745 
-0.177287 0.814051 0.041812 
-0.237141 -0.530006 0.013380 
0.509780 -0.242546 0.031376 
-0.559598 -0.084393 0.029257 
0.556603 0.746459 0.161812 
-0.064730 0.633344 -0.166388 
-0.887273 0.190516 0.139518 
-0.073996 0.643393 0.123697 
-0.020442 0.566890 0.104938 
-0.592164 -0.702802 -0.119701 
-0.805754 -0.464005 0.167501 
-0.273086 0.720189 -0.177982 
-0.609549 0.756059 0.160532 
-0.867489 -0.450347 0.133470 
-0.102504 -0.942081 0.014527 
-0.871313 -0.184531 -0.176720 
0.310796 -0.528705 -0.148663 
0.886645 0.202078 0.133965 
0.771288 -0.419141 -0.177814 
0.512968 0.778126 -0.146915 
-0.230786 0.605743 0.119508 
0.318120 0.469434 0.137095 
0.522659 0.237656 0.028088 
-0.914403 -0.097489 -0.154536 
-0.330823 -0.464626 0.020011 
0.386795 -0.863523 0.012441 
-0.357815 -0.844583 -0.146980 
0.168371 -0.838554 0.064188 
-0.082268 -0.545423 0.081131 
-0.812196 -0.006599 0.037340 
-0.654703 0.665075 -0.009555 
-0.576469 -0.643710 0.073204 
-0.466047 -0.619380 0.030897 
-0.522924 0.756490 0.152385 
0.731176 0.579846 -0.056905 
0.428551 -0.369134 0.027957 
0.666406 -0.549584 0.068409 
-0.794558 0.583408 0.128877 
0.526829 -0.325590 0.160647 
0.550261 -0.634918 0.051398 
-0.772798 -0.136093 -0.178142 
0.544588 -0.287115 -0.069101 
0.338651 -0.440150 0.136710 
0.643993 -0.737473 0.087573 
-0.241705 -0.873050 -0.166876 
-0.345628 0.844009 -0.173079 
0.417885 0.787148 0.087495 
-0.924986 0.011957 -0.034619 
0.007794 -0.899656 0.137066 
-0.811708 0.492281 0.168575 
-0.332503 0.931861 0.093835 
0.729918 -0.653971 0.098439 
0.469303 0.732899 -0.178067 
-0.128557 -0.542889 0.032368 
0.807654 0.570863 0.076362 
0.018174 0.893603 0.091013 
-0.614607 0.664934 0.120115 
-0.374223 -0.408153 0.140194 
0.527525 0.838215 0.053276 
0.911513 0.180810 -0.088963 
-0.734585 -0.644481 0.112770 
-0.633120 -0.087152 -0.175369 
-0.340861 0.778157 -0.177439 
-0.561590 -0.243869 -0.033895 
-0.607168 -0.763888 0.049998 
-0.149523 -0.590949 -0.075344 
-0.605542 0.208546 0.125042 
-0.918517 0.104364 -0.121937 
0.166909 0.610924 -0.163074 
0.097768 -0.587504 0.168280 
0.569176 -0.257324 -0.163306 
-0.436876 0.516930 -0.177643 
0.392738 -0.787487 0.090264 
0.564469 -0.158840 0.014980 
0.917144 -0.327907 0.153973 
-0.088508 0.857935 0.058628 
0.723253 -0.569787 0.161268 
-0.875010 0.361912 0.168371 
0.707753 0.692589 0.086247 
0.859705 -0.330042 -0.151722 
-0.652570 0.658106 -0.153283 
0.397512 -0.815114 -0.167475 
-0.431518 0.756536 -0.177610 
0.259262 0.529729 0.165086 
-0.496259 -0.803897 0.012507 
-0.802222 0.187730 0.040776 
-0.350361 0.513714 -0.038291 
0.131642 0.840095 -0.178005 
0.262156 0.955928 0.083123 
0.755358 0.478160 0.094240 
-0.350998 -0.538990 -0.177639 
-0.344610 -0.502867 -0.068425 
0.620193 -0.136535 -0.171105 
-0.973852 0.130896 0.073675 
0.063815 0.623018 0.162883 
-0.945364 0.271430 0.125955 
-0.263917 0.911536 0.005499 
-0.539338 0.621759 0.038775 
0.862719 0.483450 0.092166 
-0.072189 0.579800 0.161224 
-0.554849 -0.709315 -0.171800 
-0.487584 0.287268 0.038516 
0.551343 -0.807904 0.103480 
-0.407053 -0.797141 0.123258 
-0.676297 0.409228 0.031320 
-0.416666 0.636373 0.031185 
-0.785034 -0.436208 -0.173986 
0.218429 -0.570224 -0.006347 
-0.543447 0.701217 0.086484 
-0.105398 -0.732965 -0.177855 
0.532257 -0.311940 -0.150199 
0.400409 0.899851 0.033564 
0.937313 -0.114453 0.005981 
-0.076958 -0.604255 -0.018755 
-0.490505 -0.365399 -0.108022 
0.367110 0.436471 0.146460 
-0.810893 0.409780 0.139368 
0.458860 0.518075 0.060406 
0.559782 0.421351 0.053813 
0.254756 -0.660379 0.043016 
0.805811 0.412650 0.117475 
0.219004 -0.622046 0.078990 
0.573355 0.525455 0.030241 
0.717225 0.096260 -0.178142 
-0.921762 -0.073238 0.164899 
-0.575887 0.730625 -0.057868 
-0.114588 -0.969148 0.111887 
0.267097 0.904815 0.163383 
-0.977044 0.084450 0.137448 
0.643485 0.129019 0.097505 
-0.627552 0.292169 -0.178142 
0.921533 0.325105 0.157535 
-0.212545 0.523974 0.129054 
0.462585 0.876039 0.086427 
0.067679 0.840125 -0.177981 
-0.398955 0.397369 0.105618 
0.465117 0.433858 0.152841 
-0.516838 -0.760307 -0.037888 
-0.587109 -0.736674 0.168702 
-0.123710 -0.857606 -0.177465 
0.383368 0.839197 -0.164619 
-0.627338 0.412192 -0.177999 
0.247308 -0.943630 0.138562 
0.211630 0.658997 0.061161 
0.657980 0.739656 0.132807 
-0.602315 -0.021521 0.167711 
0.902022 0.262941 0.167470 
-0.517940 0.265238 0.163914 
0.006734 -0.690012 0.051923 
-0.443224 0.839201 0.006113 
-0.452971 0.813918 -0.105925 
0.646315 -0.418227 0.030254 
0.927387 -0.015023 -0.087131 
-0.614621 -0.016388 -0.142533 
-0.247411 -0.809399 -0.177526 
-0.429200 -0.876046 0.120353 
0.772600 -0.572895 0.019846 
-0.244408 -0.670933 0.039471 
-0.816951 0.543012 0.034386 
0.104355 -0.601312 -0.016163 
0.083507 -0.546211 0.129520 
0.893934 -0.243814 -0.062028 
-0.734882 0.011291 -0.178096 
0.617148 -0.055064 -0.145775 
-0.859231 -0.333608 -0.064634 
0.485115 -0.759524 0.137182 
-0.740969 0.228763 0.030448 
-0.727776 0.515251 0.095542 
0.442594 -0.778333 -0.174527 
-0.207455 0.703265 0.037834 
0.373037 0.723967 0.034811 
0.416899 0.464485 -0.104458 
0.935129 -0.234998 0.163652 
-0.190773 -0.956676 0.121353 
0.604381 -0.283075 0.075684 
0.537165 -0.372215 -0.178142 
0.459578 -0.533890 0.045288 
-0.156236 0.603903 -0.095078 
-0.353475 -0.823488 0.126902 
-0.560406 -0.353442 -0.178142 
-0.735069 0.649983 0.032564 
0.481652 0.630188 -0.177829 
-0.593951 -0.593011 0.052285 
0.118491 -0.680448 0.051510 
0.925214 -0.059542 -0.124030 
-0.857619 -0.059503 -0.178142 
-0.091086 -0.684109 0.051729 
0.457376 0.335688 0.043482 
0.883022 -0.083128 -0.178142 
0.294086 -0.870846 -0.136304 
-0.555719 0.049486 0.077483 
-0.505888 0.357481 -0.033262 
0.521854 -0.779921 0.006532 
-0.001681 -0.918047 -0.137073 
0.672059 -0.631258 -0.129022 
-0.374590 0.627279 -0.177542 
-0.596464 0.787784 0.102863 
0.685342 -0.699595 0.134304 
-0.331148 0.551262 -0.173103 
-0.876477 0.302148 -0.058739 
0.539905 0.812466 0.161245 
-0.324522 -0.900733 0.021353 
-0.716261 -0.175880 -0.178142 
-0.266435 0.671371 0.041961 
0.614155 0.099682 0.162929 
0.733631 0.654122 0.148293 
-0.129028 0.708728 0.043137 
0.629722 0.238734 0.075445 
0.282501 0.807359 0.053117 
-0.084657 0.810691 -0.178142 
0.687488 0.016397 0.060361 
-0.819715 -0.088962 0.042355 
-0.486238 -0.338959 0.006870 
0.828547 0.308829 0.082325 
0.836916 -0.400484 -0.010183 
0.267109 0.564503 -0.117314 
0.532171 -0.446871 0.051490 
-0.860365 0.297600 0.145167 
-0.364214 0.479988 0.007873 
-0.894116 0.211449 -0.159563 
0.828339 -0.400659 0.159914 
-0.269512 0.561264 -0.134526 
-0.505172 -0.414251 0.087197 
-0.235180 -0.749551 0.032184 
-0.273840 -0.581366 0.101979 
0.033097 0.623536 -0.104350 
0.766784 -0.511486 -0.145124 
0.320813 0.877789 -0.037067 
0.768875 0.145866 0.030681 
-0.582624 0.205096 -0.098244 
-0.346206 -0.786820 -0.177486 
0.178351 -0.895712 -0.159282 
-0.829002 -0.402748 -0.047908 
-0.511972 -0.504478 -0.178142 
-0.778948 -0.489541 -0.114898 
0.288045 -0.474166 0.072156 
0.658698 -0.256234 0.045807 
-0.608695 -0.092051 0.162414 
-0.528749 0.785422 0.005154 
-0.214137 0.771213 0.032214 
-0.382101 -0.438953 0.013065 
-0.930910 -0.304341 0.075781 
0.086774 -0.884379 -0.176997 
-0.700423 -0.596861 -0.039741 
0.176198 -0.671252 -0.177708 
-0.407735 0.441699 0.168382 
-0.282329 0.844873 0.088737 
0.837112 -0.012389 0.045997 
0.279933 -0.649659 -0.177817 
0.710995 0.574097 -0.172007 
-0.686268 0.396614 -0.178142 
0.156135 0.915746 -0.156599 
-0.203816 -0.574279 -0.035097 
-0.735419 0.004719 0.034466 
0.761006 0.369897 -0.178000 
0.596608 0.641272 0.070674 
0.211649 -0.523903 0.157280 
-0.367481 -0.544544 0.080765 
0.753620 -0.253317 0.032527 
0.764745 -0.048349 -0.178142 
-0.737249 -0.549358 -0.135787 
0.354670 0.853837 0.156462 
-0.126470 0.630568 -0.172243 
-0.776149 0.509056 -0.106783 
0.207338 -0.875045 0.136101 
-0.538298 0.178140 0.030509 
-0.562753 -0.594533 -0.177616 
-0.326873 -0.630213 0.041401 
-0.116825 -0.627155 -0.175753 
-0.843593 -0.360415 0.160111 
-0.555712 -0.031190 0.106688 
0.796760 0.230884 -0.178142 
-0.715311 0.583970 -0.157838 
-0.380636 0.683276 0.030524 
0.538296 0.170334 0.137621 
0.919522 -0.304970 0.023898 
0.426362 -0.567908 -0.177878 
-0.697149 -0.318939 0.030245 
-0.395740 0.586086 0.049056 
0.014006 -0.654022 -0.178123 
0.816464 -0.431817 -0.059424 
0.856991 -0.118093 0.065528 
0.784144 0.086937 -0.178142 
0.153183 -0.603743 0.152067 
0.905638 0.220154 -0.014061 
0.593596 0.690615 -0.173920 
-0.172773 0.973517 0.142343 
-0.297797 -0.867988 -0.142384 
0.807698 -0.556279 0.124136 
-0.169012 -0.525623 0.132675 
0.315089 -0.924900 0.085124 
0.854839 0.126625 0.063057 
-0.452338 -0.731966 0.069366 
0.394485 -0.439513 0.009464 
0.650699 0.670489 0.163209 
0.523160 -0.757814 -0.111559 
0.472637 0.406305 -0.137208 
-0.790416 -0.568160 0.037076 
0.982404 -0.067500 0.103426 
0.041467 0.805317 0.033155 
0.859237 0.357451 -0.127433 
0.240780 0.588946 0.153858 
0.525416 -0.366915 0.116270 
0.674296 -0.156249 -0.178142 
0.709233 -0.526343 -0.178142 
0.739368 0.283213 -0.177884 
0.798762 -0.224932 0.043349 
-0.330285 -0.754010 0.043747 
-0.683135 0.631779 -0.047142 
0.507251 0.541103 0.035301 
0.206337 0.729151 -0.177716 
0.922670 0.115158 -0.029743 
0.389224 -0.896055 0.137337 
0.660427 0.385039 -0.177779 
-0.404212 0.839107 -0.134512 
0.665831 -0.192485 0.054512 
0.565880 0.404629 -0.178142 
0.343442 -0.506715 -0.079689 
-0.495165 -0.255002 0.041601 
-0.061686 -0.974316 0.102641 
0.924161 0.349033 0.060772 
0.867067 0.340612 -0.020780 
0.846421 -0.349992 0.156212 
-0.682274 0.642243 0.166421 
0.960799 0.030989 0.017271 
0.765161 -0.492420 0.150761 
0.927213 -0.216962 0.012463 
-0.474401 -0.328525 0.161630 
0.309594 0.940575 0.139537 
0.268111 -0.743917 -0.177947 
0.588172 -0.484353 -0.178142 
-0.278144 0.506627 0.157428 
0.177632 -0.583837 -0.038292 
-0.800099 -0.561278 0.120701 
0.817279 0.173102 -0.178142 
0.321530 0.616559 -0.177524 
-0.652872 -0.514284 0.046831 
0.626282 -0.518447 0.037844 
0.680692 0.584180 0.098060 
-0.145073 0.901930 0.137282 
-0.684376 -0.092475 0.054275 
0.515854 0.716899 0.077742 
-0.219920 0.857807 -0.178142 
0.674309 -0.224493 -0.178142 
0.266518 -0.880349 -0.085094 
-0.929381 0.101303 0.167046 
-0.098095 -0.913948 -0.049037 
-0.921854 -0.057565 -0.110661 
0.578948 -0.690869 0.134485 
0.980976 0.012791 0.148257 
0.125123 -0.596958 -0.070907 
-0.785204 0.402240 0.084082 
-0.473416 0.455147 -0.177900 
0.854026 -0.357954 -0.046663 
0.549967 0.755635 -0.022567 
0.367945 -0.623121 0.037187 
-0.759760 0.629215 0.082459 
0.717660 -0.428284 -0.177540 
-0.019913 0.990151 0.109455 
0.130754 0.754860 -0.177743 
-0.733114 -0.247398 -0.178142 
-0.961079 0.099817 0.023180 
0.292730 0.619994 0.066622 
-0.609837 -0.688048 -0.069238 
-0.607118 0.106624 -0.131295 
0.597845 0.679244 0.113310 
0.356837 0.615085 0.048205 
-0.009035 -0.571488 0.019155 
0.170041 -0.617207 -0.176787 
0.609891 0.171382 0.151610 
0.022646 0.803912 -0.177862 
-0.168282 0.648414 0.082375 
-0.505936 0.362201 -0.153555 
-0.506886 0.848944 0.091582 
-0.324609 -0.859942 -0.046002 
-0.380366 0.491852 -0.079212 
-0.979967 0.028598 0.047028 
0.248213 -0.935879 0.029604 
-0.887326 -0.249561 0.163780 
0.976917 0.135877 0.120550 
-0.922824 0.045158 -0.124027 
-0.550653 -0.076568 0.080446 
-0.816552 0.054659 0.039173 
-0.198522 -0.595201 0.139878 
0.022326 0.584154 0.161106 
-0.110426 -0.540984 0.125188 
-0.634987 0.042861 0.130549 
-0.066182 -0.774807 0.031068 
-0.464527 -0.774614 -0.169836 
-0.162309 -0.750926 0.030492 
-0.553522 0.710146 -0.175983 
-0.058714 0.576176 0.024380 
-0.393089 -0.723671 -0.177598 
-0.438872 -0.455148 0.128066 
0.524783 -0.320351 -0.026269 
-0.276053 -0.885830 0.167458 
0.590859 -0.248640 0.119628 
0.216186 0.524167 0.125365 
0.076259 -0.771817 0.030912 
-0.858975 0.004854 0.063171 
0.769350 0.470053 -0.174699 
-0.163731 -0.880094 0.125106 
-0.568885 -0.135933 0.167791 
0.882205 0.294438 -0.114799 
0.500914 0.338124 0.007597 
0.897645 0.078251 0.113315 
-0.718017 0.515002 -0.177444 
-0.039294 0.932603 -0.111376 
0.376991 -0.502644 -0.170202 
0.334278 -0.825652 -0.176333 
-0.370379 -0.902275 0.134477 
-0.610981 0.700897 -0.114660 
-0.589064 -0.191046 -0.160596 
0.819229 -0.426641 -0.134688 
0.851915 0.475705 0.159005 
0.373900 0.526863 0.129030 
-0.475812 0.301452 0.142246 
0.194294 0.946893 0.165949 
-0.693119 0.147052 -0.178142 
-0.402710 -0.541617 -0.178059 
0.584329 0.799751 0.077953 
-0.830867 -0.515173 0.069022 
-0.006406 0.963468 0.167003 
0.920566 -0.099102 0.163170 
-0.529821 -0.819496 0.129995 
-0.670468 -0.629432 -0.076229 
-0.435364 0.383554 0.020515 
-0.608891 0.709274 -0.010209 
0.287024 -0.622265 0.055866 
0.259540 0.645102 -0.177523 
0.202845 0.911473 -0.108024 
0.472256 -0.391802 -0.129164 
0.656659 -0.719233 0.034135 
-0.892678 -0.237262 -0.014993 
-0.451191 -0.320154 0.115072 
-0.877877 -0.283756 -0.031628 
0.676269 -0.087340 0.064262 
-0.960984 -0.191449 0.084289 
-0.526344 -0.175811 0.088070 
-0.550828 -0.735325 -0.127681 
-0.392040 0.903700 0.036277 
-0.129488 0.550826 0.078005 
-0.854102 0.108149 0.064168 
-0.433161 -0.812497 0.164661 
-0.764146 0.244082 -0.177792 
-0.454366 0.445039 0.147425 
0.648565 0.326576 -0.177627 
0.489623 -0.700539 0.061950 
-0.738838 -0.370345 -0.178142 
0.381311 -0.701191 -0.178142 
0.123047 0.669844 0.071027 
-0.252670 -0.599801 -0.178133 
0.246887 -0.805183 0.053994 
0.910851 -0.368730 0.092720 
-0.516182 0.220475 0.139349 
-0.859661 0.345217 -0.132716 
0.672061 0.091253 0.069258 
-0.453046 0.474241 0.098645 
-0.031337 0.868636 -0.178064 
-0.158785 0.553087 0.028471 
0.306384 -0.529231 -0.039103 
-0.880069 -0.427505 0.075861 
-0.415565 0.783716 0.084731 
-0.350299 0.880134 0.167704 
0.728952 -0.223163 -0.178142 
0.080244 -0.637397 -0.176232 
0.201801 -0.517475 0.045454 
0.660485 -0.359654 0.031315 
0.592006 -0.779447 0.070912 
0.726482 -0.461716 0.064824 
0.435948 0.487767 0.106496 
-0.963239 -0.132241 0.030120 
0.610040 -0.379658 -0.178019 
-0.812391 0.557979 0.088931 
-0.388706 -0.618001 -0.177888 
-0.541609 -0.680530 0.078951 
0.452121 -0.802554 -0.072388 
0.620207 0.771783 0.102019 
-0.302826 0.881249 -0.140833 
0.330103 -0.870894 0.001203 
0.588114 -0.191196 -0.147188 
-0.911006 0.144822 -0.151229 
-0.160284 -0.904651 -0.079872 
-0.884472 -0.173381 0.129851 
-0.533996 0.312758 -0.054887 
-0.182717 -0.542351 0.018520 
0.473772 0.854259 0.160262 
-0.614419 0.240661 0.087222 
0.824149 0.434419 -0.090885 
0.329475 -0.719936 0.032952 
-0.048409 -0.832809 -0.177565 
0.967700 0.191437 0.120500 
0.913352 0.021609 -0.167489 
0.429749 -0.352679 0.122960 
-0.611671 -0.214111 0.098008 
-0.400861 -0.826957 -0.054741 
-0.193768 0.592729 -0.063584 
-0.628965 -0.424874 -0.178142 
-0.687594 0.455158 -0.177890 
0.438084 0.380166 0.023302 
0.054802 0.579312 0.022834 
0.144708 -0.964400 0.139370 
-0.371266 -0.495948 0.155544 
0.472529 -0.391480 -0.077718 
-0.546437 -0.164106 0.022462 
0.290168 0.540200 0.002935 
-0.219685 -0.506361 0.071005 
-0.198775 -0.545530 0.167549 
-0.904640 0.265695 0.005828 
0.470036 -0.443753 0.102014 
0.130262 -0.909723 -0.088393 
0.384439 -0.815421 0.139790 
-0.052027 0.933464 0.161007 
-0.285995 -0.524914 0.168394 
0.369154 -0.414865 0.078158 
-0.772654 -0.449498 0.116180 
-0.046071 0.622825 -0.121486 
-0.264103 -0.548956 -0.095806 
-0.421224 -0.584303 0.037597 
-0.324463 0.926878 0.152771 
-0.652271 0.452694 0.031818 
0.347771 0.916645 0.029311 
-0.614686 -0.005681 -0.053383 
0.492084 -0.279459 0.153859 
-0.411676 0.899042 0.109565 
-0.889091 -0.322884 0.167995 
0.397197 0.546837 -0.177465 
0.483657 -0.409579 0.135185 
-0.659964 -0.399114 0.030542 
-0.203489 -0.894659 -0.144153 
0.315400 -0.879452 0.167263 
-0.061567 -0.683864 -0.178022 
-0.112429 0.981695 0.144009 
-0.589000 -0.200120 0.155326 
0.873414 -0.415625 0.023604 
0.623495 -0.744003 0.153745 
0.550059 -0.115265 0.042150 
-0.009755 -0.864384 -0.177471 
0.179340 0.949166 0.015684 
-0.006023 -0.834588 0.049737 
0.558166 0.711827 0.111403 
-0.620142 -0.324586 -0.178142 
0.599772 -0.694299 -0.156141 
0.579352 0.225584 -0.118214 
-0.470198 -0.723898 -0.177475 
-0.271864 0.494764 0.060327 
-0.947519 -0.019472 0.011169 
0.737899 -0.554614 -0.090304 
0.075122 -0.868448 0.081471 
0.465095 -0.580923 0.032294 
-0.603112 -0.117940 -0.145617 
0.386736 -0.505036 0.121441 
0.566462 -0.784455 0.026482 
-0.053246 0.771713 -0.177937 
-0.484030 0.387870 -0.064972 
0.510321 -0.833891 0.110451 
0.971920 -0.155233 0.082975 
-0.809337 -0.512757 0.163680 
-0.972515 -0.121347 0.134689 
0.087518 0.930634 -0.028527 
0.503396 0.254810 0.078642 
0.087055 -0.704103 -0.178081 
-0.975489 -0.079488 0.042587 
0.430401 -0.835342 0.169037 
-0.041592 -0.630799 0.125819 
-0.605931 0.113283 -0.065817 
-0.768497 0.354002 0.051610 
0.439703 -0.447659 0.149704 
-0.309963 0.642830 0.045809 
-0.545367 0.544340 -0.177798 
0.185406 -0.732447 0.030758 
0.980575 0.070787 0.037909 
0.811680 0.492513 0.006586 
0.339351 0.831323 0.097560 
0.861029 -0.126471 -0.178142 
-0.021128 -0.975177 0.130871 
0.185954 -0.900833 -0.034683 
0.309321 0.474882 0.089639 
-0.490634 0.614859 -0.177816 
-0.842596 -0.372047 -0.098222 
0.251474 -0.800620 -0.177801 
-0.608236 0.700110 0.161027 
0.671503 0.727728 0.062654 
0.567340 0.193795 0.168582 
-0.215685 0.908017 -0.084206 
-0.610539 -0.067112 -0.137480 
-0.345425 -0.861512 0.166890 
0.327509 0.714061 -0.177803 
0.662104 0.161472 0.066769 
-0.682692 0.619616 -0.155020 
0.357964 0.800285 -0.178086 
-0.061769 -0.607608 -0.148318 
-0.549148 -0.298840 -0.168171 
0.950979 0.189812 0.020893 
-0.613206 0.207644 -0.176430 
-0.110686 0.894475 0.104248 
0.727819 -0.584193 -0.000009 
-0.903762 0.199114 -0.048732 
-0.212902 0.967012 0.060718 
0.538826 0.312011 -0.059122 
-0.302404 -0.670894 0.033304 
-0.161651 -0.886508 -0.170982 
-0.362040 0.859561 -0.042848 
-0.859086 0.083737 -0.177688 
-0.667025 -0.568035 0.086154 
0.240695 0.513045 0.068491 
0.870255 0.142292 -0.178142 
-0.702875 0.167763 0.039073 
0.484589 -0.275025 0.056153 
-0.502729 -0.760394 0.157062 
-0.044825 0.681473 -0.177720 
-0.308804 -0.864869 -0.091001 
-0.293108 0.944942 0.117816 
0.388264 0.850093 -0.053618 
-0.433188 -0.809902 -0.109364 
-0.493813 -0.708260 0.072371 
-0.369868 0.425455 0.079593 
-0.513585 -0.761478 -0.112343 
-0.756984 0.590896 0.015982 
0.040068 0.757341 -0.177719 
0.492742 -0.778401 -0.079257 
-0.406947 -0.454386 -0.121080 
0.844767 -0.447092 0.163901 
0.793324 -0.190418 -0.178142 
-0.182345 0.596130 -0.134244 
0.639539 0.728631 0.019480 
0.705663 -0.344437 0.031158 
0.286770 0.845893 0.090035 
0.363004 0.677550 0.030851 
0.512995 0.452067 0.067258 
0.462678 0.504056 -0.177491 
0.548090 0.621949 -0.177940 
0.274516 0.948847 0.037745 
-0.260326 0.949442 0.033970 
0.639727 -0.670881 -0.008526 
0.303573 0.883010 -0.098586 
-0.168806 0.871438 -0.178142 
-0.797704 0.458141 -0.157752 
-0.018622 -0.975472 0.082858 
-0.726672 -0.556148 0.159669 
0.826507 -0.169620 0.050392 
0.646988 -0.641804 0.149641 
0.553950 -0.083787 0.126806 
-0.559612 -0.400808 -0.178142 
-0.847796 0.502738 0.057931 
0.560219 -0.770231 0.166840 
0.610177 0.763325 0.158999 
-0.072236 0.675867 0.072076 
-0.553925 0.120307 0.153432 
0.100308 0.821892 0.039205 
-0.567339 0.651322 -0.178057 
0.758011 -0.041709 0.031059 
0.784580 -0.126836 0.032252 
-0.208730 -0.952879 0.077809 
-0.749033 0.473716 0.088242 
-0.751855 0.545414 -0.089016 
0.714846 0.379685 -0.177884 
-0.065189 -0.655062 0.078584 
-0.245086 0.873357 0.118034 
0.812932 -0.327739 0.079585 
-0.959167 0.213233 0.050500 
-0.638260 -0.606851 -0.178000 
-0.031417 -0.913239 0.159211 
0.070482 -0.606079 -0.117316 
0.887041 -0.262636 -0.122500 
0.868549 -0.456963 0.086885 
0.258859 -0.595728 -0.177771 
-0.612331 -0.051118 -0.037231 
0.316007 0.891227 0.166273 
0.348325 -0.773511 -0.178142 
0.857950 -0.346704 -0.100978 
-0.301828 -0.462867 0.067037 
-0.699792 0.089608 0.046275 
-0.784129 0.510178 -0.002757 
-0.193093 -0.906174 -0.001812 
-0.320340 -0.921693 0.071659 
0.902532 0.289435 0.006736 
-0.044027 0.797355 0.031741 
-0.597240 0.025081 0.168857 
0.877985 0.252394 -0.170883 
-0.806185 -0.234587 -0.178142 
0.081454 0.561340 0.092597 
-0.707105 -0.619604 0.008729 
-0.318946 0.883135 -0.003928 
-0.571990 -0.720103 -0.028382 
-0.531692 0.238960 0.017627 
-0.263415 0.799416 0.045926 
0.104857 0.576530 0.163343 
0.453384 0.634323 0.030267 
-0.476844 -0.785827 -0.041915 
0.674985 0.518219 -0.178142 
0.510220 0.357326 -0.094320 
0.685743 0.295175 0.033654 
0.085957 0.720393 -0.177617 
0.683557 0.637325 0.162386 
-0.634037 0.017933 -0.172691 
0.136052 -0.959127 0.030601 
0.584090 -0.197874 -0.015573 
-0.930528 -0.240420 0.021138 
0.884835 -0.094564 0.094956 
-0.296952 -0.465937 0.114097 
-0.649839 0.514858 -0.178008 
-0.586715 0.576809 -0.177671 
0.862070 0.176401 0.078088 
0.420822 0.844696 -0.000110 
-0.307797 -0.567053 -0.177863 
-0.513915 -0.211742 0.140629 
-0.708044 0.294601 -0.178142 
0.099480 0.927234 -0.143716 
0.563451 -0.578084 0.036283 
-0.433195 0.829651 0.163142 
-0.767654 -0.299026 0.042837 
-0.092763 0.929429 -0.064977 
0.866766 0.403263 0.011760 
0.706690 -0.551173 0.115009 
-0.518919 0.667072 0.048947 
0.850028 0.380600 -0.079664 
-0.905725 -0.324605 0.022488 
0.523782 -0.445719 -0.178142 
0.889168 -0.151306 0.119770 
-0.441136 0.583144 0.037821 
-0.427548 -0.355543 0.042810 
-0.216737 0.686701 -0.177699 
-0.784081 0.363367 -0.178142 
0.483728 0.456220 -0.177433 
-0.755987 -0.526058 -0.028241 
0.723877 -0.658761 0.049029 
0.192168 0.872119 0.089916 
-0.032214 -0.550611 0.056048 
0.177981 0.828063 -0.177993 
-0.351045 0.781267 0.054957 
-0.588087 0.533389 0.031601 
0.631554 -0.033491 0.149816 
0.917151 -0.136749 -0.053130 
-0.145721 -0.657057 0.064052 
0.044418 -0.917279 -0.137721 
0.556599 0.344824 0.104198 
-0.122109 0.583632 0.167906 
-0.837957 -0.290123 0.098913 
0.939208 0.235987 0.020929 
0.031010 -0.777456 -0.177739 
0.206711 -0.938493 0.159657 
0.906887 0.147398 0.154465 
0.106117 -0.752653 -0.178073 
-0.483268 0.863057 0.054719 
0.455874 -0.819570 0.006098 
-0.513035 0.777838 -0.040156 
-0.643296 -0.241578 -0.178142 
-0.450042 0.718460 0.050150 
0.181083 -0.610451 0.116267 
-0.820285 0.187764 -0.178089 
0.509312 -0.535596 -0.178142 
-0.554785 0.818004 0.080862 
-0.515661 -0.328575 -0.026698 
0.239128 0.873053 0.111560 
-0.872172 0.424908 0.023863 
0.933362 -0.285201 0.151324 
0.531954 -0.498915 0.035883 
-0.535377 0.355377 0.124010 
0.568327 -0.725859 -0.059702 
0.408632 0.392410 0.112606 
-0.570361 0.309820 -0.175492 
-0.030532 0.952681 0.007942 
0.176919 -0.639220 0.074701 
0.307450 0.559107 0.151595 
0.808360 0.520104 0.166973 
-0.251895 0.564128 -0.001249 
-0.679809 -0.144877 -0.178142 
0.285963 -0.562319 0.136124 
0.944796 0.287432 0.077859 
0.052073 0.988812 0.048117 
0.289877 0.887176 -0.141834 
-0.118081 -0.946577 0.165111 
0.090111 -0.640239 0.095723 
0.603587 -0.549510 -0.178142 
-0.661923 -0.131840 0.066109 
-0.434427 -0.425566 0.164105 
0.747018 0.009831 0.033059 
0.649280 0.391035 0.031652 
0.668330 0.667798 0.001605 
-0.390333 -0.663754 0.030573 
-0.918040 0.162872 -0.002817 
-0.241090 0.901156 -0.032242 
0.737516 -0.527512 0.143268 
-0.837515 -0.399887 -0.003000 
-0.885485 0.031024 0.094287 
0.684005 -0.468317 -0.178142 
-0.485261 0.555628 0.035654 
0.825990 -0.517167 0.032510 
-0.395765 0.844801 -0.016608 
0.714895 -0.082612 0.040915 
-0.466344 -0.393596 0.163848 
-0.068236 -0.581364 0.168647 
-0.715543 0.331717 0.031205 
0.601747 0.153371 -0.055715 
-0.165276 0.724981 -0.178142 
0.565126 0.742146 -0.139374 
-0.206473 -0.638618 0.065534 
-0.806612 -0.179238 0.043396 
-0.835929 0.207135 0.063505 
0.541819 0.307251 -0.135205 
0.243549 0.575375 -0.022161 
-0.115673 -0.598054 -0.040794 
0.200430 0.724481 0.033203 
-0.557556 0.267074 -0.137579 
-0.363100 -0.799416 0.090178 
-0.673669 0.721860 0.113206 
0.540017 -0.195782 0.022318 
0.738113 -0.180798 0.030942 
0.983759 0.064347 0.093747 
0.507093 0.565227 -0.177725 
-0.477886 -0.621004 -0.177722 
0.298778 -0.466797 0.128559 
-0.791210 -0.479999 -0.007247 
0.763988 0.615023 0.153900 
-0.304486 0.542799 -0.008176 
0.451410 0.364705 0.160166 
0.744133 0.653400 0.096205 
-0.516976 0.401605 0.099445 
-0.406316 -0.487289 0.120478 
0.615298 0.113849 -0.157765 
0.949788 -0.192854 0.160418 
0.628379 0.687443 -0.145989 
0.589451 0.196344 -0.054575 
-0.565572 0.754704 0.168432 
0.919091 0.136765 -0.111270 
-0.495674 -0.366742 -0.155845 
0.390746 -0.471683 -0.071173 
0.892054 0.426038 0.060026 
-0.105188 -0.581377 0.007094 
0.188682 -0.843673 -0.177973 
-0.440162 0.584823 -0.177674 
0.237350 -0.901942 0.002808 
0.696298 -0.569253 -0.173488 
-0.630559 0.631507 0.095312 
-0.905403 0.154835 0.159106 
-0.666042 -0.608191 0.141583 
-0.892264 -0.062507 0.110421 
-0.817988 -0.418158 -0.148395 
-0.461810 0.692161 -0.177973 
0.270369 0.736542 0.030531 
-0.977275 -0.078439 0.094885 
-0.919372 -0.195179 0.006578 
0.498757 -0.366757 0.160257 
0.365498 -0.844543 -0.070775 
-0.720240 0.674578 0.066508 
-0.622787 0.118906 0.142250 
0.432972 -0.768955 0.093666 
0.722718 0.605904 0.000420 
0.409443 -0.747325 0.060548 
0.853911 0.027405 0.056200 
0.506826 0.777264 0.159135 
0.074424 0.722531 0.040690 
-0.826911 0.444559 0.168113 
0.634332 0.066626 0.141377 
0.569310 0.251641 -0.059340 
0.706321 0.415359 0.037158 
0.936734 0.314009 0.116542 
-0.821484 -0.359814 0.121802 
-0.065688 0.620613 -0.055840 
0.472083 -0.844278 0.157359 
-0.554810 -0.565799 0.033245 
-0.168595 0.642710 -0.177601 
-0.219925 0.520612 0.062136 
0.926738 0.070961 -0.052263 
-0.518237 0.425533 -0.178142 
-0.252634 0.653563 -0.177990 
0.289594 -0.817212 0.074979 
-0.643166 0.671671 -0.107196 
0.950750 0.068373 0.168406 
-0.852347 0.487539 0.145058 
0.409925 0.470392 -0.057878 
0.496923 0.315408 0.164805 
0.917327 0.149432 -0.058655 
-0.223507 0.581548 -0.033133 
-0.925866 -0.107906 -0.001222 
-0.688656 -0.490237 0.055446 
-0.463133 0.640199 0.031087 
-0.469229 -0.390405 -0.010227 
-0.547116 -0.471457 -0.178142 
-0.514733 -0.207690 0.060062 
-0.373259 0.681805 -0.177676 
0.601316 -0.140472 -0.077825 
0.413201 0.422739 0.016462 
-0.686970 -0.065867 -0.178142 
0.681428 0.511869 0.052162 
0.566445 -0.219440 0.167077 
0.575208 0.285612 0.133765 
-0.175105 0.816873 -0.178142 
0.139872 -0.534325 0.061175 
-0.159523 -0.841727 0.066096 
0.969959 -0.161378 0.137653 
0.158024 0.897904 0.129348 
0.613432 -0.351558 0.045098 
-0.024280 0.647985 0.121963 
-0.187473 0.617749 0.127622 
0.152127 0.606248 -0.036776 
0.355298 0.513203 -0.109685 
-0.306534 -0.588296 0.073802 
-0.091417 -0.971431 0.070727 
0.563178 0.237713 0.002216 
0.062057 0.656725 -0.177413 
-0.003100 -0.552224 0.137821 
0.802076 0.239825 0.044795 
-0.037742 -0.910684 -0.160594 
-0.150401 -0.800431 -0.177626 
-0.559449 0.079738 0.031661 
0.637765 -0.092663 0.116191 
0.087579 0.945852 0.165303 
0.050570 0.678858 0.071507 
-0.798773 0.313825 -0.178142 
-0.310941 -0.524001 -0.050505 
-0.767262 0.606400 0.153888 
-0.475122 0.377928 0.003651 
0.744977 -0.406897 0.055285 
-0.853769 -0.314204 -0.166684 
0.174306 -0.925990 0.010468 
0.037001 -0.608422 -0.022922 
0.775494 0.512358 -0.149353 
0.149162 -0.591917 -0.006411 
0.554027 0.122291 0.034908 
-0.522494 -0.340961 0.151540 
-0.935735 -0.270814 0.146869 
-0.270334 -0.850281 0.117474 
-0.587092 0.190087 -0.138767 
-0.561213 0.499929 -0.178023 
0.546025 -0.747363 -0.008939 
-0.831287 0.412206 -0.068328 
0.709229 0.570915 0.127903 
0.269351 -0.548454 -0.027397 
0.121661 0.854301 0.058479 
-0.709494 -0.585216 -0.089994 
0.103757 -0.951474 0.162630 
-0.137915 -0.602578 0.156455 
0.904736 -0.017803 0.126094 
0.692139 -0.610613 -0.096767 
-0.883680 0.123408 -0.177001 
0.490707 0.398330 0.156999 
0.423133 -0.360196 0.069892 
-0.372510 -0.887105 0.024430 
-0.431274 0.361117 0.080974 
-0.838920 0.385457 -0.153200 
0.669370 -0.635511 -0.042030 
0.298421 0.551830 -0.152227 
-0.620514 -0.752757 0.133711 
-0.550729 0.092044 0.072215 
-0.700294 -0.665306 0.157018 
-0.971593 0.146354 0.122367 
-0.658387 0.002447 0.086050 
0.337188 0.554857 0.120096 
-0.743935 0.523553 0.139170 
0.617905 -0.713041 0.009026 
-0.823899 -0.140817 -0.178142 
0.573071 -0.287770 0.117625 
-0.616773 -0.495570 0.032907 
0.109196 -0.891471 0.131575 
-0.627476 0.067480 -0.170023 
0.624864 -0.180868 0.100962 
-0.643073 0.088114 0.101913 
0.635598 0.215703 -0.178142 
-0.525715 -0.368084 0.106295 
0.925013 0.065793 -0.148204 
0.791901 0.393198 0.081838 
-0.671312 0.511276 0.049005 
-0.097149 -0.911443 -0.148614 
0.265778 0.790343 -0.177953 
0.938988 -0.289944 0.109070 
-0.390817 -0.730324 0.046120 
0.611051 -0.087265 0.164160 
-0.409108 -0.841508 0.006430 
-0.226213 0.963437 0.113382 
0.884792 0.100667 -0.177939 
-0.379709 0.473949 0.168363 
-0.420219 0.457453 -0.082883 
0.625698 -0.463978 -0.178142 
0.618756 0.024310 -0.122829 
0.288572 -0.557583 -0.170896 
0.805371 0.564322 0.034245 
0.851081 -0.167937 -0.178142 
0.352874 -0.482046 0.004710 
0.088970 -0.560788 0.022440 
-0.924185 0.332737 0.043030 
-0.556231 -0.430913 0.044869 
0.803429 0.472463 -0.081244 
-0.754675 -0.526410 -0.100275 
-0.325234 -0.517993 -0.146558 
-0.343360 -0.432800 0.124309 
-0.268847 -0.717806 -0.177775 
0.067642 -0.916679 -0.056756 
-0.678352 -0.702283 0.072965 
-0.391398 -0.389836 0.056465 
0.099707 0.616898 -0.061191 
-0.537175 -0.292471 -0.032831 
-0.789092 -0.275882 -0.178142 
0.403441 -0.471002 -0.160139 
0.796132 -0.468632 -0.065059 
0.069001 0.883293 0.080640 
0.625902 -0.676732 -0.107308 
0.111240 -0.849751 -0.178051 
0.423922 0.821742 -0.162496 
0.577356 0.578469 0.036079 
0.854350 0.489912 0.036309 
-0.925778 0.332420 0.108371 
0.444506 -0.856690 0.025253 
-0.581161 -0.137715 0.005562 
-0.679001 -0.657438 0.012358 
-0.171560 0.919663 0.165129 
0.694800 0.225218 -0.178142 
-0.473674 -0.289362 0.139676 
-0.257700 -0.488917 0.089554 
0.382157 0.765571 -0.178021 
-0.581852 -0.193174 -0.043994 
0.533017 0.321534 -0.014398 
0.717959 -0.622023 0.167313 
-0.414450 0.453238 -0.000056 
0.239170 -0.767702 0.036152 
-0.063327 -0.870195 0.082876 
-0.533719 -0.298271 -0.117218 
-0.570056 -0.261207 -0.169900 
-0.320741 -0.867462 -0.004330 
-0.282242 -0.930070 0.145149 
0.344047 0.882848 0.002941 
-0.976594 0.023391 0.148001 
0.015747 0.933472 -0.096963 
-0.615286 -0.484381 -0.178142 
0.150979 -0.889265 0.144816 
0.703538 0.136031 -0.178142 
0.288252 -0.587138 0.087019 
-0.932511 -0.174269 0.167708 
0.604972 0.776568 0.031918 
-0.976477 -0.026484 0.147323 
-0.650562 0.740363 0.142963 
0.266252 0.665849 0.045069 
-0.799506 -0.457831 -0.045964 
-0.078519 0.766956 0.030685 
0.371780 -0.413354 0.132610 
0.759968 0.594357 0.015818 
-0.653789 -0.180524 -0.178142 
0.344711 0.491298 0.011028 
-0.767891 -0.330313 -0.178142 
-0.083851 0.912290 0.143859 
-0.332281 -0.507623 0.165486 
-0.229210 -0.938367 0.155574 
0.553451 0.525225 -0.177736 
-0.713925 0.378732 0.034773 
-0.154112 -0.953511 0.027496 
-0.304714 -0.760910 -0.177609 
-0.618532 -0.675106 0.161162 
0.039036 -0.752788 0.030854 
-0.391191 -0.820088 0.154382 
-0.347021 -0.745041 -0.177602 
-0.638577 -0.647122 -0.164726 
-0.896696 -0.390661 0.102592 
-0.550346 -0.307283 0.138029 
0.446346 -0.501766 0.068466 
-0.907899 0.024128 0.147692 
-0.173923 0.968886 0.032461 
0.002214 0.865324 0.060504 
0.732069 0.367206 0.037165 
0.688808 0.629897 -0.069668 
0.613601 0.088480 -0.038507 
