0.901444 0.316804 0.023977 
-0.927338 -0.349601 0.018103 
-0.348068 0.915393 0.012441 
0.324512 -0.941678 0.028192 
0.409460 0.891281 0.023772 
0.883893 -0.437397 -0.009649 
-0.889139 0.396997 -0.021492 
-0.423993 -0.903043 0.008562 
0.719094 0.657305 -0.021130 
0.972286 -0.059615 -0.029802 
0.651878 -0.743428 -0.019471 
0.034647 0.969999 -0.001106 
-0.675575 0.710941 0.020891 
-0.978015 0.028899 0.028931 
-0.050732 -0.988517 -0.010897 
-0.726483 -0.671602 0.028880 
0.515092 0.705727 0.027122 
-0.472036 0.744676 -0.028559 
0.203765 0.845031 0.018098 
-0.875406 -0.148508 -0.017370 
-0.713228 0.501683 0.023672 
0.702530 -0.540951 0.007841 
0.863092 -0.227476 0.028951 
-0.752694 -0.462669 0.006524 
-0.532029 -0.720706 -0.026000 
0.440930 -0.771305 0.009328 
0.124193 -0.879793 0.009204 
-0.149835 0.858130 0.003960 
0.748124 0.454160 0.012658 
-0.222313 -0.860831 0.005800 
-0.853226 0.190671 0.018123 
0.872293 0.111518 0.010743 
0.967189 0.205614 0.007310 
-0.094531 0.974652 0.012803 
0.872128 0.440089 -0.021067 
0.635098 0.750293 0.012301 
0.510366 0.827389 -0.022862 
0.744250 -0.664743 0.019986 
0.159346 0.966343 0.024733 
-0.810175 -0.574787 0.023879 
-0.426566 -0.777014 0.022689 
0.212522 -0.966083 -0.025980 
0.988417 0.062883 0.024976 
0.561134 -0.826444 0.009650 
-0.534931 -0.841215 0.012630 
-0.761429 0.618380 0.025208 
0.826614 -0.557149 0.023059 
-0.184594 -0.980843 0.005909 
-0.837031 0.512731 0.006155 
-0.934448 0.275580 -0.025803 
-0.973699 0.151858 0.007090 
0.070902 -0.997352 0.016208 
-0.470411 0.856079 0.027764 
0.808877 0.562493 0.021600 
0.439376 -0.897973 0.010125 
-0.578062 0.791515 0.015296 
-0.363759 0.788615 0.012624 
-0.978529 -0.098235 0.028699 
-0.562453 0.664141 0.006824 
0.932138 -0.329502 0.028947 
-0.310918 -0.948984 0.021402 
-0.955713 -0.228793 0.029004 
0.405950 0.770254 0.008641 
-0.631454 -0.766732 0.027546 
-0.874434 -0.462641 0.003985 
0.296173 0.930787 0.003410 
-0.840507 -0.262330 0.007157 
0.336008 -0.833398 -0.025297 
-0.028927 0.868351 0.015430 
-0.776842 0.397645 0.023213 
-0.884246 0.078993 -0.028210 
-0.232977 0.951162 0.013302 
0.977633 -0.173421 0.008884 
-0.696866 -0.571157 -0.029802 
0.618570 -0.637015 0.024417 
0.005860 -0.888361 0.018430 
-0.334467 -0.834419 -0.028112 
-0.264065 0.843529 -0.029730 
-0.612022 -0.638181 0.018131 
0.612552 0.621385 0.014819 
0.812895 -0.350628 0.025095 
0.088892 0.864385 0.020678 
-0.110338 -0.883028 0.026329 
0.538916 -0.717844 -0.025170 
-0.877885 -0.031433 0.005512 
0.880619 -0.005923 0.015775 
0.771858 -0.452739 -0.007767 
0.233933 -0.867112 0.028971 
0.881056 -0.117578 0.001251 
-0.667266 0.594641 -0.029802 
0.861708 0.217686 -0.026705 
0.313225 0.822238 -0.024702 
-0.821303 0.297159 0.009167 
-0.813128 -0.364513 -0.024307 
0.697331 0.550699 0.029004 
0.800900 0.355487 0.012417 
0.935788 -0.253262 -0.029802 
-0.657553 -0.698069 -0.029802 
0.861058 -0.296512 -0.029770 
0.576703 0.686612 -0.029802 
0.959139 0.122195 -0.029802 
-0.772613 0.468751 -0.029778 
0.213702 0.928514 -0.029802 
-0.917772 -0.279607 -0.029802 
0.759903 -0.591228 -0.029790 
-0.404240 0.850313 -0.029684 
-0.161469 0.935099 -0.029802 
-0.968638 -0.037788 -0.029802 
-0.759793 0.554394 -0.029719 
0.150746 -0.977816 0.028963 
0.677681 -0.663623 -0.029744 
-0.811372 -0.508695 -0.029802 
-0.459078 -0.839545 -0.029802 
0.474891 0.752616 -0.029802 
-0.089175 0.899122 -0.029802 
-0.952144 -0.169475 -0.029802 
0.285555 -0.895894 -0.029746 
0.033920 0.894362 -0.029802 
-0.901754 0.324512 0.028927 
0.563635 0.782277 0.029004 
-0.127760 -0.937579 -0.029802 
0.108976 0.936989 -0.029802 
0.912130 0.055831 -0.029802 
0.749859 0.584765 -0.029802 
-0.934104 0.216877 0.028925 
-0.250406 -0.951444 -0.029581 
0.492857 -0.829996 -0.029727 
-0.582906 -0.791395 -0.029127 
0.390542 0.836992 -0.029802 
0.372001 -0.902980 -0.029690 
0.831394 0.279411 0.010953 
0.671044 0.595505 -0.029802 
-0.613697 0.709404 -0.029720 
0.924709 0.262665 -0.029802 
-0.050524 -0.910562 -0.029802 
-0.517178 0.807563 -0.029725 
0.815975 0.505163 -0.029802 
-0.729538 -0.533370 0.029004 
-0.901030 0.154071 -0.029757 
0.827460 -0.501284 -0.029802 
0.085841 -0.933691 -0.029802 
0.960112 -0.008629 0.025715 
-0.763472 -0.621619 -0.015243 
-0.855602 0.442472 0.028933 
-0.639184 0.634388 0.027031 
-0.294507 -0.872594 0.021487 
0.897095 0.370702 -0.029802 
-0.031002 0.951762 -0.029802 
-0.506772 0.713825 0.028886 
0.674521 0.688062 0.029004 
0.402691 -0.834204 0.013519 
-0.967101 0.088354 -0.029613 
0.599398 -0.766703 0.028883 
-0.350615 -0.914332 -0.029802 
0.189558 -0.880376 -0.027770 
-0.443013 0.779942 0.028144 
-0.900672 -0.097931 0.028434 
0.013978 -0.943674 -0.029802 
0.874609 -0.367647 -0.029774 
-0.498702 -0.771241 0.023515 
-0.589366 -0.706897 0.017484 
-0.289434 0.915485 -0.029798 
-0.805051 -0.418582 0.028892 
-0.890485 -0.388663 -0.029802 
-0.677165 -0.607589 0.028890 
-0.318249 0.843035 0.023774 
0.734508 0.514638 -0.029802 
0.883061 -0.182047 -0.029802 
-0.932668 0.024030 -0.029802 
-0.824594 0.367491 -0.029802 
-0.874876 0.123986 0.028977 
0.449727 0.830222 0.013617 
-0.224620 0.847430 0.028923 
-0.686568 0.662963 -0.029802 
0.510898 -0.769875 0.016214 
-0.887733 -0.212716 0.020963 
0.902604 -0.055060 -0.029802 
0.985643 -0.106178 0.025686 
-0.388681 -0.837873 0.015198 
-0.852608 0.248612 -0.029421 
0.342801 0.887343 -0.029802 
-0.897113 0.042024 0.028915 
0.844913 0.479317 0.029004 
-0.551130 0.738822 -0.029746 
0.604192 -0.677277 -0.029774 
0.900315 0.174359 0.015609 
0.281243 0.855152 0.026736 
0.245456 -0.939315 0.028135 
0.544419 0.752872 -0.029802 
0.674859 -0.592459 -0.027687 
0.768118 -0.518376 0.010486 
0.361162 0.817470 0.028987 
0.163388 0.882810 -0.029802 
0.571938 -0.686520 0.028956 
-0.677640 0.563874 0.028972 
-0.688344 -0.638144 -0.029802 
0.644758 0.675569 -0.029802 
-0.212127 0.892059 -0.029796 
0.497798 -0.864795 0.026662 
0.793081 0.429961 -0.029802 
-0.119170 -0.991869 0.007438 
0.939639 -0.119963 -0.029802 
-0.174656 -0.901451 0.027484 
0.732871 0.614462 0.027335 
0.883633 0.398565 0.029004 
0.962974 -0.235582 0.027292 
0.668315 -0.698782 0.025774 
0.299354 -0.861819 0.028882 
-0.410336 0.882251 0.029004 
-0.822166 -0.321927 0.027066 
0.849838 -0.484491 0.029004 
0.572528 -0.773512 -0.029802 
0.250316 0.850975 -0.029802 
0.826471 -0.410271 -0.029764 
-0.801487 0.567317 0.017404 
-0.845260 -0.514183 0.028282 
-0.093139 0.873963 0.028912 
0.096183 0.974825 0.022844 
-0.159894 0.959605 0.028974 
-0.747771 -0.517680 -0.029802 
-0.817518 -0.439330 -0.029802 
0.776835 -0.607599 0.029004 
-0.924967 -0.103141 -0.029802 
-0.414116 0.787840 -0.029802 
0.887778 -0.387212 0.028904 
-0.850130 -0.312557 -0.029802 
0.948045 0.265564 0.028497 
0.234479 0.936114 0.029004 
-0.028176 0.975061 0.028404 
0.953446 0.143245 0.029004 
-0.609318 0.644213 -0.029678 
-0.627569 0.753305 0.013973 
-0.880722 0.327942 -0.029723 
0.012254 -0.980724 0.029004 
0.074156 -0.914470 0.028164 
0.854375 0.325705 -0.029802 
-0.838283 0.452609 -0.029724 
0.148398 -0.958351 -0.029802 
0.974602 0.014688 -0.029802 
-0.946442 -0.289812 0.025151 
-0.230684 -0.941912 0.028190 
-0.688160 -0.719130 0.019175 
-0.468637 -0.771909 -0.029802 
-0.952062 0.196135 -0.029128 
-0.474533 -0.874314 0.027488 
-0.974239 -0.161576 0.026559 
0.382220 -0.916720 0.028886 
-0.725806 0.611535 -0.029791 
0.467148 0.768611 0.028469 
0.834466 -0.293620 0.024957 
-0.880225 -0.407523 0.028978 
0.921059 -0.318810 -0.029796 
-0.362125 -0.905954 0.028983 
-0.762278 0.459866 0.028944 
0.345315 0.900249 0.029004 
0.891309 -0.172146 0.029001 
-0.709371 0.662036 0.028880 
0.028653 0.877162 0.028903 
-0.190904 -0.906819 -0.029802 
0.564693 0.665270 0.024636 
-0.340530 0.856645 -0.029784 
0.681110 -0.610773 0.028452 
-0.963258 -0.031633 0.028979 
-0.290155 0.923503 0.028925 
-0.966228 0.096854 0.029004 
-0.053613 -0.904190 0.028942 
-0.694060 0.542083 -0.023433 
-0.829081 0.355967 0.027922 
0.742703 0.512977 0.028576 
-0.567798 -0.781962 0.027066 
0.907323 -0.059280 0.028526 
0.834809 0.388744 -0.029802 
-0.272795 -0.890773 -0.029802 
0.786937 -0.406728 0.024971 
0.177174 -0.903882 0.024259 
-0.521726 0.828726 0.025155 
-0.791772 -0.564659 -0.029802 
0.441199 -0.853767 -0.029736 
0.810073 0.415344 0.022388 
0.153701 0.869215 0.029004 
-0.877546 -0.239943 -0.029802 
0.582503 0.729452 0.006442 
0.272767 -0.950666 -0.026117 
-0.409414 -0.798626 -0.026322 
0.861438 0.225305 0.029004 
0.672765 0.605977 0.025316 
0.895545 -0.266743 0.006042 
-0.952975 -0.224924 -0.026250 
-0.332998 -0.833522 0.028980 
0.728209 -0.641058 -0.029695 
-0.532812 -0.714867 0.028992 
-0.459944 0.818704 -0.029799 
-0.633910 -0.747977 -0.029644 
0.916449 0.000862 -0.029802 
0.899847 0.136728 -0.029802 
-0.775887 0.515804 0.006176 
-0.930430 0.273539 0.028936 
0.861530 -0.235805 -0.025159 
0.939398 -0.179521 -0.029802 
0.507090 0.807557 0.028023 
-0.524280 -0.808398 -0.029802 
0.067126 0.919455 0.005659 
0.922473 0.208127 -0.029802 
-0.877610 0.280817 0.006825 
0.413850 -0.802397 -0.029360 
-0.507509 0.767060 0.006196 
-0.901901 0.380565 0.028744 
-0.898567 0.219561 -0.029712 
-0.005405 0.916555 0.006869 
-0.380524 -0.867159 -0.029802 
0.526016 -0.718333 0.027574 
0.902104 0.070101 0.029004 
0.805085 -0.561356 -0.029613 
0.109981 0.873808 -0.028010 
0.868472 0.273758 -0.029802 
0.440127 0.866068 -0.025327 
-0.598260 -0.683676 -0.029802 
0.352539 -0.843647 0.028980 
-0.798572 0.417156 -0.029783 
-0.258415 0.882185 0.006167 
0.443031 0.800617 -0.029802 
-0.913735 -0.047941 -0.029802 
-0.910005 -0.335447 -0.029802 
-0.860631 -0.363470 0.005659 
-0.126222 0.918957 0.005783 
0.884103 -0.328971 0.005905 
0.286698 0.891558 -0.029802 
0.735067 -0.524887 -0.029683 
0.790546 0.552143 -0.029802 
0.335156 -0.893259 0.007734 
0.488567 -0.757104 -0.028956 
-0.636548 -0.634484 -0.029487 
-0.067071 0.928431 0.006602 
0.944061 0.036873 0.007466 
-0.487133 -0.822227 0.010026 
-0.923814 0.114327 0.005659 
0.621525 -0.710458 0.005659 
-0.734346 -0.578880 0.005849 
-0.677151 -0.670018 0.009562 
0.823998 -0.347071 -0.024774 
-0.923043 -0.139886 0.005659 
0.603649 0.761512 -0.027212 
0.108092 -0.955203 0.012841 
-0.808557 0.538254 -0.027210 
0.057127 -0.981023 -0.029802 
0.803262 0.509683 0.019006 
-0.807587 0.470314 0.006742 
-0.723268 0.570604 0.006234 
-0.033813 0.897065 -0.029802 
0.637893 -0.632994 -0.027996 
0.918708 -0.207864 0.005874 
-0.974838 -0.086827 -0.022369 
-0.633196 0.679046 0.005659 
-0.940036 0.060011 0.008073 
0.825244 -0.444957 0.005687 
0.958246 -0.064834 0.025723 
0.205640 0.895637 0.006447 
-0.893972 -0.302645 0.007097 
-0.193343 0.921389 0.013158 
-0.081435 -0.958112 0.013388 
0.723904 -0.600756 0.005659 
0.851482 0.324831 0.019573 
-0.787326 -0.533446 0.009527 
-0.557150 0.711633 0.019099 
-0.867195 -0.165701 0.028134 
0.245552 -0.867097 -0.028305 
-0.693180 0.619173 0.006274 
0.328619 0.856611 0.006988 
-0.885799 0.016503 -0.016843 
0.944739 0.098265 0.011154 
0.776057 0.476468 -0.029802 
0.918829 0.362617 0.020507 
-0.105746 0.945777 -0.029802 
0.972426 0.075027 -0.029583 
0.512961 -0.818400 0.021310 
-0.848762 0.238003 0.028998 
-0.742187 0.509035 -0.029783 
-0.687345 -0.557263 0.025043 
-0.147172 -0.956861 0.026330 
-0.433053 0.830524 0.008967 
-0.121468 -0.889928 -0.022360 
0.616375 0.692895 0.005659 
0.698859 0.555745 -0.029802 
0.947558 -0.290927 0.003921 
-0.017349 -0.937387 0.006603 
0.513007 0.716905 -0.021691 
0.033292 -0.899314 -0.027602 
-0.828860 0.399535 0.006863 
-0.384620 0.890472 -0.011295 
0.605791 0.643895 -0.027396 
0.721185 0.667825 0.025837 
-0.350197 0.809139 -0.028757 
0.650671 0.723098 -0.026818 
0.758736 0.558331 0.009245 
-0.240683 0.930545 -0.029802 
-0.296613 -0.938989 -0.029231 
0.255212 0.894143 0.006081 
0.467377 -0.812451 0.006555 
0.922348 0.325635 -0.017925 
0.381289 -0.847463 -0.029801 
-0.899773 0.190536 0.008034 
0.230486 -0.922163 -0.029689 
0.048521 -0.953922 0.008337 
-0.778609 -0.611309 0.028612 
0.839031 -0.389528 0.010966 
-0.917737 -0.005237 0.010571 
-0.946082 0.139801 -0.029802 
0.191052 -0.949023 0.025535 
-0.540998 0.693077 -0.023749 
-0.810501 -0.477826 0.005801 
0.130496 0.931167 0.011578 
0.260532 0.933929 -0.027046 
0.578469 -0.728912 0.009317 
-0.914590 -0.198412 -0.029802 
0.647044 -0.741974 0.028885 
0.709641 -0.697657 0.004023 
0.777471 0.604584 0.017935 
-0.435329 -0.854142 0.012284 
0.129403 -0.915814 -0.029802 
0.388472 0.890347 -0.021160 
0.552590 0.798634 -0.027382 
0.606492 -0.741733 -0.029764 
0.170021 0.944478 -0.029802 
0.508579 0.754489 0.012923 
-0.639814 0.589880 0.013991 
0.801962 0.462914 0.006189 
0.916884 -0.360636 -0.002557 
-0.779727 -0.474824 -0.029802 
-0.091886 -0.978631 -0.029778 
0.929072 -0.147745 0.005750 
-0.636303 -0.709975 0.009545 
0.329003 -0.933631 -0.017136 
0.184717 -0.928531 -0.029751 
-0.279424 0.822274 0.010515 
-0.977178 0.013895 -0.024377 
0.543524 -0.810788 -0.029802 
-0.906158 -0.253871 0.006451 
0.673074 0.647847 0.006418 
-0.431553 -0.876196 -0.029802 
-0.333556 0.903075 -0.029802 
-0.712606 -0.628127 0.008361 
0.376680 0.795225 -0.016137 
-0.291984 -0.848474 -0.018696 
0.966074 0.164617 -0.012739 
-0.850935 -0.485959 -0.028651 
0.812510 -0.507109 0.012924 
0.076043 0.967078 -0.020047 
0.781484 -0.563052 0.020038 
-0.881403 -0.102032 -0.012625 
0.287976 -0.918530 0.014237 
-0.660944 0.711332 -0.022098 
-0.193713 -0.954481 -0.029802 
-0.717989 -0.672264 -0.027141 
-0.593481 0.754816 -0.029685 
0.882677 0.037624 0.003600 
-0.592577 -0.728582 -0.029802 
0.109299 -0.983747 -0.022228 
-0.943047 -0.077883 0.009583 
0.743604 -0.481056 0.016427 
0.921811 0.232547 0.013096 
0.416972 -0.891514 -0.029601 
0.654871 -0.659196 0.009658 
-0.482539 0.804052 0.009528 
-0.512576 -0.760798 -0.029802 
-0.931191 -0.195020 0.012961 
0.293218 -0.849307 -0.013581 
0.712664 0.611686 -0.029802 
-0.870320 -0.194465 -0.028468 
-0.465331 0.733753 0.013958 
0.829817 0.454872 -0.029802 
-0.771885 0.591521 -0.008536 
0.882451 0.259082 0.009564 
-0.842171 -0.428385 0.006930 
0.087028 -0.894032 -0.010071 
0.878404 0.175285 -0.029802 
-0.130703 0.878946 -0.029802 
0.487754 0.852183 0.011603 
0.780174 -0.505565 -0.029793 
0.299365 0.816487 0.016569 
-0.359454 0.842265 0.007092 
-0.179073 0.863256 -0.028738 
0.842361 0.369643 0.011089 
0.405623 0.820968 0.008057 
0.686311 0.689096 -0.027326 
0.697776 -0.647522 0.011675 
-0.895848 0.085687 0.028900 
-0.819301 0.495223 -0.029693 
-0.908542 0.352441 -0.006663 
-0.840272 -0.398219 -0.029802 
-0.585882 0.745077 0.023785 
0.721415 -0.570868 -0.029776 
0.982875 0.119754 0.007183 
-0.862174 0.195915 -0.024119 
0.207883 0.860445 -0.029762 
0.556160 -0.783473 0.013114 
-0.719454 -0.608059 -0.029802 
-0.554827 0.781779 -0.029687 
0.851195 0.427166 0.018439 
-0.970305 -0.134722 -0.006725 
0.408905 -0.792795 0.028139 
0.864241 -0.474932 -0.016414 
0.153354 -0.935074 0.005710 
-0.856438 0.321489 0.009921 
-0.270299 -0.961306 0.016495 
-0.927341 0.157892 0.008125 
-0.315225 -0.886239 -0.029802 
-0.042327 -0.976008 0.029004 
-0.861895 -0.437293 -0.029802 
-0.825519 0.317913 -0.027752 
-0.315653 0.887886 0.013975 
0.990986 -0.036067 0.015551 
-0.124186 -0.922296 0.009684 
-0.300448 0.870592 -0.029795 
-0.155201 -0.972156 -0.029432 
-0.253830 -0.883797 0.025039 
0.928290 -0.088330 0.006018 
-0.323567 -0.901394 0.010799 
-0.183729 -0.938499 0.009286 
0.783930 -0.474166 0.027014 
0.452720 -0.850725 0.016406 
0.370696 0.854270 0.006285 
0.216315 -0.909247 0.007827 
-0.505620 -0.846081 -0.027345 
-0.933743 0.309473 0.006036 
-0.876640 0.121380 -0.019310 
-0.826635 -0.370982 0.028897 
0.960710 -0.212330 -0.014989 
-0.946576 0.236250 -0.018420 
0.380478 -0.879410 0.010092 
-0.008917 -0.906519 -0.029802 
0.530243 -0.771197 -0.029802 
0.858557 0.184761 0.019650 
-0.511537 0.725897 -0.029799 
-0.536145 -0.763018 0.007243 
-0.909307 0.243889 0.008742 
-0.966871 0.192024 0.022559 
-0.858500 0.477100 0.005997 
-0.865034 0.365371 0.009257 
-0.326490 0.806660 0.005465 
-0.352616 -0.863269 0.007967 
0.593231 -0.799280 0.003782 
0.972775 -0.143525 -0.019262 
-0.395253 -0.905332 -0.023902 
0.450575 -0.783427 -0.029726 
-0.870708 0.435511 -0.010655 
0.919539 0.132826 0.006258 
-0.567251 -0.816798 0.004728 
-0.439522 0.864916 -0.014125 
0.657601 -0.703942 -0.029802 
-0.182318 0.882928 0.022871 
-0.925189 0.075721 -0.029802 
0.307203 0.891118 0.013107 
-0.199129 0.949020 -0.021259 
0.451898 0.871348 0.016719 
-0.402263 0.807139 0.022460 
0.542928 0.694357 -0.005206 
-0.009981 -0.989814 -0.013999 
0.192018 -0.867531 0.012922 
-0.669019 0.654836 0.008128 
0.611135 0.713545 -0.029802 
0.769593 0.420153 0.005948 
-0.899396 -0.056999 0.028868 
0.706886 0.514355 0.009294 
0.860170 -0.439808 0.025931 
-0.597414 -0.749557 0.013456 
0.976010 -0.099997 -0.027212 
0.644176 -0.611407 0.006034 
-0.669244 -0.591606 -0.007561 
0.470246 0.733587 0.008207 
-0.578340 0.671279 -0.029760 
-0.461225 -0.756345 0.019338 
-0.617148 -0.677657 0.025303 
-0.606498 0.658070 0.029004 
0.950845 0.234547 -0.017355 
-0.894546 0.281539 -0.029727 
0.635613 0.614507 -0.027346 
0.903583 0.095169 -0.029802 
0.932580 -0.261928 0.028893 
0.371646 -0.806792 0.022334 
0.191225 0.956255 0.002468 
0.055947 0.876802 -0.001182 
-0.387423 -0.797750 0.014959 
-0.162880 -0.882788 -0.005940 
0.676317 -0.573398 0.014945 
-0.909398 -0.393086 0.005794 
-0.945889 -0.259709 -0.007949 
-0.843790 -0.468762 0.028716 
-0.047088 -0.953635 -0.029802 
-0.639616 -0.610105 0.012047 
0.718023 0.584473 0.005740 
0.471146 0.828752 -0.029802 
-0.524514 -0.802843 0.013443 
-0.406497 0.767583 0.018754 
-0.216081 -0.898744 0.015666 
-0.850279 -0.294005 0.028927 
-0.770046 -0.499408 0.020200 
0.514386 0.788373 -0.029802 
0.006236 0.965217 -0.029451 
0.220935 -0.974728 0.021859 
-0.637559 0.718054 0.029004 
-0.552001 -0.758195 -0.029802 
-0.750600 -0.583782 -0.029802 
0.239071 0.891003 -0.029802 
-0.390479 -0.880775 0.018153 
-0.425752 -0.816557 0.019414 
0.029094 -0.921927 0.020743 
0.476400 -0.755677 0.028876 
0.862181 -0.189468 0.009096 
0.925435 0.166537 -0.029802 
0.609105 0.657847 0.028992 
0.333085 -0.881898 -0.029743 
-0.311877 0.822645 -0.027212 
-0.075450 -0.894826 -0.003967 
-0.800365 0.362079 0.001969 
-0.735207 -0.497444 0.002344 
0.151991 -0.885331 -0.017736 
-0.824984 -0.537836 -0.000039 
-0.734555 0.645997 0.003641 
-0.656143 -0.743006 0.003026 
0.667740 0.572639 0.001715 
0.840287 0.514392 0.007445 
0.877815 -0.078948 0.012171 
-0.986261 -0.062539 0.015079 
-0.849178 -0.227324 0.021794 
-0.741195 0.536167 0.008789 
0.735222 -0.541074 0.028906 
0.906592 -0.278870 -0.029756 
-0.912103 -0.008906 -0.029802 
0.762629 -0.627335 -0.015867 
-0.770825 -0.428590 0.009702 
0.118079 -0.917408 0.016063 
0.938730 0.177935 0.018859 
-0.752087 -0.650385 0.007988 
0.003935 0.926646 -0.029802 
0.113444 0.893912 0.024840 
0.947088 -0.186859 0.028295 
-0.368311 -0.817341 -0.020819 
-0.969172 -0.195828 0.006120 
-0.865290 0.399822 0.026656 
0.082398 0.909018 -0.029802 
0.544321 0.732007 0.011313 
0.437280 0.791782 0.020915 
-0.261493 -0.850335 0.004814 
0.350876 0.849656 -0.029802 
0.620601 -0.769642 -0.007262 
0.851358 -0.345418 0.017786 
-0.253841 -0.918006 0.007343 
-0.223237 -0.885891 -0.029802 
0.895517 -0.218461 -0.029790 
-0.360513 0.876463 0.024605 
0.240489 0.837496 0.026555 
0.289280 -0.956418 0.024234 
-0.870603 -0.280077 -0.029802 
-0.771994 -0.571479 0.021955 
-0.975955 0.057591 -0.005089 
-0.541578 0.796166 0.028932 
0.536107 0.822454 0.007972 
-0.870414 0.157489 -0.007027 
-0.556338 -0.693787 0.003246 
-0.220293 0.888087 0.007391 
-0.868735 -0.129262 0.016708 
0.317192 -0.829902 0.017754 
-0.807695 0.432179 0.008630 
0.789893 -0.420664 -0.017950 
0.679583 -0.729145 0.005608 
-0.792406 -0.385032 0.015936 
0.472867 -0.869024 -0.010284 
-0.765428 0.435048 0.000304 
-0.247037 0.913917 0.023707 
0.743273 0.631149 -0.005148 
0.981267 -0.022298 -0.024405 
-0.592601 0.710408 0.005659 
-0.577768 -0.671975 0.026362 
0.830344 -0.456892 -0.029802 
0.951283 -0.121349 0.021620 
-0.227945 0.848101 -0.019783 
0.044511 -0.887532 0.018907 
-0.912321 -0.160746 -0.029802 
-0.871105 -0.356229 -0.029802 
-0.601631 -0.794563 0.016316 
-0.534714 0.741170 0.008507 
0.598900 0.769166 0.029004 
0.738159 0.486853 -0.004764 
-0.713318 -0.537668 -0.025389 
0.763843 -0.553879 -0.029744 
0.186870 -0.981932 0.007788 
0.444071 0.760288 -0.009803 
-0.642027 0.670194 -0.029722 
-0.574480 0.708830 -0.029761 
0.846219 -0.525843 0.016958 
-0.518067 0.770137 -0.029735 
0.267214 -0.847668 0.016062 
-0.503696 -0.728266 0.009813 
0.844442 -0.259222 0.014406 
0.883025 0.353366 0.015379 
-0.076095 -0.991864 0.028616 
0.317640 0.917678 -0.024124 
-0.045827 0.901157 0.020706 
0.888946 0.405896 -0.020629 
0.019485 0.946782 0.023775 
-0.880995 0.008441 0.028644 
0.894837 -0.132846 -0.029802 
0.130311 0.961831 -0.009328 
-0.913484 0.117633 -0.029802 
-0.920338 0.309697 -0.028909 
-0.692485 -0.701735 -0.013246 
-0.839667 0.401303 -0.029802 
-0.071675 0.875243 -0.007585 
0.243446 -0.959773 -0.003375 
0.500030 -0.734578 0.006912 
0.667237 0.643393 -0.029802 
-0.877945 0.060286 0.003144 
-0.465212 -0.871186 -0.011769 
0.880304 -0.406708 -0.029788 
0.153743 0.902916 0.007290 
0.880701 -0.042766 0.005900 
-0.868197 0.362561 -0.029732 
0.127095 0.862151 0.004561 
0.897116 -0.135610 0.028998 
-0.879634 0.215863 0.025522 
-0.933864 -0.316788 0.002821 
0.907229 0.026627 0.028682 
-0.819414 0.536411 0.028097 
0.767570 0.482750 0.025168 
0.871252 0.143877 0.028160 
0.914205 -0.297908 0.023350 
-0.262152 0.888964 -0.029745 
0.034539 -0.995675 0.003962 
0.754333 0.546328 -0.029802 
0.794435 0.393531 -0.026343 
-0.273179 0.856062 0.027131 
0.904777 -0.408211 0.004220 
-0.070097 0.930591 -0.029802 
-0.195996 0.846965 0.006217 
0.823362 0.327896 -0.003518 
0.303022 0.856864 -0.029802 
-0.732507 0.471818 0.011638 
-0.091567 -0.933274 -0.029802 
-0.491422 0.837737 -0.001072 
-0.920768 -0.241526 -0.029802 
0.576674 -0.720852 -0.029709 
-0.059860 0.968199 -0.015007 
-0.783390 -0.425926 -0.024286 
0.416854 -0.874766 0.026634 
0.826018 -0.323634 0.003615 
0.916117 -0.013407 0.016807 
-0.950324 -0.127068 0.025785 
0.877080 -0.331506 -0.029802 
0.751801 -0.486025 -0.018647 
-0.467216 -0.791941 0.022170 
0.983239 0.031406 0.001117 
-0.890899 -0.348136 0.018218 
0.555054 0.718337 -0.029802 
-0.856210 0.298981 -0.029775 
-0.780981 -0.463967 0.028888 
0.792440 -0.588732 -0.009904 
0.699919 -0.618755 -0.029717 
-0.857690 -0.194249 0.008362 
0.885883 0.435082 0.012973 
0.694919 -0.698290 -0.028808 
0.771666 0.520494 0.005659 
-0.409910 -0.846522 -0.029802 
0.412251 0.782157 -0.028934 
0.742264 -0.568263 0.006590 
-0.162762 -0.929006 -0.029802 
-0.742581 -0.610044 0.021491 
-0.767189 0.566789 0.027737 
0.178834 0.932407 0.026150 
-0.483432 0.791676 -0.029782 
-0.738692 -0.643181 -0.029574 
0.942298 0.298346 0.015374 
0.936643 -0.044767 0.005578 
-0.123916 0.945970 0.029004 
-0.438522 0.755010 0.002995 
-0.653106 0.627346 -0.029781 
-0.884738 -0.067510 -0.023015 
0.030788 0.917775 0.006473 
0.263928 0.944438 0.009495 
-0.385665 0.810389 -0.029720 
-0.177856 0.903645 -0.029802 
0.173279 0.858990 0.001265 
-0.237258 -0.918425 -0.029802 
-0.053801 -0.932641 0.007843 
-0.841039 0.269815 -0.001672 
-0.605666 0.624282 0.018441 
-0.497872 -0.861205 0.004343 
0.564565 0.700423 0.028631 
-0.954786 0.243599 0.018467 
0.583790 0.660977 -0.005595 
0.804618 -0.390039 -0.008214 
-0.527080 0.691612 0.008699 
-0.062999 0.955408 0.029004 
-0.288085 -0.903811 0.006314 
0.135551 0.913786 -0.029802 
0.449184 -0.819420 -0.029693 
0.105872 -0.993878 0.013697 
-0.694496 0.627659 -0.029802 
0.546628 -0.749625 0.011820 
0.409033 0.856145 0.023324 
-0.628770 0.615299 -0.007531 
0.889457 0.328182 -0.029802 
0.983710 -0.069684 0.001779 
-0.403273 0.848845 0.011420 
-0.140767 0.959395 -0.015381 
-0.730464 0.576822 -0.029750 
-0.933906 0.025431 0.005646 
-0.267879 0.932024 -0.007713 
-0.886631 -0.424773 -0.000804 
-0.217279 -0.968945 0.002224 
0.890924 0.236633 -0.029802 
0.251029 -0.905926 0.006042 
-0.874203 -0.076944 0.010475 
0.875854 0.148317 -0.006057 
-0.388870 -0.919101 0.011021 
-0.347520 -0.928686 0.001695 
-0.870497 0.097435 0.007020 
-0.645668 -0.657402 0.016935 
0.502849 -0.792353 -0.029802 
0.792755 -0.469337 -0.029802 
0.917454 -0.093470 -0.029802 
0.646374 0.675801 0.006621 
0.829636 -0.534145 -0.012179 
0.057841 0.946375 0.025200 
0.004296 0.979848 0.017723 
-0.668931 0.602146 0.027744 
0.834706 0.299130 -0.020212 
0.852368 0.246277 -0.001163 
0.871288 -0.287079 0.019477 
-0.816322 -0.474710 -0.029802 
0.613736 0.724364 0.019736 
0.871814 -0.150462 0.004333 
-0.477108 0.766127 0.021979 
0.468673 -0.882290 0.022339 
-0.719210 0.628670 0.028886 
-0.865176 0.160317 0.028544 
-0.560594 -0.730643 0.016776 
-0.808467 0.328796 0.011210 
-0.127014 0.878683 0.028976 
-0.105395 0.871777 -0.003055 
-0.635389 0.734253 -0.020804 
-0.808755 -0.351705 0.007060 
-0.196404 -0.875758 -0.010672 
0.582357 0.779443 -0.007465 
-0.615160 -0.770947 -0.012752 
0.954013 -0.257481 0.002000 
0.654202 0.727323 0.028771 
0.868964 0.466309 0.008638 
0.048271 -0.948099 -0.029802 
-0.833787 0.472896 0.029004 
-0.862174 -0.321500 0.012807 
0.560722 -0.700834 -0.005370 
0.138245 -0.980546 -0.004720 
-0.920763 0.181654 -0.029743 
-0.000542 0.890590 -0.029802 
-0.825991 -0.331417 -0.015324 
0.780509 0.442409 0.029004 
0.936195 -0.050912 -0.029802 
0.445284 -0.798494 0.028943 
0.330671 0.923389 0.009185 
-0.798795 -0.394171 -0.016734 
-0.887464 0.424172 0.019084 
0.937365 0.096363 -0.029802 
-0.563939 -0.699880 -0.029100 
0.768272 0.514987 -0.029802 
-0.775870 0.502329 -0.029745 
-0.248486 -0.862418 -0.023858 
0.432416 0.756752 0.024499 
0.524223 -0.838766 -0.021209 
0.358080 -0.933051 0.012069 
-0.810422 -0.510155 0.016946 
-0.807746 0.504943 0.026585 
0.275781 0.833888 0.000187 
-0.095322 -0.915108 0.025206 
0.158634 -0.875995 0.026187 
-0.152070 -0.987312 0.011919 
0.726741 -0.669366 -0.008206 
0.882976 0.295700 0.005659 
0.187459 0.907735 -0.029802 
-0.953769 0.127918 0.029004 
-0.493526 -0.795219 -0.029802 
-0.851088 0.278852 0.028914 
-0.184743 0.961290 0.006713 
0.857918 -0.431485 -0.029792 
0.761617 -0.637509 0.028365 
0.063908 0.888551 0.028979 
0.765381 -0.446577 0.024900 
0.235156 0.870309 0.025018 
0.626053 -0.714811 -0.029788 
0.797900 -0.437874 0.028998 
-0.783871 -0.595235 -0.019440 
0.821764 0.358178 -0.029802 
-0.598996 0.769317 0.002148 
-0.697038 0.524670 0.006022 
0.343636 0.809939 -0.019762 
0.793523 0.383417 0.028611 
0.732877 -0.508715 0.001714 
-0.291934 -0.840000 0.026720 
0.399194 0.795452 0.029004 
0.637913 0.642251 0.024592 
0.604831 -0.683426 0.028883 
-0.540733 0.806332 -0.006613 
0.092877 0.938219 0.014284 
0.875742 0.078699 0.011046 
0.898544 0.103425 0.029004 
0.890490 -0.024697 -0.025432 
-0.942814 -0.063432 -0.029802 
-0.035215 -0.888639 0.006477 
0.035467 0.950122 -0.029802 
-0.806261 0.384161 0.028960 
0.983575 -0.137122 0.014859 
-0.952227 0.050404 -0.029802 
0.013221 0.877691 -0.000042 
0.890501 0.020622 -0.026499 
-0.454206 -0.807145 -0.029802 
0.391224 -0.909562 -0.001727 
0.224853 -0.869766 -0.002280 
0.852140 -0.266966 -0.019156 
0.889151 0.204682 0.020155 
-0.018862 -0.906858 0.028963 
0.902852 0.384027 0.001793 
0.025221 -0.974363 -0.029802 
0.895626 -0.434850 0.020628 
0.938213 -0.286617 -0.028826 
-0.371953 0.866828 -0.029758 
-0.674843 0.565213 -0.011104 
0.853265 0.475386 -0.020806 
-0.444521 -0.777836 -0.008985 
-0.134910 0.916608 -0.029802 
0.636168 0.603951 0.028424 
0.949740 0.228898 0.029004 
-0.807184 0.461469 -0.029737 
-0.358076 -0.811187 0.016822 
-0.142217 -0.887624 0.028978 
-0.986656 -0.009525 0.026209 
0.819815 -0.413483 0.021001 
0.827330 0.347149 0.029004 
0.951059 -0.007411 -0.029802 
0.091245 -0.884277 0.020398 
0.395260 -0.805975 -0.000176 
0.439012 0.832596 -0.029802 
-0.897963 -0.137555 0.027360 
0.612361 -0.655537 -0.007536 
0.800045 -0.536886 0.022076 
-0.344105 0.819654 0.029004 
-0.032189 0.934278 0.008171 
-0.927201 -0.263164 0.028854 
-0.621661 -0.715005 -0.029802 
-0.954325 -0.119167 -0.029802 
0.637352 -0.665027 -0.029782 
-0.969387 0.120733 -0.018888 
-0.161627 0.930103 0.016796 
-0.090108 0.901897 0.013693 
-0.482115 -0.754608 -0.006584 
-0.704229 -0.535718 0.005152 
-0.288818 -0.927150 0.028674 
-0.855536 0.222436 -0.007760 
0.048063 -0.979195 0.029004 
0.903739 -0.385209 -0.028714 
0.912573 -0.361185 0.028964 
0.697341 -0.682320 0.029004 
-0.500460 0.745233 0.028206 
0.701773 0.642735 0.023916 
-0.156877 -0.919557 0.008389 
0.764985 0.444991 -0.013275 
-0.789420 0.393912 -0.005680 
-0.916751 0.249552 -0.029708 
-0.609401 0.677981 -0.029703 
-0.770446 -0.539853 -0.029802 
0.278908 0.906078 0.023436 
-0.682131 0.691788 -0.003504 
-0.640462 -0.671373 -0.029802 
-0.905426 0.293570 0.023142 
0.880625 -0.361555 0.011758 
0.891396 -0.221148 0.016416 
-0.878558 -0.242746 0.024461 
-0.667891 0.681218 0.028300 
-0.677666 -0.667861 -0.029802 
0.782020 0.582186 -0.025197 
0.848422 -0.385254 -0.029728 
0.831469 0.450629 0.011079 
0.372128 -0.817709 -0.024849 
0.534747 0.771548 0.008810 
-0.377630 0.904175 0.016186 
-0.890521 0.044885 -0.029635 
0.424605 0.875778 0.000261 
-0.021273 -0.935658 -0.029802 
-0.875923 -0.443543 0.028912 
0.078497 -0.936355 0.006121 
-0.917024 -0.320066 0.029004 
0.828453 0.419379 -0.029802 
0.207494 0.952071 0.028854 
-0.656976 -0.725570 0.028947 
-0.893649 -0.377337 0.028984 
0.463697 0.854011 -0.008762 
0.866220 0.375351 -0.029802 
0.123971 0.956238 0.029004 
-0.557871 -0.813575 -0.024867 
0.928305 0.293659 -0.029489 
0.321148 0.835043 0.028997 
0.982733 0.000325 -0.000776 
-0.451501 0.800451 0.006332 
-0.002361 0.878826 0.028908 
0.172514 -0.974718 -0.019083 
0.145168 -0.907305 0.027388 
0.742543 0.643954 0.026930 
-0.597960 -0.660493 0.001833 
0.954412 0.187718 -0.029802 
-0.313715 -0.838110 0.000809 
0.933504 -0.212120 -0.029802 
0.713614 -0.563270 0.028985 
0.920834 -0.149690 -0.029802 
-0.893356 -0.126544 -0.029802 
-0.560750 0.762685 0.019784 
0.473021 0.793126 -0.029802 
-0.917844 0.354716 0.023066 
0.815579 -0.477182 0.006035 
0.961251 0.079290 0.029004 
0.709247 0.613993 0.007427 
-0.858363 -0.230808 -0.007453 
0.938819 0.040402 -0.029802 
0.230871 0.942672 -0.008482 
0.365410 0.789597 0.016565 
0.328225 0.805923 0.021843 
0.465788 0.790821 0.007175 
0.297751 -0.944083 -0.009356 
-0.439580 0.852970 0.029004 
0.261225 -0.921053 -0.029720 
0.551442 -0.748944 -0.029782 
0.082959 -0.964378 -0.029802 
0.977053 0.087603 -0.001977 
0.666951 0.709516 -0.004647 
-0.457938 0.771892 -0.029802 
-0.008658 -0.999549 0.015051 
0.345258 -0.818540 0.012054 
0.585209 -0.667131 0.009266 
-0.090135 0.942573 0.023098 
-0.512358 0.794819 0.018015 
0.731562 -0.602532 -0.029773 
0.698773 0.680251 -0.000922 
-0.198040 -0.956808 0.029004 
-0.984515 0.058491 0.025647 
-0.920570 -0.050019 0.008093 
0.522967 -0.850983 0.016456 
0.929325 0.128379 -0.029802 
-0.678240 -0.639596 0.009682 
-0.911499 -0.364620 -0.004755 
-0.665703 -0.617873 -0.029802 
0.819113 0.531290 -0.006313 
0.844573 0.258763 0.028922 
0.899983 -0.248496 -0.029748 
-0.122217 -0.978842 -0.028766 
-0.858954 -0.400291 0.008600 
0.190677 0.879314 0.027121 
-0.292930 0.867353 0.007140 
0.905654 -0.353727 -0.029802 
-0.450932 -0.889773 0.012300 
-0.709559 -0.577798 0.025527 
-0.697435 0.593076 -0.029802 
-0.733737 -0.637932 0.029004 
0.963328 0.027391 0.028701 
-0.250902 0.841543 -0.001511 
0.731072 -0.639149 0.028648 
0.515178 -0.743147 -0.029783 
-0.751704 -0.480291 -0.020519 
-0.325110 -0.933589 -0.021503 
0.690682 0.551117 -0.000253 
-0.781496 -0.511475 -0.029802 
0.821582 0.305975 0.020818 
-0.758241 -0.526581 0.011823 
-0.498904 -0.844225 0.029004 
0.538245 0.801244 0.029004 
-0.394060 0.785125 -0.002053 
-0.341947 -0.863318 -0.029802 
0.697068 -0.563120 -0.011457 
0.765680 0.603711 -0.012428 
0.932539 0.325130 0.024347 
0.761944 0.580839 0.028618 
-0.832158 -0.293058 0.005219 
-0.949641 -0.010398 0.013027 
-0.852616 -0.492925 0.000274 
-0.900636 -0.303980 -0.029802 
-0.817567 -0.541305 -0.028678 
0.664433 -0.635299 0.024621 
-0.147694 0.898723 0.009687 
-0.306205 0.816145 0.027868 
-0.960740 0.173891 -0.008087 
-0.724206 0.502244 -0.007120 
-0.713288 0.551464 0.026601 
0.923034 -0.239155 0.012431 
0.853743 0.399331 0.008480 
-0.419951 0.816897 -0.029754 
0.380853 0.885698 0.029004 
-0.198271 -0.865466 0.022452 
-0.768095 0.488013 0.012751 
0.810680 -0.565233 -0.000497 
-0.956095 -0.257752 0.023081 
0.205275 -0.905339 -0.029677 
0.921478 0.077472 0.007969 
-0.486867 0.731520 -0.006695 
0.626958 0.740598 -0.028344 
-0.772233 0.439250 -0.029802 
0.928058 -0.330904 -0.003827 
-0.822622 -0.450396 0.005659 
-0.919394 -0.221674 0.008657 
0.812963 -0.379789 0.029004 
-0.965074 -0.168013 -0.002456 
0.422219 -0.831333 -0.029718 
0.540764 -0.812869 0.028988 
-0.902731 -0.162302 0.012422 
0.920000 -0.175601 0.005659 
-0.740220 0.591177 0.018373 
0.913075 0.350673 -0.005912 
-0.581151 -0.757708 -0.029802 
-0.748012 0.465949 -0.014437 
-0.361231 -0.840545 0.028741 
-0.324153 0.911367 0.028895 
-0.896524 0.142392 0.022767 
-0.590550 0.651719 -0.008781 
-0.081801 -0.888214 0.028183 
-0.806703 -0.542906 0.029004 
0.415972 -0.908416 0.023815 
0.886381 -0.091144 -0.012759 
0.792966 0.539321 0.028898 
-0.745877 -0.480260 0.028595 
-0.413808 0.877028 -0.023566 
0.529263 -0.792966 0.007816 
-0.765638 0.431021 0.029002 
-0.929772 0.191410 0.015825 
0.580449 -0.808442 0.028079 
0.869428 -0.259347 0.028991 
-0.924197 -0.134378 -0.029802 
-0.843654 -0.281546 -0.018679 
0.575492 -0.691671 -0.028462 
0.710556 0.525363 -0.017163 
-0.725673 -0.569046 -0.029802 
-0.281765 0.899744 0.014809 
0.643455 0.604473 -0.001435 
0.343633 -0.863965 0.010538 
-0.529970 -0.744588 0.028490 
-0.122955 -0.973203 0.029004 
0.881330 0.116553 -0.021013 
0.278964 -0.879789 0.019501 
-0.626967 -0.732063 0.025380 
0.809751 -0.580864 0.023581 
-0.714204 0.597806 0.007881 
0.286774 0.833063 -0.027423 
0.631774 -0.675715 0.013733 
-0.950528 0.169351 0.029004 
0.511440 0.838251 0.019684 
0.077498 0.875041 -0.019948 
-0.790751 0.560623 -0.028508 
-0.793385 -0.598232 0.007884 
0.120836 -0.950681 -0.029802 
-0.936048 -0.110244 0.007587 
0.497346 0.724560 0.000970 
0.423161 -0.792015 -0.004410 
-0.842324 0.340941 -0.029772 
-0.203468 0.955461 0.027492 
0.677562 0.578058 0.029004 
-0.902789 -0.191776 0.008682 
-0.754256 0.613117 -0.002351 
-0.875647 0.031625 0.012865 
0.848825 -0.327430 -0.029783 
0.894611 -0.308109 -0.029782 
-0.537026 -0.782478 -0.029802 
-0.463328 0.823768 0.017741 
0.165327 -0.907464 -0.029748 
0.065172 -0.898473 -0.027800 
-0.322812 -0.859930 0.025796 
0.067899 0.977057 0.025163 
-0.306872 0.929487 0.006679 
0.809572 0.474876 -0.029802 
0.757545 -0.588857 0.018927 
-0.972343 0.094586 -0.002348 
0.077287 -0.987050 -0.009525 
-0.838702 0.309934 0.028920 
0.975513 0.166817 0.014002 
-0.166074 -0.872823 0.024454 
0.983081 0.099646 0.027288 
0.062278 0.940693 -0.029802 
0.866585 -0.396480 0.011103 
-0.028467 -0.975149 -0.029802 
-0.575249 0.676422 0.029004 
-0.943275 -0.154274 0.021756 
0.818788 -0.374543 -0.029695 
0.040522 0.922195 -0.029802 
-0.458698 0.850338 -0.029105 
0.562234 0.805686 0.013095 
0.007438 -0.951115 0.006654 
0.572307 0.747892 -0.029802 
0.247994 -0.967448 0.025987 
-0.332037 0.866287 0.005794 
0.979685 0.059036 -0.003859 
0.882030 -0.111633 0.028893 
0.924103 0.280621 0.029004 
-0.567153 -0.755937 0.005968 
-0.932781 -0.303277 -0.021987 
0.503118 0.751185 -0.029802 
0.244781 -0.949389 -0.029688 
0.305713 0.923648 0.028997 
-0.669420 -0.723519 -0.012479 
-0.249198 0.832993 0.025299 
-0.621246 0.704714 0.010280 
-0.148445 -0.893053 -0.029802 
0.638359 0.702955 0.020069 
-0.886598 -0.013062 -0.013904 
0.715606 0.578323 -0.029802 
0.616942 -0.785123 0.015915 
0.841782 -0.299602 -0.001517 
-0.978101 -0.014724 -0.016831 
0.191310 -0.921876 0.005693 
0.825367 0.393091 0.014665 
-0.216318 -0.928951 0.007966 
-0.657629 0.725081 0.004740 
0.543011 0.682661 0.021512 
0.407615 0.871880 -0.029802 
-0.806892 0.545225 -0.000195 
-0.431578 0.879796 0.011007 
0.141271 0.867209 -0.018976 
0.469685 -0.849197 -0.029692 
-0.835373 0.434410 0.011464 
-0.554178 -0.812468 0.029004 
0.120122 -0.890630 -0.022149 
0.903677 -0.334301 0.025042 
0.289791 -0.926760 -0.029698 
0.730961 0.537536 0.022692 
0.876976 -0.471141 0.008060 
0.561621 -0.712378 0.028946 
-0.016323 -0.967184 0.024717 
-0.977288 -0.044239 -0.003815 
0.368130 0.818389 -0.029802 
0.488409 0.736597 0.029004 
0.206569 0.924829 0.023588 
-0.181840 0.854809 0.028767 
0.408928 -0.864970 -0.029799 
0.884080 0.300973 -0.029802 
-0.028650 0.969297 -0.008480 
-0.934222 0.088682 0.006820 
-0.909684 -0.077443 -0.029802 
0.491151 -0.834572 0.026748 
0.976026 -0.116059 -0.004669 
-0.660373 -0.587165 0.020738 
-0.913562 -0.286320 0.022314 
0.610118 0.759623 -0.000394 
-0.223638 -0.944555 -0.029802 
0.099412 0.910100 0.007375 
0.744551 -0.505665 0.028958 
0.354324 -0.911504 0.028936 
-0.544668 0.683569 0.028401 
0.791456 0.488598 0.005659 
-0.258871 0.944802 0.020434 
-0.964614 -0.072601 0.028922 
-0.405491 -0.905507 0.028880 
-0.009151 0.955122 0.029004 
-0.025530 0.877709 -0.012027 
-0.354009 0.902869 -0.011359 
-0.536505 0.773491 0.012442 
-0.882936 0.314628 0.007052 
0.793683 0.583696 0.010325 
0.743574 -0.613147 0.020360 
-0.806312 0.390764 -0.029802 
0.948297 0.258169 0.002023 
-0.564196 -0.699415 0.028965 
0.578936 -0.763271 0.010882 
-0.939554 -0.009291 -0.029802 
-0.808557 -0.561008 -0.008405 
-0.484448 0.831048 -0.029802 
-0.687039 -0.571197 -0.003209 
0.984269 -0.074303 0.028792 
-0.107373 0.963745 -0.008788 
0.222946 -0.882424 -0.029748 
0.378493 -0.846879 0.012537 
0.788249 -0.495647 0.007858 
-0.488146 0.822488 0.028988 
-0.711943 0.666585 0.002117 
0.690212 0.627157 -0.029802 
0.962192 0.117059 0.029004 
0.930687 0.013189 0.006035 
0.354464 -0.924036 -0.018051 
-0.816577 -0.411623 -0.029802 
0.908597 0.266609 0.010244 
-0.772297 0.543791 0.014150 
0.486638 0.831355 0.029004 
-0.939238 0.262817 -0.002319 
-0.081267 -0.989962 0.002038 
0.086184 -0.964340 0.025965 
-0.986455 0.008803 0.006227 
-0.306254 -0.913656 -0.029802 
0.219666 -0.948622 0.029002 
0.103136 0.963271 -0.026759 
0.638917 -0.767017 0.022504 
0.613520 0.686560 -0.029802 
-0.723967 0.638547 -0.029786 
-0.215991 0.924957 0.027532 
0.355837 -0.856613 -0.029767 
0.940819 -0.011888 0.005976 
-0.371429 0.808665 0.029004 
-0.761747 -0.552589 0.005659 
-0.876404 -0.282538 0.010773 
0.885451 0.080220 -0.016614 
0.257290 0.921823 0.028994 
0.965160 -0.034881 0.028858 
0.424349 -0.819357 0.019425 
0.795353 0.381158 0.001854 
0.209772 0.892691 -0.029802 
-0.891599 0.354544 0.028985 
-0.888998 -0.017243 0.028931 
-0.840644 -0.341382 0.028885 
0.511664 0.788606 0.009503 
0.839641 0.498062 -0.016002 
-0.773983 0.529132 -0.029724 
-0.316225 -0.923766 0.028990 
0.318661 -0.904552 -0.029717 
0.819753 0.487547 0.024503 
0.751552 0.487379 -0.029802 
0.260700 -0.859628 -0.007015 
0.918303 -0.025865 -0.029802 
0.367839 0.899176 -0.006532 
0.856395 -0.238725 0.001968 
-0.871594 0.229738 -0.029778 
0.860687 0.215156 -0.000107 
0.588208 -0.707960 0.022745 
0.472251 -0.782055 0.028882 
0.434119 0.846995 0.027304 
0.829626 0.529585 0.026576 
-0.955543 -0.195146 0.029004 
-0.420782 0.771212 -0.008496 
-0.896879 0.382535 -0.000513 
-0.756410 0.595977 -0.029718 
-0.078206 0.955978 -0.029802 
-0.868692 -0.479497 0.023654 
-0.531067 -0.832126 -0.020076 
0.664065 -0.636759 -0.029702 
-0.207318 0.874946 0.026470 
0.868820 0.447410 0.029004 
-0.496462 0.754769 -0.029774 
0.581341 0.715368 -0.029802 
0.991540 -0.006060 0.023331 
0.535610 -0.717041 0.001052 
0.859921 -0.492818 0.002549 
0.901096 0.145073 0.020655 
-0.845896 0.274670 -0.029716 
-0.855234 -0.260077 0.028959 
-0.837054 -0.513844 -0.026592 
-0.699329 0.574678 0.018521 
-0.726552 0.527381 0.028902 
-0.206071 0.866431 -0.029760 
-0.625592 -0.638448 -0.005903 
-0.011323 -0.897507 0.000012 
0.734177 0.631426 -0.029802 
0.485298 -0.755050 -0.000431 
-0.719117 0.546656 -0.029777 
-0.411333 -0.864724 0.011309 
-0.425944 0.802970 0.011674 
0.415072 -0.898642 -0.002077 
-0.429408 -0.887415 0.028920 
-0.483703 -0.745969 0.028001 
-0.480371 -0.817904 -0.029802 
-0.565044 0.732718 0.005659 
0.281831 -0.866473 -0.029792 
0.670347 -0.594765 -0.001992 
-0.049825 0.876879 -0.021868 
-0.783244 0.592848 0.014975 
0.856999 0.402566 -0.029802 
-0.904904 0.269434 0.011976 
-0.951838 0.214369 -0.005157 
0.265550 0.830206 0.027034 
-0.385868 -0.836360 -0.029802 
-0.529662 -0.720698 -0.000019 
0.871210 -0.209030 -0.029046 
0.774962 -0.429488 0.007693 
-0.670444 -0.702731 0.028992 
0.895482 0.236688 0.006776 
-0.239480 0.870364 0.019612 
0.573102 -0.799534 -0.029483 
0.396701 0.811703 -0.029802 
0.520132 0.736356 0.027527 
-0.577069 -0.683445 -0.013874 
0.888100 0.054456 -0.018409 
0.161497 0.914605 -0.029802 
0.798270 0.560813 -0.006593 
0.959166 -0.209807 0.028974 
0.829778 -0.327212 0.029004 
0.003295 -0.923203 0.018746 
-0.916649 -0.092649 0.008743 
-0.884186 0.257800 -0.029754 
0.656818 -0.610832 -0.025092 
-0.361330 -0.846194 -0.029802 
-0.228464 -0.971368 0.025418 
0.796527 -0.442659 -0.029802 
0.501865 -0.801074 0.005659 
-0.361905 0.842148 -0.029726 
-0.351448 -0.890814 0.010987 
-0.704879 -0.603539 0.009929 
0.205797 -0.895883 0.027195 
0.096090 0.965391 -0.002084 
0.486075 0.775071 0.008941 
-0.956986 0.056142 0.027055 
0.855743 -0.307461 0.029000 
0.178540 0.896246 0.008384 
-0.865487 -0.382700 -0.029802 
-0.945005 -0.042271 0.009849 
-0.322456 0.914793 -0.007468 
0.106864 0.901262 -0.029802 
0.908915 0.186165 -0.029802 
0.603314 -0.657819 0.028825 
0.965457 0.191655 0.028747 
-0.890335 -0.414028 -0.023785 
0.939108 -0.226340 0.028769 
0.889983 0.006965 -0.004308 
0.844903 -0.459193 0.019039 
-0.493663 -0.797825 0.005831 
-0.880381 -0.187626 0.028929 
-0.865211 0.393341 -0.029778 
-0.834451 0.258129 0.022352 
0.747696 -0.645711 -0.006212 
-0.959716 -0.199391 -0.017362 
-0.641141 0.654847 0.007564 
-0.088430 -0.907942 -0.029802 
-0.980521 -0.093348 0.003731 
0.956748 -0.090286 0.025154 
-0.887593 -0.213176 -0.029802 
0.900932 -0.034615 0.028937 
0.265716 0.871352 0.010476 
0.850253 0.256256 -0.026525 
0.843474 -0.481134 -0.029802 
0.838736 -0.420931 0.005659 
0.694447 -0.619478 0.008580 
-0.845319 0.482587 -0.015058 
0.776470 -0.622870 0.005004 
-0.740697 -0.510519 0.028966 
-0.882805 -0.169413 -0.029802 
0.240646 0.842574 0.001649 
0.935772 0.071018 -0.029802 
0.308776 -0.904976 0.008903 
0.595908 0.743991 0.027577 
0.282128 0.933053 0.028821 
0.387163 0.901668 0.009750 
0.025230 0.970941 0.029004 
0.520110 -0.742970 0.028961 
0.936321 0.153960 0.010913 
-0.837194 0.497997 0.028965 
0.422038 -0.848663 0.005898 
-0.895477 0.373656 -0.028967 
-0.833250 -0.536438 0.027244 
0.017887 0.901999 0.021479 
-0.463816 -0.813099 0.006377 
-0.960945 0.216588 0.023867 
0.155637 0.928725 0.012815 
0.176412 -0.972840 0.028913 
-0.003177 0.970154 -0.006538 
-0.823177 0.422862 -0.029775 
0.477766 -0.795193 -0.029776 
0.953439 0.058754 0.016578 
0.112636 -0.896434 0.028956 
0.945051 -0.297966 0.028000 
-0.264226 0.915884 -0.029787 
0.206845 -0.969106 -0.000696 
-0.533942 0.712061 0.028926 
-0.035342 -0.954922 0.008618 
-0.657616 -0.648311 -0.029802 
-0.709460 0.521721 -0.015701 
-0.517955 0.820475 -0.008110 
0.852695 0.350834 -0.029802 
0.655121 -0.753189 0.007842 
-0.644370 0.609824 0.028904 
0.617324 0.630603 -0.008115 
-0.904996 0.018131 0.028138 
-0.444400 -0.801422 0.026921 
0.931859 -0.121799 0.005659 
0.918124 -0.384459 0.021283 
-0.771073 -0.627650 0.011079 
-0.965872 -0.148525 -0.028042 
-0.069471 0.866710 0.024893 
0.497853 -0.854259 -0.025820 
0.808679 -0.364695 0.004768 
-0.871327 -0.104668 0.020845 
-0.514565 -0.780927 0.006480 
0.778571 -0.533610 -0.029758 
-0.093263 0.873351 -0.024907 
-0.293277 -0.944323 -0.004994 
-0.644975 -0.627751 0.028950 
-0.926528 0.248832 0.028986 
-0.046449 0.922439 -0.029802 
-0.273767 -0.860795 0.028949 
0.774173 -0.542178 0.005888 
0.975111 0.103393 -0.021200 
0.058604 0.897979 -0.029802 
0.160881 -0.984590 0.004948 
0.065157 -0.892694 0.001832 
-0.584585 0.771667 0.028900 
-0.815911 0.340906 -0.027181 
-0.578472 -0.807004 0.028122 
-0.737165 -0.555972 0.015196 
0.014113 -0.915958 -0.029802 
0.249398 -0.886244 0.025354 
0.897480 -0.158225 -0.029802 
0.867787 0.273528 0.023485 
0.885233 0.015079 0.028792 
-0.910558 -0.027433 0.019100 
0.641211 -0.651191 0.028793 
-0.372671 -0.896845 -0.029802 
0.592741 0.641368 0.006736 
-0.266043 -0.937002 0.029004 
-0.275587 0.868111 -0.029745 
-0.864910 -0.466301 -0.022864 
0.714422 -0.661673 -0.029711 
-0.777538 0.415804 -0.009563 
0.856230 -0.214277 0.009128 
-0.781601 -0.407316 0.016634 
0.882331 0.320441 0.006563 
-0.044007 -0.998392 0.018545 
0.905484 0.381824 0.028632 
0.734166 0.559751 0.006540 
-0.136849 0.968304 0.026579 
0.315775 0.878074 -0.029802 
-0.865523 0.181455 -0.003301 
0.669516 -0.725367 -0.026666 
-0.732522 -0.664219 0.001947 
-0.070576 0.976400 0.006995 
0.977638 0.039155 -0.028286 
0.678023 0.565992 -0.021380 
0.655217 0.729519 0.003814 
0.318811 -0.944029 0.003518 
-0.793123 0.547200 0.028998 
-0.977000 0.032952 -0.004150 
0.463596 -0.768610 -0.000046 
0.293926 -0.838455 0.023135 
-0.711368 -0.647860 0.023091 
0.778895 -0.607467 -0.018470 
-0.933403 0.298011 0.028738 
-0.196063 -0.914940 0.006923 
0.697186 0.694404 0.021691 
0.874694 -0.451485 -0.027649 
-0.162678 0.881585 -0.029802 
0.777136 0.415192 0.028837 
0.985468 0.038114 0.028659 
-0.979881 0.114705 0.019003 
-0.856489 -0.336456 -0.029802 
-0.922230 -0.336028 -0.007113 
-0.234206 0.906834 -0.029786 
-0.552816 0.683933 -0.004244 
0.451205 0.777450 -0.029802 
0.847668 -0.505116 -0.016389 
0.432156 0.814882 0.005945 
0.665379 0.703626 -0.029541 
-0.592473 0.730295 -0.029716 
0.697604 -0.643186 -0.029688 
-0.369138 0.796977 -0.017555 
-0.660675 0.631796 0.008756 
0.649282 -0.712225 0.018205 
0.567158 -0.810193 -0.008253 
-0.562943 0.790578 -0.008328 
-0.598143 0.678414 0.018282 
-0.901231 -0.413951 0.015623 
-0.792027 0.431340 0.027377 
-0.157513 0.856562 0.027373 
0.111049 -0.973281 0.029004 
-0.962854 0.157066 -0.025665 
0.787371 0.404152 -0.000084 
0.632476 -0.754554 -0.029230 
0.880906 0.168096 0.029004 
-0.681095 0.543003 0.008218 
-0.451386 -0.836544 0.007028 
0.642359 -0.620276 0.028686 
-0.501806 0.714937 0.003148 
-0.876085 0.419579 -0.028314 
-0.609754 -0.751273 -0.029802 
-0.640005 -0.686210 0.005659 
0.536133 0.775754 -0.029802 
0.935277 -0.308287 -0.009124 
-0.801546 0.511843 -0.029703 
0.043321 0.900271 0.023519 
-0.414570 -0.797204 0.028973 
-0.690077 0.691143 0.028621 
0.517029 -0.812091 -0.029788 
-0.286975 -0.869498 -0.029802 
0.446916 -0.877380 -0.029375 
-0.247454 -0.887708 -0.029802 
-0.706245 -0.700281 0.006685 
-0.283754 0.937254 0.009871 
0.654979 0.622392 0.026896 
0.593135 0.676084 0.028725 
-0.232026 -0.860420 0.028006 
0.764587 -0.488620 0.028979 
0.178966 -0.952059 -0.029802 
0.417545 0.779657 0.029004 
0.271227 -0.952334 -0.002013 
0.329704 -0.855531 0.028444 
-0.919292 0.207079 -0.029699 
-0.301931 0.846444 -0.029802 
0.688926 0.654109 -0.029802 
-0.295072 0.838503 0.028995 
-0.902596 0.119561 0.017600 
0.661975 0.617920 -0.029802 
0.394534 -0.886811 0.028311 
-0.101880 0.919677 -0.029802 
0.941570 -0.092201 -0.029802 
0.780402 0.559941 0.029004 
-0.877431 -0.000865 0.006671 
0.830241 0.427156 0.005659 
0.596754 -0.744612 0.008374 
-0.819533 0.524350 -0.005693 
-0.156581 0.961667 0.002683 
-0.702223 0.529817 0.028990 
0.149431 -0.954940 0.021517 
0.231990 0.915742 0.016396 
0.275844 0.915542 -0.029802 
0.736053 0.472355 0.022778 
-0.859945 -0.413313 -0.029802 
0.683871 -0.667022 0.009406 
-0.850024 0.431616 -0.029771 
0.540690 -0.838244 0.026553 
-0.449399 -0.864167 0.029004 
0.966924 -0.224421 0.006378 
-0.805079 0.355268 0.028907 
-0.176299 0.953529 -0.015346 
-0.886368 -0.043800 -0.026351 
-0.175420 -0.964757 0.029004 
0.129865 0.902549 0.009418 
-0.833388 0.292688 -0.020051 
-0.862782 0.143902 0.011182 
-0.604392 -0.721331 0.005659 
-0.972500 -0.063992 -0.029224 
-0.514218 -0.736939 -0.028459 
0.844504 0.271054 -0.008594 
-0.660227 0.581975 -0.002232 
0.928351 0.198266 0.011656 
0.680102 0.622351 0.009473 
-0.133573 -0.947080 0.009241 
0.327713 0.855604 -0.029802 
-0.000250 -0.974736 -0.029802 
-0.830584 -0.407762 0.010340 
0.372040 -0.829739 0.028973 
-0.173402 -0.882644 -0.027377 
-0.916934 -0.372535 0.026749 
-0.799412 -0.454899 -0.029802 
0.529436 0.815646 -0.014600 
0.262301 -0.927501 0.016036 
-0.132525 -0.878018 0.009422 
-0.314976 -0.848041 -0.029802 
0.818539 -0.479178 -0.029802 
-0.540415 0.760112 -0.029728 
-0.886887 0.170140 0.028495 
-0.885147 0.064398 0.028974 
0.386161 -0.883819 -0.029741 
0.956379 0.151109 -0.029802 
0.046790 -0.918819 -0.029802 
-0.747348 0.478547 0.029000 
0.422188 0.772591 -0.008608 
-0.136163 -0.915311 -0.029802 
-0.011241 0.900560 0.025067 
0.744628 0.583727 0.012581 
0.042385 -0.897236 -0.003281 
0.327534 0.816289 -0.003463 
-0.892331 -0.270443 -0.029802 
0.185129 0.873219 -0.029802 
-0.953153 -0.095442 -0.029802 
-0.823905 0.316734 -0.004007 
0.400863 -0.816290 0.028974 
0.340523 0.909448 -0.007295 
-0.032759 -0.923139 0.017662 
0.627013 0.663102 0.011761 
0.728354 -0.547629 -0.029724 
-0.833439 -0.375443 -0.029802 
-0.143143 -0.979035 -0.010213 
-0.484433 0.727777 0.028797 
0.536796 0.703267 -0.028879 
0.873683 -0.151970 0.027899 
-0.856586 0.461909 -0.017909 
-0.185812 0.899522 0.006357 
-0.470723 0.848354 -0.005441 
-0.249245 -0.957480 -0.006727 
0.814757 -0.521248 -0.029802 
0.403049 -0.867175 0.008996 
-0.745731 0.638385 0.023028 
-0.376018 -0.865510 0.005659 
0.687799 0.668528 0.029004 
0.907944 0.214934 0.005659 
0.728975 -0.681052 0.012180 
-0.879016 0.374898 0.027640 
0.922513 0.104729 0.006544 
0.967596 -0.193423 0.001415 
0.136864 0.952113 -0.029802 
-0.878171 0.159901 -0.029706 
0.196949 0.945120 -0.029527 
0.594289 0.701014 0.007293 
-0.476092 -0.839552 0.025319 
0.298286 0.827728 -0.007310 
-0.612943 0.752877 -0.007385 
0.720573 -0.532124 -0.012559 
0.945561 -0.164212 0.021957 
0.801656 -0.495614 -0.029802 
-0.937446 0.285728 0.002858 
0.972014 0.146847 0.001533 
0.951132 0.016522 -0.029802 
-0.222706 0.943515 -0.021894 
0.700603 -0.582879 0.028996 
-0.861682 0.296674 0.013799 
0.570078 0.749087 0.010111 
0.669303 0.669707 0.014520 
0.251796 0.910785 -0.029802 
-0.768332 -0.566578 -0.029802 
0.883837 -0.454050 0.027334 
-0.912573 0.331881 -0.028617 
-0.897742 -0.097681 -0.029802 
0.870769 0.175762 -0.007590 
-0.027005 -0.897630 -0.017741 
-0.696562 -0.602822 -0.029802 
-0.316250 -0.875165 0.009196 
-0.841600 0.364333 0.008574 
0.185563 0.960241 0.027283 
0.301298 -0.878016 0.012029 
0.473319 0.812809 0.010296 
0.841748 -0.367779 0.019256 
-0.956691 -0.242789 0.004108 
-0.737795 0.614428 0.028917 
0.674627 0.555588 0.016206 
-0.939361 -0.282070 -0.010057 
-0.583350 -0.732403 0.006084 
-0.749925 0.561937 0.012750 
-0.788761 -0.483304 0.012352 
-0.110721 -0.919919 -0.029802 
-0.841987 -0.464426 -0.029802 
-0.106185 0.931843 0.009993 
0.901002 -0.406430 0.029004 
-0.406584 -0.885814 -0.029802 
0.972119 -0.185240 0.028219 
0.715363 -0.529126 0.026319 
0.910137 -0.081982 0.023994 
-0.693564 -0.698646 0.028913 
-0.063437 -0.937011 -0.029802 
-0.925015 -0.241388 0.019766 
0.886837 -0.305822 0.005659 
0.647288 0.585870 0.018789 
0.096565 -0.912996 -0.029802 
0.059130 -0.925381 0.013009 
-0.783387 0.470729 0.009761 
0.865595 0.248833 0.029004 
-0.040715 0.948951 0.027610 
0.181343 0.849797 0.021914 
0.309661 -0.851793 -0.029800 
0.168761 -0.874379 0.005351 
-0.570423 0.752089 -0.029711 
0.472081 -0.860309 0.028970 
0.888655 -0.107330 -0.029229 
-0.905832 -0.118209 0.017254 
0.417787 0.823247 -0.029802 
0.618974 -0.732621 0.011970 
-0.917156 0.209386 0.008452 
-0.900745 0.098286 -0.029802 
-0.094999 -0.968531 0.029004 
0.842552 0.300583 0.029004 
0.904955 -0.108863 0.027413 
-0.276163 -0.928193 -0.029802 
-0.027771 -0.991302 0.000702 
0.875016 -0.173149 -0.010041 
0.697815 0.589318 0.015827 
-0.874281 0.448940 0.007793 
-0.216457 -0.878119 0.028944 
0.454492 -0.882724 0.001658 
-0.401982 0.893205 0.010488 
0.236697 -0.923946 0.007578 
-0.828883 -0.486037 0.025363 
-0.116895 0.896040 0.017672 
-0.950763 0.112696 -0.029802 
0.108353 0.871869 -0.004636 
-0.884971 0.040734 -0.006789 
0.310863 -0.875857 -0.029764 
-0.828459 0.282013 0.026135 
-0.275487 -0.885397 0.011960 
-0.457166 0.757114 0.029004 
-0.877709 -0.442451 -0.012452 
-0.247793 -0.957221 0.029004 
0.901159 -0.194511 0.012297 
-0.931340 -0.218109 -0.029802 
0.377518 0.825139 0.014825 
0.201752 -0.946171 -0.029753 
-0.355653 -0.823361 -0.002647 
-0.882551 0.301104 -0.029735 
-0.930803 -0.030505 -0.029802 
-0.646548 0.737729 0.021350 
0.864709 0.373848 0.008062 
-0.399947 -0.802296 -0.003700 
-0.599336 -0.775445 -0.029784 
0.590163 -0.758910 -0.029769 
0.227779 0.849759 -0.026009 
0.680865 0.709690 0.013522 
0.857981 0.342797 0.006995 
0.694248 0.598154 -0.029802 
0.411213 0.849312 -0.029802 
-0.216053 -0.965023 -0.023040 
-0.337113 -0.892778 -0.029802 
-0.765016 -0.447675 0.028276 
-0.054555 0.976464 0.026639 
-0.047517 0.974391 0.003279 
-0.127063 -0.904660 0.028993 
-0.786847 0.376329 0.013533 
-0.645668 0.598401 -0.008370 
0.015627 -0.989834 -0.007335 
-0.492731 -0.748445 -0.025785 
-0.433559 -0.797528 -0.029802 
0.277684 0.890373 0.006769 
0.975528 -0.153243 0.028789 
-0.687421 0.568257 -0.029802 
-0.125359 0.859053 0.017630 
-0.835648 -0.346014 -0.029802 
0.593566 0.734492 -0.029802 
-0.525970 0.704291 -0.010958 
0.719827 -0.579810 0.013364 
0.306519 0.856307 0.012030 
-0.365200 -0.918607 -0.012992 
0.900652 0.214186 -0.029802 
-0.983490 0.078838 0.015783 
0.033764 0.877560 -0.014651 
0.929130 0.316310 0.001539 
0.453625 0.750210 0.028854 
-0.896458 -0.233450 0.006977 
0.137756 -0.978226 -0.028048 
0.386200 0.859173 -0.029802 
-0.463621 -0.766738 -0.001930 
-0.973871 0.061784 -0.027194 
0.588054 -0.786244 0.028957 
-0.396524 0.827836 0.006560 
-0.763441 0.596194 0.028975 
0.155960 0.962501 0.002729 
-0.545821 -0.783288 0.009637 
-0.609182 0.722735 0.016593 
0.894362 0.280879 -0.029802 
0.870163 -0.419592 0.026864 
0.195423 0.856967 -0.011268 
0.439126 -0.871907 0.028903 
0.490948 -0.869004 0.005595 
-0.951985 0.021765 0.018610 
0.387156 0.782071 0.004705 
-0.870764 -0.175432 -0.011734 
-0.825418 0.454402 0.014423 
-0.107722 0.961603 0.029004 
0.936690 0.283575 -0.011200 
0.550837 -0.733989 0.027450 
-0.761325 -0.498392 -0.029802 
0.536067 -0.838306 0.003272 
-0.172063 -0.974244 -0.011566 
-0.910724 -0.362136 -0.027093 
-0.887721 -0.338266 -0.029802 
0.127409 -0.958671 0.023844 
0.130014 0.883776 -0.029802 
0.732750 0.601664 -0.029802 
0.926117 0.343252 0.010775 
-0.240690 0.939476 -0.009099 
-0.503833 0.840582 0.018623 
0.723143 0.508765 -0.005121 
0.779597 0.419004 -0.015609 
-0.543796 -0.825387 -0.000550 
0.731976 0.544617 -0.029802 
0.050321 0.968613 -0.017065 
-0.606634 -0.762803 0.029004 
0.583914 0.789936 0.023343 
0.986114 -0.096527 0.005482 
0.097695 -0.925546 0.009962 
0.174013 -0.944319 0.011854 
0.895216 -0.244491 0.008104 
0.926806 0.020658 -0.029802 
0.350620 0.844742 0.008440 
0.845576 0.504031 0.026501 
-0.768382 -0.452059 -0.005271 
0.594446 -0.671656 -0.010533 
-0.171632 0.853571 0.004829 
0.143335 0.939675 0.027820 
0.922581 0.042609 0.008898 
-0.372148 -0.925486 0.025277 
-0.923929 0.044493 -0.029802 
-0.855323 0.345561 0.006419 
0.121282 -0.936800 0.005659 
-0.920305 -0.177020 0.005769 
0.236103 0.937001 -0.029331 
-0.960520 0.029782 -0.029802 
0.549820 -0.696832 0.013569 
0.638252 0.735233 -0.009988 
-0.792309 0.501253 0.009583 
-0.889228 0.409077 0.002899 
-0.629325 -0.767985 0.004083 
0.959229 0.165283 0.029004 
-0.948475 0.264963 0.019304 
0.953300 -0.142654 -0.029802 
-0.873468 -0.342743 0.005659 
-0.112167 -0.884529 0.003658 
0.846811 0.283205 -0.029672 
0.752451 -0.613458 -0.029766 
-0.345387 0.878224 -0.029802 
0.361199 0.872375 0.014722 
0.838929 -0.279444 0.007116 
0.268862 0.878491 -0.029802 
0.892164 0.126650 0.029004 
-0.150676 -0.947512 -0.029802 
-0.453081 0.753052 -0.019323 
0.807554 0.446655 -0.029802 
-0.714183 -0.549245 0.028999 
0.962941 0.185695 -0.001211 
-0.139859 0.939611 -0.029802 
-0.930680 -0.026040 0.005557 
-0.542221 0.816711 0.020911 
-0.606092 0.770575 0.024141 
-0.965426 -0.004270 0.028977 
-0.311095 0.821250 -0.000531 
0.421200 0.836554 0.008159 
0.076927 0.975071 0.005169 
0.626232 -0.631229 0.004604 
-0.687569 0.659416 0.027348 
0.666769 0.675765 -0.029802 
0.448760 0.747197 0.007260 
0.781930 -0.588871 -0.029799 
0.486282 0.771419 -0.029802 
0.498964 0.809930 -0.029802 
-0.681091 0.691822 -0.025445 
0.865605 -0.171852 0.023298 
0.888742 -0.071325 -0.024887 
-0.051450 0.943950 -0.029802 
0.758389 0.438365 0.023779 
-0.881234 0.083714 -0.007076 
0.486516 0.841741 -0.021272 
0.526887 0.694278 0.012458 
-0.912720 0.090965 0.009872 
0.492798 -0.783296 0.014518 
-0.740970 -0.611656 -0.029802 
0.966681 -0.037587 -0.029802 
-0.852002 0.383379 0.006512 
-0.917763 0.138982 -0.029802 
-0.875438 -0.052364 0.010950 
-0.613562 0.630507 -0.010822 
0.970964 0.134725 -0.016520 
0.889166 -0.050857 -0.012395 
0.518106 -0.733151 -0.005013 
0.043251 0.938494 0.011206 
-0.818763 -0.326951 0.006240 
0.049549 -0.988681 -0.010991 
-0.328369 -0.824434 0.009059 
0.119651 0.861703 0.024913 
-0.924847 0.329152 0.004258 
-0.864503 -0.422269 0.026781 
-0.763241 -0.461767 -0.024661 
0.875827 0.424573 0.029004 
-0.435735 0.786935 -0.029802 
-0.687993 -0.686868 -0.029802 
-0.338294 0.799952 0.022281 
0.031202 -0.992708 0.028944 
-0.871708 0.187584 0.028881 
0.078272 0.958504 0.029004 
0.534352 0.715311 0.029004 
0.304897 -0.921154 0.027388 
-0.845111 -0.383807 0.006982 
0.508579 -0.848568 -0.007989 
0.888129 0.411513 0.000183 
-0.979951 -0.134454 0.012564 
0.528387 0.746857 0.009113 
0.868990 0.201146 0.029004 
-0.882786 0.102827 0.028965 
0.615248 0.753325 0.028983 
-0.450274 0.870154 0.015460 
0.870946 -0.254595 -0.029691 
-0.917906 0.039303 0.009361 
0.864760 0.304085 0.013387 
-0.381085 0.887275 0.028980 
0.282955 0.928551 -0.013368 
0.052308 -0.912666 0.028915 
-0.589049 -0.779615 0.029004 
0.919190 0.172065 0.005659 
-0.875724 0.346994 0.012918 
0.085115 0.885286 0.029004 
-0.782237 0.453514 0.024316 
0.221792 0.954669 0.013095 
0.792427 0.490301 -0.029802 
-0.078529 0.974330 0.027053 
-0.008872 0.941095 0.012807 
-0.640165 0.644423 -0.029740 
-0.397268 -0.823591 0.028654 
0.896470 0.157878 -0.029802 
0.498693 -0.743013 0.028879 
0.558620 0.716260 0.015505 
0.333454 0.885925 0.018408 
-0.849933 0.241794 -0.000549 
-0.906837 -0.077993 0.023682 
-0.621001 0.609433 0.016894 
-0.698153 -0.661679 -0.029802 
-0.876044 -0.300767 -0.029802 
-0.490161 -0.857630 -0.015283 
0.753838 -0.548595 0.007482 
0.446172 0.772716 0.029004 
-0.701440 0.638164 0.021746 
0.829902 0.481456 -0.029802 
0.140188 -0.989884 0.014841 
0.824434 -0.436373 -0.029802 
0.232337 -0.895186 0.016168 
0.876754 0.094712 0.025116 
0.134800 -0.881544 0.027625 
-0.051134 -0.896805 -0.013519 
0.937315 0.245340 -0.029802 
0.886753 -0.069202 0.028892 
-0.292635 -0.839370 0.005426 
-0.373518 0.824854 0.015303 
-0.966106 -0.141019 0.029004 
-0.240564 0.933520 0.028985 
0.925828 0.248107 0.027076 
-0.809084 -0.387201 0.028949 
0.659970 -0.675385 -0.029783 
-0.867161 0.119067 0.009789 
-0.747699 0.516663 0.014172 
-0.047620 0.868919 0.005333 
0.502990 0.834347 0.000582 
-0.472982 -0.855605 -0.029802 
-0.639196 0.698823 0.020155 
0.465608 0.747994 -0.006675 
0.783723 0.456676 -0.029802 
-0.546318 0.800952 -0.026507 
-0.928543 0.297670 -0.012247 
-0.892400 0.000998 -0.029710 
-0.612331 -0.657363 0.028962 
-0.394500 0.869114 -0.029732 
0.783459 0.580892 0.029004 
0.880624 0.040599 0.024456 
0.956394 0.061209 -0.029802 
-0.229283 0.866730 -0.029722 
-0.819663 0.319158 0.028932 
0.883654 -0.290022 -0.029749 
0.890369 -0.015643 -0.006323 
0.592323 -0.704401 -0.029729 
-0.598152 -0.665061 -0.018808 
-0.855909 0.480337 0.026726 
0.194964 0.915634 0.008505 
0.660706 0.704057 0.028983 
-0.060339 -0.958503 0.012208 
-0.670370 0.649397 -0.029796 
0.493905 0.729434 -0.019297 
-0.876529 -0.146770 0.029004 
-0.959573 -0.108356 0.028973 
0.045423 0.964781 0.029004 
-0.970824 0.171713 0.018407 
-0.586503 0.773486 -0.022752 
0.398619 0.784791 -0.013045 
-0.142484 -0.886305 -0.010005 
0.919314 0.301151 0.029004 
0.963462 -0.194709 -0.026229 
0.550888 0.758035 0.007722 
-0.759139 -0.640912 0.025442 
0.877390 0.254672 -0.029802 
-0.734961 -0.505819 -0.016981 
-0.818847 -0.390631 -0.029802 
-0.196464 -0.884561 -0.029802 
