0.485165 -0.854349 0.040938 
-0.494998 0.857463 0.133779 
0.850831 0.497576 0.036701 
-0.858007 -0.487616 0.073877 
-0.906549 0.257948 -0.129224 
0.214296 0.880404 -0.143888 
0.950327 -0.252384 0.055137 
-0.245651 -0.904641 -0.143674 
-0.377398 -0.533164 0.130494 
-0.653718 -0.059712 0.116895 
0.379893 0.534298 0.135337 
-0.536398 0.390582 0.138019 
0.078787 -0.646072 0.130054 
0.550937 -0.432712 -0.143888 
0.703659 0.086625 -0.143888 
-0.079961 0.657065 0.138019 
-0.602201 -0.719728 -0.140806 
0.584832 0.731857 -0.143888 
0.777651 -0.600086 0.138019 
-0.214091 0.897148 -0.143888 
-0.695800 0.636623 -0.120110 
-0.927462 -0.159724 -0.141985 
0.140921 -0.906748 -0.143888 
0.969819 0.149137 0.138019 
-0.614383 -0.350286 -0.143888 
0.430493 0.889262 0.135233 
0.021122 0.988959 0.125050 
-0.458055 -0.869004 0.138019 
-0.987647 0.031943 0.138019 
0.635485 -0.142982 0.136128 
0.614637 0.272089 0.138019 
-0.871049 0.462606 0.138019 
-0.033458 -0.973993 0.138019 
0.398856 -0.523874 0.138019 
-0.372297 0.598691 -0.081538 
0.586510 0.413323 -0.143888 
0.336699 -0.655628 -0.143888 
0.672262 0.722923 0.133275 
-0.605145 0.361674 -0.140343 
-0.335317 -0.616080 -0.143888 
-0.701620 0.059771 -0.139002 
-0.052814 -0.696723 -0.138556 
0.708586 -0.196903 -0.143888 
0.326881 0.622024 -0.140205 
-0.596656 -0.359550 0.138019 
-0.673244 -0.690298 0.138019 
-0.002743 0.704649 -0.130485 
0.889043 0.289520 -0.143888 
0.823903 -0.443355 -0.106395 
0.233696 -0.919984 0.138019 
-0.909093 -0.226926 0.138019 
0.633046 -0.688578 -0.124694 
0.935320 -0.056097 -0.133574 
0.172202 0.710033 0.073396 
-0.242043 0.959990 0.136686 
-0.713549 0.677205 0.138019 
-0.705466 0.209288 0.067688 
-0.467828 0.819198 -0.139234 
-0.203573 -0.697199 0.072945 
0.608726 -0.377061 0.087184 
-0.761414 -0.541382 -0.143888 
-0.302227 0.584874 0.137888 
-0.957111 0.251832 0.125849 
0.703218 0.069317 0.122092 
-0.253140 -0.947728 0.138019 
-0.006964 0.942566 -0.091458 
0.748982 0.566183 -0.143888 
-0.260244 0.769337 0.026115 
-0.822798 0.460578 -0.117866 
0.575611 0.566616 0.026253 
-0.940507 0.052360 -0.087842 
0.411069 0.846764 -0.071339 
0.253261 -0.733841 0.033048 
0.232890 0.960948 0.126025 
-0.479243 -0.690927 0.027321 
-0.871560 -0.354004 -0.089026 
0.927062 -0.054863 0.123014 
-0.536824 0.661733 0.028938 
-0.502478 -0.488495 -0.041512 
-0.682508 -0.167911 -0.054849 
0.340244 -0.871503 -0.115460 
0.062215 -0.820658 0.025478 
0.599293 -0.685552 0.075851 
0.825241 -0.408113 0.093834 
0.843804 0.292824 0.053009 
-0.665022 0.503960 0.025911 
-0.052700 -0.935017 -0.106078 
0.898426 -0.262636 -0.138818 
-0.423519 -0.818227 -0.143888 
0.143845 -0.697667 -0.143888 
-0.828687 -0.069807 0.025746 
0.410888 0.685439 0.027576 
0.696450 -0.056409 -0.018099 
-0.077807 0.809933 0.025824 
-0.197709 0.676579 -0.123326 
0.758839 -0.248651 0.026959 
0.655449 0.245790 -0.039913 
0.931356 0.103957 -0.050080 
0.556896 0.815277 0.030776 
-0.683669 -0.468047 0.025584 
0.693705 0.406581 0.026601 
0.525210 0.431946 0.138019 
0.494063 -0.793477 -0.143888 
-0.362060 0.911310 0.020357 
-0.509222 0.487804 -0.046963 
-0.112845 -0.856549 0.035210 
-0.776629 0.360994 0.030229 
-0.339047 -0.884907 0.003520 
0.167947 0.702490 -0.143888 
0.428996 -0.549986 -0.046512 
-0.529831 0.625325 -0.143888 
-0.736773 0.257612 -0.143888 
0.655837 -0.526122 0.027988 
0.488140 0.579813 -0.143888 
-0.715020 -0.304693 0.034492 
-0.691727 -0.634919 -0.017437 
0.763208 0.397626 -0.143888 
-0.212721 -0.738038 -0.143888 
0.735520 0.619736 0.010976 
0.111892 -0.976749 0.027609 
0.243734 -0.603399 0.131591 
0.115707 0.858481 0.034101 
-0.053606 -0.657286 0.021640 
0.429737 -0.702758 0.025513 
-0.876544 0.120919 0.043790 
0.626385 -0.307706 -0.063494 
0.277376 0.594343 0.028936 
-0.791978 -0.070463 -0.143888 
-0.983317 -0.099569 0.043013 
-0.473848 0.534321 0.115793 
-0.800665 0.582983 0.042572 
0.301241 0.807917 0.032737 
0.736851 -0.567430 -0.143888 
-0.672773 0.055906 0.015294 
-0.121501 0.957246 0.010843 
0.025558 0.656576 0.026497 
-0.323388 0.768043 -0.143888 
-0.621613 -0.208566 0.128951 
-0.419081 0.758026 0.033661 
-0.758535 -0.270220 -0.143888 
0.833762 0.013533 0.026590 
-0.601122 -0.536174 -0.143888 
-0.579877 -0.796913 0.088729 
-0.587217 0.297006 0.034109 
-0.615901 0.775263 0.085867 
0.762938 0.169953 0.031719 
-0.520270 -0.483614 0.113937 
-0.295396 -0.589620 0.022265 
0.485611 -0.432689 0.030564 
0.438536 0.722628 -0.143888 
-0.168756 0.641576 0.022961 
0.766728 -0.043737 -0.143888 
0.340324 -0.842361 0.072336 
-0.920070 0.365546 0.042761 
-0.772160 -0.583459 0.138019 
-0.682478 0.495561 -0.143888 
0.798454 -0.533096 0.012263 
0.066569 0.829243 -0.143888 
0.508265 -0.621656 -0.143888 
0.782431 0.574576 0.138019 
-0.915714 -0.216114 -0.003371 
-0.847085 -0.346105 0.075018 
0.435034 0.551581 -0.012299 
0.750803 0.246254 -0.143888 
-0.469750 -0.658736 -0.143888 
-0.586277 0.738849 -0.086096 
-0.334480 -0.747791 0.025478 
0.722320 -0.652967 0.020916 
0.014094 -0.819798 -0.143888 
-0.106349 0.810296 -0.143888 
0.554880 0.403918 0.006327 
0.699703 -0.397053 -0.143888 
0.290235 0.764521 -0.143888 
0.108447 -0.682130 0.001658 
0.923689 -0.153105 -0.038112 
-0.837146 0.141724 -0.143888 
-0.598810 -0.364207 -0.002432 
0.304095 -0.603689 0.010625 
0.909084 0.379807 0.133148 
0.247365 -0.902645 -0.022837 
0.568404 -0.801404 0.134908 
0.947926 0.219086 0.019152 
-0.700372 0.097901 0.138019 
-0.736010 -0.412295 -0.143888 
-0.581421 -0.577842 0.025478 
0.852017 0.150021 -0.143888 
0.875664 -0.330173 -0.018915 
0.618214 0.579680 -0.143888 
0.601254 -0.249949 0.060842 
0.237201 0.911529 -0.012400 
-0.836761 0.247031 0.036399 
-0.132766 -0.841709 -0.143888 
-0.677957 0.668132 0.002331 
0.982831 0.047863 0.061955 
0.851087 0.394940 -0.038624 
0.630143 0.169985 0.063642 
-0.845013 0.468087 0.011387 
-0.481217 -0.814862 0.002158 
-0.142306 -0.973299 0.073178 
0.053320 0.708419 0.138019 
-0.094871 0.941734 0.138019 
-0.016992 -0.960074 0.011980 
-0.239162 0.912207 -0.021480 
0.571353 0.689165 0.053145 
0.107111 0.983254 0.028254 
0.533906 -0.549534 0.037344 
-0.096461 -0.698449 0.135903 
0.564941 -0.745827 -0.038005 
-0.686833 0.157265 -0.054920 
-0.295346 0.608809 0.014887 
-0.724911 -0.152149 0.060296 
-0.208261 -0.913359 -0.018373 
-0.802893 -0.488262 -0.036072 
-0.356643 0.866261 0.134657 
-0.154193 -0.681843 -0.051574 
0.920799 -0.343953 0.136648 
-0.409971 -0.567618 -0.059652 
0.093081 -0.929342 0.138019 
-0.262311 -0.603612 0.138019 
-0.519492 0.828885 0.018833 
0.351238 0.922566 0.025665 
0.117600 0.934934 -0.096829 
0.233197 -0.778515 -0.143888 
0.818218 -0.143856 0.026258 
0.642399 0.304352 -0.143888 
0.692057 0.079292 -0.001380 
0.709903 -0.051661 0.100663 
0.242267 0.628256 0.138019 
0.784847 -0.299346 -0.143888 
-0.224767 0.675383 0.131178 
0.617950 -0.558348 -0.143888 
0.928428 0.262439 0.138019 
0.729208 -0.392404 0.026029 
-0.080341 0.699828 -0.041046 
0.508641 0.483519 -0.078096 
-0.405099 0.533034 0.019395 
0.961393 -0.169261 0.138019 
-0.939613 -0.063480 -0.059909 
0.936184 -0.029708 -0.012674 
0.415261 0.800259 0.058589 
-0.700909 -0.056309 -0.002674 
-0.466348 -0.578333 0.055836 
0.212900 0.670506 -0.031255 
-0.433646 0.690998 -0.143888 
0.524842 -0.454328 0.138019 
-0.231139 -0.809218 0.027811 
0.646226 0.682286 -0.034482 
-0.585087 -0.733773 -0.007685 
-0.790918 0.045255 0.029684 
-0.583272 0.396485 -0.032873 
-0.482404 -0.536907 -0.143888 
0.428619 -0.878336 0.138019 
0.500309 0.798189 0.138019 
0.731614 0.296933 0.029474 
-0.948773 0.218966 0.016673 
-0.400197 0.646156 0.045456 
0.033198 0.780116 0.033702 
-0.754288 0.373537 -0.143888 
0.869016 -0.147967 -0.143888 
-0.623126 0.267837 0.138019 
-0.761389 0.556301 -0.060503 
0.819728 0.457266 0.138019 
0.176206 -0.832415 0.030494 
0.674339 -0.179450 -0.002807 
-0.317688 0.887877 -0.099812 
-0.566565 0.480274 -0.143888 
0.510015 0.790328 -0.083325 
0.372214 -0.767663 -0.143888 
-0.646749 0.279569 -0.059324 
-0.973720 0.032721 0.017394 
-0.624646 -0.240768 0.017748 
0.691385 -0.695597 0.138019 
-0.564974 0.471754 0.068121 
-0.773929 0.527792 0.134683 
-0.517720 -0.782510 -0.096943 
-0.815871 -0.250321 0.029876 
0.308986 0.881222 0.121014 
0.220533 -0.661783 -0.073598 
-0.933101 -0.063319 0.134281 
0.128979 0.926706 0.132870 
-0.113556 0.935811 -0.114966 
-0.361666 -0.915794 0.116931 
0.737381 0.515224 0.058310 
0.017935 0.901045 0.056995 
-0.255413 -0.651281 -0.078311 
-0.838220 0.032733 -0.143888 
0.687258 0.476486 -0.143888 
-0.862060 0.359303 -0.143888 
0.322684 0.884165 -0.137237 
0.051800 -0.934887 -0.077028 
0.414214 -0.602793 0.064383 
-0.298451 -0.810127 -0.143888 
0.198667 -0.619921 0.028049 
0.837868 -0.510997 0.138019 
0.277672 0.702986 0.047377 
0.018067 -0.697841 -0.058595 
0.826209 0.046384 -0.143888 
0.007599 -0.714836 0.091465 
-0.819603 -0.172874 -0.143888 
-0.933914 0.149074 0.138019 
0.393257 -0.848782 -0.018997 
-0.305683 0.651965 -0.143888 
-0.779892 -0.423231 0.047226 
-0.872121 0.340238 0.132270 
-0.658444 -0.631533 -0.143888 
-0.383742 -0.642334 0.050370 
-0.189222 0.896206 0.072834 
0.572757 -0.398352 -0.015103 
0.491601 -0.518303 -0.143888 
-0.781589 -0.601522 0.036266 
-0.123945 0.726500 0.066471 
-0.940072 -0.303934 0.058069 
0.612274 0.377136 0.087723 
0.807717 0.478731 -0.079990 
-0.929404 0.154014 -0.078462 
0.867490 0.161098 0.045212 
0.803451 0.386998 0.051393 
0.504536 0.518582 0.081645 
-0.628293 0.384064 0.067226 
-0.212575 0.775038 -0.143888 
-0.455809 0.537891 -0.117272 
-0.377846 -0.727569 -0.143888 
0.346085 0.628789 0.094958 
0.246169 -0.894772 -0.143888 
-0.655450 -0.253576 -0.100976 
-0.688897 -0.607832 0.082900 
-0.704981 0.584833 0.072573 
-0.701631 -0.125904 -0.143888 
0.918032 0.357692 0.035704 
0.116626 -0.793917 -0.143888 
0.175421 -0.691565 0.093772 
-0.833411 -0.434670 -0.143651 
-0.570540 0.562964 0.027709 
0.519046 -0.647519 0.026288 
0.674823 0.184482 -0.125907 
-0.097653 -0.744186 0.047826 
-0.430251 0.839284 -0.049594 
0.090210 0.698168 -0.036111 
-0.517026 -0.400833 0.039728 
-0.787178 0.162186 0.027098 
0.696569 0.619614 0.121710 
0.662693 -0.237235 0.138019 
-0.675812 -0.718031 0.044301 
-0.280824 0.863667 0.062971 
-0.548115 -0.437780 -0.111439 
0.913048 0.212732 -0.088567 
0.512320 -0.473719 -0.059890 
0.596558 0.316245 0.012959 
-0.196939 -0.890133 0.075342 
0.624835 0.482889 0.029751 
0.348988 -0.611531 0.135738 
-0.981015 0.128654 0.031291 
0.927860 0.080068 -0.143888 
-0.908916 -0.244093 -0.095855 
0.866716 -0.353946 -0.132781 
0.496921 0.622999 0.028122 
-0.882236 -0.419314 0.138019 
-0.165945 -0.630521 0.132093 
0.651922 0.010522 0.053572 
-0.384747 -0.528253 0.034178 
-0.753354 0.470060 0.045597 
-0.882432 0.331172 -0.039298 
0.141027 0.641451 0.133744 
0.675686 -0.310410 0.052403 
-0.894273 -0.131588 0.060337 
-0.029093 0.721758 0.088460 
-0.385784 -0.830310 0.080989 
0.312317 -0.931809 0.052745 
0.976401 -0.121009 0.035032 
0.636690 0.754283 0.027774 
-0.588890 -0.463156 0.050627 
0.699060 0.006812 -0.089279 
0.691859 -0.097155 -0.119674 
0.843077 -0.423620 0.001775 
0.689015 -0.632620 -0.072090 
0.657738 0.671503 -0.135670 
-0.975048 -0.160272 0.123125 
-0.719810 0.004025 0.093113 
0.860880 -0.301079 0.077573 
-0.002816 0.987352 0.024965 
-0.172081 0.807111 0.025478 
-0.522830 0.760732 0.083769 
0.578455 -0.298578 0.138019 
-0.758494 -0.512872 0.077510 
0.417178 -0.599251 -0.143888 
-0.352806 -0.868607 -0.094681 
-0.706028 0.299120 0.041025 
0.682987 -0.286880 -0.143888 
-0.641182 -0.439753 -0.143888 
0.591282 -0.784533 0.042786 
0.732757 -0.543560 0.078842 
0.327196 0.621858 -0.046877 
0.501586 -0.764219 0.081674 
-0.912713 -0.033432 -0.143888 
-0.287602 -0.869698 0.081716 
-0.641774 0.141878 0.073088 
0.395298 -0.516397 0.032951 
-0.477438 0.452846 0.044981 
0.210210 0.780087 0.026474 
-0.903554 -0.017660 0.059829 
-0.556339 -0.627526 -0.143888 
0.345531 -0.917225 0.138019 
0.895558 -0.158725 0.072985 
0.398501 0.578545 -0.103245 
-0.449676 0.881967 0.058220 
0.430503 -0.697510 -0.143888 
-0.142134 -0.636146 0.026710 
0.189810 0.895033 0.072821 
0.334677 -0.693171 0.035619 
0.481818 0.862381 0.059082 
-0.702435 -0.040595 -0.112478 
0.490740 0.728938 0.040920 
0.477973 0.447003 0.027728 
0.038826 -0.720424 -0.143888 
-0.746845 0.148801 -0.143888 
-0.026123 0.851905 -0.143888 
-0.282689 0.685014 0.061781 
0.140957 -0.925200 -0.055449 
-0.597196 0.564882 -0.143888 
-0.593915 -0.687775 0.068991 
0.588165 0.793004 0.120067 
0.900299 -0.235065 0.138019 
-0.402451 0.588135 0.122854 
0.376588 0.808077 -0.143888 
-0.451456 -0.472716 0.058543 
0.542615 0.650166 -0.143888 
0.975288 0.134086 0.041682 
0.703108 0.623625 -0.076200 
0.015237 -0.913776 0.080393 
-0.242097 0.661993 -0.048219 
0.937955 0.051408 0.138019 
0.721047 -0.141318 0.061693 
-0.886664 -0.313876 -0.011912 
0.187634 0.796317 -0.143888 
-0.570013 0.759032 0.000736 
0.640474 -0.439532 0.032842 
-0.894698 -0.418066 0.034606 
-0.032672 -0.822184 0.025478 
0.166862 -0.968639 0.108694 
0.903283 -0.246622 -0.052750 
-0.657205 -0.284885 0.097354 
0.657972 -0.725509 0.024549 
0.679621 0.166576 -0.008427 
0.252062 0.656803 -0.111489 
0.803636 0.571451 0.036659 
-0.639683 -0.146340 0.042093 
-0.423824 -0.885656 0.024497 
0.089468 0.745005 -0.143888 
-0.122083 -0.928919 -0.012501 
0.197828 -0.962319 0.026171 
-0.737376 -0.581890 -0.070591 
-0.632672 0.666088 0.076541 
0.778981 -0.053703 0.031677 
0.567923 -0.321532 0.025140 
-0.511048 0.729552 -0.143888 
0.438005 0.574052 0.085146 
0.756905 0.555768 -0.058458 
-0.739279 0.560896 -0.143888 
-0.121110 0.710662 -0.143888 
0.743280 0.036103 0.053000 
0.563182 -0.735358 -0.143888 
0.905819 -0.381298 0.060381 
-0.082498 0.892467 0.052021 
-0.391081 0.858025 -0.142306 
0.622492 -0.604612 0.037697 
-0.500746 -0.760637 0.072495 
0.893923 0.283531 -0.015888 
0.676234 0.250743 0.082413 
-0.544773 0.368787 0.053244 
0.192813 0.969907 0.031634 
0.606014 -0.367410 -0.143888 
-0.071308 -0.779917 -0.143888 
0.571180 0.747246 -0.026435 
0.060743 0.940534 -0.033510 
0.122246 0.773530 0.032809 
-0.173106 -0.920695 -0.102051 
-0.816402 0.423859 0.079362 
0.452131 -0.818935 -0.072477 
0.776947 -0.521748 -0.084580 
-0.806752 -0.354017 -0.143888 
0.644130 -0.461172 -0.143888 
-0.649447 0.284553 -0.143888 
0.474981 0.812113 -0.009542 
0.891258 0.068672 0.054667 
-0.681372 -0.136663 0.138019 
-0.816617 -0.153319 0.025665 
0.852947 -0.042222 -0.143888 
-0.056886 0.655292 0.045232 
-0.271934 -0.945640 0.049658 
0.452607 0.473206 0.130136 
-0.335684 0.805960 0.036614 
0.328079 -0.615339 -0.070893 
0.799535 -0.342994 0.038783 
-0.314930 0.938672 0.083981 
-0.236539 0.961220 0.049486 
0.882272 -0.052989 0.046964 
-0.136241 -0.695537 -0.143888 
0.128107 0.644021 0.047374 
0.606929 0.350571 -0.084263 
0.387447 -0.773750 0.036468 
0.646731 0.621872 0.055340 
-0.280933 -0.893938 -0.062009 
-0.239361 0.612859 0.078727 
0.791433 -0.196300 -0.143888 
-0.630894 0.682259 -0.143888 
-0.085620 -0.915326 0.089915 
0.349702 0.554471 0.034612 
-0.830505 0.230261 -0.143888 
-0.852288 -0.279429 -0.143888 
-0.283175 -0.683682 0.057520 
0.336471 0.878976 -0.056383 
-0.293444 -0.722615 -0.143888 
0.696897 0.698374 0.028794 
0.031155 -0.650304 0.046457 
-0.340011 -0.621033 0.118140 
0.845087 0.392371 -0.143888 
-0.656186 0.224643 0.003912 
-0.897786 0.213410 0.084444 
0.549820 0.509091 -0.143888 
-0.678947 0.194257 -0.143888 
-0.669973 0.187887 0.138019 
-0.962351 -0.223368 0.073239 
-0.581822 -0.301157 0.051637 
0.662345 0.177188 0.138019 
-0.461608 -0.535365 0.135977 
0.096027 -0.888072 0.055265 
0.674693 -0.627904 0.096634 
0.347718 0.707565 -0.143888 
0.409701 -0.841262 -0.143888 
0.387042 -0.902997 0.041312 
0.661398 -0.222737 -0.083523 
0.776543 0.121469 -0.143888 
-0.633830 -0.302826 -0.040833 
0.684781 0.379803 -0.143888 
-0.907671 0.099610 -0.143888 
-0.933810 -0.308349 0.138019 
0.122258 -0.767858 0.032556 
-0.832326 -0.530343 0.137784 
0.205385 0.623599 0.052451 
-0.343017 0.562030 0.060821 
0.474917 -0.523622 0.113040 
0.531576 -0.375204 0.128322 
-0.761381 0.606665 0.138019 
-0.700856 0.066549 -0.058736 
-0.649991 -0.677265 -0.070604 
0.810596 0.303254 -0.143888 
-0.596436 -0.736605 0.138019 
0.500312 -0.842312 0.138019 
0.649017 -0.257167 -0.006774 
0.405888 0.868085 0.007773 
-0.654953 -0.541607 0.029456 
0.046741 0.905758 -0.143888 
-0.683604 -0.527954 -0.143888 
-0.514652 -0.802434 0.138019 
0.270539 -0.663187 0.087645 
0.853487 -0.487033 0.047528 
0.806126 0.104359 0.025478 
-0.560657 0.803371 0.138019 
0.783875 -0.478826 0.090743 
-0.620527 0.217563 0.074852 
0.334036 -0.558282 0.079910 
0.413185 0.508349 0.049512 
0.629666 -0.754424 0.120693 
-0.733727 0.664794 0.057396 
-0.240061 -0.642459 0.005495 
0.688807 0.121115 -0.075184 
0.275618 -0.818465 0.035437 
-0.844228 0.516969 0.072286 
0.644813 -0.093838 0.076274 
0.224870 -0.879951 0.071738 
-0.495573 -0.851071 0.069629 
-0.657039 -0.352603 0.054271 
0.556797 0.343206 0.130369 
0.268230 -0.692466 -0.143888 
-0.606657 0.713738 0.132382 
0.889457 0.424856 0.062113 
-0.911496 0.240259 -0.054089 
-0.987919 -0.034740 0.088053 
-0.054586 0.988060 0.091254 
0.097464 -0.708956 0.089467 
0.403212 0.643660 -0.143888 
0.014398 -0.928466 -0.143888 
0.791134 0.240998 0.025584 
0.672762 0.550235 0.036467 
0.613634 0.236237 0.023595 
-0.411540 -0.608685 -0.143888 
-0.475983 0.454421 0.121471 
-0.511563 -0.407762 0.117676 
-0.923525 0.049284 0.090806 
0.324829 -0.878389 -0.002306 
-0.396105 0.829221 0.077155 
-0.004093 0.657611 0.129977 
0.863704 -0.228338 0.054871 
-0.743983 -0.225470 0.034677 
-0.678436 0.425672 0.027696 
-0.163367 -0.917480 0.138019 
-0.709592 -0.211887 -0.143888 
-0.147312 0.978559 0.079136 
-0.844309 -0.414281 -0.051643 
-0.800140 0.299690 -0.143888 
-0.592873 0.340241 0.138019 
-0.143522 0.641922 0.094278 
-0.855989 0.394858 -0.070401 
-0.450888 -0.747825 -0.143888 
-0.006688 -0.657130 0.138019 
-0.481454 0.575604 0.053059 
-0.711452 0.619530 -0.048290 
0.558958 0.423102 -0.066473 
-0.655632 0.039947 0.109650 
-0.778702 -0.349863 0.030141 
0.524984 -0.798643 0.009583 
0.057679 -0.981758 0.097298 
-0.805389 0.490300 -0.048522 
-0.688458 0.420659 -0.143888 
-0.372516 0.598553 -0.005651 
0.567086 0.451185 0.078818 
0.642818 -0.679426 -0.032646 
-0.197584 0.712861 0.063504 
-0.080351 -0.693775 -0.055976 
-0.150645 0.688567 -0.063891 
0.882405 0.232934 0.075573 
-0.206142 -0.827872 -0.143888 
0.181747 -0.844261 -0.143888 
0.625764 -0.179458 0.059687 
0.765456 0.622101 0.079215 
0.983978 -0.005319 0.114110 
0.715827 -0.482598 0.035381 
0.203908 0.919292 -0.081406 
0.004029 0.704419 -0.056661 
0.526829 0.388277 0.078158 
-0.411516 0.591439 -0.143888 
-0.060671 0.940808 -0.027829 
0.660017 0.326933 0.061929 
-0.736253 0.117658 0.056751 
-0.763615 0.249683 0.027165 
-0.734459 -0.657911 0.041536 
0.141739 0.931123 -0.010593 
-0.688287 -0.219208 0.085428 
0.599197 0.715753 0.130487 
-0.328695 0.733589 0.027114 
-0.406430 0.517510 0.092404 
-0.435489 -0.757067 0.039440 
-0.159007 -0.797101 0.025478 
-0.863879 0.048589 0.033802 
-0.754851 -0.064698 0.046008 
-0.355747 -0.603038 -0.016791 
-0.677287 0.722783 0.064602 
-0.502703 0.797900 -0.045217 
-0.862850 -0.088142 -0.143888 
-0.112969 -0.918719 -0.143888 
0.676817 -0.629854 -0.143888 
-0.344052 0.634805 0.090391 
-0.276532 0.823690 -0.143888 
-0.895687 0.184837 -0.143888 
0.668411 0.007590 0.138019 
-0.683653 -0.328670 -0.143888 
-0.040226 -0.874368 -0.143888 
0.938028 0.300770 0.075964 
0.258473 0.954189 0.058555 
-0.857308 0.309122 0.067341 
-0.423860 0.563420 -0.045135 
0.773897 0.478025 -0.143888 
0.368485 0.849643 0.094856 
0.286899 -0.831930 -0.143888 
-0.029887 0.770247 -0.143888 
0.577194 -0.643104 -0.143888 
-0.888146 -0.202997 0.068757 
0.808454 -0.471492 -0.039629 
-0.935743 0.108816 -0.022676 
-0.817349 -0.540553 0.022229 
-0.152970 0.930072 -0.055185 
0.734347 -0.585518 -0.000634 
0.553602 -0.466976 0.073600 
-0.624256 0.707421 -0.034077 
-0.561707 0.425971 -0.097387 
0.080690 0.728630 0.070016 
-0.807822 -0.465280 0.119692 
-0.933556 -0.122817 -0.020440 
-0.546114 -0.440104 -0.012386 
-0.416634 -0.840395 -0.030139 
-0.212496 -0.616718 0.079976 
-0.916489 0.291541 0.009023 
-0.552005 -0.645936 0.029519 
-0.202752 -0.962720 0.037198 
0.813065 -0.551524 0.079229 
-0.385877 0.911659 0.088656 
0.647407 0.077973 0.074805 
-0.628299 -0.629241 0.049085 
0.963911 0.200670 0.085557 
0.746159 0.023936 -0.143888 
-0.394066 0.770713 -0.143888 
0.311650 0.576872 0.128422 
0.894381 0.014999 -0.143888 
0.133668 -0.636862 0.049794 
0.869756 0.324895 0.110254 
0.133932 0.849914 -0.143888 
-0.531881 -0.720750 -0.143888 
-0.971393 0.188969 0.076186 
0.532712 0.755415 0.092510 
0.131481 -0.685220 -0.064538 
0.889506 -0.418707 0.119681 
0.273212 0.900856 -0.076914 
0.685575 0.607801 -0.143888 
0.067715 0.653435 0.082213 
-0.902278 0.406779 0.109821 
-0.600502 -0.285617 0.138019 
-0.050747 -0.982128 0.068767 
-0.970519 -0.036674 0.015590 
0.913832 -0.203320 -0.106163 
0.978043 -0.103887 0.121560 
-0.024604 -0.755593 0.043385 
-0.462309 0.704160 0.026863 
0.912709 0.123533 0.091273 
0.559761 -0.736349 0.107145 
-0.101262 -0.643988 0.093253 
0.206297 -0.912683 -0.077791 
0.520424 0.757369 -0.143888 
0.706690 0.172848 0.071985 
0.511745 -0.783199 -0.061755 
-0.962918 -0.170663 0.019942 
0.921940 0.169752 -0.141980 
-0.191486 -0.672194 -0.109539 
0.800624 0.198403 -0.143888 
-0.605780 -0.396674 0.080585 
-0.919230 -0.361553 0.096666 
0.983594 -0.017527 0.035761 
-0.299119 -0.814859 0.036958 
0.910408 0.196151 0.135333 
0.370813 0.916072 0.112002 
-0.986478 0.072179 0.075862 
0.583408 0.294712 0.076737 
0.320033 -0.766469 0.026322 
-0.430562 0.834514 0.138019 
0.140952 0.978795 0.090026 
-0.365711 0.699409 -0.143888 
0.177954 -0.625762 0.112428 
-0.618937 0.337058 -0.011325 
0.927507 -0.325320 0.027957 
0.799833 0.491410 -0.008012 
-0.622361 0.437063 -0.143888 
-0.702838 0.328960 -0.143888 
-0.602714 -0.359491 -0.077604 
0.300067 -0.752410 -0.143888 
0.725068 -0.459984 -0.143888 
0.437368 -0.481240 0.075868 
0.496941 -0.710641 -0.143888 
-0.633877 0.753957 0.023063 
0.957929 -0.184667 0.021396 
-0.268365 0.728728 -0.143888 
0.947962 0.057583 0.004858 
-0.220375 -0.670705 0.132776 
0.458596 -0.491955 0.012651 
-0.460600 -0.527715 -0.006026 
-0.542639 -0.526414 0.045530 
0.764773 0.441887 0.044917 
0.247248 -0.951398 0.070757 
0.532557 -0.825766 0.081188 
-0.545235 -0.797885 0.014645 
-0.715014 -0.372582 0.026426 
-0.634247 -0.754675 0.082418 
-0.894579 0.275373 0.133234 
-0.549198 -0.356112 0.078164 
0.734617 0.311367 -0.143888 
-0.147662 0.863055 -0.143888 
0.907862 0.004543 0.069872 
0.442840 0.817379 -0.143888 
-0.278064 -0.650617 -0.143888 
-0.734437 -0.480252 -0.143888 
0.327724 0.741729 0.025988 
0.487513 0.504647 -0.004639 
-0.942061 0.001175 -0.043508 
-0.763016 0.474793 -0.143888 
0.798689 -0.364619 -0.143888 
0.446053 -0.800837 0.086752 
-0.752393 0.016975 -0.143888 
-0.673756 0.578528 -0.143888 
0.812262 -0.094802 -0.143888 
0.735433 -0.651286 0.109918 
0.789401 -0.485957 -0.143888 
0.595695 -0.498607 0.032742 
-0.600098 -0.721454 -0.070965 
0.090396 0.908029 0.069870 
-0.754708 -0.634942 0.100349 
-0.744128 0.590671 0.001363 
-0.666373 0.137682 0.011931 
-0.691692 -0.125535 -0.005029 
0.659740 -0.376902 0.041023 
0.084358 0.975201 0.138019 
-0.864838 -0.354583 0.138019 
-0.636448 0.565901 0.028816 
0.850794 -0.389534 -0.079386 
-0.313555 0.889432 -0.018550 
0.854762 -0.365331 0.136223 
0.473409 -0.562464 0.059949 
-0.263113 0.898437 0.127214 
-0.647359 0.312922 0.096811 
-0.322096 0.627124 -0.050286 
0.633479 -0.317312 0.107605 
-0.932826 0.330113 0.109600 
0.704901 -0.204877 0.062142 
0.295257 -0.879717 0.119047 
0.061264 0.701429 -0.104057 
0.696932 -0.110070 0.127078 
-0.027269 0.932557 0.112398 
-0.177819 0.948132 0.138019 
0.834015 -0.245725 -0.143888 
0.922967 0.163531 -0.004190 
0.650557 0.663007 0.105733 
0.643946 0.114690 0.138019 
-0.754547 -0.163816 -0.143888 
-0.401175 -0.594400 0.090805 
0.317744 0.935908 0.080000 
-0.457910 -0.466750 0.123013 
0.004817 0.838183 0.026449 
0.331192 -0.642214 0.075783 
0.541525 -0.706380 0.052469 
0.461944 0.528423 -0.073336 
0.693566 0.478635 0.027621 
-0.085728 0.882133 -0.143888 
0.890012 0.296426 -0.079275 
-0.810253 -0.476426 -0.099356 
0.775144 -0.603558 0.073228 
-0.872899 0.388539 0.004993 
0.484805 0.515437 -0.143888 
-0.060515 -0.934761 -0.042197 
0.092301 -0.853463 -0.143888 
0.207567 -0.671257 -0.143888 
0.268083 0.874000 0.071977 
-0.271804 -0.903591 0.001155 
0.271581 0.825901 -0.143888 
0.681546 -0.115652 0.001473 
0.844776 0.383814 0.108627 
0.554358 -0.551115 -0.143888 
0.201356 -0.773685 0.026807 
-0.608549 0.356257 -0.075641 
-0.219527 -0.744886 0.033506 
-0.562024 0.711154 0.060556 
0.882886 0.437751 0.127448 
0.263353 -0.594755 0.071558 
0.530122 0.459087 -0.017738 
0.658114 -0.060779 0.138019 
0.773828 -0.536641 0.138019 
-0.294577 -0.898323 0.138019 
0.582631 -0.383710 -0.076119 
0.669622 0.542583 -0.143888 
-0.480769 0.800186 0.110815 
0.624443 0.484166 -0.143888 
0.937020 -0.004172 -0.070468 
-0.619250 0.442379 0.044644 
-0.680228 0.362168 0.038835 
-0.935515 -0.105085 -0.111639 
0.782309 0.505311 0.121837 
-0.703617 0.015045 -0.021317 
0.249914 0.716231 -0.143888 
-0.107152 -0.949450 0.138019 
0.382534 -0.583149 -0.020575 
-0.983876 -0.093654 0.108622 
-0.699006 -0.627147 -0.090202 
-0.394733 0.858275 -0.001860 
0.561656 0.627478 0.027228 
-0.889674 0.311931 -0.102838 
0.736924 -0.307032 0.026961 
0.275472 0.646748 -0.022550 
0.683713 -0.141987 -0.077187 
0.605308 -0.713185 -0.074788 
-0.536198 0.469142 0.125312 
-0.572462 0.720548 -0.143888 
0.607974 0.238399 0.086393 
-0.529921 -0.497076 -0.143888 
0.716133 0.679138 0.133750 
-0.216726 0.917438 -0.078941 
0.384531 0.595890 0.130613 
-0.055945 0.940963 -0.136871 
0.433812 -0.780155 -0.143888 
-0.302395 -0.631073 -0.029915 
0.150801 0.687617 -0.031426 
0.943040 -0.277463 0.110979 
-0.876344 0.460142 0.063874 
-0.920578 -0.358083 0.035137 
-0.944712 0.082761 0.138019 
-0.519700 0.512603 0.076851 
-0.441569 -0.812333 0.099832 
-0.841921 -0.479400 0.015054 
0.281237 -0.638181 -0.118116 
0.396450 -0.833883 0.101731 
-0.460215 -0.528047 -0.087276 
0.243012 -0.650829 -0.001100 
-0.406650 -0.704684 0.025478 
-0.693413 0.122492 -0.129136 
0.531646 -0.375098 0.066981 
0.138553 -0.912549 0.100517 
0.359468 -0.597642 -0.123374 
-0.887348 -0.281118 0.108814 
0.217982 0.678736 0.113240 
-0.658339 -0.412984 0.034228 
0.624275 -0.311700 -0.126268 
0.065820 0.987157 0.073160 
-0.842649 0.408662 0.134952 
-0.929301 0.030993 -0.143888 
-0.708885 -0.035914 0.137892 
-0.601599 0.504912 0.032362 
-0.381098 -0.862030 0.138019 
0.646464 0.111867 0.024237 
0.696469 0.062297 -0.059634 
-0.743210 0.412548 0.028541 
-0.808777 0.087919 -0.143888 
0.748042 -0.250924 -0.143888 
-0.810697 0.469618 0.135648 
0.056658 -0.702352 0.136274 
-0.501996 0.508698 -0.143888 
-0.302131 -0.887508 -0.129205 
-0.450966 0.749528 -0.143888 
-0.935135 -0.002851 0.129604 
-0.358497 -0.818783 -0.143888 
-0.459628 0.501049 0.012879 
0.921451 -0.114113 -0.143888 
-0.467937 0.613094 -0.143888 
-0.655702 -0.032123 0.029308 
0.072107 -0.933362 -0.020178 
0.466230 -0.453655 0.123517 
0.465184 0.535646 0.124143 
0.874135 0.340288 -0.010663 
-0.465626 -0.814323 -0.056088 
-0.342456 -0.922710 0.050316 
-0.527298 0.782341 -0.119826 
0.718177 0.103300 0.074655 
-0.868107 -0.221310 -0.143888 
-0.924323 -0.128255 0.118255 
-0.107816 -0.690055 -0.002587 
-0.806483 -0.568370 0.079845 
-0.726642 0.061521 0.076028 
-0.924627 0.182949 -0.024968 
0.860419 0.209447 -0.143888 
0.652763 0.253466 -0.113811 
0.784211 -0.417656 0.051139 
-0.157357 0.696272 0.115519 
-0.677009 0.263008 0.081829 
-0.538455 -0.558187 -0.143888 
-0.363589 0.870482 -0.065468 
0.813648 -0.209790 0.027682 
-0.354000 0.554850 0.136142 
0.215228 -0.664956 0.138019 
-0.372460 -0.667993 -0.143888 
0.294114 0.936586 0.138019 
-0.766413 -0.543239 -0.008903 
-0.818481 0.400161 -0.143888 
0.378649 0.591642 -0.044662 
0.063245 -0.761565 0.038677 
-0.340541 -0.557364 0.090306 
-0.269679 -0.594082 0.079635 
-0.188673 -0.965867 0.109810 
-0.703734 0.011928 -0.082290 
-0.833968 -0.010540 0.026014 
0.604794 -0.348438 -0.018006 
0.040573 0.929360 0.104011 
-0.112709 0.660585 0.018744 
-0.324346 0.916223 0.138019 
0.181200 0.679699 -0.090808 
0.243347 0.903180 0.134098 
-0.612823 0.625805 0.037897 
-0.925306 -0.172783 -0.051171 
-0.610507 -0.238669 0.079211 
0.597195 0.673068 -0.143888 
-0.526749 0.566263 -0.143888 
-0.147250 -0.714625 0.068465 
-0.698091 -0.085034 -0.073719 
-0.278989 0.895335 -0.143888 
0.931647 -0.094953 -0.031067 
0.680936 -0.181117 0.134549 
0.861011 0.480362 0.092242 
0.810462 -0.276743 0.032476 
0.634772 0.755975 0.101901 
0.603171 -0.245365 0.131795 
0.697471 -0.043222 -0.142825 
0.910682 -0.094300 0.082383 
-0.691776 -0.628456 0.138019 
0.397353 0.614883 0.069503 
-0.646210 -0.113522 0.094154 
0.518423 0.677691 0.029964 
-0.578118 -0.397683 -0.142215 
0.552983 0.349217 0.034541 
-0.058236 -0.711985 0.093476 
0.388920 0.739822 0.026361 
0.978209 0.108191 0.096868 
0.878514 -0.322600 -0.077007 
-0.303688 0.643442 0.137284 
0.194829 -0.734305 -0.143888 
0.487044 -0.723916 0.040275 
-0.560219 -0.443319 0.099899 
-0.606477 -0.597518 -0.143888 
-0.484925 -0.802903 -0.140719 
-0.834167 -0.399836 0.093819 
0.502026 0.692109 -0.143888 
-0.953108 0.265612 0.051414 
0.553568 0.516148 0.045442 
-0.094833 -0.968794 0.020173 
-0.815952 0.560489 0.110926 
0.962619 -0.200397 0.078471 
0.746902 0.382787 0.027095 
-0.077227 0.754647 0.046082 
0.454931 0.810008 0.103542 
0.707957 -0.601862 0.136596 
-0.274149 0.649449 -0.095087 
0.700016 -0.689203 0.060485 
0.720419 0.153458 -0.143888 
0.815165 -0.446201 0.136380 
0.118594 -0.838561 0.029494 
0.158711 0.902291 -0.143888 
0.288077 0.661844 0.086823 
0.913989 -0.250005 0.004071 
-0.519838 0.461304 0.003402 
0.346853 -0.869016 -0.055000 
-0.038796 -0.898177 0.060547 
0.294146 -0.888454 -0.084939 
0.296165 -0.579491 0.127120 
-0.054295 0.702720 -0.092454 
-0.666634 -0.221678 -0.041397 
-0.244112 0.621509 0.138019 
0.923313 -0.114668 0.136113 
-0.007924 -0.698402 -0.007170 
0.007036 0.942405 -0.012720 
0.159639 0.816775 0.025730 
0.652511 0.430565 -0.143888 
0.282864 -0.941050 0.116709 
-0.640232 -0.667266 0.096262 
-0.244288 0.824350 0.031100 
0.588931 -0.358909 0.138019 
-0.924485 -0.270955 0.011153 
-0.710246 -0.606885 -0.143888 
0.055306 -0.775349 -0.143888 
-0.527091 0.838484 0.090254 
-0.683693 -0.388897 -0.143888 
-0.981660 0.123157 0.119846 
0.512107 -0.786273 0.138019 
0.442494 -0.824590 -0.002660 
-0.633029 0.278815 0.005177 
0.711492 0.014545 0.101171 
0.726117 -0.589680 -0.078492 
-0.462992 0.850278 0.012624 
0.116849 0.694041 -0.114547 
-0.784207 -0.217563 -0.143888 
-0.666395 0.667953 -0.082689 
0.447702 -0.635859 0.032314 
0.530650 0.833114 0.104924 
-0.791589 0.306167 0.028205 
-0.408030 -0.844293 -0.086124 
-0.566096 -0.413972 -0.063156 
0.820229 0.445247 -0.143888 
-0.690993 0.629763 0.116703 
0.291224 0.907612 0.004324 
0.373726 -0.698552 -0.143888 
0.581402 0.404237 0.126781 
-0.707741 -0.526753 0.043741 
-0.650019 -0.090967 0.036139 
-0.042593 0.696899 0.000977 
0.279824 -0.638797 -0.053048 
0.056134 -0.981806 0.040815 
-0.563451 0.814128 0.051064 
0.339400 -0.561456 0.023088 
-0.727279 -0.432351 0.028309 
-0.448930 -0.643467 0.030777 
0.755151 -0.153096 -0.143888 
0.634065 0.297488 -0.046803 
-0.589898 0.410223 0.099100 
-0.672348 0.211401 -0.049201 
-0.496395 -0.465989 0.009763 
0.563922 -0.595683 0.025478 
0.604995 0.354169 -0.140408 
-0.890275 -0.304280 -0.067258 
-0.656556 -0.010368 0.084447 
0.039227 -0.945661 0.138019 
-0.278582 -0.763753 0.025478 
-0.194652 0.832122 -0.143888 
-0.678852 0.721286 0.134508 
0.366404 0.867002 -0.106392 
-0.549617 -0.739273 0.090140 
-0.471153 -0.602643 -0.143888 
0.393895 -0.649475 0.040852 
0.069963 -0.933573 -0.138947 
0.302741 0.672425 -0.143888 
0.135351 0.697105 0.136033 
-0.970923 0.191071 0.136925 
0.125764 -0.929605 -0.001770 
-0.147615 0.759885 -0.143888 
0.833376 -0.090054 0.027189 
-0.415647 -0.504192 0.101843 
-0.572705 0.323489 0.088721 
-0.207190 -0.667987 -0.031696 
0.737261 -0.328504 -0.143888 
-0.224999 0.620081 0.025306 
0.045757 0.702469 -0.002692 
-0.782945 0.526220 -0.135655 
-0.422172 0.601079 0.069840 
-0.442115 0.796601 0.066672 
-0.493181 -0.524198 0.086987 
-0.734889 0.590973 -0.095160 
-0.827284 0.524519 0.019752 
0.716348 0.240841 0.045047 
-0.719015 -0.059635 0.088344 
0.173761 0.659365 0.010618 
-0.649439 0.101921 0.116087 
0.638251 0.403192 0.046043 
-0.754970 0.529376 0.082455 
0.636906 -0.684573 0.138019 
-0.914436 0.134098 0.088184 
0.074146 0.656920 0.138019 
0.782389 -0.417686 -0.143888 
0.682473 -0.342358 -0.143888 
0.936038 0.040221 -0.106168 
-0.363455 0.690978 0.034081 
0.015594 -0.850189 0.030338 
-0.382777 -0.773376 0.034387 
0.762051 -0.114752 0.035628 
-0.347163 -0.607824 -0.090501 
0.178954 0.960846 0.138019 
-0.699384 0.158417 0.101777 
0.860800 0.447110 0.016699 
-0.963470 -0.218360 0.134249 
-0.788136 0.194944 -0.143888 
-0.260786 -0.767046 -0.143888 
0.786697 0.297450 0.027430 
0.184739 -0.725838 0.048347 
0.692447 -0.504292 -0.143888 
0.693236 -0.084934 -0.066062 
0.025987 0.729363 0.074945 
0.859979 0.089691 -0.143888 
-0.021688 0.778682 0.034548 
-0.057825 0.708929 0.133444 
0.659604 -0.032919 0.020938 
-0.067510 0.940347 -0.083244 
0.420001 -0.888556 0.082706 
0.003321 -0.936474 -0.051492 
-0.519260 0.404051 0.087738 
0.921931 0.326770 0.138019 
-0.867063 -0.364365 -0.019918 
-0.519968 0.408210 0.024489 
-0.630662 0.763814 0.137309 
0.638009 -0.130294 0.031163 
-0.163422 0.752706 0.039179 
-0.586090 0.650971 -0.143888 
-0.626483 -0.699282 -0.016549 
-0.200621 0.675799 -0.005239 
-0.047382 0.856550 0.030644 
-0.362873 0.616094 -0.143888 
-0.811807 0.113579 0.025478 
0.572179 -0.309687 0.085030 
0.870019 0.351223 -0.118423 
-0.660129 0.374208 -0.143888 
0.187226 0.629200 0.107768 
-0.518821 0.477872 -0.102346 
0.135958 0.773018 -0.143888 
0.827662 0.442373 -0.026726 
-0.182204 0.631988 0.130924 
0.754473 -0.173877 0.034119 
0.564267 -0.425408 0.114649 
0.470771 0.853193 0.138019 
-0.645169 0.630055 -0.143888 
-0.673248 -0.202469 -0.101275 
-0.618737 0.494461 -0.143888 
0.617499 0.344952 0.130717 
0.354136 0.551508 0.088264 
0.730478 0.662959 0.076873 
0.359862 0.657466 0.051541 
-0.482715 0.654384 0.025976 
-0.144002 -0.899670 0.074815 
0.701028 -0.263137 0.048410 
-0.844735 0.378484 0.090483 
0.415962 0.837581 0.138019 
0.012774 -0.793591 0.027874 
0.456864 0.641514 -0.143888 
0.935877 0.045131 -0.049231 
0.540700 -0.763197 -0.103856 
0.518114 0.483818 0.126369 
-0.354532 -0.694302 0.032529 
0.876275 -0.209290 -0.143888 
0.502706 -0.412825 0.103532 
0.957005 -0.225515 0.125382 
-0.663176 0.237614 -0.116876 
-0.274690 -0.652247 0.119594 
-0.745787 -0.322129 -0.143888 
0.069287 -0.917146 0.091748 
-0.658121 0.667056 0.136269 
0.926358 0.142991 -0.086168 
0.397353 -0.573339 -0.082578 
-0.139022 0.848584 0.031240 
-0.071305 0.973726 0.018088 
0.323561 0.813698 -0.143888 
0.049869 -0.680807 0.006935 
-0.438012 0.491195 0.128072 
0.980985 -0.072768 0.057114 
0.357746 -0.829606 -0.143888 
-0.546883 0.768306 -0.047718 
-0.538514 -0.695738 0.042608 
-0.883010 0.264460 0.082467 
0.532777 0.458719 -0.143888 
0.249926 0.837560 0.037779 
0.547079 -0.498516 -0.143888 
0.839395 0.420424 -0.099207 
-0.084219 -0.791275 0.027437 
0.601569 -0.716253 -0.013690 
-0.630159 0.187180 0.030850 
0.347142 0.825800 0.052680 
-0.582462 -0.486660 -0.143888 
-0.758422 -0.011959 0.045542 
0.147366 -0.660445 0.138019 
0.115659 -0.976393 0.098186 
0.196115 0.969168 0.088765 
0.882445 -0.382271 0.013157 
0.667561 0.232175 0.130959 
0.464811 -0.651455 -0.143888 
0.610284 0.715154 -0.011708 
-0.654807 -0.576550 -0.143888 
-0.551020 0.440450 -0.033548 
-0.747409 0.649274 0.109199 
-0.707565 -0.686520 0.076386 
-0.730309 -0.081945 -0.143888 
0.698240 0.028711 -0.013892 
0.346115 0.607028 -0.000287 
-0.808328 -0.306784 0.033945 
0.475740 0.449419 0.079934 
0.767161 -0.535404 -0.029554 
-0.709479 0.040063 0.129539 
-0.404370 0.903657 0.136862 
-0.712483 0.519310 0.041390 
0.464790 -0.519922 -0.069775 
0.028310 -0.870037 -0.143888 
0.349615 0.609886 -0.092465 
-0.881425 0.171940 0.053625 
0.035780 0.737165 -0.143888 
0.511987 -0.474106 -0.112022 
-0.009392 -0.773256 -0.143888 
-0.211782 0.911554 0.123023 
0.095432 -0.742158 -0.143888 
0.761846 0.572648 0.005631 
0.539705 -0.679200 -0.143888 
0.963065 0.204459 0.137451 
0.598183 -0.556528 0.025478 
0.387709 0.572564 0.004055 
0.928596 -0.003114 0.117998 
0.175467 -0.919502 -0.013283 
-0.337090 -0.854664 0.087132 
-0.622198 -0.501281 0.027276 
0.605121 0.719391 -0.097696 
-0.504140 0.731160 0.045342 
-0.299201 -0.937718 0.104461 
-0.865531 -0.148649 -0.143888 
0.691856 -0.566197 0.056268 
0.694857 0.700414 0.081576 
0.692971 0.135702 0.132348 
0.693875 0.353591 0.033090 
-0.028577 -0.697630 -0.081088 
-0.790318 0.481262 0.089490 
-0.076832 0.748429 -0.143888 
-0.167630 0.975341 0.031644 
0.455195 0.653618 0.028247 
0.085953 -0.645224 0.030125 
-0.567092 -0.409029 0.138019 
0.835715 -0.357235 0.072875 
-0.556794 -0.772510 0.138019 
0.341140 -0.864440 0.137023 
0.675095 -0.668669 0.006130 
0.298404 0.584289 0.079143 
0.461933 0.778759 0.062834 
0.877514 -0.442242 0.038910 
-0.286417 0.592418 0.073856 
0.957163 -0.070951 0.011467 
-0.608132 -0.775237 0.043075 
-0.881731 -0.443516 0.085624 
-0.736345 -0.617125 0.010394 
-0.345056 -0.568104 0.019258 
-0.094006 -0.978900 0.096183 
-0.767401 -0.166413 0.031667 
-0.166071 -0.891947 -0.143888 
0.846206 0.223586 0.040528 
-0.039092 -0.823141 -0.143888 
-0.178165 -0.857086 0.041078 
-0.770029 -0.538192 -0.059690 
0.403281 0.759629 -0.143888 
-0.949365 -0.272441 0.097163 
-0.486966 0.660464 -0.143888 
-0.560602 -0.752423 -0.080246 
-0.123996 0.788415 0.028466 
-0.411356 -0.557274 0.001800 
-0.900242 0.411483 0.059108 
0.229910 0.720716 0.047027 
0.171988 -0.920731 0.138019 
-0.473396 -0.861239 0.024970 
-0.275943 0.648666 -0.010102 
0.094212 -0.691665 -0.134402 
-0.538192 -0.825243 0.059354 
-0.152689 0.918820 0.104930 
0.283562 -0.634321 0.138019 
0.749419 0.613215 0.138019 
-0.169568 -0.792626 -0.143888 
-0.042735 -0.926004 0.114789 
-0.696658 0.103806 -0.010588 
-0.705592 -0.282981 -0.143888 
-0.642754 -0.679721 -0.143888 
-0.344609 -0.573835 0.138019 
0.506865 0.556783 0.048514 
0.882169 -0.290969 0.122347 
-0.076527 0.923033 0.091893 
0.639619 -0.410810 -0.143888 
-0.629353 -0.183984 0.085482 
0.234260 0.776883 -0.143888 
-0.876247 -0.088260 0.041679 
0.482378 -0.855997 0.092883 
0.754924 0.075916 -0.143888 
-0.679406 -0.174314 -0.002094 
-0.039530 -0.650166 0.069467 
0.906826 0.239418 -0.036455 
-0.245784 -0.897291 0.125905 
-0.519723 -0.664328 -0.143888 
0.212470 -0.614932 0.076143 
-0.410271 0.538169 0.138019 
0.762801 -0.102807 -0.143888 
-0.436448 0.835972 -0.099188 
0.638683 -0.210856 0.013025 
-0.917527 -0.208340 -0.135321 
-0.979010 -0.135257 0.079944 
0.403770 0.850071 -0.143631 
-0.561514 0.612107 0.025478 
0.888058 0.269866 0.109482 
-0.033866 0.656441 0.089581 
0.658441 -0.276882 0.092144 
-0.956978 -0.231530 0.024250 
-0.864110 -0.021912 -0.143888 
0.920089 -0.171256 -0.143888 
-0.738705 0.420931 -0.143888 
0.685756 0.329008 -0.143888 
-0.861593 0.080532 -0.143888 
0.621813 0.199518 0.119532 
-0.408401 0.901912 0.038749 
-0.494711 -0.496263 -0.103972 
-0.569902 0.740029 0.111495 
-0.461622 0.532888 -0.056099 
0.584109 0.615918 -0.143888 
0.414181 -0.551849 0.001672 
-0.165855 -0.940173 0.008289 
0.842390 0.265006 -0.143888 
0.428953 -0.881668 0.025118 
-0.654990 -0.736388 0.134209 
0.063912 0.877728 0.040699 
0.602484 0.648989 0.045691 
0.778873 0.063284 0.031545 
-0.262922 0.679389 -0.143888 
0.417897 0.564230 -0.057742 
-0.217977 -0.911094 -0.066940 
0.090878 0.883173 -0.143888 
-0.441857 0.487641 0.074789 
-0.623170 -0.693673 0.134572 
0.669026 -0.580963 -0.143888 
0.808450 0.428109 0.078505 
-0.002708 0.904259 -0.143888 
0.808212 0.189052 0.025983 
0.596854 -0.436729 0.056002 
-0.607660 -0.308245 0.010057 
-0.574882 0.415518 -0.143888 
-0.124545 -0.657845 0.138019 
0.041420 0.941279 -0.101332 
-0.940142 0.063498 -0.003563 
0.184757 -0.917705 -0.124012 
0.643152 0.189899 0.015293 
-0.707767 -0.105658 0.102103 
0.382031 -0.725973 0.025478 
0.284691 -0.697756 0.044915 
-0.703837 0.009173 -0.140663 
0.486191 0.805143 -0.124181 
-0.669998 -0.233725 0.128683 
-0.936027 0.105938 -0.086139 
-0.609291 0.248019 0.037974 
0.030032 -0.944455 0.002589 
0.876205 0.385290 0.008791 
-0.719625 -0.674460 0.135962 
-0.177827 0.925968 -0.127750 
0.700036 -0.350986 0.030516 
0.447049 -0.535189 -0.132234 
0.286776 -0.917936 0.013250 
0.079115 0.796250 0.027666 
0.606882 -0.295108 0.011546 
0.390609 -0.585831 0.134099 
0.622143 0.581335 0.029672 
-0.798659 -0.204741 0.025478 
0.580668 0.392885 -0.033745 
-0.627564 -0.348516 0.093029 
0.694661 0.596978 0.078455 
-0.656345 -0.486179 -0.143888 
0.929793 -0.113775 -0.076086 
0.640502 0.123812 0.090130 
-0.452356 0.880601 0.128324 
0.172891 -0.675873 -0.088626 
-0.524964 0.554647 0.043039 
0.630529 0.305594 -0.096573 
0.008882 -0.983291 0.052652 
0.103568 0.669418 0.013796 
0.453062 0.859037 0.015929 
-0.560206 -0.349111 0.023168 
-0.244440 -0.685868 -0.143888 
-0.358395 0.821953 -0.143888 
0.725514 0.446421 -0.143888 
0.867472 0.357990 -0.070307 
0.539500 -0.383087 0.019639 
-0.922921 0.198727 0.138019 
0.623779 -0.186495 0.107752 
0.932328 -0.311931 0.078419 
0.313740 0.857352 0.070902 
-0.796772 -0.300232 -0.143888 
0.519200 0.796730 0.003431 
0.919015 0.309354 0.016703 
0.190158 0.922498 -0.007510 
0.438932 0.884962 0.061425 
0.746495 -0.384382 -0.143888 
-0.631637 -0.306976 -0.130688 
0.256663 0.903909 -0.143888 
-0.846086 -0.387911 -0.143888 
0.362304 -0.913702 0.081548 
0.749893 0.541501 0.097016 
-0.681414 0.178046 -0.010110 
-0.766154 0.626086 0.025887 
0.910811 0.375815 0.084963 
0.508569 0.411440 0.039476 
-0.327470 -0.878143 -0.054609 
0.648923 0.066601 0.138019 
-0.154877 -0.923705 -0.047639 
-0.339485 0.844541 0.065490 
-0.514250 -0.615977 0.026765 
-0.619575 0.220143 0.131508 
-0.798503 0.002753 -0.143888 
0.708235 0.268968 -0.143888 
-0.859064 -0.246347 0.050991 
0.863514 -0.135642 0.040637 
-0.639801 0.151800 0.127390 
-0.730178 0.338376 0.026978 
-0.856456 -0.419467 0.005347 
0.228094 -0.813906 0.029097 
-0.783129 0.605589 0.095061 
-0.651022 0.088549 0.043223 
0.502100 -0.475168 0.001013 
0.648738 -0.257806 -0.113793 
0.613857 0.686374 0.085436 
-0.604418 0.259693 0.094570 
0.840487 -0.509015 0.088139 
0.603798 0.780878 0.075039 
0.292287 0.639412 -0.092051 
0.210902 0.671206 -0.131388 
0.600428 -0.480852 -0.143888 
-0.081966 0.652324 0.090388 
0.886099 -0.248191 0.092274 
-0.693079 -0.171232 0.106995 
0.595071 -0.643574 0.042447 
0.358855 0.783881 0.032878 
-0.727494 -0.581815 0.121072 
0.829882 -0.412571 -0.143888 
0.044918 0.986119 0.025117 
-0.100380 -0.727020 -0.143888 
-0.785984 0.521505 -0.081939 
0.314793 -0.702780 -0.143888 
0.541520 -0.439789 -0.097197 
0.697837 0.039492 -0.140223 
0.219727 -0.697913 0.064574 
-0.716351 0.252911 0.045512 
-0.941173 -0.025936 -0.106584 
0.672998 -0.185242 -0.056765 
-0.759661 -0.111494 0.039545 
0.670962 0.198893 -0.042063 
0.726370 0.580696 0.112380 
-0.534689 -0.572764 0.031442 
0.791928 -0.581921 0.034566 
0.638493 -0.277957 0.138019 
-0.051577 -0.672249 0.138019 
-0.493047 -0.429909 0.068403 
-0.144458 0.888815 0.055566 
-0.155845 -0.633370 0.071902 
-0.929378 0.154174 -0.131176 
0.410971 -0.840756 -0.080627 
0.918610 0.188879 -0.048112 
-0.762082 0.063255 -0.143888 
0.142444 -0.747078 -0.143888 
0.596434 -0.710938 0.122750 
0.047808 -0.649650 0.090645 
0.863686 -0.294211 -0.143888 
0.704430 0.622158 -0.029082 
-0.489348 0.806205 -0.089662 
-0.568424 0.427482 0.137352 
-0.502056 0.503788 0.138019 
-0.391144 -0.581334 0.138019 
0.955332 0.104285 0.138019 
0.669941 -0.223850 -0.143888 
0.365719 0.867312 -0.016798 
0.019362 0.781303 -0.143888 
0.161995 0.864100 0.040435 
-0.782959 -0.415179 -0.143888 
0.139872 -0.720917 0.061566 
0.783421 0.517803 -0.089729 
-0.377015 0.738780 0.025478 
-0.668097 0.245790 0.124603 
0.603672 0.444182 0.050224 
-0.307094 -0.629001 -0.108674 
0.914968 -0.165912 0.131951 
-0.103904 0.984017 0.062137 
0.661373 -0.662047 -0.096019 
0.754812 -0.015582 0.044480 
0.865163 -0.466483 0.088033 
0.179516 -0.891714 0.073647 
0.397937 0.690251 -0.143888 
0.446170 -0.834862 0.138019 
-0.233790 0.685492 0.086304 
-0.381052 -0.864224 0.001415 
-0.324769 0.935130 0.035748 
0.370189 -0.609089 0.094072 
-0.168037 0.927585 -0.010946 
0.837795 0.519619 0.075862 
0.104609 0.936213 -0.141759 
0.431083 0.493103 0.093690 
-0.866214 0.312742 -0.143888 
-0.625619 -0.700091 -0.103780 
0.517925 0.841027 0.029572 
-0.904609 0.083102 0.064745 
-0.895859 0.333474 0.005361 
-0.846024 0.416852 -0.030447 
0.952663 0.250394 0.053446 
-0.094503 -0.931635 -0.085635 
0.738026 -0.564026 0.126034 
-0.654993 0.610300 0.050332 
-0.209323 0.756779 0.032403 
0.220917 -0.957572 0.113685 
-0.808789 0.211272 0.026132 
0.463096 0.597109 0.046773 
-0.346388 0.877075 -0.134645 
0.713987 0.201656 -0.143888 
0.650164 -0.048634 0.067368 
0.463339 -0.603519 -0.143888 
0.575545 -0.394575 -0.121954 
0.859139 -0.371114 -0.032948 
-0.315179 -0.654422 0.073514 
0.714632 -0.093249 0.081068 
-0.120007 -0.688311 -0.081943 
-0.477594 -0.710161 -0.143888 
-0.911835 -0.232751 -0.051225 
0.685491 -0.432680 0.025478 
0.155537 -0.970433 0.064034 
0.725352 0.596665 -0.106263 
0.702390 -0.618339 -0.005817 
-0.405642 -0.897054 0.120829 
-0.740695 0.195936 0.041224 
0.597214 -0.428718 -0.143888 
-0.433272 -0.502037 0.020610 
0.005644 -0.698306 -0.120978 
-0.348844 -0.863746 -0.143888 
-0.734376 -0.030274 -0.143888 
-0.146816 -0.750031 0.039160 
0.545482 -0.435185 -0.012540 
0.447119 0.541182 -0.139210 
0.200636 -0.962105 0.071934 
0.200857 0.835981 0.031583 
0.894787 0.244033 -0.143888 
0.746910 -0.638269 0.063239 
-0.762730 0.084141 0.040120 
0.921995 -0.163367 -0.085231 
-0.927238 -0.035610 0.098245 
-0.670547 -0.248414 -0.143888 
-0.315133 -0.762925 -0.143888 
-0.700372 -0.679648 0.020145 
-0.501694 -0.792476 -0.038485 
-0.695312 0.112454 -0.084602 
-0.811618 -0.257030 -0.143888 
0.640585 0.282544 -0.004159 
0.643808 -0.339330 0.068987 
0.199662 -0.665080 -0.000737 
-0.938112 0.315433 0.041296 
0.673696 -0.182638 -0.118223 
-0.384896 -0.906032 0.050548 
0.083948 0.951445 0.005249 
0.760130 0.124692 0.036161 
-0.082104 -0.886795 0.052177 
-0.420594 0.682722 0.027533 
-0.743131 0.201921 -0.143888 
0.570212 -0.800175 0.080001 
0.363942 0.697762 0.030771 
0.686054 0.135666 -0.120027 
-0.085669 -0.873877 -0.143888 
0.060079 -0.864607 0.036744 
-0.569510 0.383916 0.008501 
0.753595 -0.513814 -0.143888 
-0.233387 -0.609011 0.035362 
0.982749 0.050454 0.131255 
-0.742742 0.307497 -0.143888 
-0.855060 -0.492600 0.127325 
0.316636 -0.797802 -0.143888 
-0.656596 0.015408 0.027352 
0.810006 -0.490149 0.003977 
0.649320 -0.256471 -0.055938 
0.768186 0.352712 -0.143888 
0.289137 0.614849 0.138019 
-0.533571 -0.828383 0.106281 
0.138869 -0.858353 -0.143888 
0.240202 0.660953 -0.065839 
-0.459143 -0.817788 -0.100553 
0.226889 0.615665 0.091259 
0.356348 0.663363 -0.143888 
-0.678514 0.552328 0.037405 
0.180596 0.682532 0.138019 
0.199773 0.913591 0.129876 
-0.945325 0.292401 0.088474 
0.538853 0.487262 0.076616 
0.482814 -0.562396 -0.143888 
0.705203 -0.615164 -0.110229 
0.651117 0.031022 0.103839 
0.210491 0.738800 -0.143888 
-0.249078 -0.672451 0.088789 
0.754615 0.182651 -0.143888 
-0.650666 -0.264539 -0.056881 
-0.673982 -0.304159 0.060568 
0.132473 0.912825 0.084438 
-0.528130 -0.461003 -0.065817 
-0.577645 0.672561 0.044099 
0.297413 -0.854055 0.067250 
0.566668 -0.759528 0.004576 
0.053729 0.836570 0.026477 
-0.250694 -0.714419 0.043480 
-0.439312 -0.571266 -0.143888 
-0.395866 -0.768462 -0.143888 
0.866615 -0.452389 0.138019 
-0.988474 0.023145 0.094259 
0.708561 0.657896 0.014010 
-0.252012 -0.859869 0.056656 
0.465865 0.817647 -0.052860 
0.823046 0.061941 0.025478 
0.683030 -0.145597 -0.032741 
0.798334 -0.141963 -0.143888 
0.626783 -0.756966 0.029567 
-0.642031 -0.747813 0.033992 
-0.464296 -0.809868 0.138019 
-0.855107 -0.303487 0.065015 
-0.342234 -0.804275 0.040043 
-0.794450 -0.032075 0.028888 
-0.298131 0.894773 -0.060447 
0.521124 0.543055 -0.143888 
-0.835048 0.346650 0.058840 
-0.325313 0.674832 0.054321 
-0.643297 -0.170844 0.138019 
0.692617 -0.134416 -0.143888 
-0.762397 -0.534100 0.116349 
0.103423 0.804432 -0.143888 
-0.314377 0.871387 0.091030 
-0.569527 -0.323112 0.099849 
-0.304536 0.858156 -0.143888 
-0.644565 -0.272307 0.138019 
-0.235501 -0.955400 0.073084 
0.837441 0.497960 0.138019 
-0.302908 -0.578439 0.104550 
0.982073 -0.061257 0.109917 
-0.708798 0.691339 0.082748 
-0.794324 0.402620 0.047274 
0.356336 0.883196 0.138019 
-0.424022 0.563301 -0.099694 
-0.583238 0.741343 -0.037692 
-0.880492 0.019413 -0.143888 
-0.447559 0.544990 -0.012540 
0.697940 -0.030664 -0.054122 
-0.495902 0.856929 0.064772 
-0.986251 0.074582 0.124988 
-0.858450 -0.161293 0.037717 
0.550060 0.435159 -0.110646 
-0.482634 0.562757 -0.143888 
-0.895467 -0.288430 -0.140358 
0.892936 -0.280733 -0.078964 
0.057746 -0.695774 -0.039180 
-0.709556 0.112334 0.097241 
-0.251969 0.908776 -0.104200 
-0.887924 0.141321 -0.143888 
-0.074172 0.986827 0.130852 
-0.415406 -0.657596 -0.143888 
-0.139617 0.646521 0.138019 
0.798303 0.469819 0.101050 
-0.623793 -0.321818 -0.089893 
-0.720791 0.597199 0.123624 
-0.646114 0.701912 0.003818 
0.471343 -0.514283 -0.026552 
-0.806456 -0.469522 -0.143888 
0.129914 0.724721 -0.143888 
0.980831 0.080447 0.032402 
0.552353 -0.606767 -0.143888 
0.433027 -0.551615 0.138019 
0.550563 0.754174 0.132683 
0.634622 -0.147319 0.091006 
0.610710 0.525920 -0.143888 
0.554280 -0.341223 0.112141 
-0.977290 -0.011809 0.138019 
0.936729 0.019120 -0.013869 
-0.284300 0.948099 0.136241 
-0.913181 0.175867 0.101597 
-0.729287 0.518183 -0.143888 
0.790748 0.005274 0.028865 
0.671641 0.657222 -0.096614 
0.359455 0.760309 -0.143888 
-0.783290 0.340677 -0.143888 
0.863719 -0.104462 -0.143888 
-0.142988 0.690016 -0.020767 
-0.429298 -0.566247 0.109134 
0.826473 0.333000 0.050976 
-0.684064 -0.083166 0.138019 
0.789461 0.017611 -0.143888 
0.612346 -0.617039 -0.143888 
0.597144 -0.707809 -0.143888 
-0.274006 0.951090 0.093089 
0.740182 0.523359 -0.143888 
0.256017 -0.734419 -0.143888 
-0.734735 -0.368633 -0.143888 
0.928378 -0.014234 -0.143888 
-0.588495 0.294234 0.134929 
-0.666970 0.008766 0.138019 
0.919659 0.143356 0.129524 
0.961674 0.170324 0.021547 
-0.263164 0.782188 -0.143888 
0.598718 0.357585 -0.000728 
0.054076 -0.712848 0.091126 
-0.586187 0.391846 -0.109055 
0.662238 -0.220335 -0.025956 
-0.336052 -0.713656 -0.143888 
-0.503836 0.423616 0.134533 
-0.149791 0.807680 -0.143888 
-0.844545 -0.332486 -0.143888 
0.187780 -0.801188 -0.143888 
0.423455 0.504481 0.138019 
-0.046503 0.813513 -0.143888 
-0.562906 -0.750773 -0.138896 
-0.692120 -0.123272 -0.101566 
0.117219 -0.640134 0.110660 
0.807392 -0.559872 0.123173 
-0.758511 -0.388312 0.029853 
0.141831 -0.881297 0.054846 
0.642055 -0.642277 0.071963 
-0.541761 -0.483701 0.076276 
-0.562088 0.596365 -0.143888 
-0.244085 -0.938353 0.017247 
-0.851306 -0.205430 0.039050 
-0.931684 -0.134153 -0.079750 
0.822198 0.534739 0.023091 
-0.071746 0.722831 0.081058 
-0.510735 -0.837710 0.024039 
-0.492637 -0.843009 0.138019 
0.412215 0.572933 -0.143888 
0.544404 0.766597 -0.094292 
0.693365 0.289663 0.048148 
0.916352 0.075829 0.089038 
0.892652 -0.281669 -0.015985 
-0.576526 0.527029 -0.143888 
0.362026 -0.540184 0.107254 
-0.771031 -0.257795 0.025723 
-0.907561 -0.364705 0.138019 
0.099963 0.936671 -0.057582 
0.467412 -0.452375 0.065102 
-0.796310 0.504900 -0.009110 
0.094006 -0.644270 0.072309 
0.108225 -0.929805 -0.082874 
0.448379 -0.742384 0.037558 
0.526507 -0.500164 0.070853 
-0.959999 -0.121636 0.013314 
-0.000985 -0.661334 0.020323 
-0.076501 -0.934206 -0.002440 
-0.924483 0.094688 0.101612 
-0.695093 0.247759 -0.143888 
0.589416 0.459591 -0.143888 
-0.029985 0.891215 0.048628 
-0.899673 0.280616 -0.028709 
0.241984 -0.927793 0.011252 
-0.105078 -0.806049 -0.143888 
0.913316 -0.205531 -0.047104 
-0.162095 -0.729484 -0.143888 
-0.550865 0.795401 0.012187 
-0.626659 -0.198865 0.025527 
0.732229 0.197316 0.043013 
-0.883705 -0.321737 -0.116566 
-0.634402 0.307797 -0.111549 
0.742163 -0.058013 0.052600 
0.835715 -0.174479 -0.143888 
0.665272 0.729085 0.070882 
-0.542254 0.765056 0.138019 
-0.455112 -0.873145 0.061423 
0.411545 -0.503590 0.102933 
-0.839375 0.429565 -0.094076 
0.427309 -0.781833 0.053761 
0.504562 -0.493714 0.118145 
-0.216743 -0.873605 -0.143888 
0.643930 0.309751 0.097210 
0.869686 0.102580 0.041197 
0.629172 0.395185 -0.143888 
0.273098 0.777070 0.025478 
0.446684 -0.553305 0.097947 
-0.431558 0.797817 -0.143888 
-0.657051 -0.670652 -0.010312 
0.314550 -0.622489 -0.031412 
0.430645 0.733196 0.029170 
-0.203737 -0.905558 0.114168 
0.111657 0.695023 -0.072582 
0.229378 0.828664 -0.143888 
0.905740 -0.381482 0.107915 
0.888429 -0.420820 0.077470 
0.362254 -0.805833 0.047557 
-0.486985 0.781812 -0.143888 
0.209131 -0.900701 0.104932 
-0.254797 -0.651496 -0.032978 
0.442767 0.482302 0.034523 
0.897491 -0.071540 -0.143888 
0.878259 0.030276 0.043174 
0.094497 0.704552 0.129057 
0.451530 0.696282 0.025650 
0.641534 -0.565488 0.032177 
-0.563912 0.813816 0.097375 
-0.828263 0.450354 -0.048712 
0.789404 0.591226 0.094813 
-0.923264 -0.183738 -0.101681 
-0.555138 -0.352811 0.138019 
-0.609555 -0.774134 0.124328 
0.512593 0.788725 -0.041431 
-0.153065 -0.958161 0.138019 
0.678450 -0.209738 0.103999 
0.076960 -0.811256 -0.143888 
0.252843 0.625397 0.015093 
-0.364077 0.564854 0.017816 
0.790834 0.258706 -0.143888 
-0.705940 0.479703 0.029330 
-0.098227 -0.715706 0.078573 
0.236605 -0.820288 -0.143888 
-0.275385 -0.845107 -0.143888 
-0.837711 0.183613 -0.143888 
0.652619 -0.734188 0.065130 
-0.615473 -0.638358 -0.143888 
-0.834600 -0.051514 -0.143888 
0.691820 -0.014991 0.001256 
0.623264 -0.399597 0.055136 
0.558933 0.723280 0.073835 
0.464310 -0.679288 0.025478 
0.644104 -0.099649 0.131794 
-0.863461 0.484448 0.103240 
-0.641423 -0.580733 0.034757 
0.053990 0.702249 -0.056364 
0.139748 -0.947141 0.138019 
-0.643922 0.335821 -0.143888 
0.501844 -0.581563 0.036226 
-0.657260 0.254519 -0.025084 
-0.198848 -0.783021 0.025886 
0.066499 0.937630 0.138019 
0.318706 -0.620292 -0.115563 
-0.039286 0.988541 0.052577 
-0.010692 -0.698530 0.138019 
-0.610819 -0.548436 0.025478 
-0.562864 0.756855 -0.126039 
-0.557345 -0.404153 0.005190 
0.285226 -0.891160 -0.130142 
-0.918909 0.368346 0.118062 
0.166443 0.635061 0.061242 
0.409209 -0.733157 -0.143888 
0.361665 -0.596262 -0.055681 
0.932025 -0.091112 -0.110796 
0.726413 0.595371 -0.056687 
-0.485991 0.773342 0.069446 
-0.710426 -0.562237 0.065069 
0.919751 0.262280 0.008641 
-0.098643 0.937280 -0.044116 
-0.859344 0.260050 -0.143888 
0.373535 0.614718 -0.143888 
-0.268538 0.729796 0.035387 
-0.937777 -0.082120 -0.013836 
-0.036768 0.724134 -0.143888 
0.142415 -0.804907 0.025478 
0.593222 0.529193 0.028468 
0.635258 0.692559 -0.108000 
-0.093593 0.698335 -0.104653 
-0.656976 0.676775 -0.032269 
0.240826 -0.904628 -0.104060 
0.584120 0.293169 0.118050 
-0.384923 -0.528135 0.075514 
-0.763647 0.553150 -0.110941 
-0.890658 0.019911 0.048458 
-0.627980 0.319948 -0.072316 
-0.351989 0.874967 -0.022988 
0.753419 0.560633 -0.103211 
0.033613 -0.650207 0.132327 
-0.360702 0.614778 0.122402 
0.565578 -0.672383 0.044140 
-0.972961 -0.173451 0.065558 
0.662412 0.719312 0.020614 
0.738958 -0.508222 0.058793 
-0.701566 -0.434628 -0.143888 
0.535175 -0.823986 0.040203 
0.664761 -0.648882 0.130455 
0.017377 0.942066 -0.134535 
-0.879641 0.302619 0.101095 
0.003176 -0.929526 0.127083 
0.384196 -0.848400 0.138019 
0.722275 0.363321 -0.143888 
-0.177752 0.633244 0.073545 
-0.790034 -0.508940 -0.084874 
0.930298 0.114697 -0.115462 
-0.606430 0.374427 0.120087 
-0.838606 0.526474 0.112718 
-0.965138 0.181846 0.021825 
0.723521 -0.011733 -0.143888 
-0.934094 0.284688 0.138019 
0.287414 0.945781 0.030938 
-0.424928 -0.716289 -0.143888 
0.315572 0.886842 -0.021051 
-0.625768 0.594116 -0.143888 
0.335720 0.918438 0.138019 
-0.847727 -0.391416 0.133904 
0.227672 0.941357 0.013772 
-0.804182 -0.437162 0.076902 
-0.528687 -0.438696 0.138019 
0.903389 0.252328 -0.089782 
0.317650 -0.821714 0.045472 
0.696075 -0.059738 -0.097977 
0.599614 0.755779 0.138019 
0.123773 0.981516 0.130107 
0.808261 0.477857 -0.122094 
-0.645308 0.549435 -0.143888 
0.662673 0.225145 -0.141241 
0.174775 0.739036 0.045050 
0.650290 0.243384 0.000629 
0.696202 0.064664 -0.100176 
-0.637374 -0.383755 -0.143888 
-0.762375 0.554925 -0.004736 
0.312937 0.728495 -0.143888 
0.713841 -0.604638 -0.042825 
-0.147963 0.689074 -0.122459 
0.261684 -0.880061 0.088745 
0.240291 0.659802 -0.002269 
0.350918 0.574093 0.138019 
0.587659 0.758241 0.008890 
-0.939881 0.066805 -0.125672 
-0.911058 -0.105737 -0.143888 
-0.014377 0.662195 0.023314 
0.616666 -0.252211 0.016992 
-0.417557 0.631430 -0.143888 
-0.633803 0.323078 0.133534 
-0.678811 0.717196 0.024580 
0.395882 0.903156 0.025229 
0.682127 0.657716 0.138019 
-0.702347 0.049000 -0.098322 
-0.811308 -0.561270 0.119327 
-0.421259 -0.535908 0.138019 
-0.722097 -0.476755 0.034518 
0.441027 0.830923 -0.023903 
-0.528725 0.466364 -0.141443 
-0.325547 0.687128 -0.143888 
-0.905933 0.231276 0.121290 
-0.694285 -0.251571 0.062097 
0.699851 -0.591946 0.086223 
0.743097 0.648646 0.119902 
0.217035 -0.863628 -0.143888 
0.953967 0.117410 0.011909 
-0.296991 -0.633431 -0.069711 
0.411090 -0.563201 -0.127121 
0.487175 -0.798478 -0.004118 
-0.385916 0.664653 -0.143888 
0.856934 -0.190631 0.042736 
0.012986 0.693073 0.138019 
0.699290 -0.061949 0.138019 
-0.514474 -0.590415 -0.143888 
-0.455489 -0.532114 -0.047617 
0.080757 -0.891902 -0.143888 
0.970015 -0.161329 0.073025 
-0.436545 0.629667 0.041495 
-0.800044 -0.380107 0.045571 
-0.079433 -0.831066 0.026764 
0.237699 -0.655777 -0.109316 
-0.687618 0.153114 -0.094776 
0.633994 0.685040 0.134823 
-0.499369 0.497656 -0.009392 
-0.871452 0.427475 0.014329 
-0.134437 -0.917462 0.110304 
0.459561 0.756669 -0.143888 
0.005031 -0.888846 0.050827 
-0.756713 0.032932 0.046327 
-0.786791 0.147543 -0.143888 
0.097191 -0.680623 0.138019 
0.454623 -0.729333 -0.143888 
-0.787698 0.425588 -0.143888 
0.375848 -0.856670 -0.105152 
0.324660 0.699579 0.037516 
0.063314 0.653955 0.039106 
-0.978608 0.143849 0.068096 
0.293825 -0.580707 0.050001 
-0.177372 0.869118 0.044650 
0.791236 0.505235 -0.044416 
-0.798896 -0.511249 0.002476 
0.914644 -0.129779 0.100117 
0.879136 0.327000 -0.048188 
0.694343 0.216647 0.072723 
-0.063556 -0.648450 0.108466 
-0.708941 0.682643 0.022606 
-0.739971 -0.640363 0.138019 
-0.900551 0.277724 -0.085784 
0.503420 0.417971 0.090353 
0.323402 -0.849463 -0.143888 
-0.916535 -0.105646 0.086604 
-0.185926 0.679737 -0.041852 
-0.188139 -0.673091 -0.070084 
0.773091 0.438434 -0.143888 
0.722995 0.554145 0.070863 
-0.507117 0.811642 0.138019 
0.688875 -0.700344 0.098836 
-0.012142 0.989394 0.103692 
-0.443318 -0.826247 -0.004655 
-0.463757 -0.726620 0.034079 
-0.043893 -0.859046 0.033989 
0.893370 0.173869 0.072054 
-0.780624 0.265462 -0.143888 
0.056848 -0.695874 -0.078563 
0.279378 0.948116 0.103360 
-0.038894 -0.697244 -0.031475 
-0.172149 -0.679368 -0.143888 
-0.470400 0.817824 -0.055673 
0.166255 0.747903 -0.143888 
-0.851495 0.093640 0.030508 
0.364950 -0.888172 0.012329 
-0.636069 -0.385855 0.055777 
0.460792 -0.814307 -0.141411 
-0.090170 -0.692668 -0.126984 
0.917866 -0.296013 0.138019 
-0.014171 -0.936278 -0.113729 
0.135686 0.723071 0.067100 
-0.155860 -0.694574 0.101087 
0.710445 0.558811 -0.143888 
0.829408 0.439108 -0.065765 
0.378941 -0.906503 0.116297 
-0.940846 -0.035940 -0.031009 
0.426352 0.838767 -0.113674 
-0.590229 0.713936 0.090499 
-0.000613 0.942655 -0.051135 
0.519447 0.397642 0.119747 
0.472854 0.560756 0.067495 
-0.681700 -0.170926 -0.122821 
0.500505 -0.415617 0.064572 
0.025427 0.941306 0.138019 
-0.180999 -0.967171 0.071516 
0.279296 -0.892958 -0.049091 
-0.935796 -0.102231 -0.057005 
-0.732730 -0.262855 0.034106 
0.052680 0.867169 -0.143888 
0.598757 -0.358045 -0.106693 
0.432670 -0.829338 -0.110967 
-0.024383 0.961828 0.138019 
-0.096980 0.697954 -0.005833 
0.525777 0.432178 0.010129 
-0.522756 -0.467247 -0.114148 
0.108411 -0.689585 -0.098209 
