-0.600931 -0.690124 0.010490 
0.647480 0.759415 0.032279 
0.783753 -0.617713 0.012920 
-0.723281 0.682845 0.037677 
0.109884 -0.990818 0.014889 
-0.987440 -0.035669 0.054916 
0.993975 0.099450 0.019809 
-0.056490 0.994833 0.031316 
-0.293002 -0.952310 0.028905 
-0.870202 -0.403861 -0.060255 
-0.790643 0.300676 -0.052640 
0.483143 -0.870765 0.051375 
0.753787 0.399374 -0.056509 
0.835881 -0.243393 -0.060030 
-0.360004 0.778416 -0.060073 
0.269392 0.803468 -0.032927 
-0.072718 -0.824848 0.046324 
0.545126 -0.650392 -0.046633 
0.272592 -0.811969 -0.058981 
-0.807309 -0.194027 0.054112 
-0.861067 0.498484 0.044172 
-0.967439 0.200620 0.055240 
-0.373681 -0.737331 0.039447 
-0.674350 -0.476344 0.036872 
0.946520 0.320307 0.038759 
-0.550512 0.828837 0.047088 
0.987773 -0.120003 0.053379 
0.723069 -0.407339 0.046337 
0.806898 0.587848 0.040068 
-0.170063 0.809264 0.045210 
0.159835 0.982777 0.048655 
0.469199 0.875203 0.008603 
-0.844827 0.079190 -0.056579 
-0.681153 0.501594 -0.051632 
0.626072 0.577948 -0.056390 
-0.535211 0.654508 -0.049302 
0.849438 -0.023021 -0.050279 
0.044801 0.846328 -0.051729 
0.831886 0.184824 -0.055166 
-0.319443 0.937307 0.054168 
0.920465 -0.377792 0.053677 
0.472326 0.682755 0.050516 
-0.955434 -0.180542 -0.055000 
-0.505658 -0.835187 -0.049313 
-0.114668 -0.969385 -0.053276 
-0.769255 -0.631264 0.027007 
0.302137 -0.947095 0.053185 
0.131459 -0.818598 0.048262 
0.649916 -0.747232 0.055844 
-0.215972 -0.826939 -0.059125 
0.410285 -0.720274 0.029865 
-0.185864 0.941552 -0.060255 
0.629617 -0.544401 0.050875 
0.321783 0.944161 0.041025 
0.829681 -0.474467 -0.060255 
-0.939324 -0.309510 0.054907 
0.781357 0.288854 0.052315 
-0.928179 0.356485 0.043610 
-0.752047 -0.341014 0.028659 
0.825808 -0.139639 0.055849 
0.885311 0.458796 0.012187 
0.031017 -0.882844 -0.060203 
-0.830684 -0.024983 0.054779 
-0.734969 0.392113 0.055917 
-0.439135 0.722833 0.056964 
0.693691 0.478894 0.057064 
-0.823453 -0.495119 0.052971 
-0.613308 0.575579 0.056965 
0.532322 0.762044 -0.060255 
0.836879 0.076700 0.056623 
0.545261 -0.798919 -0.060092 
-0.803359 0.199965 0.052181 
0.150828 0.814871 0.049946 
-0.363326 -0.844568 -0.060115 
-0.658229 -0.578769 -0.060255 
0.218005 -0.941963 -0.060007 
0.391377 -0.886426 -0.059357 
-0.432900 -0.890516 0.054941 
-0.020002 -0.975045 0.057064 
0.396228 0.749142 -0.046972 
0.171002 0.898814 -0.060255 
-0.914557 -0.045731 -0.060255 
0.686300 -0.678666 -0.060179 
-0.918149 0.251587 -0.060251 
-0.823363 -0.264109 -0.060255 
0.929682 -0.243224 0.047667 
-0.036203 0.858942 0.055077 
-0.473851 -0.706454 -0.056182 
-0.436482 0.874838 -0.002939 
-0.972767 0.071278 -0.024251 
0.698662 -0.527290 -0.060042 
-0.783793 0.580219 -0.031375 
-0.305024 0.796800 0.056854 
0.936954 -0.159267 -0.060170 
0.795044 -0.299170 0.057064 
-0.609542 0.761267 -0.049636 
0.716544 0.666720 -0.027433 
-0.759748 -0.488900 -0.060255 
-0.817785 0.427168 -0.060005 
0.979633 -0.012298 -0.043196 
0.865751 0.335859 -0.060255 
0.576888 0.609020 0.056537 
-0.087708 0.855627 -0.060255 
-0.567643 -0.802372 0.056925 
-0.239976 0.819030 -0.059057 
-0.268459 -0.818216 0.053968 
0.072282 0.974246 -0.049277 
0.787118 -0.357739 -0.060255 
-0.171782 -0.948201 0.054342 
0.947362 0.228479 -0.054773 
0.829377 -0.511859 0.057064 
0.319592 -0.799667 0.054587 
-0.598280 -0.570978 0.049180 
0.791705 0.514082 -0.060255 
-0.488343 0.764601 -0.060255 
0.361066 0.892876 -0.060203 
0.345931 0.782591 0.056651 
-0.834218 -0.133184 -0.047582 
-0.670757 0.620171 -0.060157 
-0.179188 0.958364 0.057064 
-0.307284 0.915191 -0.060005 
-0.495651 -0.669758 0.055071 
0.929387 -0.310487 -0.046056 
0.911085 0.098127 -0.060128 
0.949893 0.202880 0.056912 
-0.834942 0.090069 0.057036 
0.541660 0.800738 0.055694 
-0.956091 -0.167195 0.057023 
-0.100732 -0.851108 -0.059636 
0.151080 -0.844029 -0.059508 
0.518893 -0.686809 0.055718 
-0.624102 0.736147 0.056086 
-0.689748 -0.688605 -0.052485 
0.843042 0.187807 0.053799 
-0.927105 -0.292381 -0.053574 
-0.897056 -0.417643 0.054246 
0.613119 0.683943 -0.060255 
0.757477 0.393175 0.057064 
-0.536580 0.656521 0.056932 
0.044987 0.976725 0.057064 
-0.690433 0.488191 0.057029 
-0.694947 -0.704427 0.054892 
0.026483 -0.857265 0.056367 
-0.822137 0.196932 -0.050871 
0.864706 -0.037017 0.052302 
0.461670 -0.736063 -0.060005 
-0.590647 -0.774509 -0.054624 
0.556835 -0.798064 0.056890 
0.198937 -0.939413 0.049349 
0.364759 -0.766410 -0.049025 
-0.030857 0.957591 -0.060025 
0.986510 0.001774 0.057046 
-0.013417 -0.975156 -0.054990 
0.269979 0.936968 -0.054788 
0.837545 -0.142686 -0.049493 
-0.230464 -0.926350 -0.060034 
0.699975 -0.658999 0.049370 
0.712093 0.565542 0.010490 
0.696674 0.486268 -0.052276 
-0.800902 0.318143 0.050198 
0.066014 0.864869 0.042502 
-0.890656 -0.224407 0.011200 
-0.922512 0.147386 -0.060171 
0.393170 -0.908821 0.055944 
-0.167467 -0.810700 0.027063 
-0.846739 -0.335612 0.010490 
0.891561 -0.401099 -0.052136 
-0.899216 0.377465 -0.047618 
-0.764942 -0.584453 -0.060250 
0.224018 -0.841288 0.041046 
-0.575957 -0.629573 -0.058786 
-0.243721 0.883691 0.010493 
0.244700 0.807750 0.057064 
0.712290 -0.504659 0.035524 
0.464920 0.773726 0.011660 
0.121428 -0.931651 -0.060005 
-0.900461 -0.103429 0.010490 
-0.760774 -0.432845 0.026109 
0.636577 -0.601007 -0.060204 
0.607555 -0.730934 -0.060218 
0.387723 0.880994 0.052213 
0.613430 -0.651991 0.014440 
-0.766987 0.596306 0.057044 
-0.421445 -0.809679 0.010490 
0.414417 -0.814845 0.010490 
0.526869 0.664791 -0.037103 
-0.129524 0.897642 0.010490 
-0.085741 -0.910932 0.010490 
-0.908097 0.011774 0.010238 
0.833418 -0.421133 0.014423 
0.306742 -0.924503 -0.057018 
-0.764593 -0.369269 -0.056354 
0.837490 0.433937 -0.060255 
0.223387 0.911484 0.018190 
-0.381373 -0.756125 -0.049971 
0.916771 0.042500 0.010384 
-0.780383 0.468611 0.010490 
-0.889656 0.202844 0.010490 
-0.626780 0.659041 0.010490 
0.858745 0.268316 0.012652 
0.736442 0.646300 0.057064 
-0.502177 -0.757852 0.010490 
-0.545054 0.731404 0.010490 
-0.319507 -0.922945 -0.050130 
-0.952411 0.110504 0.052212 
-0.732886 -0.536547 0.010490 
0.474837 -0.855983 -0.037773 
0.730450 -0.445807 -0.058212 
0.792808 0.458810 0.010490 
-0.401938 0.796071 0.014420 
0.738080 -0.605478 -0.060165 
0.801608 -0.213793 0.017945 
0.784999 0.322799 -0.032296 
-0.697103 0.577811 0.010490 
-0.732733 0.421168 -0.050167 
0.573044 0.722519 0.011229 
-0.663707 -0.632139 0.010490 
-0.290547 -0.795008 -0.024966 
0.647288 0.627241 0.012165 
-0.099226 -0.991855 0.032427 
0.865658 -0.298094 0.010490 
0.777513 0.595247 -0.041744 
-0.343716 -0.871356 0.017516 
-0.672345 0.704994 -0.052663 
0.004741 0.917675 0.010599 
-0.207777 -0.885993 0.010490 
0.488849 -0.772794 0.010490 
-0.830303 0.511134 -0.041235 
0.895964 -0.131184 0.011344 
0.070715 -0.911111 0.010490 
0.418849 0.828242 -0.060185 
0.900051 0.140809 0.010490 
0.814443 -0.545248 -0.019474 
0.880576 0.383852 0.047737 
0.914967 -0.072830 -0.060216 
-0.831061 0.385925 0.010636 
-0.885656 0.285352 0.015429 
0.126402 0.912040 0.011296 
-0.800789 -0.280650 0.056908 
-0.816671 -0.534465 -0.019227 
0.320296 -0.870249 0.012559 
-0.329440 0.859620 0.011398 
-0.817206 -0.116563 0.031911 
-0.969639 -0.101907 -0.041290 
-0.594311 0.600573 -0.034945 
0.636655 0.530938 0.033344 
-0.844426 -0.016917 -0.030148 
0.843753 0.517938 0.056139 
0.575601 -0.733643 0.013996 
-0.648482 -0.754940 0.014594 
-0.889001 0.424655 0.055955 
0.401497 0.726244 0.048839 
-0.420083 0.734003 -0.033741 
-0.374566 0.873675 -0.060040 
-0.493545 -0.829844 0.055958 
-0.030623 -0.847018 -0.023499 
0.122372 0.837781 -0.041734 
0.979127 -0.193263 0.012496 
0.847401 0.060098 -0.034128 
-0.101271 0.823137 0.010239 
0.713004 -0.583413 0.010754 
0.300623 0.875027 0.012257 
-0.683975 -0.505728 -0.057348 
-0.168316 0.828984 -0.031620 
-0.990681 0.043446 0.051533 
0.149297 -0.894870 0.010542 
-0.812493 -0.571714 0.050135 
-0.486299 0.844615 -0.052935 
-0.440209 -0.872022 -0.037909 
-0.543345 -0.623224 0.018701 
-0.054411 -0.911569 -0.060131 
-0.888912 0.120281 0.012303 
0.967051 0.155356 -0.023388 
-0.487353 0.679012 0.004349 
0.035545 -0.984984 0.003434 
0.910771 -0.235499 -0.060255 
-0.110886 0.948129 -0.060097 
0.465223 0.722027 -0.059895 
-0.241702 0.958764 0.006151 
-0.836269 -0.470933 -0.060249 
-0.558800 -0.706660 -0.060005 
0.511750 0.833547 -0.037095 
0.872092 0.256523 -0.060255 
-0.882134 -0.194043 -0.060117 
-0.961747 -0.247071 0.011631 
0.203984 0.828971 -0.058194 
-0.956252 0.272963 0.040840 
0.345197 0.816435 -0.060195 
0.179771 0.960742 -0.019861 
-0.912891 0.045657 -0.060255 
-0.441125 -0.700411 0.014820 
0.562258 -0.611525 0.050006 
-0.476360 0.829057 0.046138 
0.976243 -0.084221 -0.020591 
-0.753946 0.494095 -0.060255 
-0.787130 0.258467 0.009315 
-0.975021 -0.016904 -0.029941 
-0.602365 0.682364 -0.060102 
-0.385157 0.904532 0.056949 
-0.668820 -0.550735 0.043120 
0.089915 -0.843195 -0.008790 
-0.169656 -0.885890 -0.060157 
0.665481 0.690030 0.044446 
-0.354751 0.745957 0.041736 
0.858312 -0.312128 -0.060255 
0.725377 0.435428 0.000140 
0.845213 -0.081839 -0.002397 
-0.768049 0.351754 -0.007087 
-0.796344 0.529712 0.048009 
0.701288 0.560539 -0.060255 
0.427003 -0.807531 -0.060235 
0.411165 0.821987 0.010582 
0.579135 0.619686 -0.018709 
0.949371 -0.311183 0.041234 
-0.120208 0.977737 0.003627 
0.800066 -0.285495 -0.012905 
0.878584 -0.475384 0.018460 
-0.854531 -0.327568 -0.060255 
0.820662 0.129595 0.012664 
-0.830940 -0.431286 0.017941 
0.908394 0.014521 -0.060255 
0.920863 -0.027839 0.010727 
0.000487 -0.906373 0.010564 
0.627258 0.750736 -0.043473 
0.881218 -0.207571 0.011312 
0.530622 -0.717776 -0.060083 
0.470812 -0.693662 0.005027 
0.972908 0.065066 -0.056866 
0.689371 -0.713559 0.006529 
0.758079 -0.340051 0.013711 
0.894744 0.397654 -0.042960 
-0.824363 0.034101 0.016514 
-0.227528 -0.967230 0.009738 
0.092524 0.898041 -0.060155 
-0.817866 -0.211193 -0.015276 
0.248656 -0.879480 -0.060251 
0.172212 -0.963219 -0.010244 
-0.988551 -0.108101 0.040120 
0.062458 -0.968442 -0.058419 
-0.025655 0.886607 -0.060192 
-0.309542 0.787174 -0.011650 
-0.702697 0.437857 0.010007 
0.530546 -0.837079 0.006141 
-0.715721 -0.450250 -0.023375 
-0.275978 -0.861200 -0.060151 
-0.858046 0.287461 -0.060145 
-0.417546 0.819689 -0.060112 
-0.785852 -0.310181 -0.022524 
0.259792 0.869778 -0.060144 
0.271885 -0.788543 0.007222 
-0.635443 0.531968 0.009520 
0.765407 -0.468128 0.013564 
0.013314 0.826931 0.021007 
-0.965336 0.140020 -0.007858 
0.798258 0.225993 0.020172 
0.334547 -0.839245 -0.060255 
0.592322 0.786738 0.002378 
-0.731411 0.646072 -0.018408 
0.540557 0.665926 0.056320 
0.928097 0.313864 -0.025868 
-0.224898 0.802217 0.006701 
-0.332649 -0.799655 0.046390 
-0.422237 -0.811192 -0.060126 
0.828594 0.345606 0.013195 
-0.593524 0.794134 0.009212 
-0.504582 -0.769121 -0.060005 
-0.907814 -0.358136 -0.004972 
0.251000 0.962044 0.051803 
0.101889 0.986935 0.009025 
-0.238377 0.900621 -0.060168 
0.962828 0.261504 0.012152 
0.209301 -0.822024 -0.036416 
-0.351365 -0.929898 0.051080 
0.651663 -0.544744 -0.016723 
0.902766 0.216704 0.012635 
-0.541484 0.812128 -0.037047 
0.606189 -0.791963 0.012246 
-0.832338 0.142512 -0.015287 
0.427900 -0.889393 0.003547 
0.834045 0.512915 -0.008723 
0.405216 0.890222 -0.010488 
-0.465077 0.774887 0.010789 
-0.513004 -0.672757 -0.011825 
-0.062155 0.931302 0.016026 
0.657025 0.635758 -0.060255 
0.778444 -0.563433 0.048547 
-0.277068 -0.890813 0.015452 
0.808190 0.266133 -0.053760 
0.769966 0.519490 0.012757 
-0.228227 -0.809346 0.002103 
-0.536403 0.718387 -0.060166 
0.827165 -0.409723 -0.060255 
0.600483 -0.583241 0.006038 
0.348382 -0.928212 0.006749 
-0.639426 0.560157 -0.057472 
-0.719530 -0.672669 0.004349 
0.763135 -0.526902 -0.060184 
0.827354 -0.349840 0.013187 
-0.919158 0.316537 -0.053376 
-0.867785 0.445156 -0.023850 
-0.726726 0.520969 0.013088 
-0.726834 0.586612 -0.060083 
-0.670205 0.733066 0.011724 
0.351261 -0.750937 0.027668 
-0.828195 0.364004 -0.060146 
-0.638215 -0.642771 -0.060134 
0.253808 -0.964858 0.015862 
-0.134308 -0.871505 0.021730 
0.019971 0.979190 -0.001092 
0.288804 0.776081 0.024696 
0.751198 -0.396690 -0.012989 
0.204370 0.852101 0.027117 
-0.789079 -0.427178 -0.060102 
-0.588791 -0.747946 0.033951 
-0.950497 0.217806 -0.018561 
-0.596589 -0.599292 -0.006577 
-0.392194 -0.909561 0.007436 
0.829650 0.017535 0.037990 
0.997778 -0.053861 0.029549 
-0.154492 -0.965440 -0.005371 
-0.862337 -0.158923 0.024154 
0.070856 -0.958211 0.051348 
0.482474 0.832266 0.051799 
-0.890236 -0.291888 0.018611 
-0.871631 -0.477938 0.013244 
0.840552 0.123777 -0.048675 
0.324200 0.922488 -0.020227 
-0.562133 0.604335 0.035726 
-0.639660 -0.737500 -0.048564 
0.351497 0.771002 -0.010561 
0.910212 0.159791 -0.060246 
0.260376 -0.884280 0.011211 
-0.851158 0.158701 0.041283 
0.350685 0.839928 0.010490 
-0.357101 0.918721 0.004486 
-0.912059 -0.109590 -0.060255 
0.513692 0.735878 0.013015 
0.063243 0.932924 0.016787 
0.022389 0.923618 -0.060105 
-0.295590 0.843167 -0.060174 
0.810479 0.378519 -0.060255 
0.441527 0.719108 0.000927 
0.661280 0.531515 -0.021658 
0.952232 0.143005 0.050923 
0.665174 0.718116 -0.008805 
-0.482292 -0.870500 0.013052 
0.464008 0.788553 -0.060255 
-0.444161 0.880726 0.056279 
-0.180828 0.960821 -0.003718 
-0.940655 -0.055217 0.023427 
0.919047 0.367931 0.004993 
-0.720356 -0.594525 0.016605 
0.944429 -0.262171 -0.014696 
0.725246 -0.658063 -0.020366 
0.778207 -0.385361 0.047101 
0.754422 0.363795 0.005622 
0.126647 0.946557 -0.060140 
0.920314 -0.349937 0.001319 
0.520919 -0.647993 0.011232 
0.136121 -0.957534 0.055951 
0.595028 0.664867 0.015678 
-0.429782 -0.755114 0.038580 
0.761018 0.628729 0.003720 
0.105366 0.821784 0.012206 
-0.696794 -0.623072 -0.060255 
0.747712 0.457661 -0.060255 
0.483954 -0.793636 -0.060033 
-0.046448 -0.989603 0.006977 
-0.045224 0.843539 -0.000577 
0.635327 0.586512 0.051967 
-0.243425 -0.926944 0.048599 
0.958892 0.058028 0.047277 
-0.782887 -0.584133 -0.004087 
0.809402 0.400273 0.011869 
-0.840769 -0.066663 -0.000708 
0.697197 -0.454894 0.010213 
-0.212329 -0.836545 0.052774 
-0.146643 -0.834510 -0.028689 
0.191462 -0.887437 -0.060145 
-0.253851 0.825379 0.050811 
0.886363 -0.424110 0.057022 
-0.386275 0.855504 0.019380 
-0.467362 0.704966 -0.048877 
-0.184123 0.860239 0.022674 
-0.263644 0.924227 0.052422 
-0.130822 0.854825 0.048585 
-0.301468 0.930624 -0.002160 
-0.186736 0.876177 -0.060255 
0.932539 -0.085190 0.016053 
-0.888813 0.193354 -0.060038 
-0.782699 -0.497171 0.013203 
-0.688170 0.641010 0.021487 
0.600304 -0.653648 -0.060255 
-0.643240 -0.549019 -0.014135 
-0.874393 0.065446 0.024268 
0.889707 0.315274 0.021049 
-0.866707 0.338969 0.015359 
0.082961 -0.860469 0.051551 
0.653717 -0.592145 0.023615 
-0.544064 -0.719633 0.011360 
-0.961578 -0.188426 0.000733 
-0.900982 -0.351094 0.056659 
0.719612 0.620753 -0.060255 
-0.727200 -0.392350 0.046709 
-0.535229 -0.839869 0.019222 
-0.388597 -0.894556 -0.053384 
-0.731364 -0.539235 -0.060255 
-0.895378 0.402355 0.002677 
0.837043 -0.254986 0.032236 
0.554717 0.707648 -0.060255 
0.350526 -0.823082 0.014248 
-0.490026 0.697909 0.056943 
-0.012659 0.971713 0.057064 
-0.120220 -0.911535 -0.060116 
0.831315 -0.170716 -0.001068 
0.839545 -0.197132 0.055092 
-0.564990 -0.796592 -0.010606 
-0.339772 -0.775086 -0.008866 
0.028467 -0.847253 -0.017825 
0.878279 -0.178654 -0.060255 
-0.858527 -0.073249 0.051213 
0.548101 0.827928 0.008157 
-0.745515 -0.629730 -0.035405 
-0.819212 0.257469 0.054081 
0.150500 0.864693 0.025568 
-0.831263 0.454778 0.029319 
-0.773914 0.372445 -0.060150 
-0.446387 -0.753763 -0.060194 
0.955977 -0.213595 -0.038420 
0.164782 -0.821149 0.004903 
0.442239 0.882916 0.056508 
0.636368 -0.700779 0.023454 
0.746508 -0.615176 0.052735 
-0.006654 -0.827904 0.024470 
-0.787870 -0.248904 0.014580 
0.949009 -0.171594 0.052338 
-0.089939 -0.842610 -0.006969 
0.222638 0.802487 0.007595 
0.896131 -0.408480 0.001570 
-0.534751 0.641038 0.004897 
-0.918711 -0.154289 0.015913 
-0.944777 -0.241930 -0.044165 
-0.803167 -0.366780 0.019107 
0.619832 0.571583 0.001766 
0.785006 -0.443636 -0.060255 
0.605552 0.784473 0.055528 
-0.780303 0.394955 0.026581 
-0.721252 -0.452541 0.057064 
0.431348 -0.856780 0.046416 
0.651781 -0.731247 -0.029479 
0.971631 0.208560 0.007705 
-0.288792 -0.775567 0.026585 
-0.726869 -0.645178 0.057026 
-0.664454 0.549189 0.051355 
-0.563270 0.774884 0.049231 
0.980739 0.051197 -0.001307 
-0.101554 0.980626 0.056646 
-0.815142 0.557167 0.006007 
0.489105 0.690269 -0.000374 
0.172436 0.829089 -0.014968 
0.259906 0.947569 0.001072 
-0.581675 -0.621192 0.056912 
0.929626 0.257168 0.053625 
-0.175174 -0.959591 -0.054144 
-0.869939 0.138738 -0.060186 
0.753807 0.590980 0.041413 
-0.818030 -0.366208 -0.060255 
-0.758452 0.643633 0.030841 
-0.643420 -0.717089 0.055477 
0.761079 0.340378 0.053515 
0.105336 0.955103 0.051288 
0.842189 0.489012 -0.055321 
-0.881274 -0.427486 0.000208 
-0.496002 0.843561 -0.000870 
-0.935244 -0.253201 0.057064 
0.207957 -0.890990 0.010490 
-0.298638 -0.838600 0.015704 
-0.473187 -0.722216 0.050623 
0.689226 0.478458 0.004514 
0.688050 -0.578915 -0.060047 
0.403839 -0.746015 -0.015593 
0.843396 -0.023824 0.001977 
0.559133 -0.683989 0.022028 
-0.516391 0.782901 0.018765 
-0.072701 0.912043 -0.060125 
-0.330459 -0.926471 0.002651 
0.855214 0.136396 0.051453 
0.573339 -0.626204 -0.007278 
0.461642 0.858119 -0.055908 
0.218688 0.946945 -0.057527 
0.826824 -0.073440 0.045857 
0.825629 0.256389 0.052738 
-0.669925 0.492793 0.006927 
-0.556554 0.766568 -0.060047 
-0.851598 0.238181 0.017980 
0.335606 -0.907158 0.055940 
-0.361863 0.764331 -0.009871 
0.870157 -0.449915 -0.038336 
-0.064166 0.975226 -0.016392 
0.851949 -0.074548 -0.057856 
0.175151 0.929989 0.025157 
0.453554 0.731033 0.055580 
0.392655 0.779207 0.033695 
0.857884 0.431087 0.046608 
-0.931488 0.288186 -0.008966 
-0.957468 0.108923 -0.059894 
-0.036489 -0.874795 0.028664 
0.799792 0.565116 -0.005959 
-0.863617 0.019419 0.046926 
0.725239 0.685684 0.025447 
-0.978757 0.026307 0.000535 
-0.265353 -0.940789 -0.013553 
0.679828 0.682299 -0.060255 
-0.917804 0.303501 0.056859 
-0.912987 0.342315 -0.009212 
0.313416 0.856957 -0.060255 
-0.557023 -0.671091 0.031790 
0.745161 0.445600 0.046469 
-0.835541 -0.245970 0.033546 
0.373280 0.923300 0.012437 
0.747281 -0.532557 0.010490 
0.538574 0.636905 0.007419 
-0.212376 0.921635 0.025411 
0.688191 0.532357 0.041075 
0.278122 0.918922 0.049142 
-0.894798 -0.359188 -0.059447 
0.084245 -0.851202 -0.058839 
0.265614 -0.815798 0.055912 
-0.945070 0.065782 0.028907 
-0.392266 0.729456 0.011452 
-0.145983 0.910064 -0.060255 
-0.887125 -0.244580 -0.060240 
-0.744468 0.440585 0.044185 
-0.818719 0.255442 -0.060255 
-0.968312 -0.133605 -0.001816 
0.472626 -0.732188 0.037843 
0.021676 0.973934 -0.054590 
0.284338 -0.936240 -0.012623 
0.525371 -0.727694 0.013193 
0.792140 0.284593 0.003187 
-0.923457 0.156486 0.018712 
-0.914796 0.246213 0.030434 
0.435878 -0.770342 0.020360 
-0.738386 -0.411125 -0.046758 
0.814345 -0.479418 0.021682 
0.967429 -0.155164 -0.018178 
0.785184 -0.585713 -0.025841 
0.008071 -0.927580 -0.060098 
0.804295 -0.310500 -0.060238 
0.896264 0.090764 0.012405 
0.968145 -0.120211 -0.055318 
0.078659 -0.905342 -0.060075 
-0.035919 -0.939707 0.019317 
-0.688673 0.551230 -0.060199 
-0.122428 -0.820692 0.050704 
0.612253 -0.610304 0.052196 
0.252061 -0.935410 0.056259 
-0.882568 -0.030412 0.018445 
-0.374530 -0.826853 0.010490 
-0.070477 0.882073 0.018459 
-0.470831 -0.808343 0.017009 
-0.954305 0.010751 0.042378 
-0.786742 0.606843 0.012618 
-0.981907 0.156628 0.035992 
-0.934840 -0.317373 0.006008 
0.665111 -0.496365 0.022202 
-0.556427 0.684059 0.020235 
0.892276 -0.116954 -0.060168 
0.842574 -0.362713 -0.060255 
-0.414055 -0.738128 -0.005100 
0.567802 0.649639 -0.060255 
-0.650583 0.697574 0.040234 
0.696464 0.624232 0.015699 
0.052577 0.844886 -0.002959 
-0.262690 0.940418 -0.034605 
-0.133100 -0.927260 0.017465 
0.588812 -0.782350 -0.043802 
-0.530089 -0.666603 -0.057989 
0.260078 0.840560 0.023629 
0.581494 0.758630 -0.060255 
-0.991651 -0.067103 0.012986 
-0.769500 0.304447 0.010304 
-0.066234 -0.975580 -0.047061 
0.678511 -0.539376 0.049569 
-0.867717 -0.060555 -0.060255 
0.619900 0.713308 0.022745 
0.107296 -0.972118 -0.036246 
0.865272 -0.102999 0.038940 
-0.748631 -0.381590 0.001432 
0.307594 -0.790483 -0.026217 
-0.622050 0.632063 -0.060005 
0.176384 -0.835700 0.057064 
-0.867547 0.027448 -0.060255 
-0.834229 0.096622 0.001347 
0.506634 -0.680740 -0.039179 
0.334206 0.897373 0.045468 
-0.990762 0.084501 0.025648 
-0.672944 -0.714975 0.002078 
0.901003 0.207390 -0.060255 
0.788303 -0.258397 0.031398 
-0.959299 0.174001 -0.043653 
-0.876429 0.379452 0.044516 
-0.671630 -0.512304 -0.001211 
-0.285371 0.840968 0.016417 
0.728895 0.521205 -0.060255 
0.820469 0.186869 0.003337 
-0.792725 0.542886 -0.060250 
0.996283 0.002519 0.010084 
-0.810120 -0.160409 0.013850 
-0.708511 0.651006 -0.060230 
0.823777 -0.564985 0.033101 
-0.323779 -0.790849 -0.059164 
-0.590995 0.719114 0.015100 
0.677239 -0.637983 0.013072 
0.833836 -0.195824 -0.058858 
-0.486414 0.733770 0.021781 
0.491298 -0.815786 0.030781 
0.985201 0.164798 0.020507 
-0.810297 0.193669 0.005546 
-0.615766 -0.634764 0.018582 
-0.127996 0.944873 0.037050 
-0.632341 -0.689913 -0.060005 
-0.248756 -0.848668 0.019030 
-0.419986 0.880967 -0.047005 
-0.739175 0.393475 0.003100 
-0.629531 0.607827 0.026304 
-0.304583 0.796754 -0.058771 
-0.070334 -0.962208 0.055226 
-0.380979 -0.878019 0.045773 
0.899467 0.294882 -0.060255 
-0.272977 0.779934 0.017145 
-0.665159 -0.677345 0.030476 
-0.397496 0.761143 0.054332 
0.871958 -0.376206 0.025845 
-0.260685 -0.812354 -0.057710 
-0.403789 0.906190 0.009792 
0.053702 -0.826575 0.016180 
-0.864328 -0.392768 0.031506 
0.799257 0.531499 0.047429 
-0.005461 0.846333 -0.047015 
-0.749535 0.561628 0.018376 
-0.803850 -0.515748 -0.060255 
-0.835745 -0.540067 0.024529 
0.790653 0.432993 -0.060255 
0.741394 -0.669199 0.030107 
0.971970 0.117361 -0.050238 
-0.517239 -0.797644 0.031791 
-0.231661 -0.879660 -0.060139 
0.428823 -0.858530 -0.060118 
0.781591 -0.424517 0.017695 
-0.614727 -0.602456 -0.060235 
-0.436601 0.834513 0.022361 
-0.773918 -0.548055 0.029409 
0.901957 -0.266020 0.018029 
0.906087 0.419849 0.026841 
-0.122622 0.837097 -0.028626 
0.896211 -0.337278 0.039000 
0.828584 0.068561 0.011612 
0.019924 0.865279 0.047846 
0.968511 -0.245078 0.022381 
-0.406131 0.773960 -0.060219 
0.960616 -0.070364 0.051769 
0.035063 -0.995319 0.048510 
-0.827867 -0.197644 -0.058339 
-0.605971 -0.766215 -0.004883 
0.180266 -0.981067 0.042233 
-0.941749 -0.115733 0.031450 
0.723733 0.501617 0.024565 
0.875396 0.049171 0.029615 
0.728254 -0.491794 -0.060151 
0.144544 -0.889595 -0.060111 
-0.437559 -0.891731 0.009215 
-0.863535 0.403504 -0.060031 
0.840716 -0.510169 0.000281 
-0.847632 0.483247 -0.008330 
0.887710 0.002676 0.018675 
0.691766 -0.492610 -0.015100 
-0.621685 -0.777415 0.045633 
0.668633 -0.700960 0.055790 
0.212813 0.880450 -0.060255 
0.667151 0.582780 0.019514 
-0.332061 0.895334 0.041604 
-0.993878 -0.014243 0.014729 
0.871618 0.482355 0.051162 
0.912893 0.350132 -0.048667 
0.117588 0.844978 0.057064 
-0.833094 -0.293210 0.018848 
-0.625655 -0.539911 0.030844 
-0.542398 -0.793977 -0.060005 
0.706955 -0.465108 0.056846 
-0.586561 0.647928 0.027915 
0.403520 0.877479 -0.060028 
0.296267 0.898666 -0.060100 
-0.814226 0.133614 0.034984 
-0.575122 0.636527 -0.060005 
-0.474194 -0.802343 -0.060085 
0.782979 -0.328720 -0.025030 
-0.831024 0.286736 0.021990 
0.286313 -0.854846 -0.060105 
0.512556 0.701439 0.042959 
-0.367293 0.829321 -0.060142 
-0.609792 0.568637 0.005449 
0.194952 0.977911 0.018763 
0.528693 -0.833056 0.056795 
-0.752260 0.339812 0.033208 
-0.741975 -0.479255 0.018967 
-0.908638 -0.001345 -0.060255 
-0.954283 0.028576 -0.060255 
0.601922 -0.785418 0.056337 
0.912626 -0.355966 -0.042340 
-0.374088 -0.787946 0.032549 
0.885951 -0.069244 0.018131 
0.379028 -0.834789 -0.060126 
0.612595 0.631340 -0.060255 
-0.937884 -0.207648 0.052147 
0.379201 0.741285 0.007906 
-0.721785 0.641839 0.056217 
0.872246 -0.269180 -0.060129 
-0.436217 0.715235 0.003219 
0.775219 -0.338978 0.057064 
0.507360 0.707834 -0.060255 
-0.310843 -0.911925 0.054519 
0.127709 -0.932620 0.020120 
0.339118 -0.883445 -0.060232 
0.913833 -0.171825 0.012938 
-0.806083 0.572519 0.054773 
-0.811944 -0.307002 -0.060255 
-0.877734 -0.289738 -0.060255 
0.295435 0.816332 0.042162 
0.940432 0.273153 -0.038231 
-0.875415 -0.143236 -0.060244 
0.642462 -0.672698 -0.060255 
0.504789 -0.754646 -0.060027 
0.827773 0.474001 0.032838 
-0.966113 0.235374 0.018844 
-0.209069 -0.973122 0.049426 
0.670259 -0.637549 -0.060157 
-0.035406 -0.871005 -0.060229 
0.394609 -0.779834 0.032738 
0.873239 0.443502 -0.027367 
-0.218550 0.798994 0.050273 
0.511537 -0.827930 -0.057778 
-0.359339 0.805871 0.019998 
-0.425597 -0.714009 0.053891 
-0.553266 -0.751281 -0.060005 
-0.631471 0.751787 0.002289 
-0.968997 0.186131 0.005964 
0.566054 0.764669 0.029948 
0.789940 -0.527380 0.026229 
0.176070 -0.954929 -0.058372 
-0.919062 -0.156511 -0.060255 
0.655815 -0.751735 0.012567 
-0.346223 0.912513 -0.039907 
-0.552271 -0.640523 -0.023500 
-0.966559 -0.061641 -0.058426 
0.512952 0.855672 0.030649 
0.364347 -0.908439 -0.032740 
0.160707 0.848262 -0.060255 
-0.707019 -0.508926 0.032630 
0.548531 0.810271 -0.032054 
-0.805325 0.351873 0.022587 
0.531003 -0.779345 0.020430 
-0.334853 -0.756189 0.032077 
-0.701388 -0.571658 -0.060255 
0.761776 0.550048 -0.060255 
0.606748 -0.742212 0.043454 
0.297734 -0.906337 0.034162 
-0.107971 -0.971961 -0.005472 
-0.437077 -0.849393 0.040822 
-0.874178 0.328047 -0.060077 
0.407709 -0.752321 -0.058582 
-0.940858 0.323067 0.018613 
0.802679 0.328097 0.049467 
0.849089 0.014691 -0.028486 
0.461135 -0.692664 0.052086 
0.947802 -0.128814 0.038708 
0.922439 0.351688 0.056757 
0.932189 -0.307052 -0.002836 
0.889982 -0.035007 -0.060255 
0.831128 -0.517951 -0.048815 
-0.848669 -0.459956 0.055884 
-0.140712 -0.986977 0.044066 
0.864061 -0.462001 0.057064 
0.362543 -0.881839 0.033280 
0.105525 -0.878759 0.019373 
-0.175027 0.904532 0.011608 
0.558837 -0.805551 -0.002981 
0.267913 -0.842771 0.020636 
-0.634291 0.727355 -0.059322 
0.467662 -0.867966 0.002984 
-0.702899 0.468340 -0.035210 
-0.860660 -0.459329 -0.026915 
-0.090293 0.843628 0.057064 
0.649221 -0.556288 -0.057960 
0.220599 -0.798800 0.036275 
0.766684 -0.395440 -0.060255 
0.041990 -0.881392 0.021739 
-0.192368 -0.925471 0.024448 
0.239644 -0.813324 -0.007535 
0.735941 -0.562790 -0.060161 
0.955505 -0.023035 0.035251 
0.826099 -0.303321 0.025680 
0.941555 -0.039426 -0.060255 
0.930568 0.168048 0.022664 
0.862757 -0.164895 0.027133 
-0.361564 -0.907883 -0.022136 
-0.324159 0.876079 -0.060079 
0.348645 -0.773191 -0.008529 
-0.785079 -0.340916 0.055495 
-0.817713 -0.152846 0.055255 
-0.013772 0.996232 0.018283 
0.685786 0.724969 0.031426 
0.922546 0.057267 -0.060255 
0.829620 0.296936 0.024191 
0.450245 0.832122 0.024201 
0.305583 0.790296 -0.011574 
-0.165639 -0.851878 0.042374 
-0.848459 0.456334 -0.060005 
0.938073 0.115504 0.022042 
0.878995 0.049681 -0.060255 
-0.869594 0.246829 -0.060246 
-0.034895 -0.843593 0.057009 
0.817213 0.231410 -0.017114 
0.139940 0.971053 0.000158 
0.791175 0.366593 0.036648 
-0.642492 -0.598352 0.024151 
0.864304 0.198510 0.018992 
-0.232264 -0.796792 0.051171 
-0.884244 0.455238 0.027366 
0.600353 -0.600116 -0.032562 
0.431050 0.758969 0.033610 
-0.920766 -0.377387 0.030083 
0.675696 0.598100 -0.060255 
-0.479035 0.872385 0.024581 
0.942561 0.187088 -0.060253 
0.648479 0.718167 -0.059336 
-0.769602 -0.349490 -0.015641 
0.377111 0.843653 -0.060107 
-0.769457 0.509071 0.012187 
-0.805351 -0.255019 -0.023503 
-0.777350 -0.602947 0.056830 
-0.721737 -0.471253 -0.060255 
-0.060015 0.824835 0.035040 
-0.826314 -0.408008 -0.060228 
-0.446769 0.760067 -0.060252 
0.443487 -0.723301 -0.006056 
-0.831560 0.046081 0.055890 
0.724920 0.402888 0.026304 
-0.726899 -0.419195 0.002178 
0.990742 -0.115002 0.012055 
0.617116 0.740951 0.054139 
-0.595882 -0.733491 -0.060005 
-0.717800 -0.661181 -0.038373 
-0.684252 0.720378 0.049380 
0.997453 0.042283 0.047419 
-0.696527 -0.446690 0.013418 
-0.022497 0.880589 0.022252 
0.569601 -0.652496 0.050480 
0.810387 0.549010 -0.047470 
0.358620 -0.785262 0.053541 
-0.944902 0.235585 0.057064 
-0.327107 -0.864845 -0.060103 
-0.918544 -0.328236 -0.034505 
0.975747 0.088298 -0.020876 
0.565287 -0.740534 -0.060174 
-0.724487 0.483923 0.031441 
-0.222009 0.845145 0.029735 
-0.066565 0.959002 0.052161 
-0.853251 -0.124042 0.050687 
0.766752 0.363880 -0.039824 
-0.883538 0.093113 -0.060255 
-0.142287 0.819134 0.007749 
0.129672 -0.837675 -0.018446 
-0.769330 -0.299476 0.037953 
-0.776760 0.422698 -0.060005 
0.414266 0.787273 -0.060255 
-0.833482 0.157651 -0.056137 
-0.190714 -0.825143 -0.004426 
-0.777710 0.284144 0.051698 
-0.783182 0.465109 -0.060089 
0.977285 0.104473 0.057064 
0.263271 0.892089 0.013864 
0.979187 -0.037570 -0.010797 
-0.829922 -0.013315 0.008128 
0.141385 -0.861540 0.033201 
0.729250 -0.434947 -0.005877 
-0.128129 -0.824300 0.006459 
-0.527724 -0.821935 -0.017415 
0.751909 0.557696 0.016147 
0.215323 -0.954459 -0.021113 
-0.311435 0.764991 0.031911 
0.046012 0.896034 0.012705 
-0.929434 0.112485 0.018438 
0.910625 -0.298122 0.042044 
-0.755396 0.616800 -0.033791 
0.931575 -0.203385 0.031807 
0.494545 0.800656 0.019572 
0.055655 0.825415 0.043728 
0.897954 0.257467 0.014881 
-0.699967 0.440983 0.050517 
0.188834 0.805866 0.038439 
0.295318 0.818909 -0.060255 
0.348644 0.773120 -0.051114 
-0.518363 0.705149 0.026446 
0.699315 0.660691 0.049113 
0.039174 0.885603 -0.060193 
0.803356 -0.390207 0.015708 
-0.266840 -0.900639 -0.060069 
0.975623 -0.060022 -0.053041 
0.865791 0.361070 0.016955 
0.028490 0.949111 0.029587 
0.724675 -0.644884 -0.058547 
-0.794444 -0.468277 -0.060208 
0.265983 -0.941621 -0.048158 
0.434564 0.752464 -0.060255 
0.437269 -0.735395 0.056857 
-0.455675 0.688842 0.038173 
-0.594893 -0.798619 0.024506 
-0.811333 0.235691 -0.026070 
-0.227242 0.969293 0.042089 
0.084008 0.842688 -0.027800 
-0.098794 -0.854031 0.055156 
-0.079911 -0.874257 0.025526 
-0.516223 -0.699122 0.037269 
-0.562557 0.686383 -0.060207 
0.760206 -0.617276 -0.028986 
-0.541692 0.819285 0.002316 
0.062422 0.975669 -0.010531 
-0.821472 -0.077024 0.036121 
0.809693 0.337196 -0.060255 
-0.288522 0.880658 0.013010 
0.819280 -0.224040 -0.029268 
0.858773 0.399384 -0.060255 
-0.572385 0.789881 -0.025045 
0.634580 0.667213 0.010847 
-0.808567 0.418888 0.010490 
-0.155671 0.963827 -0.046691 
-0.590335 0.727944 -0.060218 
0.431545 -0.896152 0.052819 
0.862428 0.217366 -0.060255 
0.620532 -0.758120 -0.004781 
0.217863 -0.854247 -0.060225 
0.001318 -0.949750 0.029137 
-0.769843 -0.397525 0.042040 
-0.843472 0.043318 -0.032836 
0.866803 0.166452 -0.060255 
-0.777971 -0.545959 -0.060255 
0.398513 -0.748636 0.057038 
-0.289422 0.952329 0.032964 
-0.156952 0.983369 0.035703 
0.846628 0.233708 0.027806 
-0.448290 0.853519 -0.060008 
0.069996 0.994380 0.031410 
0.471685 -0.705681 -0.036569 
-0.709223 0.676548 0.001180 
-0.844526 -0.196844 0.040852 
0.386030 -0.920807 0.018929 
0.325202 0.761283 0.028902 
-0.361388 -0.805145 -0.060201 
-0.844960 0.197322 0.036193 
0.250288 0.824545 -0.060252 
0.954948 0.013223 -0.060255 
0.855170 0.400735 0.021670 
-0.952481 0.069939 -0.060255 
0.774227 0.426102 0.021701 
-0.250397 0.856831 -0.060176 
-0.640936 0.675303 -0.060005 
0.302674 -0.825291 0.025279 
0.504656 0.802759 -0.060255 
0.430387 0.899798 0.023289 
0.804800 -0.272750 -0.050056 
0.088695 -0.823173 0.041474 
0.072183 -0.975526 -0.019510 
-0.910849 0.062259 0.010484 
-0.651610 0.537983 -0.025474 
0.278288 -0.780577 0.044942 
0.934524 0.076633 0.016702 
-0.613448 0.783296 0.040880 
0.745417 -0.364461 0.045576 
-0.691549 -0.486088 -0.021798 
-0.626970 0.539305 0.049492 
-0.279132 -0.936144 -0.050371 
-0.913636 0.392396 0.045281 
-0.757492 -0.449665 -0.060186 
-0.882751 -0.333003 0.024556 
0.419560 0.854554 0.031468 
-0.675099 -0.515181 0.056955 
-0.052011 -0.995272 0.047278 
-0.954893 -0.277984 0.033754 
-0.747295 0.532114 -0.060237 
0.766496 -0.486730 -0.060255 
-0.240966 -0.904483 0.017160 
-0.468743 -0.877453 0.049319 
0.877321 -0.442021 -0.000910 
-0.105761 0.892263 -0.060223 
0.845781 0.284654 -0.060255 
0.658603 0.555980 0.055021 
-0.655164 0.511954 0.054538 
-0.924639 0.208999 0.031365 
-0.955979 -0.076109 0.051888 
0.560636 -0.826434 0.029278 
0.805819 0.196951 0.044179 
-0.665039 0.605617 0.011799 
-0.577054 0.617237 -0.004975 
0.680728 -0.704094 -0.032020 
-0.658035 -0.540539 -0.057760 
0.753102 -0.430958 0.048699 
-0.799387 0.272454 -0.028337 
-0.963748 -0.137758 -0.053153 
0.443480 0.871990 -0.025301 
-0.780925 -0.329537 -0.055055 
-0.891289 -0.396664 -0.019934 
0.947550 0.298408 0.007536 
0.842412 0.107565 -0.014192 
0.050914 -0.942758 0.022740 
-0.002569 -0.985087 0.002912 
-0.470498 0.798261 -0.060187 
-0.688908 -0.565976 0.014575 
-0.933563 -0.282953 -0.010207 
0.489584 0.751279 -0.060255 
-0.690549 0.522972 0.041589 
0.007357 0.846333 -0.011186 
-0.114423 -0.949514 0.042011 
0.886517 0.130058 -0.060209 
0.312057 -0.947777 0.016544 
0.790345 0.605406 0.009772 
-0.615025 -0.567767 0.003731 
-0.809033 -0.317926 0.037177 
0.509384 0.653394 0.025136 
-0.517284 -0.644291 0.037176 
-0.030611 -0.941051 -0.060066 
-0.521601 0.847289 0.030984 
0.949514 0.241798 -0.019004 
-0.797937 0.341220 -0.060232 
-0.914671 -0.213423 -0.060202 
-0.827690 0.310090 -0.060194 
-0.752610 0.383408 -0.030819 
-0.202860 0.826046 -0.056767 
0.867321 0.090752 0.036740 
0.959900 -0.207489 0.057001 
0.652548 -0.709436 -0.060255 
0.662004 0.562946 -0.060255 
-0.604230 -0.664758 -0.060005 
0.373766 0.756426 0.057064 
-0.159375 -0.897319 0.010490 
-0.480893 -0.681561 0.005767 
-0.224319 -0.951248 -0.024193 
0.835218 -0.133317 0.000644 
0.660249 0.501641 0.032049 
0.874146 0.091115 -0.060216 
-0.819075 -0.470342 0.025048 
-0.791997 -0.446744 0.010490 
0.363837 0.873198 0.024288 
0.772462 -0.577691 -0.060252 
-0.179565 0.819019 0.003322 
0.136243 0.940937 0.033087 
-0.881687 0.157080 0.012564 
0.754656 0.483372 0.013775 
0.709485 -0.619974 0.019424 
0.119283 0.870199 -0.060255 
0.229317 0.815365 -0.026940 
-0.828063 0.516312 -0.004230 
0.777407 0.561839 0.046199 
-0.728888 -0.603932 -0.060255 
-0.967366 -0.229939 0.044335 
-0.532076 -0.820909 0.056930 
0.362425 0.928149 0.047765 
0.330818 0.914370 -0.056692 
0.282149 0.956141 0.029692 
0.634551 -0.535320 0.014988 
-0.878256 -0.024835 -0.060255 
-0.515110 0.790442 -0.060230 
0.338037 -0.789983 -0.059648 
-0.861789 0.455765 0.056963 
-0.743822 -0.639558 0.001261 
0.833498 0.430515 0.016999 
0.625905 -0.573399 -0.029285 
0.599071 -0.573577 0.041833 
0.808404 -0.246133 0.001153 
0.617761 0.618217 0.032651 
-0.349916 0.779611 0.056460 
-0.625989 -0.568177 -0.040677 
-0.883795 -0.067357 0.016892 
-0.682515 0.697404 -0.017915 
0.591507 -0.700449 0.010490 
-0.248440 -0.963515 0.050430 
-0.811605 -0.529875 0.057064 
-0.752873 -0.365042 0.056714 
-0.829394 -0.160127 -0.022790 
0.731632 0.585843 -0.060255 
0.170983 0.891439 0.010490 
0.861130 -0.335100 0.011439 
0.088676 -0.941395 0.023795 
-0.422013 -0.733834 -0.041029 
-0.732755 0.610460 0.040363 
0.730128 0.432507 -0.036258 
-0.769955 0.374085 0.055088 
-0.359014 0.928099 0.046282 
-0.412831 -0.861370 -0.060031 
0.822341 0.115819 0.046719 
-0.980073 -0.168207 0.029211 
0.814362 0.465553 -0.060255 
-0.838227 -0.104376 -0.025167 
0.074598 0.939222 -0.060062 
0.829543 -0.024402 0.035974 
0.986934 -0.154250 0.040185 
-0.482772 -0.849550 -0.017056 
0.660680 0.733972 0.056579 
-0.617019 -0.721679 0.030466 
0.752588 0.392920 -0.016547 
0.783010 -0.617219 0.050619 
-0.679900 0.681442 0.055095 
0.695170 0.701402 0.003880 
0.430908 0.707226 0.038214 
-0.034944 0.950150 0.031631 
0.017119 0.996273 0.043745 
-0.797136 -0.213909 0.019493 
0.111337 0.867505 0.028993 
-0.007266 -0.848117 -0.051564 
-0.903723 -0.315142 0.048980 
0.923340 -0.277388 -0.060250 
-0.673157 -0.733179 0.041694 
0.228758 0.950267 -0.017751 
-0.855232 -0.106186 -0.060255 
-0.275838 0.896711 -0.060070 
-0.403407 0.722899 0.049651 
0.276626 -0.902870 -0.060237 
-0.165898 -0.849640 -0.060242 
0.952531 0.026232 0.030674 
0.752447 -0.567436 0.019583 
0.457618 -0.826619 0.022169 
-0.853185 -0.512019 0.040513 
0.567962 0.820363 0.039982 
0.700243 -0.712348 0.041888 
-0.757536 0.566982 -0.060124 
-0.008127 0.977136 -0.024010 
-0.430391 0.769936 0.020340 
-0.853150 0.213368 -0.060139 
0.839976 0.539114 0.015681 
-0.566281 -0.668246 -0.060005 
-0.893214 0.321851 0.033249 
0.911933 0.307902 0.048748 
-0.400401 -0.850496 0.019724 
-0.508628 0.813705 0.051773 
0.958961 -0.279763 0.018640 
0.303560 0.839080 0.014943 
-0.931541 0.190432 -0.060005 
0.534573 0.781655 0.024697 
-0.796066 -0.401868 0.014322 
-0.093453 -0.887393 -0.060181 
0.344369 0.807802 0.025552 
0.766971 -0.364351 -0.011619 
0.580308 0.646956 0.043211 
-0.404283 -0.910139 0.045475 
-0.966522 0.072111 0.057064 
0.795425 0.494367 0.016196 
0.701645 0.444671 0.049550 
0.957900 0.148968 -0.059807 
-0.487487 0.666754 0.038078 
-0.782572 0.317380 -0.021932 
-0.370915 -0.748174 0.005387 
-0.137164 0.874989 -0.060255 
-0.453815 -0.691590 0.047135 
0.225369 -0.971807 0.036496 
0.577541 0.789465 -0.042471 
0.629293 -0.620730 0.021772 
-0.932083 -0.076961 -0.060255 
0.304938 -0.774878 0.008696 
0.037314 -0.977001 -0.031394 
0.676830 -0.495503 0.055963 
-0.538458 -0.754893 0.013038 
0.864801 0.159436 0.025866 
-0.329439 0.778767 -0.040440 
0.614057 0.556669 0.043560 
0.749192 0.660110 0.018577 
0.834103 0.158685 -0.013814 
-0.401189 0.872851 0.053273 
-0.940956 0.257115 -0.023715 
0.940676 -0.280422 0.057064 
-0.920873 0.371184 0.011974 
0.521933 0.830377 0.057064 
-0.954559 -0.024818 0.044405 
-0.583613 0.750503 0.033130 
0.513368 -0.856267 0.034637 
-0.691052 -0.653108 0.032863 
0.927319 -0.125054 -0.060084 
-0.679591 -0.655437 -0.060166 
0.139779 -0.987911 0.033853 
-0.470596 -0.703477 -0.020985 
-0.859711 -0.437679 -0.058252 
0.550357 -0.688318 -0.060059 
-0.460869 -0.852290 -0.058907 
-0.918620 -0.189577 0.019325 
-0.579486 -0.720428 0.012393 
0.685487 -0.562750 0.019201 
-0.195450 -0.921059 -0.060064 
-0.275197 0.799675 -0.039245 
-0.719255 0.501101 -0.060255 
-0.859563 0.108959 0.040022 
-0.747888 -0.592866 0.040066 
-0.902748 -0.256485 0.019865 
0.971715 0.171897 0.056889 
0.818803 0.232412 -0.053395 
-0.708333 -0.423896 0.040904 
-0.163364 0.849681 -0.060255 
-0.582420 0.804562 0.049981 
-0.580199 -0.588383 0.024327 
0.629722 -0.774909 0.037254 
-0.308696 -0.775194 0.055742 
-0.792891 -0.601872 0.025156 
0.820648 0.160572 0.055259 
0.257012 0.804808 0.000072 
0.535434 0.632634 0.045910 
-0.832099 0.480606 0.053324 
-0.340712 -0.836685 0.011188 
0.839086 -0.455231 0.033172 
0.566546 0.606840 0.011557 
-0.824122 0.322545 0.017555 
-0.737267 0.463121 -0.060241 
-0.495841 0.684378 -0.047510 
0.837370 0.029255 0.005747 
-0.657082 0.720981 -0.025315 
-0.973967 -0.051445 -0.023451 
0.237169 0.927952 0.046004 
0.638971 0.557967 -0.030531 
0.798854 -0.525691 -0.060255 
0.400881 -0.863476 0.030368 
-0.883998 0.250566 0.011250 
0.472355 0.739226 0.027171 
-0.209202 0.889591 0.010490 
0.869569 -0.233851 -0.060142 
0.887943 0.416591 -0.002891 
-0.226736 0.935490 0.054102 
0.566215 0.688584 0.015986 
0.713099 -0.687987 0.005674 
-0.863041 0.362906 -0.060072 
0.848459 -0.222216 0.029036 
-0.864638 -0.016018 0.044629 
-0.099730 0.934327 0.019657 
-0.974969 0.108110 0.002186 
0.482352 0.851376 -0.013074 
-0.934154 -0.341715 0.030832 
0.063622 -0.995576 0.028688 
0.920294 -0.386981 0.014303 
0.168043 0.948116 0.053926 
-0.260033 -0.806114 -0.011389 
-0.785334 0.509012 -0.060193 
-0.380685 0.754951 -0.045263 
0.192606 0.973248 0.054026 
0.937879 -0.343742 0.041507 
-0.041134 -0.826705 0.023092 
-0.973240 -0.196578 0.051005 
-0.023700 0.827458 0.048609 
-0.295690 0.911882 0.049358 
-0.054300 0.848123 -0.056221 
-0.505257 -0.692778 -0.060005 
0.673723 -0.669562 0.026427 
-0.306190 -0.820471 -0.060218 
0.712504 0.460945 -0.019079 
-0.664734 -0.714575 -0.042916 
-0.812936 -0.233128 -0.048943 
-0.639116 -0.561045 0.057064 
-0.932011 0.285809 -0.043259 
0.521456 -0.644703 0.045448 
0.623653 0.777063 0.012643 
0.378907 -0.740473 0.010153 
-0.617770 0.576385 -0.028258 
0.139817 0.913188 -0.060255 
-0.097437 -0.821741 0.021592 
-0.444168 0.802064 0.010532 
0.861840 0.016722 -0.060213 
-0.994127 0.015803 0.031168 
0.206856 -0.817657 0.001351 
0.314210 0.790717 -0.055734 
0.118066 -0.823043 0.010227 
-0.657324 -0.614385 -0.060255 
-0.011750 0.925914 -0.060099 
-0.531341 -0.668500 0.056841 
-0.794371 0.223370 0.028908 
0.928418 -0.206217 -0.060255 
0.548811 -0.622479 0.020549 
0.857006 -0.513411 0.037052 
-0.260869 -0.961438 0.014144 
-0.032596 0.915195 0.010490 
0.678169 0.532921 -0.060255 
0.778934 0.327431 0.000935 
0.187741 -0.806999 0.039965 
0.306335 0.938194 0.004135 
0.756923 -0.636893 0.004516 
-0.162020 -0.927288 -0.060065 
-0.310468 -0.877883 0.014710 
-0.387732 0.895951 -0.018363 
0.193014 0.834405 0.056366 
0.644967 -0.574546 0.053811 
0.024286 -0.827431 0.040372 
-0.833843 -0.511900 -0.000640 
-0.057127 -0.846224 -0.052306 
-0.210436 -0.936528 0.050902 
0.370686 0.905299 -0.016157 
0.742513 -0.648731 0.057064 
0.829676 -0.053133 0.011872 
0.793110 0.247699 0.049392 
0.140834 0.835187 -0.004607 
-0.951139 0.171056 0.056610 
0.931683 0.329537 0.003846 
0.118488 -0.851099 0.055735 
0.765270 0.493067 -0.060255 
-0.842761 0.526591 0.048046 
-0.197535 -0.806219 0.051911 
-0.003053 -0.867702 0.043836 
-0.628098 -0.670169 0.010901 
0.521044 0.669351 -0.002159 
-0.464986 0.706062 -0.015321 
0.455880 0.692394 0.015377 
0.283486 0.786609 0.056135 
0.736311 -0.484025 0.024403 
-0.278887 -0.922124 0.054326 
0.569630 -0.762674 0.029706 
0.248637 -0.946803 -0.011898 
0.468936 0.706479 -0.021674 
0.843252 -0.100496 -0.038514 
-0.621900 0.710613 0.024852 
0.854637 0.478335 -0.026129 
-0.835267 0.125903 -0.045661 
-0.843228 -0.051215 -0.039426 
0.104609 0.935614 0.020749 
0.641864 -0.669507 0.012346 
0.729462 0.533303 0.011651 
-0.983696 -0.139907 0.049264 
0.894710 -0.445215 0.032483 
-0.093561 0.972147 -0.031987 
-0.588514 0.684553 0.011000 
-0.061574 0.970305 -0.056923 
-0.410757 -0.780006 0.021447 
0.956110 0.288745 0.043880 
0.100548 0.972045 -0.020817 
-0.179749 -0.868941 0.017401 
0.762434 0.619120 0.057064 
0.823386 -0.106585 0.046484 
0.942974 -0.242865 -0.056096 
0.910529 -0.224384 0.016816 
0.203035 0.882515 0.010683 
-0.877051 0.060501 -0.060255 
-0.521984 -0.740020 -0.060005 
-0.775440 0.561142 0.048742 
-0.655196 0.590808 -0.060165 
0.361266 -0.927615 0.050818 
-0.664994 0.569966 0.025474 
0.497653 -0.710890 0.047305 
-0.187054 -0.963984 0.000613 
0.610105 0.764900 -0.015073 
0.687392 0.650062 -0.060255 
-0.533955 0.792466 0.045120 
-0.804533 -0.558466 0.000028 
0.995337 -0.086540 0.033787 
-0.930261 0.036003 0.015492 
0.204441 0.917269 -0.060255 
-0.924872 0.103798 -0.060255 
0.853266 -0.482176 -0.011866 
0.677470 -0.511713 -0.037879 
0.926248 0.130987 -0.060111 
-0.167309 -0.982633 0.025110 
-0.464548 -0.742761 0.026361 
0.047891 -0.846133 -0.044406 
0.015053 0.833538 0.055170 
0.962056 -0.246392 0.054636 
0.370366 -0.803050 -0.060201 
-0.890728 0.283758 -0.060118 
0.486599 0.864795 0.054241 
0.894900 0.442195 0.048166 
-0.455239 -0.864400 -0.007022 
0.827397 0.223849 0.056717 
0.084271 -0.989674 0.053503 
-0.855661 0.305105 0.010490 
-0.303187 0.818270 0.032033 
0.811242 -0.448197 0.012137 
-0.897335 0.356053 0.054736 
-0.401142 -0.740587 0.057030 
0.646177 0.685504 -0.060255 
-0.752297 -0.624030 0.057024 
0.235745 -0.826846 -0.060144 
0.153487 0.847152 0.054565 
-0.551094 0.762479 0.021528 
0.885063 -0.036613 0.019855 
-0.766247 0.319090 0.054268 
-0.655047 -0.503353 0.034028 
0.614612 -0.699050 -0.060255 
-0.325405 0.941056 0.017438 
-0.766336 0.428605 0.023180 
-0.516543 -0.850987 0.046644 
-0.692636 -0.537016 -0.060255 
0.665975 0.662136 0.017866 
-0.965106 -0.026192 -0.059534 
-0.320774 -0.943562 0.043468 
0.816838 -0.144873 0.024884 
0.961618 0.251272 0.054220 
0.858198 0.507860 0.012478 
-0.824009 -0.041447 0.023318 
-0.767806 -0.602741 -0.026071 
-0.879060 -0.127291 0.015908 
-0.720512 -0.686094 0.046705 
0.983594 -0.043949 0.057064 
0.960702 -0.183618 -0.050055 
0.737820 0.643796 -0.036257 
-0.565278 0.641340 0.055924 
-0.695316 0.546311 0.018190 
0.859299 0.311196 0.010490 
0.434857 0.785852 0.012820 
0.612822 -0.623082 -0.060255 
0.545669 -0.649937 -0.009603 
0.824074 0.519972 -0.051798 
-0.858258 -0.259241 -0.060255 
-0.209574 0.972915 0.015207 
-0.680980 0.674696 -0.060084 
-0.842038 0.067201 -0.009561 
-0.370915 0.879707 0.041903 
-0.913591 -0.043287 0.010434 
0.803308 -0.537923 0.053678 
-0.255050 0.793447 0.055467 
0.972124 0.126375 -0.010145 
0.137639 0.967749 -0.031837 
0.516118 0.831407 -0.005227 
0.085682 0.840380 0.057064 
0.724368 0.617834 0.030478 
-0.605084 0.618479 0.044382 
0.533974 0.706498 0.019434 
-0.251751 -0.787938 0.027110 
0.582125 -0.683105 -0.060191 
0.860002 -0.266067 0.012596 
0.922356 0.383943 0.032675 
-0.012324 -0.997050 0.034944 
-0.536952 0.627656 0.042822 
-0.137932 -0.880825 -0.060182 
0.856243 -0.428614 0.038536 
-0.784724 0.345527 0.054666 
-0.519774 0.686479 0.053134 
-0.357741 -0.888899 -0.060024 
0.354931 -0.858266 0.012918 
0.778743 -0.287176 0.021024 
-0.504525 -0.726893 0.018443 
0.491758 0.690628 -0.038172 
0.945696 0.081661 -0.060181 
0.523743 -0.826900 -0.028237 
0.163277 0.811083 0.019966 
-0.134536 -0.841639 -0.057393 
0.603051 0.596591 -0.008870 
0.890300 -0.341819 -0.060255 
-0.211496 -0.820071 -0.028266 
0.804477 -0.558605 -0.046707 
-0.445746 0.890178 0.025835 
0.128996 0.979609 0.056246 
0.864513 0.030105 0.052769 
-0.965104 0.137577 -0.048127 
0.727667 0.489327 -0.060255 
-0.618251 -0.740867 0.055881 
0.063000 -0.877595 -0.060132 
0.191791 -0.976976 0.010766 
0.325588 -0.922939 -0.031422 
0.497191 -0.843722 -0.018765 
0.858954 -0.133553 0.045052 
-0.591808 -0.655618 0.019591 
0.465819 -0.835386 -0.060219 
0.541161 0.797683 -0.060255 
0.248151 -0.916909 -0.060143 
0.076963 0.882204 0.018276 
0.115354 -0.877142 -0.060031 
0.825026 -0.200997 -0.008257 
-0.300218 -0.930306 -0.005995 
0.399894 -0.782981 -0.060229 
0.810982 -0.177217 0.022322 
-0.850396 -0.267102 0.014177 
0.939494 -0.002440 0.017308 
0.289533 0.933732 -0.030098 
-0.844487 0.014267 -0.020301 
0.845556 -0.166074 0.055646 
0.903216 0.404232 0.056275 
-0.689055 -0.692279 -0.012937 
-0.589671 -0.699812 -0.060005 
-0.514671 0.828848 -0.037937 
-0.985291 0.098479 0.053465 
-0.960565 -0.168680 -0.023922 
0.833195 -0.540141 0.006818 
-0.846288 -0.383272 -0.060255 
0.234906 -0.858153 0.016721 
0.995044 0.079934 0.048297 
-0.566008 -0.772364 0.047413 
0.962038 0.185428 -0.011428 
0.805762 -0.590209 0.027448 
-0.210782 -0.856645 0.021550 
0.978630 0.201528 0.037602 
0.081983 0.975412 0.057064 
0.853475 0.368356 -0.060255 
-0.130714 -0.986340 0.010835 
0.861080 -0.388148 -0.060255 
0.060225 0.953804 0.041837 
-0.142831 0.827002 0.057012 
0.544289 -0.763917 -0.060162 
0.799548 -0.347280 0.039046 
-0.822428 0.067167 0.034507 
-0.828597 -0.383037 0.010490 
0.593577 0.582830 0.051999 
-0.716078 -0.626661 0.034118 
0.980034 0.008895 -0.015979 
0.629639 -0.562996 0.001093 
-0.509482 0.674396 -0.021129 
-0.443969 0.746647 0.036304 
-0.512119 0.647584 0.035427 
0.316122 0.792205 0.057064 
-0.351292 -0.769957 -0.037522 
-0.905827 -0.384478 0.056662 
-0.974384 0.035805 -0.028970 
-0.670439 0.513883 -0.018859 
-0.190744 0.910654 -0.060255 
-0.868234 -0.188471 0.015787 
0.036246 -0.941145 -0.060066 
-0.672126 0.667382 0.028279 
0.734070 -0.390524 0.012417 
-0.866701 -0.363470 0.020896 
0.889887 0.344018 0.033289 
-0.832910 0.221919 0.051163 
0.224273 0.837224 0.045955 
-0.483370 0.809224 0.023130 
0.723211 0.479812 0.046838 
-0.704540 0.465907 -0.003449 
-0.376523 0.781592 0.040364 
0.889639 -0.365839 0.049562 
0.187173 -0.925877 -0.060059 
0.488009 -0.670730 0.017184 
0.751266 -0.422749 -0.060243 
-0.887287 -0.446901 0.050048 
0.872815 0.237766 0.011547 
0.961201 -0.191316 -0.017391 
-0.609620 -0.608165 0.053053 
-0.583665 0.584147 0.026061 
0.812510 -0.212378 0.056210 
-0.699607 -0.474813 0.056966 
-0.249318 0.852086 0.016687 
-0.081485 0.842542 -0.003753 
-0.701561 0.604618 -0.060208 
0.453318 -0.788765 -0.060098 
-0.486323 0.733659 -0.060255 
-0.825882 0.178125 -0.026543 
-0.903974 -0.414898 0.017082 
-0.167451 -0.820438 0.056434 
0.839969 0.318759 -0.060255 
0.770899 -0.508168 0.011270 
0.801350 0.280622 -0.026049 
-0.400158 -0.723543 0.018334 
0.302636 -0.819050 -0.060146 
0.814600 0.505044 0.043092 
0.634038 0.745548 -0.012834 
-0.719359 0.548012 -0.060147 
-0.396710 -0.835083 -0.060103 
-0.097154 0.991161 0.028005 
-0.752302 -0.384961 -0.032832 
-0.608497 0.762395 -0.015243 
0.586578 -0.784379 -0.013169 
-0.946126 -0.107780 -0.060255 
0.826177 -0.102536 0.010094 
0.903384 -0.093388 0.010573 
0.394299 -0.898741 -0.000775 
0.203432 -0.923282 0.023604 
0.450688 -0.890896 0.024078 
-0.568296 -0.817602 0.030283 
-0.437567 -0.784638 -0.060164 
-0.345131 0.850493 -0.060117 
-0.254617 0.804717 -0.000276 
0.138841 0.987175 0.026168 
-0.728897 -0.438176 -0.057517 
0.822455 -0.439964 -0.060255 
0.795801 0.308204 -0.056927 
-0.319463 -0.818062 0.024669 
0.869559 0.433421 -0.056007 
0.237242 0.859145 0.015415 
0.159355 -0.923054 0.016776 
0.305228 -0.892104 -0.060203 
-0.117951 0.869321 0.024980 
-0.228904 0.949309 -0.019886 
0.972247 -0.125973 -0.010714 
-0.958989 -0.123688 0.056844 
0.708302 -0.612042 -0.060046 
0.187405 -0.853803 -0.060224 
-0.911233 0.275601 0.037601 
0.760793 0.615944 -0.023916 
-0.706036 0.701258 0.020628 
-0.150307 0.973181 0.003614 
-0.957565 0.039374 0.052162 
0.702042 -0.479203 -0.051286 
0.874612 0.128545 0.021744 
-0.800108 -0.512754 0.032614 
-0.773612 0.541931 0.025288 
0.847614 -0.057830 -0.020837 
0.430771 0.730327 -0.025154 
0.714305 -0.459194 -0.016374 
0.818681 0.537190 -0.018493 
0.700715 0.443596 0.019243 
-0.053285 0.937165 -0.060069 
-0.930714 -0.091031 0.017855 
0.239478 0.894786 -0.060179 
-0.073616 -0.978339 -0.000203 
-0.861448 -0.357076 -0.060255 
0.025690 -0.929017 0.013210 
0.143935 -0.967771 -0.020017 
0.488317 -0.714999 -0.060020 
-0.737373 -0.668656 0.028677 
-0.986577 0.127604 0.028988 
0.100995 -0.956397 0.051763 
-0.197360 0.936452 0.047046 
0.373167 0.799222 0.022295 
-0.678706 -0.479962 0.007236 
-0.245409 0.910826 0.023569 
-0.942951 -0.251244 -0.015548 
0.405299 0.760698 0.053848 
0.238127 -0.922664 0.032779 
-0.660266 0.529394 -0.053019 
0.899608 -0.388473 -0.020651 
0.473869 -0.763579 -0.060005 
0.465388 -0.755672 0.018365 
-0.943650 0.136832 0.040565 
-0.970220 -0.217935 0.016896 
0.327530 -0.770683 0.055999 
-0.050059 -0.976731 -0.019946 
-0.785738 -0.277523 0.005648 
-0.786131 -0.389887 -0.060148 
-0.861150 0.416291 0.048371 
0.222322 0.971568 0.029383 
0.673194 0.503833 0.003428 
-0.905569 -0.319842 -0.060255 
-0.504339 -0.845232 0.003368 
0.491781 0.756340 0.011842 
-0.917113 0.216733 -0.060115 
0.907018 -0.160972 -0.060255 
-0.948932 0.262956 0.004592 
0.904854 0.288806 0.026752 
-0.695578 -0.712349 0.021501 
0.951548 -0.234031 -0.007370 
-0.650540 0.508260 0.025197 
-0.318559 -0.894737 -0.060044 
-0.473849 0.723413 0.046859 
-0.594756 -0.771276 0.057064 
-0.898061 0.164552 -0.060094 
0.771813 0.303639 0.017530 
-0.937700 -0.025302 0.019761 
0.934774 0.351516 0.024318 
-0.720027 0.403267 0.023748 
-0.816049 0.226378 -0.053975 
-0.599330 0.762661 0.057047 
-0.752679 0.630457 0.056905 
0.762568 0.644243 0.039905 
0.131423 -0.959672 -0.059396 
-0.887850 0.402846 -0.037109 
-0.817554 -0.241899 0.056847 
-0.329608 -0.894735 0.039201 
-0.835702 -0.054158 0.056893 
-0.940747 -0.149861 0.038462 
-0.861719 -0.219379 0.015344 
0.778355 0.393966 0.036013 
0.969073 -0.090702 -0.058134 
0.612005 -0.764170 -0.047099 
0.809753 -0.506728 0.033969 
-0.781585 -0.562803 0.053953 
-0.765090 0.605474 -0.007575 
-0.836118 0.004093 0.056626 
0.834715 0.155213 -0.043227 
-0.665822 0.487817 0.040230 
-0.133499 0.966026 0.057009 
-0.805769 0.179238 0.030980 
0.523156 -0.801300 0.038644 
0.100723 -0.955767 -0.060005 
0.922198 0.265584 -0.060255 
0.155619 -0.833584 -0.032221 
-0.805357 0.400346 -0.060077 
-0.496474 -0.725114 -0.060005 
0.533269 -0.696960 0.027998 
0.796009 -0.486260 -0.060255 
0.917325 -0.322739 0.056883 
0.643006 0.537245 0.005223 
-0.376957 -0.914828 0.055572 
-0.792035 -0.568667 -0.047726 
-0.438863 -0.723306 -0.019230 
0.243930 0.924229 -0.060178 
0.701181 -0.683980 -0.025166 
0.106890 -0.840877 -0.036897 
0.194839 0.937382 0.045797 
0.907089 -0.418558 0.030572 
0.050784 0.956520 -0.060025 
0.999018 -0.015977 0.037180 
0.708860 0.594760 0.011906 
0.189806 0.952574 -0.057438 
-0.251264 -0.845288 -0.060204 
0.872598 -0.138769 -0.060255 
0.019362 0.885069 0.018384 
0.107444 0.924339 -0.060131 
-0.694720 -0.608135 0.012157 
0.637084 0.716759 0.046298 
0.571565 0.678752 -0.060255 
-0.155050 0.924969 0.018298 
0.886666 -0.065080 -0.060242 
0.427152 -0.880808 -0.041094 
-0.518971 -0.650833 0.006708 
0.824054 0.094881 0.026265 
0.008032 -0.978082 -0.031765 
0.428509 -0.733398 -0.050364 
-0.312413 -0.767511 0.011286 
-0.622130 0.583714 -0.059096 
0.195030 0.819936 0.001229 
0.871000 -0.011489 0.039452 
-0.193396 0.822420 0.056983 
-0.131484 -0.968953 -0.029337 
-0.560186 -0.607016 0.043020 
-0.949716 -0.221817 -0.023512 
0.724444 -0.673369 0.056388 
0.012847 -0.962342 0.052845 
0.468589 -0.801290 0.012626 
-0.976877 -0.031888 -0.001120 
-0.476287 -0.761991 -0.060088 
-0.495116 0.813905 -0.060197 
0.843833 0.094047 -0.039994 
-0.830027 -0.163715 -0.051718 
0.577530 0.792302 0.057064 
-0.670194 -0.515116 -0.030174 
0.198357 -0.851753 0.032058 
-0.070918 -0.994691 0.025132 
-0.640113 -0.693391 0.023729 
0.831696 -0.544390 0.054128 
0.432486 -0.708045 0.048110 
0.978673 0.026082 -0.049345 
-0.759951 0.397963 -0.060029 
-0.072102 0.987652 0.054776 
-0.970737 0.132558 0.057045 
-0.693365 0.657421 0.045765 
-0.862459 -0.294623 0.010490 
0.543406 -0.750424 0.012170 
0.765814 -0.366722 -0.042707 
-0.454807 0.822678 -0.060068 
-0.862586 0.180949 -0.060006 
-0.718510 0.444633 -0.029222 
-0.181640 0.959557 -0.034521 
0.592215 -0.634640 0.047351 
0.767887 -0.313961 0.023068 
-0.495831 -0.661792 0.027217 
-0.873852 -0.094040 0.022183 
-0.159405 0.850299 0.047816 
0.583101 -0.630381 -0.059610 
0.376189 0.772615 -0.059955 
0.821888 0.566930 0.026873 
-0.751877 0.601053 -0.060026 
-0.860129 0.067003 0.049354 
-0.795183 -0.286314 -0.035879 
0.574036 -0.602890 0.009782 
0.082889 -0.985913 0.005823 
-0.830517 -0.142022 -0.000313 
-0.651765 0.744271 0.054405 
-0.991799 -0.004202 0.051861 
-0.739753 0.365487 0.037367 
0.916846 0.344424 -0.015912 
-0.203409 -0.885461 -0.060142 
0.407868 -0.829096 -0.060155 
0.705523 -0.436524 0.030811 
-0.882607 0.428187 0.001937 
0.581802 0.624614 -0.057495 
0.598765 0.572882 0.021364 
0.443433 0.813249 -0.060255 
0.840776 -0.393376 0.012495 
0.721274 -0.544808 0.011685 
-0.262596 0.960473 0.026509 
0.399496 -0.878723 0.054684 
0.033651 -0.911457 -0.060135 
-0.824711 -0.183741 -0.007121 
-0.972380 0.007054 -0.054397 
0.255362 -0.963222 0.049976 
-0.861738 0.495590 0.013406 
-0.195051 -0.846555 -0.060235 
-0.853159 -0.432916 0.047431 
-0.837985 -0.224419 -0.060192 
0.877195 -0.397781 0.050286 
0.492113 -0.868782 0.020014 
0.005650 -0.845633 -0.000543 
0.707590 0.687013 0.056854 
0.377231 -0.812706 0.013780 
0.787738 0.562143 -0.059689 
-0.739486 -0.571348 -0.060255 
0.001063 0.896863 -0.060167 
-0.232163 0.813225 -0.032147 
-0.905693 -0.362426 -0.033165 
0.498152 -0.734739 0.018402 
0.271992 0.865070 0.010490 
-0.546598 -0.809400 -0.036300 
-0.572794 0.813520 0.024595 
-0.813331 0.538376 -0.040963 
-0.386248 0.819634 0.010490 
-0.293825 0.930904 -0.040290 
0.120281 -0.901558 0.010490 
-0.323377 0.768189 0.006177 
-0.790984 -0.307437 0.056958 
0.274080 0.840248 -0.060207 
-0.377032 -0.922617 0.028159 
-0.020492 -0.977722 -0.017973 
-0.556787 -0.694499 0.015536 
0.671413 0.509370 0.057064 
-0.068298 -0.932606 0.016487 
-0.448119 0.844950 0.046198 
0.776140 0.458860 -0.060255 
-0.737974 -0.369636 0.032930 
-0.799167 0.488445 0.018371 
0.135600 0.816076 0.024072 
-0.400565 -0.767160 0.046970 
0.885717 -0.304640 -0.060230 
0.620129 0.641051 0.015915 
-0.743929 -0.562164 0.015858 
0.738208 0.377836 0.042970 
0.929870 -0.134842 0.017561 
0.112351 -0.989732 0.049436 
0.778509 0.624819 0.026727 
-0.391070 0.809558 -0.060161 
-0.565309 0.714640 -0.060210 
0.297961 -0.849974 0.012181 
0.334590 0.929947 0.005053 
-0.507031 0.841490 0.057005 
-0.768156 0.351535 -0.035375 
-0.741050 0.663874 0.021492 
0.803117 -0.564233 -0.001866 
0.888005 0.185451 0.010882 
0.228238 -0.952642 0.057052 
-0.070755 -0.857437 0.054699 
-0.932330 0.182159 0.035543 
0.944192 0.173713 0.046730 
-0.416395 -0.753693 -0.060251 
-0.329721 0.808978 0.029865 
-0.458607 0.861583 -0.014306 
0.263463 -0.908991 0.024380 
-0.937438 -0.268934 -0.040959 
0.997543 0.060114 0.019455 
-0.531180 -0.658220 -0.029409 
0.225235 0.796436 0.040161 
0.761395 0.328595 0.027956 
0.886979 0.232638 -0.060255 
0.726622 0.667208 0.003358 
-0.008207 -0.834891 0.055406 
-0.355809 0.746453 0.013663 
0.916597 -0.026016 -0.060255 
0.833976 -0.230243 0.053236 
0.989611 0.137292 0.017154 
-0.559257 0.663039 0.039234 
-0.487607 -0.781773 0.011520 
-0.025862 0.827675 0.012021 
0.252984 0.787981 0.039033 
-0.507328 -0.796991 -0.060019 
0.697583 -0.537647 0.024780 
-0.439319 -0.788158 0.011400 
0.414938 0.726526 0.005552 
-0.104631 -0.930502 0.017062 
0.422002 -0.758829 0.045761 
0.000521 0.949280 0.029810 
-0.859778 0.391642 0.025696 
-0.190666 0.977856 0.040691 
0.968428 -0.141864 0.057018 
-0.818537 0.207583 -0.017202 
-0.336217 -0.770768 0.057064 
0.520250 0.732568 -0.060255 
0.104230 0.895133 0.011776 
-0.696055 0.683479 -0.038332 
-0.558075 -0.654401 0.054085 
0.413803 0.869927 0.053989 
-0.750550 -0.519027 -0.060255 
-0.724623 0.422622 0.002049 
-0.026003 0.979557 -0.000381 
0.429583 -0.836746 0.018627 
-0.992721 -0.061359 0.040209 
0.941029 0.274100 -0.004357 
-0.620496 0.632548 0.017281 
0.978510 0.049083 -0.033695 
-0.053236 0.882968 -0.060196 
-0.412160 0.854447 0.029517 
0.629584 -0.727627 0.049705 
0.401257 0.909167 0.009447 
0.278354 0.948544 0.056146 
0.092109 0.864443 -0.060234 
-0.119816 -0.838412 -0.022638 
-0.695989 -0.479968 -0.048524 
-0.112780 0.844000 -0.057541 
0.359570 0.899795 0.056502 
0.716579 0.418245 0.047876 
0.636091 -0.645694 -0.060255 
-0.515495 0.756441 0.010490 
0.793115 -0.303632 -0.032701 
-0.761949 -0.321694 0.011404 
-0.356371 0.894590 -0.060011 
0.853750 -0.195097 0.031178 
-0.205497 -0.955396 -0.044074 
-0.864595 0.458514 0.000192 
0.086570 0.840583 -0.000320 
-0.503411 0.707763 -0.060231 
-0.356626 0.898318 0.056577 
-0.634066 0.558287 -0.002862 
-0.801609 0.450915 0.011487 
0.817641 -0.284392 0.051117 
-0.890677 -0.151804 0.010618 
-0.418633 0.744311 -0.059339 
0.457470 0.843820 0.049580 
0.065834 -0.844879 -0.023441 
-0.715772 0.605942 0.019068 
-0.627379 0.763534 0.055157 
0.867961 -0.430731 -0.058049 
-0.947663 0.228653 -0.043760 
-0.621741 -0.583717 0.056917 
0.920945 0.232124 0.026457 
-0.841527 0.121183 0.056889 
-0.588632 -0.607349 -0.048569 
-0.834434 -0.114721 0.000080 
0.509001 0.810911 0.042537 
-0.282207 -0.789349 0.003703 
-0.131114 0.816121 0.032705 
-0.269094 -0.782764 0.047803 
0.823522 0.206108 -0.025802 
0.681688 0.505394 -0.039449 
0.825642 -0.287482 -0.060213 
0.428915 0.743452 0.056158 
0.944220 -0.325225 0.013846 
0.693083 -0.688561 0.056930 
0.603161 -0.723616 0.019429 
0.847840 0.050449 -0.008157 
-0.924333 -0.224311 0.035109 
0.462179 0.750563 -0.060255 
-0.089305 0.867663 0.032219 
-0.122999 -0.858773 0.043238 
0.985763 -0.060116 0.003243 
0.590238 0.804401 0.036071 
0.302815 0.932697 0.057064 
-0.864807 -0.048634 0.041092 
0.177968 0.925251 -0.060255 
0.044757 -0.965020 0.055732 
-0.829187 0.549663 0.028214 
0.606937 0.592838 -0.043797 
-0.420347 0.710788 0.031971 
-0.354914 -0.889997 0.048320 
0.543817 0.650571 -0.021091 
-0.824311 -0.521646 -0.043161 
0.344197 -0.801771 0.037267 
0.547362 0.679947 0.033921 
-0.140995 -0.963106 -0.056706 
0.682875 0.469975 0.029634 
-0.746730 0.480666 0.016051 
0.736638 0.408862 0.002448 
0.177136 0.850081 0.040739 
-0.620164 -0.754025 -0.024673 
0.580563 0.731427 -0.060255 
-0.822108 -0.088561 0.011478 
