-0.149144 -0.967219 0.072000 
0.139523 0.979871 0.049506 
0.983538 -0.139596 0.065677 
-0.962326 0.155632 0.092881 
0.564716 -0.753901 -0.112232 
0.734766 0.547376 -0.138012 
-0.735272 -0.526727 -0.135927 
-0.550604 0.739893 -0.133451 
-0.342508 -0.549808 0.103129 
0.584651 -0.363256 0.130084 
0.172757 -0.631596 0.089318 
-0.633307 -0.161977 0.120457 
-0.554308 0.358819 0.123068 
0.338969 0.572513 0.097880 
-0.176976 0.662453 0.130079 
0.648230 0.185520 0.119740 
-0.914538 -0.143703 -0.120818 
0.915644 0.177260 -0.134750 
-0.811503 0.450085 -0.120423 
0.836217 -0.423257 -0.128516 
-0.425174 -0.824636 -0.122433 
-0.200493 0.910903 -0.129066 
0.421560 0.841595 -0.124881 
0.139257 -0.910826 -0.133893 
-0.691333 0.120935 -0.129208 
-0.110886 -0.686575 -0.109262 
0.712935 -0.102986 -0.130051 
-0.642431 -0.710109 0.127260 
0.904773 0.409183 0.110001 
0.074604 0.709768 -0.127827 
0.347364 -0.908930 0.123251 
0.652651 0.747903 0.108458 
-0.890358 -0.384377 0.112896 
-0.730254 0.632894 0.124675 
-0.402049 0.884327 0.123572 
0.773631 -0.613382 0.111843 
0.545539 -0.465216 -0.130544 
-0.537006 0.460418 -0.131201 
-0.296033 0.643562 -0.127683 
0.582293 0.445442 0.086651 
-0.119677 0.970763 0.121986 
-0.660296 -0.269017 -0.136629 
0.465826 0.566838 -0.137211 
-0.468331 -0.523762 -0.130825 
0.325744 -0.638427 -0.133572 
-0.574215 -0.417809 0.092678 
0.956424 0.113532 0.129959 
-0.671128 0.099387 0.130250 
0.676894 -0.105862 0.128450 
0.894786 -0.384280 0.127618 
-0.421122 0.579062 0.097972 
0.410890 0.875401 0.129858 
0.646495 0.306522 -0.121511 
0.415460 -0.557874 0.127955 
-0.871416 0.409098 0.125343 
-0.949243 -0.100315 0.128409 
0.120167 0.700764 0.122135 
-0.429981 -0.850407 0.129207 
0.096305 -0.934201 0.127483 
-0.063952 -0.674891 0.129116 
0.556655 -0.786817 0.129131 
0.364398 -0.866126 -0.108087 
-0.898246 0.217209 -0.123635 
-0.207621 -0.892275 -0.135237 
0.906932 -0.213710 -0.134287 
0.030833 0.927758 -0.134185 
-0.275602 -0.740979 0.025699 
0.797883 0.593968 0.073508 
-0.597931 -0.698282 -0.130841 
0.106600 -0.699783 -0.128754 
-0.790882 -0.567879 0.070165 
0.714497 -0.597658 -0.128578 
-0.855669 -0.351336 -0.121880 
0.703793 0.103981 -0.084227 
0.867238 0.381261 -0.117874 
0.280495 0.660979 -0.129570 
0.620286 0.718282 -0.109314 
-0.742511 0.282292 0.024772 
-0.057391 0.794446 0.026547 
-0.686529 -0.071790 -0.058597 
0.763432 -0.265885 0.025200 
-0.595067 0.780379 0.088969 
-0.701129 0.618233 -0.076766 
0.225108 0.876743 -0.137979 
0.471847 0.715521 0.026876 
0.811605 0.245052 0.024574 
-0.790314 -0.235415 0.024261 
0.822749 -0.008548 0.023558 
-0.477159 -0.666444 0.023642 
0.656470 -0.303574 -0.133465 
-0.385753 0.854374 -0.117263 
-0.319612 -0.648471 -0.138011 
0.213822 -0.815694 0.025965 
-0.254224 0.798658 0.024672 
0.571792 -0.566330 0.025183 
0.946334 -0.006393 -0.119663 
-0.831714 0.009829 0.025464 
-0.118499 0.700524 -0.127357 
0.013177 -0.806066 0.023724 
0.406729 -0.749994 0.028119 
-0.702662 0.464321 0.027113 
0.278848 0.758442 0.025097 
-0.628631 0.297388 -0.115389 
0.736384 -0.442331 0.028305 
0.747328 0.410381 0.025558 
-0.030348 -0.875021 -0.137549 
-0.927106 0.047452 -0.114469 
0.603415 0.606393 0.026163 
-0.565790 0.625976 0.026714 
-0.567421 -0.393376 -0.073145 
-0.310865 -0.926572 0.039647 
-0.613068 -0.565889 0.025918 
0.288966 0.922267 0.008824 
-0.719437 -0.384026 0.023492 
0.665691 -0.724453 0.025538 
0.554637 0.445230 -0.075429 
-0.456722 0.607231 -0.137556 
0.929072 -0.279449 0.010174 
-0.447163 0.732212 0.030735 
0.103723 0.827851 0.023648 
0.495315 -0.614140 -0.137841 
-0.944407 -0.236441 0.042901 
-0.450652 -0.479280 0.017452 
0.665399 0.030014 0.046166 
-0.554501 -0.799809 0.030242 
0.599359 0.299074 0.027618 
-0.916388 0.280860 0.014231 
0.957766 0.268162 0.085531 
-0.071716 0.939982 -0.019541 
0.449878 0.496648 0.025720 
0.319189 -0.592710 0.014931 
-0.145660 -0.822217 0.025229 
-0.614143 -0.269022 0.008494 
-0.030256 0.658674 0.090420 
-0.483586 0.468519 0.010558 
-0.254499 0.949886 0.031951 
-0.172881 -0.627644 0.036393 
0.232904 -0.781266 -0.138012 
-0.291429 0.593502 0.023165 
-0.608137 0.224326 0.078267 
0.487845 -0.445450 0.042645 
0.780600 0.237467 -0.138012 
0.005693 -0.963974 0.014716 
-0.804984 -0.032001 -0.138012 
-0.772959 0.300999 -0.137681 
0.625990 -0.222551 0.038667 
0.204921 -0.959461 0.031996 
-0.766690 -0.170630 -0.138012 
-0.711295 -0.038438 0.086471 
0.606059 -0.364714 -0.014304 
-0.774293 0.139532 0.026000 
0.200044 0.639010 0.022670 
0.944931 0.117582 -0.011535 
0.683537 -0.443014 -0.138012 
0.540841 0.832060 0.101182 
0.376523 0.601156 -0.032609 
0.485241 0.714358 -0.137842 
-0.184338 0.677301 -0.006881 
0.028344 0.956414 0.127708 
-0.231635 -0.754425 -0.137810 
-0.672710 0.439649 -0.137766 
-0.968340 -0.013129 0.024043 
-0.815511 0.539890 0.043677 
-0.451195 -0.683805 -0.137710 
0.816917 0.031901 -0.137774 
-0.047847 0.816375 -0.137716 
0.851724 -0.506116 0.062183 
-0.229912 0.779033 -0.137547 
0.994457 0.008712 0.049279 
0.730638 0.413569 -0.138012 
0.441593 -0.879445 0.033412 
0.214864 -0.666168 -0.032254 
0.437476 -0.551765 -0.028865 
0.763810 0.122971 0.039926 
0.784409 -0.272353 -0.138012 
-0.578727 0.383744 -0.021473 
0.027556 -0.676294 0.009034 
0.780486 -0.131770 0.030098 
-0.110951 -0.928343 -0.046459 
-0.813293 -0.450004 -0.037850 
-0.365708 -0.587824 -0.032636 
-0.713111 -0.387729 -0.138012 
-0.597700 -0.529358 -0.138012 
0.239093 0.930430 0.128227 
0.410426 -0.736095 -0.137669 
-0.852044 -0.123601 0.036001 
0.855409 -0.096768 -0.137831 
0.708945 0.633270 -0.047451 
0.429566 0.855711 0.001438 
-0.626327 -0.699385 0.000528 
0.595688 0.547638 -0.138012 
0.847431 0.486834 0.013837 
-0.816963 0.113806 -0.138012 
-0.591855 0.603680 -0.137752 
-0.429772 -0.840471 0.003762 
0.910806 0.271779 -0.052489 
-0.667317 0.698693 0.016272 
0.067541 0.701202 -0.003105 
0.060530 -0.671396 0.128778 
-0.838837 0.419293 -0.003292 
0.940043 -0.245480 0.128897 
0.755096 -0.576419 -0.004889 
0.107450 0.831489 -0.137775 
0.537810 -0.787477 0.002988 
-0.686213 -0.627791 -0.082697 
-0.270719 -0.648283 0.117100 
0.139100 0.934401 -0.072239 
-0.010673 -0.750389 -0.137937 
-0.612366 -0.307000 0.127182 
-0.039070 -0.931840 0.123725 
-0.466818 0.852084 0.018243 
0.487379 -0.658470 0.023342 
0.679343 0.212384 -0.003725 
-0.403288 0.569803 -0.034430 
0.942200 -0.115415 -0.046039 
-0.689505 0.046271 -0.031192 
-0.150339 0.873085 0.043930 
0.315702 -0.902667 0.007241 
0.305285 0.778304 -0.137761 
-0.925941 0.107394 -0.009791 
-0.307329 -0.880697 -0.071597 
0.256851 0.652118 0.128694 
-0.904208 0.251598 0.129254 
0.699896 0.518024 0.031060 
-0.494436 0.481788 0.127005 
-0.917777 0.049579 0.116315 
0.682322 -0.193840 -0.062480 
0.820486 0.490108 0.127865 
0.574605 0.773526 0.005417 
-0.657752 0.217418 -0.036154 
0.283409 -0.647217 0.121430 
0.714062 0.650628 0.130140 
-0.485455 -0.485329 0.127787 
-0.119768 -0.802667 -0.137744 
-0.370037 0.731014 -0.137870 
-0.489248 0.802728 0.127490 
-0.864244 -0.352626 -0.005007 
-0.666481 0.575145 0.045292 
-0.789138 -0.457497 0.099326 
-0.233354 -0.893483 0.116623 
0.888842 0.370712 0.003751 
0.683615 -0.679356 0.129923 
-0.248085 -0.647473 -0.050559 
0.888728 -0.324769 -0.113226 
0.676885 -0.090692 0.013792 
-0.284482 0.896290 0.126295 
0.257879 -0.902098 -0.111852 
0.109188 -0.931597 -0.019732 
0.817688 0.484732 -0.095982 
0.448530 0.607491 0.052851 
-0.523506 -0.769485 -0.087649 
0.489340 0.496929 0.130131 
0.111059 -0.736177 0.051964 
0.038586 0.960182 0.006967 
-0.366814 0.900800 0.018181 
-0.891272 -0.262733 -0.065067 
-0.310913 0.618231 0.129507 
0.364547 0.688727 0.035040 
0.598989 0.344352 0.128856 
-0.048119 0.702163 -0.033997 
0.604461 -0.598363 -0.137587 
-0.867272 0.339994 -0.096207 
0.281596 -0.729087 0.030357 
0.855123 -0.418726 -0.004550 
-0.650795 0.328726 0.063786 
0.646968 -0.687075 -0.076134 
-0.729195 -0.139308 0.047148 
0.389362 0.650112 -0.137514 
-0.572069 0.742535 -0.015217 
-0.341157 0.705769 0.029188 
-0.697857 -0.600447 0.116862 
0.884314 -0.181169 0.052032 
-0.595466 0.494429 0.031475 
0.089441 -0.814769 -0.137727 
-0.215257 -0.911465 -0.008298 
-0.719098 -0.646672 0.021597 
-0.383106 -0.734547 0.024512 
-0.686549 -0.486146 0.028024 
0.798235 -0.507818 -0.075807 
0.467321 -0.817119 -0.098098 
0.219357 -0.914056 0.127364 
0.184475 0.682674 -0.089370 
0.711001 -0.001427 -0.073011 
-0.507411 -0.777872 0.124110 
0.609765 -0.450630 0.047412 
0.939226 -0.050297 0.117395 
0.656771 -0.278720 0.122524 
-0.639682 0.132238 0.023183 
-0.078928 -0.666719 0.011450 
0.458976 -0.842622 0.129862 
-0.668027 -0.172802 -0.077683 
-0.449117 -0.573042 0.062446 
-0.885343 -0.281252 0.123873 
-0.698950 0.007055 -0.126763 
0.812041 0.138821 -0.137756 
0.686772 0.090187 0.129813 
-0.861620 0.199286 0.051662 
-0.928307 -0.053981 -0.072654 
-0.963955 -0.120682 0.029084 
-0.534469 -0.618327 -0.137713 
0.901360 0.172276 0.067522 
0.194009 0.879089 0.052814 
-0.746265 0.526635 -0.135871 
0.337493 0.848095 0.065208 
0.837050 -0.337376 0.053248 
-0.081636 0.935568 -0.120301 
-0.761083 -0.278186 -0.138012 
0.322787 0.889071 -0.114934 
-0.468392 0.812331 -0.077755 
-0.109024 0.720419 0.079118 
-0.342359 -0.839509 0.079009 
-0.168412 -0.678417 0.123103 
0.735766 -0.034260 0.077736 
-0.746640 -0.554026 -0.040241 
0.166816 0.751801 0.039229 
-0.307969 0.887914 -0.061656 
0.654643 -0.615266 0.052130 
-0.554937 -0.348633 0.020336 
0.499363 -0.498589 0.126048 
-0.690320 0.219949 -0.138010 
-0.640882 -0.086035 0.034926 
0.653829 0.713926 0.008158 
0.717773 0.293098 0.039003 
0.653042 0.628368 -0.138012 
0.218327 -0.683372 -0.134839 
-0.756262 0.617495 0.029481 
-0.696324 -0.237468 0.052846 
-0.645262 0.034085 0.055674 
0.510099 0.799665 -0.063771 
-0.374381 -0.636291 0.052083 
-0.633708 0.688575 -0.086202 
0.585087 -0.705750 0.077737 
-0.759161 0.544939 -0.036134 
0.712126 -0.182477 0.078938 
-0.464946 0.636688 0.027276 
0.405042 -0.577321 -0.116560 
-0.847507 0.313000 0.074299 
-0.623381 0.694232 0.122706 
-0.550224 -0.710996 0.069132 
0.785001 -0.166600 -0.138012 
0.398207 -0.628225 0.057327 
-0.037218 0.986781 0.064070 
-0.402057 -0.598839 -0.137863 
0.529318 0.545209 0.049516 
-0.286750 -0.589161 0.021927 
0.191521 0.785429 -0.137679 
0.014729 -0.935801 -0.076213 
-0.364664 -0.752247 -0.137661 
-0.796731 -0.447557 -0.131849 
-0.007213 0.874805 0.035945 
0.679850 -0.349039 0.043672 
0.879489 -0.087222 0.037897 
0.110373 -0.851435 0.031401 
-0.505361 -0.470863 -0.059777 
0.896678 0.083405 -0.137517 
0.334252 0.929994 0.112974 
0.346374 -0.827391 0.055437 
0.292350 0.627277 0.006611 
-0.769917 0.547438 0.129940 
0.614253 0.406137 -0.137038 
-0.243536 0.695391 0.063821 
-0.745637 0.042742 0.043899 
0.873362 0.266740 -0.138012 
-0.789665 0.439772 0.073362 
0.543040 0.641238 -0.137913 
0.522213 0.435282 0.016188 
0.664575 0.279268 0.117073 
-0.782544 0.200180 -0.138012 
0.866508 0.310317 0.070820 
-0.382632 0.797330 0.045544 
0.537743 -0.457054 -0.038378 
-0.516574 0.549007 0.043283 
0.858944 0.076623 0.028158 
0.608912 0.368134 -0.033369 
-0.139378 0.841853 -0.137831 
-0.169200 -0.729300 0.045742 
0.594155 -0.387232 -0.119484 
-0.893776 -0.181561 0.097476 
-0.615177 -0.438538 -0.138012 
0.657747 0.396802 0.043406 
-0.038726 -0.881431 0.046516 
0.451729 0.798874 0.070566 
-0.059877 -0.751352 0.042527 
0.736467 0.665625 0.034205 
0.950191 0.019803 -0.030624 
-0.466850 0.519076 -0.113407 
0.779055 0.545141 -0.038458 
-0.147364 0.968240 0.023956 
-0.703613 0.206364 0.057567 
-0.912449 -0.179966 -0.033027 
-0.215585 0.667412 -0.092410 
-0.728090 -0.085766 -0.138012 
0.646500 -0.289143 -0.043164 
-0.910566 0.196536 -0.036605 
0.699011 0.199301 -0.133724 
0.760221 -0.375718 -0.138012 
0.488614 -0.560814 0.059277 
0.765039 -0.516303 0.084090 
0.653476 0.131459 0.048465 
-0.601508 0.411643 0.065226 
0.570624 0.695727 0.049381 
0.121641 0.932341 0.122868 
0.658897 -0.521274 0.024129 
-0.456954 0.696358 -0.137781 
0.741182 -0.654890 0.040205 
0.591037 -0.301528 0.058568 
-0.648593 0.535641 -0.137654 
0.316638 -0.752795 -0.137746 
-0.901071 0.376827 0.042941 
-0.013109 0.718726 -0.133327 
0.757237 0.322580 -0.137795 
-0.597099 0.378267 -0.130609 
-0.297247 -0.813018 -0.137571 
0.494875 0.509729 -0.076698 
-0.411500 0.508025 0.047160 
0.405984 0.756131 -0.137827 
0.021353 0.756356 0.047275 
0.061959 0.657735 0.073332 
-0.904456 -0.030791 0.080861 
-0.768642 0.365257 0.030227 
-0.199708 0.906896 0.110305 
-0.783174 -0.321754 0.029828 
-0.835519 -0.233571 -0.138012 
0.922402 -0.362344 0.034362 
0.114051 -0.657205 0.016711 
-0.574603 -0.486361 0.039958 
-0.468206 -0.748191 0.050035 
-0.027602 -0.695912 -0.073197 
-0.210570 0.918274 -0.035172 
-0.111509 -0.904046 -0.137351 
-0.276287 0.863191 -0.137839 
-0.231515 -0.821965 0.030953 
-0.533422 0.720773 0.058373 
-0.374949 0.590801 -0.112732 
0.495586 -0.710101 -0.137600 
0.646153 0.660999 0.078975 
0.380550 -0.538235 0.039372 
0.924452 0.045875 0.081139 
0.352453 0.879136 -0.028637 
-0.434616 -0.537827 -0.042580 
-0.652942 -0.168870 0.006045 
0.409365 0.524641 0.098466 
-0.580250 0.305936 0.022181 
-0.199472 -0.676314 -0.129342 
-0.696429 0.342728 -0.137849 
0.374519 0.780776 0.030009 
-0.533303 -0.592785 0.023956 
-0.651309 -0.343506 0.051824 
0.790184 0.337982 0.027134 
0.489762 -0.775048 0.080129 
0.818335 -0.416441 0.073482 
0.657289 -0.533405 -0.138012 
0.205941 -0.709095 0.060114 
0.334061 -0.569943 0.112800 
-0.076992 0.907523 0.068338 
0.054409 -0.890640 -0.137500 
0.828961 0.405946 0.075256 
0.951443 0.207406 0.011058 
-0.841333 -0.487094 0.031141 
-0.279292 0.642491 -0.045064 
0.734120 0.046407 -0.136951 
-0.619549 0.288791 0.129638 
-0.500394 -0.408184 0.055978 
0.513837 0.829339 0.013961 
-0.329331 -0.908099 0.123290 
-0.347079 0.554100 0.070777 
0.032427 0.787416 -0.137622 
0.124197 -0.973521 0.060711 
-0.839802 0.497368 0.109874 
0.965064 -0.056915 0.006995 
-0.484600 -0.847343 0.067928 
-0.155244 -0.676991 -0.041024 
0.247011 0.913431 -0.068123 
-0.971932 0.073789 0.048913 
0.180860 -0.920519 -0.057542 
0.228883 0.963012 0.054049 
0.989204 0.100885 0.056286 
0.697428 -0.223963 -0.136715 
-0.888023 -0.020075 -0.138012 
-0.896051 0.133434 -0.136932 
-0.917156 -0.325768 0.063015 
-0.172769 0.796756 0.023524 
-0.507324 0.407313 0.058821 
0.032039 -0.912296 0.082864 
-0.862319 0.104800 0.040314 
-0.372035 -0.532685 0.029699 
0.496885 -0.533404 -0.137407 
0.281959 -0.874923 0.090387 
-0.167918 -0.887438 0.069815 
-0.306653 0.848380 0.060485 
-0.611380 -0.319978 -0.097754 
0.421591 -0.841544 -0.034872 
0.594948 -0.732211 -0.034281 
-0.071499 -0.975756 0.034591 
0.287719 -0.639591 -0.053031 
0.920434 -0.230512 -0.057024 
0.726557 0.193498 0.058228 
0.390966 0.911710 0.043789 
-0.615990 -0.755381 0.058303 
0.069706 -0.694221 -0.056643 
-0.645929 -0.073426 0.116299 
0.701211 -0.633559 -0.052162 
0.375458 0.551708 0.030057 
0.689321 0.010462 0.129187 
0.244277 -0.609416 0.061847 
0.549705 -0.368832 0.041740 
-0.908530 0.330780 0.122132 
-0.533356 0.662378 -0.137921 
-0.639975 -0.637508 0.076869 
-0.605427 -0.224317 0.079764 
0.708441 0.063718 -0.011471 
0.360857 -0.602959 -0.055756 
-0.291221 0.722859 -0.138012 
-0.155446 0.638785 0.057648 
-0.769191 0.041759 -0.138012 
0.680160 0.595071 0.052094 
-0.817597 -0.377084 0.074128 
0.064928 0.899147 0.055872 
0.848131 0.429403 -0.049139 
0.762932 0.044617 0.046232 
0.941440 -0.084797 -0.122175 
-0.529323 -0.469451 -0.134535 
-0.013226 -0.652223 0.073720 
0.260090 0.840093 0.036846 
0.882697 -0.306211 0.108708 
0.611232 -0.775736 0.054478 
0.625054 0.495609 0.028537 
0.438671 0.558604 -0.052994 
-0.417048 -0.522814 0.129015 
0.858421 -0.262562 0.048242 
0.337488 -0.675669 0.045740 
0.816877 -0.476185 0.126052 
0.924762 -0.163128 0.115874 
-0.548763 0.805729 0.023437 
0.192514 0.699632 0.094442 
0.031603 0.716523 0.113618 
-0.439900 0.771772 -0.137951 
0.934772 0.205311 0.128919 
0.624071 0.234448 0.062046 
0.154895 0.689596 -0.014373 
0.939644 0.318016 0.028360 
-0.810442 0.372043 -0.137489 
-0.547306 -0.348107 0.111897 
0.539541 0.768122 -0.129097 
-0.647295 -0.417280 0.030633 
0.646111 -0.180133 0.118053 
-0.730758 0.524677 0.065204 
-0.662273 0.011219 0.126853 
0.656670 0.469875 -0.138012 
0.939870 -0.180408 -0.000325 
-0.107201 0.677206 0.007276 
0.420019 -0.660467 -0.137857 
-0.775246 -0.041233 0.028742 
0.198934 -0.861325 -0.137591 
-0.241686 0.609592 0.099256 
-0.391493 0.643412 0.045406 
-0.345154 0.921713 0.088491 
-0.365856 -0.880529 0.010132 
0.669327 0.241529 -0.072805 
0.141451 0.647031 0.073416 
-0.857379 -0.237464 0.058924 
0.591779 -0.688121 -0.137549 
-0.695886 0.689606 0.088585 
0.289353 -0.838558 -0.137655 
-0.564424 -0.740740 -0.015610 
-0.386215 0.857032 -0.040070 
0.762709 -0.451056 -0.138012 
-0.408408 -0.804219 0.071997 
-0.949607 0.221963 0.060128 
0.518904 0.755806 0.069009 
-0.005838 0.668275 0.020334 
-0.102598 0.657997 0.119833 
0.751696 -0.352471 0.023274 
-0.839622 0.261346 -0.137864 
0.777668 0.485611 0.066778 
-0.669230 0.194313 0.122776 
0.803937 -0.577500 0.053763 
0.547254 0.380209 0.077293 
0.806234 -0.507028 -0.001704 
0.177868 -0.889891 0.070396 
-0.579651 -0.760253 0.128424 
0.150530 0.901494 -0.138009 
0.374677 -0.910228 0.051984 
0.510284 -0.423945 0.110234 
-0.310278 -0.673827 0.049818 
-0.675303 -0.570521 -0.138012 
-0.968987 -0.021017 0.116231 
-0.469989 -0.804346 -0.047051 
0.946656 0.079167 -0.082996 
0.842923 0.153082 0.026284 
0.760324 -0.528262 -0.136042 
-0.615310 0.320576 -0.046449 
-0.552268 0.532431 -0.137973 
0.328327 0.645295 0.103594 
0.694726 -0.276740 0.059305 
0.146133 -0.697176 0.109846 
0.433669 -0.497219 0.069726 
-0.118779 -0.918914 0.118582 
0.261658 -0.947906 0.077449 
-0.311615 0.793559 -0.138012 
-0.220804 -0.952750 0.063742 
0.006559 -0.980591 0.092656 
-0.870481 0.336713 -0.010482 
-0.757200 -0.526282 0.120455 
-0.698959 -0.678590 0.090775 
0.981479 0.030686 0.124452 
0.871323 -0.371539 -0.058043 
0.576530 0.775450 0.130109 
0.577653 0.477002 -0.138012 
-0.719021 0.110310 0.063465 
0.750579 0.598912 0.001628 
-0.551610 0.463228 0.080522 
0.509815 -0.844148 0.069380 
0.556471 -0.501807 0.054782 
0.793783 -0.058392 -0.137628 
0.187475 0.926836 -0.018651 
0.142314 -0.765041 -0.137858 
-0.549405 -0.416887 -0.003347 
0.576089 -0.531845 -0.137786 
-0.384522 0.658040 -0.137560 
-0.794807 0.208774 0.023731 
-0.797064 0.489875 -0.009134 
0.263337 0.657243 -0.059702 
-0.232063 -0.694959 0.059782 
0.877493 -0.016134 -0.138012 
0.048395 0.942786 -0.061944 
-0.513792 -0.718760 -0.137510 
0.281567 0.883750 0.092380 
0.560840 -0.657166 0.030981 
-0.662708 0.635516 -0.134677 
-0.183093 0.730398 0.048200 
0.040193 -0.733777 0.061287 
0.828722 0.323746 -0.137917 
-0.297406 -0.726517 -0.137820 
-0.678900 0.131630 -0.036510 
0.979769 0.169914 0.072007 
0.476201 0.846571 0.128779 
0.646919 -0.154756 0.045592 
-0.865331 -0.445993 0.084089 
-0.126558 0.771829 -0.137610 
-0.527734 0.774796 -0.060496 
-0.352724 -0.858983 -0.121835 
0.970445 -0.208732 0.075714 
0.815498 -0.193101 0.023649 
0.695848 0.147764 -0.029133 
0.392675 -0.808268 -0.137439 
-0.139419 0.688520 -0.060849 
-0.960394 -0.159504 0.088605 
-0.635876 0.645974 0.072653 
-0.528782 0.452408 -0.041156 
0.707018 -0.068217 -0.050737 
-0.674741 -0.490942 -0.138012 
-0.895319 -0.290234 0.003643 
-0.745765 0.399197 -0.137633 
0.151115 -0.682655 -0.077321 
-0.508685 -0.533564 0.052363 
0.661046 -0.642325 -0.136720 
-0.387565 -0.896001 0.074949 
-0.678949 -0.559615 0.048917 
-0.041166 0.948004 0.127144 
0.798220 0.395399 -0.138012 
-0.459018 -0.765310 -0.137485 
0.754822 -0.569402 -0.078957 
0.013267 0.860212 -0.137846 
0.900650 0.342477 0.130034 
0.752731 0.565613 0.118410 
0.710702 -0.008829 -0.003736 
-0.680896 0.398230 0.026053 
0.078045 0.985712 0.081356 
-0.668393 0.262192 0.079214 
0.083477 -0.932881 -0.085312 
0.468507 0.786245 -0.138003 
0.458403 0.643524 -0.137613 
-0.715560 -0.217446 -0.138012 
0.704623 -0.567603 0.057957 
0.485474 -0.500717 0.000922 
-0.903333 -0.212714 -0.111339 
-0.346328 0.607172 -0.046225 
0.664624 -0.044228 0.063243 
0.654241 -0.739861 0.094441 
0.341496 0.699438 -0.137580 
0.745964 0.119907 -0.137968 
-0.079436 -0.740492 -0.137952 
0.406799 0.598863 0.106547 
-0.644921 -0.245319 -0.074175 
-0.098072 -0.643338 0.078739 
0.230579 0.707198 -0.137476 
0.893978 -0.020655 0.044713 
0.888163 -0.440838 0.089744 
-0.297779 -0.805847 0.033583 
-0.171316 -0.918065 -0.083637 
-0.394089 -0.844895 -0.065265 
-0.226478 0.617904 0.033353 
-0.233086 -0.605617 0.060504 
-0.469661 0.862849 0.102245 
0.718192 0.618805 -0.113332 
0.929403 0.199937 -0.072077 
0.527159 0.650170 0.023564 
-0.479541 0.505165 -0.048060 
0.621032 -0.469798 -0.138012 
-0.769341 -0.349681 -0.138012 
-0.695072 -0.122997 0.103415 
0.512332 -0.718791 0.041612 
-0.790347 -0.526011 0.009346 
-0.889170 0.276402 -0.088594 
0.002481 -0.708880 0.111673 
-0.636307 -0.678764 -0.063147 
0.667444 -0.370184 -0.138012 
-0.235083 0.859011 0.048531 
-0.198705 0.719008 -0.137439 
0.394984 0.589766 -0.107515 
0.448172 0.835601 -0.060373 
-0.861678 0.460340 0.057719 
-0.058443 -0.820996 0.023589 
0.889475 0.434603 0.025690 
0.279187 0.697895 0.055009 
-0.819057 -0.098047 -0.138012 
0.845308 0.197549 -0.137770 
0.830495 -0.223085 -0.137638 
-0.273164 -0.876472 -0.133568 
-0.317442 0.657752 0.070081 
-0.837640 0.409832 -0.069984 
-0.791870 -0.168115 0.023125 
-0.629645 0.150435 0.090845 
-0.195167 0.966320 0.079410 
-0.578641 -0.640320 0.036828 
-0.301379 0.905104 0.004789 
-0.384281 -0.682817 -0.137822 
-0.468461 -0.590888 -0.137911 
-0.024797 0.943028 -0.085879 
0.933980 -0.166133 -0.095897 
0.600808 0.735209 -0.047649 
-0.046662 -0.934660 -0.029401 
-0.784535 0.505007 -0.085809 
0.063039 -0.749331 -0.137937 
0.706219 -0.608827 0.110230 
0.482229 -0.832487 0.009649 
-0.626704 0.198453 0.019387 
0.264643 -0.901177 -0.035123 
-0.659400 -0.341753 -0.138012 
-0.779340 -0.505630 -0.091277 
0.949004 -0.041291 -0.055997 
0.894848 0.320140 -0.105426 
-0.904513 0.123735 0.096769 
-0.048701 -0.933556 -0.112840 
-0.681364 -0.044061 0.001202 
0.361898 -0.868244 -0.025237 
-0.928886 0.052929 -0.048622 
-0.463049 0.458229 0.073967 
0.148198 0.711557 -0.136212 
0.691003 0.450102 0.023476 
0.598479 0.792768 0.070452 
0.950930 -0.284472 0.077028 
0.531661 0.429313 0.125234 
-0.542338 0.760328 0.122375 
0.042466 0.704138 -0.070963 
-0.923181 -0.114191 -0.021742 
0.695357 -0.142470 -0.021638 
-0.856812 -0.169055 -0.138012 
-0.937511 -0.242619 0.116657 
-0.896872 -0.098882 0.076559 
0.731254 -0.310091 -0.138012 
0.897177 -0.306447 -0.039854 
-0.841085 0.025113 -0.138012 
-0.431886 0.496763 0.116595 
-0.599698 -0.341462 -0.037371 
0.327942 0.628343 -0.066403 
0.107980 0.697747 -0.073234 
0.037742 0.829461 0.023454 
-0.669283 0.653967 -0.032712 
0.816183 -0.329083 -0.138012 
-0.599169 -0.612060 -0.137691 
-0.849766 -0.425173 0.009868 
-0.693267 -0.156435 -0.136093 
0.243182 0.617508 0.066251 
0.427433 -0.799096 0.065159 
0.467974 0.553303 0.106210 
-0.426362 0.886491 0.055285 
0.967278 -0.115877 0.128172 
0.829015 0.546705 0.030101 
0.502889 0.502017 -0.013031 
0.636379 -0.667563 0.086838 
0.567183 0.376854 0.015133 
0.175269 0.967977 0.118223 
0.125801 0.940763 -0.005981 
-0.576297 -0.291086 0.076179 
-0.541954 0.421719 0.129571 
0.469485 0.874107 0.048418 
-0.521691 0.831746 0.075600 
-0.181282 -0.833713 -0.137613 
0.081301 0.728913 0.074859 
-0.288094 -0.586555 0.117313 
0.669884 -0.448676 0.025203 
0.721811 -0.039554 -0.132160 
-0.775909 0.596617 0.089404 
-0.819894 -0.522951 0.108055 
0.067592 -0.649702 0.069039 
-0.656549 -0.273504 0.087580 
-0.534876 -0.468130 0.090268 
-0.629498 0.271054 0.001163 
0.657962 0.271475 -0.015198 
-0.649525 -0.650534 -0.129917 
0.671334 0.554574 -0.138012 
-0.631100 0.748745 0.032192 
-0.708725 0.341033 0.026351 
-0.706348 0.047582 0.098907 
-0.279788 0.740489 0.027193 
0.291273 -0.807953 0.030385 
0.142237 -0.784672 0.025359 
0.580434 -0.403561 -0.057422 
-0.157044 0.928732 -0.067483 
-0.338219 -0.622533 0.102779 
-0.487962 0.800982 -0.018567 
-0.317587 -0.616045 -0.062607 
0.628336 -0.371108 0.085046 
0.082802 0.889683 -0.137947 
0.817710 -0.071532 0.023664 
-0.881513 -0.088709 -0.138012 
0.694475 -0.162799 -0.121425 
-0.673656 -0.209756 0.104811 
0.567694 -0.450447 0.094425 
0.868965 0.245534 0.050711 
-0.103412 -0.892849 0.063332 
-0.169237 -0.746025 -0.137887 
-0.960406 0.154817 0.029975 
0.376710 0.868763 -0.085770 
-0.435707 0.802128 0.078947 
-0.895641 0.190257 0.103760 
-0.745057 -0.626662 0.084661 
-0.522082 -0.405275 0.125206 
-0.354051 0.579048 0.009289 
-0.748427 -0.493505 0.067746 
0.788685 0.186832 0.025314 
-0.834560 -0.060990 0.026550 
0.670404 -0.196691 0.003051 
-0.754668 0.118128 -0.138012 
0.515334 0.514957 -0.135458 
-0.573892 -0.732348 -0.076744 
0.264432 0.828323 -0.137867 
-0.687925 0.068541 -0.089429 
-0.962067 0.093170 0.120559 
-0.433305 -0.480101 0.086773 
-0.195940 -0.623368 0.114459 
0.188913 0.641975 0.117324 
-0.337038 0.865281 0.114788 
-0.786922 -0.106241 0.024437 
-0.529395 0.600451 -0.137887 
-0.663825 -0.652103 -0.013903 
-0.869241 -0.328040 -0.066063 
0.398040 -0.852693 0.125903 
0.674399 0.668368 -0.095897 
-0.708007 0.590692 -0.131753 
0.710900 0.142930 0.108244 
0.155859 -0.919069 0.120348 
0.026556 -0.701603 -0.123209 
0.595361 0.720741 0.108270 
-0.509227 0.784430 -0.118696 
-0.834515 0.371206 0.093326 
-0.274038 0.946030 0.090472 
-0.045532 0.710806 0.119582 
0.837226 0.537257 0.090467 
0.716492 -0.502124 0.034887 
0.535717 0.497894 0.089541 
-0.018130 -0.811474 -0.137747 
-0.122924 0.762825 0.035504 
-0.709946 -0.601040 -0.018511 
0.224067 0.730090 0.043902 
-0.628870 -0.146374 0.061253 
-0.123352 -0.951443 0.012530 
-0.834859 -0.407809 -0.076848 
-0.832420 0.262945 0.042170 
-0.067386 0.755589 -0.137535 
-0.256872 0.904766 -0.090950 
0.341070 -0.635559 0.091770 
0.602498 0.287773 0.106051 
0.991754 -0.066754 0.060978 
0.481972 -0.769522 -0.137469 
0.287748 -0.699225 -0.137934 
0.343072 0.825866 -0.137942 
-0.542592 0.357876 0.059313 
0.060647 -0.979048 0.065243 
0.048975 -0.872896 0.039977 
-0.433770 -0.625832 0.035289 
0.216751 0.800053 0.023239 
-0.595509 0.474412 -0.137900 
-0.771068 0.494445 0.098639 
-0.559993 0.411866 -0.073243 
0.706702 0.364367 0.029378 
0.621620 -0.234547 0.101240 
0.613952 0.359995 -0.098485 
0.564905 0.714346 -0.137987 
0.132909 0.772099 -0.137603 
-0.657868 0.518954 0.025774 
-0.573428 0.554810 0.024816 
0.727612 0.065118 0.093609 
0.318863 -0.930492 0.072224 
0.436413 -0.586000 0.076239 
-0.695038 -0.305840 0.035438 
0.400279 -0.690392 0.025889 
0.349669 -0.768272 0.025788 
0.677490 0.355081 -0.138012 
0.919733 0.113686 0.082592 
0.502474 -0.797033 -0.044407 
0.664995 -0.245326 -0.091149 
0.289746 -0.925032 0.125269 
0.925513 0.365283 0.075089 
-0.199700 -0.941843 0.126247 
-0.741880 0.467186 -0.137540 
0.470629 -0.524863 -0.084561 
0.940142 0.138428 -0.082438 
-0.142749 0.925606 -0.125278 
-0.373758 0.551232 0.123972 
0.486914 0.454544 0.088463 
-0.276893 -0.933959 0.112751 
-0.924565 0.101053 -0.083093 
-0.232982 -0.903769 -0.082831 
0.861028 0.446863 0.129485 
0.116561 -0.643815 0.103590 
0.306855 -0.887704 -0.081974 
-0.045828 0.891938 -0.137950 
0.522504 0.583694 -0.137967 
-0.889988 0.056666 0.060611 
-0.524176 0.667910 0.028242 
0.752185 0.490906 -0.138012 
-0.759197 -0.603590 0.026660 
0.123764 0.894180 0.056130 
-0.082644 -0.970890 0.116036 
0.050460 -0.935820 -0.023477 
0.720420 -0.118184 0.090607 
0.096078 0.770513 0.035051 
-0.645512 -0.025347 0.082184 
0.967120 0.060813 0.008194 
0.694219 0.222299 0.097927 
0.686974 0.184739 -0.078196 
-0.501095 -0.818696 0.015225 
-0.607526 0.660138 -0.137484 
0.901766 -0.141253 -0.138012 
0.620476 -0.302432 0.007595 
-0.277131 -0.891790 -0.022831 
-0.848846 -0.342222 0.109063 
0.683683 0.255628 -0.135213 
-0.816956 0.072047 0.023686 
0.610960 0.394643 0.101880 
0.236119 -0.675985 0.103277 
0.647185 0.334704 0.097706 
0.685599 -0.673061 0.006952 
0.161349 0.820099 0.023700 
0.116680 0.661503 0.019260 
-0.363904 -0.787673 0.038561 
0.512708 -0.484794 -0.086832 
0.540348 -0.650742 -0.137655 
-0.690886 -0.002435 -0.062692 
-0.252913 0.663174 0.118177 
-0.071238 0.700321 -0.093880 
0.873135 -0.463652 0.029208 
-0.930521 -0.006557 -0.019212 
-0.403923 -0.576311 0.111722 
-0.638195 0.270708 -0.064407 
-0.587411 0.695189 0.077589 
-0.499240 0.762641 0.078465 
0.752134 -0.188008 0.037787 
0.991065 -0.025581 0.112270 
0.894794 0.279428 0.110432 
-0.882571 0.077497 -0.138012 
0.827456 -0.459594 -0.064370 
-0.093601 0.982558 0.054055 
-0.506926 -0.466338 -0.002581 
0.469579 0.658208 0.025262 
0.799689 -0.530746 0.130011 
0.704754 -0.693286 0.078478 
-0.753511 -0.589664 0.127506 
-0.288169 -0.856895 0.073136 
-0.029259 0.734279 0.070115 
-0.054876 -0.715393 0.086598 
-0.581233 -0.393367 -0.130065 
-0.732220 -0.469802 -0.138012 
0.428722 0.545916 0.006255 
0.973269 -0.112678 0.015423 
-0.694722 0.154233 0.091313 
0.917699 0.247459 -0.103435 
0.642811 0.305326 -0.058306 
-0.416087 -0.552865 -0.107518 
-0.972767 -0.051467 0.065700 
-0.937027 0.271947 0.083944 
-0.631697 -0.239220 0.129199 
-0.726855 0.176545 -0.138012 
0.418357 -0.891008 0.089414 
0.243906 -0.858398 0.051805 
-0.377980 -0.879532 0.128417 
-0.433560 0.546262 -0.076645 
-0.770285 -0.401414 0.041118 
-0.678795 -0.124665 -0.017901 
-0.519612 -0.773017 -0.027475 
0.707439 -0.494151 -0.138012 
0.743270 0.592339 -0.065612 
-0.200287 -0.771389 0.024660 
-0.942099 -0.068916 0.005896 
-0.192384 0.822867 -0.137558 
0.887046 0.340598 -0.053627 
-0.619056 0.603479 0.034855 
0.245911 -0.631846 0.010424 
-0.084456 0.653041 0.052459 
0.163389 -0.679783 -0.014834 
-0.110892 -0.731372 0.054153 
-0.396732 0.708934 0.023483 
0.610531 0.550992 0.023608 
0.432260 0.692902 -0.137697 
-0.087815 0.864949 0.033837 
-0.185570 -0.952617 0.020440 
-0.236619 -0.628804 0.009883 
0.218521 -0.915792 -0.007437 
-0.734090 -0.200610 0.034944 
-0.675900 0.630239 0.112697 
0.713935 0.600773 0.099414 
0.066835 -0.791361 0.025709 
0.014938 0.704566 -0.020964 
-0.262690 -0.641586 -0.103897 
0.693309 0.712066 0.095988 
0.612239 -0.728710 0.129096 
-0.658838 -0.399698 -0.138012 
-0.081025 -0.852245 -0.137607 
0.693255 -0.044899 0.130299 
-0.842041 -0.290776 0.060130 
-0.611279 0.709648 -0.036593 
0.956675 -0.232555 0.020839 
0.810729 -0.294579 0.028968 
0.117562 -0.905935 0.082468 
-0.677394 -0.691562 0.022605 
-0.725639 0.657883 0.051932 
-0.163602 0.702158 0.093854 
-0.828335 0.169076 -0.138012 
0.840709 -0.124622 0.025200 
0.283879 -0.672830 0.072427 
-0.660905 0.385044 -0.137885 
-0.587301 0.275001 0.085291 
0.357163 0.870537 0.118069 
-0.824602 -0.409380 0.118331 
0.262101 -0.649916 -0.100812 
0.519400 0.784720 0.119632 
-0.720514 -0.554985 0.090934 
-0.575091 -0.787271 0.080569 
0.800136 -0.376880 0.039686 
-0.654196 0.073148 0.017834 
0.505542 0.592967 0.035841 
0.811043 -0.477381 -0.119845 
0.191111 0.908782 0.099028 
-0.438759 -0.872049 0.050275 
-0.804716 0.324668 0.038831 
0.466278 -0.541276 0.115214 
0.368796 -0.680242 -0.137648 
-0.691479 0.274799 -0.137947 
0.911920 -0.259338 -0.104242 
-0.876636 -0.300715 -0.119339 
-0.004974 0.914730 0.073475 
0.230334 0.669098 -0.017576 
0.648590 -0.401807 0.043974 
-0.536747 0.393933 0.014592 
0.088256 -0.709486 0.100832 
-0.165304 -0.919940 -0.029254 
-0.922246 0.320347 0.051608 
-0.917318 0.155082 -0.087380 
0.567041 -0.807617 0.049949 
-0.325477 -0.560001 0.047184 
0.761495 -0.069942 0.045341 
0.830755 0.438110 -0.127950 
0.866421 -0.380035 -0.114362 
-0.616123 0.356752 0.095243 
-0.906490 -0.237017 -0.000438 
0.388563 0.829368 0.068761 
0.749754 0.179981 -0.138010 
0.557669 -0.408810 0.005683 
-0.718659 0.568361 0.095296 
0.286629 -0.591709 0.097555 
0.047711 -0.965906 0.125006 
0.871955 0.131810 -0.137576 
-0.732834 -0.074437 0.051929 
0.164666 -0.690545 -0.130460 
0.617130 0.672340 -0.138012 
-0.651533 0.234735 -0.102721 
-0.044717 -0.694598 -0.020033 
0.606983 -0.501895 0.030075 
0.161320 0.837279 -0.137818 
-0.128836 0.919126 0.108377 
0.800910 0.083637 -0.137813 
-0.161935 0.928646 -0.013569 
0.643715 0.692134 0.123173 
0.282754 0.606290 0.116209 
-0.734836 -0.270310 0.026465 
0.553060 -0.763370 -0.060258 
0.972497 0.155343 0.020496 
0.227065 -0.618160 0.112282 
0.781891 -0.452844 0.055324 
-0.466023 0.586665 0.047395 
-0.532582 -0.667959 0.032469 
-0.643907 0.063312 0.100922 
0.751192 -0.223534 -0.137916 
-0.289829 -0.629504 -0.013419 
-0.257569 0.679822 -0.137254 
0.618193 -0.344370 -0.097900 
0.576521 0.492274 0.051187 
0.085305 0.979260 0.025096 
0.600953 0.615746 -0.138012 
0.332408 0.646704 -0.135200 
-0.429248 0.835596 -0.016570 
-0.023090 -0.661828 0.018412 
0.303711 0.805671 0.028634 
0.205203 0.922801 -0.100050 
0.761918 0.633243 0.114149 
0.518016 -0.786939 -0.094454 
0.664650 -0.246288 -0.017062 
-0.899597 -0.332648 0.125438 
0.922684 0.273935 0.003533 
0.706777 0.303658 -0.137735 
0.632340 -0.701441 -0.011970 
0.633640 0.323789 -0.004873 
-0.011365 0.975614 0.017349 
-0.396299 -0.677555 0.026472 
-0.710362 0.630413 0.005804 
-0.010911 0.704566 -0.082113 
0.078332 -0.965125 0.017084 
0.754145 -0.557220 0.116198 
-0.504929 -0.830012 0.114208 
-0.827262 0.143476 0.027091 
-0.614705 -0.200404 0.033279 
0.696057 0.658813 0.000475 
0.881872 -0.371646 0.001385 
-0.754715 0.416234 0.034951 
-0.330956 -0.748988 0.023490 
-0.673991 0.012771 0.006751 
-0.650389 0.441456 0.026851 
-0.259292 -0.927731 0.016077 
0.860647 -0.353277 0.097815 
-0.598927 0.740520 0.129863 
-0.395951 0.544262 0.011991 
0.691617 -0.229349 0.091912 
-0.483908 -0.611339 0.027963 
0.685504 0.107149 0.007632 
0.941519 0.320012 0.105523 
0.926728 -0.097567 0.097779 
0.406313 0.739180 0.024244 
0.420761 -0.841196 -0.093087 
0.169513 -0.817707 -0.137683 
0.638947 -0.328625 0.114179 
-0.886996 0.285772 -0.029082 
0.807208 0.063782 0.025361 
0.553717 0.770378 -0.064409 
-0.644044 -0.516794 0.024362 
-0.786084 -0.496322 -0.033747 
-0.463029 0.548647 0.089309 
0.337524 -0.858423 0.096836 
-0.483313 0.741728 -0.137944 
-0.376375 -0.580908 -0.087907 
0.584532 0.405781 -0.093885 
0.264229 -0.942309 0.025430 
-0.372026 0.783254 -0.138012 
-0.122924 -0.775203 0.027599 
0.763910 -0.009138 -0.137962 
-0.744744 0.185774 0.032777 
-0.922386 -0.115539 -0.077527 
0.890115 0.037072 0.041979 
-0.105675 0.936196 -0.072514 
-0.505170 -0.661461 -0.137668 
0.926272 -0.355441 0.097698 
0.848945 -0.435168 0.128589 
0.269642 0.953001 0.084955 
-0.517613 -0.539136 -0.137929 
-0.223435 0.756702 0.028308 
-0.669476 0.175355 -0.007786 
-0.930059 0.008387 -0.075538 
0.870102 0.482453 0.060487 
-0.496185 0.560388 -0.138009 
0.263902 0.905912 -0.119385 
-0.593753 0.711311 -0.128675 
-0.375596 0.615254 0.086036 
-0.937931 0.199638 0.014737 
-0.742002 -0.559214 -0.096034 
-0.095910 -0.688684 -0.032329 
-0.674318 0.155332 -0.094395 
-0.733465 0.579205 -0.066856 
-0.240475 0.653824 -0.001004 
-0.663177 -0.203315 -0.119036 
0.747675 0.234162 0.034461 
0.202031 -0.915655 -0.104337 
-0.884090 -0.231797 0.104036 
0.850116 0.358971 0.075407 
0.975938 -0.171718 0.111119 
-0.134237 -0.667672 0.005059 
0.968700 0.225079 0.056195 
0.867120 -0.179049 -0.137993 
-0.711012 -0.289050 -0.138012 
-0.211867 -0.863423 0.053752 
-0.287751 0.588571 0.091549 
-0.469591 -0.444177 0.090422 
-0.898295 -0.375415 0.063130 
-0.349180 -0.864847 -0.046853 
0.474608 -0.459252 0.100745 
0.190177 0.961195 0.019030 
-0.690140 -0.040956 -0.111774 
0.791041 0.425879 0.047476 
0.390726 0.911785 0.100267 
-0.646367 -0.241291 -0.023367 
-0.478012 -0.525613 0.092262 
0.653759 0.689387 -0.036474 
-0.918579 -0.148646 0.127338 
-0.695150 -0.172142 0.078141 
-0.417568 0.818985 -0.135104 
-0.502901 0.481448 -0.086457 
0.355608 0.771435 -0.137801 
0.604674 -0.631976 0.035624 
-0.810402 -0.290130 -0.138012 
0.695988 -0.400776 0.025937 
-0.839740 0.495730 0.028811 
0.187081 -0.761376 0.029123 
0.313781 0.588055 0.030487 
0.903574 -0.408490 0.043468 
0.935681 -0.310085 0.118066 
0.702702 0.142534 -0.124704 
0.345835 0.928799 0.063741 
0.040766 -0.794739 -0.137799 
0.554567 -0.437496 -0.089253 
0.474969 -0.610983 0.035217 
-0.445748 -0.801051 0.105841 
-0.207813 -0.662046 -0.014869 
-0.943094 0.062596 0.005840 
0.160337 -0.967671 0.107644 
0.631305 0.439721 0.042440 
-0.815707 0.539576 0.096572 
-0.600782 0.347293 -0.091058 
-0.695064 -0.431633 0.023638 
0.431022 0.893378 0.074603 
0.511011 0.850981 0.064991 
-0.130891 0.830753 0.024868 
-0.386939 -0.833172 0.109814 
0.689811 0.507630 -0.138012 
-0.633865 0.342763 -0.137126 
0.680908 0.420248 -0.138012 
-0.441878 0.539403 -0.024397 
-0.564312 0.320868 0.091874 
0.322729 -0.572700 0.064047 
0.890107 -0.258154 0.086824 
-0.095699 0.887019 -0.137949 
0.774433 0.523127 0.103143 
-0.653227 0.241770 0.123556 
0.445633 -0.607784 -0.137949 
0.245369 0.755020 -0.137631 
-0.341261 0.776210 0.026956 
0.656235 0.118517 0.102123 
-0.212037 -0.660709 -0.082596 
0.324994 0.739262 0.025213 
-0.720125 0.051161 -0.138012 
0.614134 -0.744445 0.010178 
0.557099 0.821878 0.037748 
0.832723 0.288906 0.035570 
-0.784022 -0.397341 -0.138012 
0.698572 -0.125891 -0.068524 
-0.745569 0.233554 -0.137971 
-0.518058 0.612018 0.024267 
0.400255 -0.868556 0.006501 
-0.782725 0.575858 0.023203 
-0.011381 -0.662387 0.122551 
-0.946454 -0.165680 0.017278 
0.293267 0.900579 -0.055357 
-0.399859 -0.559721 -0.001325 
-0.472254 -0.504352 -0.044084 
0.386133 -0.624252 -0.138007 
0.584806 0.320146 0.070053 
-0.121891 -0.648887 0.121845 
0.162208 -0.830000 0.026683 
-0.546513 -0.424933 -0.114177 
-0.505013 0.510042 0.087741 
-0.275170 -0.682308 -0.137973 
0.408547 0.636592 0.051305 
0.361108 0.604782 0.128138 
0.881248 0.125517 0.041055 
-0.624631 -0.293140 -0.033386 
0.535023 -0.743614 0.077868 
-0.031400 -0.706136 -0.130375 
0.445808 -0.549770 -0.121419 
-0.773915 -0.118156 -0.138012 
0.809402 -0.114780 -0.138012 
-0.640269 0.375082 0.050353 
0.730835 0.241205 -0.137927 
-0.252608 0.885374 0.090192 
0.916994 -0.057801 0.070195 
-0.332720 -0.594327 0.003401 
0.554157 -0.414133 0.130425 
0.720549 -0.235883 0.049686 
0.143126 -0.859328 -0.137569 
-0.577870 -0.476963 -0.138012 
-0.354306 -0.609127 -0.131622 
0.555692 -0.576594 -0.137623 
-0.659198 -0.663894 0.128274 
-0.150044 -0.699318 -0.136078 
-0.610546 -0.449369 0.036378 
-0.924232 -0.062800 -0.120808 
-0.025048 -0.979557 0.049982 
0.868610 0.385448 -0.061197 
0.893919 0.034410 -0.137726 
-0.376649 -0.819104 -0.137457 
-0.173643 0.681595 -0.113516 
-0.191917 0.842716 0.031967 
-0.422922 -0.723718 -0.137653 
0.709541 0.047340 -0.070146 
-0.612418 -0.679584 0.103715 
0.499051 -0.814682 0.130086 
-0.695525 0.295893 0.039548 
-0.537077 -0.434103 -0.047354 
0.038897 0.987528 0.047415 
0.031090 -0.847747 -0.137635 
-0.819713 -0.525108 0.052811 
-0.310890 0.626845 -0.078791 
0.320866 -0.624200 -0.087202 
0.687048 0.718057 0.048121 
0.553417 -0.363454 0.092803 
-0.549455 -0.681461 -0.137535 
0.722039 -0.628802 0.003974 
0.381046 -0.537491 0.087925 
-0.417795 0.563519 -0.119172 
0.649278 0.184179 0.021864 
-0.146991 -0.958204 0.122123 
0.608933 -0.286601 0.122363 
0.103383 0.932109 -0.126708 
0.300604 0.725459 -0.137602 
0.893554 -0.133593 0.052491 
0.740349 -0.648378 0.115877 
0.657445 -0.103859 0.084136 
0.148812 -0.637423 0.047635 
-0.506955 0.499485 -0.132170 
0.635143 -0.406253 -0.138012 
0.737229 -0.147353 -0.138012 
-0.482630 0.648062 -0.137706 
0.209046 -0.958171 0.110489 
-0.420283 0.828106 0.116656 
-0.201357 0.963499 0.031573 
0.127528 0.732762 0.061406 
-0.342511 0.846588 -0.137295 
-0.578901 0.736429 -0.062614 
-0.931968 -0.280010 0.067035 
0.062906 0.666298 0.120817 
0.437715 -0.501812 0.117583 
0.527795 0.716698 0.042192 
0.457421 -0.762022 0.046859 
0.505535 -0.522965 0.084938 
0.815179 -0.377221 -0.138012 
0.246356 0.686035 0.088151 
0.788259 0.531102 -0.083568 
-0.896825 0.385860 0.090023 
-0.807541 0.467317 -0.066725 
0.017507 0.659793 0.095879 
-0.757880 0.095128 0.034105 
-0.319159 0.931497 0.049310 
0.375143 -0.590104 0.127352 
-0.646871 -0.727505 0.034325 
-0.423655 -0.767545 0.045053 
-0.131340 -0.699357 0.101076 
0.679944 0.307643 0.064438 
0.924209 0.161725 0.112268 
-0.614790 -0.347396 0.101677 
-0.327061 0.570195 0.111658 
0.441189 -0.513985 0.013166 
-0.235904 0.931440 0.129541 
-0.603777 -0.708477 -0.044761 
0.898061 0.324670 -0.004844 
-0.758285 0.545077 -0.089156 
-0.826752 0.455730 0.129196 
-0.858800 0.363323 -0.055448 
0.330754 -0.724504 0.026029 
-0.898948 0.244372 -0.054665 
-0.498751 -0.712737 0.040958 
0.470878 0.759478 0.045264 
0.533390 -0.544556 0.043079 
0.898483 0.221813 0.079572 
0.957954 0.266303 0.034989 
-0.318966 -0.882847 -0.002088 
0.013071 -0.914076 -0.136591 
-0.662103 0.722705 0.093175 
-0.054932 0.667582 0.018313 
-0.869371 -0.179693 0.056859 
0.335491 0.914408 0.013335 
-0.669996 0.652308 -0.087224 
-0.739242 -0.015010 -0.138012 
0.249604 -0.784884 0.023349 
-0.647924 -0.529844 -0.138012 
-0.923861 0.157520 -0.001333 
-0.019245 0.930561 -0.132448 
0.863066 -0.293854 -0.137976 
0.816036 0.110075 0.023568 
0.086800 0.781887 -0.137615 
0.440655 -0.655128 0.028522 
0.780310 0.614915 0.035130 
-0.653744 0.582458 -0.137738 
0.189801 0.635332 0.068476 
-0.877155 0.425509 0.030099 
-0.939198 -0.196441 0.125406 
-0.875118 0.286217 0.116377 
0.155749 -0.654879 0.127916 
-0.698403 -0.076317 0.111076 
0.542402 -0.713567 -0.137507 
-0.562558 -0.556091 0.025100 
0.464112 -0.699219 0.024562 
-0.491787 0.701772 0.030604 
0.074822 0.934929 0.121451 
-0.500839 0.417049 0.104167 
-0.149119 0.974769 0.079397 
0.402318 0.858721 -0.036512 
-0.832477 0.408374 -0.117396 
-0.346543 -0.695052 0.029280 
0.518600 -0.410266 0.043998 
-0.079431 0.750723 0.047644 
-0.734132 0.236791 0.031244 
-0.299382 0.808377 0.031563 
0.027708 -0.652014 0.096196 
0.762358 0.300644 0.023825 
0.731614 -0.598655 -0.046112 
-0.844529 0.335609 -0.136713 
-0.567438 0.353788 0.012434 
0.509812 0.673857 -0.137783 
0.704095 -0.272276 -0.138012 
-0.226931 -0.734202 0.033286 
-0.208926 0.685233 0.105037 
-0.545339 0.512610 0.047080 
-0.843974 -0.057377 -0.138012 
-0.673664 -0.033752 0.130126 
0.862436 0.406850 -0.008857 
0.744601 0.473382 0.036470 
-0.428651 0.675161 0.024891 
0.587828 -0.430546 -0.135073 
-0.353358 0.870375 -0.088092 
-0.143662 -0.634517 0.078743 
0.986361 0.080471 0.117116 
0.731662 0.673031 0.093526 
0.607553 0.667756 0.051516 
0.464251 -0.674318 -0.137747 
-0.235655 0.660309 -0.046643 
0.640357 -0.682677 -0.127164 
-0.005633 -0.738612 0.056410 
-0.678135 0.499952 -0.137647 
0.098297 -0.875871 -0.137535 
0.891096 0.443177 0.073163 
0.548316 0.453017 -0.017623 
0.125844 0.655224 0.116594 
-0.327419 0.615116 -0.001903 
-0.328527 0.674783 -0.137899 
0.594754 -0.403656 0.110196 
0.845572 0.072050 -0.137678 
-0.094963 -0.929980 -0.089709 
-0.462135 -0.808271 -0.100229 
-0.141698 -0.869218 -0.137529 
0.498283 -0.498909 -0.043307 
-0.972670 0.052750 0.089897 
-0.712498 -0.643264 0.125524 
-0.678291 -0.128186 -0.082814 
0.713817 0.008566 -0.120362 
-0.603492 -0.313385 0.002609 
-0.243629 0.735168 -0.137764 
-0.406924 0.877418 0.014641 
-0.826167 -0.334047 0.060484 
-0.412330 -0.501357 0.029922 
0.795797 -0.550136 0.010270 
0.941491 0.059418 0.121578 
-0.314463 0.881907 -0.120508 
-0.604204 -0.388360 0.074239 
-0.852261 -0.370894 -0.055859 
-0.556134 0.803578 0.115752 
-0.400927 -0.599371 0.072186 
-0.522755 -0.379503 0.087311 
0.303190 -0.631664 -0.003099 
0.670805 -0.641236 0.101657 
-0.584043 -0.373512 0.123310 
0.838088 -0.039416 -0.137921 
-0.592906 -0.716533 0.126065 
0.947262 0.046703 -0.115186 
0.116251 -0.688643 -0.048384 
0.439659 -0.813587 -0.134243 
-0.682885 0.113041 -0.079564 
0.291274 -0.847467 0.055225 
-0.281191 -0.769105 -0.137717 
-0.064234 0.975160 0.020033 
0.603528 -0.724193 -0.112345 
0.718941 0.551952 0.054675 
-0.660791 0.150235 0.130107 
0.769781 -0.619910 0.035101 
0.663374 0.064541 0.100448 
0.992887 0.052234 0.062293 
-0.883606 -0.385561 0.019592 
-0.881256 0.236109 0.093279 
-0.578671 -0.571568 -0.137829 
-0.201293 0.627201 0.110123 
-0.130094 0.693844 0.123823 
0.558019 0.734313 0.076893 
0.336088 0.624310 -0.004889 
0.570926 0.572947 0.025456 
0.225702 -0.911425 -0.055852 
0.391049 0.555979 0.125543 
-0.877538 -0.016431 0.047418 
0.574862 0.754850 -0.104186 
0.636664 0.230558 0.018800 
-0.380664 0.907281 0.064535 
0.206569 -0.622863 0.040983 
0.830753 -0.539836 0.040747 
-0.745055 -0.426607 -0.138012 
-0.968523 0.108406 0.078648 
-0.815331 -0.186612 -0.138012 
0.648742 0.750540 0.033883 
-0.259707 -0.783860 0.023866 
0.452867 0.488902 0.105002 
-0.759362 0.469138 0.057804 
0.937582 -0.325391 0.055013 
0.714823 -0.082190 0.117476 
-0.859366 0.330385 0.113958 
-0.912458 -0.176089 -0.087039 
0.492874 0.809666 -0.108474 
0.767458 -0.406538 0.031587 
0.864073 0.397922 0.125026 
-0.348671 0.833005 0.062662 
-0.787652 0.285269 0.026211 
-0.592595 0.765846 0.017125 
0.823155 -0.468900 -0.017806 
-0.582223 -0.677366 0.061605 
0.417619 0.832680 0.102555 
0.638279 0.193407 0.072556 
0.756395 -0.082822 -0.137753 
0.674278 -0.019425 0.019757 
-0.000986 -0.954281 0.129770 
-0.641426 0.082385 0.059557 
-0.904008 -0.346276 0.024699 
-0.738712 0.587685 0.130031 
0.527181 -0.450203 0.004324 
0.915888 0.124650 -0.137445 
0.297266 0.593890 0.071388 
-0.021148 0.766946 0.039515 
0.585302 -0.326789 0.022412 
-0.412146 0.759495 0.033352 
-0.886831 -0.257700 -0.124020 
0.560474 0.395478 0.126193 
0.922653 -0.232848 -0.007765 
0.458093 -0.477977 0.032996 
-0.078475 0.928341 0.113201 
0.899980 -0.086397 -0.137965 
0.853255 -0.410631 -0.085060 
-0.729592 0.313274 -0.137792 
-0.711101 -0.529499 0.055883 
-0.383905 0.528305 0.087414 
-0.087951 0.794804 -0.137662 
-0.814614 -0.446456 -0.084338 
0.876541 -0.245696 -0.137528 
-0.722560 0.000557 0.068874 
-0.745910 -0.569961 0.001020 
0.473353 0.530002 -0.030314 
0.462159 -0.804073 0.108163 
-0.872908 0.380254 0.009071 
0.064477 -0.694622 -0.101660 
-0.658311 -0.208037 -0.052906 
0.911353 0.399147 0.050593 
0.394627 0.579884 0.001507 
0.116619 -0.972085 0.111293 
-0.816814 -0.142574 -0.138012 
0.971131 0.213540 0.098596 
-0.928767 0.007985 0.125539 
0.852985 -0.220499 0.036559 
-0.386502 -0.849417 -0.013070 
0.632883 -0.257339 0.012691 
-0.272369 0.813328 -0.137888 
-0.337904 0.614160 -0.116168 
0.228136 0.924405 -0.002206 
0.299874 -0.880293 -0.128905 
0.383497 -0.791827 0.040922 
-0.536915 0.773771 -0.004221 
-0.104210 -0.973687 0.063743 
-0.424260 0.837073 -0.095718 
0.741561 0.014605 0.069969 
-0.540511 -0.751018 -0.124628 
-0.190330 0.957718 0.122073 
0.660478 0.088387 0.051853 
-0.245796 -0.874150 0.079209 
0.206400 -0.655748 0.128181 
0.818195 -0.557080 0.100426 
-0.251246 -0.609561 0.122752 
0.360403 -0.602965 -0.012068 
-0.829093 -0.215355 0.034092 
-0.322723 -0.921941 0.082446 
0.845463 0.028692 0.024397 
0.721969 0.456312 -0.138012 
0.667310 -0.566364 0.035456 
0.408552 -0.560279 0.002537 
-0.427535 -0.828354 -0.037960 
-0.656387 -0.596252 0.055269 
0.699470 -0.166594 0.117388 
0.627872 -0.326571 -0.031232 
-0.630041 -0.281071 -0.103050 
-0.588489 -0.360844 -0.092771 
-0.758204 -0.453940 0.052729 
-0.638743 -0.314617 0.086243 
-0.768594 -0.235454 -0.138012 
0.542580 -0.618606 0.023184 
-0.595971 -0.259805 0.115802 
0.325256 0.681606 0.051892 
-0.028759 0.944207 -0.015667 
0.618521 0.491412 -0.138012 
0.522866 -0.462343 0.128746 
0.917442 -0.032889 -0.138012 
-0.610178 -0.361566 -0.134847 
-0.580107 -0.289972 0.033121 
0.133627 0.977748 0.111959 
-0.165882 -0.904764 -0.133336 
0.196801 0.679710 -0.048087 
0.028709 -0.766377 0.035402 
-0.648225 -0.126833 0.014709 
0.846712 0.213666 0.031925 
-0.814023 -0.470092 0.002357 
0.298026 0.668072 0.082964 
0.503591 0.803733 -0.019230 
0.986541 0.124735 0.092138 
0.395886 0.809516 -0.137961 
0.591611 0.339428 0.014565 
-0.312622 -0.854552 -0.136975 
0.638414 0.227328 0.123222 
-0.485368 -0.491803 -0.091663 
-0.808510 0.382019 0.060757 
-0.101292 -0.816923 0.023606 
-0.297940 -0.575523 0.076347 
0.048889 0.922452 0.089507 
0.615255 -0.772374 0.097137 
0.937865 0.089108 -0.126808 
0.726572 -0.289734 0.033618 
-0.939363 0.245477 0.025736 
0.544646 -0.821153 0.106388 
0.374930 0.549306 0.072885 
-0.302498 -0.874847 0.119536 
0.794400 0.496603 -0.129979 
0.851992 -0.498117 0.114908 
0.708888 -0.381093 -0.138012 
-0.682045 0.098687 -0.002326 
-0.704047 0.410467 -0.137730 
-0.183831 -0.692616 0.085787 
0.159092 -0.924002 -0.094211 
-0.529385 -0.382881 0.022500 
0.414696 0.613112 -0.137458 
0.550144 0.466706 0.115010 
-0.502947 0.431127 0.018066 
0.762404 -0.021114 0.046977 
0.221528 -0.664059 -0.074427 
-0.030646 -0.779557 0.029355 
-0.263737 -0.668023 0.079954 
0.927356 0.210617 -0.030853 
0.492638 0.471102 0.014474 
-0.609864 0.239699 0.022325 
0.639933 -0.574768 -0.137682 
0.899110 -0.323095 -0.000703 
-0.082526 -0.865722 0.038045 
-0.077192 -0.918187 0.109631 
0.102109 -0.690828 -0.006439 
0.062272 0.864302 0.031826 
0.053238 -0.930490 -0.123052 
0.459009 0.878789 0.107236 
-0.526656 -0.740841 0.087876 
0.680718 -0.199678 -0.105671 
-0.585627 0.449627 0.055170 
-0.844556 -0.484860 0.073320 
-0.855537 -0.125397 -0.138012 
0.615171 -0.715667 -0.072538 
0.793091 0.385230 0.035801 
-0.849512 -0.457090 0.121760 
-0.385816 -0.637914 -0.137939 
0.239931 -0.850935 -0.137973 
0.774062 -0.325315 -0.138012 
-0.937631 0.126251 0.130356 
0.939667 -0.008039 0.116662 
0.643777 0.613321 0.040761 
0.973197 0.019119 0.011167 
0.266840 -0.756155 -0.137790 
0.768432 0.365487 -0.138012 
-0.396433 -0.566800 -0.052513 
0.698929 0.586499 -0.138012 
-0.263705 0.649003 -0.101122 
-0.641855 -0.733232 0.091983 
-0.135598 -0.924286 -0.109257 
0.543124 0.461022 -0.112791 
0.648478 -0.147781 0.091140 
0.771216 0.551145 -0.117193 
0.806035 -0.010449 -0.138012 
0.191598 0.692547 -0.131028 
-0.669402 0.175624 -0.049901 
-0.862278 0.268391 0.074016 
-0.953362 0.205862 0.098859 
-0.033814 -0.978526 0.104422 
-0.545928 -0.807778 0.102942 
0.105076 0.698195 -0.021889 
-0.819319 -0.365078 -0.138012 
0.892363 -0.219040 0.071501 
-0.616681 0.221329 0.119769 
-0.514736 0.830322 0.025317 
-0.763767 0.006158 0.033955 
-0.417118 -0.768409 -0.137541 
0.337815 -0.716537 -0.137490 
-0.901914 -0.224225 -0.052167 
0.276356 0.951071 0.036622 
-0.560289 0.729468 0.100340 
-0.639366 -0.093446 0.080074 
-0.705693 -0.595941 -0.124409 
0.242194 0.666441 -0.113510 
-0.338979 0.631028 0.098865 
0.619981 0.776151 0.102318 
0.207706 0.824039 -0.137807 
-0.610420 -0.759675 0.099803 
0.670578 -0.132011 0.012937 
-0.716543 -0.346065 -0.138012 
0.055653 0.660098 0.032074 
0.588706 -0.646435 -0.137697 
-0.563914 0.572558 -0.137781 
-0.422317 -0.880549 0.092181 
0.577147 -0.325585 0.089732 
-0.347856 0.872920 -0.044239 
-0.819266 -0.486729 0.128715 
-0.086253 -0.690175 -0.075805 
-0.952089 -0.203494 0.067260 
-0.490257 -0.569267 0.041346 
-0.278953 -0.701980 0.039955 
0.325711 -0.881612 -0.045344 
-0.722406 -0.335008 0.023902 
0.674255 0.664622 0.116612 
0.988329 -0.098342 0.096842 
-0.257572 -0.825518 -0.137575 
0.262426 0.909685 -0.029042 
0.358724 -0.837298 -0.137454 
-0.177516 -0.847755 0.036474 
-0.883244 -0.141383 0.064717 
0.789516 0.599910 0.113704 
-0.616479 -0.200036 0.111508 
0.142463 -0.879180 0.051657 
0.238499 -0.884184 0.083811 
0.702406 0.405369 0.025179 
-0.582806 0.666461 0.048094 
0.003029 0.820072 -0.137722 
-0.614473 0.437589 -0.137921 
0.580166 0.411739 -0.053133 
-0.789864 0.145094 -0.138012 
-0.104696 0.948920 0.003804 
-0.490859 0.851163 0.051896 
0.643127 0.369431 0.070746 
-0.968523 -0.100581 0.064918 
0.974870 -0.068860 0.126950 
-0.712655 0.605284 -0.039273 
-0.823191 -0.416374 -0.126092 
0.859250 0.494661 0.114378 
-0.160917 0.905895 0.085998 
0.469250 0.575244 0.068180 
0.009037 -0.864019 0.034575 
-0.682211 -0.367116 0.029009 
-0.171977 0.882455 -0.137972 
-0.907708 0.082783 0.093613 
-0.381775 0.584935 -0.072534 
-0.250927 -0.718032 -0.137897 
0.071585 -0.905097 0.073882 
-0.856187 0.064490 0.034601 
0.910768 -0.265454 -0.029890 
0.636249 -0.191592 0.063753 
0.567352 -0.747591 0.122854 
-0.126431 -0.683733 -0.069587 
-0.635607 0.690463 -0.008510 
-0.866990 -0.080674 0.042225 
-0.092197 0.815940 0.023209 
0.102752 0.653330 0.061286 
0.169073 -0.950163 0.014347 
0.343973 0.808375 0.035989 
-0.238700 -0.902698 -0.042230 
-0.499309 -0.770665 -0.132063 
-0.270514 0.625475 0.008281 
0.404868 0.687029 0.027895 
0.003472 0.691778 0.130146 
0.933817 -0.169483 -0.055126 
0.199555 -0.719576 -0.138012 
-0.876585 0.430513 0.090882 
0.752653 -0.480011 0.046429 
-0.034803 -0.959049 0.012023 
-0.205658 -0.661277 0.126285 
0.433943 -0.554537 -0.082596 
0.842937 -0.486361 0.013637 
0.772756 0.277569 -0.137809 
-0.654120 -0.111864 0.127467 
0.852372 -0.395550 0.119296 
-0.458210 0.835137 0.130003 
0.607344 0.448998 -0.138012 
-0.918910 -0.040771 0.117669 
-0.927673 -0.279610 0.026032 
0.513592 0.424773 0.080546 
-0.878200 0.184812 -0.138012 
0.148646 0.691059 -0.054575 
-0.147682 0.650834 0.019551 
0.867309 0.310806 -0.137836 
0.851930 0.421271 -0.097547 
-0.435316 0.613322 0.045721 
0.476055 -0.571373 -0.137926 
-0.164179 0.756394 -0.137520 
-0.095360 0.696595 -0.026431 
-0.852547 0.222825 -0.138012 
0.706965 -0.068679 -0.108063 
0.796073 0.547987 0.006393 
-0.620894 0.535563 0.023396 
-0.278581 0.769997 -0.138012 
0.194712 0.970466 0.082695 
-0.065535 0.715305 -0.133164 
-0.779790 -0.492174 0.121222 
0.311563 0.857699 -0.137998 
-0.638627 0.103644 0.093922 
0.158786 -0.737086 0.044936 
0.321265 0.615821 0.130455 
0.105998 -0.802663 0.023593 
-0.963064 -0.060631 0.122192 
0.622667 -0.539314 0.023205 
-0.923388 -0.292156 0.115370 
-0.722979 0.660165 0.095699 
0.343631 0.569072 0.050064 
0.791760 0.016543 0.030217 
-0.132240 0.644479 0.095947 
0.576111 0.529139 0.034688 
0.975204 -0.190086 0.040213 
-0.595401 0.514791 -0.137821 
0.732465 -0.153068 0.060183 
0.563889 0.614112 0.023334 
0.824480 -0.281994 -0.138012 
-0.040140 0.923891 0.094785 
-0.759184 -0.364730 0.028459 
-0.650113 0.265495 -0.128791 
-0.624249 0.756430 0.074750 
-0.410024 0.529076 0.126792 
0.427935 0.574037 -0.125449 
-0.813217 0.457450 -0.026810 
-0.700019 0.110408 0.099007 
-0.591181 0.364512 -0.055907 
-0.873205 0.325817 -0.058609 
-0.158335 -0.911481 0.117580 
0.397061 -0.604673 0.089944 
0.703205 0.109074 -0.037384 
-0.554726 0.425566 -0.121757 
0.433436 0.534393 0.129073 
0.646989 -0.219311 0.128355 
-0.610782 -0.616540 0.039924 
0.790124 0.198516 -0.137995 
0.014262 0.943251 -0.094887 
0.404606 0.885058 0.012503 
-0.877499 0.272796 -0.131471 
-0.846831 -0.389232 -0.007549 
-0.903671 0.023751 0.078822 
-0.549007 0.586673 0.023901 
-0.215774 0.935041 0.007437 
-0.476903 -0.847916 0.027904 
0.193096 -0.777468 -0.137893 
-0.451287 -0.780413 0.072045 
-0.968840 0.039447 0.025838 
-0.048241 -0.649517 0.054634 
-0.796661 -0.555345 0.110957 
0.723143 0.023406 0.112287 
-0.701792 0.550678 0.056250 
0.073107 0.978393 0.120305 
-0.073618 0.853744 -0.137840 
0.757335 0.644562 0.076137 
0.065720 0.940082 -0.116145 
0.136578 0.693329 -0.102661 
0.731855 -0.562588 -0.136429 
0.523743 0.480590 -0.039463 
0.688000 0.258563 0.082544 
0.721103 -0.456333 -0.138012 
0.710816 0.103574 -0.126456 
0.757605 -0.636406 0.071436 
0.815093 0.529546 0.129114 
-0.293609 0.649197 0.111414 
-0.701989 -0.443883 -0.138012 
-0.584321 0.315188 0.125816 
-0.882355 -0.411010 0.071044 
-0.441004 0.484434 0.034663 
-0.612460 -0.492706 0.025966 
-0.544213 -0.509606 -0.138012 
-0.449201 -0.515482 0.001137 
-0.852502 0.376859 -0.103858 
0.658026 0.271833 -0.106032 
-0.916762 0.211509 0.129790 
0.395864 -0.821518 0.073864 
0.235017 0.795274 -0.137742 
-0.306182 0.693032 0.042880 
0.213011 -0.959249 0.071046 
-0.666765 -0.710235 0.063961 
-0.702617 0.514398 0.039275 
-0.717727 0.092771 -0.138012 
0.081030 0.706572 0.121314 
-0.930783 -0.201548 0.011474 
0.991626 -0.026213 0.030997 
-0.679434 0.688659 0.124488 
0.610396 -0.664656 0.057060 
-0.069911 0.725630 0.079202 
0.664010 0.498552 0.023117 
-0.825330 0.061270 -0.138012 
0.791783 -0.224610 0.023470 
0.903883 0.088471 0.056749 
0.161145 0.898719 0.067765 
-0.043187 -0.906965 0.076205 
0.605386 0.734407 -0.008536 
-0.109511 -0.641146 0.041123 
0.610383 0.749893 0.130051 
-0.374951 0.535201 0.049733 
-0.474799 -0.438270 0.051900 
-0.319777 -0.776620 -0.137651 
-0.648637 -0.476857 0.023390 
-0.001016 0.823082 0.023160 
0.556803 0.552975 -0.138012 
0.796819 -0.431645 -0.138012 
-0.331888 0.883588 -0.007314 
0.439327 -0.874733 0.118874 
0.559733 0.595948 -0.138012 
0.944733 -0.089722 -0.083441 
-0.811056 0.310123 -0.137560 
0.670236 0.064222 0.022615 
0.294873 0.644533 -0.079734 
0.712006 -0.329855 0.032219 
-0.278820 -0.936835 0.059564 
-0.475451 0.523405 0.116460 
0.476303 -0.862278 0.038700 
0.740320 -0.591916 0.127696 
-0.564437 -0.397984 -0.034064 
0.695905 0.147471 -0.070581 
-0.369821 -0.594897 0.115965 
-0.133488 0.689908 -0.021301 
0.677058 0.343954 0.050467 
0.314981 -0.878310 0.121686 
-0.344686 -0.678336 -0.137893 
-0.665746 0.477131 0.023387 
0.725196 0.116333 0.083580 
-0.764201 -0.137607 0.028588 
-0.272597 -0.898568 0.128372 
-0.814013 -0.024728 0.023384 
-0.561224 -0.723147 0.104519 
0.851152 0.514861 0.050402 
0.003891 0.988125 0.064291 
0.709931 -0.029342 -0.045998 
-0.929254 -0.013279 -0.107784 
0.297252 0.941822 0.112837 
0.245421 -0.946145 0.116791 
-0.407282 0.596195 -0.137258 
-0.714690 0.417172 0.024099 
0.935078 0.244086 0.129954 
-0.671040 0.048863 0.130041 
-0.572995 0.740506 -0.101794 
-0.522225 0.454844 0.124786 
-0.666097 -0.649101 -0.052489 
0.503772 0.456229 0.124917 
0.774767 -0.542725 -0.059166 
0.819007 -0.443255 0.105375 
-0.973275 0.014117 0.092556 
-0.952606 0.118779 0.015875 
-0.440009 -0.548749 0.111767 
-0.684587 0.161990 -0.131094 
-0.771782 0.083456 -0.138012 
-0.516791 -0.827174 0.077520 
0.709868 -0.342300 -0.138012 
0.681152 -0.489670 0.023899 
-0.601710 -0.709564 -0.094118 
-0.613118 0.324608 -0.008124 
-0.065963 0.669107 0.124757 
0.448700 -0.731267 -0.137624 
0.669920 0.239440 -0.033058 
0.611902 -0.355692 -0.051341 
0.746064 0.156164 0.048326 
-0.171866 -0.659335 0.004511 
-0.833624 0.416349 0.124266 
-0.614762 -0.734248 0.014192 
-0.911259 0.348969 0.074858 
-0.444297 0.644951 -0.137627 
0.596035 -0.326737 0.126170 
-0.216446 0.805730 0.023892 
0.528920 0.787102 -0.097418 
-0.622796 0.179536 0.052602 
0.127747 -0.812218 -0.137722 
0.610030 0.269412 0.069380 
-0.650072 -0.045829 0.023342 
-0.384946 0.850028 0.122014 
0.536477 0.799703 0.005006 
0.248958 -0.655213 -0.049130 
-0.201852 -0.893160 0.094768 
-0.742588 0.539079 0.101599 
0.272948 -0.793974 -0.137735 
0.611957 -0.545299 -0.137824 
-0.872216 0.311479 -0.121302 
-0.926657 0.296111 0.111796 
-0.522718 0.386668 0.087174 
0.195380 0.908156 -0.134050 
0.645410 -0.747629 0.048282 
-0.591525 0.367651 0.124274 
-0.719562 0.554657 -0.137442 
0.906939 -0.401064 0.095460 
0.322407 0.885693 0.123092 
-0.942825 0.243706 0.109075 
-0.433549 -0.669452 0.024064 
0.660712 -0.078636 0.047132 
0.186853 -0.674292 -0.087876 
-0.916528 -0.083677 0.117922 
0.978690 0.100835 0.019593 
0.588912 0.399019 -0.018241 
-0.481613 -0.775372 0.094629 
0.736470 0.340916 0.025042 
-0.796770 -0.478880 -0.065908 
0.581177 0.804437 0.105827 
-0.761729 -0.532993 -0.068142 
0.443934 0.753250 -0.137876 
0.050891 -0.705757 0.115565 
-0.042488 0.657686 0.054403 
-0.323780 -0.575553 0.124577 
-0.297097 -0.650635 0.085599 
0.677815 -0.593335 -0.137670 
0.907447 -0.234065 0.112957 
-0.871892 -0.222473 -0.137824 
-0.290451 0.871306 0.086133 
0.302970 0.845178 0.049582 
0.572743 0.430222 -0.120493 
0.702214 0.179905 0.109538 
0.170940 0.688953 0.123845 
0.166343 0.925618 0.122413 
-0.333813 -0.715720 -0.137805 
-0.958983 0.054975 0.125247 
-0.442179 -0.554273 -0.135068 
-0.246839 0.907801 -0.031293 
0.818385 0.486919 -0.010579 
-0.328776 -0.610335 -0.103580 
-0.441308 -0.493765 0.126517 
-0.819667 -0.327151 -0.138012 
-0.684456 -0.093943 -0.097905 
-0.555190 -0.329523 0.079795 
0.582669 0.648965 -0.138012 
-0.189770 0.628672 0.045135 
-0.469814 -0.809574 -0.004079 
-0.847015 0.390834 -0.026893 
0.132922 0.915536 0.090867 
0.206756 0.922695 -0.062219 
-0.746074 -0.319818 -0.138012 
0.368847 0.867582 -0.122779 
0.795291 -0.209179 -0.137755 
0.021842 -0.652707 0.038062 
-0.466878 -0.847394 0.121413 
0.648397 0.693472 -0.084722 
0.672708 -0.252753 -0.129966 
-0.739175 -0.037246 0.049170 
0.261552 -0.912563 0.002269 
0.470099 -0.816252 -0.041246 
0.263660 0.613549 0.027002 
0.393093 -0.583271 -0.056034 
-0.241177 -0.946012 0.110419 
0.181936 -0.683334 0.120033 
-0.485023 -0.447627 0.125732 
0.907407 -0.164259 0.076659 
