-0.275466 0.944511 -0.017092 
0.250039 -0.961397 0.015423 
0.955893 0.262153 0.029056 
-0.961322 -0.271383 0.011617 
0.484047 0.859946 0.038713 
0.846522 -0.490166 -0.013238 
-0.873122 0.485874 0.026151 
-0.495327 -0.864372 0.010190 
0.115321 0.969682 -0.039250 
-0.977459 0.115601 -0.036663 
0.757237 0.595092 -0.039846 
0.589709 -0.776955 0.039076 
0.848181 -0.104241 -0.012898 
-0.532555 0.662793 0.033858 
-0.787341 -0.613480 0.015858 
-0.113036 -0.851330 -0.003583 
-0.759177 -0.381211 0.027765 
-0.851129 -0.061777 0.036655 
-0.560670 -0.636622 0.020668 
0.263539 0.803754 0.032378 
0.753560 0.376049 0.021393 
-0.061337 0.844841 0.030354 
0.358860 -0.763707 0.032380 
0.632896 -0.556633 0.010181 
0.544049 0.644661 0.014332 
-0.812198 0.251951 0.026675 
-0.479844 0.874776 0.017208 
-0.739062 0.652626 -0.029439 
0.947361 -0.288101 0.031643 
-0.300704 -0.948909 0.029810 
0.980220 0.049305 0.039084 
0.045316 -0.992979 0.020344 
0.774035 -0.330319 0.021977 
-0.341740 -0.774876 0.020919 
0.124068 -0.835258 0.026305 
0.843193 0.140016 -0.028559 
-0.693371 0.497964 0.036962 
-0.323912 0.784841 0.032565 
0.854836 0.495057 0.037510 
-0.122298 0.988881 0.019148 
-0.978241 -0.122405 -0.033868 
0.352058 0.911824 -0.037908 
0.467148 -0.875043 0.028447 
-0.924133 0.344409 -0.027611 
0.675529 0.722922 0.036799 
-0.859113 -0.480674 -0.034964 
0.770437 -0.620978 0.035053 
-0.619073 -0.778246 0.036516 
-0.597994 0.781650 -0.035419 
-0.678461 -0.510322 0.027534 
-0.819977 -0.225534 0.031576 
-0.844026 0.104832 0.030539 
0.400707 0.758652 -0.033138 
0.480609 -0.712120 -0.037521 
0.101234 0.840209 0.029940 
-0.773644 0.383139 -0.028178 
0.240378 0.960415 0.037962 
0.888166 0.378984 -0.039846 
0.985168 -0.101378 0.028815 
0.677090 0.504106 0.034209 
-0.118830 -0.986744 0.033425 
0.251080 -0.834485 -0.039846 
-0.991943 -0.005504 0.038746 
-0.487190 -0.736260 -0.039846 
0.671789 -0.680908 -0.039841 
0.577684 0.790593 -0.034402 
0.725260 -0.457533 0.038967 
-0.435152 0.760079 -0.039846 
-0.196021 0.824836 0.019361 
-0.945765 0.229668 0.039031 
-0.679680 -0.670304 -0.039846 
0.844450 0.018735 0.036836 
0.010151 -0.881400 -0.039846 
0.802343 0.254995 0.030038 
-0.241735 -0.855384 -0.039846 
0.011222 0.970914 0.038991 
-0.857765 -0.330674 -0.039846 
0.851093 -0.239533 -0.039846 
0.360831 -0.909180 -0.035579 
-0.621528 0.602432 -0.037092 
0.139599 -0.937140 -0.039846 
-0.385810 -0.881430 -0.039846 
0.963089 0.158450 -0.035564 
0.556101 -0.657456 0.038919 
0.869580 -0.375040 -0.039846 
-0.903715 0.016162 -0.039846 
-0.377031 0.863457 -0.039846 
0.192785 0.864911 -0.039846 
-0.775884 0.530638 -0.039678 
-0.650237 0.698841 0.030944 
0.740014 -0.539555 -0.039846 
0.937482 -0.023840 -0.039846 
0.644062 0.601956 -0.039846 
-0.916112 -0.397742 0.028435 
0.010110 0.891602 -0.039846 
-0.852901 -0.145370 -0.036411 
0.950512 -0.180182 -0.039846 
0.766739 0.466467 -0.039846 
-0.210284 -0.959286 -0.029585 
-0.152985 0.903719 -0.039754 
-0.751781 -0.464228 -0.039846 
-0.862612 0.185384 -0.039846 
0.518285 -0.812273 -0.039724 
0.501252 0.740234 0.019833 
0.412384 -0.816995 -0.039798 
0.878614 0.273154 -0.039846 
-0.048201 -0.971274 -0.039842 
-0.358898 0.927172 0.036875 
-0.636939 -0.580497 -0.031283 
-0.799179 0.599522 0.029266 
0.610701 0.698403 -0.039846 
0.773524 -0.425288 -0.039722 
0.579493 -0.720813 -0.039846 
-0.273502 0.826160 -0.039682 
-0.592416 -0.725619 -0.039846 
-0.940824 -0.177197 0.035446 
0.721457 0.636426 0.038960 
0.821237 -0.185182 0.032277 
-0.436235 -0.778894 0.028165 
-0.860576 0.415654 -0.039846 
-0.552352 0.814782 0.038918 
-0.199372 -0.825818 0.036992 
-0.201189 0.944692 0.039005 
0.451994 -0.762237 0.034095 
-0.579863 0.691107 -0.039711 
0.430932 0.845101 -0.039846 
-0.891038 -0.228686 -0.039846 
-0.834726 -0.529062 0.038934 
0.891158 0.328601 0.036594 
0.360769 0.797996 0.039060 
-0.553883 -0.811653 -0.035377 
-0.047343 0.981527 -0.031685 
-0.489806 0.747112 0.030624 
0.790419 0.566887 0.039025 
-0.033267 -0.877857 0.038945 
-0.841042 0.340097 0.012968 
0.389037 0.884204 0.038973 
0.869766 -0.421327 0.038995 
0.164072 -0.977068 0.036326 
0.323733 -0.843015 0.011794 
0.879438 0.047160 -0.039846 
-0.512912 0.806134 -0.039846 
-0.720535 -0.684681 0.037324 
0.149803 0.947125 0.038924 
0.213799 -0.848333 0.038974 
-0.724395 -0.583651 -0.039846 
0.699868 0.681728 -0.036708 
-0.779468 0.461414 0.014046 
-0.906638 -0.071456 -0.039846 
-0.866511 0.275105 -0.039788 
0.323438 0.803579 -0.039653 
0.263450 0.928462 -0.039846 
-0.662590 0.579419 0.038959 
0.589776 -0.619680 -0.031967 
-0.822351 -0.323158 0.039085 
0.658000 -0.723810 0.039059 
-0.907831 0.408135 0.037416 
0.610218 0.589884 0.038134 
-0.815098 -0.406364 -0.039846 
0.896537 0.416719 0.036473 
-0.408950 0.791052 0.035895 
-0.802674 -0.543758 -0.039846 
0.897379 0.205116 0.007856 
-0.413948 -0.890929 0.039027 
0.593170 0.752289 0.038934 
-0.955244 0.080411 0.036471 
0.079450 -0.905552 0.009426 
0.807322 -0.542721 0.039076 
-0.317878 -0.854343 0.009293 
0.184154 0.833490 0.038922 
0.804426 0.311848 -0.039606 
-0.511149 -0.722223 0.038715 
0.961552 0.068075 -0.039846 
-0.952403 -0.079351 0.032265 
0.926264 -0.207972 0.036101 
0.872725 0.101572 0.038566 
0.330243 -0.931048 0.038100 
0.019353 0.868818 0.039007 
-0.118536 -0.928263 -0.039846 
-0.946617 0.256797 -0.039270 
0.298911 0.901389 0.029100 
0.854014 0.465790 -0.039182 
-0.882972 0.025218 0.038854 
0.690275 -0.618069 0.009296 
-0.977244 -0.030624 -0.039780 
0.855582 -0.310799 0.008270 
-0.701569 0.563602 -0.039830 
-0.397136 -0.799105 -0.039846 
-0.886665 0.108119 -0.039846 
-0.847821 -0.441301 0.034592 
0.707994 0.521580 -0.039846 
-0.642729 -0.702112 0.026623 
0.952607 0.124680 0.038960 
-0.985937 0.160680 0.032730 
0.804010 0.391828 -0.039846 
0.921311 -0.363708 0.020220 
0.918576 -0.306666 -0.039846 
-0.087253 0.918776 0.007751 
0.827825 0.180790 0.037999 
0.738701 0.455374 0.039024 
-0.040731 -0.979008 0.038961 
-0.867881 0.179181 0.038930 
0.813536 0.540687 -0.036410 
0.507567 0.828946 -0.039709 
0.705765 -0.532751 0.034767 
0.038586 0.980631 -0.034947 
-0.861694 -0.160822 0.039085 
0.949718 -0.100109 -0.039846 
0.890117 -0.048144 0.019433 
-0.735108 -0.453581 0.039085 
-0.267534 0.850065 0.033263 
-0.543663 -0.793008 0.039062 
0.557220 0.821621 0.032871 
-0.593707 0.613346 0.037686 
0.285114 -0.921226 -0.039746 
0.420322 0.737115 0.037462 
-0.634803 -0.624925 0.033354 
0.386530 -0.875944 0.039084 
0.963445 -0.029379 0.039044 
0.194258 0.959019 -0.037844 
0.085647 0.889232 -0.039846 
-0.506320 0.707839 -0.039748 
-0.318196 -0.914558 -0.039846 
0.341214 -0.788952 -0.037575 
0.532065 -0.837054 0.030546 
-0.603832 -0.648087 -0.039846 
-0.671671 0.684248 -0.039837 
-0.201967 0.962205 -0.034023 
0.810177 -0.259027 0.038987 
0.032005 -0.844516 0.023247 
0.829546 0.213223 -0.035937 
-0.230334 -0.924042 0.033319 
-0.985442 0.042798 -0.021938 
0.176476 -0.838879 -0.026568 
0.747036 -0.625368 -0.038051 
-0.361278 0.782173 -0.031104 
0.537111 0.704741 -0.039846 
-0.930088 -0.327041 -0.026049 
0.777482 -0.401870 0.039085 
-0.841954 0.496039 -0.039681 
0.814987 0.338433 0.036109 
-0.911676 0.316267 0.039084 
-0.940985 0.179225 -0.039846 
-0.725646 0.682389 0.036286 
0.490539 -0.690225 0.037691 
-0.959436 -0.202801 -0.039189 
0.877063 -0.171587 -0.039846 
0.038679 -0.947976 -0.039846 
-0.264464 -0.805561 0.008704 
0.527575 -0.757175 0.008097 
-0.825154 -0.257473 -0.035518 
0.215624 -0.897687 -0.039846 
-0.059989 0.872326 -0.039846 
-0.618528 0.762048 0.038976 
-0.440239 0.831006 -0.039846 
-0.150689 0.877675 0.033038 
0.644470 0.654415 0.007751 
-0.746627 -0.518867 0.011359 
0.464762 0.799485 0.008201 
-0.801332 0.524522 0.036345 
0.071878 0.941962 0.018106 
0.854843 -0.018672 -0.033637 
0.680762 0.583437 0.017687 
-0.896236 -0.398160 -0.038759 
0.804814 -0.314581 -0.039846 
0.946241 0.226358 -0.038666 
-0.173110 -0.868346 -0.039846 
0.972513 0.190821 0.028738 
0.716698 -0.684585 0.013440 
-0.878309 -0.283999 0.007751 
-0.777527 0.365324 0.039033 
-0.734396 0.474743 -0.039802 
-0.446982 -0.848261 -0.039846 
-0.234993 0.893292 -0.039846 
0.535848 -0.667107 -0.026001 
0.612323 -0.681646 0.007751 
0.912661 -0.131776 0.008282 
0.714066 -0.476279 -0.037991 
-0.732009 0.612194 0.029355 
0.470834 0.725895 -0.039661 
-0.525375 -0.682449 -0.022675 
-0.311345 0.882851 -0.039815 
-0.058777 0.975237 0.039024 
0.830882 0.429706 0.013412 
-0.393686 0.866672 0.025837 
0.273591 -0.798134 0.019399 
0.247625 0.825694 -0.037885 
0.422865 -0.883382 -0.030411 
0.167124 -0.898575 0.008061 
0.200539 0.912901 0.011086 
0.781830 -0.488894 0.008217 
0.409475 -0.751927 -0.024291 
0.115998 -0.863920 -0.039846 
0.629510 -0.618850 0.036795 
-0.685237 -0.582841 0.022121 
-0.553469 0.754905 0.009948 
-0.312008 -0.804924 -0.037817 
0.922692 0.324578 -0.024236 
0.914982 0.017887 0.007579 
-0.150859 -0.931013 0.017176 
-0.922345 -0.329750 0.038991 
0.106968 -0.980167 0.003096 
0.332492 0.849336 0.008717 
-0.051097 -0.903544 -0.039846 
-0.774131 0.595395 -0.039846 
-0.805048 0.324083 -0.038391 
-0.789887 -0.348124 -0.018425 
-0.929242 -0.024227 0.007917 
-0.704878 -0.508486 -0.039403 
-0.881492 0.234902 0.010399 
0.638354 -0.741727 -0.026900 
0.746010 0.511923 0.010377 
0.676824 -0.579766 -0.039678 
-0.359595 -0.928543 0.018881 
-0.489021 0.812286 0.019242 
-0.113133 0.852914 -0.012058 
0.836269 -0.431294 -0.039802 
-0.820413 0.412605 0.008434 
0.582493 0.642316 -0.039846 
0.004727 -0.942036 0.016852 
0.972387 -0.165828 0.037430 
-0.802793 -0.483511 0.010594 
0.196000 -0.960569 -0.027065 
-0.025426 0.930312 0.009038 
-0.449952 -0.718173 0.026004 
0.918845 -0.244444 -0.039846 
0.254037 -0.889166 0.008276 
-0.990850 -0.131428 0.026177 
-0.192897 0.847824 -0.039785 
-0.861965 0.056991 -0.015054 
-0.289964 0.908099 0.030865 
0.977568 0.014594 -0.012020 
0.138170 0.892219 0.013189 
0.896669 0.106316 -0.039846 
-0.652997 -0.735118 -0.035335 
0.579777 -0.782101 -0.038811 
0.246090 0.861006 0.019841 
-0.089857 -0.934780 0.013745 
-0.732093 0.545132 0.009775 
-0.912738 -0.118818 0.007948 
-0.676936 0.629790 0.007751 
-0.932699 0.138611 0.013097 
-0.862693 -0.373645 0.011988 
-0.493517 -0.772985 0.008146 
0.923651 0.077868 0.009494 
0.860733 -0.229571 0.020405 
0.522507 0.766454 -0.039846 
0.799816 0.484736 0.013166 
0.108084 0.989403 0.026350 
-0.243873 -0.862638 0.019799 
-0.597798 0.671572 0.020173 
-0.736537 -0.651363 -0.035821 
-0.323198 0.850356 0.010722 
0.784768 -0.583436 -0.017512 
0.503371 0.683112 0.037782 
-0.379056 -0.846242 0.008127 
0.849192 0.288840 0.014645 
-0.863136 -0.021863 -0.018082 
0.461109 -0.782493 -0.039816 
0.148060 0.917788 -0.039846 
-0.741945 0.415224 0.018670 
0.578213 0.693490 0.011936 
-0.637738 0.737641 -0.039678 
-0.918323 -0.160038 -0.039846 
-0.356883 0.917125 -0.023702 
-0.176869 -0.878034 0.020309 
0.632057 0.748822 -0.005309 
-0.914446 -0.232827 0.014033 
-0.261112 -0.928637 -0.039846 
0.444511 -0.815122 0.009404 
0.304532 -0.863516 -0.039767 
-0.723264 -0.626174 0.036207 
0.677706 -0.521234 -0.028989 
0.299431 0.882529 -0.039846 
0.203508 -0.934149 0.038633 
-0.436708 0.728080 0.015782 
0.364500 0.853647 -0.039846 
-0.104466 0.972336 -0.038948 
0.861955 -0.126588 0.039051 
0.827980 -0.469392 0.037847 
-0.562546 -0.709340 0.012874 
0.359355 -0.844745 -0.039801 
0.904777 0.138624 0.007751 
0.852122 0.376008 0.011356 
0.898256 -0.074236 -0.039846 
-0.430833 -0.746783 -0.035381 
-0.811746 0.447135 -0.039766 
-0.900787 0.090831 0.014464 
-0.794653 -0.426001 0.019544 
0.132731 0.856524 -0.039603 
-0.427963 0.886748 -0.028011 
-0.859747 0.351196 -0.039757 
-0.959333 0.280118 0.016503 
-0.449313 -0.846300 0.038342 
-0.195971 -0.969018 0.038816 
0.049079 0.858100 -0.009905 
-0.832131 0.231715 -0.028938 
0.805969 -0.379211 -0.039825 
0.842109 -0.071504 0.037397 
0.357422 0.927604 0.022743 
0.406166 0.829834 0.007910 
-0.939133 0.068398 -0.039846 
-0.495273 -0.820214 -0.039846 
0.827999 -0.359118 0.010974 
0.747704 0.415912 -0.026398 
0.388658 -0.817219 0.010557 
0.891316 0.177227 -0.039846 
0.059300 -0.856277 -0.033536 
0.313571 0.785049 0.012895 
0.479959 -0.851989 -0.035429 
-0.840405 -0.197145 -0.011223 
0.756556 -0.567935 0.028619 
-0.265891 0.959336 0.035188 
-0.975776 -0.214590 0.014939 
0.428777 0.885535 0.001117 
0.697417 0.589106 -0.039846 
-0.141275 0.927451 0.012072 
0.849070 0.069181 0.001513 
-0.941796 -0.269779 -0.039336 
0.805296 -0.514082 -0.039846 
-0.857986 -0.095765 -0.005422 
-0.860728 0.289303 0.012595 
0.642876 -0.627344 -0.039724 
-0.490440 0.693194 0.018801 
-0.783287 -0.594126 -0.036617 
-0.694818 0.512339 -0.015114 
0.742069 0.577767 0.017569 
0.894481 -0.274290 0.015535 
0.976290 -0.051095 -0.014616 
0.844283 0.348212 -0.039846 
-0.675958 -0.616172 -0.039846 
0.562923 -0.709546 0.009740 
-0.393470 -0.759216 0.002999 
0.660853 0.544402 -0.030214 
-0.943535 0.033491 0.014194 
-0.637935 -0.562584 0.035581 
0.739756 0.641659 -0.021320 
-0.534560 -0.762451 -0.039846 
-0.058766 -0.856448 -0.016701 
0.832661 -0.192218 -0.019560 
-0.364648 0.817797 0.024510 
-0.298246 -0.856946 -0.039846 
0.902788 0.278175 0.025318 
0.590819 0.645381 0.039062 
-0.795413 0.301033 0.016299 
-0.756653 -0.414253 -0.023323 
-0.819527 0.549099 -0.016390 
-0.766545 -0.567144 0.030109 
-0.804373 -0.461315 -0.039846 
-0.355707 -0.838255 -0.039846 
-0.885883 0.438656 0.000148 
-0.219878 0.905649 0.009108 
-0.805553 -0.287137 0.004673 
-0.700186 0.616018 -0.039846 
0.958631 -0.242856 0.007894 
0.243332 0.878268 -0.039846 
-0.525432 -0.671968 0.037943 
0.741438 -0.413740 0.003192 
-0.828411 0.196416 0.009299 
-0.867990 -0.494004 0.019293 
0.862413 -0.290399 -0.039846 
-0.688453 -0.721117 0.010556 
-0.040584 0.920859 -0.039846 
-0.437834 0.840174 0.018388 
0.493857 -0.801087 0.017918 
0.757867 0.536134 -0.039846 
0.885596 -0.185228 0.009721 
-0.084529 -0.858514 0.039085 
0.819061 -0.420660 0.007880 
0.125091 -0.933942 0.017491 
0.938190 0.275285 -0.024083 
-0.898898 0.234903 -0.039846 
-0.650241 0.567260 -0.009457 
0.810499 -0.270634 -0.013777 
0.448292 -0.720646 0.004125 
0.287451 0.951880 0.019203 
0.935343 -0.072273 0.016768 
0.708493 0.479855 -0.003601 
-0.433872 0.898466 0.027520 
0.720469 0.682166 0.015842 
-0.556987 0.742948 -0.039725 
0.661705 0.715763 -0.038580 
-0.133523 -0.973038 -0.020175 
-0.691801 0.712459 0.004540 
-0.595833 -0.783213 -0.029494 
-0.582774 0.640266 -0.037229 
0.834678 0.535351 0.013649 
0.381565 0.805605 -0.039846 
0.578290 -0.612339 0.030925 
0.832148 0.127155 0.019442 
-0.997893 -0.059412 0.021174 
-0.851703 0.142386 -0.002900 
0.856893 0.225200 0.030985 
0.671402 -0.663077 0.022824 
-0.597761 -0.670973 0.019089 
-0.817349 -0.572777 0.015310 
-0.368706 0.764497 0.015650 
0.475760 0.788665 -0.039846 
0.676189 -0.573450 0.029734 
-0.156047 0.970922 -0.013683 
0.780985 0.435242 0.020645 
0.893154 -0.399168 -0.001615 
-0.023512 0.858664 0.000314 
-0.285008 0.802297 0.006010 
0.626740 0.704132 0.019267 
0.379435 0.754623 0.014226 
-0.913593 0.184741 0.008498 
0.788387 0.302435 0.006947 
0.696208 -0.626928 -0.039678 
-0.305445 -0.804232 0.039085 
0.783786 0.607689 0.010768 
0.507209 0.804527 0.034258 
0.967097 -0.141465 -0.012816 
0.024078 0.923308 0.007751 
0.659504 0.651597 -0.039846 
0.645945 0.542130 0.025281 
-0.496421 -0.823687 0.039083 
0.506999 -0.762921 -0.039766 
0.053836 0.994298 0.027894 
-0.763229 0.434097 -0.039837 
-0.103498 0.909368 -0.039846 
0.001661 -0.980692 -0.033897 
0.088341 -0.950975 -0.039846 
-0.448808 -0.881564 0.003421 
-0.538633 0.712694 0.031184 
0.970787 0.117524 -0.008781 
0.072467 0.892557 0.021114 
0.157989 -0.890560 -0.039846 
-0.913908 0.297602 -0.039717 
0.910713 0.376036 0.003973 
-0.484986 0.857152 -0.028603 
-0.892641 -0.295775 -0.039846 
0.800813 0.390071 0.023231 
0.232192 -0.819303 0.003078 
-0.903085 0.396588 -0.018608 
-0.746358 0.495610 0.025983 
-0.021321 0.995330 0.011554 
-0.673535 -0.537982 -0.015886 
0.154067 0.969904 -0.009208 
-0.995126 0.043360 0.036913 
0.853817 0.416817 -0.039846 
0.595199 0.795030 0.015227 
0.243910 -0.947218 -0.036542 
0.622256 -0.685665 -0.039846 
-0.675574 -0.632621 0.007751 
0.938382 0.316808 0.034022 
0.318097 -0.801078 0.039034 
0.296627 -0.808446 -0.038550 
-0.904939 -0.071028 0.012755 
-0.835451 -0.522391 -0.011059 
-0.012749 -0.850427 0.004578 
-0.931783 0.361294 0.017189 
-0.901847 -0.166726 0.008686 
-0.601368 -0.603086 0.006065 
-0.249892 -0.957377 0.004267 
-0.502682 0.758907 -0.039846 
0.545114 0.775281 0.026771 
0.896785 -0.127552 -0.039846 
-0.318180 0.808102 -0.039368 
-0.867553 -0.228915 0.024302 
-0.546840 -0.833460 0.013238 
0.562698 -0.810482 0.004683 
-0.046528 0.890583 0.029592 
-0.659863 0.749877 0.017750 
-0.961175 0.222111 -0.009466 
-0.530485 0.831939 -0.000160 
-0.131050 -0.870148 0.039085 
0.885165 0.052787 0.028472 
0.723773 -0.635198 0.038972 
0.831601 -0.144875 0.006231 
0.817259 0.265785 -0.038527 
-0.806111 -0.376978 0.035334 
-0.125462 -0.881043 -0.039846 
0.705700 0.543297 0.024320 
-0.569628 -0.757662 0.020279 
-0.212493 -0.833110 -0.009500 
0.871390 -0.444001 -0.002757 
-0.930079 0.127285 -0.039846 
-0.914505 0.266003 0.024281 
-0.165035 -0.915065 -0.039846 
0.623874 -0.585044 -0.026585 
-0.845158 -0.270013 0.038495 
-0.855785 -0.013509 0.038437 
-0.768445 -0.508503 -0.039846 
-0.356133 -0.883262 0.031890 
-0.168565 0.982021 0.030445 
0.869669 -0.372595 0.029485 
-0.765508 0.636553 0.006118 
0.805179 0.439290 -0.039846 
0.036713 -0.891813 0.023359 
0.683223 -0.492419 0.026130 
0.602415 0.608827 -0.004167 
0.012648 0.941780 -0.039846 
0.266805 -0.840515 0.038465 
-0.273530 -0.908524 0.023887 
-0.309978 0.947694 0.015835 
0.234812 0.953295 -0.012376 
-0.627697 -0.694929 -0.039846 
-0.757549 -0.649048 0.010186 
-0.565246 0.636133 0.008558 
0.309963 0.931351 -0.016035 
-0.970169 -0.076939 -0.039846 
-0.713881 -0.473828 0.002996 
0.079175 -0.967154 0.039016 
-0.825337 0.385402 -0.039846 
-0.994459 0.099144 0.020101 
0.673819 -0.709436 -0.003270 
0.580110 -0.665387 -0.039846 
-0.862015 0.411393 0.030830 
-0.464304 0.726307 -0.027142 
0.289605 0.843376 0.025299 
0.875262 0.226983 -0.039846 
0.506475 0.691302 -0.007933 
0.218051 0.830159 -0.000134 
-0.949641 0.011117 -0.039846 
0.095099 -0.905058 -0.039846 
0.275839 -0.915850 0.038932 
0.819720 -0.304139 0.039085 
0.415608 0.788224 0.025250 
0.799497 -0.468421 -0.039824 
0.406267 -0.903218 0.007621 
0.466981 0.862266 -0.009540 
-0.849651 0.056320 0.033895 
-0.153396 0.839007 0.004815 
-0.242960 0.812311 0.024931 
-0.391272 0.915033 0.006864 
-0.712083 0.465274 0.010963 
0.601077 0.751638 -0.039846 
0.432606 0.851730 0.038172 
0.879353 0.457790 0.026140 
0.741259 -0.517844 0.010142 
-0.892755 -0.122163 -0.039846 
0.775959 0.360116 -0.022652 
0.461491 0.759072 0.032146 
-0.889448 0.356018 0.035672 
0.068560 0.931586 -0.039846 
0.886893 0.412945 -0.008325 
-0.583647 -0.807987 0.023072 
-0.045537 -0.909859 0.009076 
-0.195446 0.870929 0.029676 
-0.636893 0.626171 0.032347 
0.386712 0.901709 -0.004004 
0.909307 -0.353550 -0.035993 
-0.884086 -0.331202 0.014776 
0.763938 -0.383164 -0.023746 
0.073949 -0.850140 0.039039 
-0.350936 -0.819321 0.030979 
-0.710531 -0.542006 0.029627 
-0.842151 -0.119169 0.029753 
0.845633 -0.516134 0.023493 
-0.359801 -0.781226 -0.022234 
-0.846206 0.527392 0.035693 
-0.404536 0.803752 -0.039846 
-0.211900 -0.915640 -0.039846 
-0.658408 0.537587 0.023359 
-0.898250 -0.437166 0.016827 
0.926910 0.229529 0.038928 
-0.780092 -0.340606 0.034542 
-0.166845 -0.831712 0.006953 
0.321017 -0.889791 0.023715 
-0.785538 0.483207 -0.039767 
0.220366 0.917065 -0.039846 
0.203320 0.973881 0.017339 
-0.394691 -0.903075 0.000829 
-0.816722 0.281605 -0.032771 
0.410735 -0.736456 0.021768 
-0.575647 0.800217 -0.001849 
-0.644202 0.649381 -0.039846 
0.626139 -0.768697 0.015170 
0.397678 -0.784127 0.038939 
0.263950 -0.882292 -0.039822 
0.081666 0.979018 -0.012074 
-0.104099 0.852317 0.038942 
-0.532102 0.679160 -0.018062 
-0.822552 0.469345 0.019797 
0.843414 -0.027404 0.036343 
-0.424370 -0.816123 0.007751 
0.867994 0.145864 0.036996 
0.146212 0.833503 0.016530 
-0.704303 0.584598 0.009081 
0.057768 0.847385 0.036775 
0.891016 -0.320868 0.032401 
0.449029 0.730282 -0.001662 
-0.313289 0.931588 -0.035481 
0.373731 -0.917834 0.035178 
0.513928 0.839742 0.002403 
0.170871 -0.857394 0.039022 
0.686287 0.662619 0.038184 
-0.098573 0.956858 0.038935 
0.730526 0.419418 0.015389 
0.720998 -0.585261 0.009886 
-0.609791 -0.730897 0.026572 
-0.780366 0.410227 0.038929 
0.786332 0.525449 0.025777 
0.432553 0.795130 -0.039846 
0.793740 0.572689 -0.014223 
0.544183 0.662196 -0.032942 
-0.587260 0.727348 0.009460 
-0.879627 0.128974 0.037688 
0.733837 -0.583882 -0.039788 
-0.445451 0.790506 0.012233 
0.962094 -0.189305 0.001038 
-0.629233 -0.756843 -0.006180 
0.409957 0.883124 -0.039498 
-0.176543 -0.967600 0.000038 
-0.853636 -0.426311 -0.039846 
0.721586 -0.660190 -0.028276 
-0.280405 -0.839596 0.038324 
0.684300 0.702816 -0.000555 
-0.494497 -0.693029 0.005780 
-0.085921 -0.986345 0.005290 
0.841116 -0.338160 -0.039846 
-0.822954 0.563893 0.035282 
0.309618 -0.930145 -0.005289 
0.211106 -0.893765 0.007751 
0.540352 -0.785667 0.037875 
-0.236182 0.827915 -0.018101 
-0.893580 -0.033900 0.031558 
0.985950 0.080882 0.008159 
-0.686813 0.663978 0.032979 
-0.983673 -0.174120 0.032207 
0.747783 -0.638892 0.003119 
0.092661 -0.851813 0.000317 
0.543554 0.736719 0.007751 
-0.556487 0.793719 -0.039798 
0.851199 -0.050250 0.000954 
-0.935900 -0.120488 -0.039846 
-0.758874 -0.558334 -0.039846 
-0.145355 0.857660 -0.039706 
0.242549 0.912849 0.018850 
0.918023 0.028861 -0.039846 
0.841737 0.499602 -0.008547 
-0.480071 -0.778294 -0.039846 
0.884186 -0.094217 0.022556 
0.932202 0.178871 0.035445 
0.949498 0.010767 0.036600 
0.544986 0.691940 0.038713 
0.116155 -0.886884 0.020092 
0.004716 -0.992085 0.006891 
0.923747 0.143139 -0.039846 
-0.963683 0.121837 0.039044 
0.942679 -0.109140 0.036233 
0.642606 0.754555 0.035249 
-0.118583 -0.899053 0.010866 
0.204263 -0.972030 0.019941 
0.546432 -0.747109 -0.039846 
0.564009 -0.641143 0.000768 
0.818654 0.220290 0.004235 
-0.827738 -0.360291 -0.039846 
-0.202451 0.973370 0.006629 
-0.734950 -0.589767 0.013823 
-0.929174 -0.354901 0.005541 
-0.530478 -0.747971 0.008221 
-0.897142 -0.356142 -0.039846 
-0.945686 -0.132875 0.029901 
0.783986 -0.447017 0.010823 
0.787327 0.503030 -0.039846 
-0.275176 0.905193 -0.039800 
0.814733 -0.541407 -0.009511 
-0.740264 0.452300 0.039015 
0.508806 -0.727082 0.030503 
-0.728952 0.532115 -0.039718 
-0.625083 0.761682 -0.008113 
-0.978612 0.136223 -0.000540 
-0.780488 -0.382774 -0.039434 
-0.709688 0.684150 -0.020089 
-0.239268 0.944831 -0.039846 
0.423470 -0.846707 0.026301 
0.698444 0.637186 -0.039846 
0.193285 0.871339 0.024685 
-0.516555 0.773613 0.008399 
-0.589694 0.796916 0.038838 
0.284233 0.809797 -0.026986 
0.836081 0.180098 -0.012037 
0.859854 0.087475 -0.039846 
-0.642273 -0.657136 0.007904 
0.335494 -0.782512 0.002863 
0.469645 0.701921 0.023024 
-0.703166 0.538072 0.039020 
-0.866120 0.471516 -0.015220 
0.904089 -0.202815 -0.039846 
-0.982866 -0.099334 0.000052 
0.771689 0.337781 0.020204 
-0.561007 -0.670824 -0.039846 
0.979642 0.147641 0.017844 
0.874024 0.314020 -0.039846 
-0.910567 -0.289175 0.032631 
-0.772190 0.548321 0.017606 
0.751738 -0.459890 -0.039834 
0.059454 -0.979543 -0.015575 
-0.880113 -0.090464 0.039003 
0.754595 -0.501410 -0.039846 
-0.003009 -0.898199 0.016590 
-0.898015 0.068943 -0.039846 
0.900245 -0.228058 0.010421 
-0.194390 0.896475 -0.039815 
-0.832811 -0.414203 0.008219 
-0.470287 -0.754553 0.035935 
-0.929533 -0.037903 -0.039846 
0.045308 -0.942509 0.018463 
-0.397428 -0.783392 0.039084 
-0.880372 0.148962 -0.039846 
0.732943 0.489657 -0.039846 
-0.437644 -0.799437 -0.039846 
0.187385 -0.823204 0.021388 
0.145490 -0.969788 -0.003619 
-0.317963 -0.895684 0.027061 
0.323051 0.849724 -0.039846 
-0.839353 -0.153760 0.006145 
-0.852867 -0.288752 -0.039846 
-0.960809 0.192264 0.038994 
0.990938 0.001197 0.023571 
0.588971 -0.737574 0.022412 
-0.946302 0.317312 0.008054 
-0.333279 0.896139 0.036220 
-0.155506 -0.971140 0.038942 
-0.635793 0.667745 0.007751 
0.225804 0.825298 0.038935 
0.958501 0.218206 0.003033 
-0.007296 0.983043 -0.023871 
-0.079387 0.980125 -0.007736 
0.503173 -0.691792 -0.000223 
0.853978 0.030449 -0.006661 
-0.258375 0.895265 0.009034 
-0.816777 0.368761 0.026337 
0.364239 0.776880 -0.015067 
0.664016 -0.525161 0.037972 
-0.411156 0.757371 -0.008260 
-0.619601 0.690529 -0.039764 
0.755977 -0.369690 0.030158 
-0.876422 -0.450902 -0.013338 
-0.812531 -0.295079 -0.035116 
-0.652717 -0.738459 0.038947 
0.372487 0.850713 0.009025 
0.632232 0.577361 -0.011143 
-0.001337 -0.919292 -0.039846 
-0.461441 -0.726498 -0.011508 
0.542893 0.808608 -0.039352 
-0.760424 -0.479613 0.023686 
-0.948765 -0.245928 0.038989 
-0.594286 0.730228 -0.039678 
0.938425 -0.272991 -0.007449 
0.811484 -0.223078 0.022990 
-0.741977 -0.413819 0.013119 
-0.970427 -0.176495 -0.012161 
-0.986806 0.006324 -0.007482 
0.451898 -0.738747 -0.039844 
-0.905181 0.045414 0.013617 
-0.314412 -0.931568 -0.002576 
0.555855 0.745880 -0.039846 
0.124938 0.929051 0.012318 
0.879578 0.380044 0.038942 
-0.271225 -0.828647 -0.039846 
0.653940 -0.551653 -0.022746 
-0.743204 0.568516 -0.039807 
-0.854768 0.234732 0.038928 
-0.945549 -0.310072 0.005587 
-0.519348 0.835722 0.038918 
0.382664 -0.876119 -0.039823 
-0.439081 0.762836 0.039073 
-0.621698 0.595049 0.001260 
-0.817988 -0.502618 -0.039846 
0.465130 -0.832409 0.037661 
0.933486 -0.164583 0.034901 
-0.262949 0.863707 -0.039744 
-0.105956 0.888439 0.023547 
-0.199692 -0.907479 0.008845 
0.934269 -0.024329 0.013705 
-0.860516 0.451330 0.039040 
0.826494 0.463724 0.032272 
0.164958 -0.936690 0.034686 
-0.832241 0.290207 0.038952 
0.540592 -0.693024 0.038745 
-0.848712 -0.197324 0.039085 
-0.413798 -0.855000 0.024558 
-0.974389 0.186907 0.003183 
-0.553649 -0.728851 -0.039846 
0.864565 0.335866 0.009549 
-0.956653 -0.023819 0.035090 
-0.782667 0.357272 0.001638 
-0.761218 0.588649 0.038370 
-0.683723 -0.707849 -0.031924 
-0.727366 -0.492200 0.039085 
-0.789378 -0.536065 0.030257 
-0.891489 -0.187735 -0.039846 
0.443962 0.758303 -0.039846 
0.286313 -0.950633 0.022637 
-0.365841 0.826612 -0.039846 
0.284305 -0.860097 0.010311 
-0.424123 -0.884086 -0.037202 
0.760150 0.618653 0.039067 
0.790066 -0.292812 0.010047 
0.902890 -0.391955 0.038597 
-0.670760 0.721867 -0.028111 
0.952920 -0.216939 -0.023940 
0.989080 -0.056349 0.029789 
-0.616085 -0.611596 -0.039384 
0.807849 -0.573181 0.011283 
0.607803 0.666689 0.012179 
-0.853388 0.007358 0.006479 
-0.893922 -0.359104 0.039006 
-0.347771 -0.878130 -0.039846 
0.604439 -0.647483 0.033754 
0.722865 -0.452309 0.001231 
-0.320058 0.824750 0.038835 
0.857755 -0.176524 0.039079 
-0.245742 -0.823801 0.039058 
-0.762029 -0.623843 -0.018024 
-0.180285 0.924450 0.014504 
-0.126298 0.941202 -0.039836 
0.213414 -0.830290 -0.029299 
0.900537 -0.004868 -0.039846 
-0.648132 -0.649314 -0.039846 
-0.244775 0.956400 0.001674 
-0.857742 0.099691 -0.016890 
0.937200 -0.321514 0.016986 
0.935655 -0.252894 0.039010 
0.277895 0.848288 -0.039846 
0.516694 -0.666016 0.025136 
0.846169 -0.149878 -0.038851 
0.916109 -0.159998 -0.039846 
0.132671 0.860635 0.039023 
-0.721181 -0.542531 -0.039846 
0.911899 0.360588 0.039075 
-0.051256 -0.843796 0.029109 
0.650640 0.591797 0.038784 
-0.840317 0.516234 -0.007874 
-0.407071 -0.835446 -0.039846 
0.875443 -0.002531 0.039066 
-0.846572 0.385543 0.008138 
-0.828324 -0.243210 -0.000527 
0.545565 -0.704658 -0.039846 
0.860692 -0.073234 -0.039846 
-0.464910 0.719099 0.038918 
0.972519 -0.097366 -0.010117 
-0.564784 0.686622 0.037978 
0.604680 -0.601203 0.001346 
-0.711977 -0.680051 -0.023366 
0.731877 0.452313 -0.038565 
0.426768 0.893043 0.037603 
0.046165 0.882041 -0.039846 
0.311091 0.811554 0.039018 
-0.063193 0.857737 -0.004579 
-0.238466 0.924572 0.035298 
0.750054 0.649655 0.019045 
-0.846141 -0.340310 0.010135 
-0.470298 0.846053 0.038928 
-0.077664 -0.893428 0.018127 
0.929858 0.087526 -0.039846 
0.616546 -0.584085 0.038916 
-0.066902 -0.952652 0.037945 
0.946968 0.065942 0.035844 
0.460637 -0.718291 0.039075 
-0.676260 -0.692123 0.039055 
0.884798 0.250857 0.007751 
-0.477364 -0.806186 0.011413 
-0.525171 -0.831655 -0.016774 
0.960812 0.182697 -0.007279 
0.861090 0.427186 0.038960 
-0.777179 0.505075 0.007751 
-0.864137 -0.405326 0.031029 
0.820995 0.285632 0.039038 
0.844172 -0.269591 0.029024 
-0.137764 -0.834578 0.029593 
0.144698 0.984516 0.027025 
0.575598 0.709848 -0.039846 
0.127530 -0.982122 0.037293 
-0.084503 -0.964664 -0.039846 
0.864313 -0.484329 0.023902 
0.450607 -0.817848 -0.039846 
-0.883983 -0.126663 0.033137 
0.654252 -0.741077 0.006342 
-0.740546 0.443750 -0.004518 
-0.968217 0.154579 -0.039254 
0.192512 0.936570 0.037995 
-0.092715 -0.864484 -0.039846 
0.622018 0.626303 0.036653 
-0.932002 -0.234474 -0.039846 
0.678960 0.521227 -0.008424 
-0.877309 0.332268 0.010652 
-0.134863 0.952552 0.039015 
-0.795333 0.582933 -0.012822 
0.651978 -0.628383 0.009631 
0.380553 -0.767305 -0.008159 
0.113654 0.952227 0.038926 
0.733689 0.563482 -0.039846 
0.922542 0.196122 -0.039846 
-0.861930 -0.056407 -0.029725 
0.842888 0.080627 0.038167 
-0.743498 0.665485 0.008606 
-0.285721 -0.871405 0.007853 
-0.737109 0.617786 -0.039846 
-0.983931 0.075018 -0.005057 
0.162782 0.843388 -0.014332 
0.491775 -0.847991 -0.001276 
-0.860314 -0.376368 -0.039846 
0.335364 0.903748 0.038959 
0.615018 0.623692 -0.039846 
0.519068 0.838502 0.038741 
0.240401 -0.918261 0.031643 
-0.016705 0.865248 0.038986 
-0.114331 -0.947641 0.037097 
-0.615086 0.704219 0.009500 
0.838315 0.299253 -0.039846 
-0.813070 0.322965 0.038920 
-0.985946 -0.031960 -0.004775 
-0.283622 0.817028 0.038918 
-0.306203 0.882126 0.009501 
-0.876802 -0.464871 0.038580 
0.619826 -0.729060 0.038934 
0.434620 -0.887357 0.037767 
-0.821263 -0.448259 0.009842 
-0.346706 -0.919504 -0.018450 
-0.341786 0.787627 0.001461 
0.495997 -0.850869 0.038700 
-0.563662 -0.667353 0.039085 
0.868765 0.191155 0.024515 
-0.314564 -0.791838 0.004652 
-0.673406 -0.564714 -0.039846 
0.079605 0.971596 0.039015 
0.278701 0.880913 0.007751 
-0.917700 0.219919 0.013870 
-0.032718 -0.947360 0.024252 
-0.367376 0.850460 0.007751 
-0.154386 -0.949228 -0.039846 
-0.696901 -0.508074 -0.003006 
-0.416579 -0.737999 0.020079 
0.052588 -0.890770 -0.039846 
0.009618 0.847962 0.008205 
0.824083 -0.226623 -0.015698 
-0.480981 0.775896 0.009529 
0.416809 0.745001 0.002242 
0.720277 0.605952 0.018384 
-0.840833 0.139907 0.035704 
0.867808 0.452096 -0.007038 
-0.695036 0.700238 0.038948 
-0.342454 0.855299 -0.039846 
0.176098 -0.934218 -0.039846 
0.097535 0.855510 -0.035889 
0.887041 -0.406796 -0.035642 
-0.615116 -0.755395 -0.039846 
-0.015473 0.860344 -0.034084 
0.848266 0.105035 -0.002765 
-0.679217 0.644345 -0.039846 
0.305482 -0.800465 -0.000926 
0.773218 -0.358627 0.001170 
0.967394 -0.200599 0.036590 
0.887280 0.140148 -0.039846 
0.764076 0.467840 0.018215 
0.492926 -0.762667 0.009166 
-0.166784 0.834256 0.036904 
-0.655908 0.596016 -0.039846 
0.001616 -0.978265 0.038971 
-0.050932 -0.985726 0.003337 
0.409786 -0.852259 -0.039807 
0.364232 -0.797684 0.039047 
0.381678 -0.800129 -0.039713 
0.936796 -0.067560 -0.039846 
-0.517741 -0.711964 -0.039846 
0.113111 0.918704 -0.039846 
0.821682 0.223327 0.038932 
-0.859787 -0.109069 -0.037688 
-0.854966 -0.239768 -0.039846 
-0.206271 -0.860045 0.038259 
0.326200 -0.833786 -0.039824 
-0.580521 0.645630 0.039085 
-0.408109 0.844624 -0.039846 
-0.902709 0.006582 0.016930 
0.952423 0.023448 -0.039846 
0.082448 0.855618 -0.000285 
0.508980 0.725225 -0.039846 
-0.024576 -0.879516 -0.039846 
-0.405537 0.753666 0.038800 
-0.023885 -0.946413 -0.039846 
-0.851618 -0.304574 0.016244 
-0.406217 0.814647 0.010522 
0.897208 0.104819 0.010399 
0.705204 0.462698 0.033615 
-0.634907 0.564666 0.024178 
-0.614266 0.787314 0.012532 
-0.192635 -0.839864 -0.037131 
-0.867427 0.220563 -0.039846 
0.473105 0.826388 -0.039846 
-0.842265 -0.475094 0.039063 
0.809208 0.276207 -0.001411 
-0.896829 0.189853 -0.039846 
-0.387330 0.897905 0.039021 
0.103587 0.883663 0.033000 
0.769538 0.391856 -0.039722 
-0.001172 0.901120 0.015362 
-0.272898 -0.896260 -0.039846 
-0.674100 -0.542489 0.039085 
-0.754277 0.503814 -0.039736 
0.797937 -0.509249 0.030841 
0.440783 -0.875108 -0.002207 
0.227935 -0.815978 0.037068 
0.920351 -0.329128 -0.013872 
0.858728 -0.457301 -0.038582 
-0.957948 -0.234498 -0.006686 
-0.772108 -0.447525 0.033970 
0.639907 -0.696987 0.027540 
0.603099 -0.745726 -0.039846 
-0.267846 -0.938783 0.038990 
0.120919 0.975559 -0.002252 
0.705430 -0.560905 -0.039768 
0.789110 0.329584 -0.014372 
0.840324 -0.437536 0.032829 
0.584144 0.608357 0.026080 
-0.945608 0.222116 -0.039846 
0.472868 0.823246 0.031331 
0.131120 -0.847535 -0.014040 
-0.668984 0.553595 -0.038932 
-0.793449 -0.305942 0.033574 
0.775240 0.407218 0.039073 
0.540613 -0.780635 -0.039760 
-0.754517 -0.601459 0.039074 
-0.514734 -0.796788 0.021614 
0.764432 -0.609859 -0.011013 
0.958284 0.125145 -0.039846 
-0.113365 0.872373 -0.039805 
0.740234 -0.428539 -0.034313 
0.874889 -0.336733 -0.039846 
0.763994 -0.432823 0.038030 
0.234019 -0.866659 -0.039846 
-0.940508 0.102860 0.016072 
0.589892 -0.781413 -0.006649 
-0.656156 -0.599122 0.037255 
-0.873494 0.448295 -0.038527 
-0.228157 0.865925 0.023262 
-0.905517 -0.389941 -0.007419 
-0.897939 -0.200188 0.007938 
-0.227982 0.852323 -0.039821 
-0.596971 -0.610970 0.038508 
0.665465 0.731791 0.005922 
0.975038 0.088502 0.039069 
-0.770611 0.620940 0.039020 
-0.935097 0.065737 0.010012 
0.788807 -0.350342 -0.039713 
-0.783168 -0.426535 -0.039846 
0.828697 0.487815 -0.039846 
-0.188734 0.931960 -0.039817 
-0.564429 -0.650605 -0.013354 
0.487020 0.755204 -0.039846 
-0.621421 0.594659 0.039077 
0.422740 -0.789090 0.017470 
-0.542066 -0.701682 0.038076 
0.356826 -0.844192 0.007751 
0.649732 -0.555331 0.038949 
-0.555552 0.660049 -0.032080 
-0.594394 0.625181 -0.003341 
0.350995 0.822328 -0.039846 
0.695869 -0.680064 0.039029 
-0.939897 -0.055409 0.012326 
-0.975552 0.216871 0.022217 
0.260709 0.818326 -0.005138 
-0.393597 0.892189 -0.039846 
0.724199 -0.552302 0.008166 
-0.475935 -0.866052 0.038984 
-0.652828 -0.556421 0.002283 
0.020268 0.860514 -0.034582 
-0.203847 -0.880688 -0.039846 
0.910689 0.264926 -0.039846 
0.572882 0.788503 0.039029 
-0.901146 0.371148 -0.039685 
0.726653 0.452374 -0.000600 
0.676131 0.558649 0.039078 
0.858872 0.183539 -0.039846 
0.769286 -0.538692 0.019991 
-0.900791 -0.021658 -0.039846 
-0.611664 -0.698851 0.008223 
0.866173 -0.110453 -0.039846 
0.315829 0.942647 0.033196 
0.915416 -0.284330 0.038921 
0.760120 0.550247 0.015941 
0.789631 -0.353744 0.039085 
0.125236 -0.966766 -0.039287 
-0.471280 -0.862952 -0.023208 
-0.276157 -0.942950 -0.009334 
-0.165991 -0.853333 0.039085 
0.652470 0.691400 0.035262 
0.731652 0.615759 -0.039846 
0.518245 0.769044 0.008931 
0.079380 -0.883650 0.033903 
-0.788580 0.409904 -0.039846 
0.484428 -0.819797 -0.039812 
0.981665 -0.133790 0.025320 
-0.707608 0.633513 0.024438 
-0.247466 -0.823081 -0.018002 
0.902060 -0.272554 -0.039846 
0.882521 0.346739 -0.039846 
-0.724414 -0.616379 -0.039846 
-0.234301 -0.956027 0.038940 
-0.891747 -0.420118 -0.014976 
-0.379262 -0.905233 0.038963 
0.820687 0.362947 0.015269 
0.227543 -0.958415 0.038922 
-0.780930 -0.402762 0.039085 
0.467045 -0.782499 0.008415 
-0.814815 0.279837 0.000885 
0.915608 -0.096702 0.008007 
-0.984601 -0.083274 0.038941 
0.977447 -0.017826 -0.008836 
0.955809 0.194299 -0.037304 
0.971511 -0.073594 -0.037677 
-0.454884 0.862422 -0.039846 
0.730271 0.498375 0.035420 
-0.829204 0.210977 0.038340 
0.008115 -0.859845 0.039050 
0.139891 -0.867077 0.039085 
-0.805668 -0.272763 0.033769 
-0.575666 0.761862 0.032574 
0.449231 0.721826 0.038514 
-0.316619 0.925940 0.038964 
0.563010 -0.761622 0.028974 
0.555132 -0.815698 0.038302 
-0.072953 0.921596 -0.039846 
0.819377 0.549452 0.038445 
-0.439738 0.798648 -0.039846 
0.872545 -0.456609 0.038308 
0.718936 -0.503503 0.038487 
-0.980988 0.083129 -0.036170 
0.177989 0.929887 -0.039846 
0.279248 0.940825 -0.013268 
-0.451629 0.884177 0.004770 
-0.024787 0.960042 -0.039846 
-0.828031 -0.370951 0.012546 
-0.508348 0.720216 0.039068 
-0.080933 -0.915572 -0.039846 
0.574952 0.677686 -0.039846 
-0.528346 -0.827940 0.038962 
0.124433 0.850074 -0.009229 
-0.813487 -0.505056 0.036604 
0.071955 0.963541 -0.039846 
-0.975591 -0.145789 -0.004248 
-0.360846 0.881571 0.028478 
-0.304156 0.851558 -0.039783 
-0.550509 0.782849 0.036704 
0.052120 -0.854842 0.000522 
-0.730468 -0.661933 -0.001096 
-0.931833 -0.207421 0.029985 
0.449040 -0.858748 -0.039846 
-0.065358 0.940607 0.015801 
0.221573 -0.955669 -0.001337 
0.369971 0.819521 0.015407 
-0.896734 0.139567 0.012887 
0.712033 -0.524191 -0.039846 
0.785918 0.311962 0.037297 
0.515887 0.712436 0.038945 
0.829205 -0.327270 0.019266 
0.857475 0.012872 -0.037487 
0.126187 -0.898019 -0.039846 
-0.938435 -0.073663 -0.039846 
0.825872 0.518216 0.039039 
0.619469 -0.648975 -0.039811 
-0.708215 -0.606450 0.009073 
0.343570 0.881190 -0.039846 
0.633914 0.670545 -0.039846 
-0.969426 0.016913 0.039053 
-0.572799 -0.800063 -0.005704 
-0.800308 -0.322331 -0.003123 
0.976451 0.043614 -0.026179 
-0.523070 0.797080 0.028733 
-0.379617 -0.758067 0.032156 
-0.125115 -0.850041 -0.033113 
0.698461 0.701030 0.036918 
0.725078 -0.427374 0.029214 
0.558903 0.657921 0.038992 
-0.079286 0.880517 0.038683 
-0.131441 0.837560 0.032804 
0.344101 -0.917237 -0.009941 
0.553379 0.809135 -0.009498 
0.903656 -0.017231 0.009980 
-0.745134 0.573856 0.012174 
0.778956 -0.590761 0.038945 
0.932655 0.311862 0.002962 
0.804641 -0.430895 -0.039758 
0.662679 -0.599369 0.017714 
0.836624 -0.102544 0.035183 
0.696786 -0.495613 -0.002228 
0.834176 0.382567 -0.039846 
0.947026 0.244533 -0.010042 
0.850024 -0.402799 0.022811 
-0.249589 -0.894709 0.008707 
-0.466340 0.755610 -0.039846 
-0.949430 -0.172934 -0.039846 
-0.762040 0.380147 0.008141 
0.908478 -0.162966 0.008577 
0.193095 0.836945 -0.019803 
-0.947293 0.299013 0.038603 
0.670219 -0.527324 0.000964 
-0.782623 0.565100 -0.039765 
0.163441 0.867135 0.038787 
-0.503375 0.700031 -0.009024 
0.894843 -0.425012 0.020443 
-0.879346 0.097593 0.038936 
0.344923 0.876893 0.017188 
-0.942539 0.290383 -0.029061 
0.813554 0.565479 0.009016 
-0.586746 -0.694758 -0.039846 
0.932774 -0.133417 -0.039846 
0.610401 0.770487 0.001453 
0.958759 0.232138 0.037667 
-0.787238 -0.592278 0.038953 
0.731222 -0.665504 0.036091 
-0.292226 -0.936415 -0.035429 
-0.732326 -0.559145 0.007751 
0.922032 -0.338629 0.038978 
-0.863129 -0.200966 -0.039846 
0.107094 -0.953080 0.039042 
-0.342850 -0.809243 -0.039846 
-0.523362 0.834189 -0.030439 
0.154059 -0.830203 0.019464 
0.893998 -0.355599 0.038971 
0.847739 0.254886 0.033263 
-0.829844 -0.184925 0.017634 
-0.775561 -0.507981 0.007751 
0.836865 -0.214885 0.039010 
0.313729 0.911687 -0.039846 
-0.089666 0.992095 0.019062 
0.250215 -0.910169 -0.039846 
-0.214349 -0.880224 0.011669 
0.215797 0.844041 -0.039846 
0.036326 0.953023 0.035225 
0.021474 -0.858148 -0.003206 
0.872849 -0.341529 0.018013 
0.168738 0.895729 0.009082 
-0.824130 0.528960 -0.039552 
-0.486476 -0.710710 -0.020788 
0.814208 -0.390143 0.010563 
-0.773839 -0.381141 -0.009222 
-0.984958 -0.037572 0.038922 
0.639099 -0.666108 0.008268 
-0.792892 0.570285 0.038996 
0.811646 -0.460736 0.012779 
0.877936 -0.156626 0.018636 
-0.325366 -0.932656 0.038923 
0.640086 -0.710912 -0.039846 
-0.673618 0.600389 0.016673 
-0.105349 -0.839139 0.023715 
0.834263 -0.391506 -0.039846 
-0.920215 0.388902 0.009739 
-0.743413 -0.437186 -0.006958 
-0.028369 0.892554 -0.039846 
-0.008020 0.950328 0.026505 
0.754512 -0.464123 0.031944 
0.452977 0.884372 0.020091 
-0.500920 0.856554 0.004255 
0.023568 0.995289 0.022798 
0.841607 -0.006683 0.013773 
-0.067870 -0.992004 0.032992 
-0.909176 0.159508 -0.039846 
-0.984691 -0.065611 -0.005807 
0.871519 -0.062994 0.039066 
-0.890652 0.446177 0.036792 
0.265243 0.919251 0.038424 
-0.707110 -0.697421 0.005128 
-0.787503 0.354723 -0.028508 
-0.859594 -0.045289 0.001322 
0.147216 -0.852671 -0.039576 
-0.524389 -0.804765 -0.039846 
0.309280 -0.902451 -0.039707 
-0.157937 0.896482 0.010011 
0.341503 -0.821882 0.024976 
0.792585 -0.563143 -0.039023 
-0.665667 -0.742718 0.011574 
-0.588664 -0.776286 0.039013 
-0.390417 -0.806895 0.020883 
0.528620 0.660445 0.035998 
-0.953437 0.255248 -0.009566 
0.147523 0.883208 -0.039846 
-0.293226 0.854120 0.014766 
0.685790 -0.715809 0.024020 
0.346179 -0.874152 0.016661 
-0.218358 -0.970842 0.017653 
-0.928092 -0.151658 0.011995 
0.338212 0.822592 0.030692 
-0.828272 -0.323176 -0.039846 
0.459023 0.860630 -0.038864 
-0.889323 0.271155 0.008001 
-0.189011 -0.935674 -0.039846 
-0.647743 0.705748 -0.039753 
-0.539195 0.768707 -0.039802 
-0.582297 -0.758062 -0.039846 
-0.669957 0.544159 -0.009700 
0.379611 0.883571 -0.039846 
0.394739 0.851049 -0.039846 
0.580921 -0.671216 0.028176 
0.731822 0.542379 0.008370 
0.764466 0.383680 -0.007412 
0.755159 0.623330 -0.002727 
0.182059 0.826622 0.009475 
0.857708 -0.194906 -0.039846 
-0.020128 -0.849018 0.037486 
-0.544762 0.696169 -0.039681 
-0.821922 0.355332 -0.039810 
-0.940433 -0.296064 -0.020744 
0.838044 0.322022 0.014089 
0.888329 0.023130 0.023393 
-0.696345 -0.485972 0.024435 
-0.155862 0.947575 -0.039824 
-0.542602 0.661409 0.004056 
0.973366 0.089710 -0.022334 
-0.201289 -0.931978 0.035800 
0.762710 -0.592761 -0.039834 
-0.852785 0.016454 0.036501 
-0.999217 0.019511 0.016652 
0.355683 0.766450 0.028572 
0.935209 0.148334 0.032095 
0.839390 -0.146569 0.038939 
0.510626 -0.835099 -0.020943 
0.444199 0.779245 0.016875 
-0.722123 -0.471265 -0.025869 
-0.432199 0.870668 0.038986 
-0.590423 -0.627417 -0.007896 
0.881136 -0.237607 -0.039846 
0.337531 0.921146 -0.009582 
-0.697175 -0.637508 -0.039846 
0.804080 0.449687 0.007891 
-0.715224 0.483092 -0.013060 
0.192818 -0.873179 0.019801 
-0.009784 -0.858148 -0.024786 
-0.835239 -0.218416 -0.032298 
-0.010577 0.922085 -0.039846 
-0.140369 -0.985079 0.012565 
-0.840729 0.197387 -0.018068 
0.527216 0.671831 0.001645 
-0.690295 -0.589522 -0.039846 
0.743923 0.404585 0.037737 
0.352692 -0.876367 -0.039836 
-0.602531 0.662647 -0.039820 
-0.891272 0.069201 0.032888 
0.519334 -0.734328 -0.039846 
0.699176 0.627090 0.016144 
-0.846587 0.081362 0.012113 
-0.405243 -0.762182 -0.037488 
-0.856960 0.261885 0.026558 
-0.218275 0.828868 0.038917 
0.840179 0.051725 0.024049 
0.928358 0.271058 0.038997 
-0.744913 0.659300 0.037773 
0.783464 0.357761 0.038987 
-0.938277 -0.298243 0.038961 
-0.722847 0.502961 -0.039712 
-0.327070 0.929881 -0.000777 
0.963759 -0.041525 -0.039846 
-0.640947 -0.763774 0.020275 
0.377586 -0.909113 0.002593 
-0.918694 0.041818 -0.039846 
0.054595 0.920179 0.007751 
-0.705802 0.662381 -0.039846 
0.796191 0.469810 -0.039846 
-0.363777 -0.903055 -0.039846 
0.840501 0.153343 -0.000164 
0.035934 -0.915240 -0.039846 
0.476128 -0.702996 0.004049 
-0.864957 0.074613 -0.038606 
0.775559 0.598008 -0.016833 
-0.688597 0.565897 0.035144 
0.986628 -0.077553 0.009365 
-0.626808 -0.589070 0.000714 
0.095254 0.944163 -0.039846 
-0.900399 -0.267304 -0.039846 
0.048077 0.886341 0.036483 
0.153526 0.965500 -0.038353 
-0.168298 -0.944602 0.038934 
0.177709 -0.975752 0.007749 
0.218290 -0.927010 -0.039846 
-0.328729 0.906906 -0.039846 
-0.840492 0.170223 0.003516 
-0.833785 -0.460982 -0.039846 
-0.443127 -0.743749 0.039031 
0.981253 0.118734 0.036193 
0.568794 0.641061 -0.001102 
-0.365241 0.781896 0.039072 
-0.559299 0.718503 0.010736 
-0.934698 -0.099719 0.011729 
-0.701759 -0.638114 0.020202 
0.684593 0.495645 0.007139 
-0.591834 -0.650345 0.039085 
-0.876830 0.386593 0.035850 
-0.825199 0.254426 -0.009405 
0.765911 0.437164 -0.039846 
0.179856 0.977464 0.034515 
0.399221 0.855874 0.019836 
-0.556951 0.828767 0.013591 
0.390422 0.782456 0.039053 
-0.461192 0.816275 0.011018 
0.670455 0.640992 0.009253 
0.875774 -0.433771 -0.033978 
0.819942 -0.259647 -0.039213 
0.040315 0.951829 -0.039846 
-0.017040 0.978501 0.039034 
0.755877 0.431255 0.039041 
-0.224763 -0.816005 0.020216 
-0.863205 0.021487 -0.017175 
0.919403 0.300066 -0.039846 
0.216717 0.881371 0.010389 
0.921571 0.348909 0.004360 
0.618614 0.725435 0.037534 
0.734452 -0.598429 0.032222 
-0.980676 0.107620 -0.008755 
0.095157 -0.975923 -0.026282 
0.110768 -0.865127 0.039085 
0.790428 -0.419115 0.016432 
-0.237096 0.963029 0.038112 
0.254674 -0.944761 0.038929 
0.386218 -0.857263 0.016747 
-0.825912 -0.547753 0.003157 
-0.789471 -0.457669 0.009755 
-0.912559 0.373359 0.038956 
-0.102036 -0.881390 0.035146 
0.904322 -0.045803 -0.039846 
-0.310122 0.803619 -0.008564 
0.890011 0.177030 0.009045 
0.638423 0.733119 -0.039647 
0.580151 -0.804091 0.029275 
0.801911 -0.257045 0.010363 
-0.969506 0.182319 -0.030954 
0.432791 0.764672 0.039078 
0.944508 0.278241 0.003964 
-0.128022 0.975118 -0.022478 
-0.090970 0.855794 -0.030319 
-0.667278 0.661843 0.011857 
-0.559599 -0.783736 -0.039846 
-0.935492 0.174208 0.024021 
0.031979 0.910384 -0.039846 
-0.848214 0.162791 -0.029264 
0.651183 0.574046 -0.039846 
0.563457 -0.643940 -0.030239 
0.818149 0.248690 -0.000529 
-0.517543 -0.675785 0.006242 
0.766714 0.590635 0.038995 
0.678631 -0.652968 -0.039758 
0.659876 0.687136 -0.039846 
-0.841870 0.437416 -0.039809 
0.490268 0.861810 0.007222 
0.046378 -0.863646 0.039071 
0.838623 -0.309583 -0.039846 
0.009873 0.983853 -0.000957 
-0.843524 0.467444 -0.039730 
0.624296 0.566651 0.029100 
0.607635 -0.709456 0.012606 
-0.459871 0.877945 0.038545 
0.534703 -0.827610 0.003667 
-0.172861 0.941199 0.037212 
-0.982216 0.071374 0.038964 
0.904159 -0.372950 -0.004181 
0.717087 0.659084 -0.038970 
0.299409 -0.838108 0.025873 
-0.459643 -0.781179 0.012015 
-0.329546 -0.849625 -0.039846 
0.449507 0.825025 0.015061 
-0.276412 -0.814290 -0.015756 
-0.105042 0.840777 0.012879 
0.038613 0.981931 -0.006489 
-0.808045 0.304780 -0.017664 
-0.911652 0.094468 -0.039846 
-0.795880 -0.584185 0.000542 
-0.197069 0.972807 0.037791 
0.436218 0.878440 -0.029635 
-0.961287 -0.110986 0.039064 
0.429309 -0.741006 -0.001475 
0.702173 -0.599168 -0.039695 
0.845188 0.405268 0.015488 
-0.600935 0.741310 0.030840 
-0.496761 0.856292 0.038918 
-0.915685 -0.365584 -0.017829 
0.804571 0.420034 0.009137 
-0.684196 0.725951 0.033908 
0.881305 0.409903 -0.039311 
0.335388 0.789725 -0.004588 
-0.858472 0.511412 0.013308 
0.942221 -0.258920 -0.033186 
0.497448 0.788156 0.010432 
-0.096401 -0.970485 0.038991 
0.565091 -0.798969 -0.021571 
0.704238 0.510163 0.039033 
0.864009 -0.283861 0.008395 
-0.345864 -0.857655 0.007751 
-0.046843 0.911942 0.008938 
-0.965434 -0.146826 -0.039846 
-0.469797 -0.707001 0.009382 
0.408716 0.905825 0.013109 
-0.845633 -0.088825 0.031002 
0.784924 -0.308147 0.035523 
-0.407270 0.763554 -0.037991 
-0.898194 -0.328007 -0.039846 
-0.061398 -0.878931 0.038993 
-0.957061 -0.216041 0.038982 
-0.809351 -0.398813 0.017906 
0.759169 -0.560138 -0.039846 
0.089521 0.910831 0.008272 
0.072170 -0.935706 0.013913 
-0.811002 -0.559373 -0.017602 
-0.496310 0.828745 -0.039846 
0.835332 -0.507302 -0.032404 
0.492569 0.702951 -0.035305 
0.648930 -0.577101 -0.039678 
-0.713883 0.591573 -0.039846 
0.850628 0.273671 -0.039846 
0.582470 -0.618100 0.003438 
-0.441313 -0.893496 0.027599 
-0.041196 0.949691 0.026599 
0.856101 0.466465 0.039040 
0.577260 -0.639182 0.038929 
-0.806982 -0.555943 0.038984 
0.692278 -0.645559 0.029005 
0.671968 0.602997 -0.039846 
0.879637 -0.029908 -0.039846 
-0.733665 -0.660093 0.038940 
0.034885 -0.975004 0.038985 
-0.873363 -0.253136 0.011694 
-0.930864 0.003637 0.008081 
0.749581 -0.401676 0.038999 
-0.966746 0.254540 0.024730 
0.795351 -0.312537 -0.008913 
0.838213 -0.166660 -0.009951 
0.818120 0.357782 -0.039846 
-0.179923 0.841639 -0.015925 
0.906177 0.234364 0.014590 
0.418627 -0.756856 0.039009 
-0.484214 -0.715201 0.039045 
0.734865 -0.663336 0.008633 
0.433867 -0.723886 0.034270 
-0.622039 0.648171 0.021782 
-0.757381 0.631073 -0.019790 
0.024215 -0.980670 -0.017819 
0.705971 -0.677004 -0.012771 
0.708158 0.583459 0.007751 
-0.851390 -0.521118 0.018323 
0.586649 0.736167 0.017413 
-0.885417 0.207554 0.011825 
-0.518438 -0.846393 0.005617 
0.223909 -0.865491 0.019813 
-0.927445 -0.005336 -0.039846 
0.951818 0.038244 0.038251 
-0.461978 0.726332 0.000376 
-0.710590 -0.514124 0.039085 
0.827141 0.515324 -0.038120 
0.981476 0.054146 0.002955 
0.855818 -0.046207 -0.037094 
0.194384 -0.880079 -0.039846 
0.750804 -0.646897 0.030503 
0.904986 0.404223 0.013385 
-0.555686 -0.823584 0.037410 
0.536202 0.798347 0.038953 
0.691184 0.543422 -0.039846 
-0.493914 -0.850403 -0.032607 
-0.550818 0.817108 -0.026458 
-0.939008 0.340320 0.033464 
0.854977 0.001867 -0.012397 
-0.759997 0.410060 -0.026853 
-0.893001 -0.387275 0.039060 
-0.849853 0.492970 0.038977 
0.078588 0.992308 0.016099 
-0.893461 0.344769 -0.039712 
-0.656721 0.735383 -0.005375 
-0.364911 -0.780216 0.039053 
0.954781 -0.224868 0.039081 
0.165372 0.862378 -0.039846 
0.915711 -0.043605 0.007681 
0.898358 0.212193 -0.039846 
-0.113433 -0.985529 0.006577 
-0.868606 -0.403370 -0.039846 
-0.137854 -0.908846 -0.039846 
-0.554878 -0.735110 0.007751 
-0.840872 0.167108 0.038691 
-0.454259 -0.821887 -0.039846 
-0.985596 0.008516 -0.034721 
-0.029436 -0.993743 0.018185 
0.682569 -0.548594 0.039085 
0.881098 0.278796 0.008740 
0.067535 -0.969923 -0.039818 
0.596170 -0.693674 -0.039846 
-0.271070 -0.859321 -0.039846 
-0.922930 0.271872 -0.039788 
-0.831010 0.256886 -0.039353 
-0.123808 -0.956856 -0.039846 
-0.859761 0.388435 -0.039795 
-0.367501 -0.766808 0.006040 
-0.849303 -0.119984 0.003443 
0.293243 0.929589 -0.039398 
-0.845956 0.116445 0.006015 
-0.802418 0.400379 0.024762 
0.192549 -0.912563 -0.039846 
0.265935 -0.814858 -0.000616 
0.818329 0.196953 0.018137 
-0.506240 -0.771020 -0.039846 
-0.934639 0.316280 -0.031142 
0.432022 0.740909 -0.019951 
0.755060 -0.488305 0.012638 
0.244006 0.888145 0.007751 
0.462072 -0.863218 -0.014083 
-0.283330 0.933084 0.039062 
-0.586366 -0.721512 0.008482 
0.573219 -0.755821 -0.039846 
0.919530 0.160729 0.012847 
0.934273 -0.298207 0.001419 
-0.713035 -0.469158 0.037765 
0.218189 0.946595 -0.039846 
0.679834 0.610105 0.007885 
-0.948118 -0.271040 -0.013091 
-0.960730 -0.054431 0.038586 
0.291510 -0.886106 0.011208 
-0.849464 -0.501560 -0.001230 
-0.387039 0.770194 -0.003268 
-0.405964 0.896854 -0.006552 
-0.075719 0.894809 -0.039846 
-0.950712 -0.097631 -0.039846 
0.564703 -0.741163 0.011315 
0.363223 0.891855 0.038955 
-0.956563 0.043114 0.035674 
0.301646 -0.902935 0.036939 
-0.248031 -0.881522 -0.039846 
-0.874035 -0.470849 0.004509 
-0.109229 0.977226 -0.003420 
0.757561 -0.391563 0.000934 
0.876566 -0.255886 0.007751 
0.928939 0.127803 0.015995 
0.712202 0.474633 -0.031856 
-0.467162 0.838571 -0.039846 
-0.678221 0.512228 0.020038 
0.623536 -0.608764 -0.039694 
0.315826 -0.941662 0.018136 
-0.719172 0.504924 0.039078 
-0.912842 0.118724 0.007945 
-0.888631 0.428242 -0.024384 
-0.639199 0.745022 0.038976 
-0.884165 0.179638 0.017677 
-0.951668 0.037801 -0.039846 
0.860624 -0.407089 -0.039846 
-0.077728 0.972821 -0.039535 
0.651193 -0.587874 0.038935 
-0.817745 -0.275768 -0.017392 
0.698037 -0.571687 0.011366 
-0.988409 0.134287 0.036030 
-0.644074 0.619952 -0.039846 
-0.597253 0.783809 -0.008816 
0.337041 0.785755 0.038935 
-0.335355 -0.792110 -0.012090 
0.930331 -0.307955 0.038920 
-0.612038 -0.775556 0.001947 
0.240732 0.810428 0.020300 
-0.464722 0.750265 0.039076 
0.931736 -0.199101 -0.039846 
-0.288613 0.811447 -0.022216 
0.268031 0.953794 0.037352 
-0.095629 0.947229 -0.039846 
0.771696 0.491094 0.007751 
-0.850002 -0.021266 0.013646 
-0.104206 0.940423 0.018778 
0.799623 0.586712 0.016895 
0.209488 -0.918401 0.017616 
-0.700791 -0.559583 -0.039846 
0.590205 0.782728 -0.010746 
-0.757393 0.396925 0.037619 
-0.817698 0.485189 -0.039722 
-0.289009 -0.795918 0.011883 
0.652078 -0.653120 -0.039786 
0.081683 0.858667 0.038970 
-0.872636 -0.433058 0.039085 
0.176233 0.903416 -0.039846 
0.822962 -0.505967 0.038992 
0.293389 0.792562 0.028376 
0.934192 0.049875 -0.039846 
-0.479148 0.778806 -0.039846 
-0.819419 0.228334 0.017076 
-0.807723 0.451001 0.007751 
-0.015089 -0.981313 -0.013397 
-0.742114 -0.440403 -0.033510 
-0.618568 -0.721492 -0.039846 
0.883550 0.080571 0.026635 
0.014179 -0.957972 -0.039846 
-0.582674 0.754001 -0.039682 
0.266042 -0.943151 -0.022645 
0.099697 -0.929367 0.011707 
-0.215139 0.930552 -0.039846 
-0.416327 -0.753024 -0.008689 
0.822041 0.488885 0.038930 
-0.881621 0.048248 -0.039846 
0.032900 0.846186 0.027995 
-0.511757 0.677690 0.017561 
0.384547 -0.900799 -0.021464 
0.323738 -0.924688 -0.026899 
0.860226 -0.471101 0.001450 
-0.315386 -0.876996 -0.039846 
0.831411 0.154677 0.037480 
-0.440868 0.740952 -0.022628 
0.859785 0.486568 0.005568 
0.807241 -0.368551 0.026238 
0.789739 0.345126 -0.039376 
0.726776 -0.499270 -0.039846 
0.134153 0.940142 -0.039846 
0.812055 -0.330086 0.039036 
-0.238126 -0.913449 -0.039846 
-0.810261 -0.259145 0.010026 
-0.805904 -0.345642 -0.039846 
0.525425 0.827539 -0.017819 
-0.039015 -0.850241 0.004480 
0.535371 0.836653 0.017240 
-0.051992 0.944506 -0.039846 
0.254412 0.956701 0.004753 
-0.301029 0.796778 0.037320 
-0.657701 0.722663 0.039003 
-0.671704 0.685578 0.038095 
0.076445 -0.879875 -0.039846 
0.825504 -0.471779 -0.039817 
0.544404 -0.642765 0.018094 
-0.381299 -0.868253 0.022180 
0.803696 0.293172 -0.021232 
0.927239 -0.281944 -0.039636 
0.870157 0.445751 -0.034280 
0.949749 -0.051646 0.037505 
0.703801 -0.461888 0.024618 
0.734992 0.523410 -0.039846 
-0.872871 -0.161937 -0.039846 
0.300514 -0.788390 0.024380 
-0.834062 0.259230 0.039002 
-0.149766 -0.880474 0.024065 
-0.872336 -0.187601 0.033619 
0.608831 -0.752753 0.038999 
0.602989 0.711192 0.011008 
-0.896773 0.306264 0.020116 
-0.839986 -0.146542 0.036552 
-0.700128 -0.702655 0.038435 
0.524292 0.679044 -0.033870 
0.521836 -0.781127 0.016682 
0.794681 -0.565534 0.039024 
-0.473236 0.863741 -0.005478 
-0.777773 -0.466233 -0.039846 
-0.554003 -0.702805 -0.039846 
0.239841 -0.848506 0.038509 
-0.309034 -0.837411 0.026998 
-0.889876 -0.051535 -0.039846 
0.932738 0.053770 0.013227 
0.670258 -0.712347 -0.028867 
0.148112 -0.956703 0.038920 
-0.501334 -0.860048 0.035116 
-0.901829 -0.417222 0.038052 
-0.078860 -0.978498 -0.018468 
0.254807 -0.817465 0.039085 
0.639857 0.634583 -0.039846 
-0.623115 -0.665511 -0.039846 
0.680069 0.529462 0.038989 
-0.041430 0.993960 0.034223 
-0.883242 -0.158334 0.024805 
0.916094 -0.110188 -0.039846 
-0.100296 -0.898277 -0.039846 
-0.876900 -0.253654 -0.039846 
0.726567 0.656802 -0.004885 
-0.044655 0.866481 0.038997 
0.374661 0.777516 -0.038796 
0.100566 -0.840655 0.035789 
-0.174115 0.967628 -0.031954 
0.843202 -0.271015 -0.039846 
0.042041 -0.977949 -0.036399 
0.316074 0.834377 0.024260 
-0.248165 -0.950562 -0.020647 
-0.059976 -0.930766 -0.039846 
0.377264 -0.754203 0.016862 
-0.757229 0.473507 0.033887 
0.914986 0.186812 0.012771 
0.849084 0.127197 0.038974 
0.857206 0.370597 -0.039846 
0.580026 0.671299 0.032454 
-0.149368 -0.846223 -0.005363 
0.186850 -0.836674 -0.000656 
-0.815415 -0.353055 0.038268 
-0.671040 0.616943 -0.039846 
-0.343415 -0.914186 0.038990 
0.507752 -0.808831 0.038245 
0.064473 -0.988510 0.037054 
-0.691206 -0.530359 -0.039846 
0.565411 0.626371 0.019830 
0.731824 0.589974 -0.039846 
0.248363 0.837784 0.039045 
0.858158 0.157720 -0.039846 
-0.825494 0.512410 0.039021 
0.905652 0.239671 -0.039846 
-0.148707 0.985326 0.014389 
-0.829890 0.317468 -0.039821 
0.259272 -0.855903 0.019285 
-0.798051 0.321860 0.001462 
0.639056 0.702190 -0.039846 
-0.877976 -0.441893 -0.037345 
0.189380 -0.963268 0.038935 
-0.801495 0.516887 -0.039718 
0.656776 0.543389 0.002083 
-0.812671 0.580863 0.018003 
0.906739 -0.072663 0.008384 
-0.216078 0.827207 0.003601 
0.073193 -0.841664 0.013479 
0.028450 0.899568 0.016233 
0.294002 -0.809674 0.039085 
0.890197 0.081582 -0.039846 
-0.664182 -0.668660 0.014279 
0.566403 0.762758 0.033348 
0.836700 -0.363331 -0.039846 
-0.857208 0.362313 0.008184 
0.173879 -0.964964 -0.015093 
0.797071 -0.406515 -0.039750 
-0.371708 -0.801170 -0.039846 
-0.494664 -0.740927 0.033330 
-0.177932 0.968485 -0.000815 
-0.369651 0.900964 -0.039846 
-0.659538 -0.709435 -0.039846 
-0.779657 -0.350208 0.004828 
0.748727 0.408194 0.001529 
-0.227576 0.956850 -0.020659 
0.564261 0.714543 0.008804 
0.798023 0.562247 -0.037031 
0.829936 0.457594 -0.039846 
0.038191 -0.912352 0.008431 
0.726981 0.432223 0.037067 
0.848500 -0.339143 0.007751 
-0.800944 0.498908 0.014283 
-0.823221 -0.528832 -0.039445 
0.399832 -0.753819 0.001406 
-0.787982 0.323191 0.035101 
0.784739 -0.338804 -0.009674 
0.930206 0.204406 0.037934 
0.975673 0.007504 -0.036282 
-0.684692 -0.722602 0.035562 
0.603450 0.589564 0.013735 
0.307964 0.855569 0.009468 
-0.771401 -0.538228 0.012561 
-0.224670 -0.903459 0.009264 
-0.284629 0.935878 -0.039037 
-0.874906 0.153828 0.037803 
0.909156 0.310981 0.038959 
0.245999 -0.949161 -0.006346 
0.529150 -0.665464 0.003128 
-0.903663 0.422189 0.007363 
-0.001007 0.859746 -0.011465 
-0.981207 -0.098558 -0.026058 
0.872903 0.225649 0.011451 
0.664939 -0.699527 0.038983 
0.404271 -0.837042 0.009742 
-0.760938 -0.402353 0.001020 
0.727696 -0.448968 -0.026392 
0.879412 -0.027439 0.038346 
-0.887537 -0.097480 -0.039846 
-0.860555 0.210193 0.038930 
-0.075277 -0.842131 0.021640 
-0.231012 -0.852312 0.038852 
-0.599322 0.621537 -0.034238 
0.072462 0.857355 -0.034762 
-0.646400 0.572332 -0.033788 
-0.574042 0.698587 0.015018 
0.602828 -0.770904 -0.025476 
0.930650 -0.142861 0.021904 
-0.133767 0.903686 0.008962 
-0.088236 0.855985 -0.003856 
-0.864409 0.002197 -0.033207 
0.606409 -0.609265 0.038978 
0.976543 -0.076013 0.039071 
0.840173 -0.050307 0.024097 
-0.802424 0.549684 -0.039707 
-0.331961 -0.804991 0.038999 
0.619628 0.591359 -0.027723 
0.534695 0.714063 0.022433 
0.908692 -0.255428 0.023967 
0.323395 0.889447 0.022219 
-0.485727 0.722118 -0.039579 
-0.518695 -0.775283 0.009379 
0.851542 -0.072264 -0.016545 
-0.622598 0.717690 -0.039691 
-0.957825 -0.276121 0.035959 
-0.225442 -0.836371 -0.039436 
-0.681257 0.529697 -0.026977 
-0.975184 0.160987 0.000367 
-0.841364 0.535623 0.007878 
-0.936292 -0.347716 0.028623 
-0.032764 0.982414 -0.006524 
-0.923827 0.236620 -0.039846 
-0.034330 -0.858183 -0.031251 
0.000823 0.965650 -0.039846 
0.772845 -0.518452 -0.039846 
-0.950897 0.273273 0.038978 
0.322887 -0.867763 0.008636 
-0.381651 -0.856819 -0.039846 
0.486247 0.847511 -0.037949 
0.727767 -0.609627 -0.039731 
-0.725382 0.667594 -0.008396 
0.408209 -0.904089 0.032461 
-0.860364 0.134101 -0.039516 
-0.411567 -0.892714 -0.017476 
-0.128815 0.861550 0.039017 
-0.463538 -0.830148 0.025800 
0.460306 0.870022 0.039082 
0.880322 0.154291 0.017078 
0.186257 -0.926477 0.021383 
-0.768580 -0.636277 0.028470 
0.855893 0.121864 -0.039846 
0.946388 -0.187522 0.038985 
0.981290 -0.113484 0.006652 
0.850471 -0.380501 0.011847 
-0.845237 0.421668 0.015648 
-0.657455 -0.591597 -0.039846 
0.401285 -0.769558 -0.039758 
0.873125 0.355678 0.021830 
0.035950 -0.862667 -0.039061 
0.819381 0.397144 0.008340 
-0.619491 -0.600558 0.039085 
0.328859 -0.868366 -0.039789 
-0.262818 0.919338 0.036849 
0.820967 0.241742 -0.033757 
-0.791701 -0.571037 -0.039840 
-0.886469 0.260418 -0.039807 
0.451246 -0.859296 0.039085 
0.267572 0.873151 -0.039846 
0.829898 0.308145 0.033788 
-0.018870 -0.915143 0.007953 
0.435146 -0.756985 -0.039841 
-0.071488 -0.919292 0.007751 
0.767605 -0.626024 0.010498 
0.914187 0.347070 -0.030045 
-0.709342 -0.567395 0.011695 
0.481196 0.756088 0.017504 
-0.428061 -0.897166 0.007046 
-0.880128 -0.009396 0.038853 
0.827760 -0.520444 -0.010204 
0.838583 0.205336 0.039004 
-0.778057 0.344222 0.026238 
-0.630519 -0.682926 0.008379 
0.775363 -0.512584 0.010674 
-0.008584 0.846705 0.024784 
-0.717765 0.694570 0.016359 
-0.241687 0.836551 0.038933 
-0.964314 0.206357 -0.032417 
-0.337648 0.830436 0.022557 
-0.955313 0.168257 0.039051 
0.884807 0.439519 0.005586 
0.105364 -0.851155 -0.021684 
0.835911 -0.206402 -0.039412 
-0.751220 0.529737 0.008210 
0.817078 -0.202679 0.010424 
0.803332 -0.292692 -0.028734 
-0.210930 0.835049 -0.029029 
-0.012935 0.889217 0.035083 
-0.805909 0.350689 0.038952 
-0.128993 0.916816 -0.039806 
-0.677487 -0.521250 0.004113 
-0.999523 -0.009537 0.015819 
-0.339642 -0.930546 0.004842 
0.705192 0.563482 -0.039846 
0.753069 -0.405022 -0.025336 
-0.853228 0.495474 -0.007787 
