-0.549791 -0.657787 0.018505 
0.647445 0.749892 0.012827 
-0.716451 0.692831 0.026677 
0.800013 -0.586727 0.016231 
-0.995035 -0.028511 0.005078 
0.150928 -0.984269 0.012459 
-0.050988 0.991823 0.017132 
0.975880 0.114446 0.035118 
-0.264593 -0.962209 0.027570 
-0.899367 -0.436659 0.013671 
-0.917813 0.357952 -0.031805 
0.513222 -0.851070 0.027437 
0.278912 0.815386 -0.027333 
-0.359798 0.788344 -0.032362 
0.957687 -0.253260 0.008954 
0.763519 0.403322 -0.033805 
-0.832485 -0.206831 0.016875 
-0.051023 -0.865511 -0.025542 
-0.478978 -0.875927 0.016972 
-0.722162 0.459613 0.024858 
0.570792 -0.632332 0.022921 
-0.778073 -0.626859 0.027830 
0.292967 -0.801362 0.020735 
-0.842904 0.155848 0.023793 
0.768263 -0.367926 0.006419 
0.860178 -0.057201 -0.031668 
0.473853 0.870330 0.021357 
-0.256213 0.959820 0.030824 
-0.558211 0.824833 0.027147 
0.787035 0.600706 0.028943 
0.162370 0.970288 0.035160 
0.936448 0.308525 0.004528 
-0.323417 -0.793513 0.027148 
-0.725038 -0.458982 0.012059 
0.480927 0.699957 0.013108 
-0.556597 0.664050 -0.028622 
-0.136909 0.840992 0.011869 
0.050830 0.863668 -0.033400 
0.619457 0.580122 0.027048 
0.844178 0.177304 -0.032877 
-0.982513 -0.183700 0.014947 
-0.990932 0.125711 0.009378 
-0.797059 0.578563 -0.030309 
0.701959 -0.702603 0.014432 
-0.005876 -0.996881 0.027602 
-0.606317 -0.794045 0.022872 
0.381899 -0.918225 0.008969 
-0.196401 -0.846790 -0.032442 
0.094624 -0.849324 0.015892 
0.983033 -0.111438 0.031163 
0.875723 -0.462212 0.031464 
-0.855699 -0.063511 0.013500 
0.672508 -0.520956 0.019487 
0.479725 -0.726430 -0.035166 
-0.399085 0.910431 0.030556 
-0.804054 0.297088 0.028897 
0.823823 -0.206311 0.021818 
-0.807785 -0.336781 -0.035167 
0.865662 0.479600 0.028966 
0.343056 0.930141 0.021876 
-0.456560 -0.747828 -0.035548 
-0.659444 -0.587885 -0.035640 
-0.860663 0.472527 0.035062 
-0.133558 -0.975996 -0.030852 
-0.644389 0.572972 0.035019 
-0.936763 -0.309837 0.035047 
0.804252 0.296036 0.035022 
-0.945462 0.248653 0.035089 
0.249923 -0.911136 -0.035498 
0.846999 0.063076 0.029898 
0.158467 0.839438 0.033867 
-0.892910 0.052636 -0.035640 
-0.362173 -0.909496 -0.035534 
0.977109 -0.002302 -0.032581 
-0.262449 0.829744 0.035069 
-0.452730 0.723986 0.021948 
-0.686080 -0.710027 -0.026406 
0.594503 -0.779419 -0.032556 
0.403206 0.782598 -0.035640 
-0.832095 -0.532048 -0.027761 
0.697051 0.505868 -0.030821 
0.910867 -0.354710 -0.032541 
0.409029 -0.798069 0.027634 
-0.158026 0.968403 -0.030578 
-0.626546 0.754545 -0.034232 
0.544572 0.781055 -0.035640 
0.236767 0.920926 -0.035640 
0.769090 -0.490285 -0.035640 
0.579843 0.672293 -0.035640 
0.699892 0.632669 -0.035640 
0.068810 0.978580 -0.026177 
-0.782999 0.388718 -0.035294 
-0.470825 0.857492 -0.035095 
0.957367 0.201024 -0.028258 
-0.033877 0.862072 0.035036 
0.904806 -0.165976 -0.035640 
0.871473 0.396057 -0.035640 
0.704855 -0.610190 -0.035640 
-0.868940 0.244582 -0.035602 
0.066453 -0.947840 -0.035640 
0.196225 -0.832113 0.007991 
0.798677 0.521712 -0.035640 
-0.315113 0.880579 -0.035640 
-0.903128 -0.138292 -0.035640 
0.817301 -0.290077 -0.035222 
-0.917818 -0.240733 -0.035640 
-0.128083 -0.879505 0.035163 
-0.703953 0.535506 -0.035626 
-0.655569 0.652265 -0.035640 
-0.511545 0.773212 -0.035613 
-0.819993 -0.436431 -0.035640 
-0.211463 0.870874 -0.035525 
0.135830 0.901631 -0.035640 
0.350948 0.820794 0.030512 
-0.078205 0.902050 -0.035640 
-0.709997 -0.551040 0.032355 
-0.552443 -0.732348 -0.035640 
-0.912148 0.142950 -0.035590 
-0.901645 -0.359740 -0.035640 
0.014941 -0.898154 0.028568 
-0.779945 -0.389869 0.035132 
0.904925 0.088688 -0.035640 
-0.278289 -0.870850 0.010314 
0.838978 -0.412925 -0.035586 
0.862983 0.273734 -0.035640 
0.867788 -0.123210 0.035119 
0.625146 -0.694260 -0.035640 
0.404905 0.886838 -0.034773 
-0.414396 -0.812930 0.011519 
0.745749 0.468321 0.035145 
0.445790 -0.850254 -0.035640 
-0.805448 0.490478 -0.035603 
0.149279 -0.909834 -0.035608 
-0.515126 -0.795580 0.014954 
0.736883 -0.449510 0.035045 
0.302031 -0.943333 0.034337 
-0.834946 -0.292449 0.035163 
-0.734160 0.607413 0.025892 
-0.044560 -0.951248 -0.035640 
0.343938 -0.842210 -0.035640 
0.527247 -0.712422 0.035030 
0.693930 0.680856 0.035111 
-0.918590 -0.028139 -0.035640 
-0.985947 0.047750 -0.028974 
-0.487608 -0.710937 0.034423 
-0.756423 -0.565520 -0.035640 
0.627332 -0.744085 0.035029 
-0.002218 0.935458 -0.035640 
0.906166 0.008818 0.010256 
-0.874901 0.391287 0.033832 
-0.981008 -0.112065 -0.028631 
-0.085061 -0.968977 0.035106 
-0.200965 -0.928682 -0.035640 
-0.876193 0.012722 0.035086 
-0.637412 -0.645296 0.018161 
-0.612767 0.650750 0.033847 
-0.957961 0.210030 -0.035379 
0.885154 -0.289511 0.009236 
-0.531766 0.711766 0.035163 
0.643686 -0.599037 0.035015 
-0.404520 0.787979 0.035163 
0.440229 0.769213 0.034795 
-0.184677 -0.962873 0.035068 
0.547248 0.824817 0.031390 
-0.394312 -0.890558 0.035163 
0.545742 0.657570 0.034739 
-0.836807 -0.480449 0.035159 
0.826792 0.214759 0.034780 
-0.803158 0.526652 0.034947 
0.232865 0.864151 0.025409 
0.800790 0.330722 -0.035336 
0.937069 -0.071330 -0.035640 
-0.866135 0.440112 -0.035640 
0.266624 0.936840 0.035163 
0.511987 -0.805834 -0.035640 
0.858682 0.142796 0.035093 
-0.721456 -0.634732 -0.035640 
0.226640 -0.969255 0.017550 
0.899797 0.369346 0.035149 
0.926661 0.232693 0.035163 
-0.640791 -0.726013 0.035138 
-0.834339 0.326355 -0.035640 
-0.647448 0.726037 0.035163 
0.698306 0.561160 0.022813 
-0.119350 0.957632 0.035080 
0.084937 0.871593 0.035107 
0.810358 -0.502684 0.034400 
-0.868010 -0.141424 0.035116 
-0.721004 -0.680775 0.035018 
0.791977 0.371498 0.035116 
0.723923 -0.631631 0.035084 
-0.341337 -0.836137 -0.035640 
-0.914625 0.321962 0.035148 
-0.328242 0.939050 0.018550 
0.560721 -0.792335 0.035163 
-0.395887 0.868997 -0.035520 
0.887725 -0.387655 0.035088 
0.441770 -0.876383 0.035150 
0.478001 0.821041 -0.035640 
-0.788557 -0.545057 0.032317 
0.931982 -0.186794 0.032942 
-0.784786 0.415134 0.035066 
-0.432899 0.767616 -0.035509 
-0.483859 0.825514 0.034048 
0.652129 0.689854 -0.035640 
0.986664 -0.035145 0.033304 
0.540435 -0.683726 -0.035622 
0.826650 -0.327415 0.033856 
0.048047 -0.874574 -0.035640 
0.078764 -0.964359 0.035128 
-0.932167 0.282228 -0.035498 
-0.117122 -0.896051 -0.035640 
0.311123 0.897682 -0.035640 
0.974175 0.041120 0.035083 
-0.623256 -0.751007 -0.035640 
0.321522 -0.925651 -0.034219 
-0.876234 0.092066 0.035160 
-0.937742 0.176863 0.026450 
0.611693 -0.616448 -0.034946 
-0.292992 -0.931204 -0.035640 
0.747609 0.573151 -0.035640 
-0.857241 0.233523 0.035016 
0.183450 0.847512 -0.035070 
0.031355 0.983674 0.035163 
-0.325317 -0.919368 0.035097 
0.869652 -0.235455 -0.035640 
0.552670 0.724058 0.008463 
-0.430668 -0.875387 -0.035640 
0.437976 -0.732985 0.031605 
-0.887600 -0.366071 0.033834 
0.717835 -0.540266 -0.035640 
-0.711682 0.534231 0.035016 
0.628667 0.620742 -0.035640 
0.395500 0.875814 0.035049 
0.412793 -0.762354 -0.033494 
-0.216037 -0.838378 0.035155 
-0.339251 0.815575 0.035135 
-0.169114 0.908183 0.007055 
0.794633 0.530815 0.035134 
-0.642815 -0.572468 0.033457 
-0.922039 -0.085287 0.007055 
0.974459 0.081706 -0.030122 
-0.256443 0.938008 -0.035637 
0.804431 0.443128 0.007055 
0.851995 -0.481293 -0.032147 
-0.187954 0.973370 0.033042 
-0.471886 -0.816027 -0.035640 
0.274519 -0.839074 -0.035501 
-0.958011 0.057346 0.033821 
-0.713004 -0.511622 -0.035601 
0.181182 0.961836 -0.032610 
-0.291406 0.816164 -0.032830 
-0.421057 -0.747688 0.031070 
0.471167 0.746464 -0.035640 
-0.745576 0.635024 -0.035278 
-0.926853 -0.242638 0.031932 
0.254631 -0.861578 0.025282 
0.811978 -0.543544 -0.034115 
-0.859705 -0.293946 -0.035640 
-0.598995 -0.655606 -0.035640 
0.851388 0.463611 -0.035640 
-0.577307 0.760372 0.032195 
-0.775455 -0.488315 -0.035640 
-0.497523 0.708931 -0.024820 
-0.557165 -0.810365 -0.034249 
0.930243 -0.331506 0.033713 
0.089601 0.944767 0.026920 
0.924639 0.149541 0.013065 
-0.647284 0.587080 -0.035456 
0.753475 -0.419783 -0.030392 
0.747646 0.649442 0.010922 
-0.796625 0.591390 0.034536 
0.615966 0.645033 0.029762 
-0.680306 0.711776 -0.027475 
-0.013942 0.863203 -0.028718 
-0.973576 -0.121477 0.035074 
0.653045 0.561049 -0.029810 
0.964042 -0.140299 -0.034961 
0.346971 0.814111 -0.035640 
-0.265481 0.887489 0.007055 
0.880912 -0.060497 0.035148 
0.798157 -0.445034 0.007944 
0.160021 -0.877658 0.034590 
0.606235 0.756214 -0.035640 
-0.852657 0.182149 -0.033594 
0.855299 0.333181 0.007055 
0.011968 -0.983170 -0.032103 
-0.939073 -0.300689 -0.032429 
0.351527 -0.825506 0.027171 
-0.094739 0.971919 -0.034870 
-0.210003 0.867455 0.033419 
0.285895 0.824231 0.035094 
-0.459109 0.882959 0.025685 
-0.091300 0.888014 0.032434 
-0.056292 -0.881392 0.035064 
0.374887 0.762771 0.027011 
-0.556284 0.729267 -0.035640 
0.923539 0.258560 -0.035640 
-0.865517 -0.200377 -0.035640 
0.862439 0.043083 -0.033857 
0.733239 -0.511312 0.028706 
0.807148 -0.268436 0.031169 
0.657334 -0.570496 -0.035589 
0.751322 0.463958 -0.035640 
0.844502 -0.167613 -0.021974 
-0.385743 -0.780569 -0.032535 
0.024862 0.885516 0.035159 
0.466646 -0.788684 0.007976 
-0.945127 -0.185535 -0.035640 
0.766850 -0.585715 -0.035640 
0.425361 0.822293 0.007469 
-0.270895 -0.829476 -0.034605 
-0.594363 0.706707 0.007055 
0.584246 -0.710522 0.007055 
0.848689 -0.014339 0.011789 
-0.730170 0.474077 -0.033760 
0.182020 -0.962026 -0.034848 
-0.842513 -0.399513 0.007128 
-0.866988 -0.473150 -0.024354 
0.942376 -0.215056 -0.035640 
-0.786075 -0.448558 0.021008 
0.600860 0.788070 0.019451 
0.095554 -0.912781 0.008146 
0.852025 0.414658 0.030902 
0.933562 -0.295462 -0.026699 
-0.771369 -0.402227 -0.025665 
0.176007 0.891774 0.010054 
-0.344743 0.881598 0.017989 
0.320143 -0.889404 0.016065 
-0.132763 0.877125 -0.035537 
-0.832216 0.348828 0.022208 
-0.224364 -0.895156 0.007251 
-0.525822 0.831414 -0.021962 
0.515243 0.695226 -0.034838 
-0.870114 0.285299 0.009633 
0.958179 0.142427 -0.035640 
0.637162 -0.656454 0.008093 
0.810450 -0.361426 -0.035492 
0.501722 0.792381 0.013021 
0.908290 0.350197 -0.034878 
0.665073 0.614576 0.013595 
0.357437 -0.787383 -0.019503 
-0.544545 -0.719754 0.023763 
0.696686 -0.577898 0.012440 
0.242795 0.860563 -0.035640 
0.852053 0.121151 -0.018952 
-0.688189 0.643960 0.011983 
-0.867162 0.105856 -0.034747 
-0.064293 0.934910 0.010958 
0.154382 -0.852361 -0.028476 
0.930085 -0.131790 0.014637 
0.747888 0.409093 0.034027 
0.069251 0.918527 -0.035640 
-0.932354 0.112174 0.009109 
-0.933598 0.007528 0.007361 
-0.555237 0.651238 0.031318 
0.856535 0.266778 0.021019 
0.001628 -0.908406 -0.035640 
0.974321 0.175869 0.023772 
-0.779851 0.471328 0.011821 
0.744774 0.521360 0.008917 
-0.151161 -0.924902 0.008847 
0.213231 -0.903437 0.007055 
-0.722076 -0.619509 0.018967 
0.878409 0.213737 0.011357 
0.904804 0.181230 -0.035640 
-0.600288 -0.697029 0.008347 
-0.413715 0.840441 0.009858 
-0.760389 0.524525 -0.035570 
-0.869737 -0.003776 -0.021510 
-0.816092 -0.345559 0.035163 
-0.559644 -0.826760 0.029844 
0.718776 -0.476185 -0.014648 
-0.655173 -0.657345 -0.035640 
-0.457020 0.779618 0.016357 
-0.833393 0.418753 0.007542 
-0.839881 0.381999 -0.035640 
0.637932 0.695418 0.020215 
-0.499433 -0.711184 -0.020095 
-0.875432 -0.262640 0.011150 
0.874157 -0.177946 0.030140 
0.683279 0.503648 0.022629 
0.861278 -0.330702 -0.035583 
0.217094 0.967476 0.029076 
-0.887717 -0.073767 -0.035640 
0.111281 0.855251 -0.010374 
-0.970915 0.151714 -0.034588 
-0.911274 -0.171666 0.007055 
0.032818 0.933230 0.009445 
0.395908 -0.890128 -0.035640 
-0.748157 -0.511079 0.019035 
-0.842002 -0.534764 0.032396 
-0.778363 0.358369 0.009576 
0.337090 0.868831 0.009160 
-0.361188 -0.833325 0.014891 
-0.017584 -0.937622 0.009521 
-0.079515 -0.921693 0.007055 
0.907125 -0.230134 0.011786 
0.863074 -0.111184 -0.035640 
0.924071 0.031406 -0.035640 
-0.356743 0.914952 -0.030980 
-0.627229 0.700363 -0.035547 
0.169182 -0.932753 0.018672 
0.750101 -0.565840 0.018367 
0.935709 -0.047321 0.012858 
0.893103 0.099879 0.015942 
-0.515546 -0.841563 -0.013510 
0.698204 -0.663847 -0.035626 
-0.372555 -0.771698 0.022961 
0.816498 0.393817 -0.035640 
-0.704685 0.589344 -0.035625 
-0.588757 0.788618 -0.016833 
-0.909263 0.218456 0.008048 
-0.010584 -0.855398 0.009214 
0.843005 -0.417697 0.017555 
-0.847847 0.521504 0.006280 
-0.970283 -0.068245 0.035119 
-0.800125 -0.579211 -0.006944 
0.889781 -0.012624 -0.035640 
-0.257049 -0.886739 -0.035640 
-0.969490 -0.060783 -0.035640 
0.284683 0.883063 0.007874 
0.731596 0.603396 0.031418 
0.129371 0.971868 -0.029585 
0.662124 -0.724357 -0.013164 
0.107199 -0.978485 -0.022405 
-0.825373 0.270512 -0.013872 
0.041229 -0.853753 0.017700 
0.204363 -0.866447 -0.035616 
-0.886792 0.308444 -0.035555 
-0.477342 -0.762179 0.031352 
-0.193960 0.924973 -0.035597 
-0.506685 -0.762077 -0.035640 
0.390512 -0.868427 0.030320 
-0.978404 0.100070 -0.034190 
-0.998614 0.028163 0.017587 
-0.782399 0.440787 -0.035640 
-0.013718 0.909892 0.009971 
0.700986 0.682958 -0.016277 
0.103484 -0.862435 -0.033416 
0.007803 0.981169 -0.010856 
-0.899928 -0.032770 0.029543 
-0.629120 0.772149 0.021099 
-0.753781 0.551222 0.008047 
0.033235 -0.947542 0.017779 
-0.132763 -0.987779 0.030519 
-0.856884 -0.148201 -0.014641 
-0.931650 -0.359711 0.008240 
-0.751484 0.655582 0.023171 
0.887976 -0.413686 -0.020824 
0.518719 -0.778216 0.009756 
-0.895603 0.146957 0.015681 
-0.542199 -0.682461 -0.033224 
-0.083146 -0.981731 -0.022230 
-0.587939 -0.624213 0.021658 
-0.911125 0.063708 0.011421 
-0.961905 -0.227081 -0.001518 
0.746303 -0.636311 -0.010243 
0.818891 0.262891 -0.012943 
-0.615171 0.600628 0.004400 
-0.976556 0.209188 0.025119 
-0.304550 0.850307 0.016162 
-0.433639 -0.854286 0.033203 
0.392932 -0.830002 -0.035640 
0.837645 0.511598 0.001784 
0.880615 -0.339618 0.021537 
-0.848026 -0.373450 -0.035640 
-0.560321 -0.774985 0.030295 
0.795422 -0.401228 0.032606 
-0.885167 -0.427500 -0.035058 
-0.044893 0.966138 -0.035640 
0.656860 -0.694903 0.035003 
-0.529114 0.785272 0.017222 
0.798369 0.565500 -0.004653 
-0.668179 -0.683493 0.027587 
-0.061112 0.861164 -0.012524 
0.604378 0.737626 0.034833 
0.355632 -0.775859 0.029969 
-0.309916 0.932091 -0.030127 
-0.690526 0.582343 0.018714 
-0.772258 -0.615518 -0.026535 
0.681252 -0.633359 0.008202 
-0.748188 -0.577020 0.011913 
-0.150154 -0.843190 0.009712 
-0.353815 0.843057 -0.035580 
-0.246361 0.828498 -0.011566 
-0.334912 -0.874534 0.008411 
0.831362 -0.541276 0.012097 
-0.632749 -0.701170 -0.035640 
-0.469520 -0.820821 0.013257 
0.527213 0.825143 -0.013451 
0.856721 -0.240939 0.033243 
0.920797 0.060325 0.007055 
-0.279219 -0.813661 0.033871 
0.490509 0.745196 0.029422 
-0.673924 -0.549649 -0.008625 
-0.937262 0.030689 -0.035640 
-0.709765 -0.587247 -0.035640 
-0.903806 0.422422 0.009620 
0.436775 0.847234 -0.035640 
0.974957 -0.159497 0.033079 
-0.440517 0.819293 -0.035495 
-0.390917 -0.847157 -0.035640 
0.042048 -0.995467 0.017382 
0.660190 -0.630573 -0.035552 
0.355526 0.864869 -0.035640 
0.827902 -0.370159 0.010760 
-0.855759 0.489710 -0.029478 
0.977568 -0.047303 -0.012739 
0.653457 0.541679 0.025439 
0.326629 0.785388 0.008222 
0.581175 0.634919 -0.005008 
-0.167631 -0.893696 -0.035640 
-0.237254 -0.956932 -0.011922 
0.528771 -0.668003 0.016115 
-0.358220 0.774503 0.018241 
-0.177915 -0.969504 -0.012895 
0.444447 0.732956 0.002225 
0.235069 0.816921 0.015760 
0.131953 0.927706 0.011422 
0.299014 -0.880598 -0.035513 
0.480349 -0.704133 0.027762 
-0.829040 -0.254759 0.001284 
-0.608214 0.644012 -0.035640 
0.257942 -0.913710 0.021378 
0.451796 -0.802579 -0.035640 
-0.653673 0.677316 0.011420 
-0.899288 0.192858 -0.035577 
0.120299 0.985341 0.018021 
0.392378 0.829208 -0.035640 
-0.187659 0.837732 0.003317 
-0.876222 -0.189451 0.034291 
0.853283 0.226988 -0.035640 
0.355713 0.912722 -0.028026 
0.547413 0.777189 0.033103 
0.232905 -0.955685 -0.027682 
-0.187972 -0.876781 0.033151 
-0.496678 0.743881 0.033210 
0.889095 0.433361 0.007648 
-0.696421 -0.505446 0.032862 
-0.703295 0.656824 -0.035640 
0.914986 0.278776 0.035112 
0.218278 0.913035 0.012896 
-0.918118 0.095929 -0.035640 
-0.893709 0.401593 -0.035338 
-0.860605 -0.321984 0.008651 
-0.013594 0.969255 0.035163 
0.554895 -0.810300 -0.016718 
-0.269580 -0.915450 0.027594 
-0.426108 -0.805875 -0.035640 
-0.506030 -0.840530 0.035071 
0.433576 0.888034 0.005330 
0.465583 -0.829946 0.030038 
0.048672 0.849591 0.015567 
0.869433 0.320816 -0.035640 
-0.317567 -0.876213 -0.035640 
0.573988 -0.645427 -0.021679 
0.398780 -0.753612 0.017160 
-0.292813 0.801087 0.011185 
0.251783 -0.819879 0.004798 
0.922033 -0.277935 0.035151 
0.583151 0.680788 0.019780 
-0.753049 -0.443841 -0.034796 
0.566502 0.727463 -0.035640 
-0.865465 0.059011 0.001119 
-0.972760 0.001096 -0.035640 
0.795351 -0.305413 0.006108 
-0.095568 -0.862349 -0.012766 
0.786922 0.485742 0.007574 
0.948018 -0.006694 0.030527 
-0.686109 -0.591063 0.021599 
-0.047544 -0.991669 0.004936 
0.514026 -0.756842 -0.035617 
-0.840228 0.220880 -0.008905 
-0.930150 -0.101358 -0.035640 
-0.816768 -0.299976 -0.006116 
0.583655 -0.726980 -0.035602 
0.698229 0.586992 -0.035640 
-0.374375 -0.923205 0.006278 
0.761777 0.613800 -0.020453 
0.744533 0.511569 -0.035640 
0.968462 -0.209319 0.014782 
-0.812884 0.536102 -0.035498 
-0.944219 0.307364 0.003672 
0.570496 -0.677441 0.035055 
-0.931659 -0.129618 0.009553 
-0.305103 0.901041 0.028639 
-0.115155 0.928336 -0.035553 
0.925696 -0.116115 -0.035640 
-0.877823 0.184626 0.033537 
-0.931385 0.358968 0.011414 
-0.667742 0.546642 0.002625 
0.302943 -0.845193 0.026235 
-0.695980 0.503910 0.005293 
-0.945091 -0.199160 0.035155 
0.826304 -0.243715 -0.003523 
0.073656 0.989935 0.017233 
-0.994709 0.083336 0.030645 
0.844182 0.358094 -0.035640 
0.765894 -0.535193 -0.035640 
0.487088 0.828800 0.035054 
-0.219533 0.957353 -0.017745 
-0.752707 0.583576 -0.035527 
0.313259 -0.809472 -0.033428 
0.772767 -0.510222 0.007413 
0.603831 -0.789206 0.023008 
0.916861 0.302934 -0.035640 
-0.616800 -0.614601 -0.031895 
0.913704 0.136694 -0.035640 
-0.852174 -0.109488 0.007470 
-0.268043 0.874126 -0.035640 
-0.740892 -0.655332 -0.000222 
-0.432648 -0.899772 0.013947 
0.973734 -0.095958 -0.028518 
0.844745 -0.083211 0.021851 
-0.219103 0.902672 0.007505 
-0.642523 -0.758058 0.004011 
0.989997 0.006751 0.009085 
-0.529488 0.683510 0.000873 
0.195119 0.890259 -0.035640 
-0.098934 0.986249 0.006806 
0.963137 0.228179 0.010523 
0.947611 -0.084455 0.033729 
-0.760690 0.417991 -0.001799 
0.583544 -0.750710 0.030181 
-0.786014 -0.491081 0.007055 
-0.495200 0.863315 0.009823 
0.774410 -0.620214 0.028850 
0.058224 -0.892135 0.033572 
0.196380 -0.920459 -0.035541 
0.523749 0.704536 0.035163 
0.877362 0.030803 0.035093 
0.128354 -0.944315 0.029797 
-0.747070 0.509143 0.018432 
-0.434264 0.882476 -0.010447 
-0.692641 -0.719885 0.027866 
0.305619 0.849136 -0.035640 
0.785010 0.324301 0.007638 
-0.849747 -0.243645 -0.035640 
-0.063591 -0.911871 -0.035640 
0.364622 0.780542 -0.012889 
0.488112 -0.852939 -0.025015 
-0.884817 -0.100821 0.035126 
0.185430 -0.969772 0.035012 
0.915376 -0.256927 -0.035640 
0.799752 -0.444830 -0.035556 
0.652779 0.655903 0.007646 
0.898635 -0.092713 0.011953 
-0.398582 0.807867 -0.035600 
-0.412115 0.757975 0.001422 
0.752626 0.567377 0.019431 
0.137499 0.877389 0.034666 
-0.924157 0.237134 -0.035527 
-0.984193 0.168496 0.010279 
0.699035 -0.484863 0.028996 
0.821943 0.388072 0.008725 
-0.584167 -0.702994 -0.035640 
0.805158 0.436538 -0.035640 
0.253882 0.947151 -0.006005 
-0.913371 0.275833 0.025666 
0.987049 0.077724 0.010840 
0.856758 0.078099 -0.009568 
-0.898939 -0.316903 -0.035640 
-0.214131 -0.886257 -0.035640 
-0.875598 0.353737 0.013122 
0.391172 0.802379 0.029282 
-0.993167 -0.090131 0.006248 
-0.749144 -0.418097 0.025714 
-0.896068 -0.216547 0.007875 
-0.776143 0.607505 -0.006970 
-0.956612 0.243924 -0.005800 
-0.861824 -0.425934 0.034448 
0.379313 0.842237 0.007055 
-0.527652 -0.755493 0.007877 
0.752497 -0.398577 0.031401 
0.896813 0.392490 -0.001627 
-0.113593 0.924970 0.008438 
0.897258 0.225128 -0.035640 
-0.861246 -0.502559 0.005821 
-0.351438 -0.794009 -0.011309 
-0.478378 0.799968 -0.035576 
-0.227072 -0.943868 0.035119 
0.310793 0.929653 -0.007778 
0.641021 0.732094 -0.035259 
0.147152 -0.841708 0.016317 
0.113310 -0.884987 0.034670 
0.833021 -0.165045 0.019996 
-0.684493 -0.635079 0.007496 
0.945992 0.265940 0.002509 
-0.141394 -0.856250 -0.029471 
0.677488 0.722250 0.023526 
0.940278 0.094882 0.023860 
-0.368864 0.848842 0.007055 
0.310254 0.902754 0.034933 
0.895337 -0.425893 0.019198 
0.846397 -0.287703 0.025422 
0.852195 -0.498854 0.034473 
0.895143 0.327602 0.035016 
-0.966295 -0.022926 0.035148 
0.508505 -0.698139 -0.004907 
0.879691 -0.293088 -0.035640 
0.730119 0.435449 0.006773 
0.428187 -0.839784 0.014193 
0.200683 0.836311 0.001285 
0.794415 -0.541273 0.035151 
0.717856 0.473908 -0.012809 
-0.493314 0.697494 0.027629 
0.548946 -0.747306 0.007223 
0.016247 0.891044 -0.035640 
0.830603 0.175401 0.021793 
-0.321644 -0.840496 0.028318 
0.890752 0.174057 0.009640 
-0.857537 0.140533 -0.013934 
-0.869620 -0.113768 -0.035528 
-0.786161 -0.366911 0.001129 
0.620109 -0.761048 -0.005599 
-0.591322 -0.790579 -0.015591 
0.144264 0.860921 -0.035640 
-0.301741 -0.813952 -0.001583 
0.724470 -0.668860 0.003031 
0.176577 0.930782 0.023797 
-0.517466 -0.683506 0.016947 
-0.549555 0.800499 -0.035640 
0.609766 -0.626195 0.035088 
-0.117014 -0.945270 0.024173 
-0.581319 0.638322 0.002088 
0.503668 0.786211 -0.035640 
-0.818685 0.489475 0.026215 
0.407128 0.751059 0.004169 
0.278278 0.931983 -0.035503 
0.874192 -0.373078 -0.035493 
-0.797768 0.343600 -0.028469 
0.009510 0.855343 0.004689 
0.759782 0.377886 0.010258 
0.898411 0.250625 0.010384 
-0.650329 0.613392 0.033925 
-0.169291 0.864959 0.035129 
0.531097 0.675261 0.000997 
-0.822494 0.254918 0.034232 
0.593207 0.610733 0.033160 
0.433415 0.851259 0.035023 
0.710968 0.643805 0.035044 
0.823109 0.332158 0.034069 
0.377609 0.914938 0.006607 
-0.395837 0.868622 0.033154 
-0.976414 -0.149765 -0.006603 
-0.156531 0.941285 0.033787 
-0.953056 -0.259747 -0.028787 
0.706284 -0.541143 0.034250 
0.525157 0.745423 -0.035640 
-0.812253 0.385891 0.029423 
0.439163 -0.879442 -0.005157 
-0.149563 0.980473 0.007095 
0.919721 0.351414 0.003835 
-0.918995 -0.393318 0.026671 
0.831906 -0.455008 0.028213 
-0.829327 0.458011 -0.035640 
0.900132 -0.054324 -0.035640 
0.864034 0.372994 0.017074 
0.785616 0.367973 -0.035542 
-0.872760 0.358833 -0.035640 
0.921330 -0.365764 0.014639 
0.336178 -0.920925 0.035092 
0.110918 -0.988162 0.031938 
0.690104 0.546821 -0.035640 
0.117877 -0.934687 -0.035640 
-0.167049 0.856497 -0.035492 
0.199948 -0.861381 0.035016 
-0.841345 -0.167983 0.020392 
0.384990 -0.834872 0.007371 
-0.653483 0.736899 -0.010530 
0.630213 -0.733911 -0.035634 
0.098838 0.946853 -0.035640 
0.843214 -0.205551 -0.035453 
-0.550612 0.744787 0.007055 
0.636776 -0.580988 0.000249 
-0.631352 -0.596533 0.000393 
-0.857166 -0.025833 0.026083 
0.976717 0.140479 0.005182 
0.003367 -0.868853 -0.033176 
-0.455533 -0.725838 0.016575 
-0.226166 0.934351 0.035028 
-0.713490 -0.682880 -0.007830 
-0.097772 0.846505 0.013328 
0.827857 0.469365 0.034436 
0.941425 0.196040 0.035163 
0.058942 0.897279 0.019000 
-0.404475 -0.768038 0.000075 
0.843332 -0.129221 0.004783 
0.695354 -0.510849 -0.022093 
0.477871 -0.772501 -0.035640 
-0.820126 -0.431905 0.007055 
-0.955715 -0.275409 0.034422 
-0.780150 -0.534239 -0.035640 
-0.675979 -0.624059 -0.035640 
-0.875041 -0.471931 0.034555 
-0.483682 0.745675 -0.035590 
0.737107 0.643247 -0.029729 
-0.882970 0.455138 0.004576 
-0.003890 -0.947607 -0.035640 
-0.588562 -0.670976 0.035026 
0.863172 -0.443568 -0.035637 
0.290932 -0.939638 -0.002840 
-0.035635 0.915485 -0.035640 
0.798500 -0.323365 -0.028232 
-0.464126 -0.854098 -0.035640 
-0.092553 0.864179 -0.035110 
-0.850021 0.113892 0.013294 
-0.830554 0.552932 0.026829 
-0.902800 -0.177098 -0.035640 
-0.398728 0.898584 -0.006398 
-0.818364 0.414289 -0.035640 
-0.892307 -0.273045 -0.035640 
-0.250647 -0.830911 -0.001654 
0.659812 -0.677102 -0.035628 
0.044901 -0.915836 -0.035640 
0.699227 -0.670130 0.035080 
0.830075 0.305615 -0.035640 
-0.651777 -0.609937 0.035028 
0.435144 0.808717 -0.035640 
0.835758 0.203178 -0.005588 
0.549265 -0.828449 0.028270 
-0.571945 0.685745 0.034529 
-0.688031 0.720128 0.009269 
0.144208 -0.905416 0.008336 
-0.744672 0.425893 0.032214 
0.536945 -0.721870 -0.035599 
-0.399214 -0.902152 -0.013882 
-0.129402 0.884365 0.031965 
-0.254772 -0.929467 -0.035640 
0.772903 0.438020 0.033311 
0.568421 0.796996 -0.010386 
-0.379901 0.815440 0.021916 
0.464354 0.786508 0.007945 
-0.035631 -0.959709 0.034852 
-0.675281 0.561200 -0.035639 
-0.084127 -0.851374 0.021891 
0.259247 -0.957898 0.033524 
-0.591979 0.686145 -0.035593 
0.480575 -0.870253 0.024146 
-0.444948 0.814422 0.007055 
0.725476 0.501795 0.035153 
-0.584843 -0.759005 -0.035640 
0.459631 -0.731632 -0.003394 
0.964759 -0.166486 -0.007537 
-0.794043 -0.324659 0.012471 
0.770544 -0.385703 -0.026986 
0.512055 0.848259 0.012466 
0.655554 0.652118 -0.035640 
-0.819531 -0.398555 -0.035640 
0.444160 -0.773116 0.034159 
-0.113658 -0.905748 0.010624 
-0.279534 -0.945738 -0.003418 
-0.953883 0.066658 -0.035640 
0.610651 0.694215 -0.035640 
-0.853104 0.284065 -0.035607 
0.773290 -0.435539 0.034679 
-0.931970 -0.030122 0.007174 
0.356582 -0.873471 0.014717 
-0.305734 -0.949815 0.024731 
-0.862847 -0.338833 -0.035640 
-0.156695 0.919772 -0.035525 
-0.436366 -0.781849 0.034339 
-0.251567 -0.850383 0.035052 
0.858395 0.029105 0.000690 
0.740637 -0.427985 0.003858 
-0.451273 0.738764 -0.012444 
0.277715 0.880752 -0.035640 
-0.907802 -0.333578 0.035163 
-0.968587 0.109785 0.035104 
-0.155910 -0.946345 -0.035640 
-0.604926 -0.733076 0.017306 
-0.665259 -0.541584 0.026873 
0.557690 -0.773563 -0.035550 
-0.074997 0.961368 0.035094 
-0.289189 0.934232 0.035109 
0.660178 0.600663 -0.035640 
0.070525 -0.982169 -0.016324 
0.612675 0.604501 -0.000346 
-0.421672 -0.761291 -0.032304 
0.144760 -0.962336 -0.035589 
0.286053 -0.877358 0.007055 
0.577181 -0.689804 -0.035640 
-0.236563 0.898179 -0.035573 
0.414259 -0.901136 0.032894 
-0.871512 0.437077 0.035099 
0.604523 -0.661112 -0.035640 
0.894497 0.408816 0.034862 
-0.944670 0.121760 -0.035640 
0.235790 -0.846857 -0.035562 
0.217395 0.955527 -0.028415 
-0.768473 0.475058 -0.035619 
0.902325 -0.171557 0.007055 
-0.958783 0.014780 0.033422 
-0.904408 -0.397025 -0.026957 
-0.590623 0.746127 -0.035621 
-0.955344 -0.163701 0.035135 
-0.591980 0.618390 0.031264 
0.926044 -0.019394 -0.035640 
-0.679716 0.688185 0.035133 
0.670663 -0.732283 0.021781 
0.507685 -0.740807 0.022175 
0.670959 -0.564791 0.035098 
0.798514 -0.350882 0.035093 
-0.427675 0.759560 0.035163 
0.945496 -0.293484 0.007887 
0.872275 0.433614 -0.034726 
0.877439 0.293645 0.007685 
-0.084185 -0.947761 -0.035640 
-0.571591 -0.654889 -0.010668 
-0.870339 -0.225548 0.032196 
0.230538 -0.933562 0.035138 
-0.053527 0.892562 0.030781 
-0.807819 -0.505221 -0.035640 
-0.947319 -0.290721 0.001708 
0.977447 0.049608 -0.010301 
0.876029 -0.189668 -0.035640 
0.935195 0.068463 -0.035640 
0.879786 0.154790 -0.035640 
-0.328793 -0.929569 -0.029296 
0.612536 0.656317 -0.035640 
0.326888 -0.788102 0.011389 
-0.739707 -0.481807 -0.035640 
-0.968250 0.146114 0.035081 
-0.826553 -0.562117 0.014298 
-0.570610 -0.739723 0.007682 
0.579911 0.645557 0.035163 
-0.928037 0.318202 -0.035250 
-0.839651 0.294900 0.035035 
0.389611 -0.790987 -0.035640 
0.815427 -0.477411 -0.035624 
-0.967141 -0.241163 0.032923 
0.456707 0.719891 0.033576 
0.674783 -0.539141 -0.031696 
-0.807658 -0.511139 0.027799 
-0.905283 -0.298833 0.021329 
-0.327313 0.817714 -0.035640 
-0.953558 -0.150494 -0.035640 
-0.905090 0.365367 0.035163 
0.168603 0.916533 -0.035640 
-0.306607 -0.825076 -0.035640 
0.741869 -0.453406 -0.035556 
-0.359277 0.926196 0.031227 
0.611426 -0.606393 0.001091 
-0.525544 -0.793450 -0.035640 
-0.226704 0.826738 0.034452 
-0.717599 0.674846 -0.008137 
-0.745779 -0.651087 0.035029 
-0.385428 -0.802839 0.035097 
0.861279 -0.479123 0.003403 
-0.830367 0.212144 0.024304 
-0.811253 0.560116 -0.003216 
0.258151 0.905640 0.015722 
0.783772 0.578164 -0.034681 
-0.521963 0.739059 -0.035640 
0.364086 0.898220 0.035090 
0.806505 0.263127 0.021450 
0.832218 -0.517853 -0.014790 
0.326080 -0.933423 0.003264 
-0.121806 -0.931384 -0.035640 
-0.843035 -0.352871 0.011380 
0.441471 0.766042 -0.035640 
-0.631371 -0.679797 0.007055 
0.300172 0.945167 0.026807 
0.102946 0.878831 -0.035640 
0.820198 0.554989 0.021324 
0.770623 -0.465927 0.016068 
-0.017994 -0.878399 0.035162 
-0.718519 0.650418 0.035123 
0.842815 0.097935 0.016257 
0.865139 0.456864 -0.003666 
0.226738 0.831578 -0.023149 
0.670794 0.580057 0.034468 
-0.524639 0.817214 0.035129 
0.116452 -0.896778 -0.035640 
0.192993 0.846813 0.035072 
0.891796 -0.131745 -0.035640 
-0.710287 -0.495592 0.001982 
0.139237 0.938576 -0.035640 
-0.534281 0.701745 -0.035640 
-0.795020 -0.579570 0.035060 
0.796630 -0.571522 -0.015355 
-0.764037 -0.476734 0.030537 
-0.221000 -0.972641 0.015052 
0.625879 -0.711408 0.022051 
0.030868 -0.953721 -0.035640 
0.516533 -0.816906 0.035049 
0.706312 0.470040 0.020137 
-0.754237 0.478046 0.034838 
0.873981 -0.007253 0.035045 
-0.404100 -0.846347 0.008713 
0.057913 0.957379 0.035101 
0.923405 -0.327203 -0.014806 
-0.860635 0.044101 0.034148 
-0.956750 0.281571 0.031046 
-0.827900 -0.237427 0.033294 
-0.180707 -0.906181 0.007055 
-0.802641 0.331476 0.035163 
0.725688 -0.597337 0.013571 
-0.382716 0.776474 -0.006555 
0.185236 -0.968259 0.000136 
-0.900508 0.004708 -0.035640 
0.450953 -0.746172 -0.035614 
0.858080 0.198305 0.035147 
-0.763353 0.388216 0.019594 
0.868365 0.445161 0.035163 
-0.030537 -0.894960 -0.035640 
0.030736 0.972525 -0.035640 
-0.801021 0.434985 0.011528 
-0.891994 -0.066762 0.035029 
-0.440715 -0.749003 -0.004650 
0.914137 0.208262 0.013921 
0.850913 -0.327447 0.008356 
0.838263 -0.250192 -0.035640 
0.317163 0.801464 -0.020997 
0.116032 0.895512 0.014390 
0.806070 -0.395784 -0.035532 
0.638309 0.610352 0.035157 
0.305298 0.855247 0.010238 
0.848926 -0.048608 0.007141 
0.773314 -0.603430 -0.006705 
-0.497802 0.798846 0.011923 
0.946948 -0.226991 0.035163 
-0.296443 0.940445 0.001998 
0.829032 0.512539 0.035126 
0.889122 0.140010 0.014588 
-0.949841 -0.219654 -0.035640 
-0.681677 0.553373 0.035082 
-0.095733 -0.992277 0.012118 
0.972737 0.107218 -0.002408 
0.268536 -0.939959 -0.035293 
-0.802946 -0.466186 -0.035640 
-0.001540 -0.956426 0.033390 
-0.984480 0.077114 -0.009496 
-0.217771 -0.840338 -0.003608 
-0.867880 0.024858 0.000399 
-0.665990 0.615765 -0.035640 
-0.843467 0.377392 0.007055 
-0.641295 0.640467 0.015041 
0.890420 0.067295 0.026002 
-0.665916 -0.733220 0.001580 
0.178617 -0.891232 -0.035588 
0.040139 -0.912130 0.010148 
0.902354 -0.381993 -0.008687 
-0.040748 -0.904884 0.015799 
0.363670 -0.901189 -0.035631 
-0.705014 0.614580 0.008520 
0.487277 0.709921 -0.022207 
-0.805475 0.324204 -0.001606 
-0.905805 0.030629 0.017252 
-0.853324 -0.415598 -0.035640 
-0.759083 0.585752 0.033911 
0.519611 -0.833457 -0.017393 
0.724471 0.674184 0.008721 
-0.573306 0.795452 0.035013 
-0.459448 0.850330 0.035017 
-0.615373 0.744493 0.035120 
0.086642 0.846809 0.012026 
0.255911 0.840032 0.035124 
-0.768435 0.628367 0.034160 
0.461074 0.819624 0.015378 
-0.932663 0.217072 0.032487 
-0.627493 -0.770375 0.034575 
0.670375 0.712753 -0.018675 
0.973212 -0.121109 0.000329 
0.296307 -0.910063 0.034597 
-0.817543 -0.378740 0.029127 
0.263433 -0.880210 -0.035488 
-0.043198 -0.854236 0.019912 
-0.245122 -0.851225 -0.035640 
-0.224328 0.839319 -0.034686 
0.522193 0.738047 0.011943 
-0.361215 -0.896890 0.035163 
0.873440 -0.444574 -0.003595 
0.944828 0.127308 0.034762 
0.906280 -0.031468 0.009916 
0.871736 0.099724 -0.035640 
0.956639 -0.033119 -0.035640 
0.696385 -0.691456 -0.016704 
0.037551 0.929418 -0.035640 
0.088993 -0.915997 -0.035640 
0.844498 0.297857 0.024217 
-0.887213 -0.227235 -0.035640 
-0.701925 -0.650750 0.031336 
-0.815867 -0.471817 0.010567 
-0.877263 -0.033114 -0.035640 
0.784417 0.468594 -0.035640 
0.790403 -0.343161 -0.002575 
0.875350 -0.253393 0.008482 
-0.951798 -0.031629 -0.035640 
-0.739938 -0.601544 -0.035640 
0.606845 -0.668574 0.015027 
0.286128 -0.911594 -0.035488 
0.749024 -0.651408 0.025479 
-0.899555 -0.137461 0.014135 
-0.523809 0.846172 0.010117 
0.706321 0.611849 0.011385 
-0.702349 0.622568 -0.035640 
-0.783817 0.560653 0.035056 
0.553025 0.659373 -0.018378 
-0.674680 0.679993 -0.035640 
-0.150119 -0.979612 0.003387 
0.948130 0.258046 0.035120 
0.001097 0.941631 0.014612 
0.333721 -0.847799 0.010312 
-0.068652 0.863402 0.035054 
0.869273 -0.212368 0.022170 
0.572997 0.764120 -0.035640 
-0.347807 0.875593 -0.035576 
-0.883004 0.254869 0.008388 
-0.344674 -0.936517 0.012132 
-0.478462 -0.789548 0.007420 
-0.789231 -0.376013 -0.034847 
-0.719840 -0.481986 0.035163 
0.093595 0.918704 0.007055 
0.889975 -0.136804 0.014895 
0.436993 -0.803009 0.008585 
0.847010 0.147612 -0.000000 
0.860825 -0.004572 -0.022219 
0.375058 -0.801930 0.035085 
-0.119426 -0.847087 0.020838 
0.949951 -0.175096 -0.035640 
-0.424496 0.890027 0.035050 
0.028913 -0.866436 -0.010251 
0.722000 0.582302 0.008199 
-0.986376 -0.033296 -0.029795 
0.311355 0.803578 0.035040 
-0.716891 0.505387 -0.035637 
-0.997690 -0.051379 0.028929 
0.803857 0.295820 0.002264 
-0.265767 0.839361 -0.035621 
-0.777764 0.509843 0.007055 
0.421013 0.791571 0.020552 
-0.288592 -0.849353 0.032698 
-0.562767 0.710851 0.014255 
-0.038446 -0.983049 -0.031422 
-0.009417 0.888994 0.034685 
0.782029 0.358516 -0.003713 
0.724538 -0.505386 -0.035640 
-0.722471 -0.557193 -0.035640 
0.934303 0.164622 -0.035640 
0.379994 -0.898896 0.035163 
-0.935908 0.144141 0.014365 
-0.750466 -0.512568 -0.035640 
0.619274 0.761686 0.001469 
-0.988250 0.004128 -0.001773 
0.729464 -0.654284 -0.031530 
-0.305453 -0.888777 0.009948 
-0.285499 -0.870691 -0.035640 
0.855455 -0.094141 -0.006850 
0.427317 -0.877944 -0.035393 
0.840328 0.500547 -0.028658 
0.038015 0.982693 0.001007 
0.296843 0.801246 0.004356 
-0.387008 0.761027 0.024797 
0.179207 -0.890987 0.012099 
0.147598 0.843831 0.003649 
0.973771 -0.065388 0.035125 
0.611004 0.712303 0.014037 
0.732794 0.601927 -0.035640 
-0.465009 -0.846599 0.035150 
0.222043 -0.824378 0.025877 
-0.372491 -0.873740 -0.035640 
-0.741704 -0.541135 0.008984 
-0.837776 -0.465117 -0.035640 
-0.349305 -0.811105 0.035163 
0.959066 0.110175 -0.035640 
-0.892501 -0.413516 0.035074 
0.740857 -0.534976 0.008146 
0.455614 0.867006 -0.005272 
-0.860715 0.489902 0.002363 
-0.906666 0.176032 0.007314 
-0.063610 -0.947122 0.018790 
0.159362 0.973071 0.003266 
0.824779 -0.237823 0.035163 
-0.650582 -0.570544 0.002331 
-0.617120 -0.624997 0.035099 
0.876185 0.360925 -0.035640 
0.070806 -0.859124 0.035075 
-0.207182 -0.963789 -0.024752 
-0.985439 -0.152943 0.032537 
0.798821 0.406937 0.020407 
0.551168 0.686563 -0.035640 
-0.699523 -0.675407 -0.035640 
-0.463187 0.751187 0.035163 
0.756071 -0.594792 0.035163 
0.966243 0.077115 0.035097 
-0.599168 -0.629763 -0.009966 
-0.852418 0.326737 0.011016 
-0.726781 0.568161 0.007153 
0.619086 0.673059 0.007546 
-0.918565 -0.208878 -0.035640 
0.065207 0.932789 0.010192 
-0.181357 -0.837107 0.008191 
0.964054 0.166519 -0.015774 
-0.604950 0.790240 0.030975 
0.954786 0.023375 -0.035640 
-0.552713 -0.764072 -0.035640 
-0.625568 0.703526 0.011718 
-0.333053 0.924825 -0.009357 
0.432061 -0.746622 0.000948 
-0.526988 -0.713534 -0.035640 
-0.076952 0.933656 -0.035640 
-0.023460 0.860574 0.001329 
-0.381006 -0.817122 -0.035640 
-0.126937 0.973641 -0.028122 
-0.748728 -0.442352 -0.000663 
0.120605 -0.857438 -0.000147 
-0.919786 0.387999 0.015917 
-0.025083 0.983510 0.001101 
0.716195 -0.458925 0.011649 
0.118647 0.958879 0.035070 
-0.772771 -0.531858 0.008473 
-0.574773 0.807300 0.004315 
-0.673893 0.611320 0.012009 
-0.860638 -0.290436 0.017136 
0.671066 -0.597130 0.019684 
-0.936615 0.045544 0.008497 
0.344415 0.780733 0.033703 
-0.208194 -0.925959 0.017588 
0.092193 0.976522 -0.005402 
0.875201 0.191484 -0.035640 
-0.438055 -0.836735 -0.035640 
-0.889193 0.121998 0.033484 
0.944220 -0.260437 -0.023964 
0.909482 -0.196938 -0.035640 
0.905575 0.057402 -0.035640 
-0.990579 -0.125849 0.007751 
-0.404161 0.838846 -0.035555 
-0.282078 0.902061 -0.035640 
0.641118 0.573690 -0.003829 
-0.456862 -0.779050 -0.035640 
0.885588 -0.089565 -0.035640 
0.666455 -0.670062 0.018743 
0.405096 0.904535 0.027546 
-0.183011 0.883666 -0.035535 
0.862385 -0.381755 0.017896 
0.716100 -0.571401 -0.035640 
0.405877 0.755307 0.035021 
-0.954583 0.178241 -0.035512 
0.074709 -0.863234 -0.021485 
-0.517099 -0.729366 0.034916 
0.729282 0.547969 -0.035640 
-0.780253 -0.359024 0.030667 
0.766169 0.627040 0.022084 
0.285279 -0.816710 -0.016702 
0.909061 -0.062775 0.008382 
0.047670 0.896113 -0.035640 
-0.316012 0.795049 0.032854 
0.834315 -0.381334 -0.035530 
-0.712977 -0.574544 0.012258 
0.327272 -0.893403 -0.035562 
0.323191 -0.815721 0.035129 
0.466896 -0.864612 -0.005673 
-0.456123 -0.875142 -0.003914 
-0.685225 -0.518599 0.007159 
-0.367425 0.893972 0.035060 
0.125009 0.849063 0.035018 
-0.878306 -0.453587 -0.001441 
0.667096 0.543377 -0.002292 
-0.825357 -0.274155 -0.022546 
0.945152 -0.151455 0.035163 
-0.749070 0.438118 -0.022209 
-0.255619 0.859105 0.028168 
-0.688912 -0.548501 -0.035640 
-0.085042 0.907537 0.009349 
0.823133 0.229852 0.003484 
0.751169 0.419096 -0.008789 
-0.223439 0.965002 0.033413 
-0.932308 -0.327047 -0.017973 
-0.489262 -0.857341 -0.010467 
0.930298 -0.101114 0.011941 
-0.824668 0.297119 -0.035597 
-0.917485 0.245365 0.020516 
-0.299377 0.854144 -0.035640 
-0.763638 0.633549 0.004233 
0.468455 -0.734916 0.035161 
0.935543 0.301630 0.034999 
-0.839249 -0.526649 0.001639 
0.861197 -0.435368 0.035067 
0.755604 0.492917 0.013129 
0.628790 -0.642273 -0.035570 
0.926943 0.341983 0.032167 
-0.842104 0.449084 0.028099 
-0.440224 0.855477 -0.035497 
-0.940601 0.000233 -0.035640 
0.787030 -0.322853 0.030528 
-0.044701 0.872753 -0.035640 
-0.906375 -0.269531 0.012556 
0.657450 -0.559198 -0.005510 
0.486245 -0.761488 0.015271 
-0.614435 0.611379 -0.024193 
0.073623 -0.934016 0.009284 
-0.034133 0.948617 0.025928 
-0.806115 -0.294781 0.025368 
-0.972188 -0.174062 -0.024607 
-0.539369 -0.840439 0.011602 
-0.652234 0.571210 -0.006634 
-0.088809 -0.895770 0.025209 
0.947849 0.242302 -0.027077 
0.551528 -0.664361 -0.013728 
-0.876570 -0.347751 0.010959 
-0.883081 0.167158 -0.035608 
0.789358 -0.515898 -0.035640 
-0.487193 0.770413 0.010562 
-0.195841 0.936070 0.034803 
-0.896305 0.225024 -0.035571 
-0.530035 0.681452 0.035163 
0.642879 -0.626234 0.021565 
-0.950982 0.258665 -0.032048 
0.583019 0.724168 0.008590 
0.721990 -0.561164 0.007948 
-0.499856 -0.827775 -0.035640 
0.846512 0.237806 0.035137 
-0.900106 -0.105437 -0.035640 
0.822161 0.359515 0.021066 
-0.844154 0.503308 0.035056 
-0.536085 -0.804000 0.035147 
0.634743 -0.590659 -0.034653 
-0.322496 0.796831 0.003338 
0.869124 -0.156503 -0.035640 
-0.904119 0.405991 0.035038 
0.750036 0.433725 -0.035335 
0.742967 -0.620208 -0.035640 
-0.913163 -0.053537 0.010694 
-0.500611 0.847186 -0.015118 
-0.940090 -0.067609 -0.035640 
-0.896287 0.116756 -0.035640 
0.736543 -0.482029 0.035134 
0.762793 0.547097 -0.035640 
0.410055 -0.893251 -0.009221 
0.704543 0.523460 0.035130 
-0.846980 -0.197441 -0.012079 
-0.896577 0.256516 -0.035558 
-0.853511 0.212168 -0.035635 
-0.779973 -0.584265 -0.035640 
0.485993 0.849675 -0.030933 
0.817866 0.537209 -0.018452 
-0.720595 0.560537 -0.035585 
0.274027 0.856305 0.017528 
0.520584 0.811473 0.035067 
-0.700174 0.503901 0.035012 
0.509830 0.678958 0.021846 
-0.507088 0.808676 -0.035609 
-0.893695 0.055875 0.034548 
0.248635 0.960430 0.020329 
0.233426 0.887814 0.007055 
0.349127 -0.918913 -0.016383 
0.367873 -0.813664 -0.035640 
-0.942043 0.330353 0.026671 
0.795677 -0.480180 0.008206 
-0.865844 -0.079811 -0.016209 
-0.659304 -0.687529 -0.035640 
-0.852521 0.168877 -0.006091 
0.833901 -0.214266 -0.008487 
0.779704 0.498703 -0.035640 
0.892000 0.280583 -0.035640 
-0.778853 0.547916 -0.035528 
-0.908823 -0.008366 0.014942 
-0.056653 -0.980806 0.035055 
0.374697 -0.768054 0.007254 
0.624607 0.592027 -0.024576 
-0.865615 0.078841 -0.021028 
0.628133 -0.574472 0.028872 
-0.948492 -0.109240 0.024983 
0.092756 0.973347 0.035128 
-0.269551 0.945048 -0.009618 
-0.136612 0.901868 0.009157 
0.174119 -0.848024 -0.003657 
0.774761 0.396686 0.035092 
0.815645 -0.561709 0.032282 
0.827515 0.242774 -0.032860 
0.850121 -0.293570 -0.035640 
-0.193514 0.843802 -0.032027 
0.208844 0.959170 -0.000368 
0.412554 0.755946 -0.027086 
0.017798 -0.988310 0.002176 
0.327579 0.835350 0.019914 
-0.844690 -0.264620 0.035122 
-0.855990 -0.094852 0.033703 
-0.556710 0.771913 -0.035640 
-0.764170 -0.406753 0.002531 
0.310361 -0.838697 -0.035583 
-0.743088 -0.456262 0.035163 
-0.669524 -0.737188 0.033614 
-0.153791 -0.865191 0.035127 
-0.763773 -0.634434 0.003275 
-0.378584 0.892754 -0.035499 
0.425684 0.735448 0.026267 
0.682116 0.671484 -0.035640 
-0.475089 -0.727524 -0.019018 
-0.429105 0.851542 0.032230 
0.229898 -0.834313 -0.009716 
0.940075 0.040514 0.016822 
-0.290455 0.821133 0.035072 
-0.725736 -0.520846 0.035144 
0.188581 0.957246 0.035142 
-0.852820 -0.498384 -0.028662 
0.365189 0.869073 0.017275 
0.482037 0.853085 -0.002162 
0.272054 0.852073 -0.035640 
0.525976 0.776073 0.012985 
-0.892361 0.082149 -0.035640 
-0.174732 0.836393 0.032366 
-0.268327 0.914062 0.031881 
0.687657 0.634272 0.011774 
0.582836 0.703288 -0.035640 
-0.112470 0.856332 -0.015303 
0.082655 0.859037 -0.014413 
-0.903213 -0.410015 0.002473 
0.425710 0.879374 0.035129 
-0.329795 0.915093 0.035104 
0.384496 0.900990 -0.018001 
0.558923 -0.704439 0.019967 
-0.629514 -0.643721 -0.035640 
0.477950 -0.827902 -0.035640 
0.152266 -0.966110 0.035014 
0.495961 0.717358 0.035163 
0.595094 0.777636 -0.006902 
-0.127402 0.984950 0.030130 
0.545437 0.755007 0.009263 
-0.986175 -0.057294 -0.012337 
0.373374 -0.872084 -0.035640 
0.258143 -0.957405 0.004683 
0.832133 0.444298 0.020784 
0.690592 -0.502802 0.005209 
0.497410 0.734509 -0.035640 
-0.559041 -0.818403 0.002251 
-0.261559 0.813137 0.007515 
-0.479616 0.830046 -0.035604 
0.550694 0.809051 -0.029643 
0.203912 0.884674 0.010603 
-0.006237 0.854283 0.033264 
-0.714279 0.481808 0.003527 
-0.958775 -0.264469 0.004085 
-0.618384 0.765804 -0.004793 
0.688006 0.516613 -0.005751 
-0.859454 0.262000 0.031893 
-0.226498 -0.915554 -0.035640 
0.355268 -0.928871 0.009911 
0.923885 0.177990 0.016689 
-0.404576 0.771904 -0.035355 
-0.651779 -0.722579 -0.035640 
-0.126949 -0.857939 -0.004834 
0.787503 -0.417548 -0.035522 
0.590917 -0.629153 -0.005363 
-0.943459 -0.067199 0.012638 
-0.016415 0.963691 -0.035640 
0.817971 -0.269363 -0.015570 
0.723671 0.446791 0.032169 
0.099133 -0.988633 0.005950 
-0.588107 -0.770783 0.035132 
-0.143468 -0.897790 0.013151 
0.164365 0.867298 0.035145 
0.167523 0.883138 -0.035640 
0.955875 -0.212376 -0.010597 
0.483215 -0.810608 0.015482 
0.207279 -0.961790 -0.016874 
-0.673448 0.527563 0.026378 
-0.450865 -0.752536 0.035163 
0.172438 -0.836428 0.028189 
0.665562 0.682677 0.034927 
0.688028 -0.566973 -0.035640 
0.674503 -0.593138 -0.035613 
0.203777 0.917304 -0.035640 
0.833580 0.441494 -0.035640 
0.848765 -0.508737 0.006390 
0.889206 -0.032003 0.032562 
0.438280 0.875997 -0.025837 
-0.032902 -0.925398 -0.035640 
0.390549 0.767646 -0.013579 
0.222058 -0.905955 -0.035554 
-0.225312 0.936140 -0.035623 
-0.156271 0.850064 -0.010103 
0.341095 0.889234 -0.035640 
0.900319 0.036290 0.013734 
-0.926958 -0.194970 0.013835 
-0.252474 -0.891908 0.007055 
0.020929 -0.973541 0.035098 
0.512989 0.812928 -0.035640 
-0.329233 0.910221 -0.035614 
-0.764470 0.412006 -0.029188 
-0.821364 0.360620 -0.035640 
0.329083 0.921502 -0.031704 
-0.668132 0.588272 0.035114 
0.889135 0.252177 -0.035640 
-0.058239 0.979936 -0.014940 
0.827713 -0.448626 -0.035595 
-0.975706 -0.216475 0.022283 
0.929453 -0.007014 0.008586 
0.133832 -0.857906 0.035163 
-0.834371 -0.306314 -0.035640 
0.923454 0.111984 0.009054 
-0.913386 -0.378656 -0.001831 
-0.862044 0.331475 -0.035640 
0.879492 -0.264915 -0.035640 
0.642013 -0.757992 0.015420 
-0.569781 0.703472 -0.035607 
-0.798112 0.595257 0.006693 
-0.933483 -0.129299 -0.035640 
-0.894885 0.341452 -0.035602 
-0.612841 -0.663238 0.023100 
0.152389 0.908889 0.007055 
0.771283 0.464265 0.016684 
-0.554798 0.656972 0.003843 
-0.793760 -0.426452 -0.035640 
-0.164640 -0.943330 0.033339 
-0.693610 0.663276 0.034820 
-0.222695 0.824821 0.006780 
-0.487158 0.715003 0.000490 
-0.945457 -0.325265 0.013371 
0.576880 -0.808811 0.019330 
0.475330 0.774128 -0.035640 
-0.125886 0.852143 0.035028 
-0.899153 0.097300 0.020016 
-0.324652 -0.805613 -0.015259 
0.848923 0.009855 0.025791 
-0.767168 -0.581783 0.034896 
0.570036 0.793442 0.035134 
-0.737494 -0.656871 -0.027898 
0.877042 0.013778 -0.035640 
-0.769106 -0.558398 0.017373 
0.968703 0.202530 0.029855 
-0.879156 0.228018 0.014973 
0.430121 -0.820164 -0.035640 
0.941253 0.154978 0.035027 
-0.945230 0.283143 -0.010095 
-0.811734 -0.403805 0.018477 
0.582928 0.755366 0.035071 
-0.771040 0.604518 -0.035173 
-0.419170 -0.878061 0.035113 
-0.175280 -0.981684 0.015034 
0.895994 -0.319297 0.032643 
-0.451865 0.787931 -0.035523 
0.984021 -0.007534 0.034894 
0.585596 -0.652447 0.035090 
0.853669 0.481827 0.000456 
-0.989725 -0.008018 0.034888 
0.800897 0.569480 0.035041 
0.550981 0.818746 0.004560 
0.733676 0.551311 0.007055 
0.846012 -0.184315 0.035163 
0.124513 -0.926827 0.008596 
-0.368851 -0.859075 0.008004 
-0.654237 0.716686 -0.035533 
-0.930251 0.209250 -0.035528 
-0.279685 -0.902738 -0.035640 
-0.925115 -0.366434 0.034313 
0.271499 0.812353 0.003220 
0.944967 -0.119559 0.034526 
-0.793492 0.516383 -0.035536 
-0.864566 -0.164463 -0.035640 
-0.881012 -0.385152 -0.035640 
0.694957 0.699952 0.004638 
-0.376073 0.912073 0.001786 
-0.537615 -0.827714 -0.022568 
-0.431035 0.787221 0.027614 
0.694827 -0.636490 -0.035595 
0.013797 0.908692 0.010534 
0.938688 -0.256001 0.035163 
0.859979 -0.028797 -0.008732 
-0.110752 -0.956581 -0.035640 
0.199292 -0.842673 -0.017229 
-0.837534 0.186302 0.030431 
-0.817102 -0.555445 -0.010650 
-0.615739 0.595576 0.031403 
0.901699 0.379797 -0.025458 
-0.439062 -0.800962 0.011126 
-0.272489 -0.815760 0.005055 
0.408978 -0.852223 -0.035640 
0.444252 -0.849108 0.035023 
-0.875075 0.031855 -0.035357 
-0.013869 -0.984977 -0.019504 
-0.322808 0.869415 0.007055 
0.057823 0.955372 -0.035640 
-0.965577 0.186184 0.035060 
0.888261 -0.326197 -0.035603 
-0.139632 0.941130 -0.035494 
0.650178 0.731674 -0.007352 
0.781078 -0.561904 -0.035640 
-0.200373 0.963900 0.000573 
0.812331 0.283911 -0.029067 
0.653690 0.728831 0.035145 
0.155838 0.967905 -0.024267 
0.769235 -0.546398 0.017776 
-0.556873 -0.705320 -0.035640 
-0.214327 -0.874179 0.026660 
0.142850 -0.876008 -0.035640 
0.675679 -0.699260 -0.035640 
0.866150 0.172278 0.035158 
0.802133 -0.418125 0.012309 
0.259459 -0.883273 0.007232 
-0.020135 -0.866657 -0.019593 
0.930560 -0.155987 -0.035640 
-0.089919 -0.895254 -0.035640 
-0.699040 0.694381 -0.018148 
-0.618651 0.666321 0.012321 
0.256025 -0.815908 0.031379 
-0.909390 -0.057326 -0.035640 
0.782439 0.587540 -0.005162 
0.038877 -0.979690 -0.034522 
0.439388 0.740639 -0.023350 
0.540476 -0.797129 -0.035614 
-0.936673 -0.157222 0.016498 
-0.352579 0.789860 -0.003436 
-0.327609 -0.901422 -0.035640 
-0.646688 -0.611810 -0.035640 
0.901307 -0.204059 0.007202 
-0.410325 -0.774413 0.035105 
0.546659 -0.654454 0.031272 
-0.921451 -0.355939 -0.016556 
0.876782 0.089990 0.035150 
-0.593654 0.681625 0.017226 
0.936542 -0.323704 0.008571 
0.093075 -0.952558 -0.035640 
0.252884 0.899255 -0.035640 
0.562552 0.698250 0.019654 
0.507388 0.694719 0.000068 
-0.578809 -0.714021 0.008526 
-0.367530 0.819823 -0.035602 
-0.785312 0.386306 0.035108 
0.410085 0.851694 0.021549 
0.533436 -0.837707 0.008548 
0.627362 -0.684375 0.007643 
0.736416 0.635060 0.035112 
0.543741 -0.774314 0.018824 
-0.052700 0.850157 0.010531 
0.045872 0.867896 0.035072 
0.732327 0.451731 -0.017465 
-0.065241 -0.857872 0.003906 
-0.817084 0.295581 -0.008864 
0.752836 -0.511685 -0.035640 
-0.815174 -0.362609 -0.035640 
0.778797 0.338357 0.029664 
0.206408 -0.945326 0.035115 
0.839734 0.123193 0.024808 
-0.544868 0.827489 0.004033 
0.761689 0.543267 0.011998 
0.752871 -0.403075 0.004979 
0.825231 -0.502544 -0.035640 
0.406731 0.851813 -0.035640 
-0.614547 -0.598518 0.021133 
-0.817762 -0.545753 0.035065 
0.609376 -0.750647 -0.035572 
0.271805 -0.843577 0.035038 
0.564396 0.634436 0.016467 
-0.951753 -0.136829 0.034527 
-0.698235 0.514891 -0.019106 
-0.966580 0.251973 0.019145 
-0.997781 0.053855 0.024652 
-0.282958 0.938607 -0.032970 
0.208398 0.856875 -0.035640 
0.229838 -0.860715 0.035017 
0.871303 0.128935 -0.035640 
0.923563 0.229140 -0.035640 
-0.633071 -0.672161 -0.035640 
-0.399142 -0.914934 0.025650 
0.812379 0.491892 0.033234 
-0.978706 0.131315 -0.019437 
-0.618374 0.624804 0.035085 
-0.613445 0.670486 -0.035606 
-0.423318 -0.891261 -0.011496 
-0.645007 -0.747682 -0.020298 
-0.116421 -0.978589 -0.010743 
-0.897816 -0.243019 0.007055 
0.339367 0.919646 -0.002220 
0.962883 -0.193268 0.035163 
-0.880820 -0.304912 0.007055 
0.835410 0.412346 -0.035640 
0.177789 -0.862451 -0.035629 
0.810760 0.465976 -0.035640 
-0.470732 0.865068 -0.000085 
-0.755348 -0.635691 -0.029076 
0.513012 -0.690148 0.035162 
-0.815628 0.573763 0.020378 
0.110791 0.876991 0.035150 
-0.446290 -0.833384 0.012960 
0.685757 -0.704886 0.035134 
0.837101 -0.526674 0.033281 
0.920508 -0.231072 -0.035640 
0.814756 0.237892 0.027136 
-0.328790 0.840108 0.017669 
-0.365646 -0.922837 0.034721 
0.830316 -0.480379 0.035039 
-0.104372 0.899266 -0.035598 
-0.787341 0.365837 -0.019053 
0.015991 -0.854863 0.024995 
-0.477226 -0.712893 0.009282 
0.506320 -0.731706 -0.035613 
-0.867979 -0.054118 -0.021207 
-0.794620 -0.606481 0.027567 
-0.303344 -0.905830 0.030311 
0.923425 -0.211012 0.027669 
0.839764 -0.393545 0.007890 
-0.967011 -0.199096 -0.030816 
-0.735475 0.655790 -0.006332 
-0.312081 -0.857821 0.011164 
0.745527 -0.570513 -0.035640 
-0.623398 -0.779945 0.008943 
0.834416 0.532722 0.019409 
0.912947 -0.386787 0.027708 
0.418964 -0.863625 0.035163 
-0.838887 -0.508960 0.035074 
0.265320 0.808772 0.030591 
-0.929657 -0.273751 0.035137 
0.820247 0.414065 0.007055 
-0.886794 0.432401 -0.021690 
0.421863 -0.759595 0.035021 
0.868976 -0.028366 -0.035640 
-0.575260 -0.806516 0.035021 
-0.827788 0.324558 0.035110 
0.932850 0.294175 -0.016989 
-0.749237 -0.625238 0.035101 
-0.250399 0.956627 0.003750 
0.596681 -0.607329 0.022745 
0.175600 -0.936789 -0.035528 
0.725044 0.657172 -0.011332 
0.226403 -0.880289 -0.035574 
-0.610242 -0.776124 -0.026091 
0.735609 0.662228 0.030110 
-0.478838 0.868112 0.033855 
-0.742671 0.439135 0.002954 
-0.981954 0.102932 -0.008060 
0.878649 -0.363159 0.032337 
0.333678 -0.866069 -0.035605 
0.842754 -0.117187 0.031763 
0.951990 -0.051260 0.034976 
0.574467 -0.796468 -0.003370 
0.106463 0.922060 -0.035640 
-0.551599 0.772781 0.020490 
0.751288 -0.493964 0.017482 
0.309589 0.886997 0.013842 
-0.233118 -0.823669 0.015955 
-0.537979 -0.678340 0.002038 
0.866266 -0.402092 0.035020 
-0.971265 0.176646 -0.015816 
0.938153 -0.306890 0.034041 
0.769222 -0.464457 -0.035619 
-0.114674 -0.870340 -0.035640 
0.557078 -0.648085 0.005534 
0.181692 0.963843 -0.006888 
-0.740855 0.544560 -0.035576 
-0.597222 0.736634 0.018552 
-0.503228 -0.754860 0.016168 
0.699452 0.489047 0.004123 
-0.874872 -0.138967 -0.035640 
0.763227 0.593111 0.035088 
-0.232219 -0.948399 -0.035640 
0.361511 -0.845283 0.007421 
-0.987034 0.020994 -0.027917 
-0.680599 -0.573343 -0.035640 
0.810201 -0.552801 -0.004209 
-0.349821 -0.782126 0.028707 
-0.226514 0.966821 0.008019 
-0.496044 0.848051 0.035146 
0.594389 0.638202 -0.035640 
-0.051492 0.936513 -0.035640 
-0.774585 0.391991 -0.011328 
-0.500060 -0.864568 0.026014 
-0.184926 -0.851442 0.035125 
-0.409362 0.815221 0.009855 
0.775543 0.435781 -0.035640 
0.054318 -0.864660 -0.001395 
-0.467448 0.767637 -0.035527 
-0.743155 -0.537080 -0.035640 
-0.629869 -0.711439 0.017206 
-0.531533 -0.694629 0.035155 
0.974704 -0.177193 0.013416 
-0.583134 0.642573 -0.031006 
-0.992889 -0.105383 0.030550 
0.772002 0.610537 0.003481 
-0.905937 -0.112852 0.011727 
-0.159673 0.884290 0.021500 
0.278835 0.951587 0.014350 
0.239139 0.917748 0.027701 
-0.660574 -0.706649 0.035144 
-0.474182 0.808274 0.009869 
-0.101056 -0.875721 0.035130 
-0.019022 0.896142 -0.035640 
0.147883 -0.937033 -0.035596 
0.860071 -0.157287 0.035110 
0.859029 0.052380 -0.009660 
-0.111154 0.899856 0.011979 
0.959041 0.020624 0.034931 
0.311778 -0.805571 0.000640 
0.981320 -0.137121 0.022695 
0.840849 0.386335 -0.035640 
0.137786 0.942201 0.032987 
0.966307 -0.056660 -0.035640 
-0.569545 -0.641211 0.017161 
-0.727266 0.663454 -0.030290 
0.476871 0.762317 0.016478 
-0.551863 -0.676921 0.035123 
0.818886 0.360624 -0.035640 
-0.866646 0.470328 -0.017189 
0.197244 -0.922112 0.013414 
-0.858034 0.403992 0.019733 
-0.179821 -0.954884 -0.035640 
-0.864457 -0.166981 0.035089 
-0.840923 -0.190288 0.034117 
-0.840312 -0.317137 0.033198 
0.797970 -0.293226 0.028172 
-0.255239 -0.817326 0.026600 
-0.284616 -0.940405 0.035058 
0.944442 -0.002011 -0.035640 
0.897782 0.112970 -0.035640 
0.835604 0.264973 0.035126 
-0.835224 -0.227379 0.002365 
-0.084734 -0.870496 -0.035532 
0.614283 -0.769613 0.035106 
0.246623 -0.839066 0.035088 
-0.783611 -0.449928 -0.035640 
-0.456344 -0.781537 0.018888 
-0.152482 0.926590 0.011775 
0.920054 0.332093 -0.012408 
-0.761741 -0.439256 0.035163 
-0.183528 0.888107 0.012186 
-0.633559 0.639912 -0.035640 
-0.802604 0.455904 -0.035640 
-0.680150 0.538039 -0.026891 
0.238384 -0.903894 0.008682 
0.840073 -0.189512 -0.010310 
-0.852607 0.205965 0.035014 
-0.845602 -0.143843 0.014590 
-0.160179 -0.968708 0.035059 
-0.608326 0.774030 -0.026357 
-0.894189 0.443283 0.026096 
0.872391 0.251036 0.009424 
0.534929 0.680283 0.035163 
0.989289 -0.030235 0.008775 
-0.807794 -0.322290 -0.013456 
-0.315427 0.824072 0.035131 
0.369017 -0.843963 -0.035640 
-0.858072 -0.267358 -0.035640 
-0.846413 -0.427855 0.014697 
-0.931936 0.077329 0.007916 
0.849246 -0.140710 -0.016753 
-0.662430 0.744488 0.027061 
-0.347597 -0.870614 -0.035640 
-0.828359 0.500692 -0.035592 
-0.699565 -0.646972 -0.035640 
0.254640 -0.827219 -0.025852 
0.652096 -0.719602 -0.035640 
0.950221 -0.236409 -0.014813 
-0.489637 -0.740697 0.035163 
-0.038105 0.974377 0.035163 
-0.895877 0.284335 0.009927 
0.952890 0.221341 -0.014403 
0.408503 -0.761742 -0.004376 
0.461952 0.854541 -0.035615 
0.746949 0.434000 0.035059 
-0.650016 0.690257 -0.035593 
0.988889 0.054303 0.019171 
0.280884 0.905229 0.025936 
-0.785071 -0.600123 -0.011715 
-0.527873 0.754971 0.007196 
-0.585256 -0.803852 0.004602 
-0.376713 0.852871 -0.035553 
-0.692393 0.713233 0.032807 
0.630075 0.748902 -0.016975 
0.644461 0.586227 0.035143 
-0.833007 0.246873 -0.012228 
0.978229 0.025024 -0.006486 
-0.812730 -0.278760 0.007510 
0.581876 0.801352 0.010091 
0.978515 -0.016893 -0.012487 
0.116899 0.974106 -0.003962 
0.952378 0.050519 -0.035640 
-0.726023 -0.478611 -0.006994 
0.637768 -0.746411 -0.015108 
-0.697137 -0.710912 0.005163 
-0.855143 0.124874 0.034957 
-0.687648 -0.561487 0.035054 
0.847132 0.333465 -0.035640 
0.158150 -0.971254 -0.016729 
-0.577298 -0.786656 -0.035640 
-0.708108 -0.598270 0.007055 
0.468619 0.718324 0.001967 
-0.852549 0.089843 0.018591 
-0.865015 -0.004949 0.002758 
-0.730239 0.484058 0.035085 
-0.889795 -0.429735 -0.010865 
-0.418688 0.901445 0.007916 
-0.502253 -0.702773 0.002980 
-0.912912 0.127390 0.007844 
-0.691962 -0.696265 0.035072 
-0.445648 0.836220 0.018652 
-0.598851 0.794269 0.007400 
-0.913348 0.373511 -0.013184 
-0.099285 0.947682 -0.035580 
-0.293310 0.889668 0.010199 
-0.693471 -0.524813 -0.028339 
-0.245724 -0.921093 0.024972 
0.873155 0.350090 0.016889 
-0.924018 0.164551 -0.035550 
0.858030 -0.069637 -0.007304 
-0.031155 0.927119 0.007444 
0.933858 0.201152 -0.035640 
0.015665 -0.914769 0.009213 
0.228417 0.946465 0.035163 
0.837185 -0.141380 0.025360 
0.262807 -0.933569 0.035087 
0.830889 -0.346236 0.015718 
0.099224 -0.863921 0.035163 
0.821328 -0.317884 -0.035598 
0.491928 -0.851875 -0.000747 
-0.986766 0.037673 -0.006577 
-0.161747 0.837181 0.010086 
-0.645596 0.758192 0.009382 
-0.848302 0.259983 -0.035624 
-0.663636 -0.585383 0.035066 
0.178983 0.843348 -0.011288 
-0.548988 0.798807 0.035065 
-0.035844 0.901197 0.016067 
-0.277545 0.848948 0.032728 
0.807406 -0.269850 0.006566 
0.321011 0.868224 -0.035640 
0.950435 -0.093435 -0.035640 
0.900513 -0.376804 -0.034437 
-0.784276 0.538918 0.023836 
-0.889128 0.334829 0.020709 
-0.457615 -0.887311 0.020402 
0.217417 0.845852 0.035097 
0.923897 0.084535 0.008311 
-0.870429 -0.451664 -0.035478 
-0.727240 0.598685 -0.035596 
-0.322019 -0.938127 0.003193 
0.628189 0.677244 -0.035640 
-0.175155 0.931514 0.021408 
-0.879147 -0.250258 -0.035640 
0.408153 0.810601 -0.035640 
0.605757 -0.699046 0.007055 
-0.140395 -0.945598 0.032290 
-0.919400 -0.337786 -0.035640 
-0.284403 0.952585 0.019810 
0.507923 0.837014 -0.022409 
-0.705750 0.563362 0.019787 
0.911787 -0.356753 0.035141 
-0.070209 -0.984392 -0.000138 
-0.385253 -0.819775 0.017619 
-0.764641 -0.605985 0.035103 
0.478198 -0.716697 0.001513 
0.835270 0.148888 0.021267 
0.961632 -0.116104 -0.035640 
0.515837 -0.709336 -0.035632 
-0.155820 0.884813 -0.035504 
-0.204283 0.948272 -0.035633 
0.874175 0.385614 0.035163 
-0.863987 0.415938 -0.035640 
0.851060 0.505907 0.027429 
0.751872 0.628245 -0.000081 
0.331814 0.886989 0.024337 
0.912418 0.254941 0.029698 
0.492122 -0.841857 0.035032 
-0.806396 0.551855 0.035014 
-0.123784 0.974301 -0.004107 
-0.424196 0.790216 -0.035532 
0.918182 0.370488 0.019431 
-0.955242 -0.043636 0.029221 
0.950746 0.230410 0.035163 
0.702253 -0.600813 0.007055 
0.167547 -0.911589 0.007055 
0.668053 0.523016 0.020640 
-0.758913 -0.424711 -0.021234 
0.459707 0.754918 0.035163 
-0.247501 -0.965600 0.008157 
-0.844594 -0.211700 -0.031586 
-0.783588 0.443087 0.026116 
0.593635 -0.782656 -0.008664 
-0.665336 -0.666720 0.010486 
0.717421 0.483245 -0.035042 
-0.532852 0.761936 -0.035640 
0.768526 0.359557 0.024569 
-0.724733 0.593339 0.008755 
0.829257 -0.436637 0.011843 
0.622670 0.753291 0.035163 
0.527328 0.838520 0.028326 
-0.764458 0.456283 0.035161 
-0.551684 -0.755608 0.007982 
0.889914 0.405857 -0.023763 
0.543884 0.655451 0.005464 
0.821350 -0.287370 0.035111 
-0.491551 -0.811767 0.016145 
0.715399 -0.687218 0.030443 
-0.877124 0.160705 0.035062 
-0.821824 0.243093 0.013387 
0.767711 -0.566880 0.034588 
0.737628 -0.446189 -0.011433 
0.790913 -0.474584 -0.035632 
0.782973 0.521244 0.016556 
0.345371 -0.800544 -0.035413 
-0.383396 0.786288 -0.035638 
-0.022218 0.992765 0.022962 
0.705858 -0.481329 0.004792 
-0.388061 0.832770 0.007638 
0.706326 0.527337 -0.035640 
0.206959 -0.877842 0.019217 
0.238403 0.944725 -0.035244 
-0.930617 0.350823 0.033808 
0.460919 0.727185 -0.026070 
-0.740256 -0.671150 0.023415 
0.496901 -0.787624 0.008128 
-0.273547 0.820572 -0.017708 
-0.043428 -0.866042 -0.000971 
0.871491 -0.404922 -0.035571 
0.093312 -0.883804 -0.035640 
0.079471 -0.896376 0.023822 
0.621085 -0.645223 0.026472 
0.249274 0.825116 -0.019313 
0.092355 0.896568 0.015978 
0.535066 -0.822356 -0.031600 
0.745836 0.487859 -0.035640 
0.395922 -0.779703 0.035014 
0.070261 0.888815 -0.035640 
-0.874372 -0.476090 0.004970 
0.868351 -0.099501 0.035109 
-0.716998 -0.696044 0.011568 
-0.982445 0.074628 -0.032962 
0.454348 -0.819040 0.010239 
-0.872739 0.194531 -0.035614 
0.810028 -0.293808 -0.012999 
-0.921576 0.295923 0.035137 
0.568727 0.651421 -0.034471 
0.800945 0.323969 0.035060 
-0.245215 0.873255 0.012357 
0.430650 -0.792059 -0.035640 
-0.780617 -0.616711 0.004489 
-0.904727 0.395995 -0.000400 
0.495738 -0.707440 -0.022413 
0.952613 -0.273158 0.020515 
-0.633551 -0.595602 -0.024691 
-0.335694 0.797394 -0.027155 
0.972880 -0.146988 0.002895 
0.350175 -0.901984 0.035163 
0.906304 0.323981 -0.035640 
0.804503 0.304623 -0.021080 
-0.710264 -0.614025 -0.035640 
0.689023 0.650978 0.030480 
0.887599 -0.083060 0.030352 
-0.195503 -0.971012 0.002641 
0.684466 0.602466 0.008097 
0.892961 -0.238549 -0.035640 
0.048727 0.991606 0.019943 
0.584772 -0.688392 0.014890 
-0.021156 -0.980685 0.035061 
-0.369755 -0.877890 0.022008 
0.868726 -0.211975 -0.035640 
0.347279 0.841620 0.008818 
