0.391616 -0.868428 -0.058474 
-0.369369 0.923610 0.041380 
-0.915280 -0.371607 0.023357 
0.912673 0.406060 0.016687 
-0.374170 -0.915364 0.037226 
-0.906434 0.387182 0.051995 
0.932444 -0.345767 0.049593 
0.374427 0.925415 0.032891 
0.018265 -0.989978 0.033351 
-0.614343 -0.616159 -0.058612 
-0.843645 0.010403 -0.047966 
-0.661071 0.674373 -0.058648 
0.726372 -0.677300 0.011981 
0.853501 0.025447 -0.051145 
0.003219 0.850900 -0.044564 
0.595820 0.614507 -0.053170 
-0.155744 -0.829243 -0.040041 
0.730054 -0.445963 -0.055744 
0.170592 -0.809044 0.028990 
-0.445509 0.699507 0.034662 
0.496444 -0.682475 0.055288 
0.978020 0.187074 0.050805 
-0.681976 0.479742 0.053995 
0.797310 0.601461 0.046091 
-0.699625 -0.433338 0.039677 
-0.151360 0.981139 0.050611 
-0.956356 -0.154656 0.055187 
0.159743 0.982800 0.048325 
0.578494 0.814043 0.043011 
-0.974208 0.169539 0.030131 
0.990602 -0.116314 0.046026 
-0.429791 -0.729564 -0.055217 
0.829769 -0.196220 -0.050657 
-0.592312 -0.786429 0.051151 
-0.220639 0.823672 -0.054123 
-0.808280 0.249308 -0.052025 
0.410177 0.748496 -0.049113 
0.730787 0.442603 -0.049207 
0.817540 0.245350 -0.045576 
0.221052 0.803298 0.021345 
-0.772849 -0.612861 0.047743 
-0.814828 -0.218344 -0.051360 
-0.827240 0.510041 -0.047914 
0.834885 -0.540641 0.047096 
0.260156 -0.957152 0.035095 
-0.580314 0.805634 0.031978 
0.593104 -0.767380 -0.055606 
-0.204008 -0.967714 0.043908 
0.639050 -0.537150 0.051782 
0.009480 -0.848348 -0.055066 
0.327120 -0.764382 0.051304 
-0.283459 -0.779704 0.052615 
-0.831734 -0.491529 -0.048573 
0.771620 -0.324717 0.052699 
-0.763722 0.620618 0.054071 
0.504259 -0.843852 0.055018 
-0.572992 0.604079 0.052366 
-0.988173 0.001747 0.013736 
-0.818961 0.132655 0.052558 
-0.454583 0.821930 -0.058483 
0.006461 0.996805 0.043362 
-0.514987 -0.649861 0.053156 
0.138699 -0.953096 -0.057636 
0.498945 0.671351 0.049093 
0.838105 -0.087639 0.054744 
0.670664 0.694190 0.051725 
0.996783 0.043244 0.014074 
-0.117986 0.831103 0.054087 
-0.322505 0.779310 0.055160 
0.662160 0.538852 0.055215 
0.258409 0.935682 -0.056805 
0.839037 0.140689 0.055147 
-0.816613 -0.108156 0.042867 
-0.754687 0.379512 -0.020241 
0.577780 -0.624602 -0.052263 
0.786533 0.338850 0.055229 
0.870206 -0.432228 -0.055381 
-0.782641 -0.321325 0.055241 
-0.287845 -0.865885 -0.058516 
0.445266 -0.740225 -0.058448 
0.135386 0.875880 -0.058648 
-0.108514 -0.964515 -0.048140 
-0.917021 -0.100939 -0.058648 
-0.115644 0.918194 -0.058648 
-0.625972 -0.553258 0.055210 
-0.059366 -0.834083 0.054900 
-0.702199 -0.519037 -0.058648 
0.952034 -0.226652 -0.019492 
0.727325 0.647032 -0.054939 
-0.471226 -0.847396 -0.015259 
-0.531624 0.675408 -0.058439 
0.272996 -0.818359 -0.058646 
-0.668624 0.545841 -0.058405 
0.936807 0.133825 -0.058648 
-0.251096 0.943981 -0.020755 
-0.928843 0.282251 -0.017746 
-0.661896 -0.679865 0.041555 
-0.935000 -0.255128 -0.031769 
0.464937 0.862065 -0.033075 
0.761795 -0.568812 -0.058648 
0.845538 0.496367 -0.045342 
0.934799 0.294337 -0.038779 
0.346041 0.780662 0.055203 
0.926117 -0.087063 -0.058648 
-0.878224 0.142486 -0.058585 
0.608534 0.740017 -0.058648 
-0.555915 -0.727695 -0.058506 
-0.784865 -0.374783 -0.058648 
0.083989 0.828440 0.045155 
0.821065 -0.318089 -0.058590 
0.370417 -0.902970 0.055104 
-0.672072 0.710190 0.055288 
0.626707 -0.734944 0.054562 
0.062741 -0.854575 0.053659 
-0.466490 0.854627 0.055288 
0.055073 0.963535 -0.058648 
0.314114 0.831986 -0.058648 
-0.781170 0.293501 0.054543 
-0.394392 -0.740295 0.055285 
-0.334298 0.843249 -0.058567 
-0.873340 0.390720 -0.058415 
0.838544 0.360233 -0.058648 
0.135122 -0.967437 0.055279 
0.715762 -0.444870 0.055063 
-0.849434 -0.458492 0.055235 
-0.840698 0.475293 0.055220 
0.690225 0.544969 -0.058648 
0.813610 -0.218265 0.054507 
-0.227968 0.831488 0.053395 
0.119699 -0.847175 -0.058204 
0.504435 0.697721 -0.057675 
0.848457 0.024632 0.055123 
-0.736983 -0.620343 -0.051867 
0.660125 -0.538907 -0.052996 
0.271805 0.933496 0.055235 
0.729174 0.454966 0.055272 
-0.838911 0.029180 0.055288 
-0.765896 0.594316 -0.049839 
-0.098357 -0.968404 0.055141 
0.591882 0.626193 0.054859 
-0.964260 0.087423 -0.050645 
0.852484 0.479290 0.055288 
0.872527 -0.428417 0.055288 
0.510374 -0.827140 -0.053044 
-0.797377 -0.212334 0.049027 
0.027493 -0.947746 -0.058436 
-0.189869 -0.829767 0.055004 
0.231625 -0.913651 -0.058582 
0.820645 0.239898 0.055288 
-0.599902 0.761178 -0.055545 
-0.011232 0.863669 0.053409 
0.490367 0.776493 0.010057 
0.921172 -0.328120 -0.047019 
-0.386078 -0.873680 -0.058415 
0.592257 -0.634678 0.044561 
-0.868131 -0.323983 -0.058648 
-0.325559 -0.777540 -0.042074 
0.841869 0.151783 -0.052928 
-0.208941 -0.921733 -0.058440 
-0.670503 -0.696472 -0.053162 
-0.389826 0.753390 -0.041054 
0.922355 0.319069 0.055288 
0.665764 -0.701233 -0.057248 
0.409204 -0.793637 0.013467 
-0.275132 -0.905619 0.036313 
0.917406 -0.021646 0.009847 
-0.879648 -0.187284 0.010251 
0.196228 0.897176 0.010057 
0.423336 0.727345 0.053970 
-0.890870 -0.042187 0.012130 
0.753464 -0.582799 0.032607 
0.531496 -0.761077 0.012974 
-0.079174 -0.877450 -0.058592 
-0.836880 0.222302 0.036061 
-0.741144 0.478686 -0.058648 
0.899941 0.214627 0.010833 
-0.498404 -0.740410 0.012045 
-0.592759 0.604468 -0.036804 
-0.049643 0.976362 -0.034437 
-0.958295 0.077324 0.054800 
0.262440 -0.831647 0.030578 
0.087755 0.914583 0.010057 
0.484877 0.854636 0.055288 
0.903774 -0.140200 0.010057 
-0.392170 0.832190 0.010590 
-0.670264 0.602586 0.010800 
-0.911479 -0.283180 0.049578 
-0.522140 0.738120 0.010404 
-0.832508 -0.129111 -0.042263 
-0.852995 0.329562 0.010321 
0.790958 -0.458983 0.010057 
0.355363 -0.785317 -0.058527 
0.873528 -0.265640 0.010057 
0.157945 -0.895073 0.010057 
-0.776630 0.528771 0.021862 
0.947698 0.035124 -0.058648 
0.216808 0.842220 -0.058648 
0.154148 0.966137 -0.037854 
-0.156337 -0.902020 0.010677 
0.382444 0.900775 -0.050848 
-0.766654 -0.481398 0.010057 
0.666548 0.614367 0.011337 
0.507698 -0.680201 -0.049786 
0.902273 0.094755 0.010906 
-0.941060 0.205293 -0.055861 
0.315043 -0.920843 -0.021171 
0.773903 0.514405 0.011690 
-0.537305 -0.648367 -0.029777 
-0.826941 -0.539607 0.038367 
-0.334800 -0.844475 0.010057 
-0.875266 -0.408346 -0.048728 
-0.016070 -0.915375 0.010577 
-0.159446 0.893454 0.010125 
0.692092 -0.617797 -0.058648 
0.565961 0.713703 0.010191 
0.797520 0.412617 0.014343 
0.845671 -0.112394 -0.048816 
-0.738065 0.414360 0.055249 
0.392661 0.845173 0.012549 
-0.606543 0.682504 0.010057 
0.537330 0.789632 -0.058648 
-0.713671 -0.565974 0.010057 
0.788507 0.557876 -0.058648 
-0.723541 -0.438475 -0.055158 
-0.233946 -0.810123 -0.018760 
-0.779679 -0.400217 0.020716 
-0.952335 -0.176085 -0.048994 
-0.139861 0.839751 -0.050311 
-0.595437 -0.632774 0.028908 
-0.926655 0.237202 0.050984 
-0.933628 0.011944 -0.058648 
-0.532514 -0.807756 -0.052268 
0.945954 -0.259064 0.055288 
-0.984593 -0.082430 0.029924 
0.435551 -0.887110 0.007619 
-0.289119 0.926838 0.055288 
0.758376 -0.385642 -0.004169 
-0.789863 -0.560500 -0.035889 
0.078787 -0.923812 0.014116 
0.302571 0.872783 0.010661 
-0.432137 -0.861374 0.055277 
-0.065794 0.905441 0.010176 
-0.786317 -0.301263 -0.023222 
0.423327 -0.716359 0.051339 
0.997295 -0.039415 0.022626 
-0.537319 0.810854 -0.052342 
0.338843 -0.839289 0.010057 
0.859573 0.302052 0.010169 
-0.515130 0.668123 0.055168 
0.830812 -0.357920 0.011177 
0.946138 0.218261 -0.056776 
0.807057 -0.504150 -0.058648 
-0.630151 0.535909 0.034835 
0.082679 0.993616 0.024227 
0.642829 0.764605 0.030642 
-0.712700 0.668140 0.000271 
-0.462857 0.712949 -0.052514 
0.743765 0.665806 0.047599 
-0.826776 0.411297 0.012448 
-0.495910 -0.816334 0.052132 
-0.876609 0.093635 0.017265 
-0.066644 0.972698 0.055258 
0.878793 0.426448 -0.053287 
-0.300919 0.850964 0.011122 
-0.625527 -0.740328 -0.007660 
-0.661509 -0.494128 0.010386 
0.983969 0.124545 0.005801 
0.726923 -0.510998 0.017372 
0.908243 -0.174447 -0.058648 
-0.406960 -0.804595 0.010057 
-0.406500 0.763506 0.049519 
-0.172790 0.961637 -0.021134 
-0.840276 -0.355420 0.010322 
-0.926310 0.313061 0.055068 
0.657084 -0.611677 0.012428 
0.159725 0.848099 0.054187 
-0.389966 0.893935 -0.032464 
0.007028 0.923875 0.011089 
-0.319523 0.922144 -0.042722 
0.576576 -0.701321 0.010057 
-0.901748 0.168697 0.011338 
0.799558 -0.279500 0.001233 
0.682762 0.703349 -0.037317 
-0.794170 0.330451 -0.058641 
0.892702 -0.247385 -0.058648 
0.819101 -0.151551 0.023871 
0.695715 0.494958 -0.005136 
-0.727634 -0.665803 0.011999 
0.965231 -0.183738 0.055288 
-0.882753 -0.114260 0.012676 
0.830952 0.081720 0.012833 
0.900692 -0.383265 -0.003739 
0.190860 -0.833354 -0.058119 
-0.124839 -0.815422 0.026514 
0.804366 -0.398502 -0.058592 
-0.220486 0.949849 0.055288 
-0.823656 0.183947 -0.024991 
-0.444433 -0.693623 0.022443 
0.599917 -0.792338 0.019988 
0.974928 -0.034136 -0.054595 
0.194603 -0.965004 0.006123 
-0.960029 -0.231718 0.035925 
-0.854831 -0.260564 0.011589 
0.768808 0.370700 -0.045383 
-0.206729 0.893459 -0.058648 
0.911188 0.361146 -0.045488 
0.080491 0.847684 -0.023331 
0.284222 0.815686 0.054090 
0.350849 0.777099 -0.015442 
-0.885686 0.066421 -0.058648 
0.836411 0.546971 0.018695 
-0.854753 -0.064120 -0.058648 
-0.884810 0.321139 -0.058625 
0.962009 0.269157 0.021180 
-0.430530 -0.809510 -0.058504 
-0.277209 -0.929502 -0.029836 
-0.902991 0.026952 0.009883 
-0.822835 -0.037578 0.040825 
-0.800718 0.416199 -0.058424 
0.969148 -0.138052 -0.037287 
0.666575 0.611735 -0.058648 
-0.066306 0.847989 -0.036676 
0.525374 -0.749935 -0.058648 
0.851485 -0.043185 -0.038452 
-0.572082 -0.699119 0.010057 
-0.524211 0.841429 0.011218 
-0.262899 0.792069 0.007938 
-0.890038 -0.209575 -0.058648 
-0.661142 -0.618112 0.010057 
-0.050788 -0.982841 0.006918 
0.436568 0.898087 0.019165 
0.576737 -0.693968 -0.058623 
0.786657 0.281984 0.012516 
-0.459141 0.801834 0.011719 
0.880492 0.094267 -0.058648 
-0.631637 0.755264 0.005093 
0.731778 0.593996 0.017517 
0.606973 0.573981 0.013382 
-0.640925 -0.547477 -0.049832 
-0.043078 -0.843168 -0.012222 
0.859579 -0.492064 0.006505 
0.069192 -0.842029 -0.013818 
0.529223 -0.638979 0.015673 
0.191066 0.913753 -0.058648 
0.555315 0.647943 -0.011106 
-0.967637 -0.045297 -0.049266 
0.523137 0.834554 0.001540 
-0.878692 0.229594 -0.058405 
0.877652 0.219225 -0.058648 
0.071964 -0.897955 -0.058547 
-0.177042 0.824218 0.002833 
-0.781428 0.364188 0.048754 
-0.330708 0.781693 -0.030888 
-0.751932 0.467502 0.016582 
0.299789 -0.904587 0.042065 
-0.079912 -0.897977 0.010166 
0.444559 -0.825518 -0.058580 
0.418703 0.822464 -0.058648 
-0.712470 0.539911 0.012521 
-0.029264 0.906290 -0.058648 
0.674273 -0.727179 0.010267 
-0.219279 -0.883831 0.010057 
0.746545 0.390431 0.054071 
-0.495964 -0.690317 -0.057686 
-0.882881 0.444236 0.010141 
-0.223883 0.885499 0.010057 
-0.698824 0.603294 -0.058502 
0.223776 -0.879319 0.010057 
0.064391 0.899194 -0.058648 
-0.857039 0.453250 -0.051879 
-0.216937 -0.857488 -0.058582 
0.324580 0.924217 -0.020566 
0.871988 -0.201802 0.014705 
0.007869 -0.825875 0.037578 
0.752049 0.502167 -0.058648 
0.239126 0.966970 0.011936 
0.465733 0.777806 -0.058648 
-0.768951 -0.482684 -0.058648 
0.966205 0.088134 0.054587 
0.158818 0.837123 -0.014278 
0.595407 -0.580659 0.011530 
0.937255 -0.086959 0.017764 
-0.343068 -0.749288 0.019858 
-0.032788 -0.965772 -0.055938 
0.574657 0.687037 -0.058648 
0.418905 0.788235 0.016714 
0.476234 -0.803241 0.016135 
-0.641038 -0.744645 0.052921 
0.092048 -0.984968 0.011957 
0.470819 -0.705208 -0.005808 
0.833049 -0.029015 0.026883 
0.620972 0.684231 0.010377 
-0.111243 0.971095 -0.017945 
0.284783 -0.879504 -0.058501 
-0.269925 0.888082 -0.058648 
0.793903 0.313246 -0.040753 
-0.434366 0.892083 0.010927 
0.308353 -0.788412 -0.008344 
0.639293 -0.671013 0.012270 
-0.793220 0.586439 0.007413 
0.931622 0.160092 0.020459 
-0.836583 0.106465 -0.030887 
-0.604308 -0.578237 0.001930 
0.915304 -0.020062 -0.058648 
0.471769 0.711060 -0.007449 
0.859476 0.375705 0.015097 
0.874578 0.310717 -0.058648 
-0.537476 0.644191 0.003499 
-0.917943 -0.316165 -0.002293 
0.374147 -0.738695 0.021980 
0.818007 0.428853 -0.058648 
0.947045 -0.297693 0.008197 
-0.779113 -0.265629 0.026039 
0.754877 -0.398328 0.055225 
-0.793436 0.289301 -0.009120 
-0.510631 0.756991 -0.058579 
0.109539 -0.818980 0.024812 
-0.830685 0.538611 0.046768 
0.268663 0.809304 -0.015132 
-0.581209 -0.775558 -0.032030 
0.008336 0.978226 -0.018320 
-0.601927 0.701106 -0.058508 
-0.817700 -0.181848 0.001305 
-0.183694 -0.953476 -0.014003 
-0.698830 0.475776 -0.016061 
-0.064746 0.829268 0.026667 
0.960698 0.006882 0.045146 
-0.865435 -0.442622 -0.000228 
-0.951134 0.146360 -0.057076 
-0.738336 -0.363833 0.043918 
0.658736 0.543221 -0.008125 
-0.947625 -0.033942 0.038755 
-0.343802 -0.832006 -0.058544 
0.675486 -0.490318 0.051156 
0.720944 -0.525820 -0.058648 
-0.593895 -0.682292 -0.058532 
0.265603 0.876996 -0.058648 
-0.409495 -0.884343 0.001363 
-0.364168 0.746548 0.011946 
0.634895 -0.638078 -0.058603 
-0.964296 -0.098719 -0.023382 
-0.981744 0.112726 0.013933 
0.811560 0.203276 0.010149 
-0.535778 -0.827591 0.010456 
-0.674181 -0.638117 -0.058602 
0.787905 -0.516728 0.020177 
0.701129 -0.566771 0.011569 
0.445910 -0.845312 0.047239 
-0.478113 -0.762200 -0.058544 
-0.897125 0.372714 -0.008315 
-0.820988 0.073464 0.021918 
-0.883180 0.261890 0.012075 
0.687244 -0.681088 0.054682 
0.334130 -0.839226 -0.058648 
0.812421 -0.258660 -0.051243 
0.026025 0.831723 0.022945 
-0.277023 0.811831 -0.057841 
-0.140274 -0.978926 0.014162 
0.928186 0.040803 0.011788 
-0.277722 -0.839354 0.016039 
-0.010386 -0.904340 -0.058537 
0.627684 0.664578 -0.058648 
-0.726087 0.547751 -0.058438 
0.886380 -0.326540 0.021271 
-0.600960 0.750425 0.053344 
-0.379056 -0.752671 -0.041708 
0.556305 0.670534 0.047695 
-0.490141 0.691332 -0.007071 
0.733029 0.590230 -0.058648 
-0.331297 -0.911376 -0.033986 
-0.970872 0.054199 -0.000979 
0.528778 -0.823660 0.000933 
-0.864384 -0.267022 -0.058648 
-0.142244 -0.919673 -0.058475 
0.887981 0.457749 0.016197 
0.062686 -0.961566 0.054859 
0.738205 -0.639042 -0.028392 
-0.712282 0.653275 0.055111 
0.547487 0.766867 0.017622 
-0.955624 0.216638 0.004559 
0.879476 -0.376406 -0.058628 
0.160305 -0.886536 -0.058554 
-0.439753 -0.759705 0.019947 
0.137923 0.936532 0.023087 
-0.671827 0.704734 -0.012147 
0.244257 0.854276 0.018614 
-0.686248 -0.583360 -0.058648 
0.740523 0.411544 0.002544 
-0.616324 0.624776 0.023775 
0.961918 0.216644 0.002197 
-0.715669 -0.510753 0.018090 
-0.859519 -0.404486 0.045766 
0.777073 -0.347308 -0.041068 
-0.831263 -0.168650 0.055288 
0.206077 0.952865 0.055288 
0.697327 -0.486122 -0.022544 
0.621930 -0.578342 -0.044788 
-0.031885 -0.963689 0.055230 
0.684208 0.487032 0.052771 
-0.402833 0.841367 -0.058603 
-0.844343 0.489024 0.000140 
-0.113065 0.944640 0.030418 
0.522068 0.814011 0.052837 
0.965410 0.168119 -0.023715 
-0.719389 -0.625873 0.050234 
0.881763 -0.090863 0.020590 
0.600827 0.776563 -0.002761 
-0.539668 -0.778755 0.037286 
0.808543 -0.279293 0.055284 
-0.762989 -0.555957 0.031425 
-0.830185 0.004319 0.006485 
0.223468 -0.798479 0.049704 
0.363350 -0.906354 -0.000344 
0.559290 -0.801262 0.055288 
-0.530324 0.809635 0.055085 
-0.778298 -0.428850 -0.058648 
0.761423 0.356663 0.006664 
0.460309 -0.750980 0.021659 
-0.809468 -0.445011 0.013784 
0.810626 -0.566755 0.006221 
-0.597821 0.573450 0.012826 
-0.927365 0.121807 0.020204 
0.822698 -0.220744 -0.002896 
0.905312 0.275324 0.021093 
-0.420362 0.734765 -0.000479 
0.330138 0.820855 0.022704 
-0.665610 0.521849 -0.010113 
0.975675 0.088191 -0.033268 
0.087008 -0.966965 -0.050546 
-0.734263 -0.411842 -0.005958 
0.925273 -0.198494 0.022255 
-0.712569 0.659067 -0.052858 
0.727930 -0.626638 0.050803 
-0.395101 0.877684 0.052777 
-0.889648 -0.023100 -0.058648 
0.874213 -0.304513 -0.058648 
0.040563 -0.970583 -0.011437 
0.477854 0.720399 0.054132 
0.233473 -0.813076 -0.010378 
0.859511 0.184411 0.032179 
-0.645393 0.602336 -0.058594 
0.716402 0.543006 0.013747 
-0.837930 -0.087205 -0.009649 
0.364106 0.813360 -0.058648 
0.455993 0.827396 0.019673 
0.925881 0.355719 0.005722 
-0.673457 -0.521424 0.054442 
0.881865 -0.443875 0.004460 
0.324717 0.944124 0.028568 
-0.496320 -0.699410 0.050993 
0.843069 -0.478894 0.055074 
0.026352 -0.876838 0.022280 
0.144015 0.881086 0.015906 
0.809403 -0.451125 -0.058648 
0.707088 0.702443 0.009591 
0.387909 -0.855677 0.020796 
0.810213 0.476281 0.016054 
-0.758489 -0.365269 -0.012709 
-0.702058 -0.464544 -0.005433 
0.050485 0.957464 0.044562 
-0.316393 -0.937013 0.028037 
-0.490228 -0.665558 0.009603 
-0.788739 0.243573 0.040193 
0.979904 -0.002424 -0.013081 
-0.853093 -0.497847 0.020406 
0.145315 -0.853872 0.040533 
-0.227703 -0.792673 0.030229 
-0.248106 -0.957668 0.017504 
-0.973632 -0.140181 0.007926 
-0.578959 -0.586723 0.047472 
-0.732935 0.420587 -0.044191 
0.477601 -0.852954 0.000121 
0.398332 0.883998 0.053921 
-0.308963 0.938477 0.005761 
-0.466538 0.745783 0.023128 
-0.704548 0.433408 0.013650 
-0.732152 0.587414 0.020555 
-0.856253 0.276520 -0.058520 
0.407369 -0.786174 -0.058471 
0.975198 -0.086735 -0.032078 
-0.905515 -0.155864 -0.058648 
0.589253 0.761175 0.047840 
0.194870 -0.934072 0.047712 
0.620381 -0.752634 -0.006281 
0.863648 0.420187 0.042296 
0.190310 -0.950384 -0.054357 
-0.953987 0.025895 0.051569 
-0.917431 -0.152741 0.017082 
-0.887102 -0.330451 0.036618 
-0.443611 0.868290 -0.038691 
0.103106 0.972672 -0.034204 
0.972397 -0.178383 0.004496 
0.796719 0.545664 0.051313 
-0.859071 0.420898 0.051253 
-0.281848 -0.794484 -0.008700 
0.747257 0.639576 -0.000370 
-0.785613 0.547729 -0.058639 
0.862790 0.093602 0.051285 
0.061543 0.872925 0.032888 
-0.028099 0.850661 -0.002639 
0.547519 0.730435 -0.058648 
0.307839 0.775947 0.012274 
0.833298 -0.103712 0.006409 
-0.334567 0.886499 0.025942 
-0.637172 -0.539133 0.003038 
-0.177324 -0.815501 0.004142 
0.406126 0.740596 0.003790 
0.409533 -0.741689 -0.022160 
0.841829 -0.407435 0.015200 
-0.484919 -0.824421 -0.058411 
-0.764844 0.328414 0.005864 
0.632366 0.593317 0.052733 
-0.277483 0.821867 0.046191 
-0.150839 -0.939145 0.044654 
0.901685 0.375209 0.055288 
-0.262317 0.959865 0.025971 
0.853953 0.249951 0.018688 
-0.457752 -0.806590 0.015336 
0.293433 -0.865689 0.010057 
0.843934 0.126471 -0.006118 
-0.567088 0.653689 0.046840 
-0.573587 0.720424 0.011191 
-0.103320 -0.859582 0.036971 
-0.616704 -0.738451 -0.057004 
0.819462 0.302019 0.044628 
-0.106637 -0.837107 -0.034478 
-0.826129 0.373134 -0.058533 
0.324955 0.891978 -0.058648 
0.904857 -0.390508 0.054964 
0.234404 -0.863938 -0.058432 
0.253357 0.906412 0.017774 
-0.461136 -0.705120 -0.025266 
-0.103256 0.875457 0.023369 
-0.680872 -0.690193 -0.004945 
0.970428 -0.071840 0.055282 
0.718501 -0.420556 0.011809 
0.764897 0.456143 0.018487 
-0.063628 -0.926949 -0.058479 
-0.337486 -0.785097 0.053765 
0.792267 0.577331 -0.013152 
-0.897988 -0.236679 0.016269 
-0.924793 -0.078105 0.015872 
0.268264 -0.782703 0.025543 
-0.173071 -0.880479 -0.058552 
0.133110 0.926424 -0.058648 
-0.804475 -0.248880 -0.012973 
-0.055767 0.993444 0.011718 
-0.639792 0.734280 -0.044289 
0.852566 0.006483 -0.001399 
0.269326 -0.934744 -0.033619 
0.630908 -0.585784 0.053710 
0.649461 0.735007 -0.008192 
-0.287069 -0.803729 -0.058215 
-0.958973 -0.193975 0.004272 
-0.620414 -0.697563 0.019421 
0.010796 0.942059 -0.058648 
-0.654039 0.670164 0.018004 
-0.373253 0.796159 -0.058648 
0.774441 -0.594909 -0.019093 
0.892747 0.155344 -0.058648 
-0.808540 0.465991 -0.058563 
0.205576 0.956902 -0.040497 
-0.182590 0.849606 0.044353 
-0.193134 0.976918 0.025044 
-0.821801 -0.291143 -0.058648 
-0.230533 -0.925315 0.049687 
0.521373 -0.713764 0.019359 
0.937025 -0.267049 -0.053215 
-0.849000 0.175101 0.034011 
-0.162656 0.931073 -0.058648 
-0.553276 0.733435 -0.058405 
-0.781569 0.575397 0.055288 
-0.836278 -0.360680 -0.058648 
0.934124 0.081773 -0.058648 
-0.398850 -0.724290 0.009635 
0.551364 -0.803845 -0.041598 
-0.344411 0.824574 0.013858 
0.624791 -0.727095 -0.058639 
0.125909 -0.931283 0.022641 
-0.447508 0.758499 -0.058648 
0.354454 0.874290 0.018860 
-0.772770 0.423835 0.018917 
-0.695847 0.499000 -0.058426 
-0.730999 -0.557917 -0.058648 
-0.751489 0.640320 0.007813 
0.855245 0.490848 0.001663 
-0.385668 -0.868738 0.044380 
0.829870 0.198715 -0.046342 
-0.841854 -0.037658 -0.020443 
0.701065 -0.665144 -0.056866 
0.117960 0.827477 0.009417 
0.881696 0.041460 0.024414 
-0.931799 0.323453 0.008362 
-0.803208 0.188232 0.027064 
0.421501 0.873462 -0.057471 
0.808828 0.364776 0.021378 
0.210217 0.842358 0.050448 
-0.676707 0.527530 0.053117 
0.945033 -0.141051 0.034651 
-0.131216 0.838164 -0.000407 
-0.158011 -0.855249 0.029806 
-0.490747 0.709269 0.051903 
0.895895 0.267797 -0.058648 
0.111371 0.971173 0.055288 
0.519928 0.724292 0.017480 
-0.893651 -0.364589 -0.054308 
-0.927789 0.074139 0.016876 
-0.599607 0.653388 -0.058648 
0.750696 0.617415 0.054579 
-0.828051 0.283871 0.023282 
-0.270553 0.893996 0.015188 
0.895096 -0.128582 -0.058648 
-0.698124 -0.478382 0.055234 
0.774861 0.460311 -0.058648 
-0.561542 0.796171 -0.010764 
-0.023392 -0.863476 0.044765 
-0.767285 -0.601011 0.002054 
-0.798928 0.474373 0.014871 
0.707371 0.483628 -0.054374 
-0.813265 0.533134 -0.008012 
0.542925 -0.661721 0.055023 
0.376552 -0.777229 0.049581 
0.970109 -0.230740 0.025876 
0.634937 0.576582 -0.055255 
0.480129 0.874226 0.012422 
-0.479144 -0.861771 0.049597 
0.639996 -0.543142 0.004823 
0.767235 -0.336141 0.006998 
0.946796 0.240173 0.055288 
0.132376 -0.963604 -0.011170 
-0.817404 0.360380 0.012400 
-0.966396 0.129200 0.055288 
0.087764 -0.877828 0.018147 
0.481587 -0.770024 -0.058545 
-0.555328 -0.621142 0.003982 
-0.087166 0.955494 -0.058648 
0.732494 0.495793 0.023932 
0.708143 0.443487 0.013927 
0.758657 -0.643765 0.016422 
-0.219358 0.947321 -0.054899 
0.139713 -0.833839 -0.018219 
-0.973598 -0.044139 0.001414 
-0.857871 -0.086496 0.042791 
0.958020 0.141376 0.053964 
0.477117 0.825237 -0.058648 
0.748870 -0.488255 -0.058648 
-0.710567 -0.674524 0.054187 
0.452992 0.753510 0.029840 
0.862672 -0.164662 -0.058648 
0.330433 -0.935466 0.026369 
0.586216 -0.755230 0.045353 
0.393224 0.772966 0.051949 
-0.640479 0.578452 0.049353 
0.512567 0.669426 0.005071 
0.193857 0.975304 0.009061 
0.449988 0.725303 -0.048685 
-0.889514 0.338798 0.044843 
-0.849072 0.094210 0.054153 
0.358557 -0.767222 -0.010604 
-0.848756 -0.444864 -0.057697 
0.710567 0.634574 0.026927 
-0.874126 0.214270 0.010401 
-0.731787 0.382833 0.019419 
0.627042 0.639040 0.015687 
0.437794 -0.870139 -0.034938 
0.056951 -0.850089 -0.057267 
0.286268 0.944860 0.003632 
-0.370424 -0.794699 -0.058599 
0.171300 0.847375 -0.058642 
-0.632772 -0.654064 0.010057 
-0.818948 -0.405323 -0.058648 
-0.873181 -0.116078 -0.058648 
0.632433 0.720640 0.037730 
-0.930127 0.189458 0.040558 
0.742491 -0.469070 0.027001 
0.688909 -0.647458 0.023842 
-0.941455 -0.113554 0.039291 
0.872249 -0.050220 0.039029 
0.124397 0.981456 0.005176 
-0.488243 0.844239 -0.016686 
0.961180 -0.186188 -0.039011 
0.336816 0.902942 0.049544 
0.554030 0.624209 0.029810 
0.189396 -0.824178 -0.013661 
0.855469 -0.129545 0.053171 
0.326930 -0.898115 -0.058569 
0.792509 -0.594813 0.052266 
-0.035431 -0.853546 -0.058085 
0.824138 -0.314905 0.023592 
-0.024851 0.958575 0.045127 
-0.811478 -0.485532 0.033842 
-0.097659 0.871993 -0.058648 
0.817185 0.542363 -0.027381 
-0.341209 -0.881787 0.034650 
-0.379987 -0.777830 0.034758 
0.677711 0.733943 0.026991 
0.818544 0.181369 0.050873 
-0.840154 -0.221857 0.029560 
0.314576 -0.806995 0.043369 
0.850522 0.067312 -0.025164 
-0.813336 -0.291489 0.039937 
-0.560206 0.635596 -0.038180 
-0.433189 0.842784 0.027391 
0.771038 0.413662 -0.058648 
0.049318 0.853923 -0.055170 
-0.820412 0.122934 0.007734 
0.662246 0.667017 0.016201 
-0.842742 0.055227 -0.051341 
-0.952576 0.268438 0.017824 
-0.823349 -0.137308 0.003102 
0.923788 -0.345448 0.003655 
-0.814248 -0.524930 -0.023473 
0.791257 -0.383464 0.026291 
0.911904 -0.241195 0.019855 
-0.111964 -0.927854 0.019038 
-0.969226 0.026709 -0.036034 
0.844896 -0.482071 -0.050581 
-0.443984 -0.851947 -0.057585 
-0.860900 -0.304648 0.010570 
0.588482 0.779528 -0.054657 
0.750748 -0.406635 -0.054131 
-0.175222 0.941826 0.045662 
0.202116 0.827920 -0.018127 
0.683688 0.654301 -0.058648 
0.498642 -0.672471 0.005265 
-0.251006 -0.890599 -0.058486 
0.766130 0.557280 0.021461 
0.838069 -0.252507 0.033082 
-0.863356 0.184182 -0.058410 
-0.598838 -0.736448 0.042420 
0.185737 -0.857393 0.022897 
-0.539970 -0.686070 -0.058606 
0.467270 -0.719036 0.053908 
-0.800034 -0.578571 0.039187 
-0.869859 0.137187 0.018014 
0.978623 0.043344 -0.026007 
0.356886 0.856704 -0.058648 
-0.528852 -0.698108 0.021488 
-0.576249 -0.613966 -0.033962 
-0.536996 0.698345 0.021509 
-0.626783 0.717759 0.039575 
-0.931328 -0.328592 0.037551 
0.118180 -0.914379 -0.058498 
0.256752 0.824208 -0.058304 
-0.806291 0.233560 0.001318 
0.835584 -0.177249 0.055288 
0.977071 -0.119030 0.001346 
-0.109537 0.989817 0.041182 
-0.453903 -0.729776 0.048476 
-0.864065 -0.169546 -0.058648 
-0.931260 -0.188771 0.044636 
0.566002 -0.612650 0.007677 
-0.885366 -0.393620 -0.009045 
-0.901916 -0.296580 -0.058648 
0.810158 -0.545967 -0.031966 
-0.363263 -0.811755 0.013098 
-0.647810 -0.580542 0.027338 
-0.221669 0.800633 0.018629 
0.694192 -0.686481 -0.019751 
0.509426 0.751108 -0.058648 
0.232859 -0.919602 0.032696 
-0.667255 -0.727085 0.013263 
0.338910 -0.881726 0.025615 
0.901069 0.020860 -0.058648 
0.923057 -0.215161 -0.058648 
0.004967 -0.946553 0.032006 
0.831032 0.519612 0.055288 
-0.913908 0.171710 -0.058486 
0.687994 -0.534944 0.037688 
0.933345 -0.302965 0.055288 
-0.510902 0.790806 0.021474 
-0.610201 -0.775967 0.013430 
-0.715090 -0.653442 -0.035210 
0.695001 -0.563465 -0.058648 
0.567295 0.806802 0.002196 
0.374316 0.771773 -0.055591 
0.648750 0.719192 -0.058140 
-0.545589 -0.818543 0.052135 
0.884947 -0.060806 -0.058648 
0.773242 -0.422290 0.024144 
0.771735 0.604717 -0.038934 
0.045551 0.983195 0.002333 
-0.009539 -0.974108 -0.000657 
-0.855858 -0.141537 0.033112 
0.588282 0.618278 -0.011214 
-0.367494 -0.899804 -0.002054 
-0.254606 -0.831564 -0.058616 
0.944231 0.110351 0.025394 
-0.778182 0.505629 -0.058648 
-0.449801 -0.879959 0.021085 
-0.561941 -0.629988 0.055288 
-0.686899 0.641299 0.021209 
0.108987 0.863019 0.046766 
-0.253350 -0.820929 0.049387 
-0.741216 -0.442552 0.038962 
-0.236734 -0.941106 -0.023473 
0.838618 -0.150173 -0.026648 
-0.499018 0.830467 -0.055455 
-0.356090 0.910831 -0.001507 
-0.799342 -0.356617 0.021769 
-0.502562 -0.782871 0.016951 
-0.258706 0.852618 0.015828 
0.306250 -0.790183 -0.050741 
0.869230 0.453338 -0.021864 
-0.369700 0.784427 0.046610 
-0.741125 -0.399999 -0.046095 
-0.766863 -0.533116 -0.058648 
0.741289 0.543167 -0.058648 
0.231008 -0.816551 -0.053377 
-0.813002 -0.251188 0.054820 
-0.538299 -0.766372 -0.058457 
0.424853 -0.715173 0.009184 
-0.865923 0.004181 0.034659 
0.314279 0.792701 -0.043392 
-0.084337 -0.967355 -0.013332 
0.828855 0.298322 -0.058648 
-0.221984 -0.844549 0.024598 
0.833893 0.433247 0.015996 
-0.830645 0.146121 -0.042618 
0.879005 0.385054 -0.058648 
0.806706 0.387196 -0.058648 
-0.960432 0.139246 -0.017061 
0.882693 0.154432 0.014845 
-0.885867 0.018379 -0.058648 
0.745743 -0.607194 -0.058648 
-0.415098 0.786599 0.016011 
0.531417 0.668125 -0.046486 
0.589524 0.660286 0.023191 
-0.715879 0.492753 0.033898 
-0.707258 0.446842 0.054793 
-0.889951 -0.428436 0.030947 
0.471820 -0.704878 -0.047249 
0.825238 0.164434 0.005876 
0.044899 0.903917 0.011077 
-0.321439 0.882547 -0.058467 
0.238592 -0.947749 0.001100 
-0.701941 -0.473665 -0.055692 
0.436239 0.867790 0.054781 
0.355040 0.754729 0.024457 
0.664745 0.573279 0.032806 
0.530256 -0.662524 -0.019066 
0.829054 -0.517228 -0.009456 
0.904318 -0.287919 0.025464 
0.837844 -0.448561 0.028084 
-0.738721 -0.592473 0.036663 
0.810442 0.243535 0.003069 
-0.912132 0.119639 -0.058648 
-0.633944 -0.651976 -0.058521 
0.517174 0.829856 -0.052236 
-0.987433 0.042327 0.034912 
0.193405 -0.833085 0.054771 
0.422063 -0.832283 0.016045 
-0.786854 -0.322841 -0.057838 
-0.033805 0.933265 0.014466 
-0.932144 -0.002689 0.017733 
0.438454 0.709585 0.020590 
-0.481123 0.869141 0.014733 
-0.131120 0.965863 -0.053076 
-0.805551 -0.556757 0.005278 
-0.824459 -0.392900 0.010637 
-0.075914 0.909786 -0.058648 
-0.486700 0.821723 0.042873 
-0.631997 0.562697 -0.006135 
0.944341 0.281897 0.055288 
-0.279133 -0.948330 0.041734 
-0.165733 0.869704 -0.058648 
-0.180256 -0.949967 -0.054907 
-0.762058 0.605077 -0.010231 
-0.754799 -0.405503 0.052046 
-0.984539 -0.012316 0.051348 
-0.677190 -0.500582 -0.033001 
0.617354 -0.712970 0.022272 
-0.909126 0.275199 0.039674 
0.854277 -0.235753 -0.058648 
-0.281582 0.934249 -0.047736 
-0.303262 -0.810313 0.035835 
-0.130603 -0.858390 -0.058621 
-0.036259 0.866781 -0.058648 
0.412174 0.888333 -0.011140 
-0.146462 0.863074 0.033314 
-0.908982 0.289179 -0.058533 
-0.300048 0.777154 0.009507 
0.296388 -0.943693 0.050011 
-0.147558 0.817769 0.029934 
0.614985 -0.682117 -0.058544 
-0.331898 0.937561 0.042014 
0.835715 0.333990 0.012989 
-0.558376 -0.736403 0.013779 
-0.364985 0.876998 -0.058549 
0.983410 0.052153 0.055288 
0.364859 0.801710 0.026896 
0.674731 -0.508519 0.001467 
0.982782 0.169999 0.012063 
-0.766776 0.370014 -0.056940 
-0.652567 0.747304 0.046289 
0.909912 0.195951 -0.058648 
0.832608 -0.180452 -0.001594 
-0.425114 0.728854 0.055116 
0.940158 0.195637 0.042378 
0.838871 -0.378938 -0.058544 
-0.841998 0.039974 -0.006146 
-0.953742 0.178893 -0.029173 
0.697208 -0.452730 0.020732 
0.084583 0.937128 -0.058648 
0.779606 -0.555246 0.043796 
0.850490 0.459416 -0.058648 
-0.945173 -0.213046 -0.036825 
0.866039 -0.010721 0.052969 
-0.743095 0.511298 0.010453 
-0.658996 0.500192 0.029226 
0.885378 -0.414539 -0.022335 
0.520455 -0.806629 0.050699 
0.913448 0.321242 -0.058158 
0.402530 -0.906854 0.016177 
0.648321 -0.729415 -0.021489 
-0.558766 0.777590 0.049270 
-0.602058 0.783636 0.007627 
-0.328894 -0.880705 -0.058451 
0.149171 -0.979623 0.020507 
-0.091714 -0.833833 0.001684 
0.971330 0.131373 -0.036017 
0.749650 -0.542415 0.011617 
-0.407990 -0.777488 -0.058595 
0.881396 -0.367276 0.033913 
-0.052837 -0.943059 0.029383 
0.657861 -0.585073 -0.058648 
0.020125 0.883186 -0.058648 
-0.374199 0.865398 0.022157 
0.680385 0.515512 -0.034577 
-0.760844 -0.314135 0.023672 
0.994527 0.088892 0.027759 
-0.629036 -0.699247 -0.058447 
0.016183 -0.839047 0.001838 
-0.650772 -0.717830 -0.027048 
-0.940756 0.239121 -0.023583 
-0.552086 0.775332 -0.058454 
0.365884 -0.897451 -0.055218 
-0.936039 -0.066981 -0.058648 
0.849122 -0.074185 -0.015063 
0.549898 -0.621930 0.043855 
-0.065844 -0.867341 0.030117 
-0.417123 -0.895573 0.044584 
-0.800192 0.332230 0.037095 
-0.192203 0.812760 0.052004 
-0.307180 -0.877406 0.016478 
0.054441 -0.824212 0.017343 
0.949381 -0.259507 0.001902 
-0.144754 -0.959652 -0.035274 
0.617186 0.590056 -0.020366 
0.998335 -0.002124 0.043536 
0.584320 -0.780539 -0.020252 
0.470349 -0.852656 -0.046428 
0.937098 -0.134478 -0.058648 
-0.430772 0.893840 0.049335 
0.192510 -0.911220 0.016037 
0.451927 -0.883423 0.045897 
-0.866916 0.058624 0.030284 
0.903335 -0.420577 0.026467 
-0.296819 -0.769091 0.018023 
-0.792091 0.564070 -0.024316 
0.749804 -0.360256 0.031514 
-0.192824 -0.827487 -0.056469 
-0.912597 0.331348 -0.033945 
-0.160003 -0.809078 0.040957 
-0.671438 0.730439 0.016503 
0.182003 0.935195 0.031002 
-0.452920 0.716700 -0.010140 
-0.174758 0.831647 -0.034831 
-0.812225 0.296515 -0.058637 
-0.880030 0.302943 0.016471 
0.935463 0.260197 -0.056410 
0.562998 0.648423 -0.056010 
-0.418718 -0.874542 -0.038168 
-0.686811 -0.708885 0.045067 
0.351834 -0.799257 0.030155 
0.947442 0.317689 0.026292 
0.630541 0.547364 0.035232 
0.705972 -0.614024 0.016148 
0.495377 0.811778 0.025453 
-0.803287 -0.457880 -0.058648 
0.792162 -0.311110 -0.019094 
-0.852366 0.375494 0.016384 
-0.234510 0.816407 -0.019211 
-0.795124 -0.519741 0.045735 
-0.893931 -0.070476 -0.058648 
-0.194298 0.909445 0.012961 
-0.149953 0.929299 0.019152 
0.781516 0.301326 0.050423 
-0.064406 0.854696 0.055121 
0.721069 0.664228 -0.021458 
0.411344 -0.763075 0.043052 
0.220125 -0.962214 0.051812 
-0.980303 -0.116055 0.047132 
-0.496927 0.686908 -0.048049 
-0.653908 -0.606003 -0.058648 
-0.943599 0.048564 -0.058648 
-0.557866 0.754650 0.019065 
0.271021 -0.895269 0.017851 
0.592137 -0.608110 -0.021293 
-0.553162 -0.797006 -0.003667 
-0.397688 -0.840738 0.016629 
0.247047 0.797532 0.048268 
0.899836 0.427879 0.050275 
-0.890586 -0.385074 0.055159 
-0.749496 -0.642948 0.035015 
0.794351 0.492622 -0.058648 
0.045920 -0.939623 0.023718 
0.943530 -0.049879 0.020420 
-0.888470 -0.280060 0.018027 
0.552853 -0.723082 -0.058648 
-0.776216 -0.367710 0.049311 
-0.635615 0.558679 -0.045691 
-0.911498 -0.327967 -0.040247 
-0.297043 0.848484 -0.058561 
0.554154 -0.663912 -0.058565 
-0.016655 0.831805 0.034218 
0.359690 0.910839 -0.022685 
-0.544939 0.623544 0.036711 
0.279565 -0.943764 0.005948 
0.101804 -0.950939 0.050554 
-0.347806 0.753632 0.044916 
0.140430 -0.816814 0.049744 
0.573627 -0.662389 0.027665 
0.952610 0.061688 0.030941 
-0.941106 -0.264476 0.003935 
-0.052362 0.941793 -0.058648 
-0.478315 -0.724816 -0.058618 
-0.519180 0.718170 -0.058486 
-0.921116 0.362305 0.028311 
-0.926416 -0.029638 -0.058648 
-0.136782 -0.838092 0.055288 
-0.242600 0.796411 0.049258 
-0.751432 0.343185 0.041462 
0.439550 0.731193 -0.009907 
-0.662265 0.637075 -0.058648 
0.697385 0.581095 0.011049 
0.791334 0.319605 -0.004098 
-0.310396 0.819365 0.028889 
0.613557 0.703100 -0.058648 
-0.680586 -0.462467 0.026464 
0.655513 -0.694750 0.040844 
-0.771555 0.344245 -0.027123 
0.973220 -0.034746 0.055193 
-0.029286 0.879786 0.025167 
0.847090 0.099960 -0.042553 
-0.812336 0.268817 0.053691 
-0.094848 0.833810 0.005571 
-0.037272 0.994121 0.048276 
-0.873410 0.425970 -0.020584 
-0.873973 0.465791 0.042259 
-0.846783 -0.470911 -0.014903 
0.159926 0.817400 0.033690 
-0.920317 0.235717 -0.058405 
0.621338 -0.775262 0.044706 
-0.918738 -0.244468 0.045750 
0.937079 -0.223619 0.050372 
0.276258 0.786304 0.028206 
-0.959933 -0.135052 -0.027769 
-0.825020 -0.254458 -0.058648 
0.811747 0.582496 0.018039 
0.836030 0.037653 0.009036 
-0.850853 0.507559 0.040760 
0.779626 -0.429555 -0.058648 
0.855907 -0.272638 -0.058648 
-0.407197 0.780585 -0.058603 
-0.524276 -0.640373 0.007793 
-0.359658 -0.752168 0.054761 
0.777398 -0.297527 0.028722 
-0.617444 -0.572414 -0.036639 
0.304195 0.903580 0.030542 
0.696252 0.521576 0.050028 
0.783960 -0.539589 -0.058648 
-0.088591 -0.820176 0.037666 
0.869954 0.124290 0.032542 
0.816163 -0.498056 0.039191 
0.828432 0.106515 0.047330 
0.325331 -0.762662 0.011368 
-0.519458 -0.735013 -0.058543 
0.176413 0.865651 0.022992 
-0.233737 0.923660 0.033484 
0.494894 -0.755505 0.010727 
0.870523 -0.147000 0.023621 
0.044318 0.838372 0.053870 
0.529043 0.846920 0.038643 
-0.682645 0.465992 0.020203 
-0.396104 -0.821536 -0.058516 
-0.947163 -0.075830 0.044550 
-0.142183 -0.973500 0.053140 
-0.822378 -0.182628 -0.034815 
-0.064066 -0.980628 0.053880 
-0.588434 0.606661 -0.000761 
0.218203 0.922607 0.023906 
0.155375 -0.939514 0.042268 
0.714273 0.467445 -0.019889 
0.858564 -0.466847 -0.020577 
-0.056249 -0.824014 0.015668 
-0.904896 0.401897 0.018845 
-0.519872 0.669440 -0.015740 
-0.805051 -0.513973 -0.058648 
0.906728 -0.288417 -0.058648 
0.711099 -0.480838 0.054793 
0.667714 -0.573171 0.024130 
0.819932 0.518991 -0.057486 
0.010600 0.888441 0.017770 
0.257270 0.945074 -0.021847 
0.670501 -0.733407 0.045725 
-0.065882 -0.841573 -0.040281 
0.492617 0.847655 -0.014761 
0.662313 0.508264 0.033356 
0.054201 0.993065 0.049507 
-0.543065 -0.669806 0.042226 
0.695993 0.668667 0.048437 
-0.527049 0.820093 -0.017770 
-0.400055 0.910179 0.027931 
0.773604 0.615183 0.003286 
-0.064328 0.948334 0.028741 
-0.675828 0.567835 0.018721 
-0.610665 0.597875 0.054982 
-0.258774 -0.884240 0.012378 
-0.240182 0.867816 -0.058648 
0.310148 0.779759 0.053091 
-0.304530 -0.910721 -0.058000 
-0.985643 0.078677 0.024783 
0.119524 -0.892828 0.010576 
0.455542 -0.692806 0.024235 
-0.252701 -0.930749 -0.056038 
-0.732178 0.641260 -0.022421 
0.781665 0.374326 0.053042 
-0.734056 -0.632702 -0.012919 
-0.815454 0.563484 0.025890 
0.735378 -0.426926 -0.025831 
-0.228021 0.968660 0.020534 
0.884527 -0.011661 0.022314 
-0.598717 -0.665054 0.011398 
0.780354 -0.617423 0.027330 
-0.923185 -0.294147 -0.030024 
0.507131 -0.854070 0.020231 
-0.469184 -0.676439 0.041628 
-0.945927 -0.274032 0.050398 
0.865239 0.185847 -0.058648 
-0.766569 0.406124 -0.058422 
0.858654 0.278856 -0.058648 
0.169734 0.885197 -0.058648 
-0.130838 0.986660 0.012852 
0.845402 0.214444 0.045027 
0.853605 -0.512859 0.034744 
0.980344 0.072477 -0.000434 
0.123101 0.842620 -0.022354 
-0.605286 0.785698 0.047602 
-0.899084 -0.259426 -0.058648 
0.706338 -0.484498 -0.056850 
0.854108 -0.078694 -0.056093 
0.552635 0.809548 -0.030006 
-0.382265 0.737658 0.047850 
-0.425567 -0.708597 0.050763 
-0.841187 -0.096694 -0.055292 
-0.508121 0.853738 0.040279 
-0.112913 -0.885320 0.012331 
0.216647 -0.948042 -0.026671 
0.897240 0.063085 -0.058648 
-0.691929 0.684651 -0.033207 
-0.740184 0.408032 -0.005172 
0.677618 -0.512608 -0.035168 
0.942692 0.269547 -0.008376 
-0.843839 0.223920 -0.058405 
0.426518 0.846553 0.022822 
0.774958 -0.367178 0.055200 
-0.347639 -0.767709 -0.016439 
0.910603 -0.356804 -0.029529 
-0.758744 -0.592687 -0.052070 
-0.796743 -0.209758 0.013936 
0.652119 -0.668734 -0.058607 
-0.706014 -0.599890 0.015160 
-0.510957 -0.669762 -0.018455 
0.910912 0.235192 -0.058648 
-0.787310 0.391933 0.020391 
0.258633 -0.861449 0.011166 
0.087690 -0.932821 -0.058463 
0.695643 -0.710702 0.036824 
-0.202487 0.957224 -0.002363 
0.228562 0.917487 -0.058648 
-0.716470 -0.404948 0.028058 
0.081956 0.975083 -0.006459 
-0.122960 0.901077 0.010057 
0.978285 -0.048361 -0.022849 
0.852035 -0.297505 0.011754 
0.216404 0.877130 -0.058648 
0.489875 0.741920 0.019397 
-0.493281 0.666146 0.016840 
-0.970052 -0.002071 -0.016437 
0.758249 -0.608880 0.055152 
-0.026522 0.966115 -0.058347 
-0.020629 -0.825069 0.017619 
-0.859952 -0.027548 0.047591 
-0.696064 0.707553 0.030273 
0.558814 -0.799028 -0.005618 
0.838018 -0.413630 -0.058612 
-0.512251 -0.822894 -0.014584 
-0.555958 -0.652905 -0.058642 
-0.581477 -0.751106 -0.058425 
0.527506 0.646477 0.028706 
0.566540 -0.747394 0.017930 
0.410661 -0.882576 -0.017341 
-0.304491 -0.909692 0.054204 
-0.782687 0.264336 0.012295 
-0.188596 -0.868276 0.013759 
-0.675594 -0.647386 0.021481 
-0.132056 -0.833535 -0.002014 
-0.899083 0.367221 -0.042354 
0.042935 0.929431 -0.058648 
-0.846663 -0.493495 0.054051 
0.299469 -0.828084 0.020586 
-0.963676 0.222604 0.037581 
0.054936 -0.899144 0.010485 
-0.193273 0.848296 -0.058648 
-0.203642 -0.912844 0.020063 
0.100250 0.847274 -0.051531 
0.918568 0.240427 0.023969 
0.081909 0.950267 0.032541 
0.562644 0.784555 0.050888 
0.898072 0.339912 0.042701 
-0.824062 -0.003229 0.041074 
0.092229 -0.870194 -0.058608 
0.096854 -0.856334 0.049956 
0.815463 -0.570237 0.045328 
-0.773750 -0.332368 -0.015926 
-0.142576 0.895045 -0.058648 
0.811061 -0.189121 0.023682 
-0.517291 -0.841414 0.042549 
0.104268 0.907829 -0.058648 
-0.677580 0.676809 0.049588 
-0.473929 0.793605 -0.058621 
0.443331 -0.793690 0.010057 
-0.623156 -0.587284 0.052020 
-0.277806 0.782680 0.037326 
0.472179 -0.802936 -0.058578 
-0.820603 -0.316524 0.017754 
-0.823906 0.161475 0.000819 
0.273594 -0.801064 -0.029131 
-0.966281 -0.011449 -0.054054 
-0.646068 -0.509624 0.037689 
-0.807502 -0.161065 0.031886 
-0.639211 0.700620 -0.058581 
-0.419933 0.737313 -0.040768 
0.658411 0.738129 0.054788 
-0.578714 0.783602 -0.038839 
-0.224231 0.849891 0.024954 
0.547477 -0.689243 0.023032 
0.973324 0.220550 0.046564 
0.958207 0.002729 -0.058648 
0.733457 -0.392869 0.029344 
0.793855 0.258614 0.045860 
0.528069 0.689110 0.051506 
-0.754058 0.443042 -0.058546 
0.807534 0.276145 -0.035247 
0.931507 0.361040 0.038814 
0.842668 -0.345198 -0.058577 
-0.002025 -0.971485 -0.033644 
0.766168 0.426212 0.034334 
0.883396 -0.214819 -0.058648 
-0.117864 -0.964134 -0.006444 
0.831473 -0.062179 0.033332 
0.032548 -0.844454 -0.027216 
-0.857936 -0.220039 -0.058648 
0.108901 -0.838170 -0.005109 
-0.908068 0.237038 0.022804 
-0.479758 0.773960 0.010057 
0.628317 -0.628826 0.016631 
0.876443 -0.342791 -0.058648 
0.067127 -0.988369 0.034456 
0.261006 -0.797321 0.055070 
-0.933570 0.156346 0.035231 
-0.410330 -0.736043 -0.028466 
0.806627 -0.342674 0.031212 
0.590334 -0.788179 0.054554 
0.851773 -0.034929 -0.005786 
0.485229 0.725388 -0.058648 
0.509013 -0.789577 -0.058622 
-0.250931 0.925573 -0.058648 
-0.819708 -0.078921 0.026474 
0.628934 0.612316 -0.058648 
0.804091 0.509373 0.025635 
-0.743433 -0.508992 -0.058648 
-0.824190 0.166985 0.055192 
0.852878 -0.003283 -0.033564 
-0.713724 0.623314 0.030515 
-0.706266 -0.690441 0.019974 
-0.766732 -0.431051 0.017797 
-0.858584 0.455167 -0.013277 
0.382921 0.762285 -0.006970 
0.073092 -0.969110 -0.019428 
0.982714 -0.086046 0.003056 
-0.964984 0.098692 -0.019119 
-0.775004 0.618557 0.022616 
0.103164 -0.984179 0.046853 
0.834503 0.519792 -0.000743 
-0.841059 -0.433494 0.034654 
-0.580130 -0.799418 0.022844 
0.281020 0.906656 -0.058648 
-0.815135 -0.211676 -0.018612 
-0.470384 -0.768701 0.010057 
-0.831747 0.442078 0.024448 
0.075648 -0.824216 0.048403 
-0.011213 -0.940399 -0.058453 
-0.306628 -0.923347 -0.000816 
0.729256 -0.576284 -0.058648 
-0.346704 -0.909069 0.055131 
0.561104 -0.758371 -0.058648 
0.198736 0.811061 0.048967 
0.021307 -0.860255 0.050764 
0.901573 0.015103 0.012144 
0.884519 0.460099 0.049225 
-0.719865 0.682368 0.029499 
0.483122 -0.867133 0.044101 
-0.412237 0.873266 -0.057499 
-0.640876 -0.704275 0.049841 
0.899501 -0.181388 0.010057 
0.157381 0.977292 0.005589 
-0.023341 0.989185 0.005879 
-0.605344 0.762804 -0.018033 
0.404511 0.785261 -0.058648 
0.877040 -0.028560 -0.058648 
0.873997 -0.477668 0.043089 
0.388795 0.867931 -0.058648 
-0.867976 0.094474 -0.058648 
0.205656 -0.805120 0.008069 
0.061843 0.841411 0.003345 
0.958896 -0.102619 0.051019 
-0.743180 0.618127 -0.053595 
-0.107939 -0.983695 0.019516 
0.598072 -0.582002 0.051801 
0.594055 0.739742 0.023081 
-0.311856 -0.763568 0.047481 
0.266557 -0.913121 -0.058469 
-0.922888 -0.202110 -0.058648 
0.986524 0.124759 0.052077 
-0.501430 -0.795799 -0.058448 
0.904783 0.377845 -0.017715 
-0.170676 -0.974401 0.026233 
-0.371164 0.832345 -0.058648 
0.677394 0.711831 -0.001014 
0.515127 -0.718705 -0.058648 
-0.085139 0.977932 0.000778 
0.520531 0.791043 0.021558 
0.753214 0.360020 0.038270 
-0.837079 0.063676 0.055286 
-0.809814 0.496865 0.036102 
-0.302135 0.793546 -0.041729 
-0.789613 -0.550603 0.055279 
0.624271 0.755304 -0.034337 
-0.360745 0.768320 -0.041599 
0.026778 -0.958325 0.053312 
0.963811 0.108504 -0.058056 
0.766448 0.580074 0.044809 
0.242017 0.829260 0.053992 
0.425413 0.760936 0.045616 
0.507556 0.685816 -0.022689 
0.930983 -0.300735 -0.032274 
0.388475 -0.752886 -0.044398 
-0.447344 -0.832546 0.032101 
-0.048454 -0.911808 0.010059 
0.832177 0.266853 0.041101 
-0.982020 0.101157 0.048056 
-0.337995 0.803349 0.037701 
0.231922 -0.842492 0.027290 
0.844857 0.056961 0.055084 
0.824793 0.218785 -0.015192 
-0.737013 -0.476578 -0.058648 
-0.479136 0.748920 -0.058648 
0.003783 0.844190 0.002781 
0.162811 -0.958277 -0.036556 
-0.888248 0.436935 0.046168 
-0.939922 -0.303662 0.018677 
0.004597 0.977108 -0.050511 
0.869737 0.492278 0.030598 
0.876526 0.348348 0.018207 
-0.925192 -0.045753 0.014741 
0.447284 0.871628 -0.007697 
-0.326426 0.762981 0.022543 
0.406181 -0.903943 0.048143 
0.716292 -0.662528 -0.024975 
0.961082 0.183932 -0.051536 
-0.001523 -0.974657 0.055133 
0.911936 -0.068492 0.010057 
-0.959871 -0.105497 -0.054592 
-0.571381 0.668959 -0.058555 
0.365458 -0.922345 0.029832 
-0.710531 0.468902 -0.056456 
-0.373984 0.801372 0.019556 
0.324742 -0.920234 0.055048 
0.411040 -0.861074 0.042489 
0.786813 0.346419 -0.056376 
0.221873 0.953434 -0.012990 
0.820987 -0.227604 -0.034262 
0.638650 0.566219 -0.022144 
0.639867 -0.760590 0.017974 
-0.847242 -0.190584 0.030846 
0.954851 -0.286245 0.038338 
0.858612 -0.341965 0.011071 
-0.868300 -0.469868 0.031975 
0.767168 -0.494542 0.010057 
-0.616067 0.615089 -0.058648 
0.843916 -0.221782 0.039654 
0.162546 0.917599 0.012811 
0.212854 0.858304 0.022638 
-0.868941 -0.374224 0.034392 
-0.480180 -0.862044 0.011623 
0.905504 0.126457 0.010057 
-0.305105 0.904586 0.039032 
-0.692163 -0.531416 0.024009 
0.365913 0.890106 0.047801 
-0.790400 0.538345 0.048937 
-0.275107 0.940040 -0.000213 
-0.669963 0.516278 -0.041161 
0.021405 -0.906118 -0.058533 
0.376837 -0.745723 0.054009 
0.236012 0.963345 0.052932 
-0.645679 0.624594 0.011609 
-0.706347 -0.625315 -0.058648 
-0.195017 0.872984 0.014068 
-0.015345 -0.844454 -0.035293 
-0.955305 -0.164577 -0.007033 
0.414174 -0.834577 -0.058457 
-0.821904 -0.138365 0.054789 
-0.409798 0.885088 -0.009389 
-0.673377 -0.563779 0.019078 
-0.692971 -0.677128 -0.031126 
-0.144496 0.949146 0.047741 
0.969047 -0.139825 0.055231 
0.204493 -0.874281 -0.058561 
-0.934060 -0.127602 -0.058648 
-0.613932 -0.548256 0.022458 
0.457163 0.887720 0.041927 
0.826087 -0.112808 0.039864 
-0.495678 0.724361 0.024584 
0.835083 0.176665 -0.024319 
0.953417 -0.102969 -0.058648 
0.803601 -0.536331 0.051745 
0.761544 0.385594 -0.005973 
0.158480 0.947627 0.047967 
0.161540 -0.844996 -0.058625 
-0.960660 0.169604 0.001637 
-0.601969 -0.610885 0.050600 
-0.768745 -0.347898 -0.051791 
0.355186 -0.862632 -0.058604 
0.850480 0.405774 0.017522 
-0.015021 -0.989826 0.026052 
0.587930 -0.723377 -0.058648 
0.867702 0.221881 0.015235 
-0.210595 -0.953351 0.002248 
-0.955070 0.250546 0.049105 
0.796883 -0.242721 0.044091 
0.967189 -0.215260 0.053445 
0.986040 0.157776 0.042865 
0.601087 -0.650192 0.018606 
-0.438820 0.766488 0.020125 
-0.876151 -0.081253 0.017851 
-0.841382 0.482057 -0.048568 
-0.272060 0.804492 -0.027767 
0.751991 -0.519438 -0.058648 
-0.763030 0.314713 0.033973 
0.846546 0.324665 -0.058648 
-0.670686 -0.551550 -0.058648 
0.752710 0.628063 -0.030417 
0.797181 -0.595113 0.013246 
0.577645 0.791641 -0.024299 
0.924964 0.324927 -0.029308 
0.874852 -0.396701 0.048692 
0.562489 0.762667 -0.058648 
-0.703559 0.572422 -0.058405 
0.742496 -0.662009 0.035949 
0.288041 0.935345 -0.046976 
0.770997 -0.459543 -0.058648 
0.651816 0.551794 -0.046655 
-0.341985 -0.926739 0.013465 
-0.822897 0.201983 0.055145 
-0.933821 0.262491 -0.049861 
0.304366 0.796309 -0.011053 
0.852661 0.520839 0.024502 
-0.262372 0.846018 -0.058648 
-0.179701 -0.944912 0.054712 
-0.566952 -0.596605 0.019130 
0.719261 0.693501 0.036746 
0.126293 -0.884387 -0.058565 
-0.764726 0.402620 0.044514 
-0.601294 0.651052 0.016899 
-0.814348 0.221279 -0.026014 
0.380675 -0.805738 0.014431 
0.164897 -0.974375 0.050175 
-0.717348 -0.585741 -0.058648 
-0.570939 -0.651203 0.033275 
0.147640 -0.816113 0.009476 
0.617654 0.751261 0.055077 
-0.661173 -0.521083 -0.016292 
-0.747330 0.571145 -0.058457 
-0.175832 -0.919581 -0.058461 
0.808363 0.210341 0.047588 
0.836479 0.395348 -0.058648 
-0.484155 0.679132 0.052988 
-0.855579 0.121787 0.040625 
0.079197 0.868662 -0.058648 
-0.831020 -0.253299 0.029783 
-0.741174 0.509502 -0.058580 
-0.469031 -0.692951 0.001921 
-0.915830 -0.206045 0.024347 
-0.675316 0.495122 0.003622 
0.173120 -0.914520 -0.058520 
-0.752131 0.592469 0.049664 
-0.565686 0.690721 0.013583 
-0.408261 -0.766975 0.029723 
0.493211 -0.840722 -0.023285 
-0.360414 -0.859494 0.017716 
0.615788 -0.556798 0.017755 
-0.567696 0.628671 -0.005758 
-0.845532 -0.389888 -0.058648 
-0.030108 -0.826920 0.049309 
0.979389 0.014856 -0.040145 
0.882940 0.254655 0.010057 
-0.487115 -0.687085 -0.028570 
0.164443 0.946219 -0.058648 
0.553067 -0.825327 0.037492 
0.601473 0.648868 -0.058648 
0.473485 -0.832337 0.049472 
0.813187 0.332042 0.033538 
0.076181 0.972661 0.055288 
-0.200955 -0.801857 0.049488 
0.914874 -0.106226 0.010057 
0.319429 0.930395 0.055288 
0.739439 0.426338 -0.024897 
-0.368567 0.892649 0.053928 
-0.426985 -0.743595 0.052089 
-0.597347 -0.593809 -0.046775 
-0.062816 -0.960801 -0.057253 
0.450272 0.810863 -0.058648 
-0.213032 -0.891561 -0.058507 
0.778823 0.625528 0.043732 
0.825925 0.119121 0.019753 
0.555308 -0.641503 -0.038026 
0.833895 0.012816 0.031176 
0.127689 0.967943 -0.052733 
-0.460882 0.731532 0.049355 
0.793164 0.442481 0.010883 
-0.964957 0.186591 0.053502 
-0.734377 0.459673 0.040092 
0.810965 -0.259139 -0.020923 
-0.001592 -0.888932 0.014054 
0.620807 0.782678 0.020207 
0.759669 0.567279 -0.058648 
-0.215731 -0.804642 0.004836 
0.184361 0.961408 -0.016138 
-0.968185 0.056413 -0.041846 
0.933069 -0.044589 -0.058648 
-0.916944 0.346963 0.054717 
-0.808707 0.539912 -0.037163 
0.265498 -0.856171 -0.058506 
0.917135 -0.390121 0.020735 
-0.359346 -0.900768 -0.038109 
0.752875 -0.621210 -0.008822 
-0.321355 0.815894 -0.058615 
-0.600305 0.570573 0.047066 
-0.483682 -0.719560 0.032309 
-0.718694 0.445254 -0.034023 
-0.909900 -0.361819 0.054340 
-0.843256 -0.115983 0.054832 
-0.617489 0.581964 -0.052233 
-0.339355 -0.801134 0.028179 
0.117095 -0.866502 0.025142 
-0.780924 -0.278816 0.053123 
0.996630 -0.008608 0.011240 
-0.828228 -0.502780 -0.008529 
-0.971714 -0.109169 0.003900 
0.373824 0.914517 0.003676 
0.674638 0.582705 -0.058648 
0.007835 0.836024 0.051230 
-0.784003 0.313435 -0.035971 
-0.846848 -0.035230 -0.055615 
0.394451 0.742943 0.053794 
0.688336 -0.477469 0.006051 
0.714442 0.527088 -0.058648 
0.988017 -0.139144 0.026597 
-0.081028 -0.935172 0.022511 
0.721120 0.483677 0.051475 
0.192746 0.811058 0.014989 
0.578702 0.602710 0.012602 
0.744681 0.429275 0.055281 
-0.237600 -0.954265 0.053187 
-0.148225 0.842744 0.055288 
0.963256 -0.206876 0.002541 
-0.535638 -0.625463 0.031194 
0.950580 -0.223397 -0.050074 
-0.391213 0.750333 -0.000353 
-0.942324 0.302034 0.032306 
-0.770961 0.467727 -0.058619 
-0.088742 0.837275 0.055045 
0.507914 0.858182 0.011743 
0.554283 0.831226 0.035491 
0.448801 -0.718967 -0.020607 
-0.145275 0.966868 -0.004254 
0.083798 -0.841007 -0.039862 
0.494996 -0.727269 0.023075 
-0.903481 0.198422 0.013463 
-0.166839 -0.849797 -0.058625 
0.433189 -0.744506 0.052383 
0.305095 -0.818919 -0.058648 
-0.829152 -0.157187 -0.051743 
-0.122221 -0.945884 0.049539 
0.799091 -0.299026 -0.052324 
-0.821160 0.325722 0.017047 
-0.914079 0.052062 -0.058648 
0.810750 -0.369335 -0.058474 
-0.888626 -0.158995 0.010057 
-0.941401 -0.230451 -0.013088 
0.259165 -0.802675 0.000215 
0.904031 0.303853 0.029035 
-0.298623 0.796838 0.055261 
0.340299 0.916414 -0.052038 
-0.064737 0.874784 -0.058648 
0.505741 -0.799555 0.026050 
-0.836594 0.171634 -0.058384 
-0.632534 0.651508 0.010057 
-0.872325 0.167589 0.013885 
-0.947447 0.210363 -0.024741 
0.842699 0.253663 -0.058648 
-0.668203 0.703922 -0.053999 
-0.249166 0.956713 0.053646 
-0.828690 -0.076416 0.054494 
0.994580 -0.054279 0.049365 
-0.094810 0.963886 0.054423 
0.585791 0.597760 0.049818 
0.941280 -0.163679 -0.058648 
-0.446308 -0.713550 -0.001221 
0.858664 -0.193862 -0.058648 
0.280539 0.957553 0.040641 
0.753954 -0.442700 0.033361 
0.255340 -0.923186 0.051374 
0.714841 0.613388 -0.058648 
-0.658160 0.550393 0.053573 
0.691608 0.467221 0.019406 
-0.824536 -0.023847 0.012810 
0.451887 0.706752 0.051979 
-0.831321 0.344189 -0.058548 
0.787401 -0.270015 0.031472 
-0.248007 -0.806092 -0.045536 
0.169956 -0.828310 -0.035284 
0.673814 -0.705727 -0.009785 
-0.714656 0.414482 0.037522 
0.924845 0.262356 0.045277 
-0.452723 -0.790286 -0.058518 
0.304672 0.859782 -0.058648 
0.828405 -0.140881 0.053858 
0.842628 -0.127429 -0.008133 
0.537658 -0.783215 -0.058648 
0.930141 -0.161983 0.020473 
-0.974211 -0.162898 0.033414 
-0.807652 -0.354281 -0.058648 
0.600003 -0.683730 0.010057 
0.734678 0.396835 0.027188 
0.572516 0.633503 -0.032675 
0.434372 0.847185 -0.058648 
-0.728491 -0.421790 0.055193 
-0.664323 -0.727189 0.049853 
-0.082623 0.992577 0.025980 
-0.179843 0.904855 -0.058648 
-0.595071 0.729482 -0.058405 
0.229067 0.820785 -0.026772 
-0.796911 -0.277502 -0.051863 
0.268190 0.839276 0.025827 
0.696045 -0.510921 0.052607 
0.875937 -0.106634 -0.058648 
0.814243 -0.473666 0.019561 
-0.431507 0.810906 0.010329 
0.139271 0.840440 -0.046449 
-0.838008 -0.188382 -0.058648 
0.153417 -0.922909 0.018432 
-0.094911 0.845201 -0.032407 
0.885663 -0.233475 0.010057 
0.294618 -0.774065 0.034202 
-0.719742 -0.436993 -0.006063 
-0.428925 0.710517 0.013013 
0.059219 -0.869333 0.028898 
0.813632 -0.402503 0.010322 
-0.945781 0.108304 -0.058648 
0.063801 -0.951451 -0.058423 
0.847190 -0.051256 0.055122 
0.397907 0.914822 0.046211 
0.904224 -0.350700 0.054087 
0.860186 0.073572 -0.058173 
-0.826046 -0.460467 0.034250 
0.417817 -0.749505 -0.058406 
-0.888704 0.065803 0.012590 
-0.407833 -0.848025 -0.058448 
-0.823275 0.039850 0.015959 
0.941775 -0.327003 0.029674 
0.784130 0.394837 0.032782 
-0.072131 -0.987157 0.026908 
0.827000 -0.287605 0.032604 
0.615649 0.569779 0.051620 
-0.190831 0.944810 -0.058603 
0.630372 -0.568966 -0.018822 
0.551189 -0.715159 0.010891 
0.253126 0.794947 0.013278 
-0.817052 0.110070 0.033339 
-0.321844 -0.769821 0.003687 
-0.438999 0.797652 -0.058533 
0.875474 0.079567 0.029504 
-0.866977 -0.005266 -0.058648 
0.480454 -0.675595 0.032305 
0.868975 0.002324 -0.058648 
-0.598237 -0.565541 0.044294 
-0.862173 0.425591 -0.058104 
-0.986634 0.017100 0.048806 
-0.848926 -0.053109 0.055017 
0.883069 -0.404273 -0.052276 
0.677100 -0.649277 -0.058648 
0.394368 0.816468 0.011105 
-0.603087 -0.758264 -0.039162 
0.971797 -0.147313 0.000456 
-0.030127 -0.970637 -0.027536 
-0.584987 -0.726770 0.018915 
-0.851992 -0.300178 -0.058648 
0.391894 -0.749871 -0.000980 
-0.886333 0.002303 0.014515 
0.970056 0.237681 0.023730 
0.027293 0.873215 0.035510 
0.136067 0.988262 0.030519 
-0.817708 0.196767 0.000006 
-0.459628 0.833802 0.034087 
-0.248099 -0.788758 0.050039 
0.201808 -0.913908 -0.058614 
-0.970398 -0.039887 0.055154 
0.881372 0.394406 0.048861 
0.930458 0.009911 -0.058648 
-0.041332 0.837753 0.053714 
-0.249145 0.818233 -0.056333 
-0.896826 -0.367830 -0.013917 
0.702835 -0.591009 -0.058648 
-0.844330 0.261288 0.016579 
-0.773821 0.331901 0.055288 
0.037929 0.931587 0.013341 
0.828053 0.487418 0.042784 
-0.555147 -0.790352 -0.054276 
0.567141 0.645167 0.055288 
-0.200357 0.932853 0.035393 
-0.688090 0.538407 0.027377 
0.924467 -0.373254 0.042610 
0.662309 -0.520912 0.055152 
-0.698164 0.635096 -0.058618 
-0.015410 0.906226 0.010657 
0.892588 -0.048281 0.015704 
0.924033 -0.276554 0.049779 
-0.279252 -0.897507 -0.058452 
-0.799609 0.270300 -0.034789 
-0.904265 0.212164 -0.058405 
-0.219021 -0.823258 0.054781 
0.956751 0.212555 -0.025521 
-0.597713 0.622692 0.049722 
0.614262 -0.757150 -0.039529 
-0.315341 -0.831589 -0.058570 
0.103549 -0.829082 0.054642 
-0.749267 0.434930 0.039114 
-0.787316 0.601718 0.046179 
-0.662457 -0.664018 -0.058491 
0.735309 -0.649318 0.001179 
0.440905 0.763964 -0.058648 
0.404040 -0.737692 0.055263 
0.606645 -0.640876 -0.058494 
0.641572 0.689318 -0.058648 
0.013367 -0.878911 -0.058597 
-0.430572 0.847291 -0.058507 
-0.880703 0.352876 -0.058503 
0.288945 0.818927 -0.058648 
0.791852 0.522751 -0.058648 
-0.753630 -0.630024 0.007417 
0.616477 0.618622 0.042965 
0.140229 0.827542 0.053548 
0.346269 -0.909297 -0.022750 
0.446023 -0.792103 -0.058525 
0.614525 -0.608675 0.050781 
-0.817764 -0.193742 0.055288 
0.920021 0.185435 0.015600 
0.288785 -0.804967 0.054817 
-0.745703 0.562806 0.017321 
-0.457133 -0.819183 -0.058454 
-0.035470 -0.881815 -0.058589 
-0.771495 -0.585664 0.055268 
-0.396381 -0.884842 -0.024291 
0.610526 0.778581 0.054698 
-0.611456 -0.765909 0.054186 
0.630260 0.553884 0.007785 
-0.987765 -0.029467 0.020902 
0.892773 -0.442735 0.041849 
-0.878554 0.391128 0.053351 
0.951490 0.168461 0.049696 
-0.058838 -0.969725 -0.025100 
0.766471 0.330547 0.037274 
0.909692 0.067603 0.010057 
0.950659 0.238071 -0.037293 
0.773970 -0.592432 -0.049360 
-0.880980 0.291962 -0.058562 
-0.807997 -0.415698 0.010057 
0.828723 -0.552286 0.022152 
0.030590 0.996161 0.028972 
0.234860 -0.943744 -0.047631 
0.274977 0.867564 0.010071 
0.311183 0.807817 0.053042 
-0.105613 -0.886902 -0.058563 
-0.853320 0.297157 0.010057 
-0.405003 0.723600 0.020185 
-0.327259 0.860628 0.010680 
-0.299629 0.900189 -0.058560 
-0.584352 -0.624522 -0.058647 
-0.391641 -0.905502 0.011000 
0.899148 -0.384239 -0.031705 
-0.706036 0.592119 0.011603 
0.351620 -0.750172 0.042684 
-0.245251 -0.855027 0.013079 
-0.833365 0.130697 -0.015828 
-0.740160 0.652666 0.052791 
-0.300373 0.794187 -0.012690 
-0.697893 0.509953 0.046682 
-0.379198 -0.894486 0.055154 
0.380259 0.841304 -0.058648 
-0.787659 -0.239704 0.019982 
0.657614 -0.621786 -0.058648 
0.782866 -0.370581 -0.058509 
-0.689197 -0.623505 0.016676 
0.997750 0.031947 0.042488 
0.016183 -0.927771 0.014710 
0.145339 -0.871379 0.017625 
-0.244481 -0.791813 0.007976 
0.944530 -0.256223 -0.028641 
0.644763 0.568474 0.055288 
-0.768448 0.499699 0.010585 
-0.960034 0.156343 0.055190 
-0.788524 -0.286725 0.000454 
0.310694 -0.885118 0.020095 
-0.163983 0.819949 0.052471 
0.517585 -0.825525 -0.026191 
0.730591 0.441664 -0.003399 
-0.931165 0.264346 0.055251 
-0.473989 -0.819953 0.035361 
-0.412104 -0.853519 0.036679 
-0.849134 0.448957 0.052313 
-0.903355 -0.094827 0.010057 
-0.256599 -0.934070 0.055208 
0.877520 -0.469727 0.013714 
-0.580629 -0.781990 0.001218 
0.525622 0.826988 -0.025066 
-0.152805 0.836313 -0.018499 
-0.076957 0.872162 0.031554 
-0.635174 0.690449 0.019436 
-0.870789 0.031510 0.025901 
-0.667060 0.585021 -0.058490 
0.502962 0.700467 0.054623 
-0.913160 -0.343019 0.002706 
-0.685399 0.495689 -0.030868 
0.859783 0.153082 0.041594 
0.823277 0.566406 0.037412 
-0.822333 0.086531 0.050126 
0.871695 -0.441956 -0.029511 
-0.524043 0.641285 0.040485 
-0.830417 -0.288385 0.018417 
0.960311 0.039550 0.046839 
-0.978872 0.141098 0.033697 
-0.666958 -0.494580 0.053863 
0.872623 0.136431 -0.058648 
-0.807491 0.299224 0.048456 
0.514066 -0.699391 0.042413 
-0.846410 0.514071 0.014298 
-0.227569 -0.820114 -0.057692 
-0.344466 0.768738 0.002458 
0.717896 0.645869 0.051019 
-0.842949 -0.006291 -0.015557 
-0.709349 0.474350 0.055068 
0.846497 0.448786 0.034978 
-0.741876 -0.513774 0.010057 
-0.746505 -0.543166 0.013397 
-0.416812 0.861840 0.046705 
-0.636984 0.736839 -0.017027 
-0.390059 -0.746821 -0.003493 
0.246240 0.880353 0.010057 
0.707734 -0.644525 0.045470 
-0.112930 -0.824514 0.053726 
0.570379 -0.628857 -0.018843 
-0.807524 0.230113 0.055047 
0.697294 0.700018 0.055034 
-0.582730 0.588156 0.032233 
-0.912449 0.100445 0.011558 
-0.801954 0.386107 -0.058544 
0.667922 0.510815 0.006640 
0.206468 -0.820549 -0.039571 
-0.972470 -0.076018 0.055087 
0.817547 0.478024 -0.058648 
0.664024 -0.647661 0.012407 
0.353705 0.883883 -0.058648 
-0.937041 0.023854 0.022188 
0.397156 0.868305 0.031552 
0.198300 -0.802864 0.039947 
0.113124 0.904375 0.010057 
-0.800033 0.522069 -0.058648 
-0.735071 0.613831 0.049181 
-0.143209 -0.873506 0.015835 
0.689128 -0.690824 -0.046259 
0.462390 -0.691901 0.050679 
-0.784763 -0.500453 0.017520 
-0.942468 0.088287 0.035427 
-0.441041 0.748297 0.040986 
-0.685317 -0.486923 -0.000807 
-0.267355 -0.779738 0.030602 
-0.759402 0.362364 0.000408 
0.079593 0.973325 -0.051916 
-0.756637 -0.604911 -0.027829 
0.712375 -0.463814 -0.018389 
0.738971 -0.402902 0.004004 
-0.729560 -0.487395 0.019669 
0.804351 -0.215411 0.021473 
-0.202760 -0.931493 0.049334 
-0.850342 -0.141433 -0.058648 
-0.030074 0.850523 -0.029716 
-0.480144 0.848716 -0.042160 
-0.575464 -0.702124 -0.058524 
-0.049465 -0.858961 0.050483 
-0.533976 0.657605 -0.038186 
0.709007 0.440931 0.040858 
-0.503061 0.760201 0.010057 
-0.812974 -0.130739 0.028431 
-0.895679 0.136553 0.010057 
-0.557012 0.805411 0.055175 
-0.951556 -0.186141 -0.022852 
-0.720980 -0.464768 0.050656 
-0.025554 -0.878482 0.020752 
0.819043 0.157994 0.031293 
-0.001938 0.974160 0.055288 
0.587423 -0.725369 0.015482 
0.599912 0.701015 0.010058 
-0.728474 -0.421869 -0.030269 
0.772861 0.315457 0.015906 
-0.204555 0.824997 -0.032572 
-0.538340 0.783295 0.032690 
-0.531820 -0.734227 0.010057 
0.944445 -0.193805 -0.058648 
-0.727012 -0.651211 0.055081 
0.465124 0.803428 0.011573 
-0.708247 0.685185 0.053584 
0.083028 0.882544 0.019912 
-0.652763 -0.552624 0.053179 
-0.842226 0.033460 -0.034248 
0.824330 -0.522186 -0.048764 
