0.796077 0.399836 0.145333 
-0.885398 -0.436117 0.082342 
-0.485867 0.859528 0.129002 
0.390946 -0.893262 0.120927 
0.250805 0.855312 -0.188900 
0.849783 -0.325033 -0.146768 
-0.859016 0.271272 -0.189189 
-0.311621 -0.863632 -0.157232 
-0.037962 0.532106 0.166340 
0.396719 -0.346800 0.169562 
-0.342022 -0.398718 0.132812 
-0.497642 0.279022 0.183295 
0.118835 -0.600973 -0.189479 
0.596880 0.098847 -0.189552 
-0.599234 -0.142720 -0.187061 
-0.343226 0.520631 -0.190475 
0.523581 0.787684 0.182603 
-0.951393 0.009205 0.182744 
0.937261 -0.032890 0.182742 
-0.000547 0.978718 0.161122 
-0.590341 -0.762746 0.175257 
0.555754 0.540125 -0.192055 
-0.038267 -0.937358 0.183368 
0.736092 -0.630179 0.159912 
0.372780 0.363365 0.153521 
-0.822436 0.548310 0.150503 
0.530876 -0.578525 -0.191557 
-0.632041 -0.598270 -0.192205 
-0.151981 0.873936 -0.191765 
0.540986 0.013824 0.180652 
0.071409 -0.557923 0.183115 
-0.548586 -0.086452 0.180460 
-0.681712 0.617945 -0.166181 
-0.265774 -0.531103 -0.175040 
0.525517 -0.236772 -0.143607 
-0.921101 -0.062444 -0.166472 
0.048991 0.592780 -0.174559 
0.910951 -0.000397 -0.145004 
0.038378 -0.913974 -0.145358 
0.847134 0.330564 -0.164149 
0.891030 -0.350394 0.173603 
-0.545013 0.233290 -0.151822 
0.283041 0.641303 0.041888 
0.350540 -0.828403 -0.180517 
-0.443319 0.808666 -0.164596 
-0.338849 -0.920069 0.140094 
-0.340067 0.528834 0.107737 
-0.804906 -0.354807 -0.192360 
-0.144430 -0.704694 0.036687 
0.321332 -0.619413 0.041238 
0.282501 0.939196 0.126733 
-0.722260 0.098506 0.036646 
-0.621446 -0.338834 0.041677 
-0.922110 0.286138 0.178691 
0.715375 -0.158708 0.033835 
0.625802 -0.415378 0.033638 
-0.239415 0.775614 0.043789 
0.731101 0.637149 0.035060 
0.746823 0.113913 0.033862 
-0.405049 -0.639883 0.033412 
0.484190 0.779424 -0.096786 
-0.474206 -0.371932 -0.179185 
0.037507 0.748630 0.033431 
-0.591469 0.465222 0.033619 
0.493704 0.302448 -0.063970 
0.302110 0.511529 -0.178593 
-0.809028 -0.175410 0.050136 
0.144406 -0.798729 0.047866 
0.564954 -0.757272 0.016944 
-0.673121 0.723736 0.058758 
0.947280 0.206078 0.160093 
-0.149378 0.569594 -0.042539 
0.320278 -0.481944 -0.155424 
-0.102291 -0.729758 -0.192012 
-0.732226 -0.615358 0.017496 
0.501400 0.543803 0.033716 
-0.703323 0.061452 -0.192285 
0.726924 -0.131105 -0.192360 
-0.804677 0.459828 -0.062849 
0.745735 -0.522296 -0.154375 
-0.138336 -0.502582 0.142635 
-0.217946 0.951723 0.167349 
-0.436616 -0.689891 -0.191776 
-0.944512 0.138934 0.013516 
-0.176133 -0.916133 0.004206 
0.935759 -0.169628 0.021032 
0.050840 0.918816 -0.154499 
0.483427 -0.173262 0.090291 
0.168197 0.498052 0.157724 
-0.565422 0.436152 -0.192096 
0.549240 0.220491 0.164157 
0.754386 0.515709 -0.139776 
0.011164 -0.581449 -0.010760 
0.575917 -0.020233 -0.020900 
-0.519796 0.103605 0.083286 
-0.270706 0.710265 -0.192360 
0.203206 -0.945077 0.167661 
-0.926679 -0.268773 0.178470 
0.833528 -0.465702 0.024717 
-0.773620 0.298266 0.050314 
-0.446124 0.680028 0.043639 
0.657293 0.293612 -0.191891 
-0.424615 0.365907 0.015917 
-0.487799 -0.835431 0.026579 
0.258751 -0.482576 0.182263 
-0.112734 0.920389 -0.009141 
-0.465182 -0.248940 0.109077 
0.641055 0.386936 0.033338 
0.418092 -0.397546 -0.012523 
-0.590912 -0.036421 -0.031544 
0.063527 0.557646 0.011201 
0.331569 0.466446 0.001876 
0.531678 -0.574568 0.038334 
0.646512 -0.367489 -0.192360 
0.893875 0.309195 0.017392 
-0.537118 -0.501814 0.034641 
0.961382 0.075368 0.032073 
-0.488074 0.631151 -0.192035 
0.786593 0.122989 -0.192360 
-0.980922 -0.109367 0.049240 
-0.376692 -0.450290 -0.048885 
0.109742 0.943752 0.014149 
-0.748764 -0.536039 0.176724 
-0.084373 0.705869 -0.192360 
-0.576707 -0.719409 -0.069311 
0.162595 -0.769434 -0.191986 
0.318936 0.862952 -0.028903 
-0.894912 -0.239726 -0.085836 
-0.302960 0.873222 -0.086974 
0.069425 -0.951527 0.020881 
-0.212006 -0.544706 -0.012246 
-0.768523 -0.513135 -0.115731 
0.583881 -0.709476 0.180779 
0.335573 -0.657777 -0.191993 
0.643427 0.658187 0.180584 
0.183482 -0.549243 -0.031620 
0.214421 -0.889166 -0.082471 
0.533446 0.141251 0.012144 
0.181783 0.697617 -0.192360 
0.510218 -0.746324 -0.174691 
-0.899484 0.103708 -0.185463 
0.445893 0.407049 -0.187228 
0.604119 0.747483 0.025537 
-0.128746 -0.907316 -0.157874 
-0.714257 0.355731 -0.192018 
0.371163 0.663529 -0.192002 
-0.775835 -0.137336 -0.192360 
-0.894907 0.421589 0.074468 
0.616985 0.676326 -0.123522 
-0.610120 0.275673 0.063578 
-0.104287 -0.573437 -0.132559 
0.895281 0.175001 -0.079687 
0.419538 -0.811779 -0.032641 
0.461994 -0.380200 -0.185996 
0.373150 0.797372 0.108816 
-0.656174 -0.417394 -0.192360 
0.650948 -0.637983 -0.096552 
0.882713 -0.186870 0.171167 
0.772293 -0.324100 0.066892 
-0.549704 -0.215737 -0.030708 
-0.175160 0.596813 0.116623 
-0.275536 -0.688964 -0.192002 
-0.463151 -0.529898 -0.192128 
-0.557794 0.738772 -0.080010 
0.196798 0.810563 0.057495 
-0.349108 0.922277 0.081064 
0.802049 0.478082 0.008323 
-0.310746 -0.764847 0.052818 
0.834582 -0.051706 0.065647 
0.896573 -0.157411 -0.130311 
0.789097 0.565874 0.161017 
0.200728 0.548670 -0.062270 
-0.011751 -0.822270 0.052478 
0.578946 -0.087482 -0.175731 
-0.851470 0.001724 0.064835 
-0.185262 -0.891182 0.172138 
0.814105 -0.488767 0.176000 
-0.556605 0.729893 0.172325 
-0.687084 0.617146 0.175416 
0.137838 0.898830 0.168651 
-0.291962 -0.542131 0.122140 
-0.343502 0.481025 -0.041842 
-0.636709 -0.153403 0.074997 
-0.194107 0.577943 -0.185531 
-0.776629 -0.321671 0.058370 
0.724321 0.261872 0.035561 
0.742039 -0.585551 0.017229 
-0.416102 0.420764 0.177587 
0.278863 -0.450317 0.026441 
0.327882 0.508175 0.144660 
-0.574439 -0.639339 0.076278 
0.447582 0.681222 0.048455 
-0.107304 0.703658 0.040003 
-0.460974 -0.833841 0.181200 
-0.584569 0.098432 -0.107298 
-0.472205 -0.345586 -0.001994 
0.125004 -0.637570 0.069623 
-0.766484 0.595029 0.024212 
-0.745443 0.437567 0.075874 
0.622149 -0.267817 0.048701 
-0.418340 0.831520 -0.006312 
0.508433 0.349332 0.108379 
0.303077 -0.791100 0.072591 
-0.444781 0.390560 -0.123637 
-0.690088 -0.463504 0.053276 
0.460854 -0.747357 0.113392 
-0.845254 -0.376942 -0.058532 
-0.633089 0.010299 0.102088 
0.610334 -0.083012 0.104585 
-0.894957 0.134309 0.145123 
-0.951988 -0.253919 0.042542 
-0.686133 -0.251034 -0.192360 
0.656596 0.524001 0.065523 
-0.568802 0.600591 0.049740 
-0.928186 0.275619 0.022801 
-0.019736 0.866274 0.083561 
-0.045755 -0.616949 0.109458 
-0.731301 0.195752 -0.192360 
-0.724710 -0.666648 0.145128 
-0.475970 0.241896 0.040574 
0.080836 0.788997 -0.192360 
0.716067 0.006711 -0.192360 
-0.461747 0.501110 0.055091 
0.475729 0.851704 0.040355 
0.512604 -0.274912 0.173682 
0.263226 -0.932068 0.034843 
-0.480334 -0.376339 0.147236 
0.150698 0.651772 0.058785 
-0.898904 -0.121501 0.153976 
0.038454 -0.720283 -0.192360 
-0.447390 -0.804409 -0.125265 
0.483033 -0.277550 0.008022 
0.898079 -0.348635 0.032203 
-0.534246 -0.252808 -0.155402 
0.541745 0.234124 -0.180026 
0.393666 -0.514517 0.068929 
0.743643 -0.260301 -0.192358 
0.624912 0.084369 0.085134 
0.094357 -0.508772 0.057934 
0.705147 -0.009157 0.038251 
0.831079 0.205008 0.082731 
0.550052 -0.170622 -0.034745 
-0.632759 -0.750438 0.045415 
-0.237116 0.499867 0.180251 
-0.770781 0.474402 -0.186627 
0.507153 -0.381861 0.080027 
0.890222 0.319637 0.180910 
0.503308 0.695510 -0.192311 
-0.988528 0.027577 0.060276 
0.198747 0.898752 -0.080015 
-0.238497 0.922496 0.014591 
-0.725482 -0.069866 0.036486 
0.588590 0.417001 -0.191892 
-0.331126 -0.883398 0.011350 
0.069810 -0.885276 0.129334 
0.882486 0.098314 0.141784 
-0.244985 0.473833 0.037711 
-0.510480 -0.138078 0.067392 
0.391687 0.823448 -0.171459 
-0.863664 0.337020 -0.067178 
-0.577434 0.177423 0.167789 
-0.903681 0.208572 -0.083338 
-0.321001 0.675643 0.033748 
0.732753 0.403822 -0.192253 
-0.054911 -0.915948 -0.027838 
0.720665 -0.473334 0.091407 
0.568103 0.640217 0.078994 
-0.592245 -0.017288 -0.154739 
0.091231 0.595617 0.159913 
0.421317 0.375783 0.005428 
0.449259 0.259589 0.046505 
-0.540412 0.811166 0.028728 
-0.205919 -0.797246 -0.191745 
-0.810969 -0.511308 0.018397 
0.972115 -0.044751 0.058856 
-0.478423 -0.736632 0.099662 
-0.845157 -0.364336 0.173977 
-0.102415 0.515709 0.057715 
-0.255693 -0.652291 0.042293 
0.207093 0.482230 0.042059 
-0.066787 0.584064 -0.134501 
-0.566929 0.172238 -0.011066 
-0.378840 0.803746 0.110964 
-0.038166 0.831565 -0.192360 
-0.508345 0.377320 0.102528 
-0.835424 0.378457 0.170471 
-0.421425 -0.504713 0.068672 
-0.368428 0.640798 -0.191913 
0.240473 -0.563397 -0.189988 
-0.926818 0.028396 -0.041356 
0.651134 -0.573876 0.099147 
-0.045659 -0.977396 0.072408 
-0.129344 0.822789 0.054866 
0.427436 0.468376 0.086035 
0.694031 -0.682917 0.063467 
0.579280 -0.464081 -0.192018 
0.437762 -0.645449 0.037388 
-0.067572 -0.517862 0.048943 
0.875615 -0.253032 -0.035781 
-0.028045 0.634635 0.092407 
-0.372934 -0.459504 -0.166746 
-0.568073 -0.201181 0.167464 
0.761088 -0.391588 -0.192360 
0.830649 -0.077457 -0.192360 
0.689209 0.602224 -0.067427 
0.388080 0.569847 0.046009 
-0.007932 -0.614165 -0.189613 
0.950798 0.200681 0.044699 
-0.034811 -0.823520 -0.191737 
-0.284827 0.857302 0.151106 
-0.657164 0.653473 -0.059563 
-0.011200 -0.702521 0.040808 
0.758843 0.234439 -0.192360 
0.447662 0.577557 -0.191915 
0.519805 -0.103373 0.172795 
0.235250 -0.568086 0.110605 
0.644296 -0.567267 -0.192360 
0.213299 -0.700145 0.034081 
0.513850 0.013914 0.070113 
-0.115589 -0.858361 0.088473 
0.502678 0.111898 0.138067 
0.910393 -0.049950 -0.042887 
-0.835057 0.382066 -0.171706 
0.884761 0.409722 0.069006 
-0.063687 0.919897 -0.111286 
0.936087 -0.263779 0.096838 
0.285515 0.747668 -0.192360 
-0.920032 -0.114542 -0.066045 
-0.581395 0.548097 -0.192289 
-0.549193 -0.700205 -0.190840 
0.371931 0.446992 -0.111905 
-0.297793 -0.438503 0.037208 
0.661665 0.594960 -0.187216 
0.419141 -0.521823 -0.191566 
-0.701515 0.209099 0.036060 
-0.805645 0.014778 -0.192360 
-0.606260 0.324841 -0.192194 
0.828321 0.384108 -0.046738 
0.321032 -0.856156 -0.072940 
-0.665739 -0.571641 0.095996 
-0.254591 0.820856 -0.191863 
-0.465237 0.484858 -0.192360 
-0.528993 -0.018020 0.059184 
-0.686082 0.546013 0.089758 
-0.664514 0.374005 0.033352 
-0.551993 0.058866 0.180025 
0.382540 0.887888 0.172474 
0.588436 0.286798 0.064101 
-0.965990 0.211808 0.104457 
0.895122 0.116100 -0.175214 
0.622703 -0.255277 -0.191753 
-0.815639 -0.239908 -0.192360 
0.447952 0.280283 0.168768 
-0.094854 0.979520 0.104889 
0.301764 -0.854508 0.171896 
-0.319851 0.421227 0.101774 
-0.584807 0.682703 -0.189436 
0.009286 0.979096 0.039898 
-0.691551 -0.067543 -0.192360 
0.230315 0.592943 -0.192176 
0.553047 0.166362 -0.092380 
-0.154271 -0.611967 0.093077 
-0.830702 0.108143 0.055293 
-0.363578 -0.574846 -0.192198 
-0.568776 -0.507017 -0.192360 
0.210501 -0.865960 -0.187310 
-0.496504 0.323370 -0.051275 
-0.262121 -0.945176 0.065126 
0.369288 -0.450138 0.174090 
0.223764 0.576952 0.112462 
-0.417985 0.325217 0.123830 
0.149686 0.891246 -0.182706 
0.476956 -0.837092 0.168257 
0.089699 0.836787 0.061895 
-0.684749 -0.619569 -0.077524 
-0.685474 -0.254417 0.035813 
-0.267989 -0.844439 0.117335 
0.231418 0.945976 0.034266 
0.500787 -0.834516 0.050433 
0.625873 0.187870 0.064496 
0.908511 0.071697 -0.063418 
0.439223 -0.638991 -0.192032 
0.303170 0.751039 0.045470 
-0.175294 0.906557 -0.092437 
0.964145 -0.132176 0.133982 
-0.381796 0.886106 0.178152 
0.664959 0.488580 -0.192214 
0.333330 -0.392163 0.094121 
-0.142447 0.886815 0.136172 
0.025642 0.692522 -0.192360 
0.586597 -0.676461 -0.183083 
0.760579 -0.502618 -0.042359 
-0.844327 -0.509117 0.143448 
-0.577127 -0.128721 -0.086890 
-0.212676 -0.893357 -0.099280 
0.831693 -0.228907 0.092285 
0.190025 -0.480290 0.082417 
-0.157191 -0.966857 0.108877 
-0.660563 0.483173 -0.191788 
0.022077 0.922231 -0.044093 
-0.599721 -0.332178 -0.192360 
-0.390187 -0.792479 0.110812 
0.099780 -0.571521 -0.093543 
-0.107709 -0.572851 -0.030516 
0.853324 -0.231626 -0.187812 
-0.854041 0.253088 0.110259 
-0.039467 0.574239 0.003249 
-0.476017 0.750887 0.110019 
0.581519 -0.184708 0.113691 
0.690387 0.155162 -0.192360 
-0.381981 -0.382172 0.026251 
0.562880 -0.794791 0.130573 
-0.185820 -0.796938 0.049451 
-0.848758 -0.272287 0.114112 
-0.054729 -0.544667 0.180761 
-0.138997 0.510629 0.154993 
0.106499 -0.909125 -0.062905 
0.313872 0.414043 0.089294 
0.065820 -0.817633 -0.192222 
-0.627681 0.140880 0.088969 
0.098755 0.977456 0.120313 
-0.920326 -0.349012 0.042396 
0.822702 0.029566 -0.192360 
-0.800957 0.120262 -0.191815 
0.166519 -0.521242 0.180955 
0.117070 -0.970679 0.107842 
0.408429 0.822723 -0.047054 
0.835124 0.047971 0.065513 
0.833539 -0.368393 -0.058513 
-0.568512 0.058647 0.009083 
-0.970443 -0.185655 0.112240 
-0.364214 0.742933 -0.192188 
-0.824658 0.515049 0.025628 
0.261375 -0.773092 -0.192360 
0.419308 -0.297245 0.080866 
-0.201879 -0.604187 -0.192325 
0.324966 -0.477433 -0.057256 
-0.984171 0.093540 0.138289 
0.619992 0.755843 0.122186 
-0.697545 -0.506559 -0.192360 
0.479969 -0.319234 -0.111033 
0.167022 -0.929557 0.014906 
-0.433648 -0.881179 0.094630 
-0.391364 0.598612 0.039777 
0.802266 -0.381575 0.145924 
0.559081 -0.663466 0.097843 
-0.180502 0.748624 -0.191765 
-0.604435 0.149248 -0.188712 
-0.366215 -0.789962 -0.191604 
-0.985043 -0.076580 0.141878 
0.404412 -0.411329 -0.113497 
-0.194579 -0.484238 0.065173 
-0.278611 0.595211 0.071444 
0.734292 0.433042 0.077763 
0.836962 0.501912 0.095882 
0.550930 0.460239 0.036394 
-0.541264 -0.820334 0.114692 
0.971569 0.048479 0.124590 
0.575759 0.029488 -0.125324 
-0.621689 -0.657979 0.158656 
-0.376415 -0.839591 -0.062101 
-0.744541 0.650645 0.105485 
0.812726 0.298984 0.094769 
0.284789 0.835866 0.110804 
-0.263686 0.528233 -0.067991 
-0.493832 0.727272 -0.191862 
-0.197370 0.670002 0.045079 
-0.257149 -0.456977 0.150553 
0.864117 0.237501 -0.181885 
-0.787302 -0.593678 0.110083 
0.390351 0.895402 0.041584 
-0.894377 -0.186639 -0.179884 
0.063527 0.519887 0.108355 
-0.788431 -0.423647 0.124821 
-0.747377 0.547660 -0.129769 
-0.654303 0.706744 0.180148 
0.352116 -0.876200 0.015056 
0.789303 -0.568845 0.109853 
0.793464 -0.446679 -0.121637 
0.387148 -0.724186 0.054038 
0.521597 -0.466779 0.039977 
0.606297 -0.682028 -0.025395 
0.144961 0.568367 -0.158900 
0.806307 -0.144166 0.053867 
-0.869064 -0.316900 -0.132939 
-0.198842 -0.549357 -0.111762 
0.008581 -0.518799 0.116524 
0.866530 0.286950 -0.069299 
0.443416 0.374293 -0.096293 
0.506962 0.336462 -0.189895 
0.163318 -0.871251 0.126791 
-0.510644 -0.615583 -0.191831 
-0.932353 0.330345 0.097711 
0.507881 -0.097563 0.042482 
-0.600162 0.719007 -0.000351 
-0.609177 0.777765 0.113514 
0.711451 -0.252107 0.033878 
0.536223 -0.738848 -0.068320 
0.694981 -0.455325 -0.192243 
-0.499108 -0.775111 -0.041555 
0.192812 0.962617 0.132354 
0.739701 0.541701 -0.013434 
-0.292347 -0.507491 -0.090584 
-0.509246 0.315092 -0.171759 
0.060643 0.647918 0.073981 
-0.763649 -0.435999 -0.192360 
0.417459 -0.767634 -0.191572 
0.124556 -0.894538 -0.178891 
0.627304 0.669474 -0.015008 
0.382452 -0.793168 0.117813 
0.109294 0.913736 -0.076188 
-0.404339 -0.337543 0.109066 
0.671340 -0.699246 0.160093 
-0.634733 0.234329 -0.192360 
0.551952 0.808093 0.094060 
-0.091137 -0.782252 0.038116 
0.050966 0.897516 0.145040 
-0.624077 0.637424 0.114385 
0.572572 0.069653 -0.044831 
0.484869 0.735013 0.110132 
0.808721 0.423703 -0.148474 
0.558256 -0.350474 -0.191726 
0.566438 0.720733 -0.064092 
0.079747 -0.707946 0.037488 
-0.782575 0.459972 0.154230 
-0.485741 -0.601063 0.034307 
-0.504189 -0.425608 0.067859 
-0.532804 -0.304698 0.138681 
-0.637259 -0.668296 -0.019884 
-0.617240 -0.080106 0.121668 
0.317687 0.862120 -0.130653 
-0.081063 0.939728 0.183203 
0.481569 0.852702 0.138914 
-0.216201 0.847271 0.090949 
-0.046303 -0.915456 -0.118458 
0.705860 -0.378823 0.044879 
-0.913733 -0.189361 -0.004439 
0.641064 -0.152474 -0.192360 
0.934403 0.275046 0.089439 
0.249237 -0.676349 -0.192269 
0.727840 0.635041 0.169397 
0.227139 0.875970 0.164213 
0.874654 -0.425184 0.120615 
0.964655 0.134670 0.107562 
-0.159671 0.658710 -0.191629 
-0.722855 0.581254 -0.052247 
0.041393 -0.626226 0.094348 
-0.483860 -0.336089 -0.099511 
-0.488936 0.786489 -0.053734 
0.607620 0.005906 0.120422 
0.132264 0.733568 0.033646 
0.029681 -0.976774 0.144840 
-0.329913 -0.586206 0.056841 
-0.188702 -0.699266 -0.192053 
-0.889302 0.357642 0.015189 
0.873191 -0.107422 0.120620 
0.221057 -0.535031 -0.109058 
0.733609 -0.521650 0.169255 
0.816704 0.476586 0.181217 
-0.919313 0.123513 -0.094160 
0.513082 0.462372 -0.191794 
0.619026 -0.005353 -0.192360 
-0.483703 -0.251020 0.024124 
0.358612 0.683613 0.034883 
0.190269 0.793108 -0.192360 
0.280357 -0.934298 0.129709 
-0.719547 -0.577894 -0.148408 
-0.634158 -0.669154 -0.142638 
-0.571892 -0.114302 0.000851 
0.278769 0.511835 -0.067349 
-0.837245 -0.076854 -0.192360 
0.519185 0.225719 0.003389 
0.467520 0.772609 -0.180589 
-0.937665 -0.052755 0.001596 
-0.498935 0.179636 0.133478 
-0.276019 0.602121 -0.191839 
-0.351570 0.424228 0.021697 
0.714032 0.531645 0.138653 
0.481742 0.184125 0.070070 
-0.738567 -0.555808 -0.043429 
-0.434409 0.886327 0.057148 
-0.310757 0.456805 0.179034 
0.417843 -0.811512 -0.117897 
-0.029774 -0.880297 0.112273 
-0.088041 0.603948 0.144592 
0.562461 0.625017 -0.192258 
0.227327 -0.831662 0.087037 
0.244522 0.461368 0.149281 
0.883108 0.014326 0.128170 
0.625878 -0.746022 0.075265 
-0.805839 0.213288 0.052584 
-0.242728 0.890677 -0.144816 
-0.204615 0.963984 0.080611 
0.586725 0.148038 0.128437 
-0.545637 0.675871 0.081198 
-0.387192 -0.466652 0.154350 
-0.366524 0.842985 -0.169636 
-0.823846 -0.419512 -0.135761 
0.451838 0.391385 0.158627 
-0.721982 -0.327012 -0.192360 
-0.908519 0.020230 -0.183709 
-0.729415 0.013848 0.036429 
0.321184 -0.523950 0.109748 
-0.592985 -0.268810 0.077652 
-0.199849 -0.545543 0.179641 
0.834330 -0.299892 0.138490 
-0.766653 0.290532 -0.192360 
0.504386 -0.191918 0.179702 
0.784006 0.581915 0.068742 
-0.537366 0.250163 -0.015112 
0.001669 -0.581449 -0.093517 
-0.121602 -0.628726 -0.192312 
0.866510 0.225943 0.160668 
-0.489649 -0.757810 -0.184471 
-0.126135 -0.820322 -0.191723 
0.680545 0.700330 0.053342 
0.093508 0.578117 -0.094597 
0.024734 -0.916421 -0.051769 
0.589350 -0.515136 0.038509 
-0.372670 0.459058 -0.143597 
0.539305 -0.302342 0.100274 
-0.441850 0.803699 0.171407 
-0.360208 -0.658358 -0.191978 
-0.685285 -0.168388 -0.192360 
-0.830530 -0.077387 0.053627 
0.616840 0.202212 -0.192360 
-0.413367 0.827586 -0.090068 
0.142144 -0.588497 0.133660 
0.702299 -0.579884 -0.068687 
0.224489 0.730562 0.033958 
-0.404286 0.478256 0.112919 
-0.010739 0.586969 -0.071983 
0.638189 -0.159502 0.060063 
-0.353294 0.877810 0.009538 
-0.720504 -0.388392 0.046676 
-0.174391 0.523358 0.019453 
-0.611182 -0.465397 0.033913 
0.579290 0.716784 0.180632 
-0.920825 -0.354494 0.146276 
0.327634 0.435211 0.179980 
-0.405039 -0.718855 0.051640 
-0.841032 0.437512 0.008889 
0.815877 -0.160040 -0.192360 
-0.562030 -0.403781 -0.192360 
0.127432 -0.917823 0.182367 
0.564125 -0.116283 -0.101614 
0.402452 0.510510 -0.191664 
0.662171 -0.074417 -0.192360 
0.502605 0.784755 0.003833 
-0.435571 -0.395506 -0.073601 
0.508522 -0.758999 0.178372 
0.643727 -0.623566 0.163833 
-0.431458 0.557992 -0.192135 
0.760887 0.314882 -0.192214 
0.416669 0.815147 0.174886 
-0.871355 0.468278 0.135399 
0.716215 0.360909 0.044284 
-0.287650 0.942374 0.128602 
-0.872909 -0.310511 -0.023038 
0.428283 -0.870979 0.039546 
0.291212 0.667580 -0.191937 
-0.464371 -0.302660 0.180103 
-0.288490 -0.771133 -0.191749 
-0.347017 -0.834835 0.163093 
-0.857984 0.191390 -0.191739 
-0.700925 -0.685436 0.039783 
0.292621 -0.709793 0.034942 
0.151752 0.532912 0.014809 
-0.554078 0.279540 0.126865 
0.439598 -0.408181 0.141963 
0.331018 0.594806 -0.191755 
0.365682 -0.584156 -0.191740 
0.496791 -0.451417 -0.192352 
0.381304 -0.844317 0.182733 
0.764288 -0.072958 0.035402 
0.583760 0.568303 0.049193 
-0.402751 -0.390427 0.182917 
0.370518 0.361915 0.071063 
-0.226313 -0.880128 -0.175953 
0.335003 -0.744486 -0.191752 
-0.362943 0.750820 0.054548 
-0.298391 -0.504114 -0.011977 
-0.303460 0.816641 0.086261 
0.372023 0.742242 -0.192218 
0.873241 -0.257153 -0.114554 
-0.487720 0.613721 0.035562 
-0.820263 -0.434391 -0.010921 
-0.878944 -0.204768 0.140491 
0.906008 -0.081734 -0.148570 
0.465793 -0.524228 0.039749 
0.171195 -0.668939 -0.192360 
-0.892240 -0.041833 0.115644 
-0.668567 -0.720988 0.151012 
0.884436 0.226632 -0.022044 
0.637961 0.610789 0.118729 
-0.475589 0.353662 0.177400 
-0.474533 -0.448843 -0.192360 
-0.040178 0.755668 0.033317 
-0.913625 0.208801 0.181568 
-0.812982 0.345373 0.098019 
-0.708771 -0.145752 0.037452 
-0.263873 -0.888262 0.181268 
0.701739 0.176908 0.034807 
-0.516223 -0.285824 -0.036881 
-0.890546 0.047700 0.113305 
-0.637240 0.395734 -0.192001 
0.901010 -0.274029 0.180874 
-0.229266 -0.594223 0.086591 
0.478864 0.192829 0.148554 
-0.198520 0.488773 0.110946 
-0.118694 0.794724 -0.192279 
0.568561 0.367245 0.050419 
-0.464082 0.256664 0.117658 
-0.588609 -0.569388 0.047800 
-0.504455 -0.161982 0.150112 
-0.911425 0.205702 -0.003906 
0.352321 -0.429739 0.009478 
-0.166030 0.756469 0.034311 
-0.422308 0.414728 -0.054816 
0.867064 0.420312 0.170358 
0.251036 -0.515771 -0.001118 
-0.115336 -0.920045 0.181889 
0.559625 -0.161077 -0.171343 
-0.536569 0.818065 0.167902 
0.903062 0.134213 -0.015891 
0.835295 0.129765 0.072108 
-0.638073 0.671270 -0.134043 
-0.629293 0.037731 -0.191447 
0.593427 0.341388 -0.191781 
-0.238612 -0.887705 -0.028319 
0.491732 -0.770312 -0.015880 
0.312009 0.930522 0.057733 
0.304600 0.554635 0.090028 
-0.240142 -0.949675 0.137063 
-0.568624 0.365861 0.058837 
0.521409 0.291634 0.156939 
0.766450 0.041363 0.035318 
-0.765373 0.590172 0.175677 
0.010979 -0.524429 0.037968 
-0.284118 0.517608 -0.144441 
-0.592040 0.023130 -0.091590 
0.173554 0.909895 -0.005775 
-0.417660 -0.832112 0.000506 
0.915620 -0.273505 0.025527 
-0.400728 -0.887251 0.166379 
0.453088 -0.241551 0.117638 
0.245858 0.530737 0.177205 
0.415039 0.308871 0.108073 
-0.544688 -0.350169 0.080674 
0.896443 -0.165240 -0.042225 
0.799954 -0.436951 -0.035276 
-0.073243 0.632186 -0.192360 
0.070916 -0.789085 0.040182 
-0.489296 0.414502 -0.191702 
-0.912372 0.381566 0.147742 
0.011969 0.525221 0.053667 
0.947554 0.102520 0.177194 
-0.764484 0.526531 -0.024408 
0.253381 -0.449045 0.104742 
-0.734713 -0.500923 0.113083 
-0.027051 0.900718 0.150954 
-0.677513 0.665532 0.010509 
0.806482 -0.533555 0.036277 
0.756581 0.468587 0.139122 
-0.436098 0.302500 0.054010 
-0.039036 0.936511 0.003976 
-0.684463 0.132715 -0.192165 
-0.707208 -0.596804 0.178231 
-0.088450 -0.974443 0.140476 
-0.501392 -0.757193 0.166293 
-0.144771 0.969023 0.161779 
0.242543 0.528046 -0.002879 
0.025711 0.572134 0.182618 
0.528585 0.234657 -0.108082 
-0.517905 0.454537 0.050563 
-0.236003 0.565308 0.142070 
-0.057547 -0.667713 -0.192216 
0.511788 -0.050270 0.123383 
0.660372 -0.629451 -0.024800 
-0.006287 0.757984 -0.192360 
-0.926556 -0.021716 -0.094204 
-0.597957 0.206162 0.104149 
-0.624517 0.546635 0.050956 
0.661292 0.367430 -0.192004 
-0.517883 0.766578 -0.133908 
0.157813 -0.557795 -0.136301 
0.118987 -0.563320 -0.001603 
0.128743 0.506242 0.079942 
0.219887 -0.771459 0.043863 
-0.690904 0.287358 -0.192360 
0.769327 0.493772 -0.072600 
-0.738014 0.501637 0.113134 
0.001857 0.684955 0.050175 
-0.359058 -0.512073 0.105938 
0.653069 0.315969 0.034609 
0.505773 -0.666363 -0.191879 
-0.566934 0.172222 -0.120738 
0.499519 0.631681 0.044247 
-0.714509 0.531228 -0.191564 
-0.563918 -0.701685 0.148053 
0.482677 0.423464 0.076366 
0.027565 0.860540 -0.192360 
0.111967 0.680806 -0.192360 
-0.460578 0.435574 0.100347 
0.966184 -0.116172 0.058167 
0.912295 0.342955 0.084422 
0.926014 0.002189 0.003610 
-0.286978 -0.873204 -0.090778 
-0.071125 -0.666665 0.056081 
-0.607216 -0.213559 -0.192360 
0.230051 -0.633003 0.051934 
0.560556 0.156502 -0.168510 
-0.551653 -0.804837 0.034762 
-0.440255 -0.446446 0.105121 
-0.083037 0.582601 -0.065135 
0.491776 -0.680872 0.067471 
0.953013 -0.195380 0.086323 
-0.874701 -0.446745 0.159474 
-0.672348 0.051936 0.059805 
0.776290 0.361553 0.082337 
0.474914 -0.779568 -0.084325 
-0.528143 0.125304 0.171713 
-0.124552 -0.589512 0.153610 
-0.050506 -0.894301 -0.186148 
-0.529884 0.003705 0.141118 
-0.805100 -0.245707 0.058793 
0.488600 -0.208793 0.023934 
0.562557 -0.104789 -0.001863 
-0.873294 0.310930 -0.132397 
-0.738977 0.359826 0.047126 
0.646386 0.458646 0.040582 
-0.611010 0.090204 0.135295 
0.511748 -0.264350 -0.055168 
-0.527126 -0.755055 -0.124671 
-0.382932 0.365415 0.077600 
0.671301 -0.098318 0.048297 
-0.522091 -0.086367 0.115081 
-0.542736 0.825337 0.097790 
0.701379 -0.580570 -0.153207 
-0.872457 -0.396659 0.017639 
0.333553 -0.916816 0.069539 
-0.422386 -0.570900 0.040020 
0.917610 -0.104354 0.001933 
-0.797155 0.037883 0.038455 
0.140643 0.605253 0.110636 
-0.109519 -0.937162 0.012636 
0.575046 -0.040747 -0.121426 
0.892300 0.161736 0.173245 
0.909207 -0.112298 0.180710 
0.646518 -0.634065 -0.170901 
-0.886354 -0.256194 -0.163495 
0.793054 -0.310018 -0.192307 
0.540979 0.153427 0.182488 
0.663540 -0.500003 0.061081 
-0.035681 0.901170 -0.185914 
0.279269 -0.859047 -0.177245 
0.402107 -0.460534 0.113360 
-0.812391 0.445571 -0.138607 
-0.768650 0.399422 -0.191641 
-0.666468 -0.045332 0.064406 
0.294092 -0.427553 0.157100 
0.153932 0.569281 0.174721 
-0.948544 -0.275003 0.112737 
0.773396 0.208288 0.044152 
0.380999 0.439289 -0.038639 
-0.952646 0.064274 0.013558 
0.376936 -0.349557 0.061168 
0.143573 0.971950 0.067641 
-0.324348 -0.472708 0.182840 
-0.281709 -0.619988 -0.192192 
0.091309 -0.847331 0.075708 
-0.603108 -0.777070 0.101859 
0.728814 0.074542 -0.192360 
-0.604027 0.015607 0.166459 
-0.684573 0.446155 0.044698 
0.008552 -0.585025 0.175147 
-0.922291 -0.056524 0.175803 
-0.133662 0.573687 -0.122452 
-0.859362 0.314231 0.167189 
-0.787952 0.598239 0.097130 
-0.646710 -0.520811 0.053030 
0.764354 -0.396610 0.090874 
0.224903 -0.866665 0.156093 
-0.915904 -0.135937 -0.139849 
-0.813115 -0.353052 0.106399 
0.564066 -0.354339 0.055004 
-0.961992 -0.138284 0.172877 
-0.650574 -0.399576 0.033585 
0.581835 -0.702209 -0.120503 
0.855252 0.170977 -0.191595 
0.441241 0.668234 -0.192130 
0.050540 -0.585452 -0.170923 
0.025148 0.613483 0.128575 
-0.142127 -0.535524 0.014216 
0.251779 0.892791 -0.002225 
-0.082506 0.975454 0.037971 
-0.533738 0.500320 -0.192109 
-0.227348 0.896089 -0.046486 
-0.426779 -0.598319 -0.192030 
-0.416238 -0.326172 0.043753 
-0.116872 -0.910352 -0.053583 
0.192474 -0.957444 0.102361 
-0.333544 -0.514736 -0.188919 
0.374724 0.749558 0.061621 
0.823106 -0.388654 -0.138051 
0.647376 -0.347858 0.033706 
-0.338787 -0.721953 -0.191831 
-0.881934 0.286622 -0.026841 
0.107385 -0.689357 -0.192125 
0.712649 -0.319685 -0.192246 
0.743290 0.633856 0.104276 
0.146041 -0.698712 0.037129 
0.239277 -0.882537 -0.020825 
0.580464 0.224696 0.096788 
-0.929972 -0.196056 0.182771 
-0.529119 -0.687595 0.084936 
-0.463452 -0.686683 0.053255 
-0.750495 -0.638665 0.077241 
-0.174569 0.941062 0.017078 
0.544066 0.737496 -0.124427 
0.416206 0.317651 0.037225 
-0.208582 -0.721634 0.033187 
0.693519 0.688984 0.117427 
-0.294469 0.938687 0.046254 
0.304379 -0.535422 -0.191181 
-0.160432 0.569537 0.176462 
-0.205351 0.552577 -0.125404 
0.560685 -0.155404 0.173813 
-0.538507 0.544092 0.033598 
-0.609762 0.697103 -0.074306 
0.924692 0.040991 0.182762 
0.241851 0.533884 -0.164316 
0.908499 0.070665 -0.129136 
-0.357576 -0.913735 0.063310 
-0.496918 0.563440 -0.192360 
-0.528206 0.268331 -0.098927 
-0.079161 0.880683 0.107391 
-0.596547 -0.208029 0.102060 
0.347560 0.407177 0.024951 
0.676778 0.094825 0.046390 
0.436355 0.525533 0.048454 
-0.247026 0.711080 0.033433 
-0.959817 0.163189 0.172937 
-0.337655 -0.647218 0.035054 
-0.836076 -0.523036 0.080247 
0.772914 -0.443472 0.153506 
-0.858965 0.158714 0.085138 
0.119417 -0.503176 0.139730 
0.431789 -0.580629 0.034819 
0.028399 -0.909213 0.173550 
-0.212304 0.876956 0.148742 
0.567289 0.107124 -0.126718 
0.432551 0.774041 0.121351 
0.497495 -0.325726 -0.184695 
-0.569044 -0.582157 -0.191897 
0.429724 -0.288201 0.156395 
-0.616810 -0.080236 -0.188880 
-0.961875 0.210299 0.039679 
0.437460 -0.375540 -0.070446 
0.929293 0.268331 0.164018 
0.857039 -0.169165 0.108755 
-0.675966 0.268702 0.036888 
-0.376303 0.375416 0.153872 
-0.705935 -0.003266 -0.192360 
-0.588264 -0.067090 -0.103173 
-0.555635 -0.201348 -0.122688 
-0.026920 0.983268 0.102391 
-0.394639 -0.435726 -0.110812 
0.004749 -0.969440 0.032944 
-0.899037 0.222609 -0.153068 
-0.782494 -0.576296 0.027623 
0.131839 0.828403 -0.192360 
-0.924767 0.063082 -0.115868 
-0.842898 0.067305 -0.192278 
-0.750020 -0.242963 -0.192360 
0.424411 0.883550 0.094801 
-0.251985 -0.458692 0.078752 
-0.716459 0.552465 0.146049 
0.648490 -0.018413 0.067028 
-0.491241 0.856716 0.060658 
-0.249384 -0.793318 0.056885 
-0.483883 -0.855128 0.125299 
-0.987935 -0.029273 0.098809 
0.971082 -0.059724 0.121087 
0.858855 -0.304286 -0.070177 
0.070639 0.980763 0.057842 
0.548726 0.690339 0.113417 
0.418022 0.817048 -0.109886 
0.292949 -0.570073 0.075932 
-0.495151 0.292644 0.006741 
-0.712391 -0.312159 0.034638 
0.879290 -0.132177 -0.186109 
-0.585020 0.611601 -0.192360 
0.478869 0.326541 -0.120937 
-0.587902 0.684681 0.140411 
-0.420415 0.432377 -0.175998 
-0.271657 0.911975 0.182080 
-0.805325 -0.475637 0.180796 
0.220460 0.641359 0.052593 
-0.537911 -0.318061 -0.190932 
0.458416 -0.349287 -0.004490 
0.581936 -0.033882 0.173053 
-0.056262 -0.564303 0.005375 
-0.222924 0.658671 -0.192360 
-0.652789 0.545943 -0.191697 
-0.583990 -0.712723 -0.131755 
0.538833 -0.203634 -0.091443 
0.650335 0.719304 0.166158 
0.462954 -0.426576 0.086066 
-0.814428 -0.438155 -0.076169 
0.346802 -0.383685 0.155150 
-0.532694 -0.076688 0.032856 
0.093170 0.534717 0.176043 
0.407634 -0.459900 -0.191557 
-0.492801 -0.246501 0.178889 
-0.203044 -0.481061 0.127469 
0.154119 0.634053 -0.192360 
-0.135964 -0.503047 0.078160 
-0.858870 -0.173352 0.089815 
-0.444971 0.565770 0.038466 
-0.558836 -0.737092 -0.011780 
-0.280840 0.881774 -0.017031 
-0.203342 -0.956808 0.046605 
0.870305 0.367191 0.015577 
-0.051479 0.815693 0.047154 
0.846264 -0.480124 0.111076 
0.464879 0.513725 -0.191799 
0.341048 0.919062 0.118298 
0.589710 0.090620 0.152832 
-0.503219 0.185721 0.039021 
0.481517 -0.524799 -0.191557 
0.499575 0.123493 0.076786 
0.659591 0.100868 -0.192360 
-0.517054 0.219811 0.181929 
-0.090679 0.651380 0.069542 
0.536622 0.043799 0.020423 
-0.348116 0.837320 0.159081 
0.404952 0.628423 0.033315 
-0.844659 0.383470 -0.030376 
0.764128 -0.032806 -0.192360 
0.600096 -0.602260 0.077777 
0.890442 0.195208 -0.144716 
0.313263 0.490864 -0.114494 
0.359846 0.527463 0.082474 
-0.780437 -0.051964 -0.192360 
-0.780506 -0.296916 -0.192360 
0.288663 0.438735 0.038393 
0.707364 0.579274 -0.148486 
-0.312424 0.471220 0.012029 
-0.934644 0.104526 0.182130 
-0.369943 0.479794 0.164377 
-0.170043 -0.558694 -0.055499 
-0.981678 0.122568 0.083789 
-0.669608 0.727026 0.120366 
0.698203 -0.185819 -0.192360 
0.393644 0.433747 -0.168183 
-0.773931 0.132168 0.035572 
0.677214 0.599836 0.168970 
0.014216 0.825913 0.051782 
-0.273264 -0.719693 0.034296 
-0.626245 -0.276658 -0.192360 
-0.772448 -0.030200 0.034038 
-0.086129 0.518775 0.116942 
0.103261 0.882020 0.116725 
-0.856841 0.495163 0.074056 
0.188048 -0.595338 -0.192360 
-0.220140 0.613261 0.076607 
-0.101202 0.554361 0.181707 
0.847026 -0.437102 0.175930 
-0.305428 0.854057 -0.183877 
-0.005673 0.586969 -0.136783 
0.681401 -0.518599 -0.192321 
0.072099 0.940296 0.183358 
0.352021 -0.457548 -0.109190 
0.092755 -0.748729 -0.191951 
0.421236 -0.799539 0.170924 
0.307062 -0.601531 -0.192188 
-0.951774 0.269479 0.090309 
0.050567 0.584110 -0.051619 
0.551984 -0.220884 0.154862 
0.648694 -0.711265 0.030631 
-0.142684 0.974688 0.067410 
0.552723 -0.521631 -0.192236 
-0.912301 0.155578 -0.156165 
-0.758769 0.514010 0.169014 
-0.110512 -0.972833 0.061943 
0.304071 0.805631 -0.192360 
0.709250 -0.318541 0.037257 
-0.295163 0.751290 0.042146 
-0.830089 -0.164800 -0.192360 
0.850665 -0.338185 -0.008620 
-0.386033 0.678292 0.035137 
-0.025756 -0.763558 -0.191924 
0.480163 -0.364147 0.131360 
0.233223 0.940350 0.171703 
0.504224 0.599398 -0.192079 
0.763185 -0.221666 0.042418 
-0.366889 -0.842585 -0.143936 
-0.357975 -0.440810 0.007980 
-0.987691 0.033094 0.135550 
0.328222 0.836448 0.153025 
-0.170489 0.916830 0.181433 
-0.414182 -0.881750 0.035017 
-0.822792 0.549411 0.075404 
0.525573 -0.707709 0.121859 
-0.834999 0.451606 0.183146 
-0.771303 0.514565 -0.085197 
-0.432095 0.886881 0.125447 
0.788076 -0.547690 0.171774 
-0.472253 -0.523317 0.041851 
0.886500 -0.400293 0.061284 
-0.070613 -0.578218 -0.082668 
-0.668061 -0.722564 0.090698 
-0.374053 0.846287 -0.048442 
0.534002 -0.047839 0.020848 
0.642833 0.242193 0.045052 
0.418063 -0.707504 -0.191734 
-0.847909 0.375207 -0.113459 
0.706403 0.531833 -0.188474 
-0.274253 -0.908336 0.015341 
0.352903 -0.899984 0.166827 
-0.424956 0.620735 -0.192147 
0.062891 -0.975873 0.082722 
0.791237 0.366507 -0.192113 
0.572183 -0.287416 -0.192253 
0.215399 -0.725730 -0.192360 
0.830595 0.321758 0.147165 
0.351490 -0.670494 0.033895 
0.265592 -0.513677 -0.142579 
0.512765 0.402722 -0.191676 
-0.446112 -0.806112 -0.045008 
0.900452 0.368933 0.149102 
0.712592 0.487362 0.088906 
0.256254 -0.518893 -0.063899 
0.906118 -0.090708 -0.085997 
-0.250722 0.521598 0.002788 
-0.052118 -0.516923 0.106301 
0.276428 -0.871027 -0.119124 
0.940993 -0.241208 0.151723 
-0.014987 0.643266 -0.192360 
-0.118068 0.558878 0.006636 
-0.348237 -0.392610 0.074202 
0.426093 0.839025 0.010625 
0.461878 0.793439 -0.038286 
-0.098273 0.915489 -0.159088 
-0.303512 0.515125 0.172195 
0.432241 -0.580240 -0.191906 
-0.855397 -0.475681 0.034440 
0.485767 0.342641 0.162566 
0.817062 0.271708 -0.192360 
-0.690485 0.617901 -0.107745 
-0.341577 -0.476806 -0.101214 
0.883411 -0.045318 -0.189054 
-0.627723 0.763093 0.059509 
-0.045571 0.523032 0.071430 
-0.703951 0.691256 0.152210 
0.125892 -0.964174 0.038972 
-0.619774 -0.683060 -0.086131 
0.885793 -0.212559 -0.078393 
-0.772787 -0.507731 -0.057374 
-0.424304 -0.795810 -0.184971 
0.744136 -0.525970 -0.093675 
0.363676 0.843650 -0.078803 
-0.090743 0.857691 -0.192360 
-0.736500 -0.384019 -0.192360 
0.696895 -0.642235 0.019250 
0.451806 -0.863891 0.092752 
-0.549066 0.222717 -0.068638 
0.550851 -0.803750 0.073946 
0.747780 0.460396 -0.190372 
-0.753993 -0.521491 -0.171817 
-0.639139 -0.510059 -0.192360 
-0.699851 0.613472 -0.009205 
-0.536549 0.754417 -0.027866 
0.359377 -0.505984 -0.191586 
0.724667 0.556957 -0.077574 
0.139500 -0.839570 -0.191649 
0.385309 0.472429 0.126224 
-0.053060 0.921284 -0.053944 
0.454734 -0.821853 0.012743 
-0.187120 -0.957018 0.160156 
-0.782033 -0.584649 0.167401 
-0.602409 -0.135435 0.132159 
-0.749930 -0.444968 0.086807 
-0.576257 0.138276 -0.065799 
-0.522413 0.326051 0.141323 
-0.888930 0.264727 -0.083642 
-0.681736 -0.621578 -0.142997 
-0.405560 0.419003 0.001093 
-0.488734 -0.199866 0.089145 
0.058168 -0.548432 0.014420 
-0.464639 0.367598 -0.074340 
0.636823 -0.469516 -0.192119 
-0.347774 0.578223 -0.191756 
-0.200855 0.554166 -0.063699 
-0.299499 -0.430425 0.095412 
-0.538071 0.132891 0.019789 
-0.446503 0.674262 -0.192162 
0.392197 0.409665 0.181922 
-0.252353 0.548808 -0.181013 
-0.144187 0.632245 0.078949 
0.769469 0.298104 0.056776 
0.231832 0.726052 -0.192360 
-0.981973 -0.049339 0.038179 
0.136317 -0.904936 -0.111949 
-0.531168 -0.159837 0.018411 
-0.031107 -0.977278 0.140498 
-0.487048 0.769237 0.163339 
-0.128781 -0.654194 0.058830 
0.355716 -0.841030 -0.115973 
0.594232 -0.663033 0.148900 
-0.653251 -0.615755 0.136357 
0.673948 0.643583 0.005657 
0.281954 0.699314 0.033366 
0.431723 0.738448 0.076602 
0.845453 0.093540 -0.192360 
-0.763752 -0.207764 0.037011 
0.385315 -0.429633 -0.046636 
-0.069905 -0.604666 -0.188574 
0.939680 -0.183704 0.173739 
-0.625130 0.333643 0.042373 
-0.239860 -0.733553 -0.191907 
-0.251843 0.652909 0.044518 
0.016918 -0.751652 0.033394 
-0.526621 0.058445 0.117493 
-0.742714 0.102723 -0.192002 
0.062127 -0.515488 0.146176 
-0.429249 -0.396993 -0.001968 
-0.047805 -0.580159 -0.136167 
0.429378 -0.310534 0.025532 
-0.382143 0.547767 0.063778 
0.069326 0.695287 0.043537 
0.502724 -0.104175 0.107348 
-0.332275 0.577640 0.064393 
-0.837116 -0.302380 -0.191004 
-0.326552 0.492481 -0.116131 
0.832030 -0.411894 0.006392 
0.557569 -0.220696 -0.187738 
0.018878 0.524361 0.143267 
0.578317 0.472913 -0.191970 
0.914941 0.256505 0.020593 
0.956999 0.144706 0.037066 
-0.307522 -0.565639 -0.192308 
0.187118 -0.481804 0.139115 
0.968329 0.019529 0.039610 
-0.219206 0.865215 -0.190341 
0.326361 0.482011 -0.059193 
-0.627862 0.097714 -0.192357 
-0.562078 -0.257519 0.127236 
0.145144 0.841926 0.072504 
0.573456 -0.444676 0.034299 
-0.594452 0.709740 -0.127372 
-0.769584 -0.137631 0.035152 
-0.532471 -0.803494 0.176110 
0.679682 -0.202529 0.037213 
0.147588 -0.499594 0.041210 
0.251690 -0.540946 0.157401 
0.221522 0.844931 0.094860 
-0.618214 0.406205 0.034624 
-0.898486 -0.243495 -0.008749 
0.887570 -0.039339 0.144925 
0.553837 0.516482 0.033762 
0.093895 0.774810 0.035918 
-0.910060 -0.293056 0.015582 
0.309821 0.917671 0.171054 
0.656416 0.637571 -0.112960 
-0.686192 0.140685 0.045731 
-0.621700 0.751750 0.171586 
0.462736 -0.783554 -0.162295 
0.083449 0.865939 -0.192360 
0.696980 -0.595717 0.180649 
0.445401 0.261968 0.103124 
0.746289 0.161969 -0.192360 
-0.585329 0.092497 -0.034745 
0.859739 -0.234736 0.153307 
-0.635910 0.210780 0.063220 
0.274469 0.795702 0.063273 
-0.273075 0.452085 0.080990 
-0.876457 -0.121440 0.101158 
0.798243 0.095425 0.045954 
0.067523 -0.634272 -0.192349 
0.043425 -0.667250 0.056354 
0.087654 -0.597117 0.142384 
-0.201273 -0.575786 0.132740 
-0.058877 -0.730768 0.034176 
0.573983 -0.053113 -0.065910 
0.030832 0.982515 0.115178 
0.815753 0.211809 -0.192360 
-0.739024 0.654178 0.050116 
0.477457 0.762281 0.158184 
-0.138269 -0.541319 0.182721 
-0.415150 0.769379 -0.192332 
-0.579535 0.206557 -0.186460 
0.687947 0.436913 -0.192183 
0.822176 0.416786 -0.002059 
-0.042686 0.591477 0.174401 
-0.586612 0.262277 -0.192360 
-0.492174 -0.687646 -0.191687 
0.064664 -0.577390 -0.050913 
0.209355 -0.483987 0.030491 
-0.413070 0.503838 -0.192321 
0.559993 0.140976 -0.036604 
0.891871 0.061321 -0.183465 
-0.973950 -0.167714 0.059852 
0.104455 0.914296 -0.140987 
0.753180 0.526709 0.177635 
0.304956 -0.509835 0.160841 
0.864669 0.290539 -0.130061 
0.133711 0.569591 -0.022598 
0.756666 -0.611509 0.096301 
-0.410566 0.767277 0.083934 
0.903849 0.120430 -0.105291 
-0.593172 -0.666597 -0.190275 
-0.572079 -0.136554 0.179607 
-0.703398 -0.558521 0.134337 
-0.664276 0.599819 0.119564 
-0.418246 -0.329474 0.161957 
-0.393116 0.442549 -0.092579 
0.068499 -0.872815 -0.192142 
-0.565227 -0.015518 0.012646 
-0.301426 -0.812797 0.086963 
-0.588407 0.075383 -0.157217 
0.296376 -0.705184 -0.191912 
-0.524174 0.717966 0.109376 
0.265851 0.880162 -0.127167 
-0.963453 -0.001003 0.019625 
0.806677 -0.284507 0.083397 
0.571736 -0.762950 0.177271 
-0.165432 -0.879152 -0.187478 
0.509807 -0.632264 0.049391 
0.588205 -0.121017 0.137447 
-0.260186 0.460484 0.149755 
-0.684321 0.498554 0.061037 
-0.100495 -0.872394 -0.191571 
-0.778926 0.384685 0.080779 
-0.489804 0.797391 -0.000095 
-0.455043 0.857331 0.174130 
0.527336 -0.232247 -0.013722 
0.351576 -0.488356 0.138012 
0.186216 -0.567281 0.159104 
0.170199 -0.747641 0.034532 
0.805414 0.552039 0.109148 
0.470203 -0.333351 -0.055377 
-0.684646 -0.645085 0.006850 
0.669912 0.214579 -0.192360 
0.698973 -0.543847 0.133529 
-0.916130 0.146821 -0.045022 
0.272816 -0.837746 0.116373 
0.447814 0.576845 0.034389 
-0.504152 -0.649870 0.049745 
-0.175298 -0.840872 0.079749 
-0.429003 -0.790086 0.148835 
0.017154 -0.865126 0.089375 
-0.628237 0.594249 0.076930 
0.599977 -0.395565 -0.191894 
-0.247705 -0.529936 -0.069215 
0.489948 -0.153687 0.143894 
0.344122 0.477835 -0.171607 
0.384991 0.588898 -0.191828 
0.516405 0.092812 0.031760 
0.390737 -0.616034 0.034146 
0.468655 -0.233852 0.168934 
-0.135652 -0.881448 0.133153 
-0.115787 0.915907 -0.063003 
-0.153023 -0.905017 -0.093520 
0.177413 -0.645071 0.055268 
-0.606508 0.483540 -0.191822 
0.677490 0.565485 0.117688 
-0.326817 -0.713081 0.036857 
0.853025 0.473231 0.141376 
0.603736 0.659346 -0.186378 
-0.546508 0.730857 -0.180611 
0.207825 -0.951318 0.042745 
0.396591 -0.841586 0.006039 
0.265175 0.881317 -0.053216 
0.237879 0.659574 -0.192360 
0.200273 0.481500 0.095542 
0.086673 0.916875 -0.026423 
0.298934 -0.907983 0.177371 
-0.312424 0.757568 -0.192360 
0.673053 -0.274279 -0.191920 
0.173381 0.699034 0.036898 
-0.598491 -0.443266 -0.192360 
-0.357424 0.918571 0.142952 
-0.926856 -0.104883 -0.005605 
0.454304 0.360368 -0.034065 
0.045381 0.948743 0.014206 
0.701219 -0.675242 0.116125 
0.184213 0.554505 -0.112982 
0.092200 -0.915128 -0.011564 
0.345465 -0.573277 0.054096 
0.576066 -0.270211 0.078087 
0.701754 0.047995 0.038994 
0.620477 -0.667417 -0.138028 
0.105299 0.741370 -0.192360 
-0.574561 0.313461 0.076685 
0.609101 -0.203890 0.072061 
-0.775449 -0.374858 0.075311 
0.144652 0.970004 0.154257 
0.514449 0.013044 0.134300 
0.096529 0.611057 -0.190595 
0.524385 0.752430 -0.072910 
-0.523138 -0.272862 -0.088196 
-0.290517 -0.936023 0.124293 
0.149914 0.908315 -0.110226 
-0.436625 -0.409438 -0.174963 
-0.585168 0.789315 0.162044 
-0.851016 0.054955 0.066173 
-0.696812 -0.202403 0.036974 
-0.266387 -0.819539 -0.191628 
-0.906476 -0.192661 -0.057040 
0.456828 0.721345 -0.192295 
-0.916157 -0.367579 0.094949 
-0.735780 0.249711 0.034238 
-0.868642 -0.013851 -0.192360 
-0.604978 -0.716616 0.004794 
-0.060298 -0.958965 0.024809 
0.199457 -0.602857 0.083105 
0.934585 -0.224159 0.030106 
-0.589182 -0.033839 0.178600 
0.052404 0.866065 0.085497 
-0.776826 0.504905 -0.143772 
0.504572 -0.759790 -0.123362 
0.630636 0.145089 -0.192360 
0.800922 -0.236764 -0.192360 
-0.415195 -0.738200 -0.191679 
0.252434 0.526230 -0.110842 
0.629277 -0.541660 0.060686 
-0.348288 -0.424066 0.178710 
0.439449 -0.373280 -0.124095 
-0.011424 0.921352 -0.104096 
-0.169486 -0.567188 -0.173170 
-0.246858 -0.498194 0.181829 
-0.197481 0.488672 0.058205 
0.609088 -0.678605 -0.082049 
0.909595 -0.039663 -0.109895 
0.865822 0.141266 0.113450 
0.783463 0.469842 -0.146468 
-0.876973 -0.297714 -0.084574 
0.914006 -0.331096 0.130416 
-0.345968 0.418651 0.170702 
0.859549 0.436330 0.029274 
0.508383 0.276545 -0.020689 
0.555012 0.756990 0.009558 
0.562272 -0.620565 -0.191557 
-0.440339 0.727484 0.065246 
-0.397242 -0.826371 0.175657 
0.508144 0.836758 0.090788 
-0.926616 0.010931 -0.135428 
0.199154 0.847271 -0.192360 
0.162226 -0.843192 0.082586 
-0.496861 0.322790 -0.121478 
0.828361 0.369564 0.173229 
0.385313 -0.896098 0.068998 
-0.349536 -0.883650 0.181515 
-0.087880 -0.514150 0.149618 
0.006427 -0.898955 -0.183675 
0.525913 0.825220 0.138373 
0.604090 -0.534258 -0.192360 
-0.484847 -0.209627 0.142985 
0.196633 0.962290 0.069265 
0.447425 -0.350715 0.180153 
0.012175 -0.845653 -0.191886 
-0.585621 -0.764746 0.023080 
0.706180 0.311116 -0.192051 
-0.136749 0.720703 -0.191903 
-0.734451 -0.096751 -0.192360 
-0.143830 -0.756494 0.034545 
0.524158 0.395048 0.063730 
0.277611 0.865579 0.169448 
0.014480 -0.674432 -0.192228 
-0.736554 -0.262623 0.035384 
0.438211 0.329488 0.181400 
-0.293745 0.550681 0.114951 
-0.434958 -0.482139 -0.192297 
0.007348 0.932132 0.182076 
-0.876710 0.215073 0.136857 
0.829279 0.509459 0.045399 
0.576673 -0.002441 -0.084785 
0.558867 0.087993 0.002842 
-0.470983 0.351438 -0.001495 
0.274179 -0.871840 -0.058118 
0.494040 -0.614624 -0.191566 
-0.897493 -0.311034 0.182794 
-0.816083 0.242948 -0.192360 
0.969734 0.085098 0.088389 
0.149295 -0.903930 -0.026070 
-0.369393 -0.553601 0.061947 
-0.577244 -0.426964 0.038236 
-0.800416 -0.462643 -0.120362 
0.911481 0.017546 -0.043188 
-0.219056 -0.554398 -0.176712 
0.056014 -0.515161 0.095241 
-0.522810 -0.721800 0.122639 
0.775449 -0.191609 -0.192360 
-0.386291 -0.902317 0.104227 
0.427464 0.464269 -0.191607 
-0.209540 0.551097 -0.005394 
-0.185862 0.901224 -0.164763 
-0.323415 0.623640 0.043732 
-0.636715 -0.012915 -0.192360 
-0.298845 -0.852063 0.162002 
-0.443212 -0.386823 -0.123390 
0.868462 0.282742 -0.018418 
0.531499 0.720995 0.150464 
-0.071858 -0.825924 0.056267 
0.350919 -0.844119 -0.033350 
-0.512517 -0.542785 -0.191997 
-0.072882 -0.789569 -0.191836 
0.304290 -0.893934 0.015447 
0.764646 -0.478507 -0.172381 
-0.775150 0.164168 -0.191870 
0.528586 -0.053235 0.173643 
0.545884 0.808184 0.043515 
-0.843613 -0.322086 0.145675 
-0.700379 0.313210 0.033634 
0.247828 0.457566 0.062167 
0.509121 0.492739 0.038535 
0.409745 0.411739 -0.103221 
-0.133627 -0.964887 0.161622 
0.630933 -0.678746 0.183032 
0.498804 -0.321335 0.158415 
0.527772 -0.411198 -0.191763 
0.469192 0.291782 0.012743 
0.438954 -0.725060 0.073444 
-0.900759 0.343530 0.179202 
0.879507 0.243746 -0.092417 
0.735450 0.591300 0.013949 
-0.157829 0.701337 0.037902 
0.406987 -0.355440 0.018975 
0.693394 0.675969 0.166324 
0.611504 0.252524 -0.191754 
-0.879574 0.408237 0.023589 
0.779684 -0.580085 0.050560 
-0.460455 0.802834 -0.092151 
0.549590 0.094588 0.183308 
0.511086 0.059551 0.091634 
-0.452837 0.299222 0.171650 
0.848716 0.000501 0.076095 
-0.022424 -0.645050 0.074598 
0.609475 0.765034 0.072559 
0.002507 0.586969 -0.021725 
-0.493613 -0.777643 -0.094460 
0.887094 -0.203550 -0.148398 
-0.526643 0.058282 0.062197 
-0.741452 0.649649 0.155822 
0.966207 0.004553 0.165353 
-0.539503 -0.569668 0.036381 
0.773555 0.596499 0.119376 
0.066665 0.521898 0.046563 
-0.194041 0.797115 0.047909 
0.640582 -0.733073 0.138962 
-0.340328 -0.477650 -0.027476 
-0.554006 0.304638 -0.192144 
-0.631609 -0.207882 0.066022 
0.093118 0.578550 -0.152413 
0.013553 -0.527342 0.165794 
-0.395475 0.903844 0.086650 
-0.389714 -0.531994 -0.192264 
0.308286 -0.412879 0.055896 
-0.756111 -0.183469 -0.192360 
0.952339 0.204882 0.110222 
-0.890670 -0.399982 0.167938 
0.527566 -0.167710 0.009961 
-0.363719 0.692840 -0.192048 
0.747823 -0.080173 -0.192360 
0.284666 0.596004 0.063186 
0.781012 -0.469808 -0.079008 
-0.754425 -0.627600 0.155065 
-0.722967 0.245113 -0.192360 
0.578757 -0.013935 -0.163520 
0.403532 -0.413801 0.177124 
0.114231 -0.962716 0.164702 
0.046176 0.646962 -0.192360 
0.008356 -0.929735 0.002823 
0.631690 -0.319776 -0.192360 
0.519316 0.669637 0.070007 
0.612458 0.610516 -0.192334 
0.184785 0.933565 0.181783 
0.305999 0.853720 -0.178455 
0.614216 0.044300 -0.191808 
-0.468788 -0.299417 0.016513 
0.849769 0.333886 -0.069157 
0.057411 -0.913024 -0.089237 
-0.577568 0.124355 0.177996 
0.750420 0.164974 0.035298 
-0.792877 0.481849 -0.019836 
0.347588 0.385434 0.112076 
0.070827 -0.933121 0.183517 
0.839205 -0.017322 -0.192360 
-0.979996 -0.127865 0.127758 
-0.852790 0.335857 -0.175085 
-0.311942 -0.865285 -0.030660 
0.414435 0.767929 -0.192351 
-0.954253 0.232018 0.165191 
0.545952 -0.712508 -0.180771 
0.432937 -0.470846 0.075939 
0.673823 0.032623 -0.192360 
-0.191547 -0.512337 0.019197 
-0.681195 -0.681176 0.177640 
-0.131215 0.510134 0.098360 
0.116261 -0.871869 0.111366 
-0.519141 -0.218210 0.013163 
0.811541 0.418590 -0.078070 
-0.236522 0.956177 0.121681 
-0.375381 0.798853 -0.192342 
0.185946 -0.523694 0.010679 
-0.808977 -0.425693 0.169738 
-0.578251 -0.123508 -0.146670 
-0.549436 0.389439 -0.192238 
0.752998 -0.276033 0.045379 
0.277047 0.440560 0.108562 
-0.639549 0.624238 -0.190919 
-0.706792 0.466143 -0.191700 
0.288647 -0.500797 -0.096298 
-0.881270 0.408012 0.175282 
-0.973816 0.163372 0.048435 
-0.528280 0.640833 0.051392 
-0.963993 -0.215992 0.071431 
0.287596 0.463720 0.180167 
0.599305 -0.195191 -0.192360 
-0.910575 -0.170305 -0.100580 
0.680431 -0.653529 0.176730 
0.179785 0.582403 0.135104 
0.838454 0.361374 -0.126928 
-0.711427 -0.589825 -0.020717 
-0.767395 0.079492 0.033911 
-0.880892 0.094502 0.102294 
0.973061 -0.007398 0.090616 
-0.573013 0.775646 0.019909 
-0.208559 -0.665463 0.043150 
-0.335188 -0.616326 -0.192129 
0.738811 -0.114651 0.033433 
0.873790 -0.396467 0.171075 
-0.435587 -0.766696 0.106401 
0.051078 -0.578546 -0.097854 
-0.244162 -0.651505 -0.192144 
0.784219 -0.433222 -0.181478 
0.382840 -0.670008 -0.191889 
-0.613083 -0.601460 0.075248 
-0.590976 0.045834 -0.048439 
0.201382 -0.547210 -0.165783 
-0.208185 -0.868468 0.135610 
-0.959841 -0.222300 0.154587 
0.444859 0.860678 0.169941 
0.709674 -0.435619 0.062588 
0.604628 0.602312 0.077138 
-0.151938 -0.667318 -0.192176 
-0.566483 -0.168175 -0.014035 
-0.283003 -0.591103 0.068853 
0.694274 0.452157 0.057735 
0.371777 -0.786046 -0.191586 
0.033417 0.585569 -0.107855 
0.652853 -0.203414 -0.192360 
0.452434 0.797618 -0.141731 
-0.440606 -0.289361 0.120215 
0.554131 -0.725515 -0.025159 
0.341268 0.578829 0.055435 
0.818357 0.528249 0.151579 
0.604125 -0.721240 0.014105 
0.699760 -0.584128 -0.020405 
-0.139240 0.911919 -0.133312 
-0.967310 0.054533 0.175909 
0.411296 -0.415309 -0.172823 
-0.821637 -0.545765 0.120560 
-0.633407 -0.261732 0.051861 
0.554083 0.283174 0.098080 
0.603199 -0.144211 0.097652 
0.471062 0.803718 0.182412 
-0.343576 0.858440 -0.108803 
-0.736022 0.162175 0.033566 
0.009805 0.890187 0.120702 
-0.643117 0.470125 0.037857 
-0.538113 -0.040854 0.168184 
-0.860990 0.132323 -0.191625 
-0.067750 -0.914531 -0.075135 
0.268378 -0.630503 -0.192159 
-0.656490 -0.693167 0.016820 
0.277090 0.552626 -0.191561 
0.507328 0.252694 0.181802 
-0.459520 -0.866546 0.050288 
0.597093 0.446537 0.033264 
-0.469526 0.841188 0.020525 
0.868673 -0.293549 -0.006056 
-0.061239 0.981822 0.139329 
-0.770233 -0.528774 -0.000319 
-0.693750 0.576696 -0.187822 
0.490290 -0.842548 0.112178 
0.711614 0.574560 -0.034762 
0.315449 -0.470588 0.002717 
0.323817 -0.854122 -0.149922 
0.434979 -0.860495 0.169620 
-0.934003 0.324037 0.150461 
0.836533 -0.290262 -0.187241 
-0.792915 -0.466997 -0.167592 
-0.763957 0.351658 -0.192221 
0.197351 -0.802513 -0.192210 
0.659517 0.721395 0.090912 
-0.313032 0.426430 0.054618 
0.511082 -0.052839 0.075536 
-0.924402 0.087710 -0.017228 
-0.625582 0.683535 -0.020079 
-0.705511 0.692826 0.075723 
0.011198 0.554479 0.015789 
0.594498 0.043005 0.153806 
-0.515414 0.684563 -0.191872 
0.385276 0.901031 0.120978 
-0.509770 -0.416513 -0.192360 
-0.562389 -0.303034 0.091016 
0.733119 -0.541267 -0.048479 
0.725150 0.565417 0.178511 
-0.847511 0.509824 0.137306 
-0.812451 0.301135 0.077987 
0.118976 -0.553939 0.182218 
0.259890 0.487291 0.014926 
-0.639441 0.071236 0.088498 
-0.087823 -0.626983 0.089271 
0.193697 0.899209 -0.127467 
-0.169340 0.850219 0.082487 
0.606497 -0.761767 0.115895 
-0.326132 -0.487262 -0.150654 
0.514549 -0.274594 -0.170485 
0.345626 0.549449 -0.191660 
0.357381 0.628750 0.035885 
0.569352 0.778630 0.173031 
-0.502097 -0.789462 0.003756 
0.337467 -0.723694 0.042912 
0.617356 0.144434 0.082012 
-0.354731 -0.772289 0.069415 
0.717662 -0.366998 -0.192360 
-0.561865 0.224227 0.166584 
0.532229 0.579706 0.038311 
-0.134901 0.595951 0.144177 
-0.822415 0.427279 -0.095915 
0.368999 -0.763436 0.073658 
0.750248 -0.023277 0.033634 
0.263959 -0.662667 0.036948 
-0.321100 -0.830608 -0.190001 
0.286985 -0.932716 0.082755 
-0.803540 0.503810 0.180904 
0.917003 0.195145 0.011939 
-0.288707 0.515045 -0.024778 
-0.395127 0.893944 0.031763 
0.679425 -0.030362 -0.192360 
0.183298 0.554829 -0.018734 
-0.675392 -0.359318 0.033672 
0.551186 0.362636 -0.191702 
-0.235977 0.893097 -0.098083 
-0.985252 -0.011167 0.156783 
-0.877916 -0.350610 0.008512 
-0.814964 0.152394 0.050187 
0.925853 0.049412 0.004877 
-0.177901 0.522043 0.179219 
-0.287948 -0.525164 0.166035 
0.473079 0.389177 0.116501 
0.868631 -0.033970 0.101993 
-0.295454 0.645158 -0.191915 
0.628010 0.031974 0.086762 
-0.152275 0.504213 0.056548 
-0.716478 0.411653 0.048978 
-0.440547 -0.290111 0.062061 
0.411949 -0.685486 0.043374 
0.007443 -0.798792 -0.191910 
0.622751 -0.622424 0.121696 
0.646686 0.637049 -0.172353 
0.463380 -0.720270 -0.191885 
-0.177658 -0.759593 -0.191879 
0.612906 0.531372 0.047730 
0.710181 -0.055908 0.036724 
0.776476 0.524322 0.010177 
0.443312 -0.259498 0.066385 
-0.676777 -0.314093 -0.192360 
0.667676 0.140930 0.046989 
-0.753587 0.206233 0.034841 
0.627751 0.667566 -0.061917 
0.102493 -0.754912 0.034038 
-0.521770 0.454970 -0.191651 
-0.573432 0.418051 0.041936 
-0.812786 -0.302276 0.081024 
0.190247 -0.812389 0.061102 
0.146018 -0.495835 0.101888 
-0.847733 -0.347295 -0.174955 
0.549389 -0.172787 -0.127167 
-0.665628 -0.309899 0.035179 
0.902156 -0.363683 0.085765 
-0.065077 -0.890796 0.140999 
-0.224185 0.706268 -0.192219 
0.601023 -0.048295 -0.189282 
-0.801833 0.418864 0.143442 
0.468851 -0.291449 0.181602 
-0.535614 -0.741179 -0.173146 
-0.743333 -0.548432 -0.089236 
-0.428049 0.785909 0.122926 
-0.632230 -0.748907 0.159528 
0.767195 0.423404 0.109314 
0.832285 -0.098215 0.067059 
0.412692 0.408914 -0.054193 
-0.406632 0.833270 0.178761 
0.105093 0.635582 0.080237 
0.244256 -0.454300 0.057317 
0.686186 -0.409621 -0.192317 
0.657607 -0.448140 0.042638 
0.522307 0.749772 -0.163645 
0.755304 -0.338201 -0.192360 
0.477990 0.706125 0.074352 
0.670556 -0.582974 0.144674 
0.844756 0.277812 0.142824 
-0.886456 -0.080814 -0.191179 
-0.865621 0.465151 0.036795 
-0.926713 0.024879 -0.087558 
-0.435338 0.611753 0.033655 
0.807642 0.163269 0.056220 
0.246368 0.950399 0.100125 
0.213954 -0.493045 0.177628 
0.411683 0.711718 -0.192195 
0.594002 0.710781 -0.000558 
-0.045470 0.677915 -0.192360 
-0.056824 0.538121 0.026131 
0.580141 0.709066 -0.120514 
0.466473 0.625777 -0.192069 
-0.461942 0.407909 0.137139 
-0.111544 -0.585335 -0.180615 
0.242194 -0.899761 0.183039 
-0.123777 0.908510 0.172168 
-0.646531 -0.143716 -0.192360 
-0.254345 0.952539 0.063811 
-0.502513 0.699083 0.073581 
0.523818 0.506983 -0.191913 
0.254675 0.809730 -0.192360 
0.515958 0.268286 -0.163555 
-0.156326 0.910968 -0.019820 
-0.492715 -0.337566 0.171134 
-0.042942 0.693501 0.045889 
-0.800520 -0.464438 -0.039254 
0.647787 0.531001 -0.192251 
-0.984456 0.071982 0.045541 
0.633728 -0.115259 0.070835 
-0.594947 -0.663735 0.122004 
0.857196 -0.179589 -0.190962 
0.867025 -0.441365 0.066265 
0.840994 -0.489908 0.066722 
0.394027 0.709953 0.046799 
-0.235008 -0.930443 0.023064 
0.402160 0.416369 -0.003173 
0.759283 -0.170834 0.037385 
0.085462 -0.573976 -0.143789 
-0.017877 0.524320 0.116131 
-0.937232 -0.312840 0.089769 
-0.337830 0.900266 0.179898 
0.612955 0.750932 0.166993 
0.833430 -0.335293 0.167204 
-0.924592 -0.070456 -0.055468 
0.124955 -0.566350 -0.046653 
-0.667420 0.657736 0.181687 
-0.895586 -0.413133 0.120272 
-0.112593 0.860457 0.084071 
0.342384 0.776760 -0.192275 
0.463429 0.862943 0.083778 
-0.959046 -0.143385 0.024450 
0.136097 0.568970 -0.081594 
0.196482 0.889308 -0.175300 
-0.099194 0.753681 -0.192360 
-0.886229 0.269335 -0.152856 
-0.537211 -0.652397 -0.191690 
0.336351 0.906159 0.028169 
-0.643004 -0.079649 0.082587 
0.895601 0.385795 0.106003 
0.721477 -0.556178 -0.118819 
-0.748145 0.562368 -0.001339 
-0.178406 -0.497423 0.163214 
0.720188 0.316052 0.039062 
0.802524 -0.373762 -0.187835 
-0.492782 0.196515 0.081783 
-0.554968 0.501877 0.033856 
0.740261 -0.434023 -0.192360 
-0.224333 -0.953795 0.088549 
-0.414039 0.516063 0.068939 
0.764594 -0.483411 0.172920 
-0.684728 -0.463241 -0.192360 
-0.903797 -0.007502 0.142626 
-0.261857 0.754558 -0.192359 
-0.598900 0.166475 0.125658 
0.862018 0.098848 0.098460 
-0.828954 -0.388770 -0.174882 
-0.761319 0.006429 -0.192360 
0.773909 0.073700 -0.192360 
-0.534473 0.775362 0.182250 
-0.213648 0.953795 0.035622 
-0.346295 0.399638 0.069028 
0.287105 -0.757069 0.047741 
0.824854 0.429898 0.182884 
-0.867965 -0.140461 -0.192360 
-0.414202 0.422497 -0.132516 
-0.822478 0.427222 -0.030818 
-0.537783 -0.270251 0.167230 
0.831772 -0.378898 0.179801 
0.910635 0.219333 0.182601 
0.590733 -0.563028 0.051635 
-0.846620 0.301486 0.125974 
-0.206151 0.785577 -0.191659 
-0.123735 -0.810669 0.050488 
0.328009 -0.918488 0.114137 
-0.691349 -0.105172 0.045844 
-0.936257 -0.312310 0.147085 
-0.601465 0.508920 0.036234 
-0.744304 -0.571861 0.003983 
0.376071 -0.726402 -0.191746 
0.852771 0.473707 0.058914 
-0.697130 -0.570610 -0.186524 
-0.577881 -0.062703 0.002332 
-0.604101 -0.391108 0.037878 
0.681080 -0.605316 -0.102208 
-0.620350 -0.550657 -0.192360 
-0.030933 -0.581449 -0.027250 
0.968704 0.091969 0.139267 
0.516008 -0.815467 0.167991 
-0.518988 -0.343088 0.116471 
0.169493 0.589438 -0.189661 
0.564659 -0.113808 -0.045507 
0.169816 -0.961546 0.140552 
0.771359 -0.127668 -0.192360 
-0.719567 0.584150 -0.106700 
0.345869 -0.382328 0.052508 
-0.529776 0.593535 -0.192360 
0.295313 0.885253 0.003384 
0.314078 -0.860936 -0.012754 
0.837899 -0.357796 -0.101509 
-0.156514 -0.562216 -0.116408 
-0.487579 0.664742 0.048662 
0.098487 -0.909617 -0.146201 
0.677988 0.410481 0.040782 
-0.310387 -0.653919 -0.192060 
-0.271582 0.841478 0.104708 
0.924368 0.306449 0.141747 
-0.444575 -0.729266 0.071966 
0.234701 -0.947682 0.092956 
-0.555925 -0.608422 0.050325 
0.052902 0.824166 -0.192360 
-0.922469 0.335899 0.034993 
0.470599 0.338335 -0.075882 
-0.011801 -0.916301 -0.090679 
-0.650558 0.324541 -0.192229 
0.377644 0.815008 0.153954 
0.156689 -0.606942 0.093732 
-0.371613 -0.693668 0.037274 
-0.473970 0.354982 -0.141416 
0.349837 0.835479 -0.179271 
0.529687 -0.342470 0.084364 
-0.170287 0.969617 0.125662 
0.343049 -0.813007 0.120688 
0.468911 -0.480244 0.052026 
-0.859950 -0.482579 0.111759 
0.471046 0.217873 0.043635 
-0.259768 -0.524484 -0.018502 
0.542091 -0.730265 0.176422 
-0.622565 0.191961 -0.192360 
-0.150547 -0.721253 -0.192013 
0.166165 0.761565 0.035890 
-0.496684 0.807512 0.183257 
0.661279 -0.282939 0.035357 
0.312172 0.712678 -0.192055 
-0.650919 -0.195808 -0.192360 
-0.828474 -0.121256 0.055467 
-0.587510 -0.719161 0.180701 
-0.624538 0.667540 -0.178548 
0.752653 -0.591590 0.172680 
0.620545 -0.605792 -0.192144 
0.766053 0.254698 0.047024 
0.715114 -0.226269 -0.192360 
-0.491691 -0.389034 0.106844 
0.672677 -0.537012 0.089250 
0.604121 0.673177 0.168345 
0.879912 0.420423 0.128483 
0.568822 0.098939 -0.077171 
-0.688267 0.187674 -0.192360 
0.647989 0.723634 0.035650 
0.572854 -0.311685 0.064492 
0.907110 0.344122 0.040189 
-0.654471 -0.650939 -0.073865 
-0.672089 0.422100 -0.191865 
-0.629329 -0.561841 0.061742 
-0.241938 -0.559922 0.134526 
0.550249 0.175498 -0.011738 
-0.040294 0.611114 0.135502 
-0.460531 -0.259316 0.151208 
0.901490 -0.132591 -0.070715 
0.772576 0.424574 -0.188900 
-0.252798 -0.587387 -0.192319 
0.638637 -0.651406 -0.055493 
0.473323 0.817577 0.013446 
0.513133 -0.803420 0.022598 
-0.560800 -0.196394 -0.165594 
-0.323501 -0.919733 0.036949 
-0.196189 0.721368 0.033727 
-0.700131 -0.642310 0.182201 
0.213649 -0.538324 -0.060917 
0.153002 0.943746 0.018156 
0.822319 0.384950 -0.168127 
0.385236 -0.556632 0.049662 
0.614619 -0.458116 0.035151 
0.891120 0.058372 0.156100 
-0.927587 -0.016862 -0.020421 
-0.885950 -0.267303 -0.121663 
0.138233 0.504241 0.127163 
-0.082587 -0.833047 -0.191699 
-0.890732 0.430958 0.116429 
-0.761418 -0.481210 0.140708 
-0.516095 0.741591 0.144601 
0.917958 -0.322334 0.060067 
0.637004 -0.671854 0.003178 
-0.575473 0.243166 0.117830 
0.548577 0.275142 -0.191562 
0.505048 0.766243 -0.035062 
0.869273 0.186776 0.142793 
0.160223 -0.900251 -0.147553 
0.303487 0.497471 -0.008564 
-0.514348 0.769551 -0.084186 
0.813847 -0.533564 0.113343 
0.772720 0.489583 -0.021101 
-0.254159 -0.465046 0.036178 
-0.198447 0.903762 -0.014205 
0.904433 0.119691 -0.062206 
0.596270 -0.059860 0.141808 
-0.579463 0.122356 -0.004267 
-0.719582 0.478707 0.075765 
0.867520 -0.394013 0.022953 
0.474715 -0.195282 0.126241 
-0.598559 0.716680 0.180933 
0.599787 -0.764952 0.046765 
-0.914154 -0.153258 -0.041578 
-0.006630 -0.610356 0.126069 
0.350016 0.916119 0.071796 
0.534520 -0.401680 0.053435 
-0.067935 -0.601327 0.142769 
-0.550800 0.637537 -0.192360 
-0.541736 0.016646 0.028597 
-0.613230 -0.020557 0.145345 
0.263633 0.566806 0.100469 
0.474394 -0.576527 0.033313 
0.392432 -0.882762 0.167520 
0.809988 0.343701 0.116755 
-0.791814 -0.093172 -0.192360 
-0.315399 -0.470611 0.008411 
-0.218711 -0.762681 0.039478 
0.463335 -0.424852 -0.192253 
-0.395779 -0.755399 0.071705 
-0.562559 -0.181540 -0.054404 
-0.528024 -0.039612 0.096014 
