0.264375 -0.880481 0.026705 
-0.257961 0.964053 0.009770 
-0.970659 -0.233020 0.005719 
0.946685 0.312996 0.005973 
-0.508012 -0.859379 0.004758 
0.877691 -0.442524 0.026803 
-0.853113 0.505025 0.026781 
0.472737 0.877998 0.009880 
-0.124782 -0.991263 0.023593 
0.643113 -0.763446 0.023540 
-0.803112 -0.594893 0.008035 
0.971274 -0.071745 -0.027193 
-0.603206 0.795312 0.008957 
-0.973895 0.147454 -0.027044 
0.115545 0.984887 0.026760 
0.749241 0.628718 0.026803 
-0.289212 -0.854431 -0.024747 
-0.808205 -0.378769 0.024188 
0.703845 -0.561312 -0.023095 
-0.603925 -0.668250 -0.019544 
0.084343 -0.981982 -0.027078 
-0.391156 0.801747 0.004061 
0.469142 -0.867962 -0.026581 
0.883406 0.111355 0.022276 
-0.892424 -0.040185 0.025401 
-0.671738 0.597691 -0.015234 
-0.066418 0.887265 0.011701 
0.269091 0.847558 0.013028 
-0.848975 0.301860 0.026803 
0.862714 -0.243863 0.001822 
0.778785 0.430316 0.022692 
0.553340 0.696504 0.021386 
0.507552 -0.733060 0.007662 
-0.015033 -0.891507 0.011416 
-0.393725 -0.918945 0.015690 
0.995722 0.051728 0.023788 
0.826020 0.541453 -0.024259 
0.828229 -0.558545 0.016064 
-0.615269 -0.788013 0.019725 
0.974796 -0.191033 0.026628 
-0.857325 -0.483058 -0.027193 
-0.998549 0.026572 0.012069 
-0.932509 -0.359010 0.020680 
0.735675 -0.675398 0.018013 
0.970317 0.192331 -0.018222 
0.000192 0.986377 -0.025890 
0.237731 0.968309 0.007627 
-0.245367 -0.968555 0.006300 
0.367520 -0.812096 0.021324 
0.893264 0.421885 -0.023833 
-0.789525 0.611305 0.018942 
0.661928 0.731504 -0.025490 
-0.402342 -0.795962 0.017813 
-0.993084 -0.109429 0.008923 
-0.724166 -0.688954 0.017254 
0.617274 -0.642520 0.012113 
-0.136313 0.988172 0.007529 
-0.165382 -0.876200 0.013971 
-0.377763 0.921261 0.025398 
0.143867 -0.880570 0.005886 
-0.500306 0.853222 -0.021223 
-0.963138 0.263726 0.006768 
-0.904395 0.401417 -0.014859 
0.940670 -0.334570 0.020886 
-0.507308 -0.733538 0.012772 
-0.857504 -0.274314 -0.021512 
-0.685852 -0.569975 0.020547 
-0.698324 0.712935 0.007393 
0.363708 0.928579 0.011942 
-0.493201 0.740760 0.020568 
-0.876997 -0.159108 0.021573 
0.574185 0.814744 0.006800 
0.860142 0.227912 0.012027 
0.156510 0.884969 -0.023458 
-0.887712 0.077968 0.021773 
-0.183253 0.870914 0.014741 
0.378552 0.804964 0.022619 
-0.586427 0.669544 0.019599 
0.764076 -0.459054 0.006423 
0.200996 -0.978283 0.023956 
-0.752595 0.506838 -0.027193 
0.377823 -0.925366 0.014759 
-0.298456 0.859743 -0.027185 
0.890595 -0.001366 0.020931 
0.637140 0.620613 0.021316 
0.820264 -0.346852 0.011783 
0.479266 0.768208 -0.027193 
-0.796526 0.398432 0.009534 
0.828975 0.333365 0.003029 
0.042593 0.892702 0.026480 
0.888944 -0.122473 0.026698 
-0.871266 0.194397 0.025101 
-0.755023 -0.474273 0.019017 
-0.015311 -0.999414 0.019629 
0.558500 -0.825358 0.025810 
0.716169 0.542596 -0.022157 
0.944444 -0.255079 -0.027193 
0.586836 -0.720239 -0.027096 
-0.076778 -0.939476 -0.027193 
0.453257 -0.799797 0.026512 
0.290451 -0.941034 -0.027080 
-0.660018 -0.733522 -0.026794 
0.930029 0.053778 -0.027193 
0.671507 -0.702243 -0.027193 
-0.880517 -0.403624 -0.027193 
-0.919599 -0.100925 -0.027193 
0.889715 -0.377795 -0.027168 
0.070545 -0.900106 -0.025538 
0.210811 -0.914518 -0.027193 
-0.888951 0.254376 -0.027106 
-0.311559 -0.927290 0.026797 
0.777186 -0.613001 -0.014084 
0.339099 -0.869768 -0.027193 
-0.746491 -0.550738 -0.027193 
-0.732309 0.647706 -0.027193 
-0.927139 0.331636 0.026735 
-0.928065 0.007445 -0.027178 
-0.059361 0.989713 0.026803 
0.846727 0.470551 0.025723 
-0.422953 -0.859495 -0.027193 
0.695282 0.647866 -0.027193 
-0.410442 0.871213 -0.027164 
0.292522 0.910441 -0.027193 
-0.629102 0.722509 -0.027181 
-0.130019 0.918703 -0.027193 
-0.687080 -0.636883 -0.027193 
0.168588 0.963371 -0.027193 
0.832520 -0.475226 -0.027078 
-0.717691 0.549342 0.026764 
0.340043 0.849907 -0.027193 
-0.572674 -0.740662 -0.027193 
-0.170247 -0.955613 -0.027193 
-0.897397 0.140389 -0.027193 
0.900721 -0.175915 -0.027117 
-0.473094 -0.799266 -0.027193 
-0.930388 -0.295799 -0.027193 
0.964664 0.131348 0.026803 
0.882740 0.289371 -0.027193 
-0.905174 -0.209663 -0.027193 
-0.532167 0.784253 -0.027184 
-0.987416 -0.042470 -0.025338 
-0.230185 -0.902848 -0.027193 
-0.822952 -0.525264 0.026783 
-0.821709 0.549892 -0.024127 
0.060773 0.941339 -0.027193 
-0.974180 0.095756 0.026766 
0.776148 0.486354 -0.027193 
0.613466 0.670957 -0.027193 
0.413693 0.850218 -0.027193 
-0.312936 0.932003 -0.027085 
-0.814553 0.467450 -0.027193 
0.901161 0.162343 -0.027193 
0.216228 0.898955 0.016823 
-0.199415 0.940923 -0.027162 
0.966208 -0.020974 0.024658 
0.565664 0.751067 -0.027193 
-0.255236 0.881316 0.026643 
0.507162 -0.806582 -0.027193 
0.682384 -0.631045 -0.027113 
0.921915 0.377704 0.024836 
-0.860911 -0.330831 0.025026 
0.128060 -0.959194 0.024230 
-0.947394 -0.166266 0.013286 
-0.002809 0.903984 -0.027037 
-0.099105 -0.898227 0.026803 
-0.638883 -0.623121 0.023641 
-0.960164 0.191645 0.026769 
0.616166 0.747001 0.026277 
-0.332562 -0.830334 0.025767 
0.817851 0.400171 -0.027193 
0.976388 -0.144577 -0.025682 
0.010148 -0.954079 -0.027174 
0.802450 -0.409796 -0.024821 
-0.833750 0.344786 -0.025996 
0.764365 -0.528499 0.011929 
0.965992 0.248112 0.023172 
0.691507 0.696373 0.026803 
-0.332869 0.832651 0.026739 
-0.452987 0.796062 -0.027078 
0.881473 -0.304015 -0.027154 
0.897899 -0.054532 -0.022949 
0.425855 -0.875350 0.026803 
-0.561859 0.737334 0.013892 
0.108296 0.912888 0.026045 
0.045484 0.994638 0.024948 
-0.349539 -0.889733 -0.027193 
0.802490 0.579852 0.026803 
-0.456617 0.873633 0.026763 
-0.891136 -0.451839 0.022814 
-0.773290 0.468404 0.026766 
-0.810899 -0.423091 -0.027193 
-0.749104 0.576003 -0.027135 
0.407407 -0.838765 -0.027155 
-0.549038 -0.799782 0.026126 
-0.933377 0.077464 -0.027148 
-0.865894 0.439436 0.026713 
0.738153 0.501785 0.025963 
-0.739372 -0.624664 0.024126 
0.442042 0.778301 0.026740 
-0.648192 0.658415 -0.027134 
0.918352 0.233560 -0.027193 
-0.571432 -0.702397 0.026803 
-0.248359 -0.862087 0.026650 
0.519264 0.827870 -0.027193 
0.982483 0.092415 -0.025549 
0.568659 -0.782663 -0.027132 
0.982840 -0.106752 0.026803 
0.761649 0.595078 -0.027193 
-0.793175 -0.506366 -0.027193 
0.513155 0.759650 0.026704 
0.692522 0.576770 0.026723 
0.672264 -0.597670 0.026688 
-0.080598 0.962725 -0.027193 
0.982055 0.012658 -0.027193 
0.165298 -0.960400 -0.027162 
-0.452128 -0.879778 0.026717 
-0.876175 -0.225796 0.026803 
-0.919912 0.199206 -0.027193 
0.921596 -0.113627 -0.027193 
0.414459 0.894228 0.026803 
-0.895150 0.316799 -0.027193 
0.041360 -0.973531 0.026792 
0.258817 -0.954236 0.026796 
0.290674 0.941786 0.026803 
0.203295 -0.867865 0.018776 
0.904055 0.346972 -0.027193 
0.562954 -0.691231 0.021086 
-0.226970 0.882034 -0.027157 
-0.192039 0.967885 0.026803 
-0.539595 0.811239 0.026707 
0.311905 -0.923123 0.026794 
-0.187644 -0.980923 0.024270 
0.847853 -0.495337 0.026796 
-0.286676 -0.927978 -0.027193 
-0.647607 0.758669 0.023139 
-0.897026 -0.344679 -0.027193 
-0.464571 -0.771983 0.026788 
0.857794 -0.299751 0.026791 
-0.638804 0.636861 0.026747 
-0.839965 -0.361181 -0.027193 
-0.067205 -0.973013 0.026790 
0.301785 -0.839557 0.006503 
-0.904525 0.022115 0.026802 
-0.131734 -0.911754 -0.027193 
-0.736062 -0.531278 0.026803 
-0.352273 0.889101 -0.027193 
-0.896417 -0.098224 0.026803 
0.686062 -0.718388 0.026700 
-0.949210 -0.285188 0.026739 
0.506803 -0.851332 0.026777 
0.892135 0.182032 0.026768 
0.916653 -0.386744 0.026359 
-0.669257 -0.703941 0.026453 
0.911451 0.060512 0.026782 
-0.124155 0.900050 0.026802 
0.963657 -0.248811 0.025964 
0.048578 -0.902729 0.026803 
-0.355563 -0.833280 -0.026999 
-0.320964 0.914583 0.026249 
-0.538001 -0.815280 -0.027193 
0.422687 0.794388 -0.024914 
0.324417 0.855349 0.026795 
0.843198 0.450564 -0.027193 
0.897176 -0.206124 0.025589 
-0.854997 0.427361 -0.027120 
0.402775 -0.897574 -0.027140 
-0.744163 -0.653506 -0.023782 
-0.444347 0.771150 0.022319 
-0.739231 0.660682 0.026798 
0.181778 0.967748 0.026803 
0.670172 0.598390 -0.021712 
0.814527 -0.433891 0.023813 
0.453255 -0.785563 -0.027193 
-0.980106 -0.023723 0.026707 
-0.800083 0.553453 0.026803 
0.820287 0.520695 0.026803 
-0.891267 -0.395428 0.026788 
0.259018 -0.868913 -0.027107 
-0.884088 0.134850 0.026134 
-0.018004 0.921928 0.022868 
0.804249 0.381655 0.023648 
0.239731 0.870889 -0.026928 
-0.839274 0.357961 0.026803 
0.120477 -0.921923 -0.027159 
-0.883922 0.248338 0.026700 
0.872728 0.289103 0.026139 
0.515588 0.824962 0.026803 
0.770436 0.540132 0.005383 
-0.808670 -0.450922 0.019141 
0.610180 0.672243 0.026758 
0.731036 -0.621769 0.013679 
0.114492 0.946475 -0.027193 
0.929418 -0.010998 -0.027193 
0.867000 0.371326 0.005367 
0.864209 -0.425116 -0.027163 
0.871115 0.421611 0.025135 
-0.904017 -0.042545 -0.026987 
0.622314 -0.767165 -0.025591 
0.615552 -0.697065 0.011591 
-0.353432 0.827160 -0.023629 
0.941178 0.125877 -0.027193 
0.233731 0.928578 -0.027193 
-0.723954 -0.598862 -0.027193 
-0.954529 -0.066397 0.008562 
0.916620 -0.054863 0.026567 
-0.688162 0.661126 0.007829 
-0.519011 -0.766028 -0.027193 
0.717254 -0.550415 0.026780 
-0.622368 -0.715560 0.005367 
-0.119957 -0.971210 -0.027193 
0.799940 -0.548391 -0.027088 
-0.896289 -0.156553 -0.027193 
-0.582799 0.762306 -0.027193 
0.233548 -0.961597 -0.024004 
-0.004810 0.980193 0.026803 
0.165269 0.896955 0.026780 
-0.569451 0.706568 -0.027193 
-0.976690 -0.143791 -0.026290 
-0.811117 -0.554870 -0.027193 
0.401772 0.902527 -0.022628 
-0.691528 -0.692540 -0.027193 
0.597542 -0.787608 0.026803 
0.106858 -0.912178 0.026802 
0.936783 -0.152881 0.005990 
-0.723341 0.606247 0.005367 
0.939942 -0.307858 -0.022904 
0.610159 0.777747 -0.014280 
-0.932140 0.122849 0.005955 
-0.524661 0.730230 -0.021075 
-0.759432 0.517426 0.026473 
0.087157 0.894045 -0.016223 
-0.593255 -0.787130 -0.027036 
-0.980684 0.053410 -0.027095 
-0.488577 0.794123 0.008844 
-0.260930 0.929675 -0.027178 
0.947489 -0.194902 -0.027169 
0.754941 -0.497865 -0.027059 
0.079763 0.985299 -0.011612 
0.742882 -0.649936 -0.026318 
0.776480 -0.583206 0.026330 
0.461918 0.836612 -0.027193 
0.020541 -0.900839 -0.023404 
0.840796 -0.392801 0.012690 
-0.899168 -0.275601 0.005903 
-0.187642 -0.920058 0.006465 
0.753488 -0.571334 -0.027157 
0.945466 0.202919 0.024722 
0.377671 -0.860321 0.006226 
-0.407151 0.875718 0.023373 
-0.458742 -0.835097 0.006383 
-0.171724 0.918527 0.007497 
0.522262 0.731220 -0.012799 
0.375110 0.857889 0.006553 
0.175599 -0.922916 0.006268 
-0.988634 0.142481 0.020822 
0.854535 0.497469 -0.017489 
0.337234 -0.931096 -0.015544 
-0.965527 -0.196690 -0.027033 
0.351515 0.901616 -0.027193 
-0.628194 -0.671786 0.026648 
0.785895 0.486372 0.021106 
-0.376052 -0.863123 0.005864 
-0.433998 0.824237 0.009344 
0.422248 0.824583 0.013986 
0.894019 0.103938 -0.024628 
0.893463 -0.342241 0.012005 
-0.853977 0.499954 -0.021556 
0.677321 -0.666176 0.005970 
-0.300051 -0.866311 0.026803 
-0.652871 -0.757207 0.014908 
0.021488 0.943900 0.005367 
0.996498 -0.058209 0.018101 
-0.967058 0.209002 -0.023299 
0.543241 -0.741037 -0.027153 
-0.027514 -0.917642 -0.027193 
-0.914672 0.170237 0.010957 
-0.057446 -0.922217 0.023860 
0.533134 -0.782470 0.005367 
-0.884919 0.349587 0.006457 
-0.508485 0.854870 0.026070 
-0.051487 0.910993 -0.027193 
-0.850346 0.299856 -0.025234 
0.554730 -0.738286 0.023050 
-0.849312 -0.429361 0.006158 
-0.916754 0.286473 0.015146 
0.666919 0.737301 0.026004 
0.914739 0.274779 0.008665 
0.662107 0.663516 0.008706 
0.702568 0.695576 -0.019517 
-0.633856 0.689542 0.006638 
0.643952 -0.658867 -0.027164 
0.412386 -0.794845 0.003009 
0.614603 0.729916 -0.027193 
0.842114 -0.519584 -0.013527 
0.948550 0.091057 0.007396 
0.936220 0.021245 0.006536 
-0.065548 -0.988891 -0.017566 
0.074774 -0.947759 0.005923 
-0.979469 0.100470 -0.027078 
-0.859837 -0.486688 0.026723 
-0.229640 0.924902 0.007363 
0.917918 -0.293724 0.018720 
0.736798 0.666943 0.003191 
-0.285260 0.845725 0.025812 
-0.933755 0.277676 -0.027179 
-0.649589 -0.671252 -0.027193 
-0.776256 -0.611322 -0.026013 
-0.107126 0.945446 0.006640 
-0.507475 -0.808030 0.006825 
-0.262771 -0.905501 0.005498 
-0.554541 -0.743887 0.015398 
0.898589 -0.261114 -0.027171 
-0.865548 0.379824 -0.027169 
-0.795455 0.587640 -0.022868 
-0.941121 0.039972 0.005422 
0.286659 0.861107 -0.027193 
0.877164 0.201384 -0.024741 
-0.907750 -0.320986 0.013929 
0.379177 0.814475 -0.022155 
0.797966 0.443652 -0.027193 
-0.848779 -0.286744 0.026505 
0.362784 -0.829048 -0.026868 
-0.457669 0.868437 -0.027146 
-0.670090 0.702402 -0.027175 
0.012953 -0.930466 0.011747 
0.849416 -0.356555 -0.027119 
-0.364891 0.859070 0.008189 
0.265932 0.892675 0.009021 
0.907469 0.328295 0.022744 
-0.177153 0.887211 -0.027093 
-0.113064 -0.937049 0.005367 
0.557756 0.705660 -0.024424 
-0.335608 -0.932126 -0.020010 
0.682251 0.622966 0.020587 
-0.777823 -0.463903 -0.026986 
0.919626 0.138475 0.010409 
-0.887422 0.397471 0.026752 
0.898615 0.021220 -0.020754 
-0.712788 0.549572 -0.024065 
0.538477 0.786927 -0.027193 
-0.744912 -0.506241 -0.021619 
0.344575 -0.894776 0.009763 
-0.793576 0.426752 -0.025107 
-0.976719 -0.088493 -0.027193 
-0.538109 0.829227 -0.023305 
-0.997147 -0.064963 0.022239 
0.803797 -0.481233 0.006734 
-0.772802 -0.562008 0.007877 
-0.819953 0.388320 -0.027190 
-0.162192 0.973026 -0.025573 
0.940121 0.282620 -0.027193 
-0.057314 0.943048 0.005367 
-0.353965 -0.900340 0.023022 
-0.182508 -0.891403 -0.027193 
0.035458 -0.989828 -0.020018 
0.572192 0.770246 0.012261 
0.977939 0.146608 -0.013655 
-0.934440 -0.242930 -0.027193 
-0.918267 0.229129 0.005367 
-0.929178 -0.012642 0.012232 
0.438870 -0.835881 0.005367 
-0.979985 0.009272 -0.027174 
-0.810923 0.449103 0.014211 
0.320326 0.909554 0.021692 
-0.682908 -0.624033 0.022168 
-0.208522 -0.880842 0.026803 
0.152076 0.932937 0.005367 
-0.949386 -0.113476 0.008345 
0.717146 -0.604281 -0.027193 
0.196802 0.901874 -0.027193 
0.546295 -0.825778 -0.022594 
-0.478216 -0.855937 -0.027193 
0.601841 -0.741997 0.007836 
-0.625978 0.765560 -0.019785 
-0.907023 -0.190835 0.019026 
0.725154 0.599130 0.005418 
-0.401893 -0.807222 -0.024434 
-0.320901 0.874253 0.009413 
0.878904 -0.215426 -0.027135 
0.228924 -0.902825 0.010800 
0.873336 -0.173100 0.009833 
0.159229 -0.986577 0.010729 
0.868119 0.248360 -0.026800 
-0.070039 -0.898072 -0.015565 
-0.094410 0.893928 -0.023575 
0.830064 0.416852 0.011696 
0.592634 0.713208 0.012761 
0.872221 -0.467110 -0.011747 
0.476268 -0.756690 0.025874 
0.925821 -0.348544 -0.019247 
-0.681587 0.599601 0.026803 
0.486958 -0.758623 -0.024933 
0.841766 -0.316769 -0.012169 
0.790852 -0.454007 -0.027078 
-0.873577 0.215136 -0.017717 
0.977978 0.174634 0.026465 
0.728310 0.543731 0.026764 
-0.301661 0.950885 0.013392 
-0.769622 0.466218 -0.016077 
0.656294 0.686517 -0.027193 
0.629617 -0.717598 -0.027175 
0.184687 -0.881657 -0.018686 
0.086860 -0.983184 0.026727 
0.442555 0.883950 -0.019872 
-0.838571 0.406415 0.009259 
0.591180 -0.678409 -0.019365 
-0.726421 -0.582142 0.014986 
-0.600513 0.677340 -0.027124 
-0.936782 0.320226 -0.019340 
0.946094 -0.100022 0.006567 
-0.844819 -0.319095 -0.026051 
0.969403 -0.027764 -0.027193 
-0.018773 -0.985014 -0.027070 
-0.782414 -0.508238 0.013659 
0.467181 -0.866596 0.026803 
-0.899203 0.036018 -0.015590 
0.343285 -0.847071 0.026803 
0.704624 -0.676235 -0.027182 
0.039863 0.897465 -0.015155 
0.461830 0.812364 0.007325 
0.641030 0.708990 0.009086 
-0.147305 -0.955931 0.023075 
0.274599 0.948207 -0.024462 
-0.802467 0.514704 0.011090 
0.799141 -0.392861 0.016591 
0.855945 0.322967 -0.027193 
-0.604710 0.730740 0.005733 
0.875999 0.458170 -0.002746 
-0.384491 -0.912128 -0.024432 
-0.977229 -0.192208 0.026183 
0.255511 -0.918581 -0.027147 
0.986890 -0.149223 0.014178 
-0.564673 0.778700 0.014513 
-0.672518 -0.598952 -0.019569 
0.927048 -0.228698 0.008244 
-0.824046 -0.339962 0.008977 
-0.705374 -0.562164 -0.024662 
-0.040110 0.970349 -0.027193 
-0.761245 0.581663 0.015363 
-0.628399 -0.765789 -0.017007 
0.123889 -0.983057 -0.015923 
0.893312 -0.087706 0.000683 
-0.247605 -0.939999 -0.027193 
-0.694063 0.633278 -0.027193 
0.214178 -0.940461 0.016331 
-0.935973 -0.147260 -0.027193 
0.858537 0.400293 -0.027193 
-0.545022 -0.838144 0.013210 
0.151033 0.985457 0.006977 
-0.217136 -0.942653 0.022917 
0.320640 0.935193 -0.011486 
-0.351468 0.924124 -0.006650 
-0.913609 -0.383383 -0.015211 
-0.850691 0.263685 0.009157 
-0.790786 0.521374 -0.027193 
0.340445 0.821611 0.010990 
0.752787 0.523743 -0.027193 
-0.930634 -0.225400 0.009110 
-0.481289 -0.761360 -0.008459 
-0.374302 -0.823675 0.026776 
0.795508 0.572998 -0.027193 
0.762210 0.579358 0.010553 
-0.767238 0.624454 -0.012087 
0.900177 0.237118 0.010021 
0.656162 0.637783 -0.027193 
-0.490090 0.775850 -0.027111 
0.040472 0.984551 -0.026229 
-0.249119 -0.867372 -0.025055 
-0.818648 -0.472025 -0.027193 
0.909947 0.386827 -0.013593 
-0.871406 0.468951 -0.003043 
0.706055 0.581383 -0.027193 
0.998256 0.002328 0.018989 
-0.438896 -0.786428 -0.000309 
0.865773 0.328661 0.017963 
0.002111 0.889767 0.010013 
-0.870333 -0.236609 -0.024936 
0.959348 0.239529 -0.015251 
-0.224871 0.860739 0.010997 
-0.146526 -0.909068 0.026274 
-0.928638 0.365825 0.006382 
0.800983 -0.501917 -0.027078 
0.203335 0.937717 0.012237 
0.725924 0.621797 -0.027193 
-0.597718 -0.706731 -0.027193 
-0.790636 -0.414341 0.023658 
-0.208118 -0.943721 -0.027193 
0.731379 -0.509124 0.022169 
0.762546 -0.644852 0.019686 
-0.893715 0.105643 -0.008767 
-0.420562 0.831304 -0.027118 
-0.268233 -0.938300 0.026786 
-0.603345 -0.750822 0.013985 
-0.849060 -0.390160 0.010595 
0.607403 0.785442 0.026547 
-0.641091 -0.632475 -0.014561 
0.810553 0.452279 0.014989 
-0.536378 -0.725574 -0.025280 
0.442029 0.857655 0.023598 
-0.945743 -0.052635 -0.027193 
-0.414626 -0.867434 0.011908 
-0.776593 -0.629167 0.012447 
0.224025 0.860771 0.021266 
0.952024 -0.061273 0.007672 
0.816783 0.493249 -0.027193 
0.479712 -0.819921 0.005855 
0.056413 -0.937785 -0.027145 
-0.711632 0.680808 -0.026847 
-0.887173 -0.441321 -0.014559 
-0.664819 -0.657405 0.013213 
-0.494058 0.815200 -0.027098 
-0.837048 0.544307 0.011162 
0.879552 -0.394040 0.017304 
0.245029 0.931905 0.019092 
0.663117 -0.636520 0.026657 
0.296658 -0.859597 -0.027180 
-0.547654 0.701516 0.009620 
0.078571 0.933895 0.006330 
0.659160 -0.738883 -0.014193 
-0.963366 0.010179 0.015781 
0.929478 0.196633 -0.027193 
0.767619 -0.491475 0.026803 
-0.524567 -0.770307 0.010497 
0.981365 0.094628 0.026803 
-0.008970 -0.962290 0.012809 
-0.283226 0.898569 -0.027138 
0.520737 -0.814412 0.022262 
-0.952582 0.299669 0.014671 
-0.280834 0.918936 0.013505 
0.725172 -0.532561 -0.007233 
-0.346835 -0.937495 0.015998 
0.501593 0.789957 0.006742 
0.983339 -0.106129 -0.016109 
0.547835 0.742425 0.021179 
-0.917828 -0.142351 0.012776 
0.121111 0.881489 0.008858 
0.312084 -0.896498 -0.027193 
0.507023 0.852243 0.001802 
0.702692 0.658043 0.017214 
-0.711864 -0.653217 0.019848 
0.271755 -0.914165 0.006768 
-0.886769 -0.354905 0.007729 
0.897250 0.060617 -0.009648 
0.476031 0.752858 0.024529 
0.799286 -0.583662 -0.005178 
0.643909 -0.719851 0.021776 
-0.322650 -0.888866 0.005367 
0.441891 -0.886614 -0.008324 
-0.524709 0.761304 0.017770 
0.785097 0.613174 0.024500 
0.117997 0.981506 -0.013857 
-0.959747 0.232028 0.026791 
0.464732 -0.829762 -0.027193 
-0.894133 0.434114 0.002481 
0.860537 -0.269107 -0.025881 
0.503141 -0.852735 -0.022071 
0.932571 -0.026419 0.008232 
-0.386180 0.910525 -0.009668 
-0.984661 0.058039 0.026729 
-0.823641 -0.566435 0.020864 
-0.096386 0.985288 0.026803 
-0.144230 0.946461 0.010163 
0.855894 -0.345383 0.022575 
-0.932654 -0.332617 -0.022380 
0.954944 -0.290358 0.019566 
0.987907 0.046528 -0.013010 
-0.883240 0.174468 -0.022635 
0.855684 0.509524 0.024863 
0.848918 0.295554 -0.001627 
0.730603 -0.585234 0.007211 
0.883210 -0.265076 0.024273 
-0.729810 0.513888 0.004474 
0.760846 0.461547 0.009763 
0.681919 -0.592862 -0.026727 
0.377552 0.891407 0.026198 
-0.439476 -0.888508 -0.006958 
0.594686 -0.668164 0.026228 
0.222974 -0.877026 -0.026986 
-0.836101 -0.513231 -0.027193 
-0.565799 0.813397 0.000849 
-0.881128 0.312962 0.007833 
-0.825684 0.483902 0.014226 
0.169227 -0.954315 0.025391 
0.137833 -0.922381 0.009813 
-0.931356 0.240125 -0.027180 
-0.298513 -0.893177 -0.027193 
-0.986532 -0.156892 0.022137 
0.934268 -0.057366 -0.027193 
-0.223051 0.963367 -0.001556 
-0.002491 0.940647 -0.027193 
0.845525 -0.460363 0.016130 
-0.556840 -0.783237 -0.027193 
0.818434 -0.516931 0.024314 
-0.609202 0.763942 0.026772 
-0.781947 0.429620 0.025028 
0.342700 0.878634 0.005367 
-0.502437 -0.823626 -0.027193 
0.882710 0.150218 0.001910 
0.181412 0.873347 0.004143 
-0.667611 0.709697 0.026785 
0.366262 -0.912352 -0.027193 
-0.877444 -0.201421 -0.000229 
0.204030 0.949613 -0.027193 
-0.947703 0.079245 0.006218 
0.638115 0.755230 -0.001502 
-0.390093 -0.876335 -0.027193 
0.825532 0.559553 0.007437 
0.573225 0.797373 -0.027193 
-0.591970 -0.670532 0.025782 
-0.119278 0.980867 -0.023603 
-0.477183 0.837858 0.019579 
-0.771233 -0.592876 0.026707 
0.820196 -0.377879 -0.026579 
-0.561463 -0.704478 -0.010052 
-0.377144 0.857256 -0.027125 
-0.428784 0.900966 0.009319 
-0.938029 0.143843 -0.027164 
-0.777044 -0.441406 0.004131 
0.482328 0.804078 -0.027193 
0.657783 -0.614597 -0.006703 
0.909164 0.410250 0.016675 
0.314215 -0.868109 0.024341 
0.410340 -0.910888 0.019192 
0.663073 0.592759 0.014014 
0.580978 0.674066 0.006067 
-0.211782 0.890099 0.026794 
0.889004 -0.135161 -0.006770 
-0.811926 -0.389202 -0.015766 
-0.653693 0.742787 -0.008312 
-0.143738 0.882390 0.002661 
0.150833 -0.903046 -0.027193 
-0.954439 -0.265596 -0.002672 
-0.264341 0.858810 -0.016757 
0.511265 -0.763525 0.026605 
0.373335 0.869235 -0.027193 
-0.400495 0.831747 0.020847 
-0.427547 0.790667 -0.002270 
0.928089 0.347986 0.001427 
-0.820173 -0.494595 0.008926 
0.920856 0.177868 0.006224 
0.850200 0.261954 0.014565 
-0.078397 0.918505 0.023636 
0.544509 0.834163 0.005193 
0.482601 0.846198 0.026803 
-0.870318 0.344694 -0.027193 
0.902220 -0.406241 -0.010208 
0.866159 0.357520 -0.027193 
-0.471519 0.762522 0.001465 
-0.921819 -0.059679 0.023585 
0.447735 -0.771051 0.006797 
-0.712036 0.584699 -0.027189 
-0.678950 -0.728785 0.003394 
0.537339 0.788050 0.008017 
-0.227027 -0.908890 0.007382 
0.899434 -0.156590 0.026781 
-0.689196 0.564029 0.012161 
0.924567 0.314226 -0.027193 
0.305341 -0.950917 0.006199 
0.573371 -0.763958 0.007798 
0.118642 0.905329 -0.027193 
-0.462328 0.830180 -0.027078 
0.916728 -0.231104 -0.027155 
0.685528 -0.569126 0.011319 
0.825971 -0.440836 -0.027091 
-0.527434 0.724365 0.026710 
0.153942 0.920381 -0.027193 
-0.151630 -0.979056 -0.009172 
0.637258 -0.669536 0.021405 
-0.571702 -0.817524 0.004386 
0.898915 -0.014580 -0.010755 
-0.030568 0.888949 0.022003 
-0.883291 -0.123606 0.006924 
0.617138 0.643411 0.004241 
0.581040 -0.804919 0.001528 
0.833631 0.358342 0.026753 
0.864771 -0.211149 0.014178 
-0.944251 -0.327979 0.010575 
0.095236 -0.887166 0.005797 
-0.893167 -0.267232 -0.027193 
-0.767647 0.543874 0.005672 
-0.427139 -0.903749 0.021591 
-0.388574 0.818068 -0.027081 
0.957154 0.281121 0.014499 
0.070091 0.970376 0.026803 
0.697629 -0.703009 -0.004511 
0.178174 -0.890253 0.026803 
-0.421396 -0.824821 0.018497 
-0.975938 0.169751 -0.000720 
-0.855199 -0.251636 0.017726 
0.320951 0.885657 -0.027193 
-0.087730 0.928992 -0.027193 
-0.896987 -0.075964 -0.019937 
0.758853 0.631259 -0.024620 
0.591189 0.697115 -0.027193 
-0.319435 0.839975 -0.008494 
-0.300018 -0.949025 0.002836 
-0.320524 -0.841701 -0.018732 
0.240212 -0.858841 0.015476 
0.547348 -0.713928 0.000022 
-0.641008 -0.704481 -0.027193 
0.931242 0.093075 -0.027193 
0.749041 0.563228 -0.027193 
-0.713946 0.640177 0.016142 
-0.613993 0.657316 -0.002860 
0.964830 0.037084 0.023746 
0.940419 -0.197573 0.012796 
-0.710107 -0.662087 -0.027193 
0.373259 -0.865699 -0.027182 
0.126020 0.952953 0.014472 
-0.487469 -0.836811 0.024648 
-0.577422 0.797333 -0.026872 
-0.856222 -0.428217 -0.027193 
0.075119 0.905208 0.026760 
0.824162 0.358947 -0.018890 
-0.819420 0.367387 0.000862 
0.202064 -0.969844 -0.014211 
-0.838105 -0.465076 0.009745 
-0.049359 -0.960630 -0.027193 
0.489688 -0.788520 0.014092 
0.889189 -0.038883 0.014578 
0.942002 -0.157453 -0.027193 
0.304008 0.877442 0.011459 
0.435497 -0.859312 -0.027121 
-0.034635 0.963459 0.019727 
-0.891353 -0.004523 0.010908 
-0.127269 -0.882824 0.016562 
0.408448 0.791586 0.005473 
0.390885 -0.810850 -0.018300 
0.683956 0.715807 0.000454 
-0.738582 0.607912 -0.027162 
-0.934000 0.259342 0.024755 
0.912297 -0.258678 0.005615 
-0.475658 -0.872548 0.001792 
-0.924614 0.109788 -0.027156 
-0.763064 -0.579787 -0.027193 
0.703533 -0.678228 0.026803 
-0.286035 0.886180 0.009394 
-0.062392 -0.889821 0.015904 
-0.934141 0.041990 -0.027150 
0.921000 -0.121364 0.011797 
0.784506 -0.421722 0.008512 
0.106546 -0.956949 -0.027111 
-0.193934 -0.972038 -0.010587 
-0.602666 0.698311 0.023327 
0.727638 0.655471 -0.027193 
-0.896349 0.365359 -0.027193 
-0.089020 -0.994342 0.005256 
-0.447496 -0.805651 0.025762 
-0.315123 0.889565 -0.027145 
0.959836 -0.133534 0.025073 
-0.897071 0.072996 -0.013174 
-0.905427 0.105484 0.026803 
0.272901 -0.848779 0.022548 
0.591499 -0.755236 -0.027082 
-0.098696 -0.909802 -0.027193 
0.974212 -0.171812 -0.007073 
-0.441335 -0.808328 -0.027193 
-0.847252 -0.521559 0.002707 
-0.034769 0.995818 0.005756 
0.751266 -0.535481 -0.027093 
-0.861663 0.382969 0.005367 
0.449421 0.777741 -0.005315 
-0.950543 0.161035 0.018290 
-0.817980 0.502891 -0.027193 
-0.816736 0.571542 0.004986 
-0.710318 0.676326 0.026762 
0.800234 0.547117 0.026312 
0.026802 0.925919 -0.027193 
0.067059 -0.992587 0.002358 
-0.362758 0.819259 0.026687 
0.472778 0.867270 -0.023447 
-0.783433 0.553260 -0.027159 
-0.710868 -0.621466 0.005367 
-0.576591 -0.769556 0.012057 
0.875911 -0.479162 0.018443 
0.417982 -0.821291 0.025884 
0.961513 -0.232635 -0.010661 
0.787234 0.598492 -0.004564 
0.527360 0.716201 0.021037 
-0.760046 0.635644 0.026803 
-0.704728 -0.548545 0.004935 
0.322500 -0.840612 -0.021761 
-0.904855 -0.424249 0.012525 
-0.958827 -0.015294 -0.027193 
-0.822592 -0.409826 0.026720 
-0.954659 -0.032192 0.007872 
0.712352 -0.648048 0.019147 
0.408510 -0.850656 0.005367 
0.950708 -0.099654 -0.027193 
-0.874810 -0.424273 0.026697 
0.778022 -0.617422 0.026710 
0.128377 -0.991504 0.018626 
0.970882 0.216041 0.003562 
-0.967858 -0.089314 0.026794 
0.905646 -0.416894 0.024439 
0.885451 0.390408 0.025457 
0.788866 0.515852 -0.027193 
-0.268646 -0.854394 0.002990 
0.272305 -0.952434 -0.003259 
-0.096243 -0.960991 0.018389 
0.700527 0.551084 0.004455 
-0.153372 -0.887397 -0.014585 
0.307467 -0.892974 0.005367 
0.587398 -0.711561 0.024680 
-0.524518 0.791913 0.006151 
0.421502 -0.808465 -0.027193 
-0.993987 0.083430 0.004908 
-0.410259 -0.901808 -0.008625 
-0.860845 0.231648 0.006475 
0.948927 0.164941 0.017603 
-0.749320 0.480831 0.009822 
-0.936543 -0.255938 0.026368 
-0.662535 -0.599744 0.025202 
-0.665283 0.683257 0.007397 
-0.168132 -0.923865 -0.027193 
0.808570 -0.582339 0.025190 
-0.199331 0.934383 0.008636 
-0.746983 -0.663658 0.006194 
-0.943001 0.175223 -0.027193 
-0.921962 0.068010 0.021056 
-0.616748 -0.649938 0.002929 
-0.872800 -0.301488 -0.027193 
-0.748503 0.538269 -0.027169 
-0.433848 0.856722 0.012624 
-0.137047 0.953807 -0.027193 
0.496363 0.745914 0.001248 
0.704767 -0.604117 0.012840 
-0.877872 -0.295989 0.017331 
0.987762 0.075279 0.000493 
-0.296228 -0.906167 0.006566 
-0.235368 0.948164 -0.027185 
-0.014301 -0.919092 0.026679 
0.895071 0.029291 0.026732 
0.916534 -0.286935 -0.027129 
-0.675339 0.633586 0.015884 
0.298427 0.841793 0.003386 
-0.826836 0.330924 0.016791 
0.259750 0.895062 -0.027193 
-0.167585 0.983240 0.014504 
0.894604 0.441957 0.021219 
0.045017 -0.938134 0.006363 
-0.875909 0.162364 0.013711 
0.028843 -0.999027 0.009130 
0.750693 0.493451 -0.001399 
0.916525 0.210913 0.005496 
-0.795127 -0.540638 0.012096 
-0.900452 0.205072 0.022500 
-0.092920 0.984162 -0.007271 
-0.726637 -0.532072 -0.012150 
-0.499331 0.747371 -0.015521 
-0.343804 0.895173 0.011322 
-0.217903 -0.975465 0.019075 
-0.900885 0.369523 0.026793 
-0.505819 0.818971 0.015667 
0.231136 -0.971045 0.024267 
-0.228564 0.912975 -0.027152 
0.890180 -0.333745 -0.027168 
0.544908 0.811470 0.026803 
-0.122665 0.963052 0.026795 
0.849363 -0.421692 0.005660 
0.687591 -0.632728 0.008160 
0.894193 -0.235798 0.017675 
-0.900629 -0.005961 -0.022832 
-0.200531 -0.878062 -0.002853 
-0.097011 0.884103 0.013283 
0.618807 -0.778650 0.002731 
-0.976477 -0.128210 0.026738 
-0.041938 -0.992675 0.001715 
0.104759 -0.894637 -0.022427 
0.872585 0.483327 0.015236 
0.475074 0.783443 0.026802 
-0.133008 -0.943448 -0.027193 
0.930084 -0.362745 0.012782 
-0.880037 0.449330 -0.024978 
-0.588206 0.732139 -0.027193 
-0.649687 -0.729141 0.026796 
0.848410 -0.269621 0.010174 
0.797420 0.414834 -0.009729 
-0.144911 0.890671 -0.026780 
0.811375 0.494829 0.006412 
0.396261 -0.881887 0.022848 
0.839724 -0.406838 -0.027119 
0.893415 0.297621 0.005367 
0.011196 0.913571 0.026787 
-0.529873 0.841458 0.003379 
0.959503 0.072456 -0.027193 
-0.937116 -0.207610 -0.027193 
-0.487021 0.870919 0.011644 
0.877453 -0.316551 0.008837 
0.394412 0.833353 0.022587 
0.930388 0.238353 0.013205 
-0.306775 -0.837454 0.011343 
-0.781424 0.491908 -0.027193 
0.990806 -0.033585 0.001275 
0.786330 -0.466662 0.026803 
-0.974540 -0.176514 -0.006258 
-0.418789 0.792593 0.026699 
0.276454 -0.893714 -0.027132 
0.849283 -0.524947 0.020448 
-0.475781 -0.810024 0.006332 
0.796873 0.522973 0.007700 
0.954490 0.160206 -0.027193 
-0.326160 -0.870239 -0.027193 
-0.449234 -0.844476 -0.027193 
-0.632295 0.684172 -0.027118 
-0.835781 -0.405896 -0.027193 
-0.536546 -0.722427 0.026803 
-0.448951 0.803475 0.025451 
-0.034297 0.935859 -0.027193 
0.210473 0.974880 0.020606 
0.990192 0.125554 0.011753 
-0.988917 0.117678 0.003649 
-0.632844 0.723975 0.014201 
0.948399 -0.281571 -0.010810 
0.534269 -0.838040 0.002178 
-0.077696 0.961899 0.023373 
-0.962237 0.232364 -0.004952 
0.071450 -0.921788 0.022455 
-0.080415 -0.932835 0.007642 
-0.838470 -0.367187 0.026803 
-0.925365 -0.095709 0.011246 
0.234475 0.958484 -0.025087 
0.802676 -0.547031 0.026707 
0.950021 0.010778 -0.027193 
-0.279070 0.948376 -0.012368 
-0.170177 0.934353 -0.027181 
0.715138 0.632279 0.008411 
0.272337 0.956986 0.004022 
-0.828262 -0.543953 -0.005291 
0.756373 -0.570255 0.005386 
0.181371 -0.919525 -0.027193 
-0.586930 -0.804202 0.026348 
0.333785 -0.941970 0.012052 
-0.186255 0.971199 -0.007998 
0.858291 -0.493183 -0.007584 
-0.159062 0.890852 0.026743 
0.889749 0.135004 -0.024413 
0.093560 0.921325 -0.027193 
-0.232222 -0.866650 0.002089 
-0.605378 -0.698428 0.022751 
-0.031615 0.897785 -0.006358 
-0.796382 0.484517 0.009279 
-0.158919 -0.927618 0.005933 
-0.273138 0.945033 0.026803 
-0.920100 -0.295163 0.021847 
-0.519605 -0.826373 0.026784 
-0.853926 0.463295 -0.027161 
0.447020 0.891744 0.015324 
0.746411 -0.609027 -0.027193 
-0.999387 -0.002608 0.018899 
-0.269469 -0.953514 -0.012436 
0.878285 0.185069 0.000756 
0.382605 -0.837036 0.026299 
-0.791279 -0.481031 0.020963 
-0.086054 -0.969981 -0.027193 
-0.254272 0.852669 0.019650 
-0.883575 -0.172991 -0.005161 
0.731392 0.570497 0.014782 
-0.573722 0.702678 0.026802 
-0.654138 0.619262 -0.024912 
-0.732885 0.577687 0.008449 
0.654003 0.616314 -0.002416 
0.614655 -0.660979 -0.025793 
-0.326300 0.938782 0.002896 
-0.879941 -0.374242 -0.027193 
-0.811206 0.379635 0.026642 
-0.954430 -0.210670 0.026775 
-0.496069 -0.782972 0.016963 
-0.688324 -0.674775 0.015697 
0.919731 -0.177761 0.006573 
-0.394639 -0.891846 0.026789 
-0.438085 0.886892 -0.014616 
-0.612022 -0.743761 -0.027193 
-0.714705 -0.627304 -0.027193 
-0.542232 0.756847 -0.027193 
-0.584976 -0.683320 0.000508 
-0.697397 -0.716009 0.022005 
-0.012901 0.944656 0.005367 
-0.370042 0.892528 0.023704 
0.971268 -0.206310 0.002091 
-0.365409 -0.860670 -0.027193 
-0.174461 -0.900693 0.026803 
-0.277153 -0.882989 0.020132 
-0.922654 0.344497 -0.026925 
-0.905453 -0.128962 -0.027193 
0.908971 0.098296 0.026789 
0.008295 0.997279 0.007310 
-0.900884 -0.246771 0.008715 
0.445588 0.812054 -0.027193 
0.543450 -0.797009 -0.027185 
0.150377 0.964305 0.026803 
-0.870589 -0.477663 0.001352 
-0.991527 -0.030741 0.000847 
-0.962509 0.122273 0.026158 
0.041548 0.965778 0.024954 
0.388277 0.918217 0.023251 
0.827805 -0.370453 0.026747 
0.479744 -0.797219 -0.027193 
-0.843348 -0.456960 -0.027193 
0.507300 0.751363 -0.027193 
0.514500 -0.740189 -0.024470 
-0.393622 0.857648 0.005367 
-0.484005 0.768314 0.026777 
0.868490 0.436770 -0.027193 
0.669409 -0.692393 0.014842 
-0.643650 0.663942 0.018303 
0.569087 -0.697673 -0.009532 
-0.354445 -0.819231 0.006467 
-0.751210 0.645284 -0.000462 
0.513707 -0.768819 -0.027193 
-0.235373 0.959195 0.026803 
0.287962 0.916457 0.013619 
-0.938490 0.211125 0.014820 
-0.826707 0.516169 0.026785 
0.772088 0.459887 -0.016975 
-0.796305 0.581854 0.026796 
0.855956 0.273811 -0.021849 
0.596321 0.756293 -0.027193 
0.494528 0.817710 0.008889 
0.948782 -0.128171 -0.027193 
0.922318 -0.086349 0.014607 
-0.835052 0.436617 0.005367 
0.183923 0.917557 0.006691 
-0.873380 -0.189518 0.025361 
-0.395444 -0.834851 -0.027193 
-0.948034 -0.300007 0.002427 
-0.673860 0.736127 0.018170 
0.909949 0.280969 -0.027193 
-0.329835 -0.865128 0.019340 
0.914406 -0.325176 0.026246 
0.893990 0.351665 0.013900 
0.645174 -0.691645 -0.027193 
0.578860 0.737159 0.006261 
0.876945 0.245374 0.026769 
0.841422 0.518739 -0.004068 
0.916537 -0.144968 -0.027192 
0.819284 -0.455936 0.006416 
-0.290138 0.850622 -0.001729 
0.954165 -0.001910 0.007590 
-0.881510 -0.256601 0.026803 
0.526955 -0.719059 0.022715 
-0.913318 -0.179110 -0.027193 
0.895709 0.136395 0.026746 
-0.487141 -0.754986 0.026803 
0.946452 0.048540 0.005605 
0.775921 -0.516783 -0.027078 
-0.574560 0.802143 0.026777 
-0.066532 0.986540 -0.021475 
0.102996 -0.948279 0.006792 
-0.720928 0.678592 -0.000302 
-0.987331 -0.083599 -0.000858 
-0.360835 -0.922838 -0.003612 
-0.862565 -0.449676 0.026801 
0.728115 0.516110 0.003846 
-0.625123 0.777623 0.007628 
0.054977 0.922625 0.017511 
0.811800 0.384941 -0.003309 
0.453274 -0.890434 0.021134 
0.718427 0.691772 0.019920 
0.925110 0.306720 0.026803 
-0.983356 -0.117034 -0.016367 
0.552457 0.819882 -0.017711 
-0.972005 -0.053186 0.026788 
-0.772042 0.446614 0.004928 
-0.695838 -0.599494 0.026803 
0.007232 -0.990906 -0.006928 
-0.902127 -0.293888 -0.027193 
0.694089 0.612127 -0.027193 
-0.717535 -0.683082 -0.010068 
-0.863476 0.253132 -0.013490 
0.742502 -0.508095 -0.003557 
0.876346 -0.363544 0.005797 
-0.006007 -0.900814 -0.014477 
0.838051 -0.319599 0.026771 
-0.055331 -0.920660 -0.027193 
0.970397 0.117586 -0.027193 
-0.954625 0.255542 -0.025530 
0.897307 -0.099799 -0.026764 
0.278152 0.870111 0.026788 
-0.114406 -0.984249 -0.003136 
0.065475 0.907781 -0.027193 
-0.171771 0.949327 0.022009 
0.808461 0.426001 0.026789 
-0.976973 0.207826 0.011483 
0.353877 0.825962 -0.019698 
-0.491653 -0.867388 0.025871 
0.058300 -0.965584 -0.027105 
0.677072 -0.672255 -0.027162 
0.687370 0.578510 -0.000557 
0.644495 -0.616193 0.023157 
0.093606 0.884849 0.022827 
0.365787 -0.900680 0.026697 
-0.756318 -0.500913 0.026754 
-0.325097 -0.907480 -0.027193 
-0.136932 0.919050 0.011143 
-0.842969 0.519741 -0.000268 
-0.627856 -0.758882 0.026738 
0.888299 -0.436684 -0.019817 
0.188066 0.971828 0.000126 
0.766828 -0.471007 -0.018412 
0.200815 0.874868 0.026705 
0.890396 -0.292194 0.006486 
0.957726 0.044859 -0.027193 
0.744126 -0.547878 0.020793 
0.767339 0.626735 0.001300 
-0.878607 0.294666 -0.027171 
-0.690711 -0.578088 -0.005401 
-0.834405 0.525476 -0.026444 
0.879503 -0.188484 -0.014708 
-0.907547 -0.349007 0.026803 
-0.908531 0.413824 0.019919 
-0.830677 0.440327 -0.027175 
-0.019176 -0.943868 -0.027193 
-0.586080 0.760374 0.012287 
-0.037778 -0.933860 0.008543 
-0.882109 -0.192808 -0.025928 
0.256807 0.860854 -0.007857 
-0.758537 -0.644412 0.026477 
-0.911401 0.137660 0.025189 
-0.882824 0.465977 0.021766 
0.091994 0.966266 -0.027193 
0.989292 -0.007988 -0.008464 
0.942108 0.123358 0.006205 
0.951376 -0.218491 0.026722 
0.885161 0.393781 -0.027193 
-0.352656 -0.879429 0.005367 
-0.429836 -0.784743 0.025933 
0.681198 0.675192 -0.027193 
0.822852 -0.533508 -0.027078 
-0.959692 0.032319 -0.027133 
0.944683 -0.313314 0.003422 
-0.848884 -0.301263 -0.005788 
-0.687906 0.667346 -0.027193 
0.782961 -0.569734 -0.027137 
-0.746287 -0.614453 -0.027193 
0.849163 0.398275 0.006090 
-0.094924 -0.895077 0.000084 
0.058664 -0.893729 0.003173 
0.351745 -0.927747 0.026699 
-0.347740 0.853491 -0.027137 
0.138708 -0.954969 -0.027129 
-0.866524 0.408452 0.013235 
0.916244 -0.373802 -0.021511 
0.987639 -0.057682 -0.010665 
-0.890324 0.131695 -0.002203 
-0.551256 0.805880 -0.027193 
-0.640535 0.626028 0.002006 
0.630018 0.752679 -0.027193 
0.960856 -0.160460 0.026745 
0.496767 -0.866986 0.007225 
0.099230 0.953424 0.011327 
0.677957 -0.721421 -0.005233 
-0.888109 -0.074375 0.017413 
0.449848 0.836458 0.006232 
-0.933084 -0.023201 -0.027193 
-0.200861 0.875845 -0.021280 
-0.678134 -0.669182 -0.027193 
-0.876576 0.411255 -0.027117 
0.907485 -0.313128 -0.027114 
0.141317 0.944477 -0.027193 
-0.127444 -0.891867 -0.009066 
0.888787 0.231197 -0.027193 
-0.742356 -0.602631 0.008098 
0.913863 -0.013415 0.026798 
-0.887815 0.270944 0.012747 
-0.761353 -0.481022 -0.014477 
-0.036863 -0.984397 0.026737 
0.619672 0.725202 0.007978 
0.790202 -0.523998 0.006252 
-0.923621 -0.357406 -0.017657 
0.891323 -0.081532 0.026688 
-0.858597 0.340072 0.021807 
0.401867 0.858545 0.005781 
0.792490 0.404604 0.016487 
0.440336 0.852563 -0.027193 
0.059834 0.888309 0.006511 
0.323984 0.837750 -0.003348 
-0.760866 -0.535492 0.017758 
-0.261866 -0.890767 -0.027193 
0.401556 -0.864837 -0.027131 
0.937586 0.267741 0.026803 
0.761442 -0.632207 -0.003811 
-0.844795 0.466394 0.020642 
0.068048 0.995377 0.010141 
0.624211 0.646807 -0.023548 
0.347960 -0.830450 -0.004728 
0.152846 0.876031 0.015851 
0.126109 -0.893717 0.026725 
0.968182 0.063385 0.026564 
0.346465 0.910804 0.026803 
0.833267 0.320628 0.026052 
-0.514092 -0.792225 -0.027193 
0.423733 -0.789562 0.026491 
0.728493 -0.670032 -0.016482 
0.776416 -0.440655 0.025319 
-0.459049 -0.853735 0.025318 
-0.867560 -0.332783 -0.027193 
-0.960062 -0.243056 -0.020181 
-0.845510 -0.510354 0.026724 
-0.894616 0.228318 -0.027137 
-0.952756 -0.126692 -0.027193 
0.840629 -0.295434 0.007025 
-0.600562 0.786146 -0.020295 
0.201356 -0.916601 0.006535 
-0.382028 -0.815633 -0.009043 
-0.845098 0.304846 0.000769 
0.138548 0.971458 -0.027193 
-0.726223 -0.555851 0.026803 
-0.935953 -0.269930 -0.027193 
0.773641 0.509190 0.015747 
0.285903 -0.956947 0.023082 
-0.921125 0.385990 0.021730 
-0.254055 0.904159 -0.027184 
-0.407424 0.801442 -0.018927 
0.761446 0.601647 0.026803 
-0.646923 -0.706581 0.008966 
0.467523 -0.842740 0.015545 
0.515196 0.801827 -0.027193 
0.837292 0.541510 0.022626 
0.279015 -0.855960 -0.007947 
0.962458 -0.080077 0.022888 
0.605572 -0.665860 -0.001219 
0.582643 0.722015 -0.027193 
-0.788688 -0.588155 -0.027193 
0.829969 0.496090 0.024962 
0.116326 0.928691 0.006635 
-0.504800 -0.745939 -0.017998 
0.418544 0.876254 -0.027193 
-0.311706 0.898664 0.006519 
0.600242 -0.761521 0.025987 
-0.148482 0.967629 0.026803 
-0.858640 -0.360066 0.011644 
-0.656161 0.601898 0.020959 
-0.919653 -0.032553 0.026310 
-0.234887 -0.962414 -0.016836 
-0.360327 -0.845744 0.026725 
-0.399553 0.914180 0.012888 
-0.652210 -0.613821 0.003227 
-0.868095 -0.233103 0.000821 
-0.620300 0.655878 0.026697 
0.836746 0.380225 -0.027193 
0.760818 0.482053 0.026720 
0.348169 0.924836 -0.008640 
0.539778 0.753940 -0.027193 
-0.906122 -0.165755 0.025963 
-0.833358 -0.316350 0.014772 
-0.370545 0.817299 0.000726 
-0.900554 -0.412259 -0.013020 
-0.248786 0.935902 0.026183 
-0.962883 -0.246299 0.026691 
-0.298706 0.867982 0.026431 
0.898657 -0.434279 0.006407 
0.971287 0.200666 0.026803 
0.412428 0.900419 0.000992 
-0.539006 -0.720848 0.000142 
-0.865751 0.496294 0.005820 
-0.577813 0.688864 -0.010114 
0.668732 0.708845 0.026803 
-0.394784 -0.837586 0.018962 
0.864301 0.451472 0.026803 
0.571420 0.720439 0.025843 
0.339484 0.937697 0.013689 
0.988718 -0.088470 0.002113 
0.781403 0.563366 0.018957 
-0.926957 -0.180121 0.005367 
0.029525 -0.890974 0.013742 
0.568684 -0.808472 -0.024802 
0.615739 0.693226 0.012622 
-0.474228 -0.825129 -0.027193 
-0.990405 -0.007046 -0.009493 
0.803143 0.576329 -0.002716 
-0.753352 0.605116 0.022824 
0.647324 0.651634 0.026260 
0.682044 0.647383 0.005641 
0.063361 0.967019 -0.027193 
0.384570 0.839204 -0.027193 
0.879379 0.335358 -0.027193 
0.937946 -0.246672 0.026250 
0.082530 -0.895192 0.026761 
0.923816 0.349695 0.026803 
-0.894353 -0.101587 -0.018708 
0.039264 0.989226 0.000530 
0.930030 0.168315 -0.027193 
-0.989393 0.035230 -0.011066 
0.827335 0.396058 0.026616 
-0.192722 0.907704 -0.027113 
0.567103 -0.801126 0.026799 
0.212058 0.871024 0.000933 
0.726588 -0.572569 -0.027177 
0.969657 0.012020 0.026606 
-0.101858 -0.944992 -0.027193 
-0.267383 -0.963334 0.021198 
-0.949093 0.280927 -0.006079 
0.902447 0.197930 -0.027193 
0.248623 0.865413 0.026719 
-0.730450 -0.570701 -0.027193 
-0.621377 -0.688047 -0.027193 
0.708091 -0.582927 0.026790 
-0.685456 0.681534 0.023738 
0.960563 -0.264951 0.004359 
-0.984270 -0.140841 0.002350 
-0.879927 -0.319870 0.008420 
-0.940972 -0.182332 -0.027193 
-0.334202 0.858117 0.024989 
0.956975 0.259276 0.001236 
-0.066227 0.896309 -0.012179 
-0.189562 0.904337 0.018997 
0.894540 -0.365849 0.023550 
-0.251841 0.912520 0.005377 
-0.519146 -0.842618 -0.024142 
-0.045946 0.908693 0.026768 
0.839797 0.453285 0.008330 
-0.103745 0.916561 0.022151 
-0.797867 -0.531392 -0.027193 
0.631996 0.711326 -0.027193 
-0.549423 -0.782190 0.007735 
-0.241752 -0.936229 0.022213 
-0.587925 -0.797597 -0.004461 
0.624395 -0.746524 0.026803 
-0.745345 0.547612 0.017334 
-0.436938 -0.848198 0.006795 
0.345529 -0.897622 -0.027193 
-0.673946 0.723943 -0.004151 
-0.941099 0.183577 0.011281 
-0.598021 -0.722753 0.006757 
0.349499 -0.864666 0.009548 
0.895979 0.033707 0.001223 
0.491720 0.827689 -0.027193 
0.880271 -0.243509 -0.027187 
0.239404 -0.925794 0.008166 
-0.873426 0.295465 0.024486 
-0.623135 0.651641 -0.025809 
0.745956 0.658962 0.025433 
0.636279 0.730560 0.026344 
-0.915857 0.157713 -0.027193 
-0.821316 0.413453 0.026392 
-0.929036 0.012658 0.012293 
0.897936 0.210787 0.022654 
-0.735814 -0.513327 0.002140 
-0.804380 -0.447491 -0.027193 
0.515187 0.850188 0.025971 
0.531854 -0.748249 0.026803 
0.913506 0.127040 -0.027193 
0.831074 -0.343883 -0.015385 
-0.122886 -0.916695 0.022097 
0.632228 -0.640244 -0.014916 
0.013901 -0.910310 0.026803 
0.888189 -0.064236 0.008196 
0.548831 0.763859 0.005480 
0.925712 -0.207477 -0.027143 
-0.909281 0.046794 0.026803 
0.874510 0.164842 0.021786 
-0.806219 -0.575494 -0.013751 
-0.755654 -0.641354 -0.001319 
0.387786 -0.911394 -0.003527 
0.564969 0.789352 0.026803 
-0.098594 -0.984513 0.026714 
0.220660 0.948473 0.026803 
-0.417031 -0.886404 -0.027193 
0.098057 0.990649 0.004643 
-0.825694 -0.360181 -0.005714 
-0.558223 0.827541 0.020077 
-0.873637 -0.386311 0.007705 
-0.035211 -0.899817 -0.000860 
0.707187 -0.702938 0.025247 
-0.623053 -0.653293 -0.025575 
-0.516884 0.760853 -0.027169 
-0.677891 -0.713503 -0.027193 
0.795742 -0.603797 0.015531 
0.867383 0.473982 -0.020045 
-0.772216 -0.556568 -0.027193 
-0.575048 -0.729022 0.014191 
-0.940821 0.212809 -0.027193 
-0.323398 0.859520 -0.027179 
0.638857 -0.690367 0.005871 
-0.943468 -0.093863 -0.027193 
0.312337 0.947315 0.015881 
-0.492985 -0.772791 -0.027193 
-0.909242 0.317128 0.017372 
-0.011151 -0.935362 0.008087 
0.357975 0.829543 0.026734 
-0.366796 -0.926618 0.026023 
-0.206198 -0.909279 -0.027193 
0.233548 -0.904531 -0.027146 
-0.711088 0.548210 0.000663 
0.885537 0.086951 0.018269 
0.202728 -0.893845 0.026783 
0.418732 0.798970 0.026803 
-0.849308 -0.273300 0.005669 
0.751386 0.535746 0.022467 
0.010092 -0.922996 -0.027174 
-0.994970 0.054140 0.003953 
-0.869328 0.219040 0.026762 
-0.888374 -0.145161 -0.006675 
-0.988072 -0.067148 -0.021896 
-0.916248 -0.396596 0.005513 
0.400681 -0.803689 0.026803 
0.586990 0.804029 0.024998 
-0.608539 0.700677 -0.027159 
-0.526675 0.834166 0.026727 
-0.580131 -0.689830 -0.023746 
0.819703 -0.368642 0.000311 
-0.847844 0.324262 -0.027193 
0.017264 0.964304 0.021244 
0.742156 -0.656058 -0.001538 
-0.890344 0.031898 0.009277 
-0.666262 -0.623829 -0.027193 
0.550365 -0.717526 -0.026926 
0.377599 -0.890560 -0.027183 
0.179390 0.943144 0.012853 
-0.837140 0.329118 -0.005425 
-0.691882 -0.650855 0.005777 
-0.359084 0.844028 0.026705 
0.440838 0.810406 0.021469 
0.900202 0.311535 -0.027193 
-0.913975 -0.315338 -0.027193 
0.286442 -0.869834 0.026766 
0.192313 0.878092 -0.023387 
-0.515688 0.803702 -0.027143 
0.702996 0.598282 0.021475 
-0.559171 -0.822068 0.026692 
0.153697 -0.889648 0.026778 
0.263941 0.953903 0.026803 
-0.890842 0.433268 0.026695 
0.718513 -0.648172 -0.027169 
0.913047 -0.204891 0.007039 
0.826295 -0.412582 0.021650 
0.270335 -0.930256 0.025106 
-0.232283 -0.892878 0.025063 
0.215272 0.965012 -0.001387 
-0.574613 -0.764980 -0.027193 
-0.441081 0.850557 -0.027134 
0.940271 -0.272264 0.026766 
-0.539398 -0.749688 -0.027193 
0.875646 0.199960 0.026706 
-0.802211 -0.403375 0.001488 
0.891177 0.268721 0.009677 
-0.729055 0.526729 -0.016191 
-0.396903 0.897484 -0.027191 
-0.966420 0.079938 -0.027100 
-0.331873 0.936532 0.026436 
-0.967167 0.172744 -0.027163 
-0.801005 -0.573005 0.026738 
-0.783921 -0.446740 0.026778 
0.959838 -0.174057 -0.027193 
-0.716073 0.623185 -0.027193 
0.431117 -0.899419 0.024964 
0.749129 0.645049 -0.007255 
0.945335 0.223833 -0.027193 
-0.515038 -0.850129 0.026692 
-0.646561 -0.649219 0.026803 
0.924958 0.074460 0.012362 
-0.903048 -0.129328 0.026803 
-0.840926 -0.540212 0.020703 
0.220869 -0.969627 0.002470 
0.714954 -0.687019 0.000618 
0.640981 0.685057 0.006104 
0.659543 0.628221 0.026773 
0.754019 0.495897 -0.026820 
-0.732961 0.522374 0.026793 
-0.964690 0.073917 0.023177 
0.426079 0.829569 -0.027193 
-0.614478 0.741634 -0.027193 
0.804774 0.466713 -0.027193 
-0.586740 0.781416 0.026783 
-0.857535 -0.496889 -0.004797 
0.680620 0.701676 -0.027193 
0.777732 0.459431 0.026733 
-0.226678 -0.928198 -0.027193 
-0.887638 -0.096860 0.004515 
-0.898516 -0.058276 -0.003798 
-0.233424 0.894452 0.017457 
-0.126417 -0.967567 0.026788 
0.015364 -0.953758 0.006786 
-0.912795 0.061618 -0.027180 
-0.418702 -0.797833 -0.010221 
-0.698615 0.604511 -0.027193 
-0.285294 -0.847529 0.025560 
-0.792808 0.420519 0.001173 
-0.619805 -0.646290 0.026348 
-0.227847 -0.878040 -0.027193 
-0.975989 -0.199626 0.003509 
0.574617 -0.728855 0.013779 
-0.479123 0.818454 0.005793 
0.658746 -0.634428 -0.027108 
0.877352 -0.149809 0.013208 
-0.120449 0.881899 0.007882 
-0.701047 0.613923 0.009030 
0.909926 0.070584 -0.027193 
0.316614 0.854237 -0.027193 
0.833811 0.337902 -0.024516 
-0.673786 -0.734229 0.025998 
0.538991 0.718534 -0.001554 
-0.914432 0.264423 0.006464 
-0.339839 -0.834084 -0.005063 
0.990307 0.098696 0.003883 
0.309982 0.834045 0.022687 
-0.777037 0.522068 0.006861 
-0.253709 0.955902 -0.014198 
0.961238 -0.215220 -0.026815 
0.327223 -0.878866 0.006694 
-0.963883 -0.151519 0.026784 
0.598573 0.763427 0.026719 
0.649248 -0.752785 0.002262 
-0.176116 -0.943331 0.010308 
0.918633 0.364957 -0.022117 
0.558778 -0.758920 -0.027136 
-0.474909 0.852195 -0.027098 
-0.550431 0.734630 -0.027193 
-0.450211 0.889297 0.005572 
0.018557 -0.987016 0.026726 
0.297750 -0.918532 -0.027165 
0.340217 -0.824074 0.022231 
-0.663932 0.659199 0.007127 
0.487841 -0.824788 -0.027193 
0.452747 0.789527 -0.027193 
0.731019 0.598719 -0.027193 
-0.522370 -0.753354 0.026801 
-0.668715 -0.686108 0.008987 
-0.912664 -0.252029 -0.027193 
-0.690706 -0.710497 -0.005762 
0.602688 -0.697474 -0.027141 
0.673982 -0.737136 0.019033 
-0.871161 -0.453162 -0.027193 
0.863337 -0.231433 0.026119 
-0.826939 -0.442977 0.006540 
-0.188912 -0.871636 0.017512 
-0.651906 -0.746619 -0.008966 
-0.899384 -0.032879 -0.006005 
0.236065 -0.948115 0.026803 
0.929980 -0.003127 0.010655 
-0.284444 0.928386 -0.027136 
0.884315 -0.114581 0.005022 
-0.469473 -0.773168 -0.026553 
0.809119 -0.477475 -0.027078 
0.925704 0.097786 0.009566 
-0.936990 0.329838 0.002102 
-0.857251 -0.380323 -0.027193 
-0.863427 0.276744 -0.027143 
-0.941881 -0.135612 0.006261 
-0.530403 -0.801973 0.012032 
0.401165 0.807586 -0.026544 
-0.793547 -0.481304 -0.027193 
0.866595 -0.372507 -0.027134 
0.886110 -0.407587 -0.027181 
0.059384 0.947301 0.006064 
0.709997 0.674753 -0.027193 
-0.740604 0.665743 0.003991 
-0.361387 -0.914616 -0.027193 
0.848730 0.300066 -0.024581 
-0.785964 0.601734 -0.006802 
-0.761887 0.490871 0.026794 
-0.694417 -0.595963 -0.027193 
0.534214 -0.832989 0.026719 
0.601482 0.667271 -0.002831 
0.241051 -0.889338 0.025523 
-0.076534 -0.909081 0.026803 
0.092847 -0.927569 0.010315 
0.187485 -0.942032 -0.027193 
-0.213673 0.950706 0.026803 
-0.549839 -0.824803 -0.005275 
-0.679765 0.583900 0.001740 
0.834579 -0.540525 0.002739 
0.944667 -0.174813 0.015330 
0.541162 -0.760166 0.009087 
-0.965989 -0.218086 -0.011530 
0.294380 0.936230 -0.027193 
-0.980586 0.028509 0.026755 
0.424373 0.852820 0.007346 
-0.916710 0.373542 -0.019448 
0.932242 0.252229 -0.027193 
-0.541419 0.717522 -0.006048 
0.772038 0.566612 -0.027193 
0.360905 -0.922819 -0.000972 
0.749886 -0.625254 0.026803 
0.597700 -0.789811 -0.004255 
0.972667 -0.223728 0.019089 
0.901520 0.160800 0.026797 
-0.540577 0.772839 0.005367 
0.506436 0.847073 -0.024922 
0.705251 0.555633 0.026706 
0.468344 -0.872534 -0.003855 
-0.858825 0.360067 0.010063 
0.915408 -0.393090 0.004088 
-0.368047 0.906075 -0.027185 
0.652503 0.754526 0.020326 
0.884488 -0.453669 0.002578 
0.501092 -0.828942 0.025294 
-0.957098 -0.156717 -0.027193 
-0.564739 -0.804985 -0.027193 
0.503956 -0.809901 0.006988 
-0.664963 -0.650173 -0.027193 
0.174363 0.875639 0.026048 
0.008294 -0.977113 -0.027177 
0.198725 0.924894 -0.027193 
-0.802265 0.407291 -0.016198 
0.902045 -0.198976 -0.027106 
-0.399173 0.850325 -0.027130 
0.715696 0.682435 -0.001015 
0.515033 -0.853264 0.004059 
0.149956 -0.950773 0.013247 
-0.871625 0.316629 -0.027193 
0.917906 0.034190 -0.027193 
0.708193 -0.540288 0.008184 
0.327315 0.919746 -0.027193 
0.858615 -0.321294 -0.027180 
0.509827 0.729018 0.009170 
-0.898730 -0.301628 0.005367 
0.867714 -0.342629 -0.027168 
-0.931170 0.300084 0.026768 
0.094220 0.976333 0.026803 
0.795728 -0.413180 0.026741 
0.949240 0.300619 0.025150 
-0.598748 -0.769312 0.026792 
-0.546316 -0.704676 0.014703 
0.990109 0.013297 0.000090 
-0.414552 -0.843215 0.006282 
-0.885080 0.102357 0.016683 
0.654604 -0.655507 0.016116 
-0.255129 -0.888111 0.023918 
0.387874 0.909164 -0.005648 
0.126864 0.989321 0.007342 
0.653893 0.660572 -0.027193 
0.063817 -0.969075 0.026383 
0.848515 -0.444767 -0.027126 
0.827828 -0.537649 0.026775 
0.780315 -0.492113 -0.027078 
-0.708298 -0.574719 0.026803 
0.925334 0.047002 0.014241 
0.228437 -0.939564 -0.027193 
-0.122053 0.987917 0.025368 
-0.918184 0.192348 0.006467 
-0.146149 -0.983828 0.026688 
-0.947140 -0.188231 0.019465 
-0.935426 -0.044437 0.007031 
0.010060 -0.895810 0.002904 
-0.713850 0.588897 0.016692 
0.986686 -0.129166 0.003359 
-0.356895 0.912280 0.026776 
-0.032038 -0.894474 0.026242 
-0.995032 -0.088673 0.019937 
0.040655 -0.899593 -0.012894 
-0.891452 -0.228538 -0.027193 
0.723267 0.566565 -0.027193 
-0.689260 0.583850 -0.026817 
-0.339427 -0.851843 -0.027193 
0.623788 0.773943 0.003426 
-0.765929 -0.512641 -0.027193 
0.183045 -0.872800 0.009879 
-0.792819 -0.423973 0.000768 
-0.954047 0.269686 0.026776 
0.472689 -0.780627 0.026803 
-0.246325 0.864528 -0.004285 
-0.889815 -0.205029 0.026803 
0.089852 -0.986531 -0.005597 
0.616111 0.647542 0.026461 
0.890691 0.123221 -0.005126 
-0.026211 0.914733 -0.027193 
-0.583550 0.738701 0.005403 
0.677496 0.679616 0.012581 
0.361867 0.812543 0.009419 
0.884061 -0.163832 -0.007732 
0.013850 0.956215 -0.027193 
-0.636682 0.747123 -0.027193 
0.000866 0.928088 0.012132 
0.729589 0.643486 0.026803 
0.163253 -0.885505 -0.004541 
0.782940 -0.592290 -0.027177 
-0.801614 0.595053 0.009023 
-0.891806 -0.373367 0.022155 
0.892979 0.323291 0.006212 
0.874435 0.207125 -0.001630 
0.384217 0.889200 -0.027193 
0.382603 -0.809913 0.002582 
-0.865760 0.486436 0.026726 
-0.314292 -0.939923 -0.011932 
0.922057 -0.265164 -0.027169 
-0.864030 0.267477 0.026803 
-0.416440 -0.826923 -0.027193 
-0.911839 0.272927 -0.027146 
0.126343 0.899596 0.026759 
-0.989401 -0.060358 -0.000570 
-0.057299 -0.944420 0.005367 
0.859817 -0.508124 0.009052 
-0.750886 -0.496979 -0.000662 
0.780771 -0.445484 0.000156 
0.255361 -0.956526 -0.023982 
-0.541042 0.747025 0.023303 
0.433455 -0.787727 0.000446 
0.985346 0.070245 -0.024677 
-0.511525 0.829169 -0.027122 
-0.246288 0.867870 -0.026384 
0.062656 -0.997049 0.023807 
-0.329667 0.917200 -0.027118 
-0.475069 0.799439 -0.027078 
-0.715388 -0.532021 0.018375 
0.408034 -0.902292 -0.005920 
0.981011 -0.044629 0.026721 
-0.873334 0.238428 -0.027087 
0.039751 -0.922977 0.023602 
-0.507430 0.778549 0.011336 
-0.315765 -0.948590 0.021686 
0.899941 -0.357982 -0.027182 
-0.815370 0.421591 -0.027181 
0.480530 -0.752719 0.004370 
-0.416418 0.844910 0.005367 
0.667683 0.737244 0.003762 
-0.189612 -0.929656 -0.027193 
-0.967842 -0.055146 -0.027193 
-0.315012 0.847021 0.026779 
-0.772098 -0.463991 -0.005043 
-0.986672 0.081259 -0.015969 
-0.922754 -0.256440 0.008953 
0.292343 0.882573 -0.027193 
-0.793149 0.453658 0.026715 
-0.611658 -0.780442 -0.000817 
-0.523102 0.729030 0.001024 
0.733254 0.519750 -0.017463 
0.259179 0.932492 -0.027193 
-0.776238 0.627496 0.011636 
0.784797 -0.547938 0.013608 
0.915787 0.119195 0.020671 
-0.457350 0.842242 0.010757 
-0.914596 -0.210387 0.006390 
-0.899892 0.015852 -0.006488 
0.809206 0.472809 0.006344 
-0.896380 0.191676 -0.027193 
-0.749850 -0.554532 0.015378 
0.414737 0.869977 0.019678 
-0.702196 0.697212 -0.015411 
0.523293 0.838329 -0.008137 
-0.961137 0.042847 0.014294 
-0.014385 0.969864 -0.027193 
0.255532 0.916872 0.006826 
0.717855 0.537989 0.000607 
-0.882843 -0.455592 0.001682 
0.151822 -0.978852 -0.008543 
0.740783 0.611851 0.014348 
0.798816 -0.502660 0.005367 
-0.634013 -0.769367 0.003998 
-0.426866 0.884924 0.026786 
0.456349 0.795633 0.026570 
-0.948074 -0.307151 0.025777 
0.906979 0.259160 -0.027193 
0.702771 -0.561260 0.000132 
-0.695557 0.702963 0.026791 
0.702961 0.559696 -0.018107 
0.614653 0.692884 -0.027193 
0.257445 0.954675 -0.012394 
-0.919999 -0.057587 -0.027193 
0.860778 -0.387447 0.005367 
-0.299925 -0.849671 -0.006211 
-0.646409 -0.669301 0.013892 
0.499139 0.863866 0.019976 
0.837928 0.520177 -0.025661 
0.196315 0.898283 0.025952 
-0.227161 -0.869321 0.026803 
0.539660 0.833168 0.026539 
0.902258 -0.315669 0.010689 
-0.332517 0.837253 -0.025849 
0.892327 0.365470 -0.027193 
0.894705 -0.146683 -0.027154 
0.917555 0.370899 -0.000633 
-0.635987 0.635424 -0.018652 
0.916289 0.010026 -0.027193 
0.996263 0.023451 0.024364 
0.858033 -0.473563 -0.027110 
-0.210138 0.915079 0.005960 
-0.399784 -0.815771 0.026748 
0.112315 0.891459 -0.008521 
0.866389 -0.278821 0.026766 
0.655049 -0.744784 0.026803 
0.145099 -0.980015 0.026708 
0.829106 -0.432948 0.007593 
-0.381070 0.807409 0.025828 
-0.981350 0.132830 -0.010119 
-0.361026 0.930000 0.012069 
-0.807626 0.571352 -0.014971 
-0.948989 -0.283037 -0.015622 
-0.669073 0.652146 -0.027177 
0.500377 0.773632 -0.027193 
-0.904893 0.119056 -0.027183 
-0.371320 -0.890107 -0.027193 
0.078181 -0.937238 -0.027143 
-0.853069 0.285922 -0.006468 
-0.177758 -0.982275 0.004940 
0.254441 -0.966776 0.009571 
-0.983439 0.174030 0.019241 
0.109790 -0.970707 0.026780 
-0.933658 -0.338189 0.026772 
-0.093955 -0.986124 -0.014992 
0.680306 0.628912 -0.027193 
-0.265087 0.885455 -0.027164 
-0.970334 0.158223 0.026743 
-0.219563 0.871269 -0.009830 
0.802868 -0.435937 -0.027078 
0.882840 0.464141 0.016963 
0.845248 0.380361 0.017691 
-0.616841 -0.722605 -0.027193 
0.864411 0.246742 -0.005488 
-0.661813 -0.698345 -0.027193 
0.743130 -0.604134 0.010115 
-0.770720 0.574546 -0.027114 
0.866834 -0.414515 0.016234 
0.237064 -0.868893 -0.003433 
0.841798 0.288510 0.017552 
0.712632 -0.627355 -0.027164 
-0.126122 0.889941 -0.011379 
0.236228 0.861154 0.003416 
0.538456 -0.802054 0.021506 
-0.990158 0.116126 0.025172 
-0.809917 -0.546364 0.026781 
0.583094 0.798068 -0.007980 
-0.058934 0.931280 -0.027193 
0.328248 -0.907112 0.016648 
-0.213845 -0.967480 -0.003593 
0.640291 -0.736354 -0.027182 
-0.108599 0.921316 -0.027193 
-0.971863 0.190788 -0.003217 
-0.339360 -0.920372 0.026759 
0.859485 0.503057 0.004669 
0.323017 -0.830640 0.011073 
-0.617913 0.683209 0.024745 
0.277617 -0.893505 0.007907 
-0.945585 -0.090693 0.005925 
0.291598 0.947713 0.001865 
0.880890 0.180472 -0.021540 
0.620168 -0.731017 0.009943 
-0.012623 0.997442 0.016691 
0.580638 0.770948 -0.027193 
-0.468581 -0.758939 0.010233 
-0.931764 0.158570 0.005367 
0.303167 0.858158 0.026768 
-0.169851 -0.975919 -0.020017 
0.431435 -0.886440 -0.027016 
0.844594 0.356209 -0.027193 
0.679478 -0.617829 0.026712 
-0.915511 -0.370505 0.026739 
-0.811232 0.530896 0.025802 
0.928054 -0.063554 0.010725 
-0.951497 0.140127 0.013906 
0.922180 -0.328658 -0.027108 
-0.787540 -0.601739 -0.004910 
-0.269994 -0.862400 0.026803 
0.904081 -0.186089 0.022829 
-0.863612 -0.254860 -0.015121 
0.636882 -0.624772 0.005130 
0.857149 0.418005 0.007858 
-0.043473 -0.965251 0.019965 
0.730028 -0.538646 -0.027112 
-0.373123 0.884533 -0.027159 
0.217701 0.906180 -0.027193 
0.759936 0.558704 0.005367 
-0.918130 -0.114073 0.019343 
0.676034 -0.586265 0.002928 
0.892360 -0.120385 -0.024345 
-0.060472 0.987507 -0.001072 
0.633337 0.761117 0.026803 
0.138717 0.887580 -0.001412 
-0.279792 -0.923598 0.016671 
-0.890444 0.064041 0.004929 
0.266937 0.875066 -0.027193 
0.171679 -0.979885 0.026590 
-0.853924 -0.307350 0.026803 
0.816276 -0.560587 -0.001359 
-0.821355 -0.497963 -0.027193 
0.155502 -0.941570 -0.027176 
0.129676 -0.941571 0.005847 
-0.472303 0.868631 -0.011781 
-0.149205 -0.958298 -0.027193 
0.872011 0.350730 0.005631 
-0.857650 -0.401512 -0.027193 
-0.596416 -0.728253 -0.027193 
0.079382 -0.896999 -0.004218 
-0.691734 0.579095 0.026797 
0.314045 -0.939696 -0.009482 
0.760995 0.644736 0.010423 
-0.810204 0.445611 -0.027193 
-0.630981 -0.692816 0.007192 
-0.243753 -0.963280 0.026694 
-0.834904 -0.337221 -0.021702 
0.811849 0.563884 -0.017381 
0.085336 -0.957100 -0.027114 
0.974694 0.190693 0.002358 
0.934225 -0.036269 -0.027193 
-0.779878 0.447978 -0.018718 
-0.659150 0.625656 0.026787 
-0.165399 0.974682 -0.004614 
0.935218 -0.302597 0.026803 
-0.478427 0.859020 0.026738 
-0.892364 0.086918 0.001897 
0.697496 -0.647050 -0.027145 
0.824302 -0.479083 0.010949 
0.885100 -0.420766 0.026803 
-0.795331 0.410856 0.026459 
-0.201179 0.977291 0.010365 
-0.550163 0.725494 0.026743 
-0.205206 0.866227 0.005994 
0.945503 0.233091 0.026803 
-0.149284 -0.882244 0.026025 
0.287295 0.889425 0.007249 
0.937712 -0.231548 -0.027168 
-0.755524 -0.586287 0.008141 
0.947389 -0.120890 0.008301 
0.839963 -0.384878 -0.027106 
-0.898841 0.291319 0.005367 
0.984630 0.154916 0.023840 
-0.654518 0.700877 0.011009 
0.695860 -0.654229 0.007790 
-0.352646 0.877136 0.005367 
0.665142 -0.719385 0.026803 
0.630617 -0.763253 -0.005065 
0.978723 -0.048483 -0.027193 
-0.917450 0.318882 -0.027193 
0.453045 0.765388 0.011159 
-0.269113 -0.859746 -0.022610 
-0.425661 0.792634 -0.024082 
0.361750 0.885850 0.009983 
0.788132 0.431353 -0.000954 
-0.220878 0.932384 -0.027157 
0.897265 0.012882 0.000854 
-0.980392 0.000898 0.026715 
-0.783770 0.558062 0.014689 
0.861280 0.377766 -0.027193 
0.033736 0.945551 -0.027193 
0.763740 -0.548406 0.005874 
-0.190501 0.964324 -0.027181 
0.961869 0.082974 0.023499 
0.597386 0.749457 0.011345 
0.863226 -0.319791 0.025572 
-0.731951 0.557018 -0.027172 
0.544215 0.721217 -0.027053 
0.967597 -0.002261 -0.027193 
0.443975 -0.830150 -0.027181 
-0.033899 0.982960 0.026803 
-0.792679 0.534105 0.013281 
-0.738940 0.619506 0.018849 
0.425684 -0.860692 0.011274 
-0.702909 -0.696588 0.026794 
0.902286 0.403907 -0.004653 
0.705476 0.676223 0.026803 
0.574840 0.690502 -0.004994 
-0.072153 0.912562 -0.027193 
0.675062 0.652305 -0.027193 
0.895994 -0.074983 -0.020381 
0.942988 0.320351 0.025273 
-0.748224 0.498883 -0.000245 
0.525939 -0.785512 -0.027193 
