-0.497192 -0.831908 -0.045953 
0.504526 0.856491 0.042361 
0.865567 -0.498517 0.047688 
-0.841839 0.511956 0.022482 
0.248883 -0.962889 0.051686 
0.941931 0.248424 -0.057930 
-0.956294 -0.239403 0.046942 
-0.240597 0.958772 0.017742 
0.505430 -0.668636 -0.049846 
-0.822399 0.121554 -0.060032 
0.813184 -0.108182 0.054700 
-0.110912 -0.805018 0.037570 
0.649822 0.493457 0.049384 
0.120144 0.830796 -0.061624 
-0.499750 0.678120 -0.063289 
-0.789649 -0.590910 0.053627 
-0.761063 -0.361431 -0.063289 
-0.541616 -0.607103 0.058343 
0.921400 -0.285606 -0.062537 
0.666363 0.705130 -0.059017 
0.994914 0.046192 0.055073 
0.030568 -0.972536 -0.051928 
-0.930706 0.293636 0.060632 
-0.312368 -0.937743 0.056533 
0.883069 0.462367 0.046368 
-0.008917 0.983264 0.059358 
0.284129 0.942195 0.060114 
0.474297 -0.874193 0.054271 
0.723903 -0.682683 0.055779 
-0.977018 -0.008796 0.060223 
-0.695198 0.698937 0.050574 
-0.458584 0.863091 0.060796 
-0.822172 -0.107139 -0.057713 
0.329995 0.768879 -0.057958 
0.308685 -0.777357 -0.033105 
-0.755661 0.335913 -0.054874 
-0.633555 0.497647 0.050959 
0.766329 0.285655 0.051073 
-0.308705 0.769169 -0.052015 
0.676654 -0.495804 -0.042531 
0.494899 0.647038 0.044009 
-0.089291 0.835771 -0.062600 
0.114579 -0.806599 0.049989 
0.752188 -0.322568 0.047958 
-0.335698 -0.737752 0.038115 
-0.665450 -0.697688 -0.058798 
0.833542 0.093347 -0.038017 
0.961647 -0.101206 -0.062664 
-0.895871 -0.412705 0.048363 
-0.117095 -0.985172 0.052695 
-0.663981 -0.513561 -0.060686 
0.782187 0.563936 -0.062449 
-0.777563 -0.227183 0.057634 
-0.254250 -0.839580 -0.063216 
-0.189115 0.793471 0.059423 
0.739239 0.407380 -0.057652 
-0.725382 0.584326 -0.063289 
-0.809038 0.013312 0.057559 
0.220975 0.785696 0.057862 
0.601126 -0.788905 0.009131 
0.598814 -0.586007 0.061514 
-0.594912 -0.771116 0.061417 
-0.785616 0.213548 0.060743 
0.950666 -0.196913 0.061396 
0.003430 0.815285 0.058321 
-0.415790 0.709507 0.061482 
0.139419 0.981438 0.019494 
0.181728 -0.887839 -0.063246 
-0.960755 0.155061 0.004943 
-0.493119 -0.682536 -0.062949 
-0.584033 0.794213 0.015897 
0.726421 0.634669 0.058814 
0.810074 -0.403550 -0.063289 
0.418054 -0.736217 0.061089 
-0.688938 -0.428431 0.057860 
0.480318 0.746530 -0.063289 
-0.559554 0.621007 0.060930 
-0.817715 -0.502878 -0.055877 
-0.899093 -0.310575 -0.063289 
0.607724 0.752489 0.061406 
-0.011870 -0.837741 -0.058543 
0.891092 -0.360853 0.057057 
-0.908228 0.010736 -0.063069 
0.342618 -0.911256 -0.055852 
0.785847 -0.581497 -0.037673 
-0.364871 0.896056 -0.036138 
0.654959 -0.665156 -0.063289 
0.380527 0.895076 -0.027679 
-0.887809 0.377149 -0.041162 
0.823205 -0.188164 -0.059199 
0.967383 0.184708 0.061529 
0.021313 0.926478 -0.063289 
-0.957755 -0.118035 -0.037194 
0.230324 0.912969 -0.063289 
0.105502 -0.968812 0.061608 
0.637875 0.568686 -0.063040 
-0.134860 -0.903495 -0.063133 
0.875532 0.366040 -0.063268 
0.448082 -0.815286 -0.063289 
0.389424 0.751302 0.060333 
-0.117465 0.961854 -0.034992 
-0.459712 0.803880 -0.063289 
-0.719761 0.398554 0.061601 
-0.421985 -0.856372 0.058361 
0.812090 0.236437 -0.060590 
0.919304 0.339273 0.061615 
0.960976 0.085312 -0.063047 
-0.370117 -0.895189 -0.055857 
0.840879 -0.033657 -0.057219 
-0.862962 0.243486 -0.063163 
-0.597177 0.577419 -0.053682 
-0.636748 0.698951 -0.063289 
-0.222009 0.861554 -0.063289 
-0.690835 0.459859 -0.056019 
0.817032 0.169261 0.061435 
-0.462533 -0.711658 0.055692 
-0.693699 -0.676965 0.061475 
-0.805546 -0.229224 -0.062690 
0.841210 0.022560 0.061547 
0.732866 -0.444446 0.053154 
-0.389545 -0.775367 -0.063236 
-0.745398 0.589725 0.055562 
-0.240350 -0.816873 0.052554 
0.971689 -0.080207 0.061391 
0.235341 -0.825005 0.046568 
-0.740323 -0.603776 -0.062444 
-0.830492 -0.110717 0.059931 
0.793576 0.537653 0.056006 
-0.587012 -0.610723 -0.063279 
0.820483 -0.224361 0.060527 
0.741865 0.414190 0.058491 
0.608706 0.601042 0.053234 
-0.633586 -0.538552 0.061615 
-0.004879 -0.840771 0.061404 
0.357530 -0.887382 0.054912 
-0.317323 0.767635 0.061371 
-0.762736 -0.338164 0.061509 
0.509676 -0.666675 0.061597 
0.564026 0.661237 -0.063181 
0.117083 0.825267 0.061533 
-0.011364 -0.951878 0.050009 
-0.222154 -0.945876 -0.011952 
-0.867124 0.409721 0.061504 
0.580754 0.779528 -0.055962 
-0.588189 -0.769576 -0.050248 
0.845793 0.479968 -0.057727 
0.220901 0.803299 -0.051295 
-0.816428 0.450516 -0.063289 
-0.784948 0.317556 0.048908 
-0.841067 0.112094 0.044802 
0.795827 -0.289066 -0.057998 
-0.786103 -0.425101 0.012030 
0.608033 -0.576994 -0.044688 
0.295069 0.839242 0.013655 
-0.333980 0.896367 0.060496 
-0.868107 -0.202329 0.012030 
-0.090411 0.851207 0.037216 
0.768308 -0.589217 0.061361 
-0.405393 0.721420 -0.042787 
-0.522277 -0.840193 0.050985 
-0.862264 -0.403428 -0.063231 
0.102045 -0.829291 -0.051184 
-0.952302 -0.129526 0.061567 
0.465101 0.851600 -0.057043 
0.536338 -0.770208 -0.063234 
-0.736800 -0.518878 0.012030 
-0.153167 0.953030 0.061463 
0.015429 0.830626 -0.045030 
0.684890 -0.599645 0.012030 
0.123052 0.932664 -0.063289 
-0.844625 -0.510867 0.047705 
0.977863 -0.011769 -0.028065 
-0.932957 -0.209315 -0.059963 
0.815284 0.370706 0.013389 
-0.327060 -0.830792 0.012598 
0.126468 -0.965650 -0.045796 
0.321234 -0.761237 0.060987 
0.900900 -0.380859 -0.041921 
0.406235 -0.732258 -0.039938 
-0.906787 -0.054560 0.013717 
0.183990 0.876448 0.012030 
-0.548188 -0.702707 0.012517 
-0.645430 0.627228 0.012030 
0.888242 0.208509 0.012030 
0.896577 -0.123726 0.012030 
0.073349 0.902357 0.012030 
0.827243 -0.496454 -0.062470 
-0.889635 -0.318565 0.050238 
0.411044 0.860252 0.054510 
0.633596 -0.703061 0.030241 
-0.262010 0.835020 0.017691 
0.958935 -0.193323 -0.047838 
-0.914154 0.105747 -0.063289 
-0.501487 0.731595 0.012943 
-0.747642 0.507402 0.012512 
0.702038 0.492351 -0.063045 
0.068473 -0.899741 0.012030 
0.523536 0.768750 0.019177 
-0.734551 -0.450206 -0.063289 
-0.955251 0.082162 0.061615 
0.487188 -0.786280 0.015093 
0.957250 -0.283875 0.032385 
0.687305 0.719528 0.029556 
0.909499 0.101228 0.012274 
0.791041 0.326942 -0.063118 
0.671114 -0.511025 0.061396 
0.900662 0.153335 -0.063173 
-0.825497 -0.018681 -0.037525 
-0.896974 0.217752 0.020528 
0.714492 0.557901 0.012030 
-0.409919 0.799153 0.012030 
0.226799 -0.807307 -0.057009 
-0.633764 -0.621316 0.013267 
0.383633 -0.806389 0.013874 
0.866000 -0.286771 0.012030 
-0.179994 -0.871059 0.013616 
0.900574 -0.032050 0.012203 
-0.589384 0.705578 0.017620 
-0.551830 0.749775 -0.063289 
-0.071678 -0.965440 -0.059469 
-0.028946 0.909751 0.013069 
-0.089747 -0.894536 0.012030 
-0.187541 0.886727 0.012442 
0.715702 0.619787 -0.063256 
0.301367 0.754622 0.047795 
0.245337 -0.943171 -0.043039 
-0.283184 0.924993 -0.049237 
0.412895 -0.884137 -0.011000 
-0.474628 0.652006 0.031787 
0.187320 -0.911529 0.019275 
0.606574 0.682454 0.012508 
0.747385 -0.523091 0.012030 
-0.452190 -0.791025 0.013226 
-0.788532 0.406425 0.012568 
-0.166692 0.812582 -0.022182 
0.306556 0.871733 -0.063289 
-0.789336 0.241964 -0.022141 
-0.103538 -0.826878 -0.049223 
-0.860846 0.305686 0.015255 
0.808203 -0.447370 0.014328 
0.894451 0.034443 -0.063238 
-0.771903 -0.296851 -0.011200 
-0.202284 0.943192 -0.058418 
0.841515 0.284977 0.015656 
-0.926956 0.188483 -0.063040 
0.544801 -0.825308 0.060118 
0.432529 0.713146 -0.004465 
0.737483 -0.400733 -0.016801 
0.957942 0.265711 0.057071 
-0.964165 0.034826 -0.008791 
-0.705022 0.658860 -0.038203 
0.196337 0.940203 0.060741 
0.882249 -0.203342 0.012030 
0.735224 -0.644348 -0.039168 
-0.884504 0.024556 0.012795 
-0.292918 -0.917740 -0.061140 
0.545519 -0.619377 0.007448 
0.053784 0.983512 0.009352 
-0.191978 -0.958107 0.061415 
0.436070 0.794813 0.012030 
-0.799334 0.528000 -0.056950 
0.304674 -0.844087 0.012523 
0.874689 -0.111520 -0.063289 
-0.380751 0.811598 -0.063289 
0.926103 0.311794 -0.013277 
0.631898 -0.744662 -0.048536 
-0.896994 -0.067234 -0.063289 
0.748843 -0.472484 -0.063289 
0.758452 0.482421 0.012411 
-0.791711 -0.160103 0.012744 
-0.433401 -0.708314 -0.019324 
0.965324 0.154138 -0.019016 
0.978887 -0.140256 0.005936 
0.552464 -0.728185 0.012164 
0.785571 0.599100 0.006900 
-0.543776 0.622834 -0.020082 
-0.180094 -0.817058 -0.058563 
-0.807687 0.169192 -0.000535 
0.702723 -0.565510 -0.063289 
0.289320 -0.855813 -0.063244 
-0.316609 -0.768664 -0.038669 
0.897332 -0.434204 0.013544 
-0.525020 0.813107 0.061615 
-0.085036 0.985674 0.046718 
-0.721608 -0.382090 0.005881 
-0.909766 0.303919 -0.054986 
0.394398 0.822285 -0.063289 
0.813010 0.089107 0.036369 
0.457916 -0.683883 0.008401 
-0.737149 -0.639642 0.004683 
-0.855127 -0.454001 -0.001369 
-0.658875 -0.737176 0.031259 
-0.043136 0.965679 -0.057101 
0.868829 0.286387 -0.063289 
0.902115 0.389937 0.003120 
-0.890810 -0.130742 0.012030 
-0.743933 -0.528785 -0.063289 
0.577626 0.603600 -0.017125 
0.287818 0.927881 -0.017223 
-0.643511 0.517740 -0.020550 
0.827743 -0.558460 0.023533 
-0.661499 -0.615649 -0.063289 
-0.982398 -0.073274 0.017038 
0.822009 0.165719 -0.025124 
0.313571 -0.936728 0.007538 
-0.616850 -0.553356 -0.011346 
-0.638495 0.746172 0.057115 
-0.651962 -0.477651 0.016852 
0.048040 -0.812441 0.018353 
0.034329 -0.895179 -0.063178 
-0.495021 -0.651919 0.006149 
-0.586515 0.552203 0.035106 
-0.314326 0.849708 -0.063289 
0.803929 -0.172599 0.010779 
0.690277 0.448839 0.007892 
0.376986 -0.832292 -0.063289 
0.739143 0.347426 0.023110 
-0.820632 -0.360738 0.012030 
-0.844032 -0.275845 0.012487 
-0.154283 0.888553 -0.063166 
0.051574 -0.991679 0.015016 
-0.260270 -0.893610 0.021281 
0.841323 0.515250 0.005982 
0.353010 0.927549 0.042332 
-0.522769 0.812732 -0.028529 
0.502160 0.667250 -0.025920 
-0.047489 -0.825800 0.003363 
-0.497542 -0.761578 -0.063136 
0.818617 -0.027725 0.014734 
-0.379757 -0.915522 0.042843 
-0.447213 0.857083 -0.016117 
-0.151650 -0.960133 -0.015912 
0.823203 -0.376949 0.012030 
-0.826296 -0.330902 -0.063289 
-0.751609 0.419402 -0.063289 
-0.693367 0.565979 0.012030 
0.165464 -0.818695 -0.019616 
-0.332841 0.826486 0.012138 
0.570773 -0.643069 -0.063271 
0.779874 -0.256951 0.011714 
0.632688 0.641806 -0.063150 
0.793516 0.226768 0.007624 
-0.824159 0.052658 -0.037912 
-0.670207 0.447947 0.015367 
0.859692 -0.321051 -0.063289 
0.561837 0.814314 0.058184 
-0.815439 0.373521 -0.063225 
-0.862450 0.433223 -0.005407 
-0.802574 0.570487 0.016008 
0.714448 0.663244 -0.007424 
0.171801 -0.979581 0.030237 
0.196218 0.951512 -0.009928 
-0.923867 -0.284465 -0.002773 
0.082146 0.825115 0.000420 
-0.954511 0.208669 0.060030 
-0.395915 0.904609 0.028248 
-0.271776 -0.764675 0.018407 
0.447833 0.696271 0.061395 
-0.337050 -0.830603 -0.063170 
-0.213183 -0.895863 -0.063115 
0.976292 0.115713 0.061594 
-0.056956 -0.897660 -0.063167 
0.632413 -0.530808 0.007286 
0.957875 -0.012134 0.052453 
-0.433791 -0.853404 -0.063025 
-0.348991 0.729880 0.013029 
-0.904155 0.116834 0.014665 
-0.793051 -0.553468 -0.016236 
-0.964464 -0.181868 0.010035 
0.371924 0.822931 0.012030 
-0.062029 -0.982034 0.006521 
-0.679086 -0.567989 0.013693 
0.511255 -0.831330 -0.042016 
-0.251132 0.767735 0.043547 
-0.379494 -0.787175 0.019743 
0.834246 -0.088367 -0.013071 
0.768316 0.475617 -0.063152 
-0.846207 -0.174342 -0.063289 
0.521598 0.813443 -0.061134 
-0.008343 -0.894909 0.012602 
0.921361 -0.028019 -0.063167 
0.824945 0.411385 -0.063194 
-0.648712 0.620603 -0.063289 
0.164229 0.794282 0.021609 
0.630229 0.743758 -0.004086 
-0.236806 0.796160 -0.053549 
0.365544 -0.731150 0.014120 
0.412780 0.742520 -0.063289 
-0.582084 -0.677885 -0.063172 
-0.803534 -0.051025 0.038677 
0.088022 0.951393 0.057515 
0.101275 -0.900755 -0.063279 
-0.039807 0.823611 0.002804 
-0.725701 0.517252 -0.063174 
-0.176484 -0.792401 0.042193 
-0.734283 0.357786 0.004614 
0.068111 0.872776 -0.063289 
0.770012 -0.333261 -0.015289 
-0.461259 -0.863253 0.005178 
0.636790 0.542449 -0.002504 
-0.120896 0.904900 0.014001 
-0.271476 0.903719 0.040739 
-0.822397 0.191584 -0.063278 
0.692353 -0.693111 -0.001073 
-0.481194 0.741788 -0.063289 
0.262557 0.783205 0.003365 
-0.900491 -0.136221 -0.063289 
0.928074 -0.342652 0.006376 
-0.890796 -0.374902 -0.011875 
-0.745157 0.634140 0.007728 
-0.400450 -0.703674 0.037319 
0.625566 -0.626061 0.017595 
-0.032202 0.870926 -0.063289 
-0.815661 0.308622 -0.063229 
-0.911265 0.375030 0.029060 
0.865877 -0.444602 -0.058630 
-0.793835 -0.417242 -0.063289 
0.768327 -0.635632 0.016314 
-0.868872 -0.241464 -0.063289 
0.670757 0.605093 0.012030 
0.892722 -0.228239 -0.063289 
0.177714 -0.798968 0.056664 
0.548986 0.710584 0.012167 
0.019105 0.867000 0.024436 
-0.565093 -0.606499 -0.003674 
0.837729 0.042021 -0.000888 
0.541815 0.720585 -0.063289 
0.690341 -0.453817 0.007123 
0.857385 -0.063136 0.051374 
-0.610442 -0.695223 0.019409 
0.466779 -0.716625 -0.063113 
-0.577288 0.653977 -0.063289 
0.360674 0.740073 0.005786 
-0.840212 0.371404 0.017855 
-0.514478 -0.755480 0.014100 
-0.229406 -0.800263 -0.010891 
0.630424 -0.764919 0.058913 
0.248638 -0.899271 0.020362 
-0.565544 -0.793620 0.002727 
-0.760050 0.264077 0.028544 
0.249896 0.898068 0.022341 
0.813213 0.453352 0.018383 
0.787625 0.286735 -0.015495 
0.147417 -0.863817 0.020609 
-0.957131 -0.052025 -0.060590 
-0.658087 0.716599 0.004054 
-0.740995 0.446487 0.022217 
0.758269 -0.388127 0.058308 
-0.935001 0.267908 0.004462 
0.980678 -0.065906 0.001845 
-0.482906 0.791468 0.022081 
0.270180 -0.769149 0.027479 
0.588367 -0.702071 -0.063139 
0.440301 0.868715 -0.003439 
0.868938 0.150606 0.019252 
-0.695479 0.637060 0.046241 
0.966063 -0.221482 0.007475 
-0.122066 0.799672 0.046430 
0.597321 0.792483 0.013467 
-0.702629 -0.437258 -0.012128 
-0.796591 0.151242 0.058998 
-0.252018 -0.947903 0.061351 
0.978452 0.060711 -0.001652 
0.812560 -0.307927 0.031772 
-0.097818 0.910880 -0.063289 
-0.786728 0.528378 0.056739 
-0.802243 0.065891 0.028239 
0.956465 0.236136 0.004237 
0.415946 -0.903224 0.054027 
-0.021316 0.972823 0.001074 
0.187514 0.870348 -0.063289 
-0.832189 -0.451438 0.054290 
-0.517878 -0.663219 0.060655 
0.280299 0.817732 -0.063289 
-0.171111 0.953140 -0.008304 
0.895763 0.400760 0.061615 
0.885240 0.210992 -0.063289 
-0.738084 -0.621867 0.061533 
0.562218 0.652146 0.038192 
0.472013 -0.855743 -0.002277 
0.896124 -0.168852 -0.063289 
0.583964 -0.668498 0.016079 
-0.140916 -0.933016 0.035815 
-0.497405 0.851668 0.015077 
-0.313497 0.936402 0.014775 
-0.453937 0.691573 -0.027600 
-0.830285 0.255567 0.019354 
0.844708 -0.157756 0.051687 
-0.791133 -0.230863 0.000762 
-0.794608 -0.283093 0.056065 
-0.672810 0.558940 -0.063289 
0.608586 0.712062 -0.063264 
-0.398013 -0.884972 -0.005668 
0.872302 0.334325 0.019869 
0.119837 0.867903 0.018541 
-0.948685 0.149433 0.061563 
0.850036 -0.484516 -0.010349 
0.299515 -0.917424 0.060494 
-0.063186 -0.850735 0.053388 
-0.715128 0.412681 -0.018672 
-0.312389 -0.792141 0.053279 
0.734166 0.400321 -0.000016 
0.922041 0.044713 0.014140 
-0.735377 -0.389654 0.061615 
0.878181 0.427728 -0.033588 
-0.685632 -0.693879 0.003842 
-0.787619 -0.482305 0.019427 
0.467149 -0.705647 0.061387 
-0.819476 -0.179261 0.059497 
-0.070466 -0.951450 0.055362 
-0.293200 0.766070 0.004288 
-0.955354 0.055687 -0.061593 
0.802955 -0.346601 -0.063289 
-0.779435 -0.534897 0.047865 
-0.832855 0.455194 0.056196 
0.310305 0.890408 0.034502 
-0.452551 -0.799438 -0.063116 
-0.873507 0.146883 -0.063181 
0.071120 -0.848430 0.056235 
0.181972 -0.957071 -0.035527 
-0.600346 0.756607 -0.023735 
0.817315 0.234057 0.058795 
-0.528683 0.666826 0.041516 
0.498519 0.836219 -0.013786 
-0.937130 -0.185881 0.059581 
0.949096 -0.139183 0.054180 
-0.573819 0.756868 0.057251 
-0.055908 0.810193 0.055420 
-0.378783 -0.739450 -0.010636 
-0.958914 0.104727 -0.020702 
-0.156204 -0.817986 -0.003918 
0.798104 -0.502653 0.026145 
-0.693523 0.485710 0.050227 
-0.851241 -0.018339 0.037561 
-0.107731 0.822915 -0.008279 
-0.929642 0.251400 -0.053234 
-0.303898 -0.922749 -0.006285 
-0.806860 -0.106350 0.006786 
0.844703 -0.257290 -0.063289 
0.569717 -0.767802 0.050538 
-0.213575 0.924235 0.052352 
0.782489 -0.531980 -0.063289 
0.208348 -0.795474 0.007422 
0.775319 0.605618 0.061287 
0.829482 0.487940 0.058891 
0.924286 0.156121 0.021514 
-0.385771 0.755259 0.051349 
0.401629 0.908077 0.023663 
-0.588353 0.650033 0.015816 
-0.224449 0.795804 0.000603 
0.870966 -0.443227 0.061499 
-0.614814 -0.768686 0.009785 
0.674033 -0.727860 0.058754 
0.043858 -0.961329 0.060650 
0.949105 0.184034 -0.062664 
0.642156 0.557339 0.057498 
0.490221 0.724784 0.021200 
-0.013546 -0.972944 -0.018219 
0.710024 0.504716 0.026653 
-0.943720 -0.061416 0.054518 
0.215827 0.834300 0.032558 
-0.405055 0.853100 0.045172 
-0.699829 -0.481381 0.048210 
0.804782 0.551860 -0.013051 
0.029728 0.932901 0.024722 
0.288625 -0.915493 -0.063289 
0.461526 0.695463 -0.049175 
0.206667 -0.860212 0.016342 
0.403286 -0.784186 -0.063289 
-0.576174 -0.566515 0.047177 
0.176657 0.942123 -0.062593 
0.827722 -0.137417 -0.035747 
-0.273476 -0.839964 0.015063 
-0.076670 0.934723 0.029800 
0.423884 -0.840645 0.026420 
0.171730 0.814053 -0.030924 
0.951014 0.031935 -0.063079 
0.934406 -0.086155 0.021905 
0.915743 -0.249032 0.034020 
0.058102 0.846630 0.056068 
-0.917534 -0.361920 0.033565 
0.101447 -0.972773 0.001548 
0.848532 0.413696 0.028187 
-0.791864 0.477755 0.021281 
-0.398644 0.864060 -0.063289 
0.156710 0.924483 0.027872 
-0.766649 0.306023 -0.004537 
-0.725325 -0.398669 -0.048303 
0.788481 0.341191 0.049187 
0.573353 -0.633020 0.057996 
0.538265 -0.823058 0.003496 
0.720146 -0.629541 0.050415 
0.347068 0.782421 0.045448 
-0.764322 0.471376 -0.063270 
0.689829 0.544420 -0.063096 
-0.149477 -0.837245 0.055797 
0.807413 -0.229106 -0.024658 
-0.885059 0.336422 0.054784 
-0.700453 -0.559549 -0.063289 
0.652194 -0.559538 0.050254 
0.555600 0.597461 0.053418 
0.587681 -0.573229 0.011169 
0.906369 0.256475 0.025799 
0.233326 -0.875476 -0.063289 
-0.794429 -0.281056 -0.063289 
-0.560314 -0.726133 -0.063117 
0.030663 -0.833594 -0.026901 
-0.329341 -0.880275 0.031126 
0.132785 -0.934635 0.031942 
-0.626893 -0.561514 -0.062535 
0.273634 0.808500 0.050775 
-0.628983 -0.735427 -0.053677 
-0.699580 -0.652018 -0.060751 
0.243550 0.855512 -0.063289 
-0.764758 0.588819 -0.028647 
-0.739255 -0.451281 0.022963 
0.712544 -0.442779 -0.039516 
0.943683 -0.258548 -0.022228 
-0.836898 0.480530 -0.025423 
-0.467629 0.704446 0.055185 
-0.637312 0.549621 0.056777 
0.363821 -0.926635 0.018069 
0.064540 0.955937 -0.062363 
0.595905 0.555978 0.030177 
0.458043 0.881493 0.046860 
0.663286 0.656052 0.020113 
0.759265 -0.469929 0.014425 
0.682382 -0.459641 0.058195 
0.578795 -0.786262 -0.038073 
0.356586 -0.853521 0.015670 
-0.890524 0.059416 -0.063287 
0.316758 0.770502 -0.007927 
-0.735594 -0.331236 0.018079 
-0.960450 0.004325 -0.059336 
0.635370 -0.616660 -0.063289 
-0.744542 0.353285 0.061615 
-0.964341 -0.032775 -0.009351 
0.788743 -0.267534 0.061405 
0.843712 0.025963 -0.060260 
0.512349 -0.660369 0.000447 
-0.813169 0.020174 0.006755 
-0.411221 0.697026 0.011823 
-0.761065 -0.597515 -0.015846 
0.501470 -0.731464 0.016270 
-0.855481 0.174495 0.017132 
0.900255 -0.312843 0.041868 
0.530646 0.623443 0.009936 
-0.819551 0.098845 -0.006852 
-0.537931 -0.652228 -0.063284 
-0.774586 -0.377150 0.026546 
-0.442959 -0.732344 -0.063262 
-0.902152 0.340974 -0.008392 
0.189635 -0.942040 0.059817 
0.671318 0.499602 -0.005800 
-0.167884 0.836547 0.043002 
-0.867787 0.078280 0.018003 
0.998076 -0.016803 0.018121 
-0.574104 -0.646751 0.025692 
-0.419989 -0.750182 0.033105 
0.681623 -0.651028 0.026000 
-0.027447 0.854229 0.040897 
-0.931110 0.011987 0.027204 
-0.918034 -0.257366 -0.062094 
0.369105 -0.774272 0.049825 
-0.840642 -0.404243 0.027485 
0.364444 0.878395 0.049621 
-0.698070 -0.614230 0.023430 
0.722083 0.684129 0.051217 
0.690956 -0.550283 0.018733 
0.982187 0.114150 0.006170 
0.353143 -0.785659 -0.063289 
-0.496866 0.661271 -0.012161 
0.413977 -0.703500 0.022362 
0.445343 0.782366 -0.063289 
-0.637297 0.675854 0.024394 
0.717429 0.457802 0.057564 
0.239508 0.962162 0.048444 
0.346076 0.841278 -0.063289 
0.976800 0.191444 0.012314 
0.912752 -0.335269 -0.057932 
-0.854548 0.012756 -0.062831 
-0.739295 -0.566701 0.025320 
-0.909679 -0.219965 0.032728 
0.462222 0.830619 0.045235 
-0.152437 0.836692 -0.063073 
0.761010 0.609792 -0.034798 
-0.858960 0.426392 -0.055254 
0.275873 -0.806211 -0.063285 
0.540851 0.817037 0.003206 
0.444418 -0.868701 -0.045882 
0.650406 -0.742292 0.005250 
0.857091 -0.341025 0.013975 
0.856860 -0.374509 -0.063289 
0.756441 0.361449 -0.052184 
0.878072 0.080969 -0.063098 
-0.761510 -0.263201 0.025386 
0.918344 -0.392560 0.030969 
-0.939799 -0.297859 0.041881 
-0.453764 0.741192 0.020303 
-0.186108 -0.953684 -0.050475 
-0.647812 -0.692094 0.052077 
-0.546826 -0.775186 0.051782 
0.512962 0.808745 0.057753 
-0.813831 0.253102 -0.063289 
-0.896117 0.269255 0.034441 
-0.868654 -0.361465 0.038958 
-0.952210 0.147686 -0.052787 
0.861439 0.081261 0.036349 
-0.272668 -0.952915 0.017184 
0.039975 0.985688 0.057096 
0.947988 0.311342 0.030396 
-0.374447 -0.852440 0.022122 
-0.015555 -0.953644 -0.063041 
-0.213863 0.837804 0.025175 
-0.297146 -0.862800 -0.063133 
0.138057 0.954573 0.061415 
-0.408778 0.765528 -0.063289 
-0.349407 -0.905717 -0.009925 
-0.187028 -0.917641 0.026064 
-0.358858 0.787128 0.024283 
0.176606 0.826132 0.060255 
-0.979703 0.102183 0.023242 
0.774877 0.418446 0.019412 
0.737644 -0.356020 0.015872 
0.734026 0.569918 -0.063214 
0.798495 -0.457415 -0.063289 
0.742961 -0.603031 -0.063289 
-0.824004 -0.060502 -0.013103 
0.712453 -0.402161 0.041356 
-0.855725 0.346765 -0.063110 
0.437550 0.746314 0.030355 
0.336131 -0.801797 0.027691 
-0.501584 -0.797116 0.034866 
0.803550 0.153242 0.017945 
0.033993 0.823569 0.003266 
0.119440 0.963065 -0.026021 
0.329907 0.914033 -0.036005 
-0.940376 0.214111 -0.024584 
0.650551 0.697798 0.051728 
-0.513193 0.621711 0.048093 
0.858229 -0.403292 0.031828 
-0.848993 -0.066634 0.037961 
-0.950215 -0.165399 -0.050785 
0.910357 0.333546 -0.058118 
-0.577435 0.701846 -0.063289 
-0.384849 -0.828219 -0.063130 
-0.192259 0.970224 0.031079 
0.835221 0.123163 0.061590 
0.568849 0.750829 0.028599 
0.640123 -0.541824 -0.048326 
-0.826136 -0.515753 0.003992 
0.760623 0.560551 0.030246 
0.848253 0.154090 -0.063191 
-0.827465 -0.218365 0.033470 
0.313746 -0.757554 0.009870 
-0.865942 0.469730 0.024824 
-0.226377 -0.860856 0.013381 
-0.537263 -0.806645 -0.042908 
-0.534481 0.762963 0.026323 
0.846968 0.194340 0.030652 
0.149653 -0.922759 -0.063088 
0.666104 0.711276 -0.012055 
0.336502 -0.859826 -0.063119 
0.218601 0.802978 -0.004005 
0.257712 -0.951818 0.006509 
0.113427 -0.827233 -0.005290 
0.281644 -0.807414 0.052736 
0.523666 0.765309 -0.063289 
-0.937324 -0.231041 -0.018250 
-0.598596 -0.607711 0.041731 
0.522494 -0.725068 -0.063162 
-0.622478 -0.514196 0.021226 
0.966791 -0.146193 -0.049747 
-0.834493 0.055825 0.061003 
0.391625 0.712872 0.028506 
0.145459 -0.857921 -0.063240 
-0.044498 -0.990556 0.053598 
-0.899725 -0.273575 0.039129 
0.856087 0.469613 -0.013141 
0.731611 -0.662538 0.005276 
-0.139217 -0.853786 -0.063247 
-0.098895 -0.827377 -0.002658 
-0.920767 0.179864 0.039602 
-0.845062 -0.446772 -0.059696 
-0.375040 -0.747423 0.061424 
-0.471221 -0.663311 0.057884 
-0.504894 -0.697973 0.029455 
-0.269561 -0.787055 -0.030754 
-0.550830 0.590552 0.012912 
-0.775269 0.284228 -0.044908 
-0.814483 0.328985 0.014665 
0.081139 -0.942794 -0.063235 
-0.453869 -0.672252 0.013838 
-0.405748 0.877869 -0.012431 
-0.575703 -0.741416 0.031229 
0.451187 0.677571 0.018959 
-0.850647 0.083261 -0.063289 
0.817008 -0.537938 -0.016718 
0.465807 -0.772395 -0.063289 
-0.361409 0.744635 -0.029150 
-0.074380 0.967744 -0.002664 
0.670197 -0.710502 -0.037886 
-0.804815 -0.187603 -0.042304 
0.134079 0.887656 -0.063289 
0.056062 -0.854265 -0.063289 
-0.889263 -0.194323 -0.063289 
0.513917 0.689024 0.040131 
0.126378 0.822235 -0.012759 
0.717004 0.448764 -0.059925 
-0.133445 -0.863087 0.021078 
-0.442606 0.846681 -0.062195 
-0.183994 -0.973921 0.013877 
0.586536 -0.748101 -0.063200 
0.586821 0.609117 -0.061924 
-0.677037 0.524287 0.031236 
0.789717 -0.214314 0.026041 
0.452050 -0.740966 0.030462 
0.971138 -0.043892 -0.060287 
-0.645583 0.577705 0.021482 
0.927786 0.200049 0.034199 
-0.797163 0.273692 0.053985 
0.015214 -0.993572 0.042794 
0.727758 -0.585261 0.019114 
0.760022 0.520611 -0.063194 
-0.698109 0.621045 -0.063289 
0.833410 -0.254235 0.028412 
-0.477875 -0.837620 0.061587 
-0.293994 0.871641 0.017202 
0.812047 0.279793 0.050187 
0.275877 0.909783 -0.063289 
0.955492 0.069137 0.053057 
-0.252006 -0.936925 -0.054670 
-0.660556 0.514539 -0.062764 
0.799171 0.497649 0.026213 
0.896197 -0.071334 -0.063289 
0.546079 -0.685193 -0.063247 
0.700854 -0.620321 -0.063289 
-0.735757 0.624248 -0.035626 
0.823399 0.280329 -0.063289 
-0.126565 -0.963174 -0.053628 
-0.547510 0.821259 0.023107 
0.676652 0.596797 -0.063151 
-0.106896 -0.975849 0.005321 
-0.058851 -0.833036 -0.053334 
0.816819 0.570247 0.034887 
0.934738 -0.350104 0.050486 
0.613254 0.630450 0.019204 
0.986240 0.152988 0.035589 
0.821718 -0.517412 0.061615 
0.484171 -0.830306 0.057167 
-0.824137 0.213605 0.037339 
-0.507888 -0.841653 0.008325 
0.752048 -0.392671 -0.058645 
-0.756446 0.552108 0.033399 
-0.142952 0.978746 0.025996 
0.243365 0.950143 0.005313 
0.785478 -0.354870 0.045169 
-0.713513 0.678817 0.014835 
-0.710337 -0.487997 -0.063289 
0.255257 -0.796043 -0.024226 
0.801688 -0.594856 0.021079 
-0.848178 -0.136307 0.027653 
-0.621512 -0.639312 -0.063175 
-0.776028 0.361397 0.030858 
0.728228 0.600942 0.029451 
0.901329 0.305616 0.038329 
-0.277602 0.811588 -0.063289 
0.756937 0.633376 0.006656 
-0.048027 0.912679 -0.063289 
-0.430000 -0.828130 0.024384 
-0.160072 0.792636 0.024120 
-0.316367 0.898728 -0.063289 
-0.779283 0.214182 0.011251 
-0.983625 0.056748 0.038459 
-0.254292 0.892236 -0.063289 
0.028800 -0.872488 0.022665 
-0.866324 0.198898 -0.063173 
-0.278590 0.802071 0.050571 
0.353109 -0.758904 -0.018345 
0.580385 -0.604543 -0.023403 
0.543087 0.634654 -0.031241 
-0.006318 -0.813205 0.026564 
-0.050537 0.955726 0.058962 
-0.784120 -0.548475 -0.059424 
-0.218699 -0.781627 0.033774 
0.814765 -0.074952 0.024418 
-0.471191 -0.746158 0.014889 
-0.301087 0.936974 0.057253 
-0.816721 0.496172 0.061357 
-0.679512 0.444825 0.059549 
0.867208 0.000139 0.033694 
-0.819180 -0.551601 0.038285 
0.476783 0.777890 0.012647 
-0.631432 0.751288 0.009454 
0.833216 0.197848 -0.063289 
-0.595329 0.610342 0.037511 
0.821715 0.324250 0.018100 
0.815183 -0.130133 0.007726 
0.405002 -0.883287 -0.059003 
0.017812 0.969400 -0.018682 
-0.769496 0.379245 -0.063289 
-0.487540 0.834367 -0.048193 
0.746148 -0.556687 -0.063289 
0.070644 0.829847 -0.054869 
-0.070097 0.894819 0.012030 
-0.469482 0.821097 0.051374 
0.821579 -0.036869 0.057425 
0.929029 -0.306991 -0.018908 
-0.639438 -0.573319 0.031301 
0.652027 0.525280 -0.052522 
-0.044761 0.829107 -0.040224 
-0.674548 0.690717 -0.043057 
0.783982 -0.393220 0.023398 
-0.753874 0.634074 0.050500 
-0.805909 -0.375332 -0.063289 
0.083999 -0.937140 0.028146 
-0.136891 0.858528 0.021760 
0.650541 0.750372 0.054235 
-0.908520 0.060670 0.014299 
-0.875412 -0.453914 0.051635 
0.540061 -0.640604 -0.032757 
-0.198799 -0.829181 0.052645 
-0.044450 -0.918746 0.014705 
0.949114 -0.247260 0.061549 
-0.770916 0.561622 -0.061716 
0.911274 0.352043 -0.018831 
0.678149 0.529456 0.042200 
-0.522683 -0.619688 0.014193 
0.593967 -0.717961 0.018398 
0.066422 -0.971531 -0.027865 
-0.854156 -0.061898 -0.063289 
-0.367817 0.850191 0.020919 
-0.893740 0.414239 0.024944 
-0.545413 0.792473 -0.059152 
0.201656 -0.961981 0.004575 
0.335748 0.860549 0.016803 
-0.976425 -0.135929 0.026563 
-0.044256 -0.812283 0.050065 
0.751539 0.372419 0.061526 
-0.742781 0.309617 0.048058 
-0.802462 0.536015 -0.009494 
0.904199 -0.166552 0.013266 
-0.668809 -0.488104 -0.026584 
-0.918992 -0.099823 0.021140 
0.262176 -0.848687 0.014816 
-0.831561 -0.316747 0.012056 
-0.714027 0.601939 0.029221 
-0.154969 0.931238 -0.063265 
0.253348 0.848194 0.014635 
-0.790867 0.583846 0.054806 
-0.794869 -0.129227 0.045608 
-0.561310 0.609935 -0.056709 
0.108266 -0.879610 0.015020 
0.630947 -0.701978 -0.063155 
-0.912990 -0.325481 0.000666 
-0.595844 0.741549 -0.063289 
0.825265 0.520771 -0.033641 
-0.468495 -0.684977 -0.025100 
-0.797664 0.108048 0.029969 
-0.356859 0.921136 0.027187 
-0.259015 0.939949 0.061543 
0.389489 0.873903 -0.063289 
0.962466 -0.177930 -0.004307 
0.511530 0.690996 -0.063289 
0.920369 0.097292 -0.063200 
0.800272 0.503316 -0.063251 
0.799477 0.447056 -0.063181 
-0.007853 -0.892898 -0.063184 
0.769271 0.331540 -0.025301 
-0.695446 0.405082 0.027741 
0.884822 -0.416775 -0.026751 
-0.953498 0.248043 0.044970 
-0.884813 -0.412619 0.005998 
0.351549 0.734426 0.052797 
-0.199527 -0.854128 -0.063218 
-0.903314 -0.180301 0.018948 
0.525057 -0.766312 0.017002 
-0.755648 -0.336095 -0.018553 
-0.228808 0.940736 -0.018344 
0.286718 -0.931525 -0.024370 
-0.642973 -0.521918 -0.020902 
-0.814386 -0.138219 -0.019454 
0.705509 -0.496363 0.042393 
-0.330448 0.909262 -0.016185 
0.452736 -0.887318 0.017387 
0.373485 0.745193 -0.049070 
-0.228471 0.893370 0.018141 
0.637548 0.736520 -0.044650 
-0.169763 0.925139 0.035057 
-0.372336 0.879688 0.060439 
-0.768647 -0.620389 0.024312 
0.702539 0.415359 0.044428 
0.346301 0.884518 -0.063289 
0.856729 0.235626 0.015704 
0.607335 0.574232 -0.035203 
0.760900 -0.429503 0.026165 
0.320770 0.808284 0.024527 
-0.675846 -0.441769 0.019387 
0.060824 0.808292 0.031850 
0.397646 0.781112 0.019735 
0.932056 -0.245494 -0.063289 
-0.964444 0.201207 0.020429 
0.837035 -0.465004 0.051682 
0.008442 0.879256 -0.063289 
0.289373 -0.892572 0.024347 
0.415486 0.830178 0.018734 
-0.440974 0.715329 -0.063124 
-0.770453 -0.313759 -0.054832 
0.954421 0.210271 -0.028051 
-0.673136 -0.647141 0.026710 
-0.723661 0.666149 0.054767 
0.696418 -0.683533 -0.055105 
0.836251 -0.074558 -0.052012 
0.906566 0.269137 -0.063289 
0.941131 -0.038134 0.025029 
-0.850643 -0.278524 -0.063289 
0.664710 -0.505843 0.001367 
0.354602 0.912768 0.003873 
0.936031 -0.307324 0.061571 
0.582745 -0.806697 0.054524 
-0.083106 0.804683 0.024955 
-0.875713 -0.249566 0.014140 
0.350335 -0.927841 0.057350 
0.957200 0.143690 -0.061439 
0.717961 0.658962 -0.048210 
-0.233938 -0.963994 0.025131 
-0.618342 0.653439 -0.063289 
-0.260606 -0.892498 -0.063093 
-0.611297 0.529857 0.011250 
-0.798790 -0.457939 -0.063289 
0.960353 0.225045 0.061128 
0.232198 0.942815 -0.035440 
-0.416783 -0.898628 0.039400 
0.994615 0.085011 0.031914 
0.198537 0.971747 0.034928 
0.359351 -0.734925 0.054297 
0.834308 0.536824 0.057819 
0.924841 0.374043 0.041078 
0.143599 -0.969251 0.002697 
-0.697739 -0.514777 0.022517 
0.871333 0.379746 0.036857 
0.273795 0.786361 -0.035533 
-0.353933 0.867915 -0.063289 
-0.809626 0.441353 0.019721 
0.112138 0.913490 0.015811 
-0.538059 -0.760851 -0.063083 
0.134881 -0.841031 0.056350 
-0.331271 -0.756611 0.002587 
-0.196681 0.830008 -0.063275 
-0.860072 -0.120037 -0.063289 
0.781816 -0.538813 0.033776 
0.681610 0.667877 -0.063275 
-0.595899 0.572348 -0.013682 
0.433350 -0.716171 -0.010641 
0.885860 -0.008945 -0.063183 
0.745437 -0.516133 -0.063289 
0.972472 -0.105407 -0.013247 
0.810451 0.213692 -0.026519 
0.234436 -0.781173 0.041663 
-0.169772 -0.881292 -0.063170 
-0.369272 -0.879450 0.057215 
-0.881223 -0.088744 0.012883 
0.526066 -0.630225 0.057368 
-0.631412 -0.754628 0.058249 
0.845745 0.319225 -0.063289 
-0.805059 -0.505223 0.056382 
-0.518860 0.644839 -0.051604 
0.678388 0.466755 0.059796 
0.714935 0.435238 -0.020674 
-0.498301 0.778036 -0.063289 
-0.497002 0.850093 0.055122 
-0.630313 0.731865 -0.033523 
0.195391 -0.834125 0.049083 
0.888587 0.427544 0.005158 
0.852894 -0.109716 0.050331 
-0.788974 -0.339942 0.028796 
-0.895276 -0.013900 0.011729 
-0.680360 0.467956 -0.017661 
-0.689221 -0.458706 -0.044193 
0.533661 0.637123 0.061587 
0.037937 -0.939726 0.027695 
-0.099384 -0.921631 -0.063103 
-0.218826 -0.924840 0.048945 
-0.628721 -0.682912 -0.063090 
0.749658 -0.432104 -0.063289 
0.228791 0.920654 0.047336 
-0.004310 0.956858 -0.062499 
0.455815 -0.810542 0.017750 
0.510311 -0.697591 0.036648 
-0.847320 0.021302 0.046137 
-0.121090 0.937512 0.043955 
-0.224971 0.810454 0.060406 
0.978769 -0.169044 0.058523 
-0.350918 -0.755635 -0.053725 
0.914319 -0.113037 -0.063289 
-0.764019 -0.476987 -0.063289 
0.935691 -0.068274 -0.063289 
0.922994 0.000518 0.013862 
-0.904285 -0.338516 -0.035651 
-0.015433 0.946011 0.043565 
-0.115283 0.865555 -0.063225 
-0.610323 0.578992 0.056328 
0.351643 0.802189 -0.063289 
-0.810308 0.157313 -0.047864 
0.182034 -0.843102 -0.063289 
-0.344973 -0.913881 0.061398 
0.634244 -0.524791 0.058650 
0.600546 0.766924 -0.024254 
-0.048624 0.988734 0.024655 
-0.751552 -0.414548 0.030263 
0.818202 0.008464 0.030330 
0.940142 0.121509 0.031673 
-0.983556 -0.046593 0.051215 
0.521664 -0.849238 0.039040 
-0.090691 -0.877317 -0.063208 
-0.670850 0.667086 0.052748 
-0.297291 -0.792541 -0.063287 
-0.695706 -0.408156 0.024342 
0.773069 0.267697 0.015675 
0.549985 0.803572 -0.035793 
-0.638424 0.577973 -0.063289 
-0.346235 0.771921 -0.063289 
0.693774 0.653268 0.047356 
0.076483 -0.991214 0.047567 
0.258360 0.772746 0.056037 
0.670333 -0.587553 -0.063289 
0.143729 -0.977119 0.059619 
0.044398 -0.820050 0.060022 
0.896912 -0.079978 0.012483 
0.146818 -0.902180 0.012877 
-0.442640 0.674159 0.035866 
-0.935515 0.115182 0.048005 
-0.619052 0.713137 0.049309 
0.884705 0.055981 0.017168 
0.997559 -0.042521 0.047539 
0.108169 0.803454 0.030359 
0.812282 0.409960 0.012030 
0.836078 0.065452 0.061498 
0.970880 0.115004 -0.038765 
-0.868411 0.371547 0.051166 
0.167420 -0.797398 0.019040 
0.415453 -0.845932 -0.063289 
0.424657 0.846904 -0.063289 
-0.930344 -0.023877 -0.063186 
0.376173 -0.900631 -0.008112 
-0.562933 0.582400 0.057686 
0.028449 -0.972985 -0.009985 
0.621530 0.528229 0.039198 
-0.266530 -0.789660 0.061482 
-0.727833 0.450907 -0.063289 
-0.414111 0.887652 0.060188 
-0.463269 -0.875022 0.042003 
0.315412 0.940959 0.037383 
0.231380 -0.923463 0.045090 
0.780661 0.243546 0.050989 
-0.724101 -0.354636 0.046622 
-0.451329 0.878031 0.025908 
0.715374 -0.491729 -0.063289 
0.806380 -0.146154 0.053417 
-0.724983 -0.671337 0.039582 
0.743625 0.445562 0.032038 
0.402315 0.897287 0.060754 
-0.857028 -0.488375 0.015949 
0.893961 0.392788 -0.037478 
-0.599485 -0.712509 -0.063084 
-0.889341 -0.374769 -0.050367 
0.028076 -0.935755 -0.063083 
0.549555 0.778506 0.051088 
0.792659 -0.275431 -0.019565 
-0.559688 0.787493 -0.013171 
-0.716140 0.367259 0.037197 
-0.808824 -0.017842 0.010754 
0.072995 0.967631 -0.026718 
0.794917 0.190503 0.021916 
0.469117 0.812581 -0.063289 
-0.579012 -0.802116 0.045187 
-0.917696 0.242116 0.057551 
-0.794896 0.408040 -0.063289 
-0.094452 -0.857580 0.032231 
-0.872541 -0.302470 0.019928 
0.937285 0.275614 -0.019081 
0.859707 -0.156973 -0.063289 
0.430515 -0.859577 0.059041 
0.849369 -0.219668 0.022878 
0.844572 0.445486 0.049095 
-0.661589 -0.655484 -0.063162 
0.761109 -0.356429 -0.050682 
-0.424014 -0.872788 -0.031607 
-0.951564 -0.089763 -0.062278 
0.293716 -0.950916 0.036903 
-0.932480 0.318406 0.031641 
-0.584194 -0.588432 -0.032433 
-0.927972 -0.147817 0.038652 
-0.049806 -0.869916 0.023312 
-0.840419 -0.179520 0.027741 
-0.752663 0.393444 0.043234 
0.979994 -0.194305 0.030186 
-0.975023 -0.099278 0.058221 
-0.812121 -0.250989 0.045819 
0.829343 0.125233 -0.017819 
0.975476 -0.072275 -0.035226 
0.762772 -0.641451 0.053410 
0.619829 -0.754629 -0.013541 
-0.001774 0.813496 0.010735 
-0.509277 -0.628313 0.048715 
-0.523126 -0.719076 -0.063183 
-0.669960 0.659088 -0.063289 
-0.302496 -0.755838 0.056862 
0.470962 0.688911 -0.011182 
-0.554007 0.693344 0.012735 
0.862756 0.499530 0.045380 
-0.754033 -0.301548 0.058907 
0.409125 0.718785 0.061389 
0.686607 -0.679648 0.060407 
-0.121464 0.978324 0.056970 
0.782078 0.379126 0.029123 
0.477053 -0.839368 -0.061959 
-0.863730 -0.394708 0.056292 
0.637223 -0.592251 0.029288 
-0.546264 -0.624029 -0.039835 
-0.947741 -0.254132 0.009548 
-0.893844 0.337820 -0.058316 
-0.075935 -0.808921 0.021234 
0.927481 -0.198804 0.031866 
-0.292794 -0.899058 0.039265 
-0.523174 0.616864 0.012218 
-0.619201 0.547319 -0.049389 
-0.885410 0.149253 0.012030 
0.826123 0.373871 -0.063159 
-0.107141 -0.945285 0.050309 
-0.269124 -0.933183 -0.015678 
0.850916 -0.522082 0.022514 
0.929324 0.297635 -0.054719 
0.775510 -0.320325 -0.050003 
-0.872302 0.244962 0.013239 
0.475581 0.859093 0.004989 
-0.734628 -0.629360 -0.035742 
0.480492 0.678053 0.061447 
-0.260083 0.783153 0.001223 
-0.872176 -0.415509 -0.029009 
-0.560191 0.800667 0.060587 
0.706590 -0.704977 0.031308 
0.838798 -0.015613 -0.014211 
0.621816 0.720743 0.045521 
0.598185 -0.613878 -0.063289 
0.064805 -0.832374 -0.011957 
0.574295 -0.814029 0.015343 
0.083069 0.987152 0.048365 
0.304729 0.790257 0.059952 
0.432618 -0.694179 0.053658 
0.324730 -0.890420 0.035657 
0.922435 0.282860 0.058766 
-0.090573 -0.968102 -0.027583 
-0.822660 0.499106 -0.055861 
0.140356 -0.823582 -0.050162 
0.335827 -0.818467 -0.063226 
0.848807 0.116083 -0.063038 
0.279273 0.906527 0.046855 
-0.661260 -0.541562 0.037125 
-0.485376 -0.718778 -0.063235 
-0.597180 0.622771 -0.063289 
-0.910492 0.142563 -0.063209 
-0.780327 0.602707 0.024804 
0.607452 -0.549959 0.054705 
0.492083 -0.746402 -0.063148 
0.998599 0.007226 0.046158 
0.994609 -0.088583 0.027393 
-0.819369 -0.143815 -0.060450 
0.547205 -0.660108 0.052897 
0.879910 -0.471658 0.026910 
0.626620 0.678155 -0.063203 
0.899951 -0.388834 -0.000730 
0.926805 0.235339 0.049953 
-0.737055 0.371724 -0.029340 
0.806621 -0.253913 -0.059577 
-0.335990 -0.908968 -0.055526 
-0.852260 0.493290 0.052568 
-0.418684 -0.813552 -0.063125 
0.865510 -0.139494 0.023491 
-0.823195 0.541788 0.032779 
0.847703 -0.409979 -0.063289 
0.209631 -0.971786 0.052255 
0.608670 -0.736982 0.049628 
0.416804 0.878488 -0.039363 
-0.345313 0.729639 0.049438 
-0.954181 0.099934 -0.056666 
0.089623 0.976901 0.006092 
-0.699921 -0.668334 -0.018080 
0.951333 0.036129 0.037935 
0.144041 0.846608 0.035719 
-0.440755 0.779596 0.012030 
-0.841558 -0.475263 -0.027749 
0.925972 -0.195907 -0.063289 
-0.920054 -0.292248 -0.039804 
0.472623 -0.666119 0.036553 
-0.976595 0.129530 0.049396 
-0.835738 0.148009 0.043051 
0.867175 -0.452465 -0.009791 
0.647081 0.578918 0.028733 
-0.383719 0.726522 0.003046 
-0.673915 -0.504919 0.057729 
-0.500017 -0.800052 -0.063057 
0.282065 0.877459 0.015842 
0.142261 0.798498 0.050117 
0.158474 0.826165 -0.062346 
-0.860620 0.386521 -0.063118 
-0.878234 0.288254 -0.063268 
-0.606730 -0.754896 -0.022657 
0.171387 0.970290 0.058752 
0.193030 0.906065 -0.063289 
0.244725 -0.841186 -0.063289 
-0.222082 0.958930 0.057312 
0.789162 0.285546 -0.053246 
0.234747 0.777437 0.025559 
0.008662 0.906498 0.012174 
-0.333669 0.758062 -0.010494 
0.816289 -0.194331 -0.021680 
0.826454 0.094812 0.003455 
-0.955372 -0.138833 -0.007896 
-0.882126 -0.014058 -0.062934 
-0.867758 0.445673 0.060586 
0.382738 0.857091 0.027153 
0.083509 -0.811786 0.012629 
-0.095023 -0.826534 0.061527 
0.163453 0.960907 0.001288 
-0.447097 0.752898 -0.063289 
-0.742900 -0.568026 -0.063289 
0.672627 -0.524757 -0.063289 
0.316078 0.818246 -0.063289 
0.845987 0.247514 -0.063289 
-0.279772 -0.923758 0.061591 
0.877074 0.288458 0.014458 
-0.135693 -0.821687 -0.034554 
-0.656728 -0.714213 -0.000801 
-0.427680 -0.691816 0.057003 
-0.263202 0.931436 -0.018250 
-0.809773 0.095372 0.060986 
0.871484 0.409104 -0.063169 
-0.919337 -0.104810 -0.063289 
-0.453244 -0.698327 -0.054336 
-0.540124 -0.827504 0.013400 
-0.437988 0.835545 0.043371 
-0.665171 -0.555132 -0.063289 
-0.149493 -0.955924 0.061568 
0.593136 0.747074 -0.063289 
-0.937084 0.045596 0.036900 
0.193849 -0.812807 -0.045044 
-0.337083 -0.929844 0.012964 
0.891756 -0.414500 0.061615 
-0.136402 -0.897246 0.012030 
-0.916947 -0.167629 -0.063289 
-0.573480 0.735670 0.027509 
-0.085749 0.951886 0.059591 
0.583584 0.720625 0.017458 
-0.677122 0.611671 0.014642 
0.661682 0.739193 0.011475 
-0.252908 0.836929 -0.063289 
0.597647 0.646562 -0.063102 
-0.013378 0.830228 -0.023967 
0.108130 -0.914920 0.014752 
0.579380 0.626588 0.055443 
-0.012667 0.907535 -0.063289 
-0.297078 0.750841 0.037873 
0.064542 0.936006 0.029227 
0.822535 -0.311428 -0.063289 
-0.758250 -0.569289 0.054870 
-0.212449 0.779710 0.029520 
-0.962832 -0.069507 -0.011980 
0.656035 -0.676324 0.025810 
0.421312 0.695611 0.035890 
0.499035 0.649970 0.009255 
-0.152043 -0.980757 0.026713 
0.418674 -0.807149 0.012030 
0.767843 0.305781 0.006340 
-0.225625 -0.903926 0.021615 
-0.343389 0.874418 0.034801 
-0.571993 -0.643845 -0.063248 
0.859772 0.446413 -0.056815 
-0.814287 0.135256 -0.006088 
-0.985401 -0.009266 0.026240 
-0.893133 0.225753 -0.063098 
-0.100131 0.983432 0.015232 
-0.689924 -0.708192 0.046153 
0.610120 0.785879 0.045340 
-0.280499 0.947380 0.018457 
-0.217796 -0.941576 -0.060027 
0.381917 -0.756573 -0.062329 
-0.313917 0.814786 -0.063289 
0.683473 -0.725124 0.014666 
0.978214 0.025910 -0.003897 
0.942904 0.160857 0.050611 
0.852911 -0.018563 0.059406 
0.079987 -0.810085 0.048027 
-0.293198 -0.810500 0.030808 
0.012254 -0.864525 -0.063250 
0.763820 -0.609851 -0.036321 
-0.768329 -0.441247 -0.063289 
-0.782227 -0.191979 0.022653 
-0.192034 -0.809904 -0.026784 
0.487461 0.783153 -0.063289 
0.781054 -0.487373 -0.063289 
-0.947681 0.179828 -0.036656 
-0.708428 -0.617274 -0.063289 
0.859663 0.119965 0.032489 
-0.850033 0.218188 0.014798 
-0.634718 0.497109 0.016351 
0.401917 -0.778233 0.022372 
0.510231 -0.843307 0.005178 
-0.592194 -0.578517 -0.000274 
-0.530460 -0.804005 0.061599 
-0.351363 0.761659 0.061049 
-0.669911 0.723430 0.035798 
0.913557 0.191212 -0.063289 
0.216820 -0.950040 -0.024805 
0.931276 -0.148164 0.026000 
-0.426253 0.795351 -0.063289 
-0.259694 0.871741 0.013312 
-0.815788 -0.439861 0.021631 
0.556985 -0.725899 -0.063276 
-0.458600 0.676472 0.005373 
-0.247203 -0.796996 -0.055064 
0.091688 0.854985 0.033687 
-0.821104 -0.069901 0.061537 
0.766534 0.635587 0.046734 
-0.542749 0.666742 -0.063289 
-0.304181 -0.856546 0.012500 
0.792503 -0.556981 0.061004 
-0.718726 0.449369 0.048319 
0.390367 -0.848888 0.020448 
-0.708945 -0.428648 -0.052435 
-0.415702 -0.730780 0.061184 
0.432917 0.893900 0.025391 
-0.947939 0.236184 0.007441 
-0.872978 -0.049013 0.016495 
-0.206289 0.954107 0.004166 
-0.572933 0.595688 -0.024078 
0.153297 0.891868 0.012030 
0.691141 0.498557 0.057451 
-0.891331 0.380991 0.001743 
-0.798076 -0.574682 0.010283 
0.809825 -0.346450 0.020360 
0.975065 0.055016 -0.054904 
-0.943270 -0.012231 0.048260 
-0.601286 -0.539543 0.030441 
0.959657 -0.258517 0.009414 
0.540428 -0.692335 0.021135 
-0.358047 -0.813180 0.013577 
-0.190795 0.794391 0.006828 
0.106021 -0.852147 0.041742 
-0.855323 0.339245 0.018833 
0.506196 -0.804155 0.037192 
-0.921979 -0.321568 0.060888 
-0.602176 -0.732133 0.050744 
-0.082443 0.880379 -0.063289 
0.918437 0.058744 -0.063194 
0.246446 -0.785656 0.007065 
-0.184494 0.914136 -0.063239 
-0.351517 0.829158 -0.063289 
0.040258 0.853117 -0.063289 
0.660442 -0.483014 0.045157 
0.873867 -0.049928 0.024622 
0.934733 0.335638 0.010523 
0.690989 0.687645 -0.011273 
-0.805363 0.362160 0.013568 
-0.382629 0.713696 0.054975 
0.230786 -0.967851 0.023275 
-0.468198 0.690745 -0.061233 
-0.412716 -0.789853 0.012800 
-0.165152 -0.930001 -0.063060 
-0.608735 0.531272 0.054788 
0.939998 0.084816 0.027159 
-0.535287 0.727950 0.012214 
0.461583 -0.698935 -0.034550 
0.721302 0.387437 0.054403 
-0.855912 0.131953 0.020912 
-0.663221 0.492640 -0.033525 
0.785651 0.578084 -0.023095 
-0.799714 -0.092251 0.036859 
-0.847734 -0.022629 -0.062898 
-0.199881 -0.797231 0.005627 
-0.134974 0.839490 0.050855 
-0.925255 -0.273655 0.061507 
0.704706 -0.423255 0.010493 
0.749442 0.373329 -0.021205 
0.847974 -0.223551 -0.063289 
0.695186 -0.431264 0.042872 
-0.109687 0.942595 -0.063289 
0.113480 -0.932763 -0.063238 
-0.135558 0.818199 -0.034238 
0.771918 0.400406 -0.063071 
-0.509113 0.810095 -0.062340 
-0.339744 -0.790014 0.033476 
-0.406759 -0.724121 -0.032904 
-0.294551 0.922028 -0.009916 
0.324410 0.905450 0.061236 
-0.504011 -0.659025 -0.025578 
0.193574 0.920982 0.033193 
-0.494912 0.684699 0.056134 
0.859420 -0.180859 0.022413 
-0.359164 -0.864215 -0.063077 
0.801231 0.245859 -0.029925 
-0.784257 0.180544 0.020749 
-0.748687 -0.300276 0.017368 
0.596964 0.570572 0.061201 
0.801586 -0.563351 -0.001038 
-0.605381 0.742619 0.061512 
0.566118 -0.589400 0.031202 
0.800505 0.205021 0.060204 
0.525914 0.843191 0.020188 
-0.984757 0.023063 0.035139 
0.638787 0.608833 -0.063105 
0.845062 0.154357 0.050646 
-0.154913 0.955696 -0.040332 
-0.782493 -0.266035 -0.035800 
-0.720826 -0.438610 0.056178 
0.255132 -0.914350 -0.063289 
0.814287 -0.534520 -0.053126 
0.869757 -0.189476 -0.063289 
0.082666 0.810157 0.057141 
0.971434 0.005557 -0.060876 
-0.777306 -0.515979 -0.063289 
-0.823456 -0.066038 -0.046050 
-0.261502 0.786132 -0.033403 
-0.283182 0.875454 -0.063289 
-0.718186 0.644926 -0.008741 
0.396974 -0.730197 0.002937 
-0.597884 0.779977 0.057048 
-0.818430 0.510708 -0.024912 
0.322559 0.921535 0.001340 
-0.755531 -0.491328 0.012030 
-0.828188 -0.015880 0.061468 
0.809667 -0.414182 0.012030 
-0.821509 0.174593 0.057162 
-0.622773 -0.664875 0.013570 
-0.480688 0.758890 0.012030 
0.082446 0.902785 -0.063289 
-0.809553 -0.295927 0.025750 
-0.469233 -0.848516 -0.039235 
0.823217 -0.069956 0.059688 
-0.858635 -0.209884 -0.063289 
0.574150 0.713075 -0.063289 
0.272858 -0.937169 0.061532 
-0.582463 0.770671 -0.047894 
0.740593 0.665378 0.031041 
-0.691232 0.588593 -0.063289 
-0.806760 -0.179980 -0.009106 
0.313070 -0.796880 0.052892 
0.754161 0.515279 0.012223 
-0.424160 -0.690112 0.018558 
0.395011 -0.878276 0.059998 
-0.958985 0.048160 0.061570 
-0.799217 0.337334 -0.063224 
-0.929476 -0.261665 -0.027952 
0.778295 0.566892 0.058223 
0.406004 -0.909606 0.023174 
0.817029 0.041468 0.031059 
-0.652861 0.471256 0.031050 
0.970458 -0.234831 0.039643 
0.214909 -0.902857 -0.063289 
0.896559 -0.281429 0.023068 
0.879283 0.178623 -0.063282 
-0.915242 0.304497 -0.022540 
0.573719 0.681543 0.014000 
0.767331 -0.286779 0.017562 
0.508052 0.728864 -0.063289 
0.667319 0.471311 0.014865 
0.869312 -0.048969 -0.063289 
-0.835433 -0.249400 -0.063289 
-0.226037 -0.822768 -0.063272 
0.150801 0.958715 -0.034738 
-0.788956 0.555035 -0.035088 
0.603300 -0.614145 0.045254 
0.865586 -0.086485 0.029854 
0.837516 -0.051497 -0.028735 
-0.372746 -0.719207 0.029356 
0.712777 -0.518805 0.019717 
-0.582666 -0.675329 0.012258 
0.719834 -0.536474 -0.063289 
-0.522215 0.694205 0.020324 
0.850144 -0.483498 -0.043068 
-0.498676 -0.726688 0.015151 
-0.846729 0.403800 0.036712 
0.156946 -0.954488 -0.060974 
-0.825484 0.015556 -0.048293 
-0.020727 0.878424 0.016836 
0.734792 0.475905 -0.063087 
-0.439919 -0.886152 0.014246 
-0.423171 0.747732 0.029375 
0.274080 0.874233 -0.063289 
0.272510 -0.886819 -0.063289 
0.624875 -0.777339 0.028126 
-0.394128 -0.743171 -0.062570 
-0.062023 0.862509 0.026134 
0.836893 0.061496 -0.032491 
0.087753 -0.861427 -0.063289 
-0.560142 0.648093 0.031807 
0.433350 0.815608 -0.063289 
0.890230 -0.358861 -0.063289 
0.003833 0.851564 0.049171 
-0.565033 -0.786853 -0.035485 
0.997787 0.032044 0.025323 
0.184426 0.842053 0.031054 
-0.203518 -0.793437 0.059975 
0.889770 0.122864 -0.063136 
0.541719 0.675847 0.030105 
0.040805 0.902795 0.012030 
0.117308 0.979144 0.058002 
0.658833 -0.695082 0.054399 
-0.288170 -0.823552 -0.063226 
-0.832152 -0.417402 -0.063289 
-0.011534 0.969287 -0.032124 
-0.871771 0.412902 -0.028687 
-0.410640 -0.721372 -0.000597 
-0.891525 0.186587 0.014420 
-0.074985 0.965572 -0.052289 
0.475804 0.709733 0.052865 
0.646753 0.525749 0.061606 
-0.772605 0.522504 0.028425 
0.391499 -0.716423 0.041423 
-0.931269 -0.325301 0.027151 
-0.382449 0.747047 -0.062939 
-0.660281 0.513566 0.059039 
0.612320 -0.683191 0.012931 
0.843786 -0.120131 -0.063080 
0.926812 -0.276632 0.060527 
-0.475479 0.841989 -0.015030 
-0.076214 0.826304 -0.034820 
0.672627 -0.635437 -0.063289 
-0.419357 0.713135 -0.014611 
0.854132 -0.004745 -0.063289 
0.867582 0.485051 0.012403 
0.110186 -0.988118 0.036567 
-0.087402 0.812635 0.060207 
-0.898220 0.376861 0.061349 
-0.971058 -0.167626 0.037859 
-0.920479 0.323894 0.060770 
0.450040 -0.744629 -0.063266 
0.948611 -0.103920 0.044306 
0.149272 0.859619 -0.063289 
0.639712 0.610636 0.016746 
-0.626039 0.603106 0.019701 
-0.155752 0.884357 0.012030 
0.479477 0.851861 0.061582 
0.566485 0.817148 0.022150 
0.879638 -0.296192 -0.063289 
-0.938262 -0.103187 0.050393 
0.899277 0.304134 -0.063289 
-0.701905 -0.634293 0.047840 
-0.845430 0.484279 0.005326 
0.729105 0.513095 -0.063125 
-0.525569 -0.641652 -0.009908 
0.366790 -0.891787 -0.062667 
0.795138 -0.198930 0.053296 
0.274509 -0.773537 0.058635 
0.098385 0.863192 -0.063289 
-0.696297 0.444418 -0.002379 
-0.109714 -0.918589 0.017455 
-0.328483 0.793421 0.030772 
0.731587 -0.554436 0.012932 
0.484873 -0.682764 -0.008145 
-0.526088 0.695668 -0.063289 
0.640362 -0.577391 -0.063289 
0.435636 0.711302 -0.040221 
0.094195 0.964291 -0.055163 
-0.803723 -0.071659 0.013180 
0.243050 0.814349 0.056326 
0.783832 -0.237961 0.051391 
0.562513 0.595776 0.009454 
0.903377 -0.258656 -0.063289 
-0.363098 0.897166 -0.004656 
-0.032920 -0.873759 -0.063227 
-0.060512 -0.936168 -0.063077 
-0.792475 0.138981 0.026737 
0.776391 0.532543 0.026431 
0.492757 0.836465 -0.056808 
0.741399 0.601540 -0.063274 
-0.660192 0.695385 0.061603 
-0.301303 0.841432 0.012030 
0.579602 -0.744506 0.027387 
-0.327911 -0.799821 -0.063245 
0.791330 0.533856 -0.063272 
0.843874 0.357653 0.012776 
0.683445 0.712655 0.059952 
0.561747 0.747797 -0.063289 
-0.805551 -0.534675 -0.038028 
0.479165 0.810144 0.028595 
-0.638578 -0.724281 0.061543 
-0.810704 -0.209340 0.059658 
0.443028 0.728388 0.055456 
-0.966645 0.082539 0.002629 
0.209514 0.894370 0.014809 
-0.873822 -0.329022 -0.063289 
0.097199 0.825466 -0.038921 
-0.024882 -0.992940 0.029356 
0.023171 0.968568 -0.053244 
0.991539 -0.119673 0.025774 
-0.717684 0.499546 0.016725 
0.771872 0.454207 0.013316 
0.724214 -0.384141 0.013608 
0.277117 0.944208 0.007165 
-0.071857 -0.931237 0.022940 
-0.888494 0.176963 -0.063134 
0.698192 0.461271 -0.024458 
-0.195195 0.823880 0.056357 
0.179498 0.812612 -0.000812 
0.884654 0.247033 -0.063289 
-0.230681 0.930901 -0.061268 
-0.207149 0.802534 -0.046854 
-0.534353 0.643321 0.060994 
-0.845450 0.160133 -0.063240 
0.757160 -0.361422 -0.013258 
0.713704 -0.613493 0.024663 
0.310752 0.750822 0.018478 
-0.790465 -0.560915 0.061460 
-0.803863 0.187822 -0.038717 
0.197965 -0.947520 -0.060277 
-0.777779 0.309363 -0.062823 
-0.687331 -0.681326 -0.044247 
0.543204 -0.610735 0.040512 
-0.817310 0.527734 0.061349 
-0.552623 -0.589970 0.035091 
-0.824370 0.046745 -0.004348 
-0.736807 0.655337 0.029009 
0.808571 0.122933 0.020915 
0.096925 0.935850 0.032385 
-0.880184 0.092196 -0.063289 
0.041539 0.821163 0.061366 
0.880069 0.330968 -0.063289 
0.754825 -0.621315 -0.009152 
-0.608818 -0.556883 0.061615 
0.977509 0.021000 -0.034302 
-0.942838 0.284913 0.033713 
0.889577 0.342992 0.043821 
0.217857 -0.806679 -0.026831 
0.817978 0.184125 -0.000825 
0.900614 0.370400 0.061615 
0.482559 -0.755492 0.013144 
-0.927914 -0.070165 -0.063289 
-0.754778 0.594480 -0.057137 
-0.057485 0.853524 -0.063289 
0.142559 -0.810580 0.006823 
-0.692873 -0.529823 -0.063289 
-0.742081 -0.365194 -0.039509 
-0.397259 -0.881264 -0.058428 
0.732167 -0.365170 0.044568 
-0.597414 0.677041 -0.063289 
0.069621 -0.831942 -0.047339 
0.919493 -0.375314 0.058708 
-0.710827 -0.540357 0.012030 
-0.944030 -0.201941 -0.024841 
-0.880783 0.441132 0.017754 
-0.521083 0.785476 0.042095 
-0.715786 -0.670507 0.007962 
0.980080 -0.138569 0.060489 
-0.394939 -0.895514 0.061384 
0.328183 -0.918307 -0.011981 
0.598231 -0.766113 0.061355 
0.717653 -0.461258 -0.063289 
-0.905007 -0.360234 0.061367 
-0.924173 0.096722 0.025915 
0.254328 0.935766 0.061615 
0.444327 0.865374 -0.038724 
0.212378 -0.846128 -0.063289 
-0.722091 0.413030 -0.059064 
-0.246661 -0.913059 0.041698 
-0.155480 -0.797417 0.018564 
-0.725948 -0.593363 0.031642 
0.819723 -0.489078 0.042794 
0.008222 -0.858352 0.040140 
-0.605201 0.773164 0.009782 
-0.180506 0.966399 0.058915 
-0.806720 0.244917 0.056511 
0.778793 -0.566680 -0.063289 
0.664984 -0.477911 0.015535 
0.333792 -0.766958 -0.046713 
-0.150079 0.799425 0.058180 
-0.433743 -0.775583 -0.063187 
-0.353800 -0.768776 0.057618 
-0.254739 -0.788597 0.001078 
-0.865645 0.274533 0.013854 
-0.622186 -0.609009 -0.063257 
-0.774388 0.511955 -0.063125 
-0.831038 -0.249660 0.020429 
0.524023 0.650017 -0.049077 
-0.522490 0.817837 0.001322 
-0.605202 -0.629541 0.018995 
-0.685638 0.531532 -0.063289 
-0.769047 0.451493 0.012030 
0.779661 -0.595630 0.000353 
0.519415 0.720524 0.014529 
-0.914990 0.143773 0.023092 
0.944832 -0.285251 0.004858 
-0.762395 0.316293 -0.032892 
0.750633 -0.328754 0.014846 
-0.743517 0.311698 0.014055 
0.019803 -0.813234 0.043882 
0.813825 -0.278983 0.049105 
0.822641 -0.175853 0.061531 
0.804166 0.575366 0.007605 
0.596682 -0.636803 0.026483 
-0.910623 -0.246583 0.046997 
0.205291 -0.788630 0.043706 
0.985388 -0.161302 0.026518 
0.007442 -0.920439 0.014791 
0.909257 0.409104 0.036051 
-0.617794 -0.583588 0.049462 
-0.473488 -0.821005 -0.063047 
0.913498 -0.349228 -0.031324 
0.975943 0.019656 0.061486 
0.880331 -0.258395 0.012687 
-0.109036 0.877333 0.014240 
-0.833781 0.219335 -0.063236 
-0.879346 -0.158449 0.012030 
-0.776791 -0.575504 -0.048718 
0.731601 0.644872 -0.025543 
-0.862372 0.007790 0.023986 
0.875807 -0.385452 0.049628 
-0.131362 0.810062 0.004735 
0.634836 -0.548207 -0.019633 
-0.886791 -0.432919 0.027812 
0.381662 -0.744612 -0.028325 
-0.976456 0.012681 0.007008 
0.252690 0.806399 -0.062987 
-0.140204 -0.799733 0.044081 
0.563710 -0.797111 -0.014755 
0.780774 -0.621730 0.040149 
-0.579689 -0.592324 0.061615 
0.565388 -0.776681 -0.063285 
-0.781322 -0.269552 -0.004045 
0.854671 0.062600 -0.063039 
0.632639 0.651835 0.012030 
0.155898 -0.820638 0.061505 
-0.041284 -0.971911 -0.028856 
-0.404181 -0.850811 -0.063062 
-0.080429 -0.989674 0.028556 
-0.872524 -0.460928 0.021678 
-0.688414 -0.595355 -0.063289 
0.281624 0.761893 0.026868 
0.148268 -0.962751 -0.025886 
0.002836 -0.834319 -0.016655 
-0.851778 0.452700 -0.025058 
-0.847684 -0.093094 -0.063289 
-0.121543 -0.847562 0.043357 
0.189234 0.812155 -0.054747 
-0.778681 0.273977 -0.017339 
-0.023103 0.833478 0.061560 
-0.825701 0.280795 -0.063289 
0.673856 0.679944 0.055370 
0.380054 -0.905431 0.061353 
0.712409 0.419498 0.005716 
-0.207348 0.887215 -0.063283 
0.481142 -0.688697 -0.054196 
0.568031 -0.698137 0.012354 
-0.732064 0.562042 0.020003 
-0.859275 -0.442060 -0.030088 
0.973716 0.217830 0.025185 
-0.966305 0.121266 0.005148 
-0.863510 -0.428817 0.061608 
-0.689938 0.704706 0.022116 
-0.619848 0.766873 0.042371 
0.343458 0.759442 -0.033488 
0.162962 0.937896 0.053360 
0.815329 0.346463 -0.063133 
-0.801838 0.211782 -0.057211 
-0.949315 -0.266947 0.039193 
0.760865 -0.572570 0.038247 
0.676169 0.626222 -0.063197 
0.978278 0.158654 0.007837 
0.206068 0.784820 0.032537 
-0.249421 -0.771668 0.045740 
0.834837 -0.513478 -0.000542 
-0.271712 0.760773 0.023772 
-0.048800 0.968291 -0.017083 
-0.716327 -0.492138 0.020601 
-0.671277 0.649545 0.029226 
-0.927705 0.264036 -0.026842 
0.755588 0.583909 0.050926 
0.045319 0.909685 -0.063289 
-0.024459 0.835822 -0.060175 
-0.683270 -0.467277 -0.012014 
-0.736238 0.479482 -0.063199 
0.719016 -0.661800 -0.022248 
0.300227 0.923197 -0.054312 
0.092175 -0.969080 -0.041430 
-0.817896 0.114241 -0.031610 
-0.812890 0.473332 0.041054 
-0.081366 0.935539 -0.063289 
0.480478 -0.873013 0.025778 
-0.297704 -0.766151 0.005107 
0.955933 -0.206357 -0.021910 
-0.978686 -0.108858 0.015930 
-0.712197 -0.378418 0.034665 
-0.682087 0.486898 -0.062496 
0.765858 -0.500559 0.012143 
0.776596 -0.331094 0.061389 
-0.733624 0.424371 0.047448 
0.473732 0.749040 0.014924 
0.778455 -0.436288 -0.063289 
0.316966 -0.940333 0.056648 
-0.675582 -0.454172 0.059525 
0.350801 -0.825222 0.012774 
-0.172310 -0.977226 0.047188 
0.689516 -0.522817 0.036604 
0.586082 0.680102 -0.063197 
-0.433541 0.729492 0.049424 
0.141765 0.806130 0.007587 
0.644599 0.757640 0.026792 
0.838950 -0.443364 0.032475 
-0.378614 0.884671 -0.059735 
0.837677 -0.289766 0.017228 
-0.936809 -0.040379 0.035873 
0.268387 0.825905 0.025331 
0.787865 -0.474173 0.013245 
0.340247 0.738314 0.026205 
0.631542 0.692132 0.023462 
0.327054 0.755138 0.061094 
-0.797051 0.214511 -0.017276 
-0.853487 0.057482 0.032119 
-0.825964 0.002093 -0.017428 
-0.046069 -0.947036 0.040509 
0.836881 -0.062373 -0.000735 
0.836617 -0.286203 -0.063289 
-0.967957 0.020700 0.061442 
0.434850 0.845538 0.047370 
-0.609231 -0.779352 0.036035 
0.630316 0.549549 -0.029726 
-0.965213 -0.004356 -0.014300 
0.724962 -0.477342 0.032778 
0.811236 -0.107867 0.025650 
-0.244143 0.821095 0.035509 
0.032691 0.989688 0.027994 
-0.963812 0.031180 -0.049008 
-0.736860 -0.652177 0.057536 
0.075170 -0.887350 -0.063289 
-0.305884 0.900415 0.055598 
0.229467 -0.927707 -0.063289 
-0.920574 0.349984 0.039740 
0.336411 -0.743360 0.020474 
-0.734169 0.532798 0.013365 
-0.859189 -0.104956 0.021730 
-0.902736 0.253398 -0.063078 
-0.748227 0.609100 -0.014653 
-0.017742 0.809327 0.039863 
-0.779830 0.252899 0.002643 
0.046718 0.829508 -0.039040 
-0.538278 -0.678646 0.024595 
-0.596099 -0.581003 -0.057452 
-0.828430 -0.469876 -0.063218 
0.755266 0.355670 0.000895 
0.375004 0.915750 0.056402 
0.437422 -0.776279 -0.063289 
-0.556115 -0.644408 0.047861 
0.726872 -0.683485 0.024232 
0.056381 -0.866184 0.027129 
0.749446 -0.415268 0.056009 
0.787666 0.219357 0.034651 
-0.930484 -0.074946 0.029426 
0.661147 -0.635972 0.012838 
-0.800316 0.299100 0.033374 
-0.908388 -0.385417 0.020071 
-0.917685 0.208071 0.043040 
0.278591 -0.788276 -0.009669 
-0.622487 -0.709919 0.040753 
-0.767068 0.299229 0.061584 
0.954449 0.098727 0.054499 
0.907516 0.187708 0.015396 
0.828920 -0.380402 -0.063289 
-0.609764 0.716619 -0.063289 
-0.446417 -0.674979 0.041261 
-0.595310 0.553239 0.007731 
0.782906 -0.302400 -0.029065 
-0.759759 -0.365645 0.054420 
0.655914 -0.522228 -0.034896 
-0.049446 -0.832452 -0.024304 
0.091913 0.838627 0.060377 
0.314177 -0.902828 -0.063181 
0.409250 0.726958 -0.013345 
0.001137 0.847934 -0.063289 
0.842785 0.531647 0.029232 
0.943411 -0.137174 -0.063289 
0.657747 -0.749677 0.050402 
0.185249 -0.916093 -0.063181 
-0.533584 -0.809788 -0.007889 
0.429830 -0.718259 -0.047411 
0.148295 0.949459 -0.061502 
-0.767225 0.242517 0.045630 
0.020618 -0.951106 0.047866 
0.513071 0.670005 0.061234 
-0.809470 0.561745 0.047643 
0.692060 -0.656161 -0.063289 
0.950356 -0.170880 -0.062956 
0.079894 0.932088 -0.063289 
-0.567433 0.572764 0.030809 
-0.781912 -0.199417 0.053766 
-0.168763 0.859883 -0.063130 
-0.013031 -0.869679 0.025189 
0.738687 -0.601928 0.039245 
-0.807860 -0.309393 -0.063289 
-0.945863 -0.159027 0.061592 
0.550775 -0.787357 0.058298 
0.215805 0.869467 -0.063289 
-0.540578 0.599168 0.053191 
0.575010 0.577610 0.044803 
-0.492953 -0.814303 0.056247 
0.411210 -0.747408 -0.063289 
-0.436082 -0.765560 0.015674 
0.897802 -0.198297 -0.063289 
-0.901053 0.288884 0.054162 
0.844776 -0.531663 0.048371 
-0.777707 -0.515735 0.027183 
0.973936 0.087505 -0.009360 
-0.759336 0.535851 -0.063100 
0.485744 0.702505 -0.063289 
-0.278256 -0.950860 0.051348 
0.307632 -0.819912 -0.063229 
0.761938 0.398781 0.045984 
0.812888 0.140316 0.059641 
-0.185819 -0.842299 0.031297 
0.342857 -0.779437 0.058805 
-0.649124 0.540330 -0.063289 
-0.964525 -0.016174 -0.039910 
-0.622468 -0.547322 -0.038328 
-0.244359 0.911437 0.041542 
0.880504 -0.352781 0.032192 
0.461830 0.719875 -0.063289 
-0.483854 -0.693425 0.058517 
0.607507 -0.547116 0.026667 
0.805345 0.475596 -0.063226 
-0.862676 0.055195 -0.063257 
-0.404629 -0.821343 0.014273 
0.548893 -0.771016 0.031187 
0.884189 0.454305 0.012587 
-0.220465 0.782805 0.058042 
0.013490 0.981219 0.006456 
-0.891556 -0.109080 -0.063289 
-0.790968 -0.156192 0.052513 
-0.843329 -0.382658 -0.063289 
-0.927911 0.049853 -0.063178 
0.587689 0.584778 0.003606 
-0.111136 -0.858063 -0.063247 
0.172314 0.793061 0.048471 
-0.643627 -0.677752 0.027245 
-0.836618 0.087297 0.057159 
0.148737 -0.894721 -0.063154 
-0.123997 -0.964711 -0.014843 
0.861461 0.053631 0.041177 
-0.638075 -0.709353 -0.063029 
-0.846887 -0.351970 0.016480 
