0.210488 -0.948256 -0.027094 
-0.193615 0.980385 0.019730 
-0.970950 -0.186192 0.021635 
0.969326 0.220948 0.008407 
-0.538732 -0.823128 0.009056 
-0.813505 0.550752 -0.027289 
0.830874 -0.520089 0.000073 
0.544052 0.837749 0.017383 
-0.793991 -0.530671 -0.028106 
-0.174744 -0.967224 0.020831 
0.569058 -0.804269 0.015811 
-0.971498 0.199992 0.013426 
-0.552157 0.830833 0.013188 
0.977409 -0.163978 0.013094 
0.189288 0.972370 -0.011616 
0.812704 0.567332 0.001622 
-0.323989 -0.810275 0.008242 
0.355992 -0.798446 0.021774 
0.014994 -0.872549 0.008513 
-0.338820 0.826104 0.027038 
0.881895 0.024829 0.018089 
-0.882404 0.008438 0.025901 
0.635235 -0.603275 0.017860 
-0.624238 0.628970 0.023798 
0.615743 0.639068 0.020850 
-0.611474 -0.626476 0.024844 
0.824828 -0.308123 0.024959 
-0.004705 0.889068 0.014063 
-0.812179 0.345687 0.011077 
0.337416 0.825426 0.003510 
0.811112 0.355034 0.008679 
-0.828858 -0.333098 0.027101 
-0.729263 -0.645930 -0.025944 
0.065749 0.997674 0.017975 
0.086724 -0.977893 0.024814 
-0.885806 0.450833 0.015289 
0.760734 -0.628708 0.017410 
0.883216 0.460499 0.008179 
0.334177 -0.915254 -0.024100 
0.939600 -0.279616 -0.023972 
-0.286102 -0.928378 -0.026620 
0.313641 0.948815 0.022409 
0.460811 -0.859619 -0.020614 
-0.632545 -0.741496 -0.023471 
0.899069 -0.408621 0.005065 
-0.886744 -0.105938 -0.027872 
-0.652365 0.753828 0.011224 
0.988521 0.091516 0.006797 
-0.312602 0.938166 -0.024826 
-0.747190 0.657532 0.023262 
-0.978767 0.075249 -0.018908 
0.739963 0.669341 0.009103 
-0.442208 0.894424 0.007179 
-0.934861 0.326175 0.026101 
-0.056035 -0.972442 -0.017973 
0.666819 -0.726449 0.012483 
-0.426840 -0.878726 0.027155 
-0.070380 0.996988 0.011084 
0.641417 0.751876 -0.024907 
0.981966 -0.034848 -0.023768 
-0.876678 -0.447171 0.025592 
0.933873 0.344019 0.018194 
-0.851804 0.226683 0.017937 
0.464434 -0.741202 0.019201 
-0.449137 0.765532 0.007188 
0.433082 0.897785 0.025874 
0.522246 0.718326 0.021234 
-0.758220 0.454061 0.020508 
0.242717 -0.841294 0.025543 
-0.985941 -0.054138 0.025715 
-0.110162 -0.865628 0.010005 
-0.519173 -0.702600 0.007715 
-0.858475 -0.221885 -0.009307 
0.876274 -0.095035 0.022863 
0.756787 0.461462 0.019741 
0.772310 -0.417364 0.016644 
-0.217569 0.864626 0.003214 
0.872194 0.142752 0.006567 
0.224959 0.860170 0.008045 
0.700569 0.567014 -0.027891 
0.560422 -0.697686 -0.027996 
0.709678 -0.515096 0.014615 
0.444724 0.796435 -0.028106 
0.129950 -0.863330 0.018483 
-0.939171 -0.305745 0.009124 
-0.545584 0.710141 -0.021941 
-0.433548 -0.778197 -0.028106 
0.108039 0.891670 -0.005275 
-0.695077 -0.542071 0.027152 
-0.763517 -0.428339 0.010760 
0.870051 0.260789 -0.028106 
-0.701274 0.567126 -0.028106 
-0.881195 0.125434 -0.013789 
-0.224760 -0.853264 0.027137 
0.876175 -0.207989 0.027155 
-0.123315 0.910842 -0.028106 
-0.899128 -0.377634 -0.026781 
-0.682982 0.684467 -0.028106 
-0.677233 -0.687508 0.027155 
0.398495 -0.893126 0.027155 
-0.342907 -0.895795 0.027155 
-0.001351 0.962377 -0.028106 
-0.875614 0.301079 -0.028106 
0.079269 -0.913487 -0.028064 
0.369505 0.901087 -0.028106 
0.697103 -0.657029 -0.028087 
-0.776555 -0.601569 0.026163 
0.270573 -0.920589 0.027155 
-0.887677 0.382082 -0.028100 
-0.190061 -0.904506 -0.028106 
-0.400299 0.834840 -0.028106 
-0.930800 -0.026525 -0.028106 
0.880686 -0.337704 -0.028106 
0.943562 0.154169 -0.028106 
0.290850 0.889414 -0.028106 
0.815998 0.484121 -0.028106 
-0.365806 0.901600 0.027062 
-0.665851 -0.590693 -0.028106 
0.838040 -0.446057 -0.028047 
0.505199 -0.789566 -0.028059 
-0.584740 -0.677702 -0.028106 
0.897313 -0.156748 -0.028106 
0.882413 0.379903 -0.028106 
0.664333 0.674614 -0.028106 
0.005864 -0.961671 0.027155 
0.418888 -0.795328 -0.027995 
0.716796 -0.578790 -0.028032 
-0.971266 -0.124924 -0.024567 
-0.818446 0.415015 -0.028078 
-0.739502 0.530841 0.027155 
-0.556942 -0.759017 -0.028106 
-0.881957 -0.158507 0.027124 
-0.815342 -0.388495 -0.028106 
0.539170 0.773641 -0.028106 
0.761980 -0.480476 -0.028059 
-0.488495 0.828896 -0.028019 
0.918082 0.071832 -0.028106 
-0.939318 0.261275 -0.028106 
0.907903 -0.046595 -0.028106 
-0.861910 -0.294259 -0.028106 
-0.586847 0.779045 -0.027999 
0.302494 -0.829567 -0.019677 
0.187421 -0.872082 -0.027988 
0.604243 0.794615 0.023611 
0.115519 0.967427 -0.028106 
0.868448 -0.260120 -0.028019 
-0.957513 0.019589 0.024776 
0.953208 -0.094933 0.022392 
0.485871 0.862530 -0.020355 
-0.261807 0.948181 0.027089 
0.991245 0.020715 0.024589 
0.611954 -0.674561 0.018307 
0.689129 0.721620 0.021909 
0.749771 0.533641 0.023178 
0.596198 0.708610 0.013611 
-0.894301 0.055691 -0.028105 
0.406223 0.823847 0.026597 
-0.378576 -0.840686 -0.028106 
-0.929687 -0.218314 -0.028106 
-0.763772 0.603071 -0.028106 
-0.843054 -0.510849 0.020768 
-0.946033 0.132784 0.017730 
-0.286301 0.876894 0.020639 
0.147786 -0.939975 0.024928 
-0.114760 -0.926378 -0.028106 
-0.198387 0.926375 -0.028106 
-0.610526 0.676628 -0.028106 
-0.819503 0.491080 0.016047 
0.925666 -0.327502 0.027147 
-0.734095 -0.569860 -0.028106 
-0.069741 0.915396 0.026809 
-0.046716 -0.905730 0.020928 
-0.278547 -0.857762 -0.028106 
-0.520959 0.757800 0.024157 
0.944473 0.281656 -0.017757 
-0.482163 -0.759485 0.027053 
-0.395846 -0.800643 0.027084 
0.508331 -0.837379 0.027026 
0.821263 0.414025 -0.028106 
0.810450 -0.379535 -0.028106 
-0.133113 0.981177 -0.015101 
0.611992 -0.744663 -0.028052 
-0.152600 0.876896 0.025162 
-0.738634 -0.488692 -0.025820 
0.758865 0.604830 -0.028106 
-0.884179 -0.061016 0.027149 
0.688759 0.622663 0.011331 
-0.455633 -0.843646 -0.028106 
0.949130 -0.211301 -0.028106 
-0.916760 0.196083 -0.028049 
0.466839 0.761538 0.026868 
-0.835293 -0.458513 -0.028106 
-0.599438 -0.774058 0.026996 
0.251916 0.949810 -0.028106 
0.784321 -0.568717 -0.028069 
-0.242137 -0.952748 0.019482 
0.839656 0.296231 0.027052 
0.892761 0.204412 0.025038 
0.189550 0.907053 -0.028106 
-0.336429 0.864501 -0.028106 
0.052498 0.922653 0.018771 
-0.689099 0.604495 0.025521 
0.537530 -0.727705 0.026647 
0.385654 -0.858915 -0.028032 
-0.109164 -0.967450 0.027155 
-0.647806 -0.660050 -0.028106 
0.013266 -0.926777 -0.028084 
-0.795018 0.581828 0.027101 
-0.769335 0.503170 -0.028041 
0.254282 -0.891919 -0.028061 
0.868167 -0.471943 0.022461 
-0.498707 -0.789900 -0.028106 
0.908609 0.403508 0.024924 
0.164757 0.887402 0.027155 
0.974923 0.157975 0.027145 
0.120793 -0.964031 -0.027014 
0.826132 0.511593 0.027155 
-0.070872 0.945380 -0.028054 
-0.906940 0.085149 0.026130 
-0.664609 0.623695 -0.028106 
0.001370 0.999742 0.021216 
0.290303 0.857791 0.027155 
0.415515 0.859756 -0.028106 
0.855104 0.324413 -0.028106 
-0.886587 0.171073 0.027075 
-0.939125 -0.243442 0.027155 
-0.592661 0.699858 0.025857 
0.950441 -0.236729 0.027130 
0.933807 0.008396 -0.028106 
-0.483251 -0.839839 0.027155 
-0.852477 0.291689 0.027091 
-0.486270 0.853561 0.027155 
-0.391017 0.796678 0.019050 
-0.787623 0.399814 0.021420 
0.712286 -0.676750 0.026680 
-0.901692 -0.351288 0.027155 
0.228238 0.947428 0.027061 
0.897220 0.082377 0.027155 
0.130547 0.983808 0.027154 
0.692972 -0.584988 0.026162 
-0.909210 0.390759 0.026698 
0.778066 0.617553 0.026742 
0.954768 -0.127589 -0.028106 
-0.706725 0.701050 0.023709 
-0.255290 0.909488 -0.028031 
0.058524 -0.968968 -0.027208 
0.507800 -0.724301 -0.024218 
0.881610 -0.036443 0.023711 
0.077564 -0.893588 0.027147 
-0.493676 0.751276 -0.027239 
0.639756 -0.648237 -0.028018 
0.832400 -0.365615 0.026468 
-0.791475 -0.478785 0.005945 
0.790584 -0.551497 0.027107 
-0.565271 -0.668341 0.025124 
-0.162521 -0.881782 0.027100 
-0.743476 -0.511456 0.027050 
-0.362317 -0.902247 -0.026255 
-0.845570 -0.263962 0.027155 
0.741097 0.507580 -0.026917 
-0.849507 0.470916 -0.028068 
-0.594409 0.791398 0.027045 
0.431757 -0.789766 0.027056 
-0.954256 0.258577 0.026549 
-0.393047 0.907380 -0.022306 
0.375001 0.912343 0.027155 
0.868670 -0.152020 0.024712 
0.558691 0.714152 -0.028106 
0.926935 0.227044 -0.028106 
0.607574 0.666002 -0.027774 
-0.282629 -0.912449 0.027143 
0.615434 -0.754298 0.027155 
-0.929253 -0.086196 0.005217 
0.812309 0.416250 0.027155 
0.874490 0.198554 -0.027535 
-0.670701 -0.611107 0.023752 
0.499778 0.805707 0.005591 
-0.979010 0.013619 -0.026392 
0.699292 0.557855 0.027155 
-0.075349 -0.886982 -0.028106 
0.058150 0.967622 -0.028106 
-0.911269 -0.166043 -0.028106 
0.334791 -0.866964 0.005217 
-0.809905 -0.403137 0.027042 
-0.628055 -0.717732 0.026136 
0.768459 -0.471150 0.027155 
0.960863 -0.025409 0.026055 
0.191752 -0.884714 0.025271 
-0.955454 -0.132877 0.027155 
-0.726018 -0.622345 0.026446 
0.873966 -0.205887 -0.028048 
0.218473 -0.956023 0.026116 
-0.535899 0.799410 -0.028019 
-0.494286 -0.735587 -0.027526 
0.643337 0.624958 -0.023624 
-0.574735 -0.721245 0.006222 
-0.035313 0.903391 -0.028036 
-0.810635 -0.560121 0.021569 
0.870737 -0.270957 0.024500 
-0.623357 0.731832 -0.028106 
-0.919049 0.338673 -0.027489 
0.462815 0.852844 0.026949 
0.664017 -0.586281 -0.023701 
0.487282 0.761384 -0.028106 
0.891369 -0.098977 -0.028106 
-0.856831 -0.374402 0.005439 
-0.278070 -0.830307 0.026221 
0.591575 0.782944 -0.028106 
0.332276 0.882965 0.005217 
0.138535 -0.892761 -0.028102 
0.632582 0.746852 0.027088 
0.388566 0.814219 -0.027772 
-0.322368 0.931714 0.027094 
0.553503 -0.750395 -0.028051 
-0.958843 0.164334 -0.028047 
-0.160961 0.938656 0.006694 
0.560342 -0.679413 0.026938 
-0.862153 0.249754 -0.028105 
0.771671 0.554032 -0.028106 
-0.846646 0.348324 -0.028106 
0.931949 0.115637 0.005217 
0.319578 0.934146 -0.027215 
0.356846 -0.813770 -0.027991 
0.043226 0.901091 -0.027690 
-0.835222 -0.338681 -0.028106 
-0.909032 -0.325367 -0.028106 
0.322095 -0.925292 0.026828 
0.849879 0.245322 0.016949 
-0.232392 -0.934200 -0.028106 
0.740886 -0.533274 -0.028019 
0.886242 0.299866 0.005597 
0.838012 -0.301431 -0.026534 
0.715158 0.644482 -0.028106 
-0.270957 0.860817 -0.027992 
-0.835450 0.539380 0.019704 
0.968541 0.060191 -0.028106 
-0.148790 -0.869145 -0.023022 
-0.437041 0.843057 0.006208 
-0.445019 0.801982 -0.028085 
0.446055 -0.850225 0.027155 
0.649096 -0.698174 -0.028016 
0.463508 -0.760741 -0.027991 
-0.153454 -0.959067 -0.026702 
-0.842482 0.388605 0.007854 
0.285702 -0.931334 -0.023531 
0.776075 0.453050 -0.027500 
-0.940601 0.107144 -0.028032 
-0.002855 -0.974147 -0.021064 
-0.689743 -0.687995 -0.025724 
-0.744166 0.606690 0.018176 
-0.927044 -0.274173 -0.028106 
-0.656648 0.703276 0.020409 
-0.881800 0.343560 0.007446 
0.848117 -0.414024 0.009111 
0.786645 -0.434702 -0.028098 
-0.858941 -0.412915 -0.028106 
-0.782386 -0.582249 -0.025082 
0.401634 -0.825013 0.008607 
0.929665 0.265500 0.027067 
-0.975983 -0.047510 -0.027317 
-0.102109 0.960725 0.023357 
-0.432492 -0.758188 0.017164 
-0.232511 -0.879120 -0.028106 
0.291021 -0.851768 0.027078 
-0.227432 0.963125 -0.012264 
-0.955913 0.068928 0.024634 
-0.727826 0.636821 -0.028106 
0.887497 -0.358312 0.024353 
-0.896894 0.245316 0.006297 
0.275034 0.916995 0.009213 
0.956528 0.055345 0.018987 
0.931791 -0.180047 0.009638 
-0.888731 -0.003220 -0.022471 
0.862753 0.410624 0.011127 
-0.060213 -0.951752 0.026651 
-0.565713 0.751069 0.005217 
-0.375463 0.859316 0.005914 
-0.442302 -0.811522 0.005619 
-0.787986 0.533408 0.013729 
-0.419018 -0.874934 -0.027692 
-0.621441 -0.671661 0.010473 
0.584214 -0.723924 0.005217 
0.165430 0.931665 0.005217 
-0.780487 0.456572 -0.028038 
-0.040555 0.954046 0.007932 
-0.891802 -0.277564 0.005217 
0.921629 -0.133517 0.005747 
0.884934 0.427907 -0.027396 
0.824403 0.532061 -0.028106 
0.470528 -0.814272 0.008008 
0.946461 -0.285032 0.025033 
0.754919 -0.614977 -0.027470 
-0.693976 0.548652 0.014553 
0.683549 -0.626144 0.005730 
0.050122 -0.947733 0.020406 
0.231826 -0.851516 -0.020207 
0.922193 0.340956 -0.027023 
0.603621 -0.677943 -0.027988 
0.161551 -0.933483 -0.028083 
-0.121474 0.916073 0.018329 
-0.463922 0.868662 -0.027468 
-0.733098 0.532681 -0.028106 
0.783780 0.500809 0.010619 
0.662756 -0.668097 0.007464 
-0.812531 0.439970 0.010965 
0.918880 -0.008452 0.014735 
-0.530191 -0.747920 0.008769 
-0.957494 -0.172219 -0.028106 
-0.310167 -0.870696 0.005528 
-0.388931 -0.903124 0.011919 
0.032199 0.964507 0.019330 
-0.878722 -0.107192 0.027153 
0.089954 0.947098 0.006250 
0.242097 0.904486 -0.028106 
0.635789 0.684942 0.006911 
-0.193137 -0.860306 -0.012507 
-0.182994 0.879439 -0.023725 
-0.692854 0.658797 0.011226 
0.559927 0.815731 -0.020630 
0.755838 -0.515272 0.014367 
0.675372 0.719366 -0.026211 
-0.870569 0.188253 -0.012618 
-0.792755 -0.440730 -0.028106 
-0.166338 -0.923439 0.007797 
0.567125 0.767219 0.007886 
-0.093504 -0.908389 0.011050 
0.962029 -0.075962 -0.028106 
0.887315 0.115266 -0.026787 
0.733527 0.611797 0.009371 
0.854200 0.495870 -0.005345 
0.938491 0.187863 0.014875 
0.914850 -0.071007 0.016092 
0.990479 -0.060152 0.013242 
0.892285 0.031301 -0.025780 
-0.377451 -0.797021 -0.014405 
-0.696659 -0.544494 -0.022858 
-0.009991 -0.885255 -0.027342 
0.377400 0.853785 0.008060 
-0.915264 -0.021307 0.015672 
0.811394 -0.461835 0.005217 
-0.797424 -0.362718 0.010548 
0.226717 -0.914516 0.009799 
0.891233 0.359207 0.020155 
-0.833115 -0.508156 -0.024601 
0.421043 0.782398 0.016237 
-0.036470 -0.933025 -0.028106 
-0.547070 -0.711573 -0.028106 
-0.608190 0.748510 0.024483 
-0.359332 0.821940 -0.014381 
0.544919 -0.809958 -0.021975 
0.137377 0.920304 -0.028106 
-0.876776 0.435232 -0.027998 
0.101139 -0.937734 0.010997 
-0.938911 0.051590 -0.028040 
-0.901554 -0.228366 0.005229 
0.848802 -0.235811 0.005490 
-0.242574 -0.907153 0.008175 
0.499830 -0.838161 -0.018074 
0.785695 -0.518229 -0.028002 
-0.741427 -0.465407 0.021965 
-0.718570 -0.673087 0.018757 
0.047048 -0.882800 -0.026606 
0.617852 0.714251 -0.028106 
0.213873 0.906932 0.009122 
0.523988 -0.795921 0.023511 
-0.628665 -0.620374 -0.022266 
-0.765978 -0.559717 0.015700 
-0.495919 0.800522 0.005217 
0.523449 0.763660 0.014341 
-0.913312 0.041961 0.019354 
-0.298871 0.837318 0.005633 
0.668584 0.583757 0.006003 
0.256416 0.860922 -0.022905 
0.960491 0.111037 -0.028106 
-0.863741 0.487600 0.025594 
-0.003569 -0.913911 0.010443 
-0.201743 0.904172 0.013915 
-0.433804 0.801803 0.027139 
0.858123 -0.393179 -0.028106 
-0.892041 -0.406188 0.027155 
0.908699 -0.368564 -0.014726 
-0.527667 0.714671 0.025390 
-0.899368 0.293715 0.007768 
0.912208 -0.261522 0.011760 
-0.173667 0.970824 -0.027330 
0.737179 -0.586679 0.009669 
-0.887089 -0.048151 -0.014384 
-0.839442 -0.429242 0.008512 
0.581271 -0.784201 -0.020779 
-0.325454 0.889768 0.005525 
-0.346877 -0.847064 0.009138 
-0.913943 -0.126584 0.008130 
0.696858 0.664430 0.018962 
-0.980766 0.104221 0.026798 
-0.142004 0.979343 0.027138 
-0.664737 -0.722542 0.003944 
0.822406 -0.488463 -0.028014 
0.841345 0.450227 0.009583 
-0.496588 -0.838583 -0.015659 
-0.595508 0.656518 0.007330 
-0.873743 -0.326963 0.005217 
-0.098902 -0.968677 -0.017721 
0.707073 0.690538 -0.023198 
0.767484 0.571122 0.011077 
0.828631 0.371776 -0.028106 
0.911652 -0.219147 0.005217 
0.317441 -0.818078 0.026730 
0.894097 -0.305222 0.008791 
-0.870487 -0.172434 -0.016907 
0.457300 0.805001 0.014684 
0.789466 -0.593361 0.018844 
-0.267674 0.952638 -0.021757 
0.079941 0.889304 0.026726 
-0.599005 -0.767731 -0.025558 
-0.040255 0.979738 -0.028106 
0.964395 -0.170417 -0.026930 
-0.881694 -0.252188 -0.028106 
0.584879 0.667649 0.011748 
-0.989419 -0.015725 0.008017 
0.292777 -0.874066 -0.028106 
-0.197132 -0.953897 -0.015110 
0.183624 -0.923481 0.009396 
0.689525 -0.550252 0.002106 
0.927269 -0.319332 -0.015976 
0.172636 0.975352 0.027141 
-0.831680 -0.294818 0.001866 
0.419209 -0.880584 -0.014351 
-0.931185 0.182243 0.009068 
-0.765751 0.497858 0.026854 
-0.068268 -0.869934 0.011416 
0.490592 -0.774304 0.009762 
-0.983521 -0.090679 0.004985 
0.479764 0.821662 -0.028106 
0.373601 -0.900870 -0.021916 
0.604810 -0.633700 0.011587 
0.791549 -0.380575 0.010424 
-0.815642 0.495706 -0.028070 
-0.856528 -0.191303 0.021379 
-0.319718 -0.847617 -0.028106 
-0.416043 -0.822122 -0.028106 
-0.908628 0.153479 -0.028103 
-0.246826 0.891754 0.015479 
0.308907 0.851786 -0.028106 
0.005896 0.929273 0.011300 
0.559072 -0.764000 0.012241 
-0.713076 -0.577264 0.014141 
-0.547958 0.789613 0.015890 
-0.752649 -0.531963 -0.028106 
0.910999 -0.250034 -0.028043 
-0.033313 -0.982349 0.015088 
0.178580 -0.967012 0.019797 
0.910707 0.157625 0.010476 
-0.481219 0.746643 0.025002 
0.297016 -0.894176 0.009655 
-0.503657 -0.802476 0.015698 
0.848214 0.336509 0.027144 
-0.640311 -0.700539 -0.028106 
-0.882851 0.128977 0.027129 
0.446946 0.883391 -0.016155 
0.424631 -0.841607 -0.027988 
-0.252542 0.851468 0.020844 
-0.663922 0.730301 -0.022362 
-0.769759 0.550856 -0.028106 
-0.989106 0.044988 0.019378 
-0.262323 -0.868159 0.020877 
-0.754646 -0.613937 -0.027036 
0.959185 0.191905 -0.028106 
0.203059 -0.849052 0.009063 
-0.312925 -0.932165 0.008366 
-0.978450 0.157056 0.022074 
-0.873545 0.410426 0.026713 
-0.025750 -0.872303 0.007881 
0.274314 0.958765 0.025607 
-0.931069 0.225440 0.022163 
-0.345414 0.904113 -0.028081 
0.720580 -0.623945 0.022206 
0.349138 0.866036 -0.028106 
-0.935351 0.303489 -0.008128 
-0.637419 0.666501 0.016194 
-0.955670 0.228571 -0.010493 
0.401543 0.905043 -0.002525 
-0.546174 -0.805104 -0.026409 
0.651664 0.619459 0.027155 
0.393174 -0.780596 0.019236 
0.081340 0.927693 -0.028106 
-0.081254 0.906351 -0.028029 
0.801562 0.464722 0.013008 
-0.627984 0.637228 -0.018195 
-0.928847 -0.117283 -0.028106 
0.036066 -0.909052 0.015280 
0.499863 -0.717964 0.016460 
-0.786521 -0.524269 0.010872 
0.877960 -0.434718 -0.016898 
0.134325 -0.974402 0.009293 
-0.878025 0.060172 0.013842 
-0.652465 0.598286 0.010468 
-0.688825 -0.643971 0.009866 
0.825492 -0.342481 -0.027989 
-0.410595 0.880270 0.027052 
-0.087878 0.981438 -0.027650 
-0.343943 -0.815994 -0.027318 
0.124311 -0.905349 0.010767 
-0.302453 0.885112 -0.028056 
-0.567069 -0.797017 0.027040 
-0.948259 -0.051915 0.011316 
-0.222492 0.953065 0.027085 
0.248804 -0.942388 -0.014360 
0.735325 0.494716 0.019387 
0.510454 0.858642 0.017501 
-0.029142 0.918715 0.026337 
-0.927541 -0.199345 0.011878 
-0.206848 -0.936781 0.027134 
0.156443 0.954773 -0.028106 
0.548880 0.799901 0.027061 
0.627033 -0.716968 0.022603 
0.900526 -0.293033 -0.028014 
0.374201 0.806126 0.007889 
-0.323401 -0.906888 -0.028106 
-0.780565 0.617671 0.008525 
0.560577 0.723976 0.027148 
0.024635 0.989856 -0.018087 
-0.283643 0.914418 0.009968 
0.719436 0.533764 -0.007623 
0.358401 -0.916426 0.015497 
-0.100456 0.887072 0.002788 
0.857162 0.455209 -0.028106 
-0.928967 -0.066104 -0.028106 
-0.730641 0.497887 0.008501 
-0.583920 0.711795 -0.028106 
-0.526674 0.836124 -0.019373 
-0.712679 -0.518586 0.001162 
-0.813652 0.368447 -0.024968 
0.720703 -0.550244 0.026525 
0.984014 -0.110635 0.005105 
0.124777 0.904304 0.027155 
0.891135 -0.006342 -0.012035 
0.255975 0.875430 0.027155 
0.035429 0.888154 0.020697 
-0.352324 0.930012 0.002949 
-0.893352 0.207524 0.016722 
0.356018 -0.837132 0.016875 
-0.869659 -0.234054 0.027152 
0.258548 -0.874130 0.013515 
0.915187 0.043580 0.021579 
-0.720194 0.673999 -0.022614 
-0.801394 -0.442643 0.014002 
0.919877 0.302557 0.027155 
-0.776859 -0.489852 -0.028106 
0.901494 0.123229 0.027155 
0.921223 0.187133 -0.028106 
0.203093 -0.910762 -0.028026 
-0.053141 0.889555 0.004054 
0.811353 -0.420097 0.017541 
-0.973132 0.133639 -0.009089 
0.905505 0.151785 -0.028106 
-0.853292 0.398497 -0.028057 
-0.218650 0.892133 -0.028058 
-0.692985 -0.634659 -0.028106 
0.929605 0.224832 0.013705 
-0.555845 0.690768 0.016367 
0.846657 0.286030 -0.011939 
-0.409228 0.798129 -0.014185 
0.969794 0.117472 0.027122 
0.944692 -0.029465 -0.028106 
0.882194 -0.436997 0.026808 
0.430181 0.851965 0.007790 
-0.833016 0.317938 -0.004035 
0.080714 -0.878178 -0.010039 
-0.618324 0.769832 -0.009350 
-0.757434 -0.457441 -0.012432 
-0.658433 -0.575513 0.022245 
0.033855 -0.975424 0.000714 
0.892218 0.240010 0.012893 
0.346577 -0.849944 -0.028068 
-0.403315 -0.833947 0.005217 
0.917306 -0.191338 -0.028106 
0.913554 0.262105 -0.028106 
-0.933862 0.010859 -0.028101 
0.515948 0.806961 -0.028106 
0.809640 -0.549787 -0.008159 
0.891913 0.318448 -0.028106 
0.732051 -0.500131 -0.011163 
0.929086 -0.093310 -0.028106 
0.804644 0.390774 -0.004252 
0.646881 -0.638126 0.023763 
-0.726861 0.598463 -0.028106 
-0.586673 -0.732756 -0.028106 
-0.461426 -0.868311 0.017477 
-0.134461 -0.904557 0.009801 
-0.250170 -0.845577 -0.007565 
0.867427 0.177382 0.025183 
-0.374981 0.875563 -0.028106 
-0.841305 0.512871 -0.005412 
-0.133965 -0.940257 0.023768 
0.711180 0.602405 -0.028106 
0.319758 0.912433 0.023803 
0.267135 -0.841264 -0.023119 
-0.787984 -0.403607 -0.002529 
0.947045 0.021737 0.007386 
0.186168 0.878944 -0.004661 
-0.948359 -0.243734 -0.008365 
-0.755223 0.555744 0.005217 
-0.207787 -0.884220 0.017325 
0.464233 -0.815324 -0.028060 
-0.549256 0.746046 -0.028070 
0.143342 0.886593 -0.013449 
-0.031220 0.997109 0.004819 
0.870386 0.273857 0.027041 
-0.849849 0.436324 0.016519 
-0.924387 -0.277628 0.027155 
-0.711503 -0.598547 -0.028106 
-0.465393 -0.749864 -0.003897 
-0.842352 0.264002 0.005633 
-0.428375 0.860686 -0.028100 
-0.159738 0.911346 -0.028106 
-0.034565 0.942905 -0.028098 
0.787780 0.422651 0.000241 
-0.853608 0.328367 0.024622 
0.733890 -0.646137 -0.003250 
-0.716666 0.576670 0.018575 
0.970030 0.010327 -0.028106 
0.945786 -0.052819 0.007715 
-0.397463 0.833057 0.017730 
-0.154138 -0.909091 -0.028106 
0.965663 -0.132685 0.027102 
0.794105 0.587359 -0.022011 
0.390542 -0.859337 0.010697 
0.796323 0.534522 0.013860 
0.804923 -0.498124 0.012040 
0.843463 -0.271981 0.001042 
0.398670 0.884175 0.026608 
0.582989 0.748054 -0.028106 
-0.258627 -0.905273 -0.028106 
0.862380 -0.181704 0.005552 
-0.693182 0.646137 -0.028106 
0.030715 0.934647 -0.028106 
0.160780 -0.865794 0.000443 
-0.870205 -0.444624 -0.009524 
-0.952900 -0.016691 0.015424 
0.579594 -0.661419 0.002758 
0.665380 0.742491 0.005193 
-0.371033 -0.873527 0.020646 
0.344194 0.928592 -0.002007 
0.498141 0.741842 0.001974 
0.853660 -0.480370 -0.012962 
0.711422 -0.624467 -0.028069 
-0.888833 -0.406818 -0.008245 
0.597928 -0.783616 0.013918 
0.835866 0.542920 0.013053 
-0.878959 -0.348421 -0.028106 
-0.909343 0.354229 0.027155 
-0.908215 0.092612 -0.028081 
-0.625851 0.714551 0.006848 
-0.316476 -0.839382 0.027063 
-0.863747 -0.475924 0.009452 
-0.506296 -0.729304 0.027114 
-0.292275 0.952069 0.003680 
0.145964 0.979503 -0.005066 
0.449067 0.848661 -0.028106 
-0.863584 -0.293945 0.018736 
-0.915325 0.150824 0.006706 
-0.278794 -0.941411 0.005324 
-0.522685 0.849408 0.018516 
-0.815151 0.450323 -0.028104 
-0.575624 0.806605 0.001425 
-0.878907 -0.026521 0.022474 
0.824544 0.383237 0.027155 
0.105019 0.991772 0.004326 
-0.141488 0.886461 -0.010467 
-0.900557 0.276337 -0.028106 
0.858640 0.483379 0.027155 
0.968057 -0.210317 0.012169 
-0.780635 0.429715 0.000525 
-0.626746 -0.758551 0.011352 
0.734683 -0.490369 0.027138 
0.679304 -0.691949 0.027102 
0.844244 -0.446189 0.022484 
0.283055 0.948838 -0.006828 
0.760191 -0.447174 0.002835 
0.974186 0.143492 -0.014944 
-0.873636 0.263890 0.026212 
0.991370 0.056177 0.019799 
0.429651 -0.762221 0.005812 
-0.844274 0.286610 -0.023559 
-0.502482 0.784923 -0.028063 
0.658748 -0.577842 0.021015 
0.769533 0.487188 -0.028106 
0.527925 0.725517 -0.016676 
0.220521 0.972076 0.003846 
0.881712 -0.064814 0.003733 
-0.963614 -0.218141 0.010320 
-0.109202 -0.879604 -0.027685 
-0.884588 0.335292 -0.028106 
-0.792173 0.467485 0.016206 
0.564547 0.695560 0.000507 
-0.895704 0.241296 -0.028081 
0.049098 -0.873996 0.025938 
0.223766 0.871693 -0.026348 
0.933083 -0.155947 -0.028106 
0.694955 0.592093 0.027155 
0.758151 -0.559414 0.011868 
0.381017 0.852942 -0.028106 
-0.759312 -0.625327 0.005095 
-0.410409 0.909694 0.009482 
-0.735282 -0.542554 0.015238 
0.959374 0.248224 0.026528 
-0.303130 0.849165 -0.027732 
0.908281 -0.107088 0.022996 
-0.720443 0.631257 0.016364 
0.717876 0.690748 0.024892 
-0.610498 -0.655290 -0.028106 
-0.681772 0.726303 0.020222 
-0.648945 0.683737 -0.028106 
-0.910423 0.373877 -0.002824 
-0.467367 -0.774417 -0.028106 
0.665848 0.666681 0.005217 
0.663851 0.698966 0.020209 
-0.131004 0.949854 -0.028106 
-0.003042 0.928443 -0.028106 
-0.920585 0.265331 0.020139 
0.669917 0.604315 -0.028067 
-0.165955 0.907998 0.020368 
0.592483 -0.716895 -0.028019 
-0.569373 -0.754213 0.012119 
0.922132 -0.358914 0.014917 
-0.080118 0.942438 0.005217 
-0.520278 0.813408 0.024873 
0.812316 -0.345687 0.003015 
0.602149 0.747430 0.012314 
0.436840 -0.882548 0.014406 
-0.890191 -0.192849 0.023416 
0.469599 0.881643 0.010720 
0.796991 0.512409 -0.028106 
-0.579573 0.682206 -0.012548 
-0.867872 -0.134981 0.007549 
0.814278 0.446937 -0.028106 
0.863963 0.210720 0.001910 
-0.814408 0.567316 0.003882 
0.849147 -0.337648 0.018616 
-0.067430 -0.920185 -0.028106 
0.921672 0.372355 0.005132 
0.179758 -0.957674 -0.013756 
-0.597553 -0.696819 0.008334 
0.733815 0.563192 -0.028106 
0.224478 -0.879142 0.021076 
0.734196 0.573574 0.010132 
-0.810683 -0.499863 0.023264 
0.538077 -0.691459 0.005207 
-0.509416 0.731094 0.002836 
0.897183 -0.183845 0.017850 
0.983507 -0.005795 -0.002247 
-0.936618 0.088571 0.005895 
0.760783 0.645012 0.019355 
0.450208 0.773964 0.000978 
-0.295198 -0.831285 -0.002182 
-0.316582 0.855344 0.027137 
-0.657096 0.631941 0.027152 
0.945466 0.148385 0.015344 
-0.863162 -0.380050 -0.028106 
0.643922 -0.612378 -0.027216 
0.946070 -0.244277 -0.027779 
0.325656 0.845352 0.027155 
-0.538491 -0.779253 0.015371 
-0.914268 -0.347350 -0.003103 
-0.069468 0.968128 0.027018 
0.882842 0.063929 0.003953 
-0.352966 -0.870714 -0.028106 
-0.288012 -0.889315 -0.028106 
0.475366 -0.862259 0.008810 
-0.475340 0.873212 0.003108 
0.097353 -0.867285 0.020614 
0.414086 0.796870 -0.016133 
0.900963 0.328137 0.015666 
0.336946 0.906273 -0.028106 
-0.554040 -0.699139 0.027093 
0.089864 -0.969954 -0.006889 
-0.363188 -0.797393 0.026438 
0.876605 0.104863 0.015143 
0.148487 -0.889928 0.026623 
-0.559362 0.722728 0.027076 
-0.914498 -0.056321 0.015744 
0.893554 0.432504 0.026331 
-0.188846 0.946511 0.021859 
-0.520567 -0.755031 -0.028106 
0.856025 0.379109 0.005641 
0.798311 0.597464 0.010796 
-0.923573 -0.167551 0.005887 
-0.752125 0.638150 -0.006460 
-0.875404 0.091977 0.021716 
0.302624 0.838991 0.003603 
-0.426701 -0.788629 0.027067 
0.630562 -0.746937 -0.000680 
-0.915108 -0.321680 0.027155 
0.885294 -0.243411 0.013359 
-0.910700 -0.380470 0.016113 
-0.101530 0.993920 0.019685 
-0.968090 -0.078926 -0.028106 
0.748692 -0.573297 -0.028063 
-0.876276 -0.082866 0.004640 
0.850512 -0.503067 0.019301 
-0.587903 0.743874 -0.028054 
-0.187654 -0.860920 0.027143 
-0.340818 -0.916973 0.002394 
-0.016521 0.973487 0.027123 
0.573650 0.817315 0.015799 
-0.822178 -0.536505 0.002790 
0.127609 -0.932552 -0.028030 
-0.174563 -0.933987 -0.028106 
-0.876377 0.154303 -0.000447 
0.705495 -0.548683 -0.027992 
0.868592 -0.390271 0.016123 
-0.900729 -0.204414 -0.028106 
0.611758 0.678330 0.027155 
-0.810403 -0.356858 -0.018986 
0.677119 -0.704418 -0.008373 
-0.198121 -0.914023 0.006344 
-0.637366 -0.603089 0.003263 
0.326985 -0.884311 -0.028106 
-0.945295 0.295917 0.025247 
0.028951 -0.956775 -0.028055 
-0.131388 -0.973017 0.004830 
0.898331 0.407990 -0.006289 
-0.590763 -0.644121 0.008082 
-0.894551 0.410312 -0.014829 
-0.860155 -0.407557 0.019499 
-0.674453 0.573101 0.020947 
0.289455 0.923609 -0.028106 
-0.162767 -0.859595 0.004001 
-0.652516 -0.666726 0.005367 
-0.979999 -0.127898 0.005941 
0.626030 0.717785 0.007275 
0.878721 -0.118796 0.001822 
0.788622 -0.446548 0.026946 
0.505756 -0.751443 0.025832 
-0.283790 -0.888968 0.005809 
-0.252903 0.923205 0.009669 
-0.482714 0.778250 0.026876 
-0.456320 0.837901 -0.028038 
0.934983 0.312850 -0.019977 
0.095848 -0.940469 -0.028022 
0.537402 -0.824308 0.005237 
-0.810911 -0.485874 -0.028106 
-0.392452 -0.891309 -0.022490 
0.014999 0.898004 -0.013797 
0.881091 0.348322 -0.028106 
0.680004 -0.621277 -0.028032 
0.918833 0.115621 -0.028106 
-0.473763 -0.804685 0.005877 
-0.790004 0.497240 0.006019 
-0.744949 -0.582718 0.011618 
0.047889 -0.915164 -0.028065 
-0.563186 -0.680193 -0.003893 
-0.929937 0.224691 -0.028077 
0.389793 -0.827801 -0.027988 
0.835594 0.318039 -0.004473 
0.954577 0.243992 -0.006798 
0.746663 0.647698 -0.012487 
0.870117 -0.300425 -0.028076 
-0.466442 0.766476 -0.024808 
-0.825480 -0.462413 0.011467 
0.079744 0.896521 -0.026397 
0.779984 0.436476 0.027155 
0.350564 -0.885467 0.024815 
-0.956870 -0.206733 -0.018001 
-0.658786 -0.625994 -0.028106 
-0.328155 0.834717 -0.004659 
0.915835 -0.039227 0.018442 
0.904595 0.274710 0.006008 
-0.014723 -0.942976 0.011163 
-0.665872 0.674056 0.006178 
-0.425461 0.891498 -0.025156 
0.498247 -0.759292 -0.028016 
-0.368308 0.837834 0.027154 
0.078769 0.987242 -0.015819 
0.359306 0.823544 -0.023542 
-0.507103 -0.773404 0.005504 
-0.952532 0.203289 -0.028102 
0.119961 0.939513 0.005217 
0.793010 0.562289 0.027155 
-0.461751 0.824471 0.005217 
0.983043 0.036245 -0.002333 
0.875705 0.173649 -0.004348 
0.168579 -0.899945 -0.028064 
0.195306 0.938029 0.009816 
0.916702 -0.129777 -0.028106 
-0.718677 0.672795 0.027155 
-0.607875 -0.710320 -0.028106 
-0.282359 0.926254 -0.028020 
-0.680078 0.589511 -0.028016 
-0.987640 0.013150 0.025896 
0.785672 -0.522724 0.012798 
0.664246 -0.607917 0.027066 
-0.879779 0.372539 0.017436 
0.876667 -0.333898 0.005537 
0.637052 0.654653 -0.028106 
-0.882861 0.211764 -0.028027 
-0.007047 -0.888449 0.027140 
0.087486 0.918604 0.022052 
0.440137 -0.816412 0.005217 
0.363796 0.834141 0.027155 
0.276212 0.854443 -0.000520 
-0.724310 -0.491279 0.008404 
-0.979979 0.043494 -0.020108 
0.768640 0.621509 -0.002027 
0.802208 0.558568 -0.028106 
0.976304 0.186979 0.017760 
-0.798827 0.397499 -0.006818 
0.176103 -0.857058 0.025274 
0.873404 0.336267 0.005567 
0.388618 -0.794119 -0.025189 
0.865087 -0.299776 0.016586 
-0.438316 -0.850562 0.027155 
0.531356 -0.752572 0.007135 
-0.901601 0.323940 0.019512 
0.291353 -0.939564 0.015856 
-0.443604 -0.867538 -0.011565 
0.420432 0.893403 -0.026921 
-0.242183 0.870363 -0.027991 
-0.842165 0.356420 0.024879 
-0.005329 0.990504 -0.009435 
-0.850323 -0.249932 -0.001467 
0.242989 0.914094 0.005217 
0.850737 -0.359105 -0.028106 
-0.164901 0.941913 -0.028106 
-0.957841 -0.013038 -0.028106 
-0.344698 -0.822853 0.027089 
-0.453095 0.857764 0.027102 
-0.062148 -0.926341 0.005217 
0.953498 0.283083 0.021544 
-0.777560 -0.455600 0.027058 
0.820572 -0.523589 -0.027989 
-0.604566 -0.736540 0.025667 
-0.967244 -0.078565 0.027155 
0.527081 -0.767642 -0.028049 
-0.967674 -0.151524 -0.008908 
-0.846572 -0.268531 -0.026459 
0.549630 0.745527 -0.028106 
0.827603 -0.417955 -0.028094 
0.102784 -0.887319 -0.028098 
0.902365 -0.221371 -0.028072 
-0.038720 -0.880803 -0.020229 
0.882490 -0.004642 0.023257 
0.889455 -0.130494 0.027155 
0.304511 -0.908569 -0.028104 
-0.764385 0.585505 0.024110 
-0.595598 -0.666662 0.027084 
-0.834802 -0.394540 0.006524 
0.049026 -0.976853 0.026942 
0.822843 -0.546928 0.018463 
-0.161535 0.984277 0.005170 
0.625757 -0.716702 -0.027988 
0.208805 0.957058 -0.028106 
-0.738325 0.503641 -0.024074 
-0.811723 0.519458 0.025077 
-0.906080 -0.136449 -0.028106 
0.210638 0.877912 0.027155 
-0.944865 -0.162009 0.025874 
-0.941443 -0.277119 0.001454 
0.891801 0.085704 -0.027671 
0.787244 -0.409578 -0.012256 
0.248820 0.968126 0.013659 
-0.939179 0.047171 0.005837 
-0.822494 0.407332 0.019161 
-0.975379 -0.156953 0.023430 
-0.099866 0.939321 -0.028060 
-0.311892 -0.908040 0.027155 
-0.123193 0.946818 0.007939 
0.834957 0.421581 0.005950 
-0.954377 0.179052 0.027117 
0.990302 -0.022930 0.025093 
0.951380 -0.164755 0.027058 
0.484557 0.784723 0.022236 
-0.733481 -0.652702 0.003562 
-0.479375 -0.729685 0.012403 
-0.815772 0.370138 0.027122 
0.257627 0.934267 0.025531 
-0.414579 -0.775421 0.001377 
-0.417118 0.783145 0.009874 
0.498099 -0.807399 0.015480 
-0.504191 0.850278 -0.006845 
0.771062 -0.602343 -0.002187 
0.691906 0.624491 -0.028106 
-0.916969 0.007927 0.014491 
0.353707 0.932390 0.025471 
0.017694 -0.941347 0.009690 
-0.909311 0.304287 -0.028106 
0.769044 0.521163 -0.028106 
-0.948984 -0.102094 0.019895 
-0.832084 0.464822 0.013398 
-0.716290 0.522968 0.004130 
0.149602 -0.962392 -0.022778 
0.697993 -0.684437 -0.018171 
-0.840589 0.436101 -0.028044 
0.641994 0.650026 0.027155 
0.653631 -0.726202 -0.021750 
0.698499 -0.646996 0.019397 
-0.252918 -0.940967 -0.008683 
-0.849588 -0.457771 0.027155 
-0.684385 0.711368 -0.014261 
-0.218673 0.884632 0.027087 
-0.223235 -0.852971 -0.019698 
-0.914049 0.122056 0.009896 
-0.250148 -0.835926 0.020922 
0.475360 -0.835451 0.027155 
0.653104 -0.704265 0.027058 
0.919366 0.041134 -0.028106 
0.854464 -0.325575 -0.028106 
0.898189 0.237664 -0.028106 
-0.702726 0.614280 -0.028106 
0.895260 -0.390129 0.027124 
-0.085585 0.890663 0.027155 
-0.826415 0.310661 0.022995 
0.953665 -0.232004 -0.002916 
-0.789787 0.571469 -0.028106 
-0.637800 -0.637771 0.027045 
0.794123 0.426463 -0.028106 
0.839206 0.520503 -0.004602 
-0.128554 -0.879474 0.027155 
0.179706 0.908657 0.014970 
-0.347903 0.857899 0.013799 
-0.522207 -0.820829 -0.025822 
0.857092 0.421159 -0.028106 
0.109699 0.931735 -0.028106 
-0.702709 -0.619197 0.006247 
0.376743 -0.817448 0.027054 
0.347301 0.904521 0.025948 
-0.071988 -0.893851 0.027065 
-0.618345 0.775776 0.026903 
0.946167 -0.266182 0.000380 
0.832692 -0.389321 0.010531 
-0.850739 -0.480803 -0.019149 
0.369675 -0.801965 -0.005320 
0.311614 -0.925599 0.000275 
0.149457 0.952309 0.016772 
0.517419 0.755179 -0.028106 
-0.789148 0.523689 -0.028068 
-0.646256 -0.741733 0.023599 
0.603564 -0.767942 -0.013714 
0.742081 -0.649558 0.023813 
-0.694548 0.625688 0.005919 
-0.877703 0.234044 0.027125 
0.788698 -0.470723 -0.028069 
-0.258649 -0.930938 0.027155 
0.933789 -0.106854 0.005423 
-0.876499 -0.380320 0.025056 
-0.687183 -0.696265 0.001323 
0.214469 -0.884771 -0.028010 
-0.975930 0.105724 -0.004912 
0.914351 -0.341712 -0.027599 
-0.987994 0.073471 0.007821 
0.980372 0.085157 -0.021864 
-0.769769 -0.600333 -0.007312 
0.029033 0.998876 0.015446 
-0.875880 -0.145844 -0.024805 
-0.456288 -0.800410 -0.028106 
0.302213 0.878221 0.011700 
0.467105 -0.776986 0.025218 
-0.916086 0.126239 -0.028064 
0.877447 -0.147244 -0.010431 
0.284141 -0.825968 0.017912 
0.823417 -0.517503 0.027155 
0.434198 0.824098 0.009040 
0.445904 -0.787305 -0.028012 
0.339741 -0.810414 0.002121 
0.763350 -0.599920 0.027104 
0.020036 -0.881530 -0.017700 
0.232241 -0.909450 -0.027997 
-0.464756 -0.780145 0.019107 
-0.255083 0.964768 0.005356 
-0.823371 -0.433009 -0.028106 
0.629137 0.684075 -0.028106 
0.642697 0.758933 0.002875 
-0.481608 0.755530 -0.001658 
0.067059 -0.942217 -0.028024 
-0.242687 0.941507 -0.028103 
-0.563968 0.800096 -0.027994 
0.861785 0.442427 0.027155 
0.528816 0.794802 0.008176 
0.918248 -0.014906 -0.028106 
0.971279 0.000573 0.027155 
-0.903419 -0.094002 0.026686 
-0.753347 0.474072 0.001548 
-0.123172 -0.959419 -0.028106 
0.576773 -0.671211 -0.023990 
-0.175310 -0.876382 -0.028106 
0.323968 -0.893919 0.023286 
0.755573 0.595572 0.017481 
-0.510702 -0.840491 0.008377 
-0.460446 0.798857 0.019263 
0.749251 0.490209 -0.006618 
-0.574903 -0.703820 -0.028106 
-0.483564 -0.813341 -0.028106 
-0.810955 -0.339240 0.003927 
-0.688472 -0.579607 0.027058 
0.918652 0.069907 0.013126 
0.722214 0.532599 0.027155 
-0.045685 -0.876303 0.026918 
0.909136 0.014494 0.027155 
-0.890793 0.176932 -0.028035 
-0.740478 0.574187 -0.028106 
0.107681 0.882794 0.022857 
0.883027 -0.409787 -0.028106 
-0.008854 -0.943611 -0.028106 
0.671717 -0.668345 -0.028071 
0.066904 0.960212 0.014537 
0.697940 -0.600075 -0.028032 
0.477521 -0.787370 -0.028035 
0.970018 0.169331 -0.005686 
-0.536342 0.770606 -0.028053 
-0.795800 -0.565500 -0.007564 
0.853735 -0.361969 0.006308 
-0.885975 0.078440 -0.014793 
0.262307 -0.946848 0.024854 
0.155760 -0.871209 -0.027190 
0.528485 -0.708791 -0.014553 
0.945030 0.311362 0.020166 
0.350778 0.859819 0.011677 
0.511578 0.832877 0.027102 
0.026144 0.963197 -0.028106 
-0.873753 0.317290 0.006689 
0.894861 0.177120 -0.028106 
0.084109 0.979383 0.027104 
0.970172 0.089079 0.027091 
0.981360 -0.059949 -0.012645 
-0.709422 -0.669399 -0.021284 
-0.171832 0.872502 0.006099 
-0.084238 -0.943441 0.016355 
-0.897447 0.425599 0.007749 
-0.104841 0.984408 -0.005774 
0.568906 -0.708967 0.022292 
0.201335 -0.961693 0.005551 
-0.758950 -0.533228 0.005217 
0.412391 -0.862498 0.026823 
0.917398 0.249609 0.008303 
0.809952 0.494216 0.006368 
0.555089 -0.781472 -0.028089 
0.476225 -0.744476 -0.010162 
-0.067169 -0.980120 0.005716 
-0.965800 0.179549 -0.003682 
0.983953 0.123332 0.004582 
0.809478 -0.392509 0.027122 
-0.217649 0.932515 0.009862 
-0.385675 0.809412 -0.021932 
0.951677 0.208291 0.027155 
-0.867867 0.474122 0.002299 
-0.927724 0.352624 0.007209 
-0.397690 -0.858798 0.014634 
-0.651049 -0.692939 0.022388 
-0.621733 0.701342 -0.028106 
-0.364215 -0.913252 0.016539 
-0.031860 -0.922677 0.005772 
0.540195 0.706863 0.004469 
-0.949934 0.269687 0.002217 
0.854725 0.354490 -0.028106 
-0.311187 -0.875330 -0.028106 
0.738294 0.534472 -0.028106 
-0.943910 -0.094801 -0.028106 
0.207398 0.967921 0.027138 
0.370375 0.923766 0.002673 
0.382379 -0.903764 0.003459 
0.070704 -0.935734 0.007692 
-0.407043 -0.847576 -0.028106 
0.701945 0.556829 -0.002945 
0.674975 -0.573177 -0.002830 
-0.873766 -0.204262 -0.028106 
0.810043 -0.448091 -0.028059 
0.517068 -0.776489 0.005242 
0.864024 0.226157 -0.020174 
-0.864555 0.213236 -0.004590 
0.499779 0.785440 -0.028106 
0.871936 -0.177387 -0.019192 
0.402125 -0.804695 0.027057 
0.846571 -0.282394 0.027096 
0.447272 0.874728 0.027131 
0.592677 0.792623 -0.003109 
0.087558 0.953785 -0.028106 
0.767249 0.543204 0.005217 
-0.788402 0.482196 -0.028026 
-0.221825 -0.909564 -0.028106 
0.966421 -0.102394 -0.028106 
0.507054 0.743877 0.027155 
0.553752 0.696377 0.025048 
0.823063 0.327804 0.024356 
0.047832 0.896882 -0.001671 
0.121208 -0.874082 -0.013915 
-0.637997 0.620736 0.002389 
0.887866 0.434946 0.000311 
0.634984 -0.665097 0.008583 
0.445600 -0.760390 0.027151 
-0.890894 -0.070779 -0.028038 
0.840785 0.507556 -0.027899 
-0.190975 0.971707 -0.007025 
-0.568448 0.807922 0.027102 
-0.935962 -0.141594 0.009582 
-0.823512 0.342040 -0.012807 
-0.917559 0.206962 0.005539 
0.890280 0.153691 0.027155 
0.607252 0.658824 0.000265 
-0.743865 0.481117 0.025428 
-0.807387 0.370829 0.001854 
-0.531992 -0.722347 0.027067 
-0.630282 0.733830 0.026693 
-0.512866 -0.718650 -0.018819 
0.254910 -0.840975 0.001902 
-0.420224 -0.882596 0.001695 
0.827023 -0.323473 -0.009498 
-0.849196 -0.221085 0.016267 
0.398168 0.794684 0.008059 
-0.669283 -0.704862 -0.027167 
0.599946 -0.651805 -0.025280 
-0.289369 0.939847 0.027044 
-0.867143 0.189075 0.027128 
-0.830227 0.530233 -0.022078 
-0.880704 0.035554 0.004438 
-0.372417 -0.822222 0.026474 
-0.792045 0.415813 -0.026084 
-0.067579 -0.946658 -0.028106 
0.533570 0.742824 0.027155 
0.401106 0.865893 0.007626 
0.369636 0.889129 0.015642 
0.772816 0.451540 -0.001286 
-0.840363 -0.303443 0.027102 
-0.315174 -0.823534 -0.017670 
-0.935791 -0.156171 -0.028106 
-0.105588 0.891799 -0.022698 
0.159929 0.906551 -0.028106 
0.590775 0.686380 -0.028106 
0.881984 -0.123311 -0.024002 
-0.977169 -0.112306 0.027034 
0.864778 0.226092 0.027155 
-0.622583 0.688515 0.009409 
-0.784939 0.596965 -0.007197 
0.771280 -0.591623 -0.028106 
-0.705743 0.689869 -0.007323 
0.716429 0.647685 0.024475 
-0.847417 -0.345705 0.013319 
-0.831258 -0.483903 0.027155 
-0.179404 0.886363 0.027155 
0.180900 0.945086 -0.028106 
0.487054 0.865744 0.027087 
0.945452 0.093395 0.008745 
0.962707 -0.192972 -0.013609 
-0.599509 0.732373 0.005709 
-0.252386 0.861175 -0.005642 
-0.758931 -0.484256 0.027060 
0.730841 -0.524198 0.027129 
0.953227 0.228399 -0.027826 
-0.384862 -0.783304 0.010816 
-0.541747 -0.803699 0.027155 
-0.793636 -0.405315 -0.028032 
0.519682 -0.813207 -0.028099 
0.539162 0.830000 -0.013556 
-0.207432 -0.848209 0.005770 
-0.490450 0.828865 0.019592 
-0.916044 -0.300167 -0.028106 
-0.770424 -0.503755 0.008857 
-0.689030 -0.547034 0.002196 
-0.579442 -0.792749 0.004404 
0.574359 0.735072 0.007895 
0.117943 0.902812 -0.028106 
0.708330 -0.592865 0.006532 
-0.156319 0.955682 0.025966 
-0.923701 -0.322258 -0.003942 
-0.672929 0.641027 0.008473 
-0.091085 -0.876043 0.027144 
0.580702 -0.749518 0.014150 
0.765637 0.492005 0.027155 
0.868808 0.286836 -0.028106 
-0.240653 -0.879692 0.012091 
0.737197 0.590333 -0.028106 
-0.134651 -0.891779 -0.028106 
0.649867 0.611210 0.002506 
-0.280321 0.852371 0.027092 
-0.478112 -0.854721 0.002832 
0.326211 -0.847578 0.020283 
0.231224 0.934078 -0.028106 
-0.648550 0.709727 -0.028106 
-0.955561 0.130930 -0.028006 
-0.836064 0.289118 0.003795 
0.583857 0.688499 0.027155 
0.263122 0.926421 -0.028106 
0.414083 0.833865 -0.028106 
-0.785952 -0.393279 0.026004 
0.622831 0.780214 0.012736 
0.908203 0.377878 -0.027142 
-0.863308 0.373351 -0.028106 
-0.951281 0.208546 0.027123 
-0.934249 0.149920 -0.028063 
-0.777798 0.563748 0.020252 
-0.913264 -0.096675 -0.028106 
0.854132 -0.211568 0.012628 
0.239418 -0.954017 0.011146 
0.189664 -0.941246 0.027135 
-0.574209 0.771799 0.018056 
-0.694554 -0.569680 -0.028106 
-0.861475 0.322659 -0.028106 
0.055199 0.989022 -0.003911 
0.629273 -0.680499 -0.027993 
0.101959 -0.900542 0.022668 
-0.337309 -0.870758 0.005921 
-0.816053 -0.530883 0.027155 
-0.764892 0.626033 0.027155 
0.624943 -0.626585 -0.002774 
0.832568 -0.300685 0.001580 
0.600271 0.768358 0.027133 
-0.666757 0.664522 -0.028106 
-0.539000 0.706936 0.003651 
-0.732878 0.554563 0.019800 
-0.039150 -0.907462 -0.028106 
0.907272 0.214542 0.006224 
0.650371 0.728318 0.027099 
0.592189 0.713184 -0.028106 
0.822296 -0.480330 0.019313 
-0.400042 -0.881075 0.027155 
0.470022 0.792175 -0.028106 
0.651059 0.711408 -0.028106 
-0.844607 0.500333 -0.027545 
-0.723409 -0.508771 -0.021062 
-0.910318 0.020998 -0.028083 
-0.442410 0.779472 -0.013241 
0.148043 0.876441 0.011143 
0.150098 -0.906690 0.007327 
-0.927523 0.286288 -0.028106 
-0.728999 0.674546 0.003797 
-0.034131 0.893621 0.027042 
0.795314 -0.542349 -0.028013 
-0.920023 0.292442 0.027155 
0.724820 -0.652774 -0.026220 
0.154303 0.910027 0.021447 
0.665406 0.637042 -0.028106 
0.833271 0.484448 0.024254 
0.392180 0.889314 -0.028106 
0.853774 0.263606 -0.001980 
-0.652072 -0.725064 -0.022489 
-0.359162 0.879508 0.006245 
-0.980186 -0.021276 -0.019007 
-0.868732 0.274383 -0.028106 
-0.190183 0.950505 -0.028106 
0.904903 -0.150144 0.015335 
0.718766 0.682132 0.000954 
-0.776503 -0.424025 -0.017884 
0.076303 0.891606 0.001650 
-0.982790 0.127943 0.017867 
0.985317 -0.083044 0.003470 
-0.047809 0.927614 0.011561 
-0.890468 -0.307982 0.007607 
0.799717 0.380408 0.022546 
-0.850997 -0.318777 -0.028106 
-0.791022 -0.575243 0.027155 
0.980221 -0.139912 0.005512 
-0.879327 -0.107759 0.000731 
-0.759095 0.527066 0.011506 
-0.371865 -0.844146 0.006025 
0.973566 -0.047360 0.027112 
0.941649 -0.306175 0.011981 
-0.474551 0.790212 -0.028078 
-0.382239 0.884396 0.018472 
0.958607 -0.050904 -0.028106 
-0.532933 0.772090 0.005560 
-0.710999 -0.514621 0.026062 
0.897307 0.293768 -0.028106 
0.786410 -0.481407 0.008078 
-0.707304 -0.644198 0.027072 
-0.090166 -0.932076 -0.028106 
-0.831503 -0.367286 -0.028106 
0.576429 -0.739872 -0.028059 
0.840866 0.479965 -0.028106 
-0.955136 0.086565 -0.028013 
-0.753451 0.483647 -0.026309 
-0.877846 0.153011 -0.025526 
0.689312 0.671869 -0.028106 
-0.663957 -0.644384 0.006418 
-0.333345 -0.922008 0.025830 
-0.206658 -0.934654 -0.028106 
-0.302104 -0.819216 0.022993 
-0.147648 -0.861644 0.025399 
-0.930217 -0.182489 -0.028106 
0.107977 -0.955668 0.027155 
0.255480 -0.897740 0.005668 
0.748453 0.624639 0.027155 
0.530185 -0.741247 -0.028020 
0.011744 -0.983141 0.009566 
0.877600 0.387150 0.015462 
-0.198500 -0.962897 0.014288 
-0.750866 0.624484 -0.028106 
0.891753 -0.073986 -0.027755 
-0.293209 -0.858819 0.019491 
0.758957 -0.550509 -0.028050 
-0.141114 -0.967177 0.027075 
-0.501043 -0.719539 0.003154 
-0.435518 0.878965 0.027111 
0.531020 -0.701518 0.026917 
0.866758 -0.455771 -0.009608 
0.575648 -0.783051 0.027108 
-0.361064 0.842663 -0.028106 
-0.084357 -0.969687 0.027155 
-0.370898 0.917381 -0.007805 
-0.710626 0.534920 0.026923 
0.550140 -0.720336 -0.028013 
0.190418 -0.933612 -0.028083 
-0.964392 -0.177009 -0.000521 
-0.791838 -0.469928 -0.028106 
0.167978 0.882345 -0.021260 
0.335247 -0.826074 -0.028042 
0.880812 0.153827 -0.026110 
-0.347227 -0.810894 -0.000559 
0.745330 -0.479885 -0.005553 
-0.917839 -0.245294 0.013301 
0.675461 0.643631 0.011865 
-0.290390 -0.835988 -0.027194 
0.552209 -0.735294 0.008163 
-0.052410 0.991282 0.027152 
0.411866 -0.778822 0.001157 
-0.884299 -0.324236 -0.028106 
-0.014010 0.942628 0.005217 
-0.340702 0.902240 0.020466 
0.950692 -0.201011 0.027091 
-0.107198 -0.894776 0.026949 
-0.781212 -0.422912 0.027122 
0.766023 -0.447321 -0.021161 
0.490638 0.827726 0.015073 
-0.301374 0.895182 0.005217 
0.058002 -0.874753 0.002949 
0.602294 -0.652727 0.027076 
-0.836507 -0.367087 0.018966 
-0.719921 -0.538229 -0.028106 
0.926448 -0.229364 -0.028100 
-0.888616 0.019737 -0.013500 
0.558359 0.789078 -0.028106 
0.790610 0.536191 -0.028106 
0.936114 0.054500 0.005174 
0.106982 0.959069 0.019373 
0.956474 0.086775 -0.028106 
-0.457628 -0.828564 0.014531 
0.238332 0.961193 -0.011060 
-0.388988 0.919400 0.016546 
0.886790 -0.273967 0.006167 
0.457142 0.838310 0.008010 
-0.772152 0.430467 0.023533 
0.522365 0.844286 0.001590 
0.378963 -0.836259 0.008315 
-0.758556 -0.571013 -0.028106 
0.064854 -0.909051 0.013044 
0.804421 -0.368023 0.027044 
0.110048 -0.910693 -0.028064 
0.202633 0.883894 -0.028106 
0.981034 -0.078625 0.027148 
-0.665045 0.734184 0.001764 
-0.898070 -0.140133 0.026144 
-0.724296 0.600738 0.005217 
0.022976 0.946795 0.005217 
-0.436690 -0.766387 -0.005473 
-0.947874 -0.271163 0.025227 
0.244324 -0.920640 0.025581 
-0.004161 -0.881983 -0.003345 
-0.547536 -0.736488 -0.028106 
-0.115493 0.968687 -0.028094 
-0.694859 -0.670642 0.027155 
0.260558 0.884386 -0.028106 
-0.217971 0.974419 0.007164 
-0.672916 -0.572536 -0.013458 
-0.008651 -0.916123 -0.028106 
-0.902707 -0.273527 -0.028106 
0.818314 -0.331519 0.026564 
0.859464 -0.238864 0.027155 
0.274441 0.884990 0.014541 
0.352648 -0.908910 -0.009612 
0.903688 0.214013 -0.028106 
-0.369407 -0.815381 -0.028106 
0.890026 0.055093 -0.021565 
-0.867501 0.393020 0.010921 
0.887007 0.093682 -0.003709 
-0.983881 0.029204 0.001717 
-0.688519 -0.659160 -0.028106 
0.828278 0.336591 -0.018276 
0.248032 0.861478 0.000693 
0.748262 0.626632 -0.028106 
-0.910366 -0.013490 -0.028106 
-0.061289 0.988548 -0.019928 
-0.259572 0.874742 0.027094 
0.224904 -0.948025 -0.007297 
-0.291150 -0.936590 0.025590 
0.890310 -0.030494 -0.010594 
-0.936222 -0.250705 -0.028106 
-0.127955 0.894493 0.027155 
-0.398144 0.882533 -0.028106 
-0.101106 0.925595 0.009418 
-0.858895 0.236461 -0.008128 
-0.686254 0.572711 -0.000134 
-0.750521 -0.633983 0.025870 
-0.528323 0.726328 -0.026812 
0.423565 -0.834845 0.006208 
0.938958 -0.262179 0.027109 
0.297169 0.920905 0.024564 
0.940478 -0.082037 0.006456 
-0.784109 -0.543623 0.025047 
0.207785 -0.926614 0.020903 
-0.337634 0.926896 -0.026867 
-0.562775 0.725866 -0.028082 
0.210015 -0.897531 0.006263 
0.921851 0.350404 -0.004746 
-0.278180 0.883778 -0.028022 
0.057806 -0.976861 0.002388 
-0.861417 0.454516 0.027155 
-0.863163 -0.167357 0.005419 
-0.552186 -0.727569 0.011619 
-0.199645 0.865547 0.019197 
0.546078 -0.787175 0.027061 
-0.608865 -0.761585 -0.004381 
0.680808 0.696063 -0.028106 
0.792127 -0.574103 -0.006019 
-0.181884 -0.890701 0.016080 
-0.615852 -0.653794 0.027066 
0.176064 -0.896228 0.011243 
-0.836982 -0.403265 -0.028106 
0.888740 0.403032 -0.028106 
0.718322 -0.518931 -0.016910 
0.671150 0.594900 0.027155 
0.539385 -0.813910 0.027055 
0.268218 0.848864 0.024865 
0.156155 -0.963040 0.027106 
0.172430 0.980838 0.003072 
-0.028238 0.897462 -0.005988 
0.973260 -0.188000 0.018963 
0.743173 -0.635325 -0.023079 
0.885669 -0.062194 0.027155 
-0.881780 -0.348294 0.012369 
0.343265 -0.819718 0.027111 
0.442166 0.780139 0.027155 
0.929325 -0.336787 0.005457 
0.057243 0.900813 0.027155 
-0.421852 -0.798984 -0.028106 
0.224047 -0.856051 0.027127 
0.766769 -0.537893 0.006401 
-0.282352 0.851664 -0.003749 
0.651264 -0.600263 -0.008104 
0.975171 -0.121064 -0.016255 
-0.895061 0.028893 0.027152 
0.966222 0.198571 -0.000353 
-0.371686 -0.900828 -0.004212 
-0.884880 -0.017058 0.001568 
0.841943 0.367576 0.023380 
-0.724073 -0.596999 0.006981 
0.929984 -0.208221 0.015524 
0.446690 0.893372 0.006983 
0.834075 -0.381366 -0.028106 
-0.540932 0.745930 0.019541 
-0.936860 -0.000897 0.005180 
-0.935341 -0.033066 0.005160 
0.111441 -0.972279 0.002505 
0.691747 -0.561391 0.027115 
-0.523970 -0.819292 0.027155 
-0.673746 -0.557578 0.020573 
0.883716 -0.091557 0.000696 
0.279510 -0.837095 -0.002412 
0.650796 -0.737871 0.025556 
-0.897725 0.354908 -0.028106 
0.451402 -0.796370 0.010562 
-0.853808 0.493434 -0.000635 
-0.053606 -0.978287 0.026426 
-0.814295 -0.539441 -0.019889 
-0.233942 0.919532 -0.028080 
-0.902394 -0.354308 -0.028106 
0.878105 0.132275 0.026838 
-0.242239 0.965895 0.026273 
-0.729373 -0.613870 -0.028106 
0.669972 -0.642551 -0.028043 
-0.903881 -0.227723 -0.028106 
-0.585132 -0.661057 -0.011520 
-0.830767 0.384247 -0.028081 
0.387903 -0.882297 -0.028070 
0.082538 -0.962810 -0.027992 
0.890666 0.036368 -0.002940 
0.843070 0.304081 -0.026471 
0.836695 0.399396 0.013309 
0.888422 -0.359827 -0.028106 
-0.442042 -0.819010 -0.028106 
-0.526294 0.794419 0.008034 
0.981945 0.068741 -0.005228 
0.423640 0.876381 0.027056 
0.921772 0.326088 0.027155 
0.809311 0.387322 -0.026933 
0.010155 0.978873 0.027139 
-0.795899 0.436531 0.027064 
-0.961295 -0.035108 0.027155 
-0.832086 0.508133 0.027126 
-0.544595 0.809822 0.027140 
0.336440 0.832482 -0.018743 
0.740657 -0.605194 0.025339 
-0.933126 -0.113413 0.006059 
-0.459260 0.776914 0.027144 
-0.874060 -0.230136 -0.028106 
-0.977826 -0.070206 -0.004657 
-0.090152 -0.976484 0.004113 
0.927893 0.092993 -0.028106 
-0.550044 -0.781290 -0.028106 
0.700256 -0.695141 0.017395 
0.981661 -0.009711 -0.025585 
0.395645 0.917570 0.016221 
0.809253 -0.565840 0.019152 
0.882336 -0.241420 -0.028008 
-0.219695 -0.919379 0.013292 
0.125734 0.881186 0.005628 
-0.731298 -0.653812 0.026707 
-0.771198 -0.546014 -0.028106 
-0.508928 0.817761 -0.028017 
-0.907867 0.401377 0.006037 
0.867863 0.296828 0.024348 
-0.560269 -0.797606 -0.007846 
-0.678908 0.703213 0.027155 
-0.890177 0.267582 0.006453 
-0.815135 -0.362902 0.027105 
-0.542894 -0.685262 0.006241 
0.741483 -0.596035 -0.028076 
-0.853106 0.510986 0.014564 
0.913377 0.359561 0.027155 
0.889935 0.060333 0.027155 
-0.150519 0.972434 -0.027992 
0.371842 -0.872074 0.015851 
0.599982 -0.736918 0.016919 
0.187487 0.876467 0.027155 
0.748179 -0.499116 -0.028015 
0.496679 -0.731060 -0.005025 
-0.087557 -0.877260 -0.010956 
-0.575632 0.726552 0.011016 
-0.966090 0.223791 0.009642 
0.151827 0.987819 0.018925 
-0.185091 -0.947475 0.027104 
0.953556 -0.008183 0.012407 
0.624039 -0.636282 0.027120 
-0.804004 0.560484 0.027061 
0.579349 0.801776 -0.022433 
-0.578531 -0.699924 0.021162 
0.907361 -0.315131 -0.028033 
-0.671670 -0.717072 0.025279 
0.983187 -0.029904 -0.001260 
-0.872439 0.122242 0.007667 
0.912149 -0.196016 0.005217 
0.218530 0.934113 0.010935 
0.683529 0.579669 -0.011057 
-0.985899 -0.046867 0.003854 
0.969312 -0.156933 -0.007289 
-0.744481 -0.630997 -0.015375 
-0.268184 -0.835188 0.002309 
-0.865225 0.165332 0.020722 
-0.951503 0.097416 0.021049 
0.172491 0.949117 0.018441 
0.623845 -0.689277 0.005217 
-0.069215 0.895392 -0.011334 
-0.555723 0.817156 -0.004958 
0.924576 -0.303228 0.027100 
-0.290232 0.945837 -0.018317 
-0.842488 -0.274617 -0.004712 
0.785119 0.473986 0.026058 
-0.612692 0.641494 0.005106 
0.378648 -0.905660 0.025999 
-0.263773 -0.933470 -0.027655 
0.183698 -0.859103 0.002044 
-0.258583 -0.882364 -0.028106 
0.492413 0.761466 0.027155 
0.904599 0.003461 -0.028106 
-0.414523 0.820121 0.025756 
-0.325921 0.943796 0.008014 
0.355895 -0.856789 0.005217 
0.864958 0.475788 -0.003595 
0.304153 -0.906985 0.027155 
-0.542108 0.821377 -0.027740 
0.912791 -0.381632 0.015237 
-0.898672 0.112535 0.027077 
0.071546 -0.870585 0.023771 
0.439752 -0.870930 -0.016568 
0.576745 -0.660865 0.025377 
-0.905545 0.215935 -0.028040 
0.289808 -0.846531 -0.028106 
0.017887 0.901203 0.027155 
0.768954 0.517977 0.012827 
0.611560 -0.712393 0.006516 
0.860458 0.240790 -0.002714 
-0.609023 -0.687566 -0.028106 
-0.633310 0.757519 -0.021292 
-0.324161 0.840496 -0.027564 
-0.390158 0.855191 -0.028106 
-0.857021 0.351693 0.008330 
0.582013 -0.686220 0.027138 
0.845532 0.265897 0.025521 
-0.214710 -0.950490 -0.001152 
0.699622 0.699260 -0.003607 
0.691548 0.684897 0.027155 
0.540932 0.775864 0.005217 
-0.034997 -0.963239 0.027155 
0.408981 -0.894915 0.007162 
-0.879204 -0.260512 0.013161 
0.431090 0.799882 0.027155 
0.759885 -0.443150 0.025107 
-0.648483 -0.613789 0.027092 
0.309631 -0.860019 0.011211 
-0.907680 -0.055614 -0.028106 
-0.430986 -0.831087 0.006471 
0.624001 0.642582 0.000090 
0.263831 -0.943343 0.002504 
0.428368 0.812042 -0.028106 
0.801009 0.465241 -0.028106 
-0.948862 -0.127773 -0.028106 
-0.210754 0.872314 -0.020611 
-0.681965 0.678463 0.021408 
-0.943728 0.159945 0.021486 
-0.342052 -0.844282 -0.028106 
0.248898 0.893695 0.012891 
0.286499 0.854385 -0.027149 
0.765229 -0.495581 0.020138 
-0.826508 0.537935 -0.000960 
-0.886879 0.430047 0.027155 
0.313073 0.873936 -0.028106 
0.234544 -0.874550 -0.028060 
0.749737 0.557268 0.010001 
-0.739445 0.636712 0.027155 
0.853774 0.514121 0.011344 
0.862598 0.320128 0.021501 
0.928385 -0.300327 -0.027999 
-0.051523 0.957716 -0.028089 
0.869101 -0.372117 -0.028106 
-0.933881 -0.291803 -0.013815 
0.161629 -0.968559 0.005119 
-0.818046 -0.314507 0.020573 
-0.922067 0.245729 -0.028082 
0.625019 0.766486 -0.020222 
0.836898 -0.507625 -0.017599 
0.711818 -0.680414 0.004539 
0.953664 0.176781 0.027155 
-0.390982 -0.808513 -0.028106 
0.450526 -0.760080 -0.002074 
-0.368530 0.897027 -0.028106 
0.347383 -0.875058 -0.028106 
-0.224437 -0.894111 0.006081 
-0.117454 0.980053 0.027139 
-0.895066 0.066198 0.027155 
0.704406 -0.532872 0.027153 
-0.905316 -0.180353 0.007747 
0.134898 0.923196 0.008450 
0.303021 0.839438 0.026439 
0.466280 0.768183 -0.024721 
-0.845134 -0.241196 0.025087 
0.285669 -0.895236 -0.028099 
0.959278 -0.064417 0.025292 
0.784103 -0.492538 -0.028050 
0.955070 0.269581 0.003882 
0.895512 -0.084644 0.027149 
-0.570281 -0.774978 0.027155 
-0.148046 0.920612 0.008541 
-0.647711 0.640125 -0.028106 
-0.618154 0.675306 0.026776 
0.683377 -0.670100 0.026389 
-0.917397 0.057200 -0.028071 
0.396916 0.838360 0.012567 
-0.954765 -0.254339 0.010082 
0.419367 -0.812010 0.011775 
-0.317922 0.916727 -0.028023 
-0.851448 0.263577 0.027139 
0.863357 -0.212593 -0.007546 
0.362361 0.921313 -0.022381 
0.199165 -0.859475 -0.013988 
0.027338 -0.892455 0.027155 
0.503539 0.778747 0.012414 
0.559548 -0.800047 -0.003774 
0.697122 0.642444 0.005861 
-0.943586 -0.198512 0.027136 
-0.790564 0.604012 0.022801 
-0.798915 -0.381014 -0.015289 
-0.107506 0.886046 0.026695 
0.865636 0.199375 0.026816 
-0.533301 0.836121 0.001730 
-0.827555 0.477074 -0.028099 
0.574671 0.798369 0.027155 
-0.307745 -0.892490 0.012027 
-0.368217 0.928048 0.018155 
-0.176203 -0.957882 -0.009301 
0.318801 -0.817350 0.002890 
-0.834086 0.425805 0.005217 
0.805674 -0.372306 -0.004357 
-0.876803 -0.273680 -0.028106 
0.487447 -0.807048 -0.028067 
0.727244 -0.562135 0.009161 
-0.909861 -0.266892 0.011968 
0.558147 -0.686297 -0.002279 
0.645475 0.708263 0.011278 
0.989133 0.015785 0.003056 
-0.686247 -0.598983 -0.028106 
-0.643438 0.611640 0.025435 
-0.611101 -0.720791 0.011781 
0.851577 -0.254226 -0.009069 
-0.616111 -0.632799 -0.009182 
0.237588 0.859826 0.026031 
-0.138315 -0.926678 0.007053 
0.519151 -0.836434 0.006736 
-0.662714 0.600538 -0.020330 
0.859981 -0.428916 -0.028089 
-0.883359 0.104383 -0.019627 
-0.437431 0.780175 0.027104 
-0.944445 0.022506 0.007411 
0.210160 0.873097 -0.001674 
-0.948987 -0.077834 0.015043 
-0.075511 -0.968092 -0.026995 
-0.849669 -0.323076 0.024350 
0.918677 -0.240613 0.011481 
-0.166386 0.981654 0.026351 
-0.908304 0.171471 0.008533 
-0.901092 -0.379851 -0.005103 
0.678912 -0.688996 -0.028077 
-0.264022 -0.906854 0.012420 
-0.483222 -0.781631 0.007504 
-0.469588 0.840365 0.018012 
0.968255 0.164032 -0.026817 
0.906412 -0.317184 0.026476 
-0.524597 -0.799227 -0.028106 
0.814664 0.559415 0.027155 
0.092512 0.975058 -0.028106 
-0.405253 0.867209 0.010384 
-0.694096 0.580320 0.027155 
-0.771513 0.449202 -0.009555 
-0.416811 -0.806558 0.019507 
0.477981 -0.758158 0.027093 
-0.753152 -0.446774 0.016072 
-0.857703 -0.353240 -0.028106 
0.495700 -0.851391 0.016111 
-0.788012 -0.559880 -0.028106 
-0.716678 -0.544962 0.027057 
0.944539 0.125886 -0.028106 
-0.770396 0.615789 -0.011707 
0.878782 0.416519 0.027155 
-0.437925 0.826247 -0.028067 
-0.429088 -0.855632 -0.028106 
-0.747388 0.576004 0.006242 
0.885187 -0.434895 0.003606 
-0.918250 0.244419 0.010259 
-0.924835 0.335451 -0.006785 
0.963179 0.036263 0.026985 
-0.313560 -0.922548 -0.011110 
-0.608670 0.789681 0.010771 
0.457956 -0.868331 0.025919 
-0.746844 -0.561755 0.005673 
0.750518 -0.627733 -0.001695 
0.720868 -0.652383 0.027114 
0.589345 -0.695486 -0.027988 
0.709891 0.546463 -0.022307 
-0.029552 0.990754 0.027146 
-0.894757 -0.303951 -0.028106 
-0.589127 0.678566 0.027122 
-0.586313 -0.749666 0.024726 
0.267308 0.961349 0.004809 
0.570815 0.692125 -0.019859 
-0.495920 -0.822369 0.027155 
0.231212 -0.848967 0.001209 
0.314293 -0.880425 0.005984 
-0.098396 -0.930566 0.006471 
0.762025 -0.578517 0.025089 
0.797157 0.406517 -0.020629 
0.864279 -0.190069 0.026883 
0.290336 -0.873976 0.006524 
0.143675 0.977778 -0.026373 
0.892417 0.175079 0.027155 
0.909057 0.103240 0.024902 
-0.276568 0.894449 0.006414 
-0.910593 -0.300690 0.026509 
-0.540913 -0.697381 -0.013220 
0.467682 0.756089 0.006123 
-0.807208 -0.513760 -0.028106 
0.724596 0.619157 -0.028106 
0.847323 -0.469773 0.027087 
0.718144 -0.662959 -0.008556 
-0.579281 -0.752888 -0.028106 
0.322669 0.867250 0.016199 
0.872519 0.246088 0.027155 
-0.879407 -0.055360 0.004292 
0.821852 0.534918 0.027155 
-0.884082 0.433642 -0.006941 
0.704685 0.707008 0.015716 
0.068496 -0.956434 0.027155 
-0.680732 -0.622990 0.009027 
-0.862213 -0.458529 -0.023714 
-0.895692 -0.034147 -0.028106 
-0.884111 -0.213295 0.025086 
-0.036717 -0.970328 -0.026910 
0.763216 0.583889 -0.028106 
-0.822168 -0.329146 -0.014105 
-0.638087 -0.742857 0.002273 
0.049859 0.944178 -0.028106 
0.942885 0.205744 -0.028106 
0.106706 -0.917809 0.005614 
0.211034 0.903550 -0.028106 
0.581382 0.682911 -0.003158 
-0.119967 0.880831 0.008806 
-0.089481 0.977930 0.027100 
0.429335 -0.771994 -0.013164 
-0.852492 -0.436623 0.026945 
0.896337 -0.178056 -0.028106 
-0.972513 -0.001831 0.027077 
0.939074 0.327675 0.005527 
0.833088 0.299617 0.007053 
-0.902453 -0.398144 0.007515 
0.133699 0.962729 0.027143 
0.659905 -0.647009 0.006324 
-0.274517 0.960157 0.014883 
-0.570377 0.704544 0.027086 
0.307488 0.897924 0.005730 
0.731933 0.516613 -0.008785 
-0.261411 -0.843235 -0.025448 
0.053514 -0.894744 0.027155 
0.392845 0.835297 -0.028106 
-0.166570 -0.937191 0.025603 
0.901709 0.353388 -0.028106 
0.288234 0.942819 0.027155 
0.444539 -0.823234 -0.028029 
0.168935 -0.884016 0.027050 
0.118422 0.983317 -0.009764 
-0.422054 0.840450 -0.028102 
0.720039 0.588736 0.014484 
-0.372837 0.805324 0.012423 
-0.131120 -0.862606 0.009152 
-0.326424 0.894708 -0.028072 
-0.876279 0.296362 0.008790 
0.385008 0.912321 -0.019054 
-0.959433 0.056809 -0.028016 
0.878388 0.122802 0.003119 
-0.478317 0.847454 -0.028004 
0.106332 -0.873018 0.001095 
0.787835 0.404685 0.011394 
-0.714229 0.537179 -0.011365 
0.034169 -0.927524 0.005217 
0.238193 -0.930273 -0.028004 
-0.414654 -0.768420 0.021904 
-0.399445 -0.786562 -0.008222 
-0.923283 0.060926 0.007581 
0.162924 -0.927520 0.009524 
-0.500940 0.763698 0.027155 
0.819219 -0.442265 0.005217 
-0.595438 0.668372 -0.011572 
-0.601800 0.659676 0.027152 
0.803921 0.515332 0.009853 
-0.670915 0.614908 0.027155 
-0.870038 0.214473 0.027155 
-0.840830 0.318736 -0.028106 
-0.510666 0.765571 -0.028080 
0.309110 -0.837354 0.027091 
-0.842527 0.476763 0.027155 
-0.179684 0.904865 -0.028106 
0.979702 0.153749 0.004476 
-0.429324 0.900815 0.022429 
-0.303507 -0.913443 -0.028106 
