-0.131401 -0.831067 0.019573 
0.184462 0.974871 0.079819 
-0.963995 0.246782 0.024767 
0.982153 -0.095875 0.056113 
-0.848620 -0.520447 0.050097 
0.623521 -0.766053 0.063392 
-0.533912 0.839883 0.062854 
0.754737 0.579065 -0.091953 
0.648564 -0.350724 -0.099519 
-0.694732 -0.104454 0.026680 
-0.140319 0.735029 -0.102512 
0.663981 0.193018 0.082170 
-0.590980 0.435724 -0.072504 
-0.542355 -0.778759 -0.099764 
0.362817 0.593290 0.085694 
0.243010 -0.695722 -0.098993 
-0.500473 -0.487845 0.073752 
0.178302 -0.973867 0.079663 
0.434137 0.843903 -0.096850 
0.831764 -0.520730 0.093569 
0.918425 0.173254 -0.102663 
-0.131588 0.981115 0.091086 
-0.840880 0.527795 0.090769 
-0.968263 -0.236024 0.071023 
-0.676863 0.200549 0.092917 
0.473090 -0.509154 0.087084 
0.888551 0.394765 0.100119 
0.723445 -0.059017 -0.085985 
0.156383 0.724821 -0.100571 
-0.367632 0.595114 0.056570 
0.617043 0.748471 0.100916 
-0.387867 -0.884709 0.101573 
-0.962830 -0.008277 -0.081436 
-0.666703 -0.362829 -0.103761 
0.598515 0.464771 0.089990 
-0.317876 -0.658133 -0.042393 
-0.682078 0.675411 -0.090274 
-0.335026 0.898858 -0.085867 
0.076567 -0.695330 0.092840 
0.904879 -0.298355 -0.076288 
-0.677682 -0.703529 0.100588 
0.408905 -0.891720 0.016657 
0.008878 0.735800 0.101573 
0.712916 -0.218320 0.099344 
0.028894 0.932350 -0.103753 
0.605359 -0.591156 -0.103704 
0.722490 0.340429 -0.103761 
0.507212 0.619488 -0.103451 
0.076889 -0.869528 -0.103761 
-0.747081 0.082905 -0.101994 
-0.813832 0.382774 -0.103570 
-0.679517 -0.587315 -0.103761 
-0.885900 -0.354625 -0.097855 
-0.299306 -0.896479 -0.101510 
0.305018 -0.643538 0.101048 
0.938685 0.111319 0.101277 
-0.651691 -0.299429 0.099652 
-0.472323 0.725067 -0.103723 
-0.201362 0.727077 0.098620 
0.378111 0.883983 0.101467 
0.499529 -0.760750 -0.103761 
0.801741 -0.476904 -0.103066 
0.233997 0.906970 -0.103149 
-0.018725 -0.985636 0.092873 
0.740924 0.012424 0.100662 
-0.939848 0.064682 0.099221 
0.776550 0.560640 0.101450 
-0.666652 0.689114 0.101573 
0.636172 -0.393936 0.097228 
0.196194 0.696246 0.101573 
0.717918 0.131958 -0.094603 
-0.823435 -0.153966 -0.103761 
-0.305776 0.905193 0.101497 
-0.542699 0.491289 0.101443 
0.418941 -0.592922 -0.081445 
0.265988 -0.881442 -0.103340 
0.876591 -0.338294 0.101360 
0.913410 -0.038021 -0.103761 
-0.193166 -0.675796 0.094848 
-0.485010 -0.555406 -0.094785 
-0.225615 -0.962850 0.089567 
0.601718 0.471352 -0.103761 
-0.683310 0.270741 -0.067897 
0.332505 0.647976 -0.077842 
-0.143755 0.947798 -0.083818 
-0.767927 0.048358 0.081295 
-0.552809 -0.822347 0.088867 
-0.047044 -0.734397 -0.095689 
-0.076863 -0.953038 -0.085751 
0.685686 -0.608823 0.076499 
-0.362960 0.763808 0.019528 
0.468005 0.731233 0.023800 
0.822455 0.234958 0.021134 
-0.679310 0.373034 0.065330 
-0.899946 0.152473 -0.103559 
-0.391824 -0.611780 0.101477 
-0.659066 -0.466800 0.029664 
-0.683115 0.543774 0.023330 
-0.470972 0.562378 -0.075377 
0.113342 0.838637 0.019577 
-0.859171 -0.357356 0.088992 
0.643448 0.705911 -0.074852 
-0.844393 0.367032 0.061848 
0.196393 -0.792851 0.023379 
0.884010 0.353706 -0.087532 
0.027447 0.951320 0.101573 
-0.291649 0.680532 -0.097315 
-0.094613 0.836280 0.019684 
-0.790732 0.541581 -0.093792 
-0.549804 -0.655186 0.019981 
0.739150 -0.215318 -0.103477 
0.847360 -0.184752 0.024546 
-0.203204 -0.764802 -0.103761 
-0.993611 -0.081392 0.076396 
0.691502 0.344540 0.054901 
0.416262 -0.714162 0.020787 
-0.812358 0.188565 0.021025 
0.285172 0.795057 0.019547 
-0.806309 -0.504077 -0.099631 
0.647058 0.599693 0.030704 
0.006712 0.730565 -0.074998 
-0.849440 -0.060176 0.019601 
-0.778464 -0.227195 0.028645 
-0.279123 -0.795424 0.019519 
-0.433257 -0.855657 -0.038329 
0.750109 -0.341246 0.020948 
0.565239 -0.454281 -0.038423 
-0.563253 0.628149 0.019706 
0.831910 0.467106 -0.012431 
0.953032 0.253714 0.086370 
0.465872 0.516997 0.022475 
0.018776 -0.829765 0.020598 
0.528042 -0.624124 0.022711 
0.095319 -0.725720 -0.093190 
0.491246 -0.803482 0.101260 
-0.426349 -0.727917 0.019574 
0.291310 -0.878397 0.091898 
-0.952305 -0.143324 -0.047267 
0.851655 -0.045352 0.020840 
-0.700161 -0.228834 -0.086529 
-0.065355 -0.740921 0.101173 
0.362475 -0.762433 -0.103554 
0.702185 -0.485174 0.020807 
-0.760119 -0.615176 0.009836 
0.729336 -0.614271 -0.050745 
-0.595418 -0.476650 -0.103761 
0.504186 0.852437 0.069075 
0.954672 -0.230735 0.091881 
-0.351500 -0.774781 -0.103761 
0.623098 -0.722406 -0.061481 
-0.415204 0.898277 0.019058 
-0.652878 -0.704418 -0.050286 
-0.744506 -0.367439 0.021521 
0.862689 -0.421288 0.000652 
-0.101901 0.694677 0.020013 
0.867544 -0.175432 -0.103761 
-0.655244 0.546102 -0.103761 
0.840026 0.069349 -0.103761 
0.320910 0.774570 -0.103536 
-0.917549 0.280462 -0.092509 
0.082815 -0.954676 -0.005931 
0.784704 -0.344981 -0.103761 
0.683962 -0.093524 0.053135 
-0.246610 0.818832 0.019988 
0.958298 0.033653 0.000666 
-0.736827 -0.059677 -0.092977 
0.704860 0.485187 0.021001 
0.097593 0.694901 0.019059 
0.672951 -0.476088 -0.103761 
0.629809 -0.284685 0.029527 
-0.581813 0.766618 -0.028362 
-0.069332 0.840562 -0.103542 
0.536149 0.770533 -0.102606 
0.843935 0.095267 0.020130 
-0.765300 0.637927 0.032078 
-0.445490 -0.673791 -0.103761 
-0.246837 0.798928 -0.103727 
-0.797581 0.220674 -0.103597 
0.116736 0.846824 -0.103572 
-0.182536 -0.940239 -0.026159 
0.681393 0.248149 -0.036330 
-0.238555 0.949609 0.010929 
-0.471540 0.710498 0.019751 
0.318047 -0.784417 0.019782 
0.119364 0.951295 -0.023023 
-0.366207 0.782024 -0.103761 
0.213280 -0.661578 0.025155 
0.339326 0.895334 -0.016134 
0.743027 0.461218 -0.103761 
-0.558998 0.643844 -0.103558 
-0.693295 0.384311 -0.103678 
-0.313811 -0.934285 0.016707 
0.423231 -0.614714 0.098270 
0.265546 0.649093 0.018082 
0.261717 0.887799 0.087186 
0.713352 0.667095 0.098637 
0.329650 -0.647337 -0.030514 
-0.134240 -0.716802 -0.000839 
-0.850874 0.451883 -0.016163 
0.723692 0.036670 -0.021545 
-0.579889 -0.406721 0.094251 
-0.912052 -0.235534 -0.103307 
0.802657 0.357278 0.029194 
0.424766 0.711237 -0.103514 
0.528138 0.613245 0.026121 
-0.276028 0.650334 0.015677 
-0.850544 -0.010034 -0.103761 
-0.693986 -0.191057 0.100986 
-0.970970 0.127314 0.009196 
-0.557545 -0.653700 -0.103761 
-0.067099 0.961406 -0.000815 
0.619510 0.598744 -0.103595 
-0.426078 -0.594739 -0.006180 
0.824916 0.236987 -0.103751 
0.630444 0.359560 -0.041241 
-0.794631 -0.288581 -0.103761 
-0.471018 0.838321 -0.057483 
0.190336 -0.798881 -0.103499 
-0.869504 -0.418032 -0.004463 
-0.120021 -0.927209 0.098779 
-0.127741 -0.847217 -0.103761 
-0.303282 -0.692922 0.096267 
-0.567463 0.731444 0.075826 
-0.756839 0.304002 0.026751 
-0.631077 -0.580374 0.020147 
0.919428 0.253060 -0.026696 
-0.009467 -0.704335 0.014434 
-0.482186 0.582007 0.098365 
-0.719933 0.134517 0.000372 
-0.934428 -0.325585 0.016854 
0.583671 -0.487259 0.079013 
0.421385 0.593036 -0.042796 
-0.785989 -0.396445 -0.103761 
-0.734542 0.015311 -0.015956 
0.439172 -0.847540 -0.075978 
0.167187 -0.941258 -0.070125 
0.757292 0.616028 0.012569 
0.575326 0.786019 0.010474 
-0.898007 -0.159089 0.049696 
0.750158 0.130983 0.076281 
-0.926018 0.180075 0.098275 
0.556740 0.467200 -0.007681 
0.071859 -0.930531 0.098125 
-0.388747 0.621621 -0.043723 
-0.570960 0.409598 0.028012 
0.543402 -0.789120 -0.001314 
0.943405 -0.137529 -0.032647 
0.923186 -0.016648 0.092515 
0.964991 0.166339 0.015951 
0.487378 -0.537607 -0.019164 
-0.848332 0.072815 0.019593 
-0.435808 0.835382 0.099189 
-0.667899 -0.303704 -0.007887 
0.497869 -0.657042 -0.103761 
0.145077 -0.884231 0.039961 
0.308141 -0.906152 -0.006104 
-0.732018 0.448556 0.020050 
-0.749018 -0.561405 0.096161 
0.699446 -0.188643 -0.013122 
0.013053 0.819222 0.023705 
0.945458 0.070428 -0.093829 
-0.333485 0.683965 0.093579 
-0.020544 -0.831975 -0.103761 
-0.510487 0.514287 0.004667 
-0.542771 -0.492079 -0.018279 
-0.727617 -0.042374 0.101486 
0.367123 0.687468 0.049293 
0.925642 0.338783 0.025221 
0.467889 0.580634 0.099946 
-0.997214 0.008565 0.032939 
0.792844 -0.554983 0.008122 
0.820011 -0.076424 -0.103761 
-0.492398 -0.586068 0.084671 
-0.889271 0.271246 0.085316 
0.246529 0.929649 -0.001305 
0.174981 -0.711939 0.101311 
0.826405 0.471693 0.101357 
0.614778 -0.570558 0.019497 
-0.647162 0.278714 0.023570 
-0.896920 0.351614 -0.027824 
-0.574100 -0.779709 0.002893 
0.593938 0.354532 0.061449 
0.704906 -0.689371 0.024342 
-0.693034 -0.473706 -0.103761 
-0.470433 -0.874922 0.049575 
-0.234585 0.917792 -0.101039 
0.110950 -0.714357 0.001931 
0.602269 -0.377403 0.007725 
0.935982 -0.311776 0.029535 
-0.574724 -0.728654 0.088451 
0.380717 0.785895 0.025390 
0.503901 0.523758 -0.065517 
0.784067 -0.113113 0.034054 
-0.761032 -0.461420 0.031558 
-0.013696 -0.956755 -0.013672 
-0.220648 -0.868925 0.038481 
0.432793 0.867877 0.007137 
0.681422 0.709388 0.019219 
0.391812 -0.583493 0.013768 
0.877591 -0.433397 0.096240 
0.731988 0.252159 0.052231 
-0.195304 0.698741 0.003286 
-0.682655 0.699530 0.008759 
-0.176838 0.901445 0.067153 
0.034297 0.975925 0.010187 
0.233074 0.809155 -0.103543 
-0.221391 -0.695697 -0.029834 
0.397872 -0.832637 0.088705 
-0.792819 0.554533 -0.000946 
-0.863489 -0.264843 0.040250 
-0.694348 0.106040 0.086283 
-0.101036 0.743758 0.099695 
0.617144 -0.672735 0.063999 
-0.758605 0.570983 0.101440 
0.787363 -0.442836 0.051020 
0.708745 0.152470 -0.004145 
-0.612401 -0.376464 0.007991 
0.782488 -0.251022 0.021386 
-0.683178 -0.210665 0.011115 
-0.118285 -0.982667 0.024196 
-0.161636 0.833541 -0.103724 
-0.890732 -0.443598 0.084727 
-0.326513 0.919797 0.008708 
0.036268 -0.953740 -0.090516 
0.927554 -0.223647 -0.005711 
0.293267 0.674280 0.101573 
-0.051906 -0.889825 0.035085 
0.838801 0.431723 -0.099266 
-0.957748 0.084675 -0.087820 
-0.697653 0.289805 0.097786 
0.854991 -0.404279 -0.097277 
0.354182 -0.860224 -0.103512 
0.736299 0.219583 -0.103711 
0.521230 0.763477 0.088422 
0.591977 0.674079 0.041325 
0.920200 -0.143897 0.099121 
-0.937446 0.339114 0.050713 
0.634575 0.275073 0.062380 
0.223071 0.694043 -0.050129 
0.687383 0.066675 0.054551 
-0.718597 0.166239 -0.089012 
-0.216390 -0.854652 -0.103761 
0.234514 -0.951571 0.014396 
-0.621383 0.434204 0.096964 
-0.445984 -0.797025 -0.103761 
0.490997 -0.855988 0.023624 
0.672929 0.528214 -0.103761 
-0.368965 -0.822087 0.042043 
0.870196 0.308895 0.090140 
-0.380980 0.686216 -0.103427 
0.203056 0.827405 0.019951 
-0.886203 0.456642 0.064844 
0.818675 -0.253502 -0.103590 
-0.301683 -0.871962 0.077866 
0.035984 0.811653 -0.103471 
0.264878 -0.724748 0.058112 
0.343000 0.875888 -0.101813 
0.102567 -0.803785 0.026040 
-0.753593 -0.127298 0.091004 
0.674898 -0.264179 -0.068887 
-0.552475 0.545882 -0.103544 
-0.600054 0.721413 -0.103759 
-0.918401 -0.022900 0.058933 
-0.441728 0.570474 0.006830 
-0.603890 0.511466 0.042308 
0.085679 0.765914 0.068660 
0.872657 -0.260422 0.061858 
0.951997 -0.050014 -0.026334 
-0.050696 0.921832 0.076113 
0.531907 -0.509425 -0.096889 
-0.570814 -0.566360 -0.103761 
-0.795685 -0.540226 -0.015944 
0.572004 0.536480 0.042283 
0.679206 -0.318629 0.095861 
-0.266953 -0.643484 0.035202 
-0.192828 -0.758910 0.046871 
0.771110 -0.612668 0.088774 
0.102758 0.917111 0.078203 
-0.749970 0.466596 -0.103761 
-0.651342 -0.749864 0.025183 
0.720325 -0.404651 -0.103761 
0.506350 -0.718202 0.029035 
-0.131539 -0.719493 -0.086307 
-0.984099 -0.158017 0.039674 
-0.934896 -0.232281 -0.007552 
0.146397 0.926850 -0.103192 
-0.964432 -0.061240 -0.002742 
-0.636480 0.366909 -0.042950 
-0.467563 -0.791515 0.065137 
0.886484 0.163110 0.048188 
-0.055804 0.956302 -0.084748 
-0.591939 -0.493271 0.073222 
-0.347874 -0.607156 0.022624 
-0.636660 0.765831 0.042674 
0.745467 -0.532759 0.074369 
0.364455 -0.918273 0.084990 
-0.718697 -0.151254 -0.061552 
-0.691194 -0.621779 0.089936 
-0.880545 -0.093018 -0.103761 
0.279950 -0.775055 -0.103459 
-0.749084 0.604595 -0.051340 
0.759421 -0.134420 -0.103761 
-0.942110 0.201951 -0.042042 
-0.333623 -0.733184 0.029450 
-0.813500 -0.151975 0.022236 
0.705702 0.643727 -0.074348 
0.812251 0.543578 0.013268 
0.014863 0.701890 0.018887 
-0.773765 0.310137 -0.103761 
0.659011 0.420167 0.043992 
0.739615 0.410147 0.019795 
-0.832308 0.469928 -0.097070 
0.515881 0.465001 0.088156 
0.168637 -0.707585 -0.059646 
0.889548 0.418006 0.020220 
-0.674547 0.621055 0.056138 
0.332620 -0.685859 -0.103375 
-0.702923 0.214548 -0.007074 
0.736571 -0.528000 -0.103761 
-0.829018 0.086869 -0.103761 
-0.252928 0.657552 0.094022 
0.608976 -0.425067 -0.102411 
0.187640 0.672983 0.021569 
-0.767246 -0.574831 -0.090750 
-0.387264 -0.620804 -0.072522 
0.760052 0.056593 -0.103761 
-0.391431 0.905699 0.096100 
0.318279 0.939190 0.060600 
-0.323460 0.848210 0.046842 
0.352175 0.619123 0.008730 
0.557871 0.682482 -0.103640 
-0.756096 0.160146 0.071619 
-0.261247 0.743188 0.044183 
0.802115 0.513309 -0.086594 
-0.227062 0.956347 0.097864 
-0.672525 -0.389843 0.059655 
-0.382671 -0.868014 -0.099415 
-0.050904 -0.793079 0.035427 
-0.836178 0.276373 0.025860 
0.550215 -0.417784 0.052844 
-0.517356 0.791254 -0.101863 
0.043458 -0.764704 0.072566 
0.783929 0.047167 0.039522 
-0.437540 0.647345 0.053439 
-0.171991 0.771962 0.040642 
0.901218 0.275729 -0.100117 
-0.117170 -0.685995 0.077078 
0.674816 0.422250 -0.103761 
0.810039 0.313977 -0.103761 
0.173568 0.893893 0.054129 
0.694655 -0.023273 0.019378 
-0.263251 -0.714748 -0.103761 
-0.284692 -0.815109 -0.103761 
-0.354119 -0.689896 -0.103761 
-0.601994 0.360012 0.082838 
0.682683 -0.658352 -0.094846 
-0.928101 -0.322784 0.099738 
0.682405 -0.698899 0.097950 
0.890855 0.036506 0.038919 
0.339897 -0.694702 0.054520 
0.105055 0.986898 0.044979 
-0.726550 -0.679630 0.045814 
-0.499954 -0.818980 -0.026664 
0.559815 -0.711027 -0.103761 
0.739567 -0.068345 0.099977 
0.557327 -0.752034 0.099961 
-0.610254 -0.406508 -0.062733 
0.223657 -0.881330 0.055523 
-0.810484 0.445818 0.071926 
-0.433936 -0.546475 0.054504 
0.779499 -0.033084 0.043995 
0.925574 -0.113880 -0.103256 
0.423622 0.637768 0.072017 
-0.398030 -0.898383 0.014496 
-0.718503 -0.529881 0.033455 
0.823639 -0.324529 0.033732 
0.254962 0.727548 0.062330 
-0.790233 -0.014566 0.044049 
-0.707229 -0.650715 -0.032279 
-0.461081 -0.644981 0.039189 
0.682223 -0.582749 -0.103541 
0.529515 -0.585460 -0.103761 
0.101056 0.695513 0.094942 
-0.450318 0.629616 -0.103680 
0.407587 -0.697011 -0.103761 
-0.852842 -0.431176 -0.096778 
0.715181 -0.117232 -0.038400 
-0.765890 0.378765 0.019769 
-0.150684 0.976017 0.018142 
0.806041 0.160628 0.021422 
-0.789747 -0.497825 0.093501 
-0.738854 0.234410 0.066127 
0.263394 -0.953067 0.084152 
0.684503 -0.382041 0.040547 
-0.700241 0.018017 0.065602 
0.509290 0.810358 -0.016198 
-0.834660 -0.477833 -0.034016 
0.825248 -0.486440 -0.002344 
-0.661759 0.452456 -0.103761 
0.515616 -0.476263 0.013625 
0.081525 0.725849 -0.078385 
0.016980 0.903703 0.044549 
-0.020758 0.992955 0.058028 
0.448718 0.794555 0.058831 
0.970859 -0.177450 0.041847 
-0.559516 -0.566665 0.036958 
0.037855 -0.990015 0.044850 
0.788916 0.151999 -0.103635 
-0.521405 0.810777 -0.004274 
-0.203206 -0.927359 -0.098248 
-0.048046 0.729408 -0.025220 
-0.979462 0.127077 0.096980 
0.263339 0.725688 -0.103380 
-0.043347 0.779862 0.050578 
0.036100 -0.727753 -0.049238 
0.433223 0.637949 -0.103380 
-0.201719 0.703975 -0.069986 
0.731489 -0.147090 0.099107 
-0.899793 0.135052 0.046341 
0.396558 0.781081 -0.103625 
0.065497 -0.885132 0.032921 
-0.506266 -0.714171 0.024877 
0.540772 -0.544465 0.062749 
0.151027 0.713758 -0.027429 
0.984029 0.055617 0.086867 
0.460269 -0.870857 0.090350 
-0.842403 0.284891 -0.103761 
0.986692 -0.021469 0.056813 
0.003719 -0.699026 0.091959 
-0.783881 0.019956 -0.103761 
-0.391369 0.850396 -0.103761 
0.193322 -0.878948 -0.103683 
0.075274 -0.794803 -0.103761 
-0.725723 -0.253372 0.081268 
-0.885031 0.208922 0.045899 
-0.747170 0.515074 0.044423 
-0.599968 -0.712398 -0.103761 
-0.244016 -0.953278 0.016003 
-0.962287 0.054046 -0.011102 
0.406149 -0.787234 0.033212 
0.673325 0.288111 -0.097281 
-0.542047 -0.440945 0.038260 
0.701198 0.593947 0.077839 
-0.505382 -0.713536 -0.103761 
0.302483 -0.623062 0.032291 
-0.073138 0.760241 -0.103355 
0.656787 0.306614 -0.000697 
0.555243 0.413459 0.048833 
-0.481518 -0.551629 -0.019935 
-0.515417 0.778813 0.095016 
-0.427170 0.789536 0.036994 
-0.813443 -0.378671 0.035922 
0.928436 -0.208269 -0.086707 
-0.769575 -0.630538 0.078742 
-0.897417 0.043548 -0.103761 
-0.873772 0.404368 -0.069547 
0.671053 -0.163391 0.055834 
-0.848154 0.515251 0.020106 
0.335369 0.837852 0.045276 
-0.916865 -0.389912 0.040310 
-0.944789 -0.169805 0.101573 
-0.139668 0.683394 0.078665 
-0.725234 0.640618 0.101147 
-0.618060 0.576591 0.019632 
0.485502 -0.579119 0.088621 
0.767624 0.393939 -0.103761 
-0.765622 -0.193262 -0.103761 
-0.400858 0.705775 0.027798 
0.886101 0.229159 0.070588 
-0.262643 -0.731289 0.054670 
-0.975867 0.005118 0.101303 
-0.956990 0.257833 0.094448 
0.836098 -0.000153 -0.103761 
0.255090 -0.680704 -0.032215 
0.943950 0.134900 -0.042085 
-0.350602 -0.892719 -0.043200 
0.567404 -0.809079 0.060470 
-0.447094 0.792497 -0.103354 
0.884427 -0.355451 -0.043173 
-0.298565 0.748915 -0.103761 
-0.798231 -0.292685 0.019554 
-0.550926 0.553882 0.054266 
0.453321 -0.639911 0.041644 
0.649189 0.651486 0.079037 
0.877292 -0.107839 0.033272 
-0.472740 0.515679 0.061998 
-0.485147 0.864435 0.021270 
-0.653457 -0.650788 -0.103761 
0.758190 -0.190693 0.042651 
-0.499477 0.615447 0.040992 
0.636953 0.488655 0.028625 
0.558819 -0.773557 -0.072129 
-0.908210 -0.167299 -0.103761 
-0.312135 -0.938401 0.089792 
-0.951660 -0.095713 -0.096232 
0.386419 0.912178 0.030624 
0.652286 -0.249214 0.095679 
-0.732296 -0.060507 -0.009358 
-0.643270 0.613058 -0.103600 
0.415587 0.563403 0.018128 
0.772949 0.481828 0.060617 
0.598332 0.411479 -0.011530 
-0.385593 0.879877 -0.042935 
0.605417 -0.658882 -0.103761 
-0.801881 -0.074600 -0.103761 
-0.082516 -0.797005 -0.103761 
-0.666427 0.443083 0.035258 
-0.898593 0.372417 0.101573 
-0.615294 -0.648647 0.034398 
-0.787298 0.109703 0.039846 
-0.619414 0.341223 0.016854 
0.228950 -0.658258 0.090505 
-0.928032 -0.085080 0.090705 
0.528695 0.688653 0.023956 
-0.795863 0.153610 -0.103637 
-0.921321 0.282256 -0.012926 
0.548729 0.556142 -0.103407 
0.717536 -0.279689 0.057034 
0.100830 -0.951059 -0.072989 
0.743933 0.314423 0.026165 
-0.994573 0.073678 0.048080 
-0.900901 -0.249602 0.093550 
0.640873 -0.338331 -0.030432 
-0.131566 -0.755719 0.073132 
-0.178494 0.851310 0.023236 
0.679273 -0.557212 0.029476 
0.899822 0.316294 -0.033910 
-0.187962 -0.904923 0.083981 
-0.720056 0.561347 -0.103761 
0.497960 0.716062 -0.103618 
0.125500 -0.751849 0.081739 
-0.915293 -0.296937 -0.040039 
-0.613774 -0.782561 0.069208 
-0.567225 0.466692 -0.005758 
-0.201647 0.938383 -0.043087 
0.524120 -0.461499 0.095385 
-0.239006 0.881648 0.055127 
-0.538352 -0.508381 -0.092319 
0.156303 0.782419 0.033526 
0.118789 -0.983493 0.052176 
-0.391728 0.637796 0.101148 
-0.822192 -0.227682 -0.103761 
-0.545200 0.491406 -0.066739 
-0.040481 0.695485 0.054519 
0.861565 0.131838 -0.103761 
0.254816 -0.823634 0.022116 
-0.804762 0.587903 0.057334 
-0.900344 0.412007 0.018367 
-0.340098 0.646436 0.000446 
0.631738 -0.459524 0.043466 
0.911163 -0.379710 0.063537 
-0.428343 -0.832850 0.098675 
-0.869045 -0.291274 -0.103761 
-0.611943 -0.338758 0.061887 
0.640858 0.332002 0.101573 
-0.388006 -0.667054 0.066240 
-0.600931 -0.748736 -0.049264 
-0.136022 -0.930644 -0.102580 
-0.058407 -0.726673 -0.022799 
-0.004987 -0.918866 0.070204 
-0.281077 0.918412 -0.054492 
0.738936 -0.298267 -0.103761 
-0.025253 0.895801 -0.103666 
0.355665 -0.602650 0.095568 
0.798934 -0.520061 -0.051721 
-0.012764 -0.912816 -0.103761 
0.980749 0.112180 0.048672 
-0.902714 0.037651 0.040532 
-0.690716 -0.291263 -0.102369 
-0.143427 0.717837 -0.030896 
-0.107916 0.892848 -0.103673 
0.364038 -0.882789 -0.029437 
0.684379 0.132663 0.094645 
-0.710268 0.650306 -0.026604 
0.438117 -0.538468 0.023028 
0.831173 -0.390505 0.081704 
0.694985 0.279922 0.097651 
0.447869 0.883673 0.075666 
0.592232 -0.487476 -0.103716 
0.341425 -0.836957 0.049105 
-0.320577 0.838551 -0.103761 
0.187621 0.862165 -0.103637 
-0.711639 -0.408836 -0.103761 
0.953161 0.003612 -0.075205 
-0.648647 -0.263580 0.046503 
-0.601650 0.490737 -0.103761 
0.593439 0.740035 -0.096067 
0.149197 -0.919145 0.096090 
-0.151151 -0.979956 0.079910 
0.503219 -0.811241 -0.064463 
-0.631671 0.726362 -0.029044 
0.420314 -0.551687 0.087058 
-0.168635 -0.675274 0.033691 
0.334927 0.737657 0.026276 
-0.808653 -0.580177 0.075118 
0.586608 -0.365082 0.069193 
-0.081544 -0.953764 -0.022255 
0.464900 0.517955 0.089172 
-0.728279 -0.624990 -0.086945 
-0.850620 0.007770 0.019545 
0.671878 -0.243754 0.005001 
0.849761 -0.314112 -0.103761 
-0.893218 -0.357436 -0.019326 
-0.306691 0.793044 0.019653 
-0.303409 -0.629989 0.088545 
-0.116930 -0.889424 0.039614 
-0.723348 0.227625 -0.103761 
0.789840 -0.414731 -0.103761 
0.135116 -0.829703 -0.103708 
0.153385 -0.676404 0.038856 
0.192243 0.959125 0.011581 
0.931651 0.322940 0.087715 
0.720398 0.540747 0.046256 
0.704164 -0.171474 -0.075012 
0.640815 -0.530032 -0.103659 
0.857944 0.490742 0.050532 
-0.588615 -0.436775 -0.003626 
0.963124 0.192251 0.093207 
0.469775 0.565238 -0.097678 
-0.823150 -0.344298 -0.103761 
-0.500069 -0.629019 -0.103761 
0.151099 0.794564 -0.103465 
-0.815290 0.512435 -0.041270 
0.589428 -0.749956 -0.016788 
0.538900 0.522184 0.097653 
-0.116673 0.915726 0.074859 
0.465634 -0.776359 0.051397 
0.727976 0.669450 0.038202 
-0.431567 -0.736503 -0.103761 
-0.056334 -0.988193 0.024699 
-0.412606 0.570542 0.091783 
-0.521557 -0.762797 0.075896 
-0.299253 0.948317 0.056636 
-0.689593 -0.127051 0.084266 
-0.700833 0.062166 0.022105 
-0.852991 0.192935 -0.103487 
-0.723440 0.684761 0.057720 
-0.712301 -0.424791 0.021565 
0.644531 0.361332 -0.101352 
-0.741681 -0.353457 -0.103761 
0.758232 0.193561 0.042406 
0.369551 -0.628656 -0.091036 
0.935403 -0.084169 0.101298 
-0.825210 -0.447689 0.098420 
0.264131 0.853165 0.036299 
0.229589 0.655675 0.069445 
0.865291 0.400708 -0.033618 
-0.534081 0.700037 -0.103623 
0.558797 0.817299 0.060656 
-0.782208 -0.075234 0.048703 
-0.574325 0.795253 0.099573 
0.684373 0.594330 -0.103761 
0.666788 0.706885 0.100516 
-0.979448 0.188240 0.034092 
0.723351 0.194429 0.097182 
-0.385556 0.830221 0.055988 
0.638798 -0.712360 -0.003293 
-0.509673 0.600412 -0.103405 
0.611948 0.538180 -0.103650 
-0.713120 0.316973 -0.103761 
0.285413 0.855989 -0.103686 
-0.857232 0.417168 0.101311 
0.211509 0.934398 -0.050935 
0.889575 0.033911 -0.103761 
0.631830 0.717365 -0.015182 
0.168964 -0.970872 0.019647 
0.005554 0.958751 -0.054253 
0.405109 0.828800 0.083611 
-0.542142 -0.524637 0.098034 
-0.895418 0.349705 -0.088308 
0.764152 -0.624413 0.029904 
-0.753244 -0.468545 -0.103761 
0.589520 -0.625333 0.021816 
0.444938 -0.844723 -0.013659 
-0.662606 0.317562 -0.020184 
-0.255301 0.858592 -0.103658 
-0.682388 0.159714 0.049012 
-0.752569 0.394438 -0.103544 
0.830116 0.405422 0.090827 
0.156426 -0.746949 -0.103395 
0.056545 0.860591 0.021476 
-0.251611 -0.899119 0.096858 
0.087928 0.971506 0.100417 
0.058516 0.727834 -0.013123 
0.360772 0.729771 -0.103480 
-0.595080 0.675429 0.038330 
0.952186 0.252235 0.023496 
0.669771 0.191653 0.019016 
0.614468 0.662150 -0.103692 
-0.063946 -0.692321 0.050374 
0.735104 0.002498 -0.099363 
0.460659 0.762490 -0.103661 
-0.877934 -0.467783 0.027168 
-0.178003 0.899534 -0.103648 
-0.089949 -0.978410 0.096354 
0.412247 0.560685 0.088304 
-0.954017 0.135121 -0.047033 
0.471270 0.553860 -0.023589 
0.684934 -0.663918 -0.035933 
-0.043506 0.884921 0.030372 
-0.440364 -0.584696 -0.069228 
0.568474 0.723556 0.078042 
-0.521898 -0.842549 0.022987 
0.560035 -0.712772 0.053311 
-0.649592 -0.340745 -0.050154 
0.744442 0.520257 -0.103761 
-0.513829 -0.610529 0.035415 
0.395582 -0.811283 -0.103692 
0.834305 -0.460771 -0.056617 
-0.664575 -0.530327 -0.103761 
0.916101 -0.274199 0.101452 
-0.327040 0.716504 0.044954 
0.932886 0.196589 -0.036285 
-0.247076 -0.925700 -0.035866 
0.776420 0.612406 0.073609 
-0.123009 0.952097 -0.027846 
0.840057 0.012143 0.019519 
0.484534 -0.542159 -0.085714 
-0.513677 0.475089 0.048170 
0.719617 0.085491 -0.053718 
0.775655 0.555989 -0.042326 
0.456588 0.673844 0.024503 
0.275556 0.674508 -0.067079 
0.027113 0.869709 -0.103606 
0.314219 0.619508 0.066426 
0.782262 -0.487170 0.088759 
0.442974 -0.775277 -0.103761 
0.220049 0.772533 0.030014 
0.689671 -0.036462 0.075846 
0.400787 -0.658173 0.058658 
0.546952 0.484510 -0.089433 
0.312550 -0.938972 0.056608 
0.244475 0.961373 0.047291 
0.046079 0.694871 0.067288 
0.380249 -0.618745 -0.034894 
0.761669 -0.572995 -0.077129 
0.235018 -0.926252 -0.037745 
-0.690483 -0.248719 -0.032949 
-0.618327 0.741975 0.101459 
-0.022050 0.807148 -0.103459 
0.862986 -0.479257 0.040956 
-0.010763 -0.758283 0.091704 
0.722462 0.067239 0.101573 
0.735709 -0.657996 0.082695 
0.898907 -0.195970 0.085808 
0.320548 0.883872 0.100681 
0.596177 0.414807 -0.068953 
0.749977 -0.398736 0.020147 
0.808733 0.290771 0.021865 
-0.721223 0.628634 -0.095478 
0.080413 0.952797 -0.088650 
-0.347978 0.645339 -0.076452 
0.456813 0.841147 -0.037564 
0.707679 0.644906 -0.009376 
0.308586 0.659818 -0.018102 
0.950450 0.076290 -0.037107 
0.018281 -0.789473 -0.103761 
-0.554230 -0.457361 0.100701 
-0.064335 -0.868632 -0.103761 
-0.209241 -0.702391 -0.090506 
-0.484894 0.863427 0.092573 
-0.488813 -0.851863 0.098228 
-0.651541 0.338807 0.101297 
-0.634407 -0.382855 0.101280 
0.790038 0.429903 0.045224 
0.599262 -0.407992 -0.040007 
0.067755 -0.691093 0.030446 
-0.491973 -0.823101 -0.083184 
0.216672 -0.745712 -0.103382 
0.607315 -0.714899 0.100558 
0.651522 0.745150 0.056241 
0.353269 -0.739154 0.022380 
0.093555 0.775003 -0.103398 
-0.625479 -0.682077 0.078657 
-0.695719 0.506851 -0.103761 
-0.105854 0.784802 0.039533 
-0.749276 -0.181162 0.075321 
0.380336 0.877885 -0.050458 
-0.247259 -0.693408 0.101308 
-0.476828 0.763285 0.038596 
0.637866 0.402504 0.092952 
-0.271481 -0.678141 -0.008684 
-0.705183 -0.017180 0.019018 
0.502569 0.813580 -0.071725 
-0.418613 0.744257 -0.103340 
-0.731506 0.070327 -0.026024 
0.873755 -0.243389 -0.103707 
0.953739 -0.254888 0.032441 
0.517973 0.459736 0.032764 
0.413503 0.720417 0.020385 
0.902352 0.110593 0.059111 
-0.312183 0.632587 0.094827 
0.826872 0.541624 0.066880 
-0.705415 -0.305088 0.080739 
-0.260179 0.684749 -0.051763 
-0.058501 0.981706 0.097116 
-0.205087 -0.729949 0.093756 
0.028717 0.771292 0.064068 
-0.413263 -0.790058 0.033857 
-0.638757 0.378145 -0.097528 
0.722688 -0.056834 -0.014255 
-0.879616 -0.212151 0.041825 
-0.227272 -0.817538 0.019718 
0.614738 0.349411 0.010566 
0.171611 0.925702 0.100963 
-0.719637 -0.146100 -0.006770 
0.287003 -0.667842 -0.078423 
-0.841106 0.141683 0.019681 
-0.734641 -0.010684 -0.068137 
-0.591300 0.595322 -0.103454 
-0.726860 -0.539983 -0.103761 
-0.902875 -0.075119 0.042937 
-0.854509 -0.318982 0.050012 
-0.963486 -0.011320 -0.025510 
0.199431 -0.699472 -0.014956 
0.157197 0.677698 0.066879 
-0.521816 0.688926 0.021233 
-0.616287 -0.518045 0.031021 
0.810722 -0.153207 -0.103761 
0.168455 0.748327 0.074428 
-0.197101 0.776366 -0.103652 
0.774784 0.258260 -0.103761 
0.035812 0.992134 0.066625 
-0.357339 -0.926071 0.048089 
-0.430367 0.859473 -0.020078 
0.037526 -0.956019 -0.036330 
0.546610 0.784400 -0.051234 
0.650654 -0.512091 0.020294 
-0.689082 -0.690059 0.008061 
0.318979 0.695476 -0.103365 
0.918834 0.161868 0.099078 
0.169013 -0.839337 0.020889 
0.913441 -0.272875 -0.022820 
-0.624034 -0.449939 0.075555 
0.581717 0.614198 0.019720 
0.219615 -0.926696 0.101444 
0.350136 -0.861519 0.096311 
0.456839 -0.723222 -0.103761 
0.466232 0.832037 0.101354 
0.290111 -0.721312 -0.103743 
-0.938381 -0.213573 -0.057856 
-0.504314 -0.491506 0.019308 
-0.989679 -0.106594 0.025184 
-0.681790 -0.160670 0.043105 
0.325557 -0.803432 -0.103606 
0.612412 0.695527 0.093473 
0.308166 -0.904037 -0.059672 
0.753848 -0.485395 0.043351 
-0.043257 0.747981 0.099929 
-0.332836 -0.848922 -0.103761 
-0.190519 -0.968366 0.018679 
-0.506025 0.531368 -0.045817 
-0.717036 0.582433 0.069893 
0.178643 -0.753423 0.054684 
-0.434097 0.681094 -0.103601 
0.231540 0.952354 0.098261 
0.672752 0.678503 -0.039728 
0.714664 0.083580 0.002120 
-0.392914 -0.576088 0.037751 
-0.255590 0.710580 0.098010 
-0.663989 -0.247468 0.094877 
-0.309095 0.664790 -0.045195 
0.868756 0.192124 -0.103665 
-0.144444 -0.767992 -0.103761 
0.450796 -0.629123 -0.103761 
-0.745183 0.100263 0.100594 
-0.313578 -0.839246 0.037784 
0.679480 0.123903 0.042520 
0.900892 -0.037860 0.049264 
0.207044 0.709127 -0.099108 
0.476305 0.627101 0.040032 
0.753368 -0.585599 -0.009595 
-0.565672 0.817622 0.026825 
0.806420 0.509749 -0.030571 
0.366989 0.628593 -0.042742 
-0.917237 0.228644 -0.102989 
0.841779 0.327342 0.049558 
-0.498507 0.652061 -0.103537 
0.856553 -0.123781 -0.103761 
-0.398618 0.622492 -0.095767 
-0.556717 0.440592 0.097277 
-0.804180 0.034926 0.032218 
0.796566 -0.582995 0.052589 
-0.650327 0.269791 0.086350 
-0.917068 -0.055134 -0.103761 
0.782171 -0.039939 -0.103761 
-0.768554 -0.115145 -0.103761 
-0.893425 0.100430 -0.103761 
0.217188 -0.924887 -0.096032 
-0.799768 -0.429187 0.045605 
0.665820 0.551511 0.023191 
-0.120009 0.783257 -0.103422 
0.835174 -0.463362 0.101573 
-0.598979 0.479871 0.085320 
-0.953896 -0.287209 0.071653 
0.697821 -0.134006 0.007801 
-0.504081 0.529692 0.101140 
-0.525223 0.736375 0.042348 
-0.718254 0.360096 0.033390 
0.613082 -0.318297 0.065494 
0.519810 0.502606 0.001416 
0.351200 -0.923100 0.025747 
0.298098 0.909609 -0.044134 
0.961143 -0.088780 0.006798 
0.802012 -0.390528 0.038890 
-0.108070 0.987589 0.045415 
-0.169587 0.939352 0.101573 
-0.914999 -0.382528 0.091450 
0.509151 0.578854 0.059689 
0.829666 0.470693 -0.066597 
-0.226785 0.660396 0.049553 
-0.080923 0.694225 0.086567 
-0.014083 0.962697 -0.001976 
0.656432 0.241374 0.016188 
0.007928 -0.879553 0.028191 
0.922177 0.034845 0.091393 
-0.322533 -0.732216 -0.103761 
0.885685 0.438640 0.073466 
0.582769 -0.524617 0.040758 
-0.216309 -0.671127 0.014936 
-0.270443 -0.765818 -0.103761 
0.221872 -0.726722 0.086666 
-0.349614 -0.648162 0.101444 
0.721455 0.271761 -0.103761 
0.937794 0.121001 -0.096830 
-0.469040 -0.543621 0.101277 
0.573143 0.413561 0.096817 
-0.807128 0.405888 0.040077 
0.137754 -0.916481 -0.103761 
-0.958619 -0.265002 0.023719 
-0.103478 0.724008 -0.062110 
-0.630591 0.628875 0.031417 
0.562653 -0.668409 0.026793 
-0.961099 -0.065810 -0.056024 
0.763281 0.107413 -0.103761 
-0.854637 0.479807 0.100402 
-0.793330 0.429255 -0.103541 
0.783148 0.117234 0.034362 
0.513750 -0.754784 0.063371 
-0.975540 0.203888 0.082161 
-0.964881 -0.044366 0.101573 
-0.191666 0.975551 0.067091 
0.590429 0.751959 -0.023883 
0.902000 -0.373651 0.014091 
0.180104 -0.938706 -0.017798 
-0.614032 0.402727 -0.015147 
0.712416 -0.435646 0.019685 
0.637841 -0.613401 0.033241 
-0.852893 -0.489885 0.098889 
-0.953657 -0.170687 0.001488 
-0.085026 -0.850797 0.020322 
-0.623847 0.319039 0.063252 
-0.741460 -0.611246 -0.036806 
0.280509 0.940612 0.097045 
0.840904 0.374070 -0.103761 
-0.884406 -0.298851 0.092416 
0.356326 0.640643 0.101462 
0.695483 0.205400 -0.077942 
-0.166191 -0.710504 -0.050974 
-0.353369 0.929532 0.073513 
-0.384784 -0.622009 -0.015000 
0.679115 0.478355 -0.103761 
0.511151 -0.846054 0.068514 
-0.729289 -0.087568 -0.051494 
-0.173883 -0.804549 0.022109 
-0.345235 -0.605789 0.074997 
-0.578102 -0.450566 -0.050625 
-0.115174 0.880428 0.031404 
-0.302861 -0.684101 -0.102932 
-0.700704 0.222311 -0.056429 
0.565710 -0.434395 0.101376 
0.693436 0.028077 0.090671 
0.072021 0.811163 0.025286 
0.473197 -0.681985 0.020091 
-0.705355 -0.575280 0.049314 
-0.907211 -0.196870 0.080864 
-0.663723 -0.422431 -0.103761 
0.659600 0.301890 -0.050175 
-0.869275 0.332956 0.088266 
0.970937 -0.003057 0.100288 
-0.620496 -0.568664 -0.103761 
0.795960 0.586186 0.036136 
-0.135156 -0.947816 -0.055938 
-0.718070 0.171968 0.101344 
0.261868 -0.763358 0.026996 
-0.049053 -0.947358 0.101573 
-0.392110 -0.819517 -0.103761 
-0.507785 -0.805977 0.101573 
-0.837917 -0.196233 0.020403 
-0.087284 -0.724665 -0.062903 
-0.740150 -0.291807 -0.103761 
0.693011 0.030309 0.021516 
0.891796 0.092730 -0.103761 
-0.703693 0.498917 0.020827 
-0.375464 0.858962 0.097371 
0.957677 0.100956 0.005078 
0.564407 0.602961 -0.103510 
-0.946599 0.306681 0.086787 
-0.709222 -0.189572 -0.031928 
0.659913 -0.299139 -0.006778 
0.105745 0.894861 -0.103680 
0.549669 -0.580486 0.030218 
0.442735 -0.812498 0.091852 
-0.309078 -0.643798 0.009665 
-0.761512 -0.007204 0.095253 
-0.666541 0.736720 0.088998 
0.571902 -0.431149 0.004510 
-0.444975 -0.619448 -0.103761 
-0.186221 0.680440 0.094544 
-0.430241 0.593863 -0.071258 
0.355130 -0.618206 0.007400 
-0.662138 -0.625231 0.050407 
0.793051 -0.549982 0.101464 
0.791711 0.467871 -0.103761 
-0.433117 -0.631610 0.083741 
-0.947505 0.163538 -0.086562 
0.702788 -0.336743 0.045497 
-0.836215 -0.399159 0.077372 
-0.725909 0.116723 -0.044983 
0.733333 0.610694 -0.050820 
-0.915217 0.081098 0.059609 
0.760662 0.084407 0.065097 
0.477159 -0.503321 0.027532 
-0.799522 -0.590972 0.026079 
-0.432702 0.549451 0.050174 
0.687551 -0.172521 0.101064 
0.731827 -0.586207 0.101117 
0.740220 -0.235924 0.047799 
-0.910915 -0.003476 -0.103761 
0.813392 -0.149743 0.020367 
0.838245 -0.521282 0.038115 
-0.251153 0.737163 -0.103761 
0.986599 0.026376 0.047089 
0.921260 0.232144 -0.091061 
-0.877757 -0.114208 0.028003 
0.423801 -0.589446 -0.033026 
0.234964 0.690279 -0.002969 
0.369294 -0.649420 0.098032 
-0.165305 -0.816157 -0.103761 
-0.831581 -0.505226 0.006173 
-0.670096 0.204408 0.033999 
-0.957389 -0.108489 -0.012092 
-0.372931 0.611654 0.009318 
0.128464 -0.947416 -0.021057 
-0.829149 0.336624 -0.103761 
0.031331 -0.892402 -0.103761 
0.686484 -0.650455 0.101507 
0.386114 0.842047 -0.103742 
-0.264478 -0.848869 0.032761 
-0.071051 -0.916770 0.070972 
-0.841938 0.422322 -0.103337 
-0.174601 -0.879292 -0.103761 
0.370601 0.663811 -0.103354 
0.484079 0.843351 0.008868 
-0.823771 -0.245621 0.020237 
-0.762223 0.591773 -0.005628 
0.495427 0.667722 -0.103523 
-0.206956 0.860622 -0.103460 
0.000112 -0.779539 0.049636 
-0.671259 0.690426 -0.037344 
-0.773023 0.465325 0.039419 
0.014539 -0.731965 -0.092284 
0.825870 -0.205735 -0.103761 
0.516996 0.732527 0.040321 
-0.751401 0.514832 -0.103761 
-0.698000 -0.059674 0.044357 
0.265782 -0.699587 0.099267 
-0.650630 -0.751932 0.074651 
0.828849 -0.263575 0.025503 
0.142212 0.971852 0.014099 
-0.707627 0.054419 0.096310 
0.606438 0.572863 0.019846 
-0.474814 -0.755545 0.033997 
0.629210 0.406892 -0.103761 
-0.330794 -0.780141 0.019606 
0.282256 -0.824262 -0.103322 
0.976677 -0.132229 0.086938 
-0.305343 -0.908528 -0.041437 
0.734987 0.362461 0.022092 
-0.241881 0.691265 -0.005320 
-0.434692 0.895324 0.062770 
0.660809 -0.201975 0.029308 
-0.713645 -0.483911 0.020899 
0.559657 0.788812 0.101543 
-0.712841 -0.336628 0.045526 
0.663138 -0.429266 -0.103761 
0.049996 0.751772 -0.103332 
-0.992520 0.048494 0.089958 
0.888548 -0.430129 0.049805 
-0.698732 -0.080434 0.089632 
0.667750 -0.727551 0.031573 
-0.027986 -0.777488 -0.103761 
-0.435064 0.741371 0.020435 
0.693445 -0.334916 -0.103761 
-0.473832 0.795586 0.078553 
-0.345987 -0.689619 0.065550 
-0.652513 0.337425 -0.076888 
0.097233 -0.850866 0.020812 
0.558258 -0.652032 -0.103761 
-0.726166 0.279931 0.060379 
-0.768998 0.623132 0.094625 
-0.797291 0.486359 0.092957 
0.682423 -0.123849 0.089684 
0.137862 -0.773693 0.041391 
0.524057 -0.501821 -0.050725 
0.508690 0.807352 0.101367 
-0.042728 -0.956319 -0.052988 
0.792893 0.022387 -0.103761 
-0.161477 -0.712984 0.101379 
-0.263213 -0.957197 0.059175 
-0.371793 0.919678 0.022426 
-0.258337 -0.683439 -0.056723 
-0.165727 0.678056 0.039641 
-0.956597 0.036407 -0.095247 
-0.555651 -0.717398 0.046901 
-0.304163 0.628895 0.046682 
-0.919668 -0.133961 0.084375 
0.209547 0.901837 0.086762 
-0.428208 -0.849077 -0.098022 
0.691782 -0.216531 -0.070092 
0.622443 -0.372196 -0.059673 
-0.669308 -0.342868 0.100148 
-0.771847 0.526729 0.093452 
0.401033 0.607351 -0.003103 
-0.007456 -0.987553 0.021063 
0.876092 -0.213230 0.048743 
-0.568807 -0.815127 0.045528 
0.730175 -0.601299 -0.096927 
0.166856 0.943602 -0.060894 
-0.915278 -0.281156 -0.094100 
-0.803867 0.560108 0.100687 
-0.579972 -0.781496 0.101203 
0.263199 -0.640970 0.049673 
-0.399854 -0.698499 -0.103761 
0.830754 -0.365114 -0.103761 
0.302708 0.716024 0.051889 
-0.253492 0.918329 0.101406 
0.160796 0.846529 0.021523 
-0.452149 0.542536 0.093757 
0.966245 -0.134453 0.013121 
-0.192882 0.948656 0.002887 
0.870304 -0.055152 -0.103761 
-0.345202 -0.856101 0.076365 
0.392691 0.617981 -0.093090 
0.891902 0.359173 0.000864 
0.506889 -0.589020 0.048755 
-0.469402 -0.516821 0.053260 
0.935890 -0.179518 -0.050468 
0.541428 -0.514404 0.097826 
-0.341043 -0.648696 -0.087541 
-0.226352 -0.804748 -0.103761 
0.080527 -0.987261 0.077731 
0.079589 -0.724250 -0.030465 
0.125390 0.719074 -0.065406 
-0.741387 -0.240273 -0.103761 
0.059436 0.744968 0.100270 
0.830508 -0.086303 0.019655 
-0.770222 0.222580 0.034514 
0.037726 -0.845349 -0.103761 
-0.826704 0.040933 -0.103761 
0.869587 0.272682 0.061799 
0.037910 -0.729328 0.101370 
0.695881 0.203977 -0.032017 
-0.702974 0.324300 0.067921 
0.710551 -0.637255 -0.008739 
-0.623375 0.688711 0.086311 
-0.375095 -0.750141 0.019845 
0.974726 -0.027484 0.013028 
-0.793267 0.492873 -0.103761 
-0.949973 0.164633 -0.006922 
0.866858 0.204098 0.037500 
-0.589433 -0.376105 0.048090 
-0.599114 0.795294 0.061144 
0.182283 -0.668589 0.073406 
-0.284034 0.942195 0.013970 
-0.753201 -0.080032 0.097482 
-0.877181 -0.394650 -0.077594 
0.217071 -0.965711 0.056921 
-0.665138 -0.549980 0.021199 
0.760215 -0.458031 -0.103761 
-0.914414 0.235853 0.099284 
-0.584401 0.763893 -0.073807 
0.323311 0.830639 -0.103660 
-0.693145 0.104169 0.038071 
0.299850 0.865611 0.064422 
0.703991 0.438542 0.020132 
0.389630 -0.871865 -0.077390 
0.781850 -0.524679 -0.100352 
-0.629703 -0.721794 0.101573 
-0.038666 0.730128 -0.078224 
-0.629032 0.458636 0.058589 
-0.680681 0.277242 -0.009412 
-0.774575 -0.119988 0.051280 
-0.929931 0.252831 -0.046507 
-0.673142 -0.292008 -0.051488 
-0.611105 -0.634368 -0.103761 
-0.254996 -0.886756 -0.103761 
-0.331742 0.901415 -0.040639 
-0.710246 -0.661323 0.101573 
0.335548 0.682858 0.087457 
0.117283 -0.769896 -0.103733 
0.843963 0.283855 -0.103761 
0.637739 -0.300690 0.099940 
-0.592012 -0.686018 0.045275 
-0.017261 0.943706 0.101195 
-0.188233 -0.703480 0.000043 
0.447379 -0.675361 -0.103761 
-0.825025 -0.543392 0.095820 
0.497549 -0.703453 -0.103761 
0.074407 0.956055 -0.021472 
0.965098 0.208628 0.051094 
0.758776 -0.296952 0.023263 
0.700435 -0.087064 0.010878 
-0.642828 0.521975 0.022014 
-0.691823 0.716800 0.054222 
-0.822701 0.233710 0.019814 
0.948227 -0.095145 -0.047431 
-0.031857 0.823553 0.022285 
-0.541543 0.794769 -0.041355 
0.590488 0.497678 0.055970 
0.712097 -0.251373 -0.103543 
0.110556 -0.685157 0.065057 
0.070123 0.856292 -0.103581 
-0.497917 -0.772616 -0.103761 
0.668458 0.243722 0.101111 
-0.769234 -0.576266 -0.021154 
0.752929 -0.087970 -0.103761 
0.874940 -0.362901 -0.095661 
-0.879882 -0.027713 0.025912 
-0.096233 -0.909785 -0.103761 
-0.004242 0.697523 0.082075 
-0.596418 -0.608940 0.019777 
0.622056 0.751882 0.011812 
0.906003 -0.112565 0.070294 
-0.465390 0.614775 0.072740 
-0.627121 0.421161 -0.102695 
-0.771307 -0.328559 0.020048 
0.294158 -0.664910 -0.009547 
-0.986662 0.144548 0.056350 
-0.941316 0.308480 0.017335 
0.960103 -0.046853 0.101573 
0.617077 0.773670 0.055723 
0.736927 0.606837 0.101396 
0.649824 -0.411507 0.058490 
-0.094197 -0.783377 0.040128 
-0.469278 -0.689688 0.020390 
0.823542 0.192427 -0.103562 
-0.717705 0.216779 0.101169 
0.523575 0.839486 0.029111 
-0.918902 0.351528 0.012158 
0.976532 0.137483 0.085033 
0.460499 -0.816162 -0.102674 
0.362172 -0.589876 0.046312 
-0.702777 0.435261 -0.103761 
-0.224328 -0.659511 0.067613 
0.820296 0.115445 -0.103761 
-0.294666 -0.754352 0.027405 
0.874420 -0.382616 0.101241 
0.554761 0.578006 0.030053 
-0.630985 -0.301956 0.033052 
-0.734909 -0.155778 -0.102558 
0.150831 -0.711751 -0.017231 
0.654938 -0.693886 -0.048438 
0.844529 0.361034 0.078034 
0.945384 0.211156 0.008684 
0.222658 -0.828967 -0.103519 
0.940091 -0.183228 0.101497 
0.920108 -0.333202 0.096166 
-0.702715 0.401200 0.029639 
0.551376 0.651023 0.020338 
0.024894 -0.693831 0.053660 
-0.381526 -0.655016 -0.103761 
-0.865290 0.303813 0.055468 
-0.483458 0.831376 -0.013021 
0.826423 0.054850 0.020216 
-0.858130 0.126775 -0.103718 
-0.922128 0.379619 0.058498 
0.097012 -0.911748 0.067298 
0.200153 -0.704080 -0.093607 
-0.150821 0.719238 0.101573 
-0.139322 0.758563 0.066844 
-0.754809 -0.515329 0.053437 
-0.100631 0.954480 -0.078918 
-0.447214 -0.858345 0.003177 
-0.632593 0.385261 0.101573 
-0.340323 -0.901046 -0.001378 
-0.775674 0.569787 -0.053608 
-0.667429 -0.211812 0.052015 
-0.727640 -0.645235 0.006132 
-0.474524 0.538985 0.008779 
-0.834635 0.545271 0.051074 
-0.642143 -0.337063 0.004098 
0.381098 -0.693209 0.036366 
-0.158567 -0.876887 0.034403 
0.657619 -0.304258 -0.072430 
0.357484 0.924434 0.073309 
-0.161980 0.810177 0.021789 
0.779911 -0.199497 -0.103703 
-0.316185 0.795063 -0.103761 
0.481514 -0.598056 -0.103761 
0.648303 -0.610275 -0.103516 
0.621339 0.531903 0.022745 
0.109435 0.721538 -0.016614 
0.570426 -0.451968 -0.090823 
0.118387 -0.707707 0.101556 
-0.797493 0.318281 0.020026 
0.282225 -0.935697 0.012787 
0.609078 -0.435920 0.097241 
0.550385 -0.795026 0.101279 
0.713096 0.130034 -0.051382 
0.193971 0.787059 -0.103470 
0.195139 0.933876 -0.092491 
0.034638 -0.908227 0.053083 
0.094814 -0.768341 0.055703 
0.807670 -0.303192 -0.103761 
0.339514 0.895190 -0.063021 
0.141522 0.982174 0.068158 
-0.939384 0.110498 0.099802 
-0.048950 -0.696994 0.090884 
-0.854876 0.443348 -0.066552 
0.755141 -0.029055 0.090118 
0.723424 0.043658 -0.064546 
-0.863029 -0.132678 -0.103761 
-0.758242 0.124758 -0.103736 
0.205421 0.870177 0.036761 
-0.864046 -0.422956 -0.047531 
0.456901 -0.563657 -0.043730 
-0.807333 -0.104918 0.027346 
0.290766 -0.920581 0.101440 
-0.756295 -0.288510 0.029262 
-0.690736 -0.715646 0.042878 
0.584691 0.378665 0.021041 
-0.535453 0.591917 0.036511 
0.302804 -0.829599 0.031156 
0.673968 0.644142 -0.103678 
-0.996365 -0.032439 0.074496 
0.754962 -0.378871 -0.103761 
0.932546 0.029864 -0.102980 
-0.803723 -0.527635 -0.056428 
0.751648 0.173662 -0.103387 
-0.572877 0.517405 0.071649 
0.031013 -0.943842 0.101353 
-0.633015 -0.371228 -0.075683 
-0.765561 -0.521111 -0.103761 
-0.604537 0.766816 0.008143 
0.649728 -0.649027 0.078984 
-0.503471 0.547082 -0.099000 
-0.881645 0.458522 0.022149 
0.947450 -0.079861 -0.088760 
-0.517662 0.570263 0.075906 
0.612317 -0.329761 0.024136 
0.895677 -0.327232 -0.012890 
0.020878 -0.728527 -0.003825 
-0.627115 -0.730504 -0.004409 
-0.707038 0.270110 -0.103585 
-0.393592 -0.756364 -0.103761 
-0.362938 0.890950 -0.008111 
-0.486700 0.820625 -0.096130 
-0.863225 -0.157421 0.024751 
-0.022565 -0.954236 -0.090709 
-0.572907 -0.408109 0.023997 
-0.512027 -0.523539 -0.030487 
-0.401687 0.579876 0.018571 
0.680511 -0.378831 -0.103761 
0.627840 0.443085 0.062193 
0.724795 -0.005846 -0.017391 
0.186539 -0.897498 0.069049 
-0.834017 0.333621 0.035905 
-0.712073 0.181250 -0.049621 
0.749364 -0.107969 0.087595 
0.694876 0.704544 0.068511 
-0.119963 0.851947 -0.103582 
0.103739 0.894594 0.042032 
0.863144 0.463379 0.016267 
0.242894 0.853877 -0.103651 
-0.878593 -0.406451 0.101573 
0.304123 0.631212 0.018428 
-0.071226 0.956846 -0.045159 
0.351179 -0.888181 -0.069606 
-0.546908 -0.736705 -0.103761 
0.459109 -0.609107 0.074159 
0.597032 -0.731090 -0.099757 
0.940268 0.301879 0.040286 
-0.601421 0.643597 -0.103413 
-0.934262 0.237188 -0.007353 
0.114340 0.782230 0.039445 
0.137417 0.734991 0.099982 
-0.523922 -0.844277 0.066996 
-0.220665 0.755276 0.044898 
0.952622 0.031919 -0.043791 
0.595507 0.375696 0.098012 
0.694789 -0.084063 0.096848 
0.779140 0.518478 0.099947 
0.502117 -0.536210 0.101573 
-0.389450 -0.709333 0.028048 
-0.733731 0.660142 0.015172 
-0.878089 0.101538 0.027575 
-0.193060 0.734450 -0.103750 
0.684020 0.375633 -0.103761 
-0.625024 -0.438910 -0.103761 
0.366583 0.844526 0.077508 
-0.369567 0.675931 0.073521 
0.764483 0.574852 -0.006526 
0.915691 0.265623 0.101398 
0.517091 -0.458491 0.051617 
0.624346 0.306183 0.025909 
-0.079249 0.901336 0.044939 
0.420834 0.608138 0.101531 
-0.661891 -0.319687 -0.084205 
-0.943107 0.124348 -0.100612 
-0.709361 -0.189067 -0.077242 
0.247091 -0.895698 0.095859 
-0.026558 -0.728817 -0.059759 
-0.881638 0.388887 -0.016919 
-0.781780 0.151034 0.038891 
0.297922 0.913402 -0.002600 
-0.862320 -0.216329 -0.103761 
-0.871650 0.319151 -0.103761 
0.495193 0.484545 0.057309 
-0.071127 -0.705762 0.011599 
-0.579201 0.394768 0.081346 
-0.638153 0.717358 -0.087605 
0.417821 0.860373 -0.054581 
0.653860 0.284623 0.101388 
-0.836519 -0.049157 -0.103761 
0.855588 0.147986 0.024894 
0.868140 -0.393459 -0.047179 
-0.063592 -0.766012 0.068140 
0.255720 0.691862 0.101573 
0.976815 0.096802 0.093009 
0.217743 -0.755208 0.041036 
-0.450990 0.578858 -0.032694 
-0.322319 0.870370 0.086452 
0.931331 -0.154513 -0.097979 
0.769480 0.322097 -0.103761 
0.001614 0.858824 0.020747 
-0.634688 -0.489523 -0.103761 
0.737022 -0.169144 -0.103761 
0.688979 0.393522 0.034052 
-0.471240 0.669504 0.024779 
-0.180284 -0.941491 0.101573 
0.855253 0.436398 0.101492 
0.639843 -0.740114 0.097541 
0.869189 0.233383 -0.103689 
0.275104 0.907008 -0.099646 
0.683487 0.638696 0.099331 
-0.414741 -0.902074 0.075594 
-0.826661 -0.555143 0.046950 
0.278626 0.945853 0.018712 
0.649125 0.570179 -0.103755 
0.511633 -0.823733 0.008636 
0.249623 -0.668751 0.007339 
0.655736 -0.689337 -0.089281 
0.717223 -0.557315 0.057380 
-0.121813 -0.723653 0.101332 
-0.547289 -0.788379 -0.060143 
0.559213 0.462382 0.101573 
-0.948291 -0.217285 0.101573 
0.161360 0.945269 -0.011577 
0.605895 -0.779867 0.029084 
-0.368412 -0.918404 0.088766 
0.345626 -0.725102 -0.103458 
0.121003 -0.978031 0.092705 
-0.413432 0.815802 -0.103579 
0.390363 -0.578697 0.094037 
-0.983022 -0.162625 0.080328 
0.798192 0.454227 0.077420 
0.277866 0.636654 0.073873 
-0.594513 -0.750722 -0.090633 
0.861472 0.408937 -0.073439 
0.066487 -0.913186 -0.103761 
0.424057 0.592591 -0.086825 
0.408341 -0.628944 -0.103761 
-0.852563 0.197791 0.023817 
0.059332 -0.825551 0.020986 
0.437865 -0.748589 0.024030 
0.123647 -0.868816 -0.103761 
-0.527819 0.740306 -0.103761 
-0.912461 -0.126776 -0.103761 
-0.496534 -0.656624 0.022873 
0.636433 0.492610 -0.103761 
-0.297202 0.702264 0.091209 
0.477310 0.764775 0.044900 
0.635904 -0.750147 0.020106 
0.391456 -0.908216 0.056255 
0.944984 -0.284281 0.059146 
0.877366 -0.287575 0.091735 
0.832890 0.508580 0.012664 
0.596310 -0.786761 0.085318 
-0.794226 -0.019324 -0.103761 
-0.748407 0.354061 -0.103673 
-0.420357 -0.668396 0.041764 
0.776170 0.387603 0.024290 
0.713130 -0.481613 -0.103761 
0.839972 0.509163 0.093900 
-0.226215 0.967970 0.047316 
0.925297 -0.343128 0.053377 
-0.381733 -0.879553 -0.020910 
0.693988 -0.294451 -0.103761 
0.339651 0.777313 0.019795 
0.379715 0.820850 0.047486 
-0.755157 0.580842 -0.099190 
-0.686576 0.147926 0.087408 
0.757650 -0.133918 0.057811 
-0.566853 0.704102 0.041422 
0.315054 -0.870086 -0.103322 
-0.615118 0.541860 -0.103761 
0.459589 -0.561441 -0.002249 
-0.275745 -0.656975 0.100057 
-0.860684 0.232506 -0.103447 
0.650926 0.232322 0.066662 
-0.771108 -0.044340 0.072066 
-0.555362 -0.477951 -0.069466 
-0.350128 0.801649 0.024501 
0.297446 -0.704961 0.071087 
-0.631809 -0.373223 -0.027123 
-0.558605 0.789182 -0.000690 
0.901303 0.311751 -0.073821 
-0.988943 -0.120778 0.082707 
0.275470 -0.915186 -0.027635 
0.762030 0.260858 0.027071 
0.755980 0.050703 0.086351 
-0.881594 0.170306 0.035629 
0.459394 0.685313 -0.103507 
-0.657307 0.492294 -0.103761 
0.728112 0.400668 -0.103761 
0.634905 -0.271692 0.067093 
-0.726968 -0.106933 -0.010753 
0.208703 -0.843286 0.024234 
0.072068 -0.986357 0.024400 
-0.088544 0.955663 0.101401 
0.613600 0.733262 -0.050506 
-0.186001 -0.974434 0.057836 
-0.337168 -0.897419 -0.080441 
0.800982 -0.003135 0.028809 
0.963438 -0.213698 0.056930 
0.802104 0.413929 -0.103761 
-0.501428 0.492933 0.085973 
-0.240260 0.929603 -0.047530 
-0.741782 0.547913 0.066326 
0.951243 -0.189093 0.009264 
-0.745678 -0.230282 0.055786 
0.912296 0.066868 0.070008 
0.904579 0.396939 0.063821 
-0.796588 -0.466436 0.070152 
0.517974 0.531078 -0.101954 
-0.056556 -0.909043 -0.103761 
0.916096 -0.260838 -0.082692 
-0.010206 0.856252 -0.103573 
-0.675147 -0.427208 0.035257 
-0.672580 0.301310 -0.090752 
0.476631 0.812038 -0.101661 
0.552599 0.471847 -0.052322 
0.540217 -0.758664 -0.103758 
0.985075 -0.061098 0.031217 
0.822150 -0.437602 -0.103503 
0.271798 0.800956 -0.103553 
-0.436431 -0.892422 0.039372 
-0.859053 -0.172047 -0.103761 
-0.295448 0.914051 -0.017909 
-0.970124 0.015743 0.002527 
-0.273524 0.912687 -0.096680 
-0.738715 0.019105 -0.093756 
0.140905 0.881782 0.035542 
0.981506 0.057978 0.021358 
-0.035635 0.704131 0.016307 
-0.442837 -0.548779 0.016125 
-0.160422 0.946930 -0.039247 
-0.323424 0.702980 -0.103761 
0.303137 0.739383 -0.103444 
-0.765053 -0.430939 -0.103761 
-0.718741 -0.586619 0.084606 
-0.571555 -0.532478 0.052384 
0.644128 -0.248296 0.034068 
0.149131 0.957995 0.101536 
-0.655306 -0.505184 0.021887 
0.451310 -0.574629 -0.094305 
0.793377 0.082092 -0.103761 
0.695778 -0.622266 -0.103378 
-0.784863 -0.188484 0.030816 
0.690900 -0.253488 0.101573 
0.592482 0.792781 0.080312 
0.735093 -0.193880 0.078016 
0.386668 0.656831 0.082461 
0.916241 -0.056825 0.080623 
0.396817 -0.869669 0.101573 
0.767100 0.151941 0.042855 
0.443248 -0.884090 0.057669 
0.874258 -0.282502 -0.103735 
0.717689 -0.027635 0.101573 
0.078173 0.975944 0.011906 
0.681956 0.246582 -0.075316 
-0.457100 -0.585382 0.101232 
0.009165 0.730565 -0.006914 
0.780635 -0.245006 -0.103498 
0.147629 0.697378 0.100457 
-0.170156 -0.712359 -0.089701 
-0.312161 -0.712231 0.054297 
0.239902 0.770812 -0.103462 
-0.322329 -0.894928 0.101573 
-0.262453 -0.876472 0.060068 
0.552621 -0.554192 -0.103761 
0.147925 0.888019 -0.103678 
0.727604 0.076902 -0.097257 
-0.722441 -0.218925 0.098872 
-0.780609 0.058628 -0.103761 
0.723473 -0.040347 -0.051963 
0.053152 0.925110 0.089059 
-0.359016 0.605902 0.092810 
-0.619233 -0.759052 0.099962 
-0.204560 -0.935714 -0.060470 
0.120252 0.950717 -0.061684 
0.661468 0.386097 0.067082 
-0.700466 -0.511737 -0.103761 
-0.320170 -0.797427 -0.103761 
-0.205580 0.936635 -0.083840 
-0.643151 -0.417579 0.084452 
0.035544 -0.963150 0.001558 
-0.478594 -0.614402 0.054856 
-0.905353 -0.325271 -0.082136 
0.695562 0.311257 0.075215 
-0.963201 -0.096484 0.101573 
-0.661354 0.230845 0.074848 
0.541095 0.543824 0.065873 
-0.526173 0.650680 0.020281 
0.044308 0.728925 -0.066878 
0.086024 0.690420 0.059885 
0.580140 -0.523960 -0.103682 
0.852375 0.321342 -0.103761 
-0.090434 -0.734317 -0.099950 
0.771688 -0.079814 0.048626 
0.687007 0.224077 0.000690 
-0.700924 -0.651206 -0.093105 
0.291658 -0.740073 0.033376 
-0.683834 0.341709 -0.103744 
0.525729 -0.685656 0.023146 
-0.657437 0.403267 0.073989 
0.742731 0.168525 0.075457 
-0.828793 -0.343387 0.035607 
0.921194 0.277838 0.002407 
-0.620843 -0.671358 -0.103761 
0.109963 -0.932974 0.100325 
-0.734271 -0.020336 -0.029806 
0.723814 0.230144 0.082406 
-0.232290 -0.737183 -0.103761 
0.313254 0.898883 -0.094889 
0.398183 -0.565814 0.058922 
0.508879 0.559322 0.092526 
-0.150467 -0.966044 0.012042 
0.335980 -0.644436 -0.081945 
-0.135289 0.708786 0.005277 
-0.434648 0.627508 0.091422 
0.399360 0.906787 0.066080 
0.444746 -0.529805 0.067674 
0.718991 0.105178 0.101573 
-0.764572 0.201652 -0.103683 
0.141072 -0.813455 0.021189 
0.826335 -0.363402 0.049988 
0.415311 -0.734291 -0.103761 
0.895123 -0.232830 0.094533 
0.939336 0.160290 -0.070067 
0.340752 0.604421 0.043719 
-0.176636 -0.845797 0.022031 
0.422771 0.782199 0.033934 
0.130305 0.683047 0.034290 
-0.690430 0.655792 0.101340 
0.464221 -0.834302 -0.050703 
0.649517 0.679587 -0.101526 
-0.647095 0.478771 0.031975 
-0.579562 0.689495 -0.103670 
0.631684 0.448098 -0.103761 
0.224181 0.721089 0.095475 
0.553680 0.709274 0.043643 
0.329631 -0.608489 0.068653 
0.264873 -0.855539 0.039873 
0.782345 -0.361018 0.022767 
-0.698360 0.058922 0.059744 
-0.546362 0.438248 0.030442 
-0.503340 0.818971 -0.060476 
0.282247 0.950433 0.058879 
0.886621 -0.071438 0.037085 
-0.910517 0.314512 -0.077758 
-0.282672 -0.921437 -0.000363 
-0.644250 0.730641 0.006303 
0.853264 -0.424996 -0.065761 
0.771417 -0.560443 -0.042891 
-0.676974 -0.682603 -0.031140 
-0.660959 0.649255 0.077138 
-0.843565 -0.461583 -0.076543 
0.593007 0.631209 -0.103605 
0.888817 -0.009517 -0.103761 
0.499297 -0.798311 -0.101258 
0.529534 0.588795 -0.103431 
0.659110 0.454985 0.029718 
-0.632278 -0.336178 0.099950 
-0.223397 -0.739332 0.062259 
-0.354729 0.653909 0.101363 
0.273054 -0.915792 -0.066200 
0.677419 -0.513418 -0.103761 
-0.119750 -0.685148 0.039583 
-0.267337 0.885760 0.079484 
0.756436 0.358068 -0.103761 
0.610577 -0.552236 -0.103585 
-0.893820 -0.355873 -0.056791 
-0.699144 0.164263 0.009804 
-0.714175 0.686165 0.094016 
-0.839714 0.471494 -0.047010 
0.904205 0.136091 -0.103761 
-0.252904 0.689246 -0.088242 
0.655407 -0.217723 0.062863 
-0.045087 0.985370 0.017722 
-0.656289 0.244577 0.035936 
0.678536 -0.172496 0.014534 
0.712307 -0.684126 0.069649 
0.947328 0.136350 -0.001274 
0.414660 0.890086 0.096374 
0.819039 -0.033685 -0.103761 
0.557027 -0.464826 -0.001813 
0.526797 -0.622706 -0.103761 
-0.460230 -0.762516 -0.103761 
-0.546497 -0.594686 -0.103761 
-0.139015 0.913498 -0.103731 
0.952755 -0.014310 -0.037199 
0.330013 0.932832 0.025749 
-0.850536 0.376071 -0.103670 
0.221227 0.742499 0.056831 
0.590399 0.506900 -0.103645 
-0.759522 -0.643145 0.034515 
-0.922445 0.071208 -0.103761 
-0.458663 -0.708681 -0.103761 
-0.673289 -0.656875 0.099523 
-0.352734 0.642937 -0.034452 
-0.141320 0.849729 0.021109 
-0.322458 -0.939056 0.052622 
-0.467831 -0.562917 -0.052678 
-0.412659 -0.604303 -0.039566 
0.375176 -0.807662 0.036259 
-0.670828 0.413993 -0.103761 
-0.723483 0.093129 0.002278 
-0.366654 0.720346 0.029083 
-0.577297 0.464782 -0.092961 
0.264935 0.750112 0.034503 
-0.939273 -0.253361 0.101573 
0.535482 -0.681421 -0.103761 
-0.247985 -0.834970 -0.103761 
0.857112 -0.487896 0.084331 
-0.539783 -0.686332 -0.103761 
0.476495 0.793206 0.089418 
-0.434163 -0.807160 0.060844 
0.132147 0.760051 0.063312 
-0.855663 -0.375303 -0.103761 
-0.446372 0.593756 0.101407 
0.704129 0.444980 -0.103761 
-0.511360 -0.524181 -0.067552 
0.743884 0.547651 0.089750 
0.878033 0.087282 0.032144 
-0.820408 0.249820 -0.103619 
0.446397 -0.573844 0.101157 
0.712634 -0.130365 -0.072877 
-0.064208 -0.989481 0.072268 
-0.001663 0.752748 -0.103330 
0.402678 -0.866032 -0.043394 
0.423551 0.666106 0.038914 
0.805608 -0.446422 0.087505 
-0.834203 -0.262528 -0.103761 
0.703470 -0.644328 -0.061028 
-0.552468 0.765605 0.099982 
-0.215214 0.851078 0.026039 
0.511771 -0.806567 -0.028954 
-0.973596 0.090614 0.008524 
0.756896 0.516573 0.070725 
-0.773957 -0.413123 0.024948 
0.912082 0.197994 0.099100 
-0.487369 -0.860924 0.020125 
0.877917 0.373170 -0.056970 
-0.688549 0.580228 -0.103761 
0.704992 0.171336 -0.068045 
-0.963089 0.015249 -0.053249 
-0.039536 0.700490 0.091737 
-0.593588 0.432304 -0.022549 
-0.459602 0.586681 -0.100406 
-0.299696 -0.628866 0.042967 
-0.494713 0.815044 0.101573 
-0.720947 -0.114309 0.101470 
-0.813754 0.524453 -0.001366 
-0.349608 -0.642422 -0.052465 
-0.250590 -0.924685 -0.072301 
0.179693 -0.871361 0.034978 
-0.781074 -0.160158 -0.103761 
-0.596361 0.703832 0.066985 
0.115563 -0.718687 -0.033987 
-0.904329 0.185206 0.065758 
-0.107496 0.689066 0.055597 
0.163850 0.696714 0.007457 
0.616605 -0.643754 0.037786 
0.639401 -0.490279 -0.103761 
-0.741122 0.483130 0.027992 
-0.419886 -0.647885 -0.103761 
-0.836116 0.160671 -0.103541 
0.701823 -0.520957 0.027481 
-0.956539 -0.110649 -0.062727 
0.549835 -0.472896 -0.065592 
0.063062 -0.720995 0.001748 
0.576618 -0.613403 -0.103761 
-0.628398 -0.525318 -0.103761 
-0.963012 0.175256 0.100683 
-0.272923 0.643407 0.058222 
0.378121 0.715222 0.026755 
-0.617945 -0.479340 0.052030 
-0.539663 0.579941 -0.103364 
0.320510 0.634918 0.100579 
0.578233 0.761097 -0.056806 
-0.059436 0.883671 -0.103642 
-0.633393 0.369951 -0.000286 
-0.555944 -0.423807 0.073057 
-0.072460 0.724103 0.001045 
0.566666 -0.807312 0.024275 
-0.713497 -0.330714 -0.103761 
0.334648 -0.906109 0.101573 
-0.795307 0.597384 0.023697 
-0.623558 0.776205 0.079804 
0.809972 0.355324 -0.103761 
-0.127469 -0.793303 0.030009 
-0.700119 -0.018035 0.068290 
0.414919 0.812219 -0.103710 
-0.395975 0.601227 0.101141 
0.252796 -0.744872 -0.103423 
0.178891 0.707237 -0.049470 
0.808273 0.398778 0.046946 
-0.954189 -0.059715 -0.097303 
-0.590291 -0.458676 0.101175 
0.644310 0.334061 -0.077722 
0.407572 -0.864966 -0.007499 
0.422805 -0.679876 0.029858 
0.198205 0.972162 0.044667 
0.113791 0.729345 -0.097960 
-0.603846 0.354753 0.046398 
-0.241145 -0.784459 0.023096 
-0.025939 -0.694268 0.063296 
0.783457 -0.594447 0.021076 
0.837901 0.271648 0.030706 
-0.244615 -0.934093 0.101573 
0.711307 -0.439468 -0.103761 
-0.609320 0.410003 -0.055315 
-0.681071 -0.278400 0.101433 
0.775757 0.012620 0.048964 
-0.647841 0.303015 0.099779 
0.908969 -0.082074 -0.103761 
-0.946120 0.210477 0.101573 
0.431030 -0.853405 0.101573 
-0.284157 0.949954 0.089106 
-0.680942 -0.163919 0.078790 
0.976113 0.147680 0.050319 
-0.637101 -0.289427 0.068483 
-0.873786 -0.477820 0.072392 
-0.818853 0.505554 -0.082117 
0.533403 0.720933 -0.103676 
-0.866641 0.420604 -0.038476 
-0.846015 -0.083639 -0.103761 
0.132091 -0.722121 -0.095027 
-0.231745 0.782832 0.025019 
0.835526 -0.421321 0.099247 
0.479636 0.866693 0.035537 
0.546179 0.785281 -0.010159 
0.067501 -0.725455 -0.070853 
-0.012634 -0.846639 0.019663 
0.671424 -0.467191 0.022345 
0.210083 0.935623 -0.008451 
-0.827920 0.410605 0.068662 
0.574961 0.384564 0.055742 
-0.091656 -0.704671 0.100141 
-0.760152 0.277186 -0.103761 
0.639182 -0.677335 0.097910 
0.656013 0.734364 0.020364 
-0.513453 -0.574916 -0.103761 
0.388577 -0.658597 -0.103761 
0.883501 -0.325100 -0.100518 
-0.746641 0.028048 0.101367 
0.213950 -0.932758 -0.008495 
0.786830 -0.098835 -0.103761 
0.163848 -0.850705 -0.103604 
-0.080918 0.762842 0.077395 
-0.741246 0.432099 -0.103757 
0.952121 -0.031801 -0.072124 
0.370189 -0.699388 -0.103602 
-0.831976 0.492436 -0.001848 
0.501788 -0.659545 0.020309 
0.660441 0.360766 0.094421 
-0.515927 0.846727 0.021117 
0.677469 -0.217305 0.101169 
-0.765123 -0.581846 -0.055978 
-0.923715 -0.287608 0.101573 
0.895343 -0.003570 0.041967 
-0.395570 0.877097 -0.008813 
-0.102514 0.960595 0.000094 
-0.598981 -0.750340 -0.012808 
0.424735 -0.568364 0.009551 
-0.021300 0.955165 -0.092651 
0.789066 0.484967 0.094344 
0.612943 -0.508493 0.031678 
-0.523098 -0.804133 -0.084334 
-0.924769 -0.266388 -0.024930 
-0.194612 0.878256 0.039525 
0.040067 0.715383 0.101059 
0.620777 0.669269 0.061277 
0.613482 0.388086 -0.053402 
-0.945205 -0.015045 0.100427 
-0.802018 0.109648 -0.103761 
-0.357644 0.712726 -0.103677 
-0.766416 0.126594 0.062769 
-0.055548 -0.827509 -0.103761 
-0.563672 -0.622748 0.019843 
0.666981 0.516432 0.019629 
0.236603 -0.687709 -0.065245 
0.497941 0.516594 0.101440 
-0.303943 0.740630 0.033683 
0.769711 0.544527 -0.099978 
-0.851351 0.382836 0.092541 
-0.789898 -0.566443 0.101573 
0.398827 0.745951 -0.103555 
0.921010 -0.245893 -0.044112 
-0.768837 -0.331074 -0.103761 
0.503213 0.758201 -0.103707 
0.442886 -0.880917 0.022654 
-0.469756 -0.836869 -0.024613 
-0.901747 0.329724 0.101353 
-0.783857 0.615567 0.063004 
-0.464532 0.880128 0.052148 
-0.035835 0.958785 -0.029263 
-0.406711 0.663704 0.057211 
-0.689463 -0.358042 0.060581 
0.508217 -0.492399 0.100243 
-0.087307 0.795980 -0.103442 
0.757048 0.636011 0.056325 
-0.192853 0.975167 0.032029 
-0.214638 0.812744 -0.103559 
0.797274 0.584352 0.071268 
-0.489921 -0.682103 -0.103761 
0.039154 0.957951 -0.044395 
0.435625 0.890217 0.033964 
-0.813058 -0.120544 -0.103761 
-0.275134 0.720016 0.070572 
-0.446107 -0.580650 -0.031130 
-0.112117 -0.949890 -0.085877 
-0.531489 -0.813339 0.006390 
0.787368 -0.182150 0.025519 
0.899005 -0.136490 -0.103761 
0.746262 -0.442548 0.024560 
