-0.941435 0.269563 -0.012711 
0.963290 -0.265445 0.035825 
-0.251570 -0.964623 0.024388 
0.276217 0.958619 0.014487 
-0.862784 -0.496577 0.013857 
0.869826 0.491717 0.022517 
0.502066 -0.862965 0.038711 
-0.483986 0.866205 0.045863 
-0.115659 0.970936 -0.045845 
-0.965038 -0.122540 -0.048652 
0.871556 0.106388 -0.047187 
0.132930 -0.956522 -0.049735 
-0.579593 -0.757738 -0.049735 
0.715274 -0.550152 -0.049640 
-0.753816 0.608152 -0.049597 
0.551675 0.694138 -0.049735 
-0.855519 0.061401 0.045659 
0.071442 0.853487 0.041135 
-0.811210 -0.269266 0.042315 
-0.757270 0.394524 0.026202 
0.283227 -0.814024 0.046907 
-0.056800 -0.853331 0.019656 
-0.373456 -0.769108 0.035249 
-0.646238 -0.558356 0.020463 
-0.281513 0.824505 -0.033814 
-0.546894 0.656125 0.021546 
0.954208 0.287463 0.044154 
0.472744 0.879039 0.034836 
0.739202 0.665996 0.045623 
0.554802 -0.657946 0.045837 
0.879237 -0.458790 0.047614 
0.997785 -0.057613 0.033259 
0.709903 0.516252 -0.047019 
0.323000 0.793649 0.035813 
0.845908 -0.140269 0.020360 
0.812178 -0.321823 -0.032436 
0.790106 0.333280 0.032970 
0.716391 -0.695825 0.035357 
-0.706282 -0.702167 0.030648 
-0.264574 0.958895 0.043860 
-0.901109 -0.356758 -0.049525 
0.000599 -0.997458 0.028759 
-0.504822 -0.858064 0.040975 
0.125036 0.973244 -0.039543 
-0.977125 0.030249 -0.043491 
-0.852625 0.513525 0.036606 
-0.129599 0.846227 0.041280 
0.604255 -0.774003 -0.040240 
0.410768 -0.777887 -0.048964 
-0.363294 -0.893856 -0.049735 
0.993756 0.095911 0.041311 
0.265037 -0.962059 0.027597 
-0.692778 0.704878 0.047671 
-0.427993 0.760957 -0.045102 
-0.848046 -0.101672 0.040807 
-0.675607 0.530332 0.046595 
0.599316 0.796981 0.042525 
-0.962158 -0.233108 0.046696 
-0.189396 -0.850980 -0.041253 
-0.732285 -0.439444 0.038913 
0.094902 -0.852268 0.042843 
-0.878786 0.395255 -0.049725 
-0.583979 0.786714 -0.023929 
0.198889 0.850696 -0.043678 
0.610257 0.604952 0.043945 
-0.010360 0.982011 0.048394 
-0.983639 0.142673 0.042446 
-0.116629 -0.972164 -0.044198 
0.436124 0.773883 -0.049735 
-0.545663 -0.658735 0.042374 
0.744141 -0.425986 0.039577 
-0.859904 0.163070 -0.048029 
0.901106 0.378486 -0.048174 
-0.819357 0.262997 0.047630 
-0.771409 -0.603586 -0.036069 
0.857740 -0.006029 0.025061 
0.373415 -0.908311 -0.023941 
0.367202 0.885746 -0.049735 
0.955329 -0.156751 -0.049735 
0.833792 0.200105 0.035462 
-0.396751 0.890055 -0.048083 
-0.015026 0.881842 -0.049573 
0.802380 -0.559346 0.048375 
0.216694 -0.862538 -0.049735 
-0.870358 -0.208722 -0.049735 
0.953219 0.205652 -0.049104 
0.631906 -0.652005 -0.049735 
0.486482 0.723248 0.048279 
0.740439 0.442243 0.046708 
-0.458855 -0.771590 -0.049735 
0.644185 -0.570020 0.044942 
0.670924 0.646797 -0.049735 
0.031230 -0.892723 -0.049735 
-0.361096 0.792826 0.048309 
-0.762015 0.485570 -0.049735 
0.811833 -0.466680 -0.049690 
-0.267376 -0.819525 0.047596 
-0.645427 0.658344 -0.049681 
-0.873747 -0.024439 -0.047437 
0.458498 -0.727736 0.045327 
-0.627454 -0.649161 -0.049735 
0.955523 0.010070 -0.049735 
-0.969273 -0.040628 0.046775 
-0.790859 -0.397397 -0.049735 
0.898439 -0.395120 -0.043200 
0.791900 0.567988 0.047779 
-0.185044 0.886055 -0.049735 
0.850791 0.266038 -0.049735 
-0.908476 0.358191 0.048345 
-0.720953 -0.501917 -0.049224 
0.795152 0.403115 -0.049735 
0.864748 -0.228674 -0.049735 
-0.481019 0.740609 0.045659 
-0.896453 -0.399214 0.048268 
-0.402598 -0.895829 0.048270 
-0.619948 -0.774469 0.045657 
0.767001 0.603580 -0.048782 
0.100607 -0.971135 0.048379 
0.527246 -0.704200 -0.048751 
0.541621 0.818866 -0.041175 
-0.778213 0.584072 0.048243 
-0.352592 0.900436 0.044337 
-0.808422 0.321158 -0.036124 
0.377131 0.918995 0.046354 
0.889304 -0.067428 -0.049735 
-0.298367 0.923355 -0.049528 
-0.151546 0.960860 0.047792 
0.176146 0.953146 0.044959 
0.310088 -0.825607 -0.049453 
0.645418 0.709560 0.025074 
0.511960 -0.811546 -0.049735 
0.974652 -0.159399 0.048394 
-0.492335 0.837945 -0.049219 
0.835490 -0.235113 0.048208 
-0.489496 -0.739881 0.039105 
0.692123 0.532686 0.048306 
0.237540 0.839645 0.048310 
-0.233269 0.847792 0.047960 
0.099158 0.876449 -0.049493 
0.928994 -0.302649 -0.048047 
0.906468 -0.357050 0.045987 
0.913189 0.385709 0.047816 
0.630599 -0.739315 0.046934 
-0.956499 0.163463 -0.049367 
-0.148795 -0.847907 0.046664 
0.738421 -0.643150 -0.046745 
0.189209 -0.835189 0.040374 
0.804378 0.498361 -0.049735 
-0.852697 0.173663 0.048394 
0.030243 0.980370 -0.038974 
-0.805014 -0.364119 0.043368 
0.856066 0.103927 0.046554 
0.969237 0.187174 0.048394 
-0.664963 0.565859 -0.045157 
-0.324097 -0.808948 -0.036329 
-0.982447 -0.133848 0.045698 
-0.136797 -0.981554 0.047048 
-0.268347 -0.909848 -0.049735 
-0.941296 -0.268101 -0.040005 
0.368871 -0.777954 0.045877 
-0.625808 0.615101 0.048203 
-0.789560 -0.571173 0.048379 
-0.451151 -0.869023 -0.042389 
0.088483 0.992441 0.041927 
-0.817850 -0.310251 -0.047535 
-0.894502 0.067791 -0.049735 
0.805166 -0.560562 -0.043865 
0.612241 0.762870 -0.047059 
-0.043352 0.871612 0.048320 
-0.992350 0.050360 0.043040 
-0.537273 0.709675 -0.049587 
-0.866546 -0.119515 -0.047468 
0.707837 -0.506963 0.048187 
-0.940515 -0.322752 0.042244 
0.420663 0.781434 0.043375 
-0.861056 -0.196916 0.043789 
0.959016 0.112150 -0.049735 
0.808667 -0.362802 0.044852 
0.558282 -0.787116 0.036930 
-0.812213 -0.527929 -0.049660 
0.185463 -0.929178 0.015179 
-0.318573 -0.902182 0.024219 
-0.628213 0.762410 0.047851 
0.281843 -0.927497 -0.049735 
0.283607 0.836075 -0.049597 
0.421674 -0.845959 0.013732 
0.040079 -0.977488 -0.045550 
-0.519191 -0.698803 -0.038425 
-0.894014 0.438465 0.021848 
0.219596 0.932372 -0.049735 
0.564909 0.675790 0.047897 
0.154648 0.863683 0.048382 
-0.067742 -0.898601 -0.049735 
0.922398 0.065929 0.009439 
-0.841044 0.245222 -0.048225 
-0.887383 -0.021483 0.034864 
-0.201457 -0.958602 -0.043221 
-0.855575 0.474598 -0.042465 
0.337848 -0.927881 0.048210 
0.873565 0.319200 0.009439 
0.134817 -0.872128 -0.049640 
0.021577 -0.889236 0.036404 
-0.103266 0.876395 -0.049708 
-0.067775 -0.946925 0.016489 
0.912062 -0.194423 0.009439 
-0.714600 0.627776 0.021936 
-0.533158 -0.822202 -0.031636 
-0.534467 0.801786 0.039669 
-0.703604 -0.676838 -0.046336 
0.846492 0.413331 0.011676 
0.738880 -0.618390 0.032606 
0.030779 0.916828 0.010614 
0.660116 0.571922 -0.016917 
-0.741533 0.484780 0.040527 
-0.878745 -0.432706 -0.031612 
-0.731365 -0.623551 0.034469 
-0.200153 0.960200 -0.014234 
-0.713575 -0.523376 0.041545 
-0.778599 0.408745 -0.049389 
-0.596413 -0.708697 0.009439 
-0.813844 0.545584 -0.023418 
-0.074660 0.944199 0.015246 
-0.817001 0.345554 0.037803 
0.856993 0.188286 -0.046672 
0.672818 -0.715601 -0.030807 
-0.977797 -0.047696 -0.031166 
0.936433 0.281697 -0.047637 
0.515452 0.814212 0.032814 
-0.430731 -0.814693 0.009439 
0.909040 0.146735 0.010108 
-0.647164 0.734985 -0.041697 
0.874570 0.024528 -0.043469 
-0.919169 0.117815 0.009439 
-0.915850 0.195872 0.011220 
0.304678 0.880022 0.009439 
-0.696289 -0.599456 -0.049735 
-0.868162 -0.321208 0.009439 
-0.414125 0.853480 0.016614 
0.760197 0.507166 0.011878 
-0.616672 -0.622851 0.048267 
0.387704 0.841127 0.009439 
0.556319 0.741622 0.009439 
0.887784 -0.074684 0.037551 
-0.885963 0.306322 -0.049735 
0.978937 -0.085374 -0.039773 
0.258856 -0.881220 0.010435 
-0.143621 -0.913279 0.009439 
-0.234706 -0.881967 0.011599 
-0.915625 -0.122739 0.009439 
-0.546647 -0.791897 0.035842 
0.999106 0.017299 0.027602 
0.781566 -0.390237 -0.028029 
-0.802380 -0.440442 0.010530 
0.298632 0.926378 -0.049199 
-0.610159 0.695778 0.009439 
-0.814903 0.440458 0.009439 
0.893076 -0.273490 0.009690 
0.952148 -0.232935 -0.045600 
0.437136 0.847281 -0.049735 
0.730223 -0.479277 -0.037921 
0.882022 -0.153773 -0.049735 
0.592497 0.641662 -0.019252 
0.601262 -0.617296 0.006572 
-0.373995 0.820826 -0.049602 
0.727383 0.585960 0.009727 
0.357505 0.811337 -0.049735 
-0.039952 0.964637 -0.049735 
0.103321 0.920473 0.009439 
-0.032400 -0.974670 -0.048061 
0.865122 0.447751 -0.049263 
0.845147 -0.506505 0.000373 
0.334625 -0.857363 0.010010 
0.671108 -0.643068 0.009439 
0.897340 0.218951 0.009439 
0.571247 -0.722558 0.009908 
0.467643 -0.736944 -0.024596 
-0.273235 0.896617 0.011028 
0.834006 -0.419194 0.009525 
0.513944 0.753420 -0.049735 
0.456151 -0.868368 -0.043014 
-0.261052 -0.837091 -0.047877 
0.745111 0.456423 -0.038352 
-0.960413 -0.191462 -0.037970 
-0.292860 0.807194 0.045673 
0.216259 0.895886 0.009648 
-0.655351 -0.728330 -0.020858 
0.824169 0.267341 0.048191 
-0.394702 -0.796583 -0.049735 
-0.464118 0.796577 0.009439 
-0.791844 -0.508652 0.013098 
-0.365491 -0.836189 0.011573 
0.826060 0.341776 -0.049735 
-0.669234 -0.643780 0.009439 
0.650598 -0.582436 -0.025840 
0.929720 -0.121478 0.010496 
-0.876673 0.256368 0.011034 
-0.963695 0.238915 0.044089 
0.771847 -0.512728 0.009439 
-0.705114 0.680071 -0.020249 
-0.511326 0.772934 -0.049720 
-0.933197 0.047030 0.010672 
0.221591 -0.955895 -0.035155 
0.622055 0.693789 -0.049735 
-0.542092 0.723703 0.015556 
-0.904088 -0.247151 0.011361 
0.120239 -0.916291 0.009439 
-0.699189 0.518440 -0.014595 
-0.122066 -0.862866 -0.039022 
-0.142927 0.907577 0.010148 
0.942467 -0.029256 0.012019 
0.485735 -0.805489 0.011472 
-0.925519 0.293206 0.046356 
-0.789656 -0.462942 -0.049735 
-0.974845 0.090333 -0.014806 
0.734931 0.652605 -0.017517 
-0.567971 -0.659651 -0.022044 
0.795054 0.452470 0.011589 
0.414821 -0.907505 0.031670 
0.840163 -0.298988 0.035779 
0.509448 -0.689873 0.011259 
-0.623754 0.607569 -0.017560 
-0.342593 0.846920 0.011305 
-0.222161 0.842604 -0.019607 
-0.856013 0.115436 0.003378 
-0.908632 0.229691 -0.049603 
-0.859144 0.386310 0.013509 
-0.205074 0.895642 0.010104 
-0.927121 -0.186861 0.015471 
0.872198 -0.452548 -0.038530 
0.003634 0.860184 0.006762 
0.566839 -0.663997 -0.021377 
0.783380 0.618161 0.011207 
-0.194885 -0.949083 0.045975 
0.931722 0.341896 0.005568 
-0.832326 -0.253083 -0.014275 
0.061385 0.926231 -0.049735 
0.681210 0.707727 -0.035209 
0.666747 0.627257 0.011343 
-0.420011 0.744582 0.032900 
0.813466 0.551573 -0.018386 
0.491664 0.850640 -0.019634 
-0.315898 0.944649 0.011424 
0.763890 0.389251 0.024131 
0.868931 -0.340786 -0.049735 
0.042994 -0.942848 0.013366 
-0.869267 0.027790 -0.004415 
0.450472 0.743063 0.001872 
0.981703 0.056564 -0.018728 
0.161891 -0.984060 0.030223 
0.943810 -0.323676 0.010130 
-0.481985 0.725511 -0.023737 
0.962366 0.240694 0.005026 
-0.763416 0.535889 0.010165 
-0.875632 0.322895 0.010408 
0.333275 0.937148 0.007833 
0.969945 0.160185 -0.012123 
0.856822 0.053578 0.012255 
-0.326580 -0.806369 0.048394 
-0.871484 -0.282458 -0.049735 
-0.760995 -0.389477 0.010715 
-0.915112 -0.068328 -0.049735 
0.418427 -0.751533 0.007453 
0.507176 0.710531 -0.008298 
-0.847614 -0.390489 0.010446 
-0.574412 0.662684 -0.048268 
-0.206969 -0.829899 0.020479 
-0.243513 0.897889 -0.049623 
0.859949 -0.364473 0.009635 
0.426854 0.885302 -0.002493 
0.079906 -0.868383 -0.025842 
0.974748 -0.213034 0.010835 
0.726478 -0.565152 0.010110 
0.272858 0.815601 0.007493 
-0.425632 -0.756402 0.001300 
0.448982 0.821162 0.010275 
-0.736626 0.551793 -0.049640 
0.834186 -0.259815 -0.007775 
-0.681516 -0.541004 -0.023345 
0.150496 0.904736 -0.049735 
0.629570 -0.693479 0.010429 
0.905188 -0.418813 0.009959 
-0.386962 0.780496 -0.008188 
0.838389 -0.390726 -0.049735 
0.708385 0.576386 -0.049735 
-0.908064 0.129907 -0.049717 
0.093389 -0.976687 -0.009405 
-0.907755 -0.160966 -0.049735 
-0.546046 -0.739567 0.009783 
0.237365 -0.824758 0.009305 
-0.169709 -0.905138 -0.049735 
-0.644199 -0.717021 0.041604 
0.405109 -0.841291 -0.049706 
-0.846158 -0.148280 0.006188 
-0.428426 0.841101 -0.049676 
-0.706302 0.571018 0.013221 
-0.745048 0.449521 -0.007574 
-0.837625 0.207455 0.003723 
0.774334 -0.604939 -0.021950 
0.181647 0.964743 -0.011548 
-0.058960 0.869622 -0.013021 
-0.494692 -0.794499 0.010814 
-0.909712 0.362752 -0.013237 
0.821607 0.298542 -0.003987 
0.703661 0.709037 0.032191 
0.586852 -0.720134 -0.049735 
0.376722 0.774020 0.007196 
-0.995197 0.001254 0.013515 
-0.096792 0.992235 0.037460 
0.851112 0.154867 0.004887 
-0.208979 0.972216 0.044130 
0.707023 0.484591 0.021359 
-0.755637 -0.547248 -0.049735 
0.369630 -0.790529 -0.011481 
-0.772028 0.624846 0.009085 
0.866289 -0.186954 0.045607 
-0.024766 -0.871700 -0.024324 
-0.851521 -0.384236 -0.049735 
-0.845241 -0.482021 -0.048626 
-0.918215 -0.061427 0.009438 
-0.800551 -0.312169 0.006164 
-0.521847 -0.770006 -0.049735 
0.158437 0.908580 0.009439 
-0.448438 -0.889810 0.016004 
-0.802376 -0.561887 -0.005714 
-0.826268 0.375031 -0.049592 
-0.159325 -0.967752 -0.007364 
0.518989 -0.756975 0.010708 
-0.643388 -0.585948 -0.037837 
-0.968872 0.180072 0.003440 
0.683541 -0.620659 -0.049735 
0.879684 0.443311 0.048394 
0.171778 -0.855093 -0.011605 
-0.011520 -0.932136 0.009640 
-0.175977 0.837602 0.011771 
-0.327435 0.875966 -0.049644 
0.535342 -0.828474 0.001959 
-0.590014 -0.783896 -0.001967 
-0.318139 -0.927479 -0.032923 
-0.867300 -0.453741 0.048309 
-0.614247 -0.702667 -0.049735 
0.677116 -0.541658 0.003345 
0.247808 0.877884 -0.049735 
0.757005 0.543988 -0.049735 
-0.741763 -0.455152 -0.024737 
-0.588143 0.803654 0.030626 
-0.097786 -0.875922 0.047437 
-0.737050 -0.560426 0.009439 
-0.378443 -0.907595 0.000560 
0.992061 -0.106512 0.010453 
-0.319031 -0.862703 -0.049735 
-0.648453 0.657583 0.009439 
-0.526079 0.826705 -0.008489 
-0.253942 0.947307 -0.030223 
-0.411741 0.907245 0.021258 
-0.900680 -0.385170 -0.003673 
0.460311 -0.884815 0.012659 
0.616591 -0.784097 0.011070 
0.636300 0.757118 0.048115 
0.922593 -0.109449 -0.049735 
0.488623 0.806418 -0.049735 
-0.076789 -0.992395 0.043325 
0.043335 0.963809 0.038856 
0.085892 -0.930972 -0.049735 
0.143858 0.860391 -0.020559 
0.909198 0.279160 0.016566 
0.809849 0.518087 0.028307 
-0.035569 0.982791 0.000213 
0.937153 -0.044133 -0.049735 
0.788840 -0.446442 0.015767 
0.458880 -0.809681 -0.049735 
-0.510764 0.696045 0.048126 
0.203769 0.835078 0.007782 
0.866017 -0.281553 -0.049674 
0.238388 0.941076 0.046855 
0.592760 0.700917 0.010773 
0.059417 0.869873 -0.007506 
-0.738385 -0.644046 -0.024139 
-0.822232 0.561412 0.030172 
0.008853 0.929638 -0.049735 
0.923394 0.051694 -0.049735 
0.051575 -0.995993 0.016068 
-0.836233 -0.526986 0.047436 
-0.358585 0.912477 -0.019901 
0.790654 -0.610540 0.033289 
-0.919025 0.001773 -0.049735 
0.328516 -0.901013 -0.049693 
-0.988671 -0.080595 0.007954 
-0.923434 -0.326230 -0.013477 
0.903274 0.419473 0.008394 
-0.791536 0.361555 -0.007823 
-0.288162 -0.861253 0.013706 
0.567564 0.809568 0.003431 
-0.669964 0.723450 0.003469 
-0.868236 -0.057266 -0.007723 
-0.978436 -0.182312 0.021030 
-0.130946 0.921598 -0.049735 
-0.471544 -0.821790 -0.049735 
0.844228 -0.205151 0.002479 
0.500286 0.770165 0.010589 
-0.681591 0.614486 -0.049690 
0.695868 -0.673510 -0.049735 
-0.023104 0.905665 0.015300 
-0.638877 0.566859 0.036415 
0.628786 0.606618 -0.038092 
-0.597167 0.726758 -0.049669 
0.424404 0.891103 0.048394 
-0.300720 -0.950006 0.027696 
0.177257 -0.931082 -0.049735 
0.159777 -0.876397 0.033695 
0.211828 -0.974741 0.034644 
-0.803043 0.504846 0.018084 
0.140217 0.985606 0.009532 
-0.957320 0.086649 0.035980 
-0.794481 -0.355460 -0.019850 
0.721312 -0.463785 0.014336 
-0.955882 -0.268216 0.008653 
-0.615241 -0.615732 -0.007907 
0.917665 -0.351924 -0.025059 
0.323107 -0.803505 0.003721 
0.900716 0.213639 -0.049735 
-0.819472 0.439867 -0.049735 
-0.461044 0.864837 -0.019204 
0.304406 0.928416 0.048394 
-0.053525 0.915963 -0.049735 
-0.932506 0.318465 0.003154 
-0.181651 -0.881614 0.019563 
0.972587 -0.151687 -0.001454 
0.868667 0.314786 -0.049735 
0.622948 0.649853 0.021162 
-0.799216 0.300311 0.020701 
-0.384807 -0.845816 -0.049735 
0.418628 -0.888255 -0.015603 
0.953633 0.140903 0.032087 
0.645404 0.741123 -0.016535 
0.872766 -0.043448 -0.004556 
0.820635 -0.550521 0.002490 
0.542609 0.676343 0.003286 
-0.484722 -0.723743 -0.012541 
0.822329 0.370526 0.019590 
0.922417 0.016157 0.009631 
0.338343 0.843588 0.014102 
0.642734 -0.743790 -0.003213 
0.845489 0.220422 -0.008132 
-0.355863 -0.926008 0.046078 
-0.734157 0.672655 0.027937 
0.768469 -0.528147 -0.049649 
-0.321594 0.797261 0.006904 
0.676453 0.583811 0.032190 
0.844415 0.502869 -0.021595 
-0.747001 -0.485596 0.031040 
0.634192 -0.621076 0.042729 
0.261380 -0.842328 -0.049454 
-0.594602 0.741818 0.018738 
-0.253599 -0.947533 -0.022155 
0.567193 -0.801777 -0.023883 
-0.441135 -0.733141 0.042245 
-0.294329 -0.804455 0.009674 
-0.027751 -0.889056 0.035955 
-0.953307 0.222888 -0.020723 
-0.512998 0.762451 0.009852 
0.378672 -0.875781 0.019979 
-0.592285 0.660518 0.038830 
0.356358 -0.842217 -0.049663 
0.866179 0.255460 0.018692 
-0.701366 -0.594309 0.009585 
0.557891 -0.759254 -0.049667 
-0.920261 -0.216190 -0.049735 
-0.781592 -0.614330 0.010215 
0.124977 -0.862987 -0.001730 
0.843093 -0.512678 0.048394 
-0.762548 0.438204 0.046453 
0.328655 -0.928203 0.000700 
-0.525593 -0.708478 0.046160 
-0.907062 -0.294180 0.022284 
0.876380 0.375310 0.018334 
0.756121 -0.438859 -0.042764 
0.866786 -0.111945 -0.031137 
0.419252 -0.798192 0.019437 
0.835753 -0.464858 0.024745 
0.679552 -0.591376 0.020217 
0.903222 0.142556 -0.049735 
-0.360850 -0.792636 -0.008346 
0.982153 -0.035693 -0.034969 
0.925321 -0.239185 0.020711 
-0.225127 -0.881892 -0.049735 
0.694034 0.525972 0.001009 
0.772148 -0.372419 0.015297 
0.178735 -0.965111 -0.016145 
0.229694 -0.908473 -0.049735 
-0.478632 -0.855576 -0.005831 
-0.738731 -0.667681 0.018154 
-0.328881 0.807648 -0.042146 
-0.119242 -0.851151 0.007007 
0.511246 -0.724118 0.044017 
-0.027800 -0.924152 -0.049735 
0.878488 0.031880 0.048390 
-0.034914 -0.966820 0.044173 
0.293123 -0.918577 0.035948 
-0.707601 -0.506815 -0.002240 
0.230094 0.967272 0.008496 
-0.590647 -0.666074 0.030525 
-0.408861 -0.890646 -0.031108 
0.914603 0.317770 0.042875 
-0.287784 0.852693 0.019420 
-0.869224 0.123751 0.047722 
0.505627 -0.748738 -0.049576 
-0.891388 0.155923 0.014561 
-0.252764 -0.833771 -0.001943 
-0.831234 0.256499 -0.003901 
0.684397 -0.727023 0.021696 
0.956305 -0.077236 0.024607 
0.494577 -0.848675 -0.008438 
-0.077213 -0.944277 -0.049735 
-0.848545 0.220060 0.047410 
-0.228485 0.931754 0.027915 
0.740374 -0.666156 0.008666 
0.043466 -0.854978 0.013754 
0.391186 0.780594 -0.039686 
0.207783 -0.873766 0.022155 
-0.419789 0.791598 0.022823 
0.073519 -0.890685 0.027805 
-0.968026 -0.147536 -0.007967 
0.797502 -0.316452 0.040867 
-0.859370 -0.247783 0.023600 
0.378506 0.801144 0.044619 
-0.867878 0.472868 0.005395 
0.082053 0.977845 -0.023182 
0.712327 -0.505809 -0.002548 
0.904897 -0.251419 -0.049724 
-0.932165 -0.017452 0.010033 
-0.846882 -0.193916 0.000030 
-0.175278 0.933941 -0.049735 
-0.080156 0.889918 0.027688 
-0.078855 -0.977761 -0.018326 
0.331268 -0.811123 0.048260 
0.024547 0.862663 0.047555 
-0.925458 -0.366343 0.034742 
0.805397 0.452587 -0.049735 
0.109076 0.879201 0.044251 
-0.952622 -0.099496 0.028525 
-0.150746 0.858761 -0.019754 
-0.624447 -0.751115 -0.045801 
0.962041 0.043519 0.030123 
0.864377 0.154230 0.048374 
0.940912 0.223208 0.041085 
0.582557 0.727457 -0.049735 
0.412850 0.887792 -0.045634 
-0.789457 0.579955 -0.006635 
-0.969967 0.134366 -0.005372 
0.686137 -0.553209 0.046840 
-0.133592 0.987467 0.011600 
0.285983 0.839892 0.043256 
0.789424 0.374184 -0.011153 
-0.805044 0.397706 0.019941 
-0.699278 0.490143 0.025878 
-0.831019 -0.518249 -0.009952 
-0.946412 0.106410 -0.049735 
0.237910 -0.851224 0.046680 
0.863459 0.096903 0.002468 
-0.586346 0.643692 -0.009375 
-0.446266 0.747830 -0.003320 
0.017010 0.987215 0.003327 
-0.402469 -0.861947 0.018900 
-0.879878 0.430594 -0.019966 
0.576994 0.633911 0.035953 
0.916166 0.336290 -0.048913 
0.529186 0.709972 0.045551 
0.130732 0.960438 0.045358 
-0.419172 -0.782552 0.038340 
0.515520 -0.817995 0.042380 
0.260196 0.946632 -0.025478 
0.947071 -0.263333 -0.013284 
-0.953112 -0.224293 -0.008607 
-0.243694 0.819565 0.015024 
-0.157109 0.967990 -0.022973 
0.791650 -0.408196 0.038538 
-0.871796 -0.060973 0.048394 
0.924119 -0.188494 -0.049735 
-0.660214 -0.685907 -0.049735 
-0.542410 -0.835469 0.028143 
-0.855777 0.016984 0.044144 
-0.946621 0.180189 0.041857 
-0.777531 0.534548 -0.049730 
0.700161 0.653867 0.023372 
-0.461321 -0.850356 0.045005 
-0.936711 0.047400 -0.049735 
-0.007360 0.947021 0.015114 
-0.632279 -0.760490 0.005535 
-0.203900 -0.920761 0.013232 
-0.037378 -0.980624 -0.003264 
-0.283216 0.875814 -0.049646 
-0.189326 0.862729 0.045605 
0.596943 -0.662526 0.033495 
0.858258 -0.105899 0.047547 
0.905675 -0.006048 -0.049735 
-0.871413 -0.153824 0.041847 
-0.773067 -0.506823 -0.049735 
-0.660909 0.615892 0.015900 
-0.558925 0.770969 0.020006 
-0.734683 0.647096 -0.042564 
0.305335 0.874274 -0.049735 
-0.537067 -0.685406 -0.000584 
-0.749415 0.632336 0.048330 
-0.117721 -0.927407 -0.049735 
-0.886907 0.089108 0.027480 
0.286487 -0.938861 -0.004583 
0.880238 -0.406076 0.043616 
-0.960993 -0.011803 -0.049735 
0.371142 -0.926445 0.015787 
-0.198789 -0.975169 0.009946 
-0.922249 -0.113709 -0.049735 
0.178092 -0.882907 -0.049735 
0.637388 -0.698676 -0.049735 
-0.767215 -0.415199 0.048394 
-0.384374 0.821801 0.014169 
-0.112164 -0.990030 0.012207 
-0.871445 0.104613 -0.049136 
-0.820133 0.511617 -0.049735 
-0.651245 -0.596926 0.044188 
0.768792 -0.564996 0.021487 
0.327826 0.809121 -0.010058 
-0.642649 0.721818 0.042834 
-0.308849 0.921459 0.047381 
-0.647200 -0.681028 0.011797 
-0.632341 0.756243 0.003094 
-0.184201 0.932757 0.017996 
-0.884746 0.352371 -0.049735 
0.099709 0.852989 0.008438 
-0.827890 -0.229281 0.046646 
0.341516 0.896008 0.025292 
-0.942318 -0.280100 0.048238 
-0.897451 -0.430821 0.018980 
0.960396 -0.119205 0.042162 
0.914808 -0.314522 0.040610 
-0.265129 -0.924704 0.032902 
-0.917675 -0.303888 -0.049735 
-0.537583 0.685206 -0.008675 
0.832299 -0.504417 -0.049420 
0.953581 -0.202835 0.046705 
0.859203 0.387417 -0.049735 
0.369602 -0.832801 0.012980 
0.029005 0.871758 -0.037563 
0.897853 -0.020861 0.023427 
-0.840377 0.162368 0.009053 
-0.470008 0.801559 -0.049552 
-0.829998 -0.307584 0.042711 
0.621785 0.770088 0.004047 
0.699319 -0.690688 -0.008516 
0.867219 0.462394 -0.008320 
0.422933 -0.762454 0.048394 
0.352488 0.916245 -0.023907 
0.193196 0.898967 -0.049735 
0.981710 0.107580 0.002184 
-0.480538 0.706787 0.019899 
-0.840818 -0.426344 -0.049735 
-0.915756 0.240473 0.016194 
-0.545840 -0.731933 -0.049735 
-0.519037 0.850090 0.026265 
0.594089 -0.761219 0.038775 
-0.715104 0.529136 0.030949 
0.973124 -0.026290 0.047598 
0.807540 -0.361708 -0.049725 
0.903526 0.103784 0.014331 
0.753563 0.440276 -0.000187 
0.468664 -0.763749 0.025732 
0.938007 0.178112 0.019675 
0.238805 0.838992 -0.035988 
-0.907080 0.404533 0.043215 
-0.869712 -0.015010 -0.002869 
0.920554 0.094889 -0.049735 
0.771703 -0.479565 -0.049735 
-0.824111 -0.483128 0.023813 
-0.314880 0.883925 0.011303 
0.287637 -0.823691 -0.006586 
-0.011401 -0.856104 0.012397 
0.467719 0.746199 -0.049127 
-0.957710 -0.079580 -0.049735 
0.518271 0.852564 0.012768 
0.732604 -0.601694 -0.049735 
-0.677697 -0.544041 0.048394 
-0.090390 0.976647 -0.006157 
-0.845332 0.459738 0.038220 
0.710469 0.632858 -0.049735 
-0.859809 -0.322708 -0.049735 
0.562049 0.783312 -0.049735 
0.900302 -0.154415 0.012124 
-0.963150 0.003002 0.040257 
0.462520 -0.850114 0.042278 
0.032926 -0.977284 0.048353 
0.763557 0.598403 0.044404 
-0.848678 0.324987 -0.049732 
-0.586087 -0.803207 0.043086 
-0.687523 0.662636 0.022833 
-0.230372 -0.854689 0.044286 
-0.776934 0.354208 0.030367 
0.871132 -0.231198 0.020391 
0.075040 0.893530 0.023443 
0.729404 -0.655571 0.048369 
0.264074 0.888497 0.009439 
0.704206 0.675914 -0.048579 
0.663198 0.668563 0.011687 
-0.658618 0.567544 -0.000024 
0.758621 -0.471623 0.030556 
0.631141 0.592554 0.004292 
0.923901 -0.381297 0.017296 
-0.866392 -0.161634 -0.049735 
0.879561 -0.450437 0.002649 
-0.711890 -0.550516 -0.049735 
0.847661 0.524443 0.043522 
0.162600 0.944158 -0.049735 
-0.762359 -0.419480 -0.023304 
0.384605 0.878835 0.025722 
-0.823365 -0.350991 -0.049735 
0.707833 0.681719 -0.006906 
-0.688423 -0.697592 -0.006142 
0.876268 0.065412 -0.047457 
0.392872 0.832284 -0.049735 
-0.956209 0.275824 0.025119 
0.123301 -0.989949 0.017397 
-0.046141 0.963702 0.039864 
-0.546574 0.751857 -0.049729 
-0.864229 -0.097761 -0.002181 
0.637796 0.573926 0.041767 
-0.901128 0.012680 0.016774 
0.766373 -0.575849 -0.049704 
-0.469332 0.833999 0.025238 
0.550270 0.794171 0.040740 
0.750285 0.552093 0.009439 
0.225327 -0.936248 0.032669 
-0.708238 -0.655933 0.043608 
0.463488 0.760660 0.036326 
-0.078908 0.952505 -0.049735 
-0.526907 0.810630 -0.049700 
0.829893 0.482705 0.025750 
0.834696 0.331918 0.023229 
-0.846503 0.200124 -0.037889 
-0.083538 -0.899043 0.017185 
-0.703221 -0.484263 0.038009 
0.755945 0.503388 -0.049735 
0.410128 0.751839 0.017698 
0.899641 0.264773 -0.049735 
-0.886024 0.025337 -0.049735 
-0.831122 -0.340895 0.019627 
-0.374918 0.923558 0.017562 
0.917753 0.379825 0.005633 
0.966096 0.200264 0.001028 
0.946892 0.282463 0.002652 
-0.790850 -0.325468 0.042950 
-0.886926 -0.188338 0.013773 
-0.977965 0.050707 -0.008679 
0.591054 0.668225 -0.049735 
0.817659 0.573468 0.014991 
-0.082219 0.851877 0.014459 
-0.861775 0.070177 0.002662 
0.983075 0.010541 -0.008491 
-0.890091 -0.397569 -0.047136 
-0.850124 0.284571 0.021158 
-0.109520 -0.955934 0.032845 
0.459742 -0.766900 -0.049717 
0.879313 0.186002 0.022836 
0.641611 -0.613346 -0.049735 
0.891791 0.412730 -0.029168 
0.958797 0.069908 -0.049735 
0.671867 0.738816 0.030358 
0.554919 -0.697074 0.035711 
-0.942046 -0.149326 0.022579 
0.125913 -0.917429 -0.049735 
0.682444 -0.676772 0.027996 
-0.327025 -0.845056 0.014822 
-0.675297 -0.731153 0.013234 
-0.769690 0.483209 0.012747 
-0.425901 0.882910 -0.021317 
0.791143 -0.338467 0.008161 
-0.758297 -0.590902 0.034428 
-0.823929 0.278983 -0.036998 
0.813570 -0.270734 0.028509 
0.812580 -0.304822 0.003180 
-0.566711 -0.640128 0.013115 
0.981327 -0.062146 -0.005861 
0.957377 0.089105 0.028013 
-0.071656 -0.868677 -0.024535 
0.791744 0.573043 -0.047803 
0.344345 -0.894295 0.024436 
0.853850 -0.078881 0.018283 
0.811712 -0.500645 0.020052 
0.260235 -0.883848 -0.049735 
-0.453996 -0.770812 0.024620 
-0.385192 0.763036 0.026839 
-0.889625 -0.352604 0.027017 
0.078904 0.949436 0.019251 
-0.761634 0.446466 -0.049735 
-0.364796 0.864537 -0.049698 
-0.447284 0.879319 0.048231 
-0.553794 0.693866 0.037818 
-0.158093 -0.848199 0.004947 
-0.886413 0.261759 -0.049682 
0.189375 0.874012 0.027478 
0.827816 -0.281433 -0.041962 
-0.555360 -0.808194 -0.002846 
0.860238 -0.048398 0.045710 
0.134857 -0.848738 0.045081 
0.511302 0.714620 -0.048241 
0.768051 -0.412944 0.000513 
-0.714649 0.507522 -0.048557 
0.838773 0.476644 -0.049735 
0.997863 0.055269 0.016604 
0.401873 0.912013 0.010649 
-0.929575 0.266482 -0.049584 
-0.721288 0.486581 -0.012176 
0.633237 -0.581118 0.008848 
0.828020 0.252662 0.004526 
0.147715 -0.948092 0.027042 
-0.682622 0.694920 -0.048134 
-0.948354 0.134956 0.028346 
0.294634 -0.850885 0.020126 
-0.586194 0.622356 0.041265 
0.591928 0.760280 0.032693 
0.664069 0.595816 -0.049735 
0.397728 -0.879230 -0.049624 
0.861922 0.150097 -0.043505 
0.726447 0.528002 0.027968 
0.052079 0.996038 0.016862 
-0.843030 0.499028 -0.008315 
-0.868587 -0.070484 -0.043983 
-0.824138 -0.558711 0.029089 
-0.213739 0.936942 -0.049655 
0.941376 0.148231 -0.049735 
0.548667 0.834281 0.027829 
-0.584851 -0.756541 0.024673 
0.851832 -0.194927 -0.036370 
-0.869977 -0.282452 0.010670 
0.921356 -0.061330 0.009566 
0.741003 0.491446 0.041223 
-0.500137 -0.730193 -0.049735 
-0.502541 0.807995 0.019249 
-0.455878 0.765419 0.030292 
0.039567 -0.939335 -0.049735 
0.007336 -0.981243 -0.025884 
0.244319 -0.951433 -0.002843 
-0.839044 -0.448058 0.019994 
0.014224 -0.871700 -0.022641 
0.874299 -0.026820 -0.043187 
-0.420085 -0.831276 -0.049735 
-0.887639 -0.088545 0.026491 
0.874089 0.005609 -0.007281 
0.927536 -0.276807 0.042062 
-0.897352 0.169398 -0.049659 
0.309479 -0.868140 -0.049735 
0.806260 0.300996 0.044748 
-0.766251 0.412796 -0.013721 
-0.364570 -0.876290 0.016946 
0.822765 0.304110 -0.046494 
0.874993 -0.148323 0.043349 
0.141364 -0.971112 -0.013636 
0.309616 -0.885865 0.011019 
0.095918 0.941878 -0.049735 
0.676988 -0.569400 -0.049733 
0.423716 0.810335 -0.049735 
0.591748 0.784182 -0.023432 
0.499280 -0.716210 -0.024526 
0.871492 0.069465 0.048309 
0.227930 -0.903092 0.009439 
0.569518 -0.819936 0.021987 
0.459517 0.867737 -0.009517 
-0.623644 0.689130 -0.049643 
-0.451165 -0.744712 -0.023853 
-0.187136 -0.857722 0.048160 
0.738454 -0.507586 0.026260 
-0.704707 0.703125 0.012020 
0.077512 -0.974013 -0.047093 
-0.146495 -0.949541 0.029833 
-0.968290 0.067810 -0.049254 
-0.112404 0.929530 0.010712 
-0.170208 0.982205 0.018257 
-0.842493 0.352477 0.011069 
0.712090 -0.511292 -0.045530 
0.945253 -0.163969 0.025557 
0.963771 -0.195334 -0.020317 
0.829022 0.419140 -0.049735 
-0.476686 -0.709481 0.021400 
-0.711367 0.591862 -0.049580 
-0.711790 -0.638168 -0.049735 
-0.384254 -0.804415 0.029495 
-0.115511 0.881783 0.036638 
-0.267045 0.951719 0.004463 
-0.432677 0.804004 -0.049604 
0.477456 -0.718232 0.006181 
-0.870532 0.410724 0.039290 
0.664818 0.541106 0.018525 
0.102507 0.986968 0.006572 
-0.988489 -0.087532 0.044501 
-0.159422 -0.965522 -0.044480 
-0.591477 -0.640006 -0.043112 
-0.722511 0.455721 0.027295 
0.784950 0.412315 0.044202 
0.594973 -0.683930 -0.049735 
-0.012908 0.980847 -0.029098 
0.075046 -0.924621 0.009439 
-0.249691 0.868475 0.016259 
-0.990892 -0.043618 0.007944 
0.989317 0.141271 0.022204 
0.610222 -0.624488 -0.033558 
0.771440 0.410819 -0.013540 
0.947592 0.242147 -0.047698 
0.059938 0.887871 -0.049735 
0.801906 -0.582287 0.004632 
-0.950300 -0.157958 -0.049735 
-0.343454 -0.918928 -0.002588 
0.829062 -0.333646 0.029873 
-0.936954 0.206112 -0.049551 
0.632899 -0.750845 -0.039392 
-0.795316 -0.398020 0.031896 
-0.114873 0.863896 -0.013281 
-0.619850 0.758443 -0.034032 
-0.215137 0.862563 -0.049720 
-0.599263 0.632104 -0.041805 
0.005732 0.890955 0.032736 
-0.227906 0.969739 0.012779 
-0.212433 -0.924226 -0.049735 
-0.827503 0.299844 0.045616 
-0.665120 -0.618729 -0.049735 
-0.902326 0.394731 0.003041 
-0.269853 -0.892737 0.009868 
-0.678546 0.572125 0.037074 
-0.326750 0.821037 0.045184 
0.921705 0.244724 0.018573 
0.378165 -0.911083 0.048235 
-0.841064 -0.221880 -0.031217 
0.912165 0.178920 -0.049735 
0.186020 0.931483 0.016484 
0.349650 -0.806324 -0.048622 
-0.724027 -0.467343 0.004759 
-0.971998 0.213710 0.017285 
-0.282777 -0.866400 -0.049735 
-0.142306 0.877674 -0.049735 
-0.808558 0.474630 -0.049735 
-0.137284 -0.879745 0.033224 
-0.491081 -0.825799 0.031143 
-0.780070 -0.347642 0.016150 
0.821756 0.530282 -0.047510 
-0.640812 0.608506 -0.049709 
-0.516331 -0.834250 -0.001688 
0.740403 0.629664 0.045042 
0.658291 -0.703619 0.031856 
-0.833527 -0.266515 -0.047947 
0.542910 -0.680072 0.001276 
-0.507722 0.707194 -0.005918 
-0.673234 -0.569207 -0.049735 
0.523555 -0.680768 0.043634 
0.168169 0.840026 0.012174 
-0.504765 -0.807435 -0.049735 
0.158275 -0.905838 0.010107 
-0.790042 0.568468 -0.048420 
-0.490641 0.864963 0.009495 
0.529868 0.674008 0.039108 
0.899058 0.349310 0.034400 
0.899140 -0.102168 0.017010 
-0.094078 0.911348 -0.049735 
0.721716 0.491947 -0.023050 
0.780519 0.365467 0.046234 
-0.667378 0.534516 0.011568 
0.471643 0.792080 0.009685 
-0.852681 -0.034368 0.033286 
-0.679025 -0.675895 0.027982 
0.444617 0.856826 0.038875 
-0.105149 -0.892843 -0.049735 
0.895811 -0.316626 -0.049606 
-0.385312 0.874285 0.022564 
0.085362 -0.854816 0.008200 
-0.893780 -0.151263 0.013726 
0.831466 -0.426040 -0.049646 
-0.760711 -0.526277 0.009439 
-0.464914 0.765975 -0.049597 
0.591180 -0.797869 0.046606 
-0.170312 0.881506 0.021630 
-0.654636 -0.750751 0.035351 
0.549832 0.749610 -0.049735 
-0.558295 0.805148 -0.007037 
-0.788569 0.550108 0.034915 
0.985742 -0.087903 0.048119 
-0.772303 -0.625546 0.042936 
0.875697 -0.304805 0.009439 
-0.682740 -0.512888 0.022807 
-0.350942 0.797105 -0.015995 
0.087466 -0.893938 -0.049735 
0.649904 0.717200 -0.049735 
0.685780 0.540784 -0.037184 
0.381502 -0.767595 0.013278 
0.879382 0.348918 -0.049735 
-0.906461 0.321785 0.036469 
0.932844 0.310643 -0.027075 
-0.059298 0.995669 0.023526 
-0.863123 -0.462432 -0.019586 
0.964867 0.008153 0.033731 
0.787552 -0.423458 -0.049555 
0.322302 0.816433 -0.047738 
-0.046281 -0.919350 0.009735 
0.065446 -0.963828 0.043037 
-0.622966 -0.586236 0.010447 
0.835012 -0.547711 0.040251 
-0.548858 -0.681336 -0.047300 
-0.450989 0.725708 0.025515 
0.775628 0.473817 -0.049735 
0.236614 0.865148 0.023613 
-0.713456 -0.671237 -0.012687 
-0.884284 0.041052 0.041309 
-0.301896 -0.831585 0.044558 
-0.701412 0.657117 -0.049735 
-0.659312 -0.568262 -0.010973 
-0.920047 0.082369 0.009439 
-0.679774 -0.577777 0.032315 
0.711329 -0.612822 0.011029 
0.858186 -0.164521 -0.002305 
-0.390371 0.899223 -0.011762 
-0.956559 -0.198262 0.048341 
0.088645 -0.993310 0.023348 
-0.616607 0.782180 0.021054 
-0.846111 0.416786 -0.049704 
0.826635 -0.374450 0.015305 
0.845758 0.523259 0.007084 
-0.988751 0.112545 0.024952 
0.999039 -0.019304 0.024815 
0.045096 -0.863058 0.047938 
-0.575302 -0.791912 -0.042666 
-0.227313 -0.937213 0.039429 
-0.701090 -0.629477 0.013368 
-0.933556 0.344648 0.027855 
-0.328378 -0.803929 0.001186 
-0.859663 -0.419447 0.026103 
0.259447 -0.925652 0.029266 
-0.512172 -0.683699 0.024035 
0.884036 -0.191348 -0.049735 
0.361018 0.794421 -0.016494 
0.011601 -0.855989 0.040678 
-0.089203 0.861858 0.048216 
0.291576 0.937314 -0.008587 
0.345314 0.935562 0.040603 
-0.749931 0.600441 0.034068 
0.867515 -0.495962 0.029848 
-0.926188 0.157273 0.012347 
-0.959322 0.042245 0.033301 
0.846297 0.446680 0.021921 
0.859729 -0.110133 0.003958 
-0.892795 0.287266 0.011632 
0.355662 0.852856 -0.049735 
-0.059500 0.979327 -0.024887 
0.784746 0.591920 -0.019388 
-0.176589 -0.978639 0.044135 
0.255793 -0.947845 -0.038933 
-0.979397 -0.003937 -0.016986 
-0.774044 -0.472306 0.013829 
-0.494636 -0.845784 -0.039998 
0.870011 -0.081254 -0.015293 
-0.291171 0.813611 0.003783 
-0.684397 0.537572 -0.039447 
0.185077 -0.957305 0.048163 
-0.350101 0.880737 0.015928 
0.116154 0.909306 -0.049735 
0.760147 0.622706 -0.014079 
0.560402 -0.686089 -0.049735 
-0.598992 0.615703 0.006618 
-0.814427 -0.274761 0.005926 
-0.838323 -0.163905 0.040826 
0.363771 -0.887173 -0.049572 
0.797786 -0.506749 -0.049735 
-0.416571 -0.899704 0.006905 
-0.412762 0.877710 0.047184 
0.932342 0.358931 0.035614 
0.747848 -0.637241 -0.008669 
0.853929 0.231658 -0.049735 
-0.003369 -0.883854 -0.049735 
-0.227588 -0.840991 -0.024419 
0.538677 -0.789753 -0.049699 
-0.946794 -0.305479 0.013080 
0.188947 0.835001 0.039197 
0.110360 -0.882543 0.037299 
0.836901 0.235344 0.048230 
0.040150 0.890074 0.032794 
0.702646 0.678679 0.048394 
0.233057 -0.840583 -0.028872 
0.555868 -0.753350 0.010310 
-0.620188 -0.654181 0.017470 
-0.554947 -0.693717 0.036068 
-0.358343 -0.823908 -0.049735 
-0.162180 -0.871643 -0.049735 
-0.586620 -0.723037 -0.049735 
-0.850221 -0.074671 0.018983 
-0.839549 0.416735 0.011428 
-0.823821 0.527974 0.048243 
0.594440 0.666223 0.030676 
0.701643 0.558986 0.028586 
-0.974089 -0.097956 -0.017657 
-0.266875 0.842064 0.045853 
0.665544 0.680518 -0.049735 
-0.857763 0.144023 -0.015201 
0.005820 -0.929883 -0.049735 
-0.254914 0.833212 -0.014343 
0.021322 0.994074 0.044869 
-0.676077 -0.707022 0.048324 
0.674013 0.697407 0.044309 
0.444179 0.732595 0.035534 
0.815174 0.375560 -0.049735 
0.305575 -0.949737 0.030281 
0.183378 0.980699 0.018406 
0.390277 -0.804978 -0.049720 
-0.753836 0.625361 -0.019604 
0.714346 0.624088 0.015251 
-0.372648 0.787955 -0.041194 
0.872634 0.047293 -0.018351 
-0.878467 0.455002 0.047069 
-0.348742 0.780216 0.018014 
0.809751 0.327887 -0.016202 
-0.619108 0.646093 0.023976 
0.754777 0.654556 0.017810 
0.478738 0.838787 -0.049735 
-0.829732 0.538974 0.005974 
-0.821950 0.231039 0.022160 
0.616911 -0.726788 0.018706 
-0.183668 0.851763 -0.022493 
0.964365 0.172730 -0.046350 
0.556073 0.701781 0.026844 
0.565069 0.665539 -0.019483 
-0.054465 0.917654 0.010070 
-0.525461 -0.780152 0.012366 
-0.773411 -0.377785 0.047657 
0.595958 -0.695275 0.011300 
0.045505 -0.904600 0.015434 
0.213769 0.974517 0.036989 
0.475662 0.845712 0.045414 
-0.060117 -0.870413 0.048394 
0.597768 0.795817 0.008614 
0.002390 -0.965186 0.041365 
0.091836 -0.951772 0.022406 
-0.956741 0.245548 0.004978 
0.405609 0.772733 -0.009754 
-0.546997 0.832758 0.019901 
0.773047 0.442776 0.037007 
-0.508752 0.733966 0.026885 
-0.988746 -0.113128 0.015466 
-0.905555 -0.034283 -0.049735 
0.324918 0.827241 0.039907 
-0.262372 0.926577 0.035924 
-0.142671 0.943306 0.020878 
-0.338929 -0.784504 0.026116 
-0.658003 0.747852 0.028835 
-0.876723 0.223265 0.014718 
0.663660 -0.665090 -0.049735 
-0.918795 0.311587 -0.049392 
0.745905 -0.454990 -0.015555 
0.912836 -0.141372 -0.049735 
0.417866 0.856820 0.019215 
-0.284133 -0.940985 0.000393 
-0.423840 -0.867780 0.043621 
-0.708001 0.673038 0.048345 
-0.926730 0.079726 -0.049735 
0.736311 0.468586 -0.000052 
-0.888325 0.201281 -0.049665 
-0.779198 0.447518 0.019359 
0.978467 0.039368 -0.046861 
-0.754175 -0.634733 0.003453 
-0.850470 0.096675 0.044228 
0.117340 0.847792 0.035953 
-0.823223 -0.454362 -0.049735 
0.205101 -0.848010 -0.012900 
-0.764664 -0.441338 -0.049735 
0.828174 -0.528924 -0.027665 
-0.934781 0.254843 0.044505 
0.656989 -0.752365 0.025284 
-0.934256 -0.342210 0.014035 
0.852757 -0.489204 -0.026661 
0.545100 -0.832273 0.045254 
-0.393104 0.847690 -0.049654 
0.489297 -0.835451 -0.049735 
0.821643 0.544000 0.048394 
-0.664501 -0.609990 0.017047 
-0.574918 0.702554 -0.049592 
0.261970 0.919011 0.021465 
0.388453 -0.804982 0.028632 
-0.652715 0.697588 0.023073 
0.970809 0.236233 0.037191 
0.482240 0.709192 0.013010 
-0.850147 -0.185449 -0.031518 
0.768501 0.421964 -0.046296 
0.419786 0.800978 0.017022 
-0.440612 0.893658 0.013736 
-0.216507 -0.956437 -0.010267 
0.869286 -0.408535 -0.049735 
0.608902 0.616584 0.003596 
-0.520826 -0.820762 0.047828 
-0.493938 0.833736 0.046762 
0.259288 0.816640 0.040166 
0.421900 -0.813224 -0.049735 
-0.587318 -0.619975 0.028499 
0.892674 0.411109 0.048394 
0.946146 -0.306968 0.045760 
-0.460050 -0.800341 0.009439 
-0.415766 0.765180 -0.008644 
0.523019 0.793494 -0.049735 
0.650056 0.757900 0.014755 
0.733978 0.610296 -0.049735 
-0.329608 0.914108 -0.049395 
-0.598519 0.775795 0.048292 
-0.823859 0.481244 0.026458 
-0.745659 -0.475643 -0.049735 
0.983279 0.177841 0.017197 
0.454937 -0.885042 0.044762 
-0.800707 -0.591495 0.023310 
-0.384323 0.906328 0.048362 
-0.778105 -0.389035 -0.016932 
0.913902 -0.392415 0.046163 
-0.738203 -0.619234 -0.049735 
-0.207735 0.830734 0.011499 
-0.842463 0.140994 0.041269 
-0.257709 -0.855723 0.026793 
-0.760416 -0.455569 0.040068 
0.209862 -0.965571 0.003596 
0.840303 -0.171939 0.024091 
-0.992612 0.073722 0.020643 
-0.416517 0.820928 0.009542 
-0.495639 -0.759502 0.014133 
0.036867 -0.980484 -0.008208 
0.700377 -0.649517 0.021441 
0.761195 -0.636664 0.047050 
0.630124 0.636615 -0.049735 
-0.303290 0.842098 -0.049704 
-0.917695 0.340803 -0.035386 
-0.950817 -0.224679 -0.044445 
-0.729082 0.476313 -0.041593 
0.645450 -0.662372 0.009439 
-0.621709 0.585671 0.016866 
0.058853 -0.876288 -0.048698 
-0.948910 -0.048775 -0.049735 
-0.593229 -0.678494 -0.049735 
-0.505010 0.741562 -0.049735 
-0.659419 -0.650430 -0.049735 
0.859076 -0.400059 0.014694 
0.672339 0.723159 0.002510 
0.862469 0.212394 0.042318 
-0.576583 0.762798 -0.049726 
-0.879437 0.362541 0.020085 
0.614487 0.727611 -0.049735 
0.614662 -0.597478 0.033814 
0.777227 -0.584796 0.046368 
0.713335 0.505463 0.048315 
-0.927837 -0.247608 0.032503 
0.664528 -0.730022 0.048394 
-0.401285 0.799129 -0.049559 
-0.087895 -0.856188 0.006603 
0.225325 0.928066 0.021006 
-0.859519 -0.134007 -0.020119 
0.475529 0.732074 -0.014211 
0.531141 0.762980 0.009439 
-0.884937 -0.219877 0.011364 
-0.727450 0.595692 0.012269 
0.893137 0.057225 0.028772 
0.785625 -0.477457 0.010522 
0.023123 0.900332 -0.049735 
0.806390 -0.528184 0.034607 
0.915637 0.357361 -0.025377 
0.862341 -0.274011 0.016970 
0.896387 -0.330039 0.020176 
0.838487 -0.349158 -0.049735 
-0.861997 0.484989 0.047246 
-0.882394 -0.460466 0.021421 
0.505238 0.738271 0.027849 
0.838091 0.304079 0.037654 
-0.505940 -0.704644 0.001297 
-0.872687 -0.120580 0.046250 
-0.042731 -0.995984 0.035097 
-0.777715 0.620999 0.040296 
0.013112 -0.961466 -0.049735 
0.345215 -0.783602 0.025842 
-0.795024 0.327685 0.005737 
0.653029 -0.555343 0.018281 
0.108019 -0.974925 -0.039432 
-0.236211 0.900088 0.009439 
-0.392095 0.787735 0.047645 
-0.816599 -0.412441 0.010759 
-0.777947 0.386401 0.048330 
-0.799272 -0.556435 -0.047957 
0.553760 -0.653906 0.014704 
0.807932 -0.399674 -0.049634 
-0.152569 -0.935420 -0.049735 
0.191506 -0.898860 0.010263 
-0.967534 0.202814 0.047383 
-0.820736 -0.288750 -0.024976 
0.035668 0.857714 0.008852 
0.932627 -0.311582 -0.018278 
0.409621 -0.770542 -0.015786 
0.391644 0.770624 0.047835 
-0.136254 -0.902212 -0.049735 
0.618707 0.738039 0.030678 
0.322632 0.900319 -0.049735 
-0.764414 0.565131 0.021170 
-0.357763 -0.806939 0.046365 
0.793652 -0.365457 -0.013343 
0.888961 -0.100193 -0.049735 
0.708913 -0.580722 -0.049735 
0.974041 0.133861 -0.033092 
-0.896022 -0.263192 -0.049735 
0.634319 0.624123 0.038813 
0.233801 0.840427 -0.005238 
-0.609682 0.661256 -0.049575 
0.847866 0.129552 0.030842 
0.750056 0.415275 0.034228 
0.725020 -0.662787 -0.026616 
0.659720 -0.615375 0.019422 
0.886795 0.131854 0.026021 
0.602755 -0.635830 0.048394 
-0.491856 0.848083 -0.019824 
0.441588 -0.817364 0.009439 
0.939695 -0.338920 0.036872 
0.864184 0.130563 -0.009351 
-0.815073 0.409132 -0.049695 
0.186940 -0.865982 0.044486 
-0.926589 -0.217425 0.020730 
0.137231 0.943789 0.020007 
0.513854 -0.836733 -0.030864 
0.044303 0.952060 -0.049735 
0.773688 -0.434484 0.043097 
0.991162 -0.122323 0.041245 
-0.349683 -0.858535 -0.049735 
-0.530525 0.672747 0.043463 
0.190773 0.956790 -0.048427 
-0.408440 -0.865723 -0.049735 
-0.267629 0.926242 -0.049543 
-0.733570 0.557174 0.009439 
0.133119 0.885184 0.025975 
-0.794472 0.326574 0.046704 
-0.563560 0.809221 0.048269 
-0.046337 0.886061 -0.049735 
-0.062049 -0.993585 0.009712 
-0.772981 0.601934 -0.024889 
-0.804363 0.586321 0.031956 
0.788519 0.538425 0.019735 
0.304419 0.850484 0.017711 
-0.346707 0.934175 0.023132 
-0.435735 -0.791715 -0.049735 
-0.216314 -0.970871 0.043710 
-0.746076 -0.416121 0.013183 
-0.442377 -0.732016 0.011656 
-0.047141 -0.872699 -0.045209 
-0.073282 0.975972 0.048394 
-0.994325 -0.024295 0.040327 
-0.806810 -0.525268 0.039327 
-0.903624 -0.323304 0.030841 
0.852852 0.190893 -0.016553 
0.399325 0.897002 -0.019939 
-0.834233 0.320481 0.024280 
0.842082 -0.470011 -0.049717 
-0.106691 -0.848483 0.034595 
0.153879 -0.843960 0.010321 
0.799474 0.313792 0.010214 
-0.534221 0.833037 0.047444 
0.237735 -0.959282 0.048060 
0.886272 -0.370077 0.027445 
0.946244 0.258493 0.048394 
0.703730 -0.489453 0.023766 
-0.443289 0.849461 0.026687 
-0.900135 0.060571 0.016273 
-0.440175 0.868988 -0.048395 
-0.427515 0.773068 0.045493 
0.669428 0.552718 0.048217 
0.459451 0.793163 -0.049735 
0.758718 -0.399813 0.035524 
0.192729 -0.956986 -0.047858 
0.487963 -0.777715 -0.049712 
0.488771 -0.704272 0.040344 
-0.693524 0.598246 0.010451 
-0.493168 -0.779465 -0.049735 
0.856327 0.183272 0.048330 
-0.399954 -0.759009 0.045423 
-0.571133 -0.643331 0.046996 
-0.333179 -0.894464 -0.049735 
-0.231083 -0.822985 0.037109 
-0.863700 0.286090 -0.049735 
0.525137 0.829893 -0.005770 
-0.463702 0.847120 -0.049592 
0.634334 -0.770894 0.032141 
-0.021041 0.932691 -0.049735 
-0.882844 -0.428025 0.048276 
0.538074 -0.781382 0.015470 
0.006607 -0.908607 0.013878 
0.943105 -0.261482 -0.047280 
0.855640 0.462597 0.045527 
0.872191 -0.021051 0.048284 
-0.642483 0.587010 -0.028609 
-0.943292 0.316572 0.040599 
-0.852280 -0.359418 0.009439 
-0.793655 -0.433302 -0.049735 
-0.711749 0.629071 -0.049712 
-0.298076 0.934221 -0.010165 
0.343132 -0.827096 0.025985 
-0.315474 -0.929364 -0.002767 
-0.254729 -0.877964 -0.049735 
0.195598 -0.907094 -0.049735 
-0.164568 0.839324 0.039299 
0.889105 -0.418833 -0.027687 
0.734883 -0.467882 0.048233 
-0.087391 0.867634 -0.024225 
-0.430563 -0.898503 0.038208 
0.808844 0.285088 0.019689 
-0.155977 0.905462 -0.049735 
0.849518 0.495124 0.048394 
0.257964 0.964212 0.037343 
0.042713 -0.870984 -0.014017 
-0.811695 0.263740 0.017358 
-0.893724 -0.131409 -0.049735 
0.453658 0.887996 0.011463 
0.173083 0.854873 -0.020517 
0.399882 -0.825771 0.010725 
-0.141235 0.844058 0.014020 
-0.453919 -0.836823 0.019606 
0.970069 -0.236919 0.040627 
-0.037434 0.994266 0.043593 
0.957524 -0.283243 0.012759 
0.286102 0.824308 -0.022453 
-0.015031 0.871758 -0.013187 
0.179344 0.872749 -0.049735 
0.164192 -0.857593 -0.043062 
0.581179 0.697865 -0.049735 
0.621380 0.693396 0.009439 
-0.831761 0.191687 0.028103 
0.274443 0.890827 -0.049735 
-0.381183 -0.770480 0.006719 
-0.786351 0.502395 -0.049735 
0.442062 -0.776004 0.029871 
0.394705 -0.899839 -0.002655 
0.984989 -0.167429 0.020271 
0.688784 0.510580 0.028978 
0.695123 0.593897 0.011633 
-0.552718 -0.769316 0.015857 
0.446849 0.780846 0.021136 
-0.922547 -0.247464 -0.049735 
-0.356130 0.822476 0.022762 
-0.934339 0.143947 -0.049674 
-0.922237 -0.186680 -0.049735 
0.881177 0.436700 -0.004357 
-0.742099 0.522817 -0.049735 
-0.301016 -0.823009 -0.047964 
-0.874830 0.426132 -0.048564 
-0.479610 -0.872984 0.038763 
-0.313143 -0.877286 0.009603 
0.287374 -0.806393 0.018851 
0.978069 -0.009589 -0.047699 
-0.788654 0.367463 -0.036394 
-0.972233 0.114366 -0.038379 
-0.819793 0.291712 -0.010925 
-0.853574 0.008858 0.016088 
0.253855 -0.826691 0.047962 
0.878841 -0.202966 0.019659 
0.594624 0.736369 0.014118 
0.742883 0.607592 0.025831 
-0.843609 -0.130109 0.035563 
0.955974 -0.229772 -0.004042 
0.352628 0.814596 0.043274 
0.301064 0.951297 0.027914 
0.527651 0.835806 0.048176 
-0.196100 0.912975 -0.049735 
0.609936 0.641306 0.045747 
0.587881 -0.749165 -0.049735 
0.471171 -0.831729 0.021527 
0.581132 0.635479 0.007256 
-0.331440 0.922699 -0.019493 
0.777029 -0.615702 0.004851 
0.428499 -0.874580 -0.049195 
0.087294 0.912197 -0.049735 
0.131486 -0.985930 0.044926 
0.466662 -0.863921 -0.006363 
-0.107712 -0.974992 -0.012116 
0.232234 0.953592 -0.022851 
0.821702 0.428082 0.009439 
-0.528503 0.786110 0.015896 
0.198844 -0.833209 0.013174 
-0.895274 0.396471 -0.024948 
0.864562 0.291924 0.012759 
-0.594552 -0.635711 -0.004950 
-0.367963 -0.789469 -0.036188 
0.443312 -0.752148 -0.028078 
0.431817 -0.740210 0.030402 
-0.933109 0.225452 0.033720 
0.742062 -0.431000 0.011225 
-0.252891 -0.948493 0.048291 
0.955878 0.228374 -0.023762 
0.632613 -0.602410 -0.010570 
0.848158 0.277363 0.033763 
-0.395432 -0.823695 0.011237 
0.823934 -0.241340 0.011807 
-0.885251 -0.093260 -0.049735 
0.870813 -0.379780 -0.049735 
-0.190404 -0.845146 0.002530 
-0.341086 -0.823546 0.029778 
-0.047832 -0.870343 -0.001768 
0.894667 -0.279008 -0.049629 
-0.823928 -0.223045 0.018867 
0.873062 0.286383 -0.049735 
-0.449082 0.746071 -0.032482 
0.865590 -0.482403 0.004590 
0.128325 0.935313 -0.049735 
0.157319 0.968584 -0.026303 
-0.962852 -0.068461 0.043876 
-0.407853 -0.769330 -0.017156 
0.263661 -0.831807 -0.022851 
-0.748737 0.641571 0.003520 
-0.773958 -0.569829 -0.049735 
0.693096 -0.531362 -0.037811 
0.486951 -0.745006 0.037455 
-0.629462 -0.578426 0.041864 
-0.733570 -0.519425 0.021393 
-0.206765 -0.892298 0.010816 
-0.056545 -0.893523 0.025065 
0.796662 0.359344 -0.035058 
-0.872672 0.151294 0.040623 
-0.648776 0.734346 -0.012437 
-0.848190 -0.520910 0.017788 
-0.549290 -0.802026 -0.049097 
0.022802 0.944159 0.013684 
-0.606235 -0.790575 0.026354 
0.984012 0.045770 0.048344 
0.708255 -0.542898 0.031882 
0.859025 -0.159763 -0.033804 
0.784430 0.617509 0.040409 
0.475829 0.829527 0.021866 
0.959331 -0.103613 -0.049735 
0.511410 -0.790896 0.011760 
-0.788465 0.421035 0.024480 
-0.524148 -0.726620 0.022638 
-0.756500 -0.647221 0.033458 
0.278508 0.864494 0.014404 
0.270684 -0.848326 0.035240 
-0.823253 -0.500007 -0.049735 
-0.053275 0.853748 0.028557 
0.311140 -0.923500 -0.049014 
-0.327918 0.903254 0.030515 
0.539044 -0.717428 0.023857 
-0.364085 0.892929 -0.049725 
-0.302052 -0.816971 -0.014619 
0.127957 0.852866 0.005536 
0.896499 -0.441594 0.024505 
-0.092214 -0.933530 0.011124 
-0.670126 0.644380 -0.049735 
0.942136 0.332447 0.038311 
0.869260 0.088465 -0.023983 
0.094767 -0.904534 0.013545 
-0.017024 0.997053 0.016169 
-0.282950 -0.940413 0.048275 
0.733040 0.480728 -0.046426 
-0.674938 -0.708815 -0.042062 
0.978119 0.089007 -0.041858 
0.803737 0.592335 0.039700 
-0.263939 0.840188 -0.049396 
0.480177 -0.856486 -0.031421 
-0.626549 0.716285 0.019794 
-0.291778 0.951654 0.041961 
0.760634 0.576258 0.019654 
0.923904 0.122783 0.009439 
-0.865210 0.458606 -0.018773 
0.124047 0.864523 -0.043761 
-0.914138 -0.353260 -0.002315 
-0.825157 0.346877 -0.049614 
-0.803574 -0.333602 -0.039782 
0.284022 -0.946652 0.048105 
0.575297 -0.637325 0.042446 
0.419243 -0.866997 0.032245 
-0.570792 0.636071 0.022148 
0.054091 -0.909068 -0.049735 
0.764086 0.480251 0.018965 
0.356486 0.778647 0.026113 
-0.955079 -0.170303 0.046133 
-0.462457 0.877300 0.007122 
-0.841512 -0.480579 0.045672 
0.943037 -0.131541 -0.049735 
0.813529 0.327831 0.048361 
-0.672675 0.730165 0.044886 
0.978838 -0.089444 -0.011612 
0.357493 0.920793 0.003265 
0.691627 -0.695796 0.048394 
-0.838115 -0.263127 0.046929 
0.806269 0.481076 0.010861 
0.810596 0.361994 0.043505 
-0.236143 -0.939049 -0.049735 
-0.289785 -0.927779 -0.049199 
-0.821557 -0.406095 -0.049735 
0.862257 -0.437877 0.040209 
-0.820575 -0.384517 0.013966 
0.505885 0.832339 -0.049137 
-0.660286 0.594705 0.034047 
-0.973896 0.108918 0.048288 
0.071813 -0.871068 0.048394 
-0.180115 0.964009 -0.038225 
-0.047902 -0.951562 -0.049735 
0.503007 0.797845 0.012421 
-0.972915 -0.209613 0.020006 
-0.040837 -0.952849 0.020467 
-0.875782 0.226160 -0.049679 
-0.879906 0.180765 0.019781 
-0.165984 0.863035 -0.049029 
0.841743 0.163705 0.029563 
0.645302 0.563964 0.016893 
-0.878867 0.001893 0.047619 
0.949208 -0.104082 0.019969 
0.800284 0.389722 0.039079 
-0.723762 0.642272 0.044496 
-0.838855 0.230797 -0.024593 
-0.803360 -0.300404 0.045674 
0.895058 -0.048323 0.026190 
0.530848 -0.693275 -0.023530 
0.403228 0.909819 0.044673 
0.107225 -0.870542 -0.047757 
0.856728 -0.034415 0.016141 
0.334457 -0.922851 -0.033728 
-0.564622 0.728259 -0.049623 
-0.079445 -0.971818 -0.048162 
-0.000245 0.855605 0.037555 
-0.338744 -0.904138 0.043019 
-0.560745 -0.813070 0.048026 
-0.918562 -0.337085 -0.041034 
-0.614587 -0.680282 0.010332 
0.260482 0.850650 0.037533 
-0.568895 0.726487 0.009439 
0.526189 0.696717 -0.033371 
0.831298 -0.311919 -0.049735 
0.763007 -0.643696 0.013493 
-0.978767 0.023645 -0.015852 
-0.633283 0.680709 0.009439 
-0.645497 -0.629996 0.016649 
-0.393201 -0.915588 0.022466 
-0.633252 -0.622195 -0.049735 
0.957463 -0.205912 -0.046763 
0.563006 0.804646 -0.023288 
0.109321 0.945740 0.018607 
-0.924940 0.364665 0.011036 
0.115629 0.988428 0.043923 
-0.520146 0.698167 -0.031403 
-0.743365 0.426685 0.007639 
-0.689109 -0.527869 0.000680 
0.643991 0.660323 -0.049735 
-0.778259 0.388776 -0.007975 
0.653523 -0.722118 -0.049226 
0.742352 -0.500946 -0.049638 
0.729622 0.542187 -0.049735 
-0.859344 0.241650 0.026395 
-0.550765 -0.713480 0.017501 
0.425671 0.902767 0.023603 
0.890091 -0.218093 -0.049735 
-0.781523 -0.432154 0.026275 
0.233916 0.901514 -0.049735 
0.939115 -0.240150 0.044364 
-0.854947 -0.507678 0.042177 
0.873562 0.410745 -0.049735 
0.845001 0.382049 0.009439 
0.976812 0.210485 0.030068 
-0.845464 -0.495057 -0.008280 
-0.749625 -0.594205 -0.049735 
0.684477 -0.516978 0.012613 
0.221617 0.827020 0.026891 
-0.368310 0.856100 0.009735 
0.881827 -0.171128 0.023408 
-0.946493 0.108535 0.021582 
-0.326211 -0.941770 0.022267 
0.908194 -0.297103 0.020635 
0.506756 0.691799 0.011561 
0.850373 -0.485600 0.048394 
0.946999 0.003262 0.013689 
0.532909 -0.748049 -0.049611 
0.084388 0.868127 -0.018363 
0.857329 0.019867 0.033635 
0.903498 0.387333 -0.016371 
-0.917384 -0.386828 0.017815 
-0.558461 0.667688 -0.009301 
0.975358 -0.126768 -0.012084 
0.278277 -0.900218 0.012204 
0.781657 -0.359432 0.044635 
0.003008 -0.984442 0.000775 
-0.190292 -0.962503 -0.014170 
0.075451 0.879910 0.046955 
0.484089 0.779649 -0.049735 
-0.786521 0.457270 -0.049735 
-0.603841 0.604268 0.031397 
-0.379775 -0.903887 -0.026280 
-0.683456 0.512173 0.025742 
0.794190 -0.578333 -0.021063 
0.395873 -0.778441 0.048337 
-0.866204 -0.235511 -0.049735 
-0.496870 0.805132 -0.049623 
0.366427 -0.805845 0.044362 
-0.567961 0.796999 -0.043184 
0.984792 0.073905 0.001970 
0.832066 -0.270439 0.048206 
0.168142 -0.966008 -0.041296 
0.621471 0.760693 -0.021261 
-0.866627 0.203069 0.029514 
0.891910 0.013421 0.033975 
0.582173 0.810994 0.027084 
0.881898 0.244465 -0.049735 
-0.931423 -0.084864 0.010992 
0.975768 0.135667 -0.000405 
0.849763 -0.331090 0.012848 
0.908646 -0.048705 -0.049735 
0.315877 0.904015 0.023554 
-0.804917 0.465447 0.009549 
-0.609869 -0.598197 0.030684 
-0.143031 -0.859881 -0.022422 
0.119815 0.974244 -0.013171 
0.966125 0.160453 0.048394 
-0.453158 -0.884870 0.043420 
0.345243 -0.801387 -0.014715 
0.174942 -0.977739 0.007287 
0.786817 0.504237 0.009874 
-0.240937 0.869979 -0.049687 
0.587056 -0.646858 -0.017227 
-0.195680 -0.875641 -0.049735 
0.933312 -0.206278 0.020686 
-0.240541 0.947910 0.048347 
0.331475 0.864403 -0.049735 
-0.603551 0.771857 -0.013234 
0.150984 -0.936237 -0.049735 
-0.229741 -0.855520 -0.049735 
-0.569718 0.699415 0.017037 
0.052809 0.979755 -0.024604 
-0.740687 -0.446503 0.002705 
-0.304741 0.816050 -0.019133 
0.808003 -0.416055 0.014747 
-0.090288 0.914578 0.010132 
-0.644433 -0.707444 -0.049735 
0.810308 -0.535031 -0.049735 
-0.717125 -0.686930 0.008579 
0.904993 0.173090 0.010010 
-0.446675 -0.759059 0.047405 
-0.334683 -0.836199 -0.049735 
-0.712883 0.563901 -0.049573 
0.261989 -0.815768 0.014079 
-0.644115 0.706181 -0.049705 
0.766804 -0.538866 0.010445 
-0.983084 0.154351 0.018511 
-0.451215 -0.870098 -0.015779 
-0.777227 -0.596908 -0.009418 
0.057135 0.920268 0.009439 
-0.041971 0.949720 0.017629 
0.913295 -0.078818 -0.049735 
0.439815 -0.791195 -0.049735 
-0.717153 -0.683685 0.046293 
0.119317 -0.956541 0.036496 
0.588943 -0.786213 -0.022332 
0.288734 -0.823292 -0.033081 
0.240406 0.906760 0.010976 
-0.024927 -0.996436 0.013976 
0.700640 0.703788 0.005863 
-0.856757 -0.036575 0.007206 
-0.065359 0.982510 0.001361 
-0.518563 0.831242 -0.035341 
-0.967079 0.151192 -0.028437 
0.903462 0.069081 -0.049735 
-0.952899 0.021790 -0.049735 
0.211486 -0.846884 0.048389 
0.327777 0.925541 -0.024294 
0.365693 0.828189 0.016118 
-0.818390 -0.540096 -0.002249 
-0.682011 0.681224 0.040727 
0.982951 -0.035978 -0.003005 
-0.828914 -0.203049 0.035318 
-0.209306 0.872544 0.022085 
0.868396 0.031605 0.002401 
-0.711614 -0.557277 0.015535 
0.483974 -0.779216 0.010862 
-0.500303 0.715945 -0.045835 
0.448939 0.748689 -0.030866 
0.763337 0.642233 0.042219 
-0.690679 0.624372 0.009784 
0.871642 0.125066 0.047793 
-0.796175 0.388886 -0.049635 
-0.674957 0.710061 -0.018573 
-0.631099 -0.701645 0.014150 
0.826072 0.231066 0.024697 
-0.602707 -0.754311 0.043791 
0.890429 0.259368 0.009439 
-0.894301 -0.220056 -0.049735 
-0.501671 0.691462 0.022613 
0.347320 -0.935406 0.024926 
0.973232 -0.184401 0.004090 
-0.935340 -0.289923 -0.004656 
-0.444021 0.827973 0.011675 
0.476030 -0.740819 -0.049133 
-0.785331 -0.368563 0.000922 
0.086435 0.971511 -0.048212 
-0.960279 0.158824 0.048393 
0.894776 0.304283 0.013075 
0.563896 0.669619 -0.045313 
-0.196984 -0.903109 -0.049735 
0.901286 0.431349 0.034228 
0.235115 -0.872529 0.017089 
-0.699981 0.550412 0.029669 
-0.343770 -0.917074 -0.042049 
0.383789 -0.784225 -0.032486 
-0.377478 -0.911540 0.048207 
0.863824 -0.132550 -0.008754 
-0.735076 -0.647623 0.048307 
-0.725750 -0.500605 0.045081 
-0.020809 0.855652 0.014574 
0.832210 0.265953 -0.031469 
0.794728 0.547248 -0.049735 
-0.971506 -0.123491 -0.023449 
-0.994596 0.027295 0.031176 
0.901802 0.116564 -0.049735 
-0.433920 -0.755825 -0.039874 
0.965936 0.069217 0.042456 
-0.187665 -0.937515 -0.049735 
0.704882 -0.707763 0.015305 
0.316962 -0.830740 0.038906 
-0.865353 0.087125 -0.030862 
-0.474799 -0.751032 -0.049735 
0.847620 0.211878 -0.034064 
0.443286 -0.751294 -0.000197 
-0.331924 0.832343 -0.049724 
0.562354 0.656680 0.004809 
0.359747 0.899756 0.044462 
-0.845710 0.117643 0.029625 
-0.863698 0.367571 -0.049665 
0.596728 -0.800353 0.014924 
-0.130747 -0.974294 -0.000195 
-0.673766 -0.731900 0.041333 
-0.639936 0.630618 0.019948 
0.856388 -0.433222 -0.049706 
-0.840739 0.442403 0.019483 
-0.985614 -0.138869 0.015369 
-0.886285 -0.178265 -0.049735 
0.974865 -0.188064 0.047498 
0.976654 -0.056874 0.048251 
0.880082 0.160630 0.028775 
-0.980145 -0.165292 0.041852 
-0.177460 -0.836315 0.037240 
0.253328 0.939287 -0.049353 
-0.747646 0.413581 0.040872 
0.801064 0.349388 -0.004682 
-0.545544 -0.757819 -0.049735 
-0.929057 -0.143180 -0.049735 
-0.526647 0.673072 0.017886 
-0.771155 0.511214 0.009439 
-0.729362 0.654216 -0.018277 
0.129541 -0.845879 0.019932 
-0.168069 -0.855021 -0.018159 
-0.445934 -0.830701 -0.049735 
0.547953 0.719722 -0.049735 
-0.958830 0.198809 -0.028327 
-0.280507 -0.844913 0.032399 
0.004610 -0.952337 0.019050 
0.347302 0.790706 0.005091 
0.937904 0.181233 -0.049735 
-0.148860 0.985730 0.032351 
0.065283 0.853937 0.011932 
0.728361 0.452800 0.018750 
0.838387 0.543279 0.021601 
-0.584729 -0.806183 0.017519 
0.527355 0.725395 0.024838 
0.814829 -0.460893 0.010279 
0.017938 0.965642 0.042622 
0.889568 -0.245602 0.009680 
-0.952910 0.020114 0.021858 
-0.828559 0.522184 -0.013468 
0.858685 0.478018 -0.033534 
0.212148 0.846570 -0.022047 
-0.888226 -0.412125 -0.019484 
-0.590652 0.795669 0.006328 
-0.617380 0.736665 0.032483 
-0.202455 -0.834500 0.045355 
0.923315 -0.337600 -0.004499 
-0.591197 0.677380 0.019500 
-0.869876 0.010363 -0.036540 
0.624777 0.778356 0.039442 
-0.037316 0.871136 -0.030902 
-0.501138 -0.715859 0.048394 
-0.846741 0.518116 0.008380 
-0.017668 0.962523 0.033450 
0.395248 0.869641 -0.049735 
-0.771268 0.589406 -0.049536 
-0.183775 0.976536 0.045329 
0.279223 -0.902034 -0.049735 
0.661532 -0.570258 -0.000656 
0.935506 -0.084461 0.010990 
0.152936 0.972730 0.048394 
0.020582 -0.862494 0.005242 
-0.281577 -0.824424 -0.031450 
0.224918 0.866567 -0.049735 
-0.947607 -0.247420 -0.017924 
0.968864 0.101501 0.047139 
0.713788 -0.649086 -0.049735 
-0.003462 -0.886591 0.043360 
-0.961319 -0.116243 0.045690 
0.612042 -0.724012 -0.049735 
-0.100403 -0.865872 -0.013378 
-0.886243 0.377235 0.039760 
0.866349 0.425558 0.035902 
0.632879 0.670362 0.009800 
0.276024 0.860376 -0.049735 
0.230934 -0.824271 0.037159 
0.242166 -0.967816 0.018061 
-0.689015 -0.539576 -0.047771 
0.841693 -0.235591 -0.009678 
-0.117161 0.850006 0.008386 
0.495935 0.830628 0.042755 
0.611628 -0.782792 0.046416 
-0.026059 0.889660 0.034795 
-0.882795 0.067969 0.040939 
0.570574 0.772851 0.027155 
-0.964204 -0.169377 -0.026037 
-0.488249 0.767087 0.012993 
0.635198 -0.594456 0.048394 
-0.409999 -0.802771 0.017884 
-0.834676 0.380629 0.010032 
0.179743 0.860205 0.048162 
0.857157 -0.245303 0.036106 
0.572976 -0.679962 0.040383 
0.845683 -0.529356 0.011190 
0.423614 0.763160 -0.024709 
-0.908492 0.037062 0.012170 
0.283847 -0.853893 -0.049735 
0.924293 0.278980 0.036826 
0.602802 -0.642905 -0.049177 
0.681981 -0.712209 0.001394 
-0.096980 0.952150 0.023960 
-0.846372 0.390286 -0.049650 
0.937205 0.307999 0.048394 
0.962284 -0.041915 -0.049735 
0.755461 -0.627904 -0.036092 
0.520527 -0.847210 0.045545 
-0.913167 0.026286 -0.049735 
0.843238 0.318443 -0.049735 
-0.894942 0.120545 0.015804 
-0.849172 -0.274564 0.027396 
0.941260 0.283097 -0.021893 
-0.715968 0.532647 -0.049689 
-0.571007 0.676344 0.043317 
-0.689010 -0.648860 -0.049735 
0.719833 -0.680029 0.004342 
-0.920194 0.269791 0.030489 
0.633248 0.749798 -0.042574 
-0.977882 0.185093 0.032878 
-0.941506 -0.119437 0.018025 
-0.916836 0.388094 0.026917 
-0.295136 -0.911077 0.025784 
0.672324 -0.598201 -0.049735 
-0.896510 -0.054155 0.019736 
-0.663705 0.590527 -0.049622 
-0.837204 -0.170926 0.012262 
-0.631377 0.587797 0.048014 
-0.016708 -0.983571 0.048259 
0.066885 -0.948919 0.017918 
0.077240 0.970870 0.047939 
