-0.582827 -0.804509 0.008241 
0.602194 0.796612 0.017732 
-0.796395 0.594282 0.009101 
0.805934 -0.589036 0.008804 
-0.138532 0.976269 -0.013728 
-0.982492 -0.142630 0.018793 
0.152314 -0.984302 0.019046 
0.979033 0.141919 -0.024516 
-0.848203 -0.513594 0.027330 
0.248880 0.964332 0.027478 
0.517696 -0.851800 0.025989 
-0.501418 0.844086 0.030121 
-0.954068 0.240725 0.030031 
0.857779 0.509902 0.027159 
0.969998 -0.239612 0.017102 
-0.227613 -0.958059 -0.012580 
-0.841897 -0.302431 -0.018822 
-0.650902 -0.599437 0.011977 
0.387439 0.800177 0.010409 
0.304995 -0.834196 0.017864 
0.602920 -0.653733 0.022529 
0.806632 -0.376096 0.016141 
0.675200 0.601156 -0.030326 
0.052800 0.886478 0.011413 
-0.368766 -0.805151 0.024139 
-0.595039 0.656084 0.012932 
-0.883502 0.044610 0.007892 
-0.804036 0.386532 0.030067 
0.846990 0.307079 -0.017045 
-0.290637 0.838051 0.017337 
0.897841 -0.046564 0.030055 
-0.036121 -0.888232 0.004662 
0.606629 -0.773323 -0.030703 
-0.400474 0.897456 -0.029156 
0.410109 -0.895812 -0.028336 
0.873030 0.190459 0.028804 
-0.614275 0.781749 0.025055 
0.369842 0.924692 0.027995 
-0.473788 -0.862357 -0.020165 
0.715902 -0.675878 -0.029977 
0.270710 -0.946404 -0.029128 
-0.259644 0.961533 0.019241 
0.583872 0.671389 0.020749 
-0.985978 0.117835 0.011177 
0.281072 0.856160 -0.029268 
0.863711 -0.480120 -0.025795 
0.785797 0.613406 0.028321 
-0.774050 -0.606456 -0.013752 
-0.913410 0.362227 -0.026486 
0.979706 -0.123292 -0.028986 
0.493761 0.866241 0.005869 
-0.007352 0.995094 0.027502 
-0.952196 -0.268207 0.029264 
-0.348439 -0.928420 0.028725 
-0.110552 -0.989072 0.018255 
0.028000 -0.993164 0.028106 
0.925155 -0.348710 -0.023855 
-0.853629 0.488554 -0.023948 
0.136858 0.968041 -0.031084 
-0.785404 -0.406849 0.021549 
-0.663540 -0.714847 -0.031084 
0.996903 0.031768 0.027960 
-0.989197 -0.014912 0.029241 
0.959630 0.277817 0.024880 
0.915174 0.400384 0.024994 
0.701197 0.711428 0.016349 
0.084253 -0.883085 0.023788 
-0.708523 0.697310 0.024407 
-0.893989 -0.075443 -0.029735 
-0.558423 -0.686823 0.021813 
0.688386 -0.563854 0.020150 
-0.681854 0.581211 -0.026798 
0.509485 -0.729942 0.027208 
-0.070817 0.886209 0.027457 
0.752955 0.503404 -0.030792 
-0.867787 -0.183205 0.028560 
-0.884502 0.164635 -0.030803 
-0.903522 -0.392134 0.030023 
0.499321 0.752985 -0.030381 
0.874231 -0.169514 0.010522 
-0.154514 -0.872694 0.023928 
-0.841248 0.272268 0.017374 
0.172847 0.872663 0.027103 
-0.739160 0.486142 0.011173 
0.888718 0.073878 0.006078 
-0.501726 0.743384 -0.027156 
0.793607 0.404442 0.015880 
-0.725105 -0.506607 0.017431 
0.410507 -0.788377 0.023679 
-0.395782 0.793162 0.017307 
-0.266286 -0.849713 0.002943 
0.197127 -0.865442 0.018703 
0.753512 -0.473894 0.025162 
-0.189002 0.877255 -0.014417 
-0.465664 -0.753136 0.009133 
0.846702 -0.275005 0.018627 
-0.723834 -0.672876 0.029809 
0.672119 -0.729302 0.030049 
-0.859357 -0.443510 -0.031084 
0.889727 -0.415167 0.030098 
-0.337724 0.918625 0.030063 
0.331311 -0.920014 0.030136 
0.983051 -0.032611 -0.030676 
0.627704 0.727124 -0.031084 
0.410510 0.873775 -0.031084 
-0.379717 -0.873432 -0.031084 
-0.034471 -0.979374 -0.030771 
-0.050239 0.947474 -0.031084 
-0.646890 0.724330 -0.031084 
0.863025 0.446172 -0.031084 
-0.953209 -0.206309 -0.031084 
0.722485 0.555638 0.030118 
0.049632 0.960792 -0.031084 
-0.886906 0.419564 0.030053 
-0.964876 0.047535 -0.031084 
0.472696 -0.803340 -0.031018 
0.924976 0.216717 -0.031084 
0.748698 -0.537091 -0.030983 
0.925592 0.331205 -0.030943 
0.090872 -0.944626 -0.031084 
0.899746 -0.102606 -0.030715 
-0.103157 -0.923494 -0.031084 
-0.976585 -0.069775 -0.030278 
-0.790061 -0.514598 -0.031084 
0.811914 0.559089 -0.029842 
-0.914286 -0.335325 -0.031084 
-0.549538 0.815855 -0.027634 
-0.835869 0.335918 -0.030989 
0.657543 -0.621023 -0.030674 
0.906686 -0.256442 -0.031084 
-0.917823 0.282573 -0.031019 
0.216001 0.921461 -0.031084 
-0.265473 0.895407 -0.031084 
0.740552 0.645831 -0.031017 
0.167218 -0.924520 -0.031084 
-0.783773 0.434951 -0.028516 
0.915577 0.007600 -0.031084 
-0.296057 -0.913508 -0.031084 
0.969129 0.196882 0.030109 
0.755664 -0.644759 0.029651 
-0.462816 0.815962 -0.031084 
0.544744 0.820223 -0.030255 
0.573425 -0.701154 -0.030966 
-0.541164 0.709432 0.030014 
-0.548479 -0.742273 -0.031084 
0.221672 -0.952581 0.030096 
-0.960781 0.193158 -0.029879 
-0.904341 -0.028979 0.030039 
0.093023 0.979159 0.030092 
-0.421578 -0.899262 0.026669 
-0.703416 -0.560848 -0.030706 
-0.613799 -0.658092 -0.030656 
-0.355773 0.836740 -0.031084 
0.124973 0.891158 -0.027734 
-0.426630 -0.804950 -0.031084 
-0.784289 0.528709 -0.030991 
0.326502 0.852563 0.030082 
0.252442 -0.872882 -0.031077 
-0.897675 0.123338 0.030136 
0.464031 0.798442 0.017331 
0.840212 -0.523640 0.030136 
0.374042 -0.823591 -0.030939 
0.802425 -0.438106 -0.031084 
0.959091 -0.167098 0.029825 
0.561406 -0.791783 0.029013 
-0.513782 -0.825144 0.030136 
-0.630805 -0.741124 0.030112 
0.973215 -0.078903 0.030041 
0.020155 -0.923030 -0.031084 
-0.697172 -0.637618 -0.031084 
0.542532 0.740418 0.028153 
-0.906432 -0.149258 -0.031084 
0.325810 0.923019 -0.031084 
-0.882251 -0.242101 -0.031084 
0.649007 0.633237 0.030086 
0.244846 0.884752 0.027277 
-0.937523 0.318523 0.029139 
-0.662851 0.651219 -0.031084 
-0.208797 0.948811 -0.031071 
0.175670 0.972485 0.030122 
-0.747984 0.629887 -0.030953 
-0.577271 0.742484 -0.031020 
0.646950 -0.701446 -0.031023 
0.738976 -0.608082 -0.031084 
-0.123285 0.900337 -0.031084 
-0.430305 0.870446 0.030026 
0.908547 0.131709 -0.031084 
-0.712055 0.549539 0.030083 
0.859678 -0.383063 -0.031084 
0.327217 -0.884655 -0.031050 
-0.839237 -0.361215 0.026983 
0.948738 0.070525 -0.031084 
-0.892286 -0.112943 0.030117 
0.789341 0.474166 0.025773 
-0.655156 0.613199 0.030010 
0.872423 0.376555 -0.031084 
-0.461572 0.773687 0.030080 
-0.869580 0.194721 0.030136 
-0.848916 0.411549 -0.031084 
0.888337 0.257542 0.021301 
-0.007065 0.917705 0.026455 
0.448754 -0.887941 0.028460 
0.967845 0.100393 0.029617 
-0.172839 -0.910287 -0.031084 
-0.499307 -0.797533 -0.031084 
-0.913250 0.092302 -0.031084 
-0.831454 0.539067 0.028413 
-0.070956 0.971286 0.030047 
0.934537 -0.295923 0.030054 
-0.191654 0.971570 0.029978 
0.649517 0.663348 -0.031084 
-0.928214 -0.014896 -0.031084 
-0.177892 -0.972361 0.030014 
-0.847573 -0.252695 0.025341 
-0.217366 -0.893953 0.016812 
0.348687 0.839495 -0.031084 
0.814828 -0.535919 -0.031084 
-0.241827 0.882050 0.029022 
0.947633 -0.189235 -0.031056 
-0.867688 0.236212 -0.030654 
-0.276120 -0.928316 0.029590 
-0.779842 -0.449844 -0.030915 
-0.815338 -0.379798 -0.030770 
-0.812173 -0.570924 0.025202 
0.832184 0.349042 0.030051 
0.565577 0.750098 -0.031084 
-0.326233 -0.855725 0.025309 
0.144562 -0.902566 0.029302 
-0.735824 0.640646 0.030136 
0.432608 0.867480 0.027498 
0.821887 0.493740 -0.031084 
0.471125 -0.866105 -0.027588 
0.732318 0.575063 -0.031084 
-0.935915 -0.274600 -0.031084 
-0.144791 0.904752 0.027522 
-0.923010 -0.323541 0.030136 
-0.775971 -0.472625 0.030117 
0.544188 -0.773697 -0.031066 
-0.523224 -0.741110 0.030037 
0.023524 -0.895625 0.030120 
-0.150146 -0.968328 -0.030712 
0.904555 -0.118762 0.030120 
0.846248 -0.322460 -0.030787 
0.367489 -0.837982 0.029084 
0.742771 0.665255 0.027892 
0.529560 0.815943 0.029712 
-0.968176 -0.205316 0.029070 
-0.991134 0.057600 0.024656 
-0.879542 -0.460027 0.025016 
-0.331952 0.912230 -0.031084 
-0.984251 -0.080915 0.029861 
0.471642 -0.783532 0.029687 
-0.034111 -0.970822 0.030107 
-0.651049 0.721256 0.030136 
-0.620395 -0.652438 0.030136 
-0.947819 0.175044 0.027266 
0.928589 0.333047 0.030136 
0.669135 -0.621059 0.030136 
0.867223 0.442640 0.029844 
0.088537 -0.991601 0.007911 
0.649653 0.758467 0.017601 
-0.352010 0.842514 0.029364 
0.568301 -0.714926 0.030041 
0.301658 0.934561 0.030136 
-0.097020 -0.890860 0.030136 
0.908610 0.128475 0.029425 
-0.791131 0.449359 0.029878 
0.802221 -0.438271 0.030034 
0.883080 -0.228093 0.030121 
0.916093 0.025582 0.029693 
-0.706608 -0.562599 0.030114 
0.109139 0.896715 0.030075 
-0.553362 0.790249 0.026641 
0.823684 0.559605 0.029116 
0.008824 0.911550 -0.031084 
0.616235 -0.767579 0.030098 
0.270798 0.949146 -0.025885 
0.790971 0.443444 -0.030992 
-0.607071 -0.737899 -0.031084 
0.736175 -0.531272 0.030032 
-0.883747 0.317874 0.005833 
0.693826 -0.675078 0.025429 
0.454825 0.835535 -0.031084 
-0.851277 0.465759 0.030136 
0.044307 -0.982682 -0.028824 
-0.829674 0.334307 0.030113 
0.859095 -0.464320 0.030136 
0.274297 -0.928542 0.028115 
0.840836 -0.331830 0.030065 
-0.311885 -0.857796 -0.031084 
-0.721249 0.530237 -0.023011 
-0.425667 -0.805171 0.029779 
0.255331 -0.859348 0.030136 
0.900710 -0.359548 0.027147 
-0.874787 -0.375878 -0.031084 
-0.957611 -0.125070 -0.031084 
0.153471 0.926340 0.005994 
0.917356 0.275356 -0.031084 
0.581182 0.694126 -0.030774 
0.738211 0.501929 0.028359 
0.890160 -0.429564 -0.026478 
0.879927 -0.207512 -0.030237 
0.486402 0.748765 0.029190 
0.436210 -0.838460 0.005833 
0.118362 -0.896271 -0.031014 
0.394746 -0.900678 0.030053 
-0.392519 0.911367 0.028901 
0.493782 -0.751487 -0.026470 
-0.688375 -0.714952 0.026798 
-0.000534 0.983554 -0.029856 
0.039548 0.966285 0.026575 
0.982421 0.022419 -0.031014 
0.202509 -0.965345 -0.020409 
-0.458558 0.870614 -0.026584 
0.872235 0.230677 -0.028189 
-0.939227 0.143216 -0.031084 
-0.916753 -0.189338 0.005833 
-0.694620 0.695721 -0.027853 
0.524448 -0.823962 -0.031077 
-0.731125 -0.621095 0.016607 
0.780294 -0.493395 -0.031065 
-0.907069 0.230192 0.005833 
-0.890619 -0.280007 0.006279 
0.908830 -0.049591 -0.031084 
-0.304756 0.856307 -0.031084 
-0.571458 0.689938 -0.022603 
-0.573726 -0.695070 -0.030941 
0.770504 0.560502 0.007075 
-0.982557 -0.014695 -0.023660 
-0.040548 0.896876 -0.017727 
-0.932887 0.022665 0.006257 
-0.240263 -0.891327 -0.031084 
-0.093761 -0.975763 -0.030674 
0.682936 0.591026 0.030061 
-0.457354 -0.858394 0.030119 
0.695589 -0.577453 -0.030578 
0.075411 0.909585 -0.031084 
0.818643 0.375416 -0.020583 
-0.409926 0.815145 -0.031084 
-0.825911 -0.458895 0.006600 
-0.755973 -0.554659 -0.031084 
0.941750 -0.030803 0.005806 
0.691234 0.653615 0.006738 
-0.355164 -0.822734 -0.023251 
-0.871719 0.368501 0.010031 
-0.938299 -0.075570 0.005833 
0.678999 0.711082 -0.030771 
0.902550 -0.155948 -0.031030 
0.726101 0.612817 0.006431 
-0.661542 -0.673233 0.006205 
0.052968 -0.939076 0.005833 
0.421583 -0.795192 -0.027917 
0.451792 0.782331 -0.030410 
-0.069171 -0.936512 0.005833 
-0.285467 0.942830 -0.025614 
0.777406 0.609831 -0.027326 
-0.757176 0.553515 0.005833 
0.988207 -0.018785 0.030108 
0.615557 -0.718382 0.005833 
0.227193 0.871466 -0.028907 
-0.410481 -0.847892 0.005833 
0.195864 0.967732 -0.022401 
0.929271 0.176334 0.005833 
0.142113 -0.973011 -0.029556 
-0.840279 -0.506977 -0.028315 
0.175442 0.885475 -0.030441 
0.892129 0.306059 0.005833 
-0.729555 0.595930 0.005833 
-0.549144 -0.814841 -0.028041 
0.817431 -0.480037 0.005917 
0.203873 -0.886962 -0.031084 
-0.129337 -0.943324 0.009026 
0.379849 0.876253 0.008576 
-0.496755 0.800004 0.005833 
-0.802039 0.500654 0.006595 
0.063331 -0.897665 -0.029301 
0.361075 -0.918333 -0.010047 
-0.029768 -0.924043 -0.031084 
0.933767 0.236680 0.013862 
-0.604870 0.712513 0.006477 
0.967284 0.190821 -0.030126 
-0.640827 0.674285 0.007842 
-0.947102 0.073606 0.008630 
0.495917 0.804746 -0.031084 
-0.692046 0.653336 0.008838 
-0.880431 -0.342817 0.006684 
-0.090271 0.932416 0.006331 
0.296152 0.891791 0.005936 
0.946433 -0.286524 -0.017013 
-0.580831 -0.755179 0.009544 
0.278292 0.844058 0.018528 
-0.963392 0.100153 -0.031084 
0.851298 0.292441 0.030034 
-0.703582 -0.687046 -0.015387 
0.120721 -0.944326 0.008016 
-0.288972 0.920419 0.023802 
-0.854773 -0.415232 0.008745 
0.514341 -0.787316 0.005833 
-0.839559 -0.303194 0.030126 
-0.182459 0.929617 0.006445 
0.649649 0.709697 0.013274 
-0.370918 -0.886189 0.020083 
-0.538981 -0.783683 0.008650 
0.751832 -0.580625 0.006484 
-0.874124 -0.189234 -0.018833 
0.379958 0.910737 -0.027894 
-0.092806 0.980441 -0.027807 
0.884269 0.172233 -0.014180 
0.534466 -0.722910 -0.013242 
-0.326481 0.878660 0.005972 
-0.431505 -0.884865 -0.018006 
-0.915111 0.364863 0.030024 
0.793557 -0.540508 0.011552 
-0.740833 -0.503048 -0.027610 
-0.590762 0.787591 -0.022655 
-0.916415 0.276122 0.016253 
-0.613957 0.667860 -0.031078 
0.919832 -0.200698 0.005940 
-0.387198 0.865478 0.006948 
-0.120894 0.970900 0.030136 
0.316350 -0.934379 -0.025817 
0.557714 0.782219 0.012135 
0.897475 0.415448 -0.022311 
0.841219 -0.428261 0.005833 
-0.457623 0.770825 -0.016608 
0.897461 -0.312364 0.006429 
0.980424 -0.125503 0.030131 
0.857928 0.403683 0.005902 
-0.004828 -0.935963 0.006431 
-0.902467 0.027511 -0.031084 
0.604890 0.738348 0.007900 
-0.774247 0.585916 -0.030966 
-0.825846 0.421802 0.009012 
-0.434049 0.827155 0.006770 
-0.920952 -0.235473 0.009029 
-0.599105 -0.705722 0.009927 
0.610434 -0.672889 -0.031080 
-0.508065 0.741874 0.030007 
0.103523 0.935793 0.005833 
-0.780623 0.481093 -0.030964 
0.782536 -0.590059 -0.031081 
-0.501733 0.840897 -0.030812 
-0.953506 0.238347 -0.023734 
-0.768327 -0.530189 0.006474 
-0.806980 -0.561318 -0.019575 
0.412620 0.908465 0.011451 
-0.133859 -0.886623 -0.024973 
0.956675 0.252540 -0.024617 
0.218988 -0.906793 0.007414 
0.719476 -0.624162 0.007154 
0.271538 0.902921 -0.031084 
-0.652880 -0.617185 -0.030006 
0.891044 -0.007374 0.007787 
-0.811845 0.375946 -0.013545 
0.301336 -0.891182 0.005833 
-0.875088 0.448436 -0.022785 
0.321807 -0.839618 -0.027627 
-0.494075 -0.752440 -0.030722 
-0.363708 -0.914732 -0.021666 
-0.895323 0.406178 -0.012369 
0.908550 -0.390370 -0.013662 
0.938142 -0.100880 0.005833 
-0.195376 0.880847 0.030075 
-0.874174 0.293781 -0.031048 
0.958450 0.047450 0.010521 
0.642196 -0.671955 0.010412 
-0.935969 0.118445 0.006291 
0.690490 -0.706550 -0.009153 
0.426508 0.822578 0.013144 
0.920006 0.364759 -0.001900 
-0.732938 -0.604874 -0.031084 
0.786632 0.514235 0.006377 
0.364059 -0.876292 0.006602 
-0.031402 0.953215 0.008867 
0.472056 -0.849571 0.029776 
-0.806251 -0.502974 0.008650 
0.820587 0.448064 0.007934 
-0.231980 0.866781 -0.018719 
-0.927906 -0.123670 0.005833 
-0.235547 -0.946286 0.030107 
0.996678 0.071446 0.008138 
-0.782155 -0.602981 0.030009 
0.183983 -0.939547 0.011216 
0.887338 -0.082423 0.006611 
0.882156 -0.294933 -0.031084 
-0.543154 0.833545 0.012254 
0.975618 -0.076060 -0.031084 
-0.968529 -0.165568 -0.017599 
0.409297 -0.849987 -0.031084 
0.871811 0.353238 0.006203 
-0.673118 0.574920 0.017984 
-0.222193 0.939091 0.024243 
-0.906918 0.202395 -0.031084 
-0.724829 0.665263 -0.018946 
0.812820 -0.387370 -0.025735 
0.641487 -0.751135 -0.016283 
0.083069 0.983327 -0.012182 
0.130524 0.988195 0.007079 
-0.729320 0.572680 -0.031041 
-0.882198 -0.061535 0.011676 
-0.883566 -0.302599 -0.031084 
0.954905 0.143199 0.017191 
-0.876151 0.249306 0.029538 
0.324316 0.879671 -0.031084 
0.903637 0.056184 -0.030601 
-0.901075 0.077456 0.030072 
-0.905424 0.178992 0.011610 
0.926618 -0.256964 0.012900 
0.856003 -0.366971 0.009827 
-0.539476 0.773940 -0.031025 
-0.954925 -0.035580 0.012886 
0.984190 0.094757 -0.026083 
-0.074225 -0.893649 -0.019243 
0.618709 0.647170 0.002680 
-0.705142 0.624871 -0.031015 
0.873135 0.273535 -0.031084 
-0.459105 -0.817546 0.005833 
0.338804 0.894757 0.009703 
0.549918 0.707373 0.001973 
-0.612450 -0.779636 0.028309 
0.370593 0.833952 0.030132 
-0.197441 -0.937275 0.013506 
-0.070330 -0.990617 0.004634 
0.837197 0.526377 -0.006073 
0.958128 -0.245209 -0.023214 
0.928645 -0.144254 0.006347 
-0.271737 -0.946440 -0.008450 
0.940678 -0.336402 0.019288 
0.389294 0.813661 -0.029621 
0.722546 0.537105 -0.015254 
0.860088 0.488951 -0.013721 
0.622050 0.768043 -0.016742 
-0.170742 0.911431 -0.031020 
-0.927952 0.325265 -0.011311 
0.424817 0.781373 0.021612 
-0.826956 -0.340317 -0.007421 
0.038588 0.926061 0.011219 
-0.561612 0.739495 0.008936 
-0.583779 -0.787318 -0.030091 
0.571684 -0.804845 -0.024780 
0.285308 -0.903351 -0.031014 
0.824557 0.418371 -0.031084 
0.256018 0.922682 0.013495 
-0.871855 0.376321 -0.031084 
-0.690068 -0.617094 0.009805 
0.196675 0.924766 0.005833 
0.456463 0.876004 -0.020783 
0.864578 -0.252135 -0.011410 
-0.886425 0.121095 -0.017147 
-0.822428 0.539578 -0.017962 
-0.476437 0.873412 0.010950 
-0.509762 -0.841383 -0.021024 
-0.988143 0.022094 0.003304 
-0.879432 -0.152881 0.000427 
0.574361 0.791200 -0.031084 
-0.627615 0.758102 -0.016862 
0.701443 0.676316 -0.031084 
0.884266 0.331893 -0.031084 
0.776106 -0.455989 -0.004442 
0.675605 -0.658163 -0.031084 
-0.803171 -0.369895 0.008857 
-0.620985 -0.698678 -0.031084 
-0.196760 -0.874401 -0.013004 
0.258705 -0.894842 0.009622 
-0.834910 0.451329 -0.031084 
-0.626577 0.631587 0.003114 
0.979429 -0.199161 0.014059 
0.548634 -0.758607 0.006911 
-0.738341 -0.573104 0.006213 
-0.256954 -0.898156 0.006662 
0.735219 -0.675005 0.011014 
-0.498664 -0.860248 0.015379 
-0.884225 0.006034 0.023259 
-0.419659 0.858953 -0.031084 
-0.911738 -0.205912 -0.031084 
-0.764249 0.607806 0.030118 
-0.160095 -0.911034 0.011425 
-0.943734 -0.299727 0.004522 
0.214864 -0.926089 -0.031084 
-0.453485 -0.772256 -0.024575 
0.934592 0.100897 0.006316 
-0.933967 -0.059262 -0.031084 
0.697750 0.568076 0.000109 
0.558296 -0.827024 0.009416 
-0.499440 -0.774903 0.013500 
-0.111746 0.883919 0.003893 
-0.918548 -0.110440 -0.031084 
-0.538351 0.727051 -0.030959 
-0.656341 -0.658943 -0.031084 
0.577541 -0.741200 -0.031026 
-0.295372 -0.877071 0.010735 
0.530586 0.782613 -0.031084 
-0.858791 -0.217661 0.005064 
-0.054556 0.985149 -0.003865 
0.941410 0.304571 -0.005458 
0.166585 0.934132 -0.031084 
0.769426 0.548389 -0.031084 
0.211814 0.862905 0.021954 
-0.893582 -0.408871 -0.018916 
-0.973228 0.154226 0.001079 
-0.731854 -0.657024 -0.005867 
-0.591160 -0.661487 0.004610 
-0.540848 -0.713106 -0.002436 
0.062194 -0.971812 0.030136 
-0.766985 -0.441551 0.007043 
0.368044 -0.864398 -0.031084 
0.891823 -0.450008 0.011396 
0.781325 -0.621448 0.010517 
0.583762 0.710417 0.027021 
-0.192863 -0.954919 -0.031084 
-0.946490 -0.169626 0.022773 
-0.389981 -0.806176 -0.014704 
0.260348 -0.962283 0.013125 
-0.313546 -0.911142 0.022544 
-0.008561 -0.985998 -0.001808 
0.138720 0.877774 0.008053 
-0.809798 -0.418800 -0.031084 
0.996026 -0.058471 0.005269 
0.752676 -0.640483 -0.013409 
-0.677250 -0.584496 -0.013103 
-0.051408 0.919246 0.018651 
-0.872280 0.197765 -0.013077 
0.594897 -0.800869 0.010557 
0.781097 -0.503305 0.011108 
0.860592 0.229893 0.019808 
0.759817 0.640621 0.002730 
0.865689 -0.498744 0.012813 
0.167872 -0.881748 -0.016758 
-0.141474 0.944662 0.009825 
0.841011 -0.443951 -0.031084 
0.337409 0.823046 0.007014 
0.672278 -0.593860 0.001149 
0.983111 0.167351 0.005284 
-0.248793 0.953925 -0.018821 
-0.991543 -0.048097 0.009041 
-0.063008 -0.947036 -0.031084 
-0.084479 0.902566 -0.031084 
0.461367 0.844848 0.014466 
-0.094944 0.941734 -0.031084 
-0.792390 0.544996 0.019786 
-0.468612 -0.824875 -0.031084 
0.825160 -0.559323 0.027560 
0.708450 0.620957 -0.031084 
-0.530211 0.764696 0.007952 
0.839124 0.342346 -0.030849 
-0.853583 0.507422 0.026169 
0.300081 -0.950169 0.009051 
-0.550109 -0.828257 0.017502 
0.714949 -0.544305 0.000228 
0.891154 -0.271585 0.009519 
0.457041 -0.773870 -0.011874 
-0.305604 -0.946629 0.010057 
-0.000049 -0.897297 -0.005067 
-0.888233 0.333544 -0.031051 
-0.434153 -0.842622 -0.031084 
-0.252314 0.850227 0.009337 
0.008709 0.890446 0.004495 
0.363453 0.874912 -0.031084 
-0.318974 0.937189 0.002271 
0.969217 0.226610 0.003445 
-0.643835 -0.743844 -0.015715 
0.099901 0.945181 -0.031084 
0.127877 -0.933263 -0.031084 
-0.377525 0.813063 -0.009704 
0.648000 0.671843 0.008549 
0.975945 -0.159489 -0.017637 
-0.958106 -0.241032 0.002972 
-0.871674 0.147300 0.016087 
-0.288956 0.879808 0.012092 
0.741355 -0.508112 0.000313 
0.696000 -0.615471 -0.031084 
0.991080 0.129965 0.024583 
0.943409 -0.112449 -0.031084 
0.895766 0.096424 -0.025575 
0.879635 0.141687 0.007789 
-0.970758 0.208914 0.018049 
-0.366105 0.914877 -0.014940 
-0.432133 0.797427 0.030136 
0.343450 -0.820296 0.005899 
0.759472 0.482534 -0.000046 
-0.757360 -0.476024 -0.004883 
0.608017 -0.716130 -0.031027 
0.566262 0.822227 0.023880 
0.795608 0.587531 -0.003222 
-0.501256 0.794870 -0.031084 
0.577114 -0.676703 0.008124 
0.902442 0.216273 0.014656 
-0.330313 0.829542 0.001860 
-0.387316 0.831649 0.024128 
-0.382086 0.863140 -0.031084 
0.326760 -0.866142 0.016514 
0.285782 -0.851336 -0.009036 
0.844148 -0.513921 -0.024685 
-0.527110 -0.772732 -0.031084 
0.004912 -0.956956 -0.031084 
-0.146755 0.939847 -0.031084 
-0.658395 0.607082 -0.014065 
-0.855443 -0.260290 -0.010180 
-0.567709 0.679810 0.021148 
-0.154522 0.879230 0.002400 
0.218068 0.972412 0.006959 
-0.235121 0.916748 -0.031060 
-0.750873 0.516352 0.029228 
-0.281054 -0.878371 -0.031084 
-0.789934 0.407948 0.003304 
-0.178187 0.969878 -0.004489 
0.721639 0.679218 0.000882 
0.068560 0.951814 0.008711 
0.940266 -0.029058 -0.031084 
0.889453 -0.342529 -0.031084 
0.057541 0.995229 0.012329 
0.919655 0.064908 0.024154 
0.812810 -0.473538 -0.031084 
-0.980345 0.072803 -0.009152 
-0.359827 0.890873 0.015773 
-0.190773 -0.869681 0.029617 
-0.646976 0.755214 0.016566 
-0.817847 0.505493 -0.031011 
-0.923917 -0.363542 0.019303 
0.523433 0.732240 -0.003292 
-0.338307 -0.889983 -0.031084 
-0.804688 -0.476834 -0.031084 
0.470796 0.767006 -0.003047 
0.479932 -0.748516 0.007315 
-0.821263 -0.401104 0.026217 
0.891888 -0.127079 -0.004647 
-0.326094 -0.928947 -0.017012 
0.522240 0.788407 0.005833 
0.101708 -0.979345 -0.027660 
0.926743 0.163291 -0.031084 
0.605060 0.666955 -0.026587 
-0.744695 0.503329 -0.030184 
0.476217 -0.810629 0.005869 
-0.427270 0.896444 0.004782 
0.828959 -0.351839 -0.009141 
0.645299 0.627526 -0.012388 
-0.816937 0.457774 0.005833 
0.188459 -0.978411 0.010351 
-0.226373 -0.926935 -0.031084 
0.922301 -0.070105 0.016534 
-0.470193 0.825142 0.007311 
-0.829615 -0.528912 -0.000782 
-0.338634 0.868908 -0.031084 
-0.717219 0.518621 0.012092 
-0.836054 0.369718 0.026848 
0.618489 0.677531 0.028935 
0.488942 0.856682 -0.028594 
0.857817 0.267115 0.000942 
0.016019 0.946886 -0.031084 
-0.716675 -0.535252 -0.009164 
-0.893568 -0.031749 -0.004951 
0.100477 -0.914835 0.019196 
-0.888288 -0.102008 -0.003881 
0.795318 -0.419350 0.000304 
-0.627467 -0.637848 -0.004351 
0.517159 0.849563 0.029207 
-0.398424 -0.901015 -0.000626 
0.463934 0.883595 0.015385 
-0.949852 0.276269 0.003499 
0.423777 -0.899628 0.004457 
0.633936 -0.626623 0.028174 
-0.235558 -0.864946 -0.006828 
0.180441 -0.894808 0.029974 
-0.889182 -0.215515 0.023488 
-0.634505 -0.703471 0.007064 
0.962406 -0.001587 0.012660 
0.824232 0.501674 0.015999 
-0.574686 0.806721 0.003423 
0.886615 0.441437 -0.000668 
-0.330272 -0.830192 0.000932 
-0.093478 0.990630 0.006183 
-0.612337 0.746402 0.027340 
0.827319 0.453734 -0.031084 
-0.080833 -0.962468 0.027005 
0.788182 0.438992 0.030051 
0.994017 -0.096710 0.007527 
0.902537 -0.159746 0.029463 
0.160845 0.973720 -0.004096 
-0.852679 -0.334744 -0.031084 
0.628250 -0.643612 -0.005548 
-0.978244 -0.094107 -0.002364 
-0.101474 0.905235 0.030134 
0.867613 -0.208835 0.004894 
0.126465 0.957680 0.024263 
0.400520 -0.831787 0.018452 
-0.736405 -0.543085 0.024528 
0.228804 0.954252 -0.030870 
0.715016 -0.589761 0.013057 
-0.288076 -0.845367 0.030134 
0.416366 -0.866232 0.013973 
0.840022 -0.309865 0.002719 
0.676019 0.734020 0.007121 
-0.908194 0.033265 0.030012 
0.497015 -0.853744 -0.002207 
0.323757 0.940004 0.003530 
0.774389 0.474268 -0.031084 
0.040583 0.897552 -0.026561 
-0.024568 0.887467 0.024892 
-0.945705 -0.241097 -0.031074 
0.133678 -0.885317 0.000979 
-0.897200 -0.425441 0.021729 
-0.948383 -0.091437 -0.031084 
-0.689420 -0.678494 0.029542 
0.925026 0.298389 0.029028 
0.315005 0.842174 -0.011613 
-0.671032 0.724493 0.001792 
-0.581616 0.769724 0.025877 
0.921393 -0.306159 -0.031084 
-0.838027 0.313208 -0.004720 
-0.943542 0.016329 -0.031084 
0.781153 -0.549595 -0.031038 
0.048815 -0.948283 -0.031084 
-0.618351 0.704561 -0.031058 
-0.249074 0.922390 0.009994 
0.650205 -0.756972 0.016756 
-0.963814 0.021450 0.027951 
-0.956928 -0.121141 0.027923 
-0.757931 0.457132 0.009030 
-0.617625 -0.765455 -0.009075 
-0.424545 -0.787444 0.000081 
-0.455230 -0.778577 0.030136 
-0.379390 -0.837694 0.017007 
-0.556426 -0.726605 0.025258 
-0.008794 -0.907675 0.030039 
-0.247650 -0.874689 0.030125 
0.087195 -0.951862 0.010375 
-0.856004 0.312172 0.029289 
0.936631 -0.151398 -0.031084 
-0.778397 -0.565253 0.022316 
0.616773 0.761748 0.030090 
0.847033 0.469955 0.024623 
-0.172663 -0.969841 -0.004806 
-0.754529 0.545869 -0.031034 
0.900000 0.034562 -0.004183 
0.225183 0.939777 0.023724 
-0.660021 -0.627390 0.029654 
-0.768688 -0.628838 0.011929 
0.418626 0.796564 -0.024858 
0.931679 -0.224873 -0.031043 
-0.694367 0.619170 0.007699 
-0.974057 0.091931 0.030081 
-0.894282 0.063968 -0.029056 
-0.038190 -0.920279 0.016216 
-0.813094 0.417722 -0.031084 
0.405858 0.848687 0.005833 
0.779686 -0.573917 0.024923 
0.836187 -0.395978 0.015464 
0.420854 0.837809 -0.031084 
0.701265 0.676228 0.029999 
-0.063095 -0.891576 0.030136 
0.541753 0.723366 -0.030434 
0.903013 0.361730 -0.031084 
-0.816335 0.564462 0.005784 
0.736395 -0.574294 -0.031070 
-0.959951 0.142906 0.030126 
-0.856771 -0.381045 0.005833 
-0.508300 -0.736164 0.000042 
0.065084 0.914003 0.028471 
0.449985 -0.878789 -0.004444 
-0.136159 -0.930778 -0.031084 
0.119031 -0.988824 0.022674 
0.633904 0.693272 -0.031084 
-0.629303 0.651700 0.030100 
0.809230 0.524979 -0.031084 
-0.123852 -0.909690 0.022320 
0.891745 0.375889 0.021178 
-0.839978 -0.403847 -0.031084 
-0.361699 0.809900 0.025660 
0.898649 0.095272 0.030060 
0.514836 0.843423 -0.006841 
0.441666 -0.808267 0.019325 
0.068462 -0.912209 0.028813 
0.581200 -0.764260 0.012350 
0.398579 -0.805201 -0.002695 
0.941453 -0.222797 0.021656 
-0.734720 0.669482 0.013246 
-0.333817 -0.881817 0.005833 
0.786815 -0.474892 0.027872 
-0.850658 0.276331 -0.014421 
0.508224 -0.763274 0.028222 
-0.517473 0.731454 -0.000304 
-0.763596 0.624178 0.001122 
0.384141 0.848871 -0.031084 
-0.487344 0.745734 0.002729 
0.234442 -0.957642 -0.025312 
0.824000 0.403598 0.029242 
-0.878595 0.097541 0.016240 
0.941383 0.127307 -0.031084 
0.336823 0.925215 0.030136 
-0.856980 -0.481536 -0.015342 
-0.703292 0.586972 0.024115 
0.613926 0.706571 0.007209 
-0.388846 -0.841674 -0.031084 
-0.780854 -0.579175 -0.031084 
0.941951 0.027476 -0.031084 
-0.881626 0.275900 0.010756 
0.830610 -0.536659 -0.002116 
-0.659994 0.646217 0.012100 
-0.941099 0.074640 -0.031084 
0.613182 -0.684913 0.025525 
-0.697437 -0.603324 -0.031084 
0.040608 -0.891780 0.002247 
-0.149870 0.984671 0.022773 
0.363144 -0.911691 0.030107 
0.747746 -0.611005 0.018387 
-0.888080 0.445717 0.010182 
-0.748033 -0.637282 -0.026453 
-0.864828 0.404084 0.011393 
0.832977 0.314937 0.014784 
0.013454 -0.964370 0.022443 
0.441220 -0.842721 -0.031084 
-0.895902 -0.314037 0.008317 
0.994613 -0.002186 0.002718 
0.595011 0.723709 -0.031084 
0.236392 -0.901563 -0.031084 
-0.679655 0.682339 0.022106 
0.670086 -0.646303 0.009535 
0.793700 0.581862 0.030136 
0.503544 0.815357 0.010165 
-0.212191 0.892918 -0.031018 
-0.663139 0.688380 -0.031084 
-0.900296 -0.144378 0.028654 
-0.258534 -0.922578 -0.031084 
0.493125 -0.839437 -0.031071 
0.351660 0.922821 -0.011473 
0.025145 0.996289 0.010959 
-0.899999 0.238914 -0.031084 
0.537965 -0.707518 0.015042 
-0.840377 -0.482298 0.030010 
0.213046 0.895218 0.021139 
0.867200 -0.315839 0.019211 
-0.932458 -0.013292 0.006418 
-0.047680 0.994648 0.026194 
-0.746473 -0.486034 0.030094 
0.143479 0.905223 0.028169 
0.906630 0.160382 0.025578 
0.656448 0.739383 -0.023363 
-0.589327 -0.682671 0.030136 
0.582950 0.762290 0.011146 
-0.705684 0.550737 -0.003720 
0.053759 -0.987426 0.001553 
-0.775341 0.477364 0.029748 
-0.852323 0.236588 0.012103 
-0.146254 -0.966664 0.030090 
0.244445 -0.926018 0.011354 
-0.906805 -0.373963 -0.029195 
-0.220809 0.899399 0.012017 
0.380333 -0.802653 0.023606 
0.515982 -0.819791 0.027699 
0.728456 -0.562716 0.023906 
0.865023 0.320666 0.023371 
0.927528 -0.075648 -0.031084 
-0.488539 -0.744469 0.029874 
-0.932440 0.178237 -0.031084 
0.903861 0.306559 -0.031084 
0.913923 0.270611 0.007151 
-0.176733 0.952093 -0.031084 
-0.778468 0.578063 0.030071 
-0.911678 -0.078722 0.023290 
0.719283 -0.644087 -0.031084 
-0.803157 -0.432503 0.028428 
-0.209364 -0.972419 0.024919 
-0.931553 0.156998 0.006654 
0.892681 -0.197743 0.030132 
-0.668457 -0.734969 0.012144 
0.860651 -0.418612 -0.031084 
-0.437229 0.790426 -0.031084 
0.899624 0.339304 0.012435 
-0.854759 -0.331475 0.021468 
-0.580225 -0.781705 0.030136 
-0.547312 0.709167 -0.001101 
0.541822 -0.737287 0.029321 
0.096425 0.888925 0.002131 
0.584875 -0.729383 0.007279 
-0.683615 -0.584254 0.030136 
-0.894693 -0.000696 -0.010542 
-0.682327 -0.708333 -0.005816 
0.088705 -0.892833 -0.011166 
0.151920 -0.945939 0.012201 
-0.100935 -0.890903 -0.002776 
0.435475 0.889581 0.000820 
0.667574 -0.728126 -0.010140 
0.292295 0.952032 0.005716 
0.813452 -0.561355 -0.012735 
0.640777 -0.728596 0.028544 
-0.292478 0.951573 0.022666 
-0.281609 0.851545 -0.010454 
0.768433 0.579741 -0.031084 
0.165952 -0.913985 0.009452 
-0.606934 0.686547 0.023862 
-0.228889 0.969055 0.018201 
0.988038 0.051551 -0.014411 
0.668283 0.601704 0.000179 
-0.821640 0.509083 0.029389 
-0.490111 -0.817135 0.009461 
-0.400907 -0.874411 0.019235 
0.985100 -0.166969 0.012704 
-0.878756 -0.441007 -0.006867 
0.244621 -0.861872 0.001022 
-0.376089 -0.920936 0.016575 
0.756007 0.526966 0.023554 
0.877855 0.201751 -0.006942 
-0.269902 -0.957459 0.020523 
-0.891455 -0.271733 -0.031084 
0.595902 0.756662 -0.031084 
0.180986 0.902125 0.021787 
-0.908208 0.380745 -0.000143 
0.451952 0.767470 0.027253 
-0.932345 -0.311244 -0.021912 
-0.941342 0.209442 0.027817 
0.727823 0.579165 0.010698 
-0.923885 -0.336398 -0.001685 
-0.839853 -0.282031 0.005319 
0.739865 0.634556 0.030032 
0.787667 0.436389 -0.000694 
-0.839897 0.513276 -0.000850 
0.689212 0.623202 0.011431 
0.896335 0.432467 0.029629 
0.808938 0.372686 0.008559 
-0.807869 0.360881 0.013423 
0.880130 -0.135914 0.022453 
0.889048 -0.373862 -0.031084 
0.841849 0.392620 -0.031084 
-0.774252 -0.488254 -0.031084 
0.919473 0.362386 0.030136 
-0.261088 0.894137 0.008378 
-0.451740 0.850640 0.020475 
0.917465 -0.395165 0.015303 
-0.708015 -0.641860 0.012212 
0.763947 0.457953 0.019995 
0.960277 -0.265632 0.004089 
0.366714 0.821317 -0.001847 
-0.000898 0.950816 0.007178 
0.693467 -0.705340 0.030114 
-0.752111 -0.599295 0.020925 
-0.921847 -0.045587 0.011303 
-0.817780 -0.527398 -0.031084 
0.831967 -0.366526 0.030100 
0.823456 0.529158 0.030136 
0.783697 0.508368 -0.031084 
-0.746104 -0.652150 0.028656 
0.983571 -0.137480 0.001955 
0.827905 -0.416483 -0.031084 
0.643454 -0.649993 -0.031084 
0.965696 -0.007671 -0.031084 
-0.742761 0.645689 -0.004024 
0.512266 0.727766 0.024563 
0.194420 0.948830 0.027483 
0.247110 0.864573 -0.007158 
0.815075 0.562773 0.000015 
-0.660887 -0.702397 0.027457 
0.938559 -0.313033 -0.004831 
0.522520 0.760776 0.018343 
-0.165810 0.956034 0.029826 
-0.306831 0.886337 -0.031084 
-0.605560 -0.738106 0.011080 
-0.313722 0.906589 0.013745 
-0.830492 -0.451971 -0.031084 
-0.606523 0.735507 -0.031042 
0.519887 -0.794274 -0.031038 
0.899307 -0.035156 -0.000050 
0.967874 0.248961 0.024155 
0.764471 -0.533484 0.009137 
0.705720 -0.651081 0.011877 
-0.773766 0.510302 0.009322 
-0.557571 -0.802147 0.030136 
0.900114 -0.420231 0.002489 
0.333180 -0.938928 0.007021 
0.337250 -0.893201 0.009235 
-0.922956 -0.273124 0.025488 
-0.798146 -0.588764 0.005793 
0.670105 -0.685743 0.010823 
-0.695101 -0.549943 0.005276 
0.692751 0.647789 -0.031084 
-0.907057 0.322219 0.023874 
-0.579168 -0.727459 -0.031084 
-0.899619 0.154684 0.027816 
-0.098552 -0.931653 0.006058 
-0.528419 0.798646 0.012713 
0.951411 -0.057889 -0.031084 
-0.355575 -0.856027 -0.031084 
-0.889458 0.091594 -0.013239 
0.863520 -0.408738 0.008322 
0.653103 -0.616534 0.000510 
0.852786 -0.292384 -0.027512 
0.883869 0.465852 0.021742 
-0.879595 0.264594 -0.031054 
0.336652 -0.912760 -0.031009 
0.443168 -0.775340 0.029755 
0.899794 0.251571 -0.031084 
-0.020839 0.950460 -0.031084 
0.303861 0.903242 -0.031084 
0.137412 0.929469 -0.031084 
-0.887026 -0.346613 -0.031084 
-0.525049 -0.712368 0.023648 
0.023198 0.893359 0.029994 
-0.954755 -0.027622 -0.031084 
-0.894989 -0.357864 0.027355 
0.861126 -0.252050 0.030016 
0.261425 0.955379 0.001276 
-0.067163 0.895338 -0.005428 
-0.944539 0.271442 -0.024969 
0.235888 0.899394 -0.031084 
-0.923743 0.050310 0.009692 
-0.871236 -0.273657 0.027293 
-0.473780 -0.873363 0.007274 
0.168278 -0.871330 0.017428 
0.012209 -0.984974 -0.026967 
0.930422 -0.363653 0.016615 
0.845352 0.374129 0.022885 
-0.627490 0.642028 -0.029292 
0.892431 0.042698 0.028867 
-0.840071 -0.361090 -0.031084 
0.716819 0.527969 0.022694 
0.758860 -0.503163 0.030033 
0.240158 0.856008 0.023084 
0.962581 -0.049157 0.014824 
-0.799204 -0.401562 -0.010083 
-0.275100 0.859174 0.030077 
0.982521 0.121667 -0.002013 
-0.354475 -0.852219 0.012814 
0.871771 -0.468639 -0.000293 
-0.395412 0.904666 0.000736 
-0.825682 -0.335696 0.030133 
0.402791 0.820646 0.029835 
-0.872363 0.475080 0.012440 
-0.046250 0.978880 -0.030984 
-0.334025 -0.823636 0.028970 
0.559034 0.695313 0.028253 
-0.314310 0.848939 0.030066 
-0.464187 0.797533 0.013687 
-0.850126 -0.455112 0.027824 
0.930357 0.208713 0.007225 
0.570203 0.807068 -0.007257 
-0.401085 -0.790363 0.026189 
0.174257 -0.970431 -0.023916 
-0.581751 0.703826 0.029020 
-0.797712 -0.457644 0.015249 
-0.241430 -0.923382 0.013500 
0.429437 -0.874518 -0.031084 
-0.162833 0.880006 0.030054 
0.717346 0.641846 0.013491 
0.753425 -0.503893 -0.030997 
0.859673 0.264847 0.030031 
0.904672 -0.089929 0.030100 
0.798682 0.546969 0.022294 
-0.748489 0.598761 -0.030987 
0.282019 -0.870052 0.028854 
-0.201175 -0.905315 -0.031084 
-0.890407 -0.125384 -0.030667 
-0.958495 0.049737 0.019832 
0.886345 -0.382138 0.016775 
0.396440 -0.903910 -0.003164 
-0.932879 0.042948 -0.031084 
-0.824818 -0.545580 0.029662 
0.945995 0.278657 -0.029708 
-0.019937 0.990328 0.002204 
0.922959 0.089313 -0.031084 
0.064812 0.936185 -0.031084 
0.883509 0.113603 0.011771 
0.578022 -0.773920 -0.030997 
-0.497133 0.855600 0.002426 
-0.721176 -0.595952 0.005993 
0.115331 0.980077 -0.016648 
-0.257767 0.863616 -0.030585 
-0.857575 0.438386 0.024991 
0.543609 -0.743262 -0.031058 
-0.035297 0.921551 -0.031084 
-0.299434 0.918548 -0.031084 
-0.448868 0.844173 -0.031084 
0.859387 -0.354560 -0.031084 
-0.042644 -0.946842 0.006782 
-0.408717 0.798228 -0.008223 
-0.437117 0.779112 0.001294 
0.902188 0.186466 -0.031084 
-0.450293 0.879619 0.001620 
-0.436136 -0.835633 0.005833 
-0.528862 0.830439 -0.014690 
0.916120 -0.231546 0.005833 
0.634849 -0.727130 -0.030982 
-0.834123 0.376553 -0.031084 
0.117300 -0.879759 0.023447 
-0.289257 -0.905381 0.009137 
0.563870 0.741256 0.009538 
-0.708148 0.684479 -0.000842 
-0.555809 -0.782979 -0.031084 
-0.922379 -0.151444 0.005975 
-0.974870 -0.167841 0.029185 
-0.975351 0.122405 -0.018307 
0.704966 0.567793 -0.030633 
-0.177718 0.904089 0.017678 
0.897504 -0.076036 -0.021282 
-0.134410 -0.976112 -0.008553 
0.610215 -0.779319 0.000574 
-0.490775 0.776269 0.019898 
-0.429931 -0.861441 0.021129 
-0.956982 0.248852 0.003179 
-0.069814 -0.918854 -0.031084 
0.955506 -0.124928 0.016952 
0.445891 0.781103 -0.002888 
-0.401386 -0.819427 0.029244 
-0.910703 0.314864 -0.030980 
-0.797467 0.575571 -0.018884 
-0.059258 0.949540 0.007399 
0.286983 0.926417 -0.031084 
0.193967 0.877640 -0.010799 
0.775628 -0.449197 0.030046 
-0.860624 -0.285473 -0.031084 
0.495171 0.744947 0.002787 
-0.876113 -0.394721 0.020884 
-0.861395 -0.494687 0.011326 
-0.936580 -0.205637 0.017096 
-0.168372 -0.941298 -0.031084 
-0.025877 -0.896762 -0.026029 
-0.873603 0.174139 0.001909 
0.772336 0.496227 0.028597 
-0.114837 -0.957407 -0.031084 
0.231185 -0.969078 0.009648 
0.251488 0.929673 -0.031084 
-0.966297 0.180928 -0.005407 
0.933132 -0.265320 -0.031084 
-0.866751 -0.219488 -0.021606 
0.873042 0.464802 -0.008556 
0.717318 -0.694095 0.020642 
-0.711212 0.597657 -0.031038 
0.648477 -0.650388 0.027305 
-0.416815 0.849042 0.006274 
-0.811425 0.478392 -0.031030 
0.868485 -0.448505 -0.031084 
0.832815 0.343023 -0.003732 
-0.835083 0.393188 0.011899 
-0.403063 -0.896501 -0.027705 
0.970381 0.023309 0.028123 
-0.877480 0.416491 -0.031084 
0.487204 0.778307 -0.031084 
-0.025771 -0.995019 0.019208 
-0.219074 -0.869633 0.030136 
-0.986858 -0.107065 0.020650 
-0.520229 -0.803640 0.013275 
-0.293318 -0.840479 0.003333 
0.600554 0.785291 -0.019738 
0.911118 -0.022238 0.030136 
0.950339 0.277261 -0.001217 
0.948055 -0.253268 0.030058 
0.678512 0.691452 0.025740 
0.035002 -0.918530 0.019626 
0.398204 0.893950 0.030091 
0.738685 0.601995 -0.031084 
-0.885212 -0.083458 0.029826 
0.518268 0.828209 -0.031084 
-0.911755 0.146122 -0.031084 
-0.954116 -0.237692 0.030100 
0.900432 -0.022449 -0.024534 
0.907026 0.396623 -0.001105 
0.145921 -0.890945 -0.030727 
0.373838 -0.905917 -0.031075 
0.811800 -0.506763 0.009291 
-0.915429 0.101453 0.013067 
0.920144 -0.189941 -0.031010 
0.635119 0.730557 0.023728 
0.732429 0.512832 0.003804 
-0.822110 -0.428192 0.009006 
0.179340 -0.961621 0.030095 
-0.964861 -0.214240 0.003310 
-0.807092 0.451295 -0.031055 
-0.197183 -0.910099 0.007608 
0.674406 -0.702745 -0.031044 
0.051698 -0.890521 0.029771 
0.289995 0.866077 0.029953 
-0.916499 -0.178919 -0.031084 
-0.631163 0.704829 0.006575 
-0.132531 -0.876886 0.008133 
-0.888900 0.342803 0.015941 
0.969486 -0.196992 -0.016485 
-0.204963 0.964415 -0.003072 
0.616827 0.648996 0.029912 
0.948080 0.219383 0.029491 
0.306578 0.834674 0.024524 
-0.461960 0.757443 0.006840 
-0.017101 0.967277 0.027419 
0.484428 0.829876 -0.031084 
-0.873969 -0.133027 0.018345 
-0.930730 -0.136866 -0.031084 
0.847760 0.446572 0.009585 
0.303234 -0.933182 0.030136 
-0.247528 -0.962372 0.005791 
0.024554 0.986160 -0.019610 
0.484401 -0.776635 -0.030974 
0.942303 -0.181635 0.014092 
0.417904 -0.824172 -0.031084 
-0.096525 -0.980491 -0.004027 
-0.481914 0.761661 -0.030810 
-0.965864 0.148639 -0.030818 
0.500015 0.776011 0.017705 
0.488700 0.855092 0.030136 
0.083293 -0.916015 -0.031084 
-0.774394 -0.504069 0.010855 
0.186202 -0.946432 -0.031084 
-0.944240 0.274896 0.030035 
-0.577392 -0.709425 0.026928 
-0.117943 -0.965822 0.030136 
0.975422 0.055668 0.030028 
-0.790622 0.412697 0.030007 
0.127259 0.918855 0.011227 
0.994599 -0.045924 0.029270 
0.781547 -0.458710 -0.030865 
-0.605801 0.766678 -0.031083 
0.033124 -0.896390 -0.023376 
0.948058 0.317024 0.017660 
0.871485 0.489020 0.015170 
0.917159 -0.169696 0.009021 
-0.812673 -0.520333 0.028343 
-0.334284 -0.839396 -0.031084 
-0.863230 0.343669 -0.031084 
0.820114 -0.346628 0.016277 
-0.716498 -0.687643 0.008283 
-0.684126 0.607745 -0.031061 
0.223328 -0.859101 0.018001 
0.197196 0.901395 -0.031084 
0.409115 0.898937 -0.013496 
-0.696356 -0.664531 -0.031084 
0.630387 0.644615 -0.028415 
-0.945951 -0.159906 -0.031084 
-0.949022 -0.101053 0.011900 
-0.793982 -0.534106 0.013479 
0.555487 -0.706973 -0.008171 
0.432395 -0.787728 -0.004490 
0.826879 -0.454899 0.005833 
-0.665178 -0.684301 -0.031084 
-0.160119 -0.886643 -0.030650 
0.584227 0.684513 -0.002660 
-0.093479 0.959777 0.021072 
0.795675 -0.399295 0.023989 
0.153018 0.955958 0.027691 
-0.227061 0.857529 0.014644 
-0.925292 0.247815 -0.031084 
-0.576527 -0.761541 -0.031084 
0.076071 -0.982952 -0.020758 
0.873654 0.300319 -0.031084 
0.705910 -0.545473 0.028547 
0.992362 0.087755 0.028892 
-0.116991 0.933308 0.005833 
0.871912 -0.232926 -0.028837 
0.956787 -0.202655 0.030037 
-0.903285 -0.050495 -0.031084 
0.961238 0.226562 -0.028485 
0.150589 -0.947216 -0.031084 
0.241841 -0.882316 0.029319 
-0.656438 0.594119 0.010064 
-0.732129 -0.566491 -0.031084 
0.954774 0.174665 0.027422 
-0.520852 -0.846451 0.010467 
0.314380 0.907498 0.017194 
-0.298168 -0.938259 -0.021672 
0.954064 -0.296263 0.012075 
-0.686036 0.719337 0.023072 
0.622151 0.781038 0.009752 
0.884500 -0.169933 -0.013929 
-0.312109 -0.885859 -0.031084 
-0.400679 0.840438 -0.031084 
0.923099 0.136951 0.008907 
0.247786 -0.925499 -0.031084 
0.805775 0.402473 -0.021228 
0.934578 0.303588 -0.031045 
-0.019706 0.897588 -0.001374 
-0.737507 0.544815 0.021311 
-0.882334 0.223545 0.029668 
0.049698 0.985438 -0.011003 
-0.121547 0.881620 0.028332 
0.779420 -0.603849 0.030136 
-0.704444 0.663992 0.029572 
0.438877 0.812315 -0.031084 
0.773988 -0.614506 -0.013869 
-0.397312 0.880013 0.026509 
-0.974622 -0.189755 0.008771 
0.738179 0.658141 -0.007843 
0.884344 -0.399771 -0.031084 
-0.647444 -0.648921 0.021219 
0.819501 -0.418806 0.026121 
0.680268 0.721938 0.030104 
-0.155017 -0.942800 0.014648 
-0.930985 0.184652 0.009215 
-0.702624 0.658081 -0.031027 
-0.583696 0.802764 0.027738 
0.887830 0.232539 0.029202 
0.440478 0.857953 -0.031084 
-0.986269 -0.018743 0.001970 
-0.513881 -0.735422 -0.028529 
0.106386 0.909317 -0.031084 
-0.682818 -0.645097 0.005833 
-0.566302 0.796027 -0.031083 
0.495201 -0.835612 0.029583 
-0.737719 -0.535893 -0.031084 
0.280342 -0.909453 0.007701 
0.875245 -0.286500 0.023992 
0.371921 -0.814131 0.001642 
0.660105 -0.596978 0.025304 
0.253444 0.872984 -0.031084 
-0.602906 -0.763704 -0.031084 
0.337940 -0.859878 -0.031084 
-0.427361 0.887599 -0.019801 
-0.336011 -0.935248 0.006792 
-0.205656 0.867169 0.003250 
0.886209 -0.351049 0.007208 
0.708006 0.594885 -0.031084 
0.608720 -0.747343 -0.030984 
-0.415117 0.816861 0.026657 
-0.571403 -0.689024 -0.005708 
-0.639311 0.677907 -0.031084 
-0.178089 -0.898854 0.025733 
-0.958171 -0.064888 0.018771 
-0.730022 0.570226 0.009757 
0.662017 -0.705776 0.025551 
0.690744 -0.610465 0.020361 
0.696112 0.702282 -0.007424 
-0.913810 -0.103664 0.014517 
-0.518644 -0.814857 -0.031084 
-0.975961 0.183157 0.018586 
-0.910650 -0.289210 -0.031084 
-0.469511 -0.791610 -0.031084 
0.166817 0.882892 -0.006097 
-0.533772 0.743526 0.026890 
-0.870570 -0.157503 0.026375 
0.151301 0.985515 0.022377 
0.069176 0.895804 -0.006385 
0.904716 0.422709 0.007147 
0.658710 0.598992 0.024086 
-0.353946 0.898589 -0.031084 
0.959596 0.101060 -0.031084 
0.663512 0.690367 -0.031084 
-0.879274 -0.162272 -0.023671 
-0.623979 -0.627369 0.024949 
-0.776732 0.444194 -0.003079 
-0.312758 0.928356 0.030010 
0.133857 -0.977321 -0.005470 
-0.936201 0.299401 -0.024251 
-0.879703 -0.427144 -0.030733 
-0.869418 -0.467509 0.002390 
0.203480 -0.874359 -0.004642 
0.898185 -0.232100 -0.031053 
0.919686 -0.316922 0.029037 
0.699429 0.550858 0.019733 
0.840143 -0.478696 0.020325 
-0.896379 -0.243095 0.008745 
-0.337543 -0.901949 0.021887 
0.765694 -0.558965 0.006018 
-0.717992 0.633330 0.013145 
-0.982436 0.020108 -0.021650 
0.396097 -0.872001 -0.031084 
-0.891814 0.251195 0.009297 
0.931429 0.021169 0.009606 
-0.910651 0.007736 0.029433 
0.942566 0.197605 -0.031084 
-0.683095 0.601654 0.029968 
0.936168 0.349347 0.010694 
0.301714 -0.882028 -0.031037 
0.726426 -0.531026 -0.019838 
0.688786 -0.722089 0.011301 
0.567415 0.715708 -0.031084 
-0.861376 0.287169 0.030049 
-0.271288 -0.854974 -0.027702 
0.192133 -0.907298 0.010959 
0.359972 0.897573 0.023756 
0.759443 -0.479017 0.000834 
-0.929519 0.243125 0.023354 
0.871680 -0.433242 0.029692 
-0.254548 0.937233 0.030013 
0.549519 -0.814322 0.030076 
-0.063077 -0.915962 0.022681 
0.940450 0.255265 0.029989 
-0.169533 -0.874058 0.003392 
0.451372 0.822874 0.006414 
-0.278920 0.948224 0.001397 
0.860384 -0.342360 0.014448 
0.974884 0.166943 -0.023039 
0.730317 -0.643097 0.029757 
-0.023764 -0.887395 0.026826 
-0.797863 -0.385433 0.028190 
0.430975 0.888847 -0.024130 
-0.475530 0.840371 0.026875 
0.871527 -0.324428 -0.031084 
0.068451 -0.887304 0.004427 
-0.914192 -0.360947 -0.008756 
-0.908978 0.117265 -0.031084 
0.274665 0.958963 0.022552 
0.847486 -0.512203 0.000339 
-0.837239 0.294656 0.028786 
-0.146780 0.885219 -0.020913 
0.516294 -0.731600 0.001997 
-0.089042 -0.913815 0.021193 
0.291812 -0.931537 -0.031008 
0.804599 -0.500181 -0.031084 
-0.514939 0.764516 -0.031010 
-0.522036 0.812540 -0.031084 
0.345203 -0.830241 -0.027417 
0.359320 0.861639 0.008047 
0.599567 -0.670229 -0.008506 
0.867155 0.244978 -0.006604 
0.878675 0.414542 0.028744 
0.293845 0.877774 -0.031084 
0.983837 -0.101991 -0.016247 
0.741852 0.540123 -0.031084 
0.482953 -0.871884 0.025816 
0.876735 0.282570 0.024886 
-0.042731 0.887090 0.007574 
-0.552022 0.706394 -0.027059 
-0.213598 -0.860361 0.007492 
0.191191 0.972292 0.001808 
0.768893 0.594916 0.029314 
-0.812617 0.559700 0.030113 
0.705099 0.595396 0.019202 
-0.557345 -0.715153 -0.031084 
-0.557679 -0.744375 0.007665 
-0.590266 0.704157 -0.031000 
0.472837 -0.757457 0.029567 
-0.911632 -0.391248 0.006395 
0.411507 -0.812555 0.030033 
-0.652373 -0.725746 0.030093 
0.274500 0.882617 0.014394 
0.854653 -0.283406 -0.003523 
0.017261 0.982281 0.030085 
0.773944 0.620077 0.001355 
0.240053 0.900488 0.008504 
-0.959338 0.222501 0.000507 
0.116782 -0.965121 0.030124 
0.249848 -0.947341 0.030087 
0.433242 0.845665 0.006636 
-0.875551 -0.299317 0.010832 
0.659974 0.739575 0.030136 
-0.602679 -0.782133 0.001793 
-0.256849 -0.949310 -0.028189 
0.670013 0.638650 0.014899 
-0.020652 -0.958699 -0.031084 
0.596549 -0.702473 0.019751 
-0.428001 -0.780419 0.029755 
0.216803 0.962295 0.030109 
0.959295 -0.098457 0.018600 
0.747022 0.594636 0.007876 
-0.973855 -0.094436 -0.030478 
0.595369 0.774294 0.030136 
-0.500910 0.821912 0.019010 
-0.564517 -0.805605 -0.010905 
0.772736 -0.526269 -0.031011 
-0.342946 0.931101 0.004066 
0.949783 0.154159 -0.031084 
-0.946027 -0.293319 0.028337 
-0.533767 -0.754055 0.011746 
0.988752 -0.031572 -0.006607 
-0.858515 0.312948 -0.031079 
0.037395 -0.966725 0.028223 
-0.190918 -0.927824 -0.031084 
-0.906269 -0.236198 -0.031084 
-0.114279 0.926344 -0.031084 
-0.623865 -0.673786 0.018186 
0.916384 -0.287280 0.015691 
-0.977938 0.097354 -0.008158 
-0.894471 0.378373 0.030125 
0.747391 0.552897 0.011087 
-0.111217 -0.894538 -0.030660 
-0.875120 0.167251 0.030134 
-0.864475 0.215893 0.001640 
-0.966044 -0.003035 0.029214 
0.889168 0.143817 -0.021969 
0.869742 -0.191468 0.022178 
-0.898949 0.381583 -0.031065 
-0.050024 -0.994274 0.023078 
-0.865940 0.334587 0.008129 
-0.915670 -0.296527 0.024994 
-0.353845 0.817121 0.003599 
0.001351 -0.907318 -0.031084 
0.286624 -0.846011 0.029853 
0.885681 0.437277 -0.028509 
-0.018360 0.930300 0.008768 
0.031075 0.952376 0.008318 
-0.910144 0.004323 -0.031084 
0.340634 -0.825027 0.029688 
0.898040 -0.247466 0.009814 
0.760212 -0.481656 -0.023546 
-0.597872 0.740437 0.008603 
-0.214124 -0.873847 -0.030149 
-0.473349 -0.760075 -0.017316 
0.770532 0.632439 0.028129 
0.900348 0.006958 0.030122 
-0.775188 0.605868 -0.010056 
0.867187 -0.273046 -0.031084 
0.418812 -0.896835 0.030046 
-0.829464 -0.485328 -0.031084 
-0.909215 0.170935 -0.031084 
-0.934152 0.225147 -0.031084 
0.448385 -0.804210 -0.031050 
0.736867 -0.658594 -0.009767 
-0.794439 0.550802 -0.030973 
-0.786007 -0.427064 -0.025088 
-0.689227 0.555727 0.024471 
-0.670565 0.627911 -0.031066 
-0.829255 -0.318569 0.003178 
-0.455650 -0.883560 0.019841 
-0.311319 -0.829139 0.022316 
-0.452826 -0.873100 -0.026086 
0.791800 0.573126 -0.031084 
-0.935245 0.102594 -0.031084 
0.645645 -0.695645 0.006382 
-0.729834 -0.654212 -0.029886 
0.836345 -0.376412 -0.031084 
0.361399 0.812655 0.020173 
-0.865034 0.467579 -0.009421 
-0.184935 -0.885409 -0.031084 
0.810049 -0.535642 0.028632 
-0.741955 -0.520149 0.030043 
0.860444 -0.231886 0.006918 
-0.593891 0.670378 -0.017742 
0.837594 0.544887 0.015821 
0.258807 0.942289 0.030047 
0.411138 0.872400 0.017476 
0.060470 0.979036 0.030072 
-0.900563 -0.052871 0.030059 
0.950458 0.082679 0.007432 
-0.760515 0.584028 0.015015 
-0.929560 0.349512 0.018215 
-0.966306 0.001545 -0.031084 
-0.768707 0.505648 -0.030996 
-0.425479 0.835544 -0.031084 
-0.312924 -0.935487 0.030136 
-0.922499 -0.254003 -0.031084 
-0.216738 0.922534 0.006667 
-0.415159 0.903843 0.025593 
0.578477 0.802437 0.030136 
-0.474784 0.784663 -0.031084 
-0.600221 0.781447 -0.001385 
-0.643417 0.622880 -0.024347 
0.014744 0.924001 0.013830 
-0.898581 -0.184511 0.020867 
-0.124076 0.984870 0.003489 
-0.678184 -0.569844 0.005958 
0.550870 -0.819866 -0.012305 
0.261533 0.867690 0.030091 
-0.163264 0.972077 -0.023190 
-0.178779 -0.948632 0.026361 
0.988869 0.029766 -0.004340 
0.844213 0.514352 -0.025632 
0.123597 -0.916520 0.012955 
-0.855613 0.257158 0.000200 
-0.918444 0.137005 0.007950 
0.558521 -0.691876 0.010133 
0.814812 0.482187 0.005833 
-0.643951 -0.756722 0.017636 
-0.402751 -0.818019 -0.031084 
0.907923 -0.132654 -0.031082 
-0.483782 0.858003 -0.017255 
0.034898 0.897293 -0.003366 
0.161953 0.972286 -0.027897 
0.586778 -0.681937 -0.026353 
0.535869 -0.833869 0.030019 
0.701468 -0.563939 -0.000847 
0.858624 0.422753 -0.031084 
-0.093642 -0.945339 -0.031084 
-0.075242 0.924514 -0.031084 
0.900058 0.240200 0.009966 
0.751345 0.477770 0.023870 
0.525965 -0.763671 0.012033 
0.607783 0.703668 -0.031084 
-0.872506 -0.231091 0.030109 
-0.893856 0.022798 -0.007119 
-0.191182 -0.976646 0.008424 
-0.803640 -0.441773 -0.031084 
0.471013 -0.827005 -0.031069 
0.930479 -0.335261 -0.003007 
-0.446958 -0.766991 0.004572 
-0.760769 -0.530317 -0.031084 
-0.982048 -0.042755 0.030093 
0.736024 -0.500177 0.024517 
0.934987 0.047231 0.007311 
-0.852160 0.435114 -0.031084 
-0.775884 0.431184 0.028968 
0.216894 -0.891707 0.025527 
0.385191 -0.883046 0.017528 
-0.884763 0.075550 0.003472 
0.152067 0.886067 -0.027042 
0.796832 -0.558415 0.029757 
-0.688345 0.570159 0.000584 
0.016685 -0.945613 0.006191 
0.659211 0.631078 -0.031084 
0.898738 -0.217025 0.016422 
-0.643944 0.615068 0.002739 
0.996033 -0.079400 0.024246 
-0.595218 -0.656592 0.027265 
-0.562270 -0.777103 0.015671 
0.459332 0.862288 0.030090 
-0.989577 0.081294 0.010723 
-0.047581 -0.986362 0.000598 
-0.934089 -0.220683 -0.031084 
0.863053 0.426608 0.013196 
0.462458 -0.829611 0.006777 
0.963449 -0.222364 -0.023538 
0.371323 0.916641 -0.000300 
-0.160206 0.922272 0.006459 
-0.674587 0.588512 -0.005759 
0.492421 -0.778426 0.019896 
-0.593081 -0.708254 -0.031084 
0.312159 0.867387 0.019018 
0.356980 0.907624 -0.031084 
0.807682 0.466470 -0.031084 
0.798959 0.489063 -0.031084 
0.854119 0.351781 0.021442 
-0.779363 -0.554988 -0.031084 
-0.981888 0.040764 -0.010693 
-0.332651 0.840246 -0.031084 
-0.520737 0.716607 0.017463 
-0.742605 0.616260 0.027570 
-0.486289 -0.743573 0.003717 
0.883903 0.147539 0.030007 
-0.952730 0.010993 0.010239 
0.883721 0.210541 -0.031084 
-0.386642 0.816940 -0.031084 
0.801119 -0.578542 -0.022611 
0.707326 -0.689957 -0.013455 
0.927138 0.344810 -0.011686 
0.906932 0.193422 0.015971 
-0.665367 0.672442 0.006555 
-0.816954 0.339364 0.011279 
-0.959376 -0.054126 -0.031084 
0.584571 -0.793605 0.030101 
-0.652506 0.696371 0.010159 
-0.757000 0.477536 -0.001998 
-0.141772 -0.891085 0.030091 
0.347746 0.935030 0.012187 
0.681907 -0.680461 -0.031084 
0.356262 -0.930862 0.019074 
-0.891446 -0.217077 -0.031084 
0.115543 0.984546 0.029910 
-0.809596 0.437146 0.015068 
-0.567915 0.720782 0.021472 
-0.841191 -0.508922 -0.002247 
-0.946915 0.096712 0.009796 
-0.792741 -0.479434 0.009304 
0.472808 0.867521 -0.006798 
-0.864909 -0.257457 -0.031084 
-0.447054 -0.802358 0.018428 
0.549357 0.821786 -0.007665 
0.293060 0.942828 -0.015998 
-0.626730 0.730149 0.019506 
0.481789 0.809052 0.005833 
0.263927 -0.858272 -0.011488 
0.862340 0.338942 -0.031084 
0.747179 0.614506 0.021390 
-0.088886 -0.990563 0.025896 
-0.533173 0.812924 0.030134 
0.717000 -0.561894 -0.031057 
-0.992821 0.010208 0.022421 
-0.942442 -0.278468 -0.009382 
-0.347890 0.870285 0.006046 
0.091436 0.911297 0.028512 
0.042403 0.910651 0.030136 
0.221336 0.867672 0.001584 
-0.284362 0.881531 -0.031084 
0.196067 -0.912879 -0.031084 
0.716226 -0.527692 0.016033 
-0.938479 -0.185499 -0.031084 
0.556310 -0.724159 -0.031071 
-0.148089 0.907846 -0.031054 
-0.981617 0.131799 0.028831 
0.068454 -0.963963 -0.031084 
0.787695 -0.599295 -0.000523 
-0.155554 -0.982708 0.016647 
0.010652 -0.995782 0.013386 
0.883401 -0.114084 0.016361 
-0.940397 0.317163 0.006465 
-0.798012 -0.553627 0.030136 
-0.677299 -0.649749 -0.031084 
-0.874675 -0.366926 0.007776 
-0.626703 0.625593 0.025193 
0.522152 0.734939 -0.028171 
0.969164 0.126495 0.030136 
0.982739 0.171801 0.027706 
0.916788 -0.372804 -0.001573 
-0.704825 -0.699094 0.026641 
0.501009 -0.805860 0.006484 
0.597536 -0.748490 0.010106 
0.562162 -0.776776 0.011253 
0.946875 -0.079838 0.006413 
-0.001699 0.931753 -0.031084 
-0.678749 0.711931 -0.025819 
0.369929 -0.855260 0.013066 
-0.871063 0.300439 0.013160 
-0.071210 0.993559 0.025317 
-0.927031 0.207055 0.010165 
0.954218 -0.147620 0.018105 
0.679647 0.574710 0.014557 
-0.267940 -0.877878 0.020367 
0.079785 -0.989818 0.028819 
-0.167169 0.886884 -0.030832 
-0.673297 -0.608945 0.030136 
0.216224 -0.936426 0.015118 
0.283739 -0.944818 -0.005730 
0.408027 0.799178 0.000971 
-0.012668 -0.984522 -0.027299 
0.602565 0.696159 0.023811 
-0.420182 -0.896022 0.003142 
-0.882885 0.142291 -0.010023 
0.914150 0.378897 -0.018583 
0.247576 -0.955034 -0.004101 
0.738892 -0.630712 -0.031084 
0.844653 0.327882 0.030078 
-0.610752 0.665147 0.030136 
-0.628254 0.770640 0.011178 
-0.768753 -0.457423 -0.010825 
-0.722584 -0.642598 0.029460 
-0.527578 0.842648 0.025825 
-0.751317 0.487574 0.030136 
0.550365 0.793472 -0.031084 
-0.820973 0.356452 -0.006780 
-0.905093 0.301550 0.015095 
0.442525 -0.856522 0.017736 
-0.892552 -0.193488 -0.031084 
0.813151 0.423339 0.029606 
-0.449969 0.881419 0.029861 
0.627164 0.749636 -0.031084 
0.921423 -0.340851 0.030070 
0.814889 0.375978 0.030017 
0.923387 -0.047626 0.016768 
-0.563939 0.819293 0.018686 
-0.877910 -0.433482 0.030068 
-0.050971 -0.895557 -0.010572 
-0.040667 -0.943726 -0.031084 
-0.076241 -0.982321 -0.018176 
0.079861 0.993747 0.009929 
-0.932529 -0.340660 0.018642 
-0.884264 0.032076 0.026551 
0.956118 -0.131004 -0.031084 
-0.752102 -0.593108 -0.031084 
-0.013159 -0.978955 0.030084 
0.431059 0.900111 0.021209 
-0.898986 0.200450 0.013305 
-0.572888 0.758978 0.008184 
0.560753 0.772032 -0.031084 
0.675856 0.662577 -0.031084 
0.981393 0.073010 -0.030780 
0.341133 0.864844 -0.031084 
-0.191216 0.900821 -0.030984 
0.609326 -0.790383 0.024126 
0.928348 0.275467 0.023597 
-0.711373 -0.525367 0.010209 
-0.963533 0.069384 0.029294 
0.428550 -0.875813 0.030112 
0.030816 -0.985092 -0.011136 
0.921580 0.003273 0.024106 
0.910578 -0.278471 -0.031084 
0.586917 -0.668948 0.026663 
-0.080159 0.911807 0.028624 
0.544873 0.712521 0.030020 
-0.809925 -0.364521 0.029467 
-0.941002 -0.317740 0.017448 
0.772668 0.463065 -0.011835 
-0.471034 0.841413 -0.031084 
0.460589 -0.760177 0.011089 
-0.588480 -0.678337 -0.029879 
-0.890644 0.425148 0.001874 
0.638239 0.691994 0.005883 
0.099068 -0.882796 0.005857 
0.902069 0.033980 -0.029129 
-0.755733 -0.628004 0.030042 
-0.921521 0.062080 -0.031084 
-0.478712 -0.864563 0.029985 
-0.882406 0.354998 -0.031084 
0.170081 0.939985 0.011651 
-0.957638 0.126521 -0.031084 
0.752977 0.627412 -0.031084 
0.855587 0.287586 -0.028900 
0.668544 -0.602399 -0.025642 
-0.948333 -0.190656 0.029649 
0.391664 0.917722 0.008508 
-0.882265 0.061840 0.021818 
-0.884572 0.221822 -0.031084 
0.542872 -0.797132 0.017735 
0.837172 -0.354251 -0.031084 
-0.726455 -0.632330 -0.031084 
-0.815364 -0.342324 0.011666 
0.831969 0.532716 -0.027681 
-0.377465 -0.822654 -0.031084 
-0.172230 -0.966899 -0.029594 
-0.823542 0.354678 -0.028714 
-0.672887 0.623338 0.021431 
-0.663308 -0.600484 -0.006785 
0.778355 -0.431317 0.017303 
-0.860249 -0.416617 -0.031084 
-0.689636 0.702425 -0.007401 
-0.877382 0.446745 0.030050 
-0.799552 0.478740 0.006977 
-0.755541 -0.460113 0.010289 
0.704953 -0.580106 0.030132 
0.769463 0.533291 0.007289 
-0.822773 -0.480448 0.009944 
0.342217 -0.852586 0.024431 
0.989515 0.003931 -0.021389 
0.836696 -0.465541 -0.031084 
-0.809944 -0.567674 0.003554 
-0.122056 0.953542 0.015069 
-0.242219 -0.853627 0.026935 
-0.872739 -0.321729 -0.031084 
0.464413 -0.882375 0.011745 
-0.749231 0.653439 0.017097 
-0.058697 0.899365 -0.029860 
-0.706566 -0.540630 0.029856 
-0.189981 0.934573 -0.031040 
-0.838974 -0.400218 0.011438 
0.879923 -0.192300 -0.002667 
0.583889 -0.796247 -0.008692 
-0.416813 0.782502 0.025250 
-0.884107 -0.134240 -0.010119 
-0.610477 -0.654838 -0.003327 
0.158383 0.913813 -0.031084 
-0.207597 -0.962817 -0.005047 
-0.350895 -0.920863 -0.000376 
-0.610400 0.641668 0.018929 
0.001790 0.988530 0.000221 
-0.584425 0.674209 0.001611 
0.852325 -0.498365 0.030136 
-0.911321 0.054808 0.028010 
-0.444452 0.809075 0.013294 
-0.215359 -0.956325 -0.030593 
0.769970 -0.572204 -0.031045 
-0.472194 0.754646 0.029486 
0.533576 0.838362 0.003101 
-0.908072 0.344221 0.030123 
-0.053687 -0.963202 0.024270 
0.803575 -0.399206 0.001412 
0.794456 -0.524567 -0.031058 
-0.307606 0.834822 0.004070 
-0.717299 -0.543453 -0.030816 
0.114256 0.963810 -0.031084 
-0.849560 0.365218 0.010373 
-0.409635 -0.796829 -0.014339 
-0.009901 -0.939773 -0.031084 
-0.700410 -0.598330 0.013626 
0.714077 0.657588 0.028146 
0.250417 0.955128 -0.021198 
-0.123162 0.903653 0.029956 
-0.685843 -0.691043 -0.031084 
-0.780538 0.615281 0.017818 
0.987555 -0.053272 -0.025682 
-0.729411 0.513114 0.030105 
-0.948343 0.294503 0.015208 
0.816607 -0.378734 -0.006166 
0.795784 0.492492 0.007465 
0.888168 -0.068279 0.023040 
-0.552858 0.692180 0.011194 
0.996542 0.060880 0.027074 
-0.953998 -0.274110 0.008442 
-0.656011 0.733864 -0.010728 
0.796418 -0.484135 0.009308 
-0.261071 0.916628 -0.031084 
0.260687 -0.849047 0.007858 
0.901367 -0.204553 -0.030994 
-0.800099 0.400644 -0.014368 
0.915376 -0.373805 -0.025828 
0.786297 0.534813 -0.031084 
-0.642640 -0.698578 -0.031084 
-0.716943 -0.576695 0.014943 
-0.085722 -0.882216 0.013812 
-0.748956 -0.648703 0.004483 
0.714348 0.649167 -0.031084 
0.181150 -0.877100 0.001019 
-0.869893 -0.187722 0.002320 
-0.775640 0.460053 -0.030980 
-0.844408 -0.469709 -0.031084 
0.628411 -0.684890 -0.031044 
-0.981053 -0.049055 -0.026156 
-0.355798 -0.839002 0.029830 
-0.878186 -0.100555 0.018680 
0.839231 -0.398117 -0.031084 
-0.861059 0.496110 0.009391 
0.538618 0.800733 0.017384 
0.061847 0.931351 0.007514 
0.898027 0.071919 -0.016966 
0.888311 -0.147825 -0.009249 
-0.812447 0.406365 0.030019 
0.918640 -0.111214 0.015688 
0.394473 0.895161 -0.031084 
-0.662418 -0.586384 0.024639 
0.954788 -0.273706 0.029948 
-0.202415 -0.949974 0.030135 
-0.245117 0.936649 -0.031075 
0.407287 -0.847787 0.005833 
-0.370337 0.853500 0.012706 
-0.950803 0.167130 -0.031084 
0.947439 -0.312861 0.027440 
0.119410 -0.967731 -0.031084 
-0.171007 0.981162 0.023429 
0.574617 -0.815333 0.016898 
-0.698289 0.568018 -0.030640 
0.969023 0.205524 -0.000307 
-0.977932 -0.124684 0.030026 
0.981066 0.192367 0.012927 
-0.843438 0.444271 0.010038 
-0.865773 -0.464569 -0.024977 
0.341103 0.893283 -0.031084 
0.854068 -0.388168 0.006707 
0.111394 0.881263 0.015460 
-0.863625 0.486106 0.028537 
0.935131 0.155781 0.005860 
0.075982 0.895703 0.030043 
0.628665 -0.774677 0.014255 
-0.672681 -0.686519 0.018997 
-0.648897 0.640312 0.029355 
0.993626 0.106650 0.019048 
-0.244398 0.892052 -0.031084 
0.895349 -0.097001 -0.006748 
0.893146 0.013598 0.004497 
-0.501516 -0.847362 -0.001373 
0.209485 0.941766 -0.031084 
0.090963 0.894901 -0.028101 
-0.382003 -0.855662 0.005845 
-0.209991 0.862514 0.026388 
0.221504 0.910768 0.006456 
0.865719 0.208897 0.021036 
0.749684 -0.659533 0.013189 
0.745062 -0.556219 0.010484 
0.848361 -0.292907 0.030017 
0.962422 0.015150 -0.031084 
0.161044 -0.975900 0.001557 
0.971342 0.218027 0.029360 
-0.547278 0.777389 0.007993 
-0.036963 0.976691 0.030052 
0.839752 0.433233 -0.031084 
-0.769936 0.530957 0.006169 
-0.437069 0.776797 0.029760 
0.081647 0.962500 0.023523 
-0.745724 -0.552989 0.008254 
0.186516 0.941340 -0.031084 
0.534732 0.837725 0.029650 
-0.510105 -0.757649 0.028221 
0.896293 -0.435260 0.028643 
-0.700524 -0.659315 0.021594 
-0.890477 -0.167234 0.030064 
0.882285 -0.252460 0.029208 
-0.850529 0.339935 0.021621 
0.999182 0.019269 0.011028 
0.881936 -0.447022 -0.014822 
0.786748 -0.437061 -0.016948 
-0.153249 -0.883140 -0.006555 
0.999729 -0.001576 0.023208 
0.566136 -0.746793 0.006695 
-0.643237 -0.642390 -0.031084 
0.867768 -0.483566 0.029857 
0.852448 0.369742 -0.031084 
-0.856308 0.258674 -0.024505 
0.385685 -0.811332 -0.018234 
-0.937671 0.295416 -0.002972 
