0.453549 0.835756 0.037046 
-0.480688 -0.835171 0.014438 
0.854030 -0.484569 0.035219 
-0.858696 0.470869 0.014292 
0.959335 0.265127 0.026380 
-0.280038 0.937872 -0.018432 
0.265333 -0.932933 0.014048 
-0.923424 -0.256106 0.040824 
0.768818 0.607799 -0.040830 
0.831538 -0.101377 -0.025427 
-0.096397 -0.793506 0.031187 
0.095305 0.992545 0.030126 
0.520598 -0.652606 -0.042052 
-0.527994 0.649075 -0.038694 
-0.641081 -0.498141 -0.028192 
-0.801062 0.097821 0.012384 
0.741681 0.375007 0.020412 
-0.073273 0.825990 0.016587 
0.552146 0.625267 0.035117 
0.227568 0.800964 0.022407 
-0.487335 0.856702 0.038837 
0.045194 -0.964051 0.008380 
0.989916 0.046438 0.009434 
-0.734383 0.649695 0.038364 
-0.271751 -0.924668 0.032750 
-0.968288 -0.040869 0.036240 
0.463251 -0.848979 0.039913 
-0.849432 -0.458202 0.028012 
0.942563 -0.288222 0.035380 
-0.939949 0.261023 0.030908 
-0.649020 -0.699573 0.040840 
0.728397 -0.653509 0.019914 
-0.313983 -0.733879 0.010321 
0.132879 -0.791294 0.014129 
0.817384 0.132680 0.027404 
-0.752138 0.304973 0.020207 
0.754781 -0.319138 0.010938 
-0.667423 0.476126 0.005333 
-0.795110 -0.113208 0.025414 
-0.738938 -0.306843 0.015567 
0.658558 -0.479715 0.018224 
0.311213 -0.757859 -0.032915 
-0.331834 0.755495 0.027279 
-0.492064 -0.645999 -0.034123 
0.598240 0.776696 -0.041259 
0.321546 0.945882 0.024068 
0.866986 0.489364 0.037043 
-0.122529 0.987539 0.024501 
0.078758 0.843490 -0.038056 
0.978728 -0.128625 0.037408 
-0.117833 -0.944508 -0.017403 
-0.952871 0.102198 -0.034845 
0.596433 -0.764611 0.040147 
-0.624126 0.761524 0.036694 
-0.763721 -0.588524 0.032022 
0.661184 0.507133 0.033806 
0.694917 0.703483 0.040873 
0.815404 0.265896 -0.041914 
-0.213288 -0.818833 -0.042081 
0.199155 0.930167 -0.042081 
-0.219721 0.813047 -0.035338 
0.352695 0.770521 -0.032177 
0.893995 0.378819 -0.042077 
0.474766 0.708537 -0.041036 
-0.917690 -0.148295 -0.042081 
0.419453 -0.692528 0.037215 
-0.008193 0.944450 -0.042081 
-0.831852 0.218247 -0.042041 
0.761857 -0.540372 -0.042081 
0.017196 -0.823356 -0.042081 
-0.768801 0.550096 -0.042058 
0.868952 0.033128 -0.042081 
-0.877444 -0.350256 -0.041832 
0.935219 0.157401 -0.042081 
0.841107 -0.238221 -0.042081 
-0.441183 0.757408 -0.041960 
-0.614751 0.596349 0.040829 
0.875951 -0.383817 -0.042081 
-0.366129 -0.849671 -0.042081 
-0.842851 -0.014900 -0.042081 
0.633456 -0.590305 -0.042081 
-0.892362 0.361205 -0.036404 
0.157659 -0.902249 -0.042032 
-0.753105 -0.419775 -0.042081 
-0.576827 -0.592723 0.040812 
-0.568181 -0.743548 -0.042081 
-0.806009 -0.216386 -0.042081 
0.755793 0.482718 -0.041967 
0.646159 0.603020 -0.042081 
-0.759325 0.410083 -0.042043 
-0.400019 0.879832 -0.042080 
-0.432774 -0.726348 0.037964 
-0.673362 -0.617286 -0.042081 
0.505237 -0.769505 -0.041978 
-0.641879 0.671738 -0.042081 
0.384418 -0.868033 -0.041958 
0.747616 -0.427384 -0.042050 
0.941884 -0.053599 -0.042081 
-0.139716 0.899697 -0.042081 
0.247934 -0.810235 0.040607 
-0.547620 0.782335 -0.042081 
0.636015 -0.699389 -0.041908 
0.381154 0.883968 -0.042081 
0.567817 -0.603411 0.040741 
0.939708 -0.198835 -0.042081 
-0.459505 0.694580 0.040788 
-0.692850 -0.441579 0.040812 
0.867319 -0.030913 0.040582 
0.804263 -0.178445 0.037111 
-0.914082 0.160032 0.039872 
-0.779890 -0.521675 -0.042081 
0.788575 0.552980 0.040880 
0.424629 0.739884 0.040880 
0.555452 0.814858 0.040859 
0.146163 0.871652 0.029634 
0.020940 0.880810 0.033613 
-0.037195 -0.917264 0.037889 
-0.657282 0.565194 -0.042043 
0.137873 -0.950775 0.040541 
0.273724 0.868053 -0.042081 
-0.071797 -0.861825 -0.042081 
0.574987 0.682834 -0.042081 
-0.170196 0.845849 0.040845 
0.271511 -0.854643 -0.041929 
-0.335247 0.880874 0.036185 
-0.925957 0.048351 0.040254 
-0.314293 0.827336 -0.042081 
0.875336 0.212779 0.009640 
0.337186 -0.865854 0.040716 
-0.227772 -0.774951 0.040879 
0.981061 0.136763 0.038414 
0.806859 0.310190 0.040880 
-0.784312 0.218659 0.039666 
0.512423 0.821335 -0.042081 
0.410136 -0.741214 -0.042081 
0.317320 0.821805 0.037796 
-0.945535 0.004606 -0.042081 
-0.015538 0.994551 0.036106 
-0.181768 -0.902002 0.040203 
0.222995 0.965292 0.040517 
-0.476261 -0.753240 -0.042081 
0.803751 0.404102 -0.041973 
0.780871 -0.580752 0.040538 
0.924942 0.352989 0.040241 
-0.519809 -0.754660 0.039003 
-0.584943 -0.640444 -0.042081 
0.061009 -0.840667 0.040771 
-0.211122 0.969566 0.036247 
0.607211 0.737094 0.040112 
0.714157 -0.405558 0.039556 
-0.957229 -0.133518 0.037874 
-0.803563 0.541000 0.040854 
0.096964 0.931533 -0.042081 
-0.932839 0.192192 -0.041933 
-0.724106 0.416103 0.040773 
-0.858412 0.292661 0.010857 
-0.217376 -0.922200 -0.039564 
-0.398634 -0.874352 0.037705 
0.519811 0.707622 0.040127 
-0.822251 0.008284 0.040861 
0.664812 0.709663 -0.042081 
0.724261 0.613383 0.035495 
0.964548 -0.031765 0.040839 
-0.813633 -0.379153 0.011436 
-0.877075 -0.087110 0.008235 
-0.900023 -0.234159 -0.042081 
0.871467 -0.351958 0.039313 
0.819104 -0.267947 0.040880 
0.357246 -0.766352 0.040798 
0.513501 -0.683587 0.039183 
0.204906 -0.798677 -0.041721 
-0.281750 -0.841807 0.008628 
-0.866058 0.079804 -0.042081 
0.868348 0.059480 0.040345 
-0.783304 -0.224876 0.040859 
0.646151 -0.678855 0.040880 
0.694427 -0.557117 0.008635 
0.408867 0.908958 0.037688 
-0.401665 -0.710983 -0.040946 
-0.863400 0.382945 0.040757 
-0.021182 0.859184 -0.042081 
0.823893 0.533792 -0.038941 
-0.004268 -0.916495 -0.042081 
0.906830 0.272593 -0.042044 
0.899298 -0.300014 -0.042081 
-0.893203 -0.339248 0.040839 
-0.256539 0.809373 0.040880 
-0.770821 -0.504683 0.040468 
0.180569 0.843619 -0.042081 
-0.399117 0.812010 0.007946 
-0.531401 0.780240 0.040526 
-0.801919 -0.313653 -0.042081 
0.927759 -0.198461 0.040823 
-0.718315 0.635729 -0.041908 
0.801884 -0.387350 0.009599 
-0.689258 -0.627555 0.040880 
-0.563235 0.711506 0.007946 
0.510433 -0.781642 0.040708 
-0.020566 -0.837421 0.040739 
-0.807012 0.327457 -0.042081 
0.618441 0.576095 0.040880 
-0.066508 0.920827 0.009607 
-0.527194 -0.661545 0.037511 
-0.395639 -0.793413 0.008430 
0.829824 -0.484860 -0.041828 
-0.770051 0.475032 0.008695 
0.903448 -0.115411 0.007964 
0.821477 -0.320026 -0.042081 
0.858374 0.397137 0.032411 
0.693496 0.532773 -0.042081 
0.737197 0.482752 0.036736 
-0.860341 -0.186456 0.008112 
-0.533090 0.626225 0.037564 
0.855637 0.124280 -0.042081 
0.079384 -0.887603 -0.042081 
-0.644721 -0.694369 -0.038231 
-0.683441 0.709680 0.027542 
0.197076 -0.893957 0.026215 
-0.648240 -0.561757 0.017538 
0.435952 0.803654 -0.042081 
0.803535 0.221057 0.039436 
0.619092 -0.544462 0.040880 
-0.836843 -0.131464 -0.042081 
-0.189739 0.959919 -0.038188 
-0.137510 -0.802572 -0.036346 
-0.914616 0.270526 -0.041926 
0.455865 -0.837645 -0.041126 
-0.853502 -0.268912 0.009632 
-0.731506 0.573277 0.026268 
-0.472436 0.852603 -0.036943 
-0.416989 0.898647 0.030880 
-0.839994 -0.426432 -0.042081 
0.777743 -0.501772 0.021560 
-0.593155 -0.556395 -0.036781 
-0.743873 -0.378863 0.040750 
0.724636 0.667477 -0.023011 
-0.295533 -0.787575 -0.042081 
0.874604 0.450056 -0.027068 
0.562828 -0.714918 -0.041943 
-0.238178 0.881819 0.007946 
0.870267 -0.170022 -0.042081 
-0.307580 -0.899040 -0.030699 
-0.592362 0.613573 -0.042081 
-0.098755 0.967299 -0.042033 
0.220383 0.881628 0.008634 
-0.613236 0.739202 -0.042077 
-0.951439 -0.083707 -0.036342 
-0.830346 0.158372 0.040739 
0.688356 -0.648805 -0.042081 
0.783840 0.331397 -0.041053 
-0.599893 -0.752814 0.034798 
0.614677 0.655183 0.013236 
-0.705785 -0.518301 0.008389 
0.461031 0.870954 -0.028803 
0.269525 0.946714 -0.035304 
-0.148194 0.828893 -0.028745 
-0.894615 -0.015797 0.008576 
0.889314 -0.421708 0.029006 
0.939428 0.051962 -0.042081 
-0.179532 -0.830127 0.032865 
-0.369266 0.761769 -0.041906 
0.697444 -0.485362 -0.042081 
-0.794217 0.378053 0.012147 
0.406986 -0.809954 0.012468 
0.281439 0.798517 -0.025419 
-0.829634 0.423863 -0.041942 
-0.470178 0.690804 -0.029941 
0.355988 0.759140 0.039686 
0.457914 -0.683388 -0.021992 
0.098904 -0.818258 -0.041913 
0.808133 0.452026 0.009742 
0.082475 0.843245 0.040880 
-0.394366 0.722934 0.028280 
0.499833 0.773312 0.007946 
-0.623742 0.527680 0.025367 
-0.871141 0.158454 -0.042016 
0.160855 0.982092 0.007376 
-0.434270 -0.833580 -0.042081 
0.917725 0.098982 0.010562 
-0.682128 -0.441586 -0.029218 
0.745748 -0.609147 -0.039458 
0.575140 -0.669534 0.009697 
0.036810 0.948850 0.038616 
-0.671832 0.631379 0.015045 
-0.127274 -0.874209 0.007946 
0.318783 -0.902333 -0.028665 
0.366280 -0.802297 -0.042081 
-0.726266 0.486907 -0.042081 
-0.915629 0.340213 0.032258 
0.734473 0.419075 -0.031267 
-0.336112 -0.902948 0.030896 
0.845531 -0.099614 0.040880 
0.827294 0.199237 -0.041439 
0.224513 -0.912467 -0.041916 
-0.731580 -0.582971 -0.042081 
0.404345 -0.881898 0.036418 
0.856187 -0.033222 -0.042081 
-0.178812 0.913424 0.014405 
-0.967287 0.100839 0.031295 
0.897156 0.292724 0.030327 
-0.817600 0.504254 -0.041450 
0.855429 0.319470 -0.041994 
0.532290 0.743173 -0.042081 
0.394620 0.823937 0.007946 
-0.358282 -0.764864 -0.042081 
0.291333 -0.756737 0.040039 
-0.882936 0.230148 0.015810 
0.882200 -0.267796 0.013445 
-0.749209 -0.353680 -0.042081 
0.028879 -0.890072 0.008641 
-0.630789 -0.638679 0.012540 
0.127694 -0.871729 0.007946 
0.036262 0.896035 -0.042081 
0.761052 -0.357455 -0.042044 
0.448958 -0.746420 0.014505 
-0.342805 0.911498 -0.040313 
0.930497 0.020091 0.015852 
0.860424 -0.203314 0.014933 
-0.624356 -0.497906 0.034925 
-0.922625 -0.188786 0.040880 
-0.463322 -0.649131 0.033260 
0.827486 0.009131 0.008016 
0.658302 -0.621612 0.009390 
-0.814568 -0.069694 -0.021449 
0.098485 -0.948383 -0.029880 
-0.329949 -0.798662 0.012436 
0.514177 0.857015 0.014095 
-0.855720 0.068036 0.029630 
-0.878328 -0.401435 0.017963 
-0.605752 0.656866 0.009208 
0.040949 0.981973 -0.024371 
0.301887 0.885526 0.014460 
0.123296 0.931435 0.019163 
-0.474381 0.751587 0.012619 
0.409152 0.742317 -0.024181 
-0.539763 -0.605770 -0.013817 
0.721651 -0.475830 0.036411 
0.937859 -0.133847 -0.042081 
-0.779701 0.267295 -0.022784 
-0.302369 0.935113 0.040880 
0.572338 -0.594412 -0.021886 
-0.771970 -0.260340 -0.011757 
-0.802542 -0.303645 0.023283 
-0.906876 -0.294618 -0.025234 
-0.805812 0.161713 -0.031504 
-0.105674 -0.923512 0.040880 
0.175292 -0.829725 0.039985 
0.977578 -0.001158 -0.029633 
-0.083614 0.871494 -0.042081 
0.692307 0.559865 0.020006 
-0.317501 0.821264 0.028176 
-0.893648 -0.052636 -0.042081 
-0.728234 -0.486434 -0.042081 
0.974714 0.196337 0.020563 
-0.667810 -0.555125 -0.042081 
0.278660 -0.868100 0.018568 
0.546404 -0.735211 0.017801 
0.315939 -0.815867 0.010517 
-0.201572 0.878866 -0.041981 
-0.536490 -0.690308 -0.042081 
-0.520536 -0.794186 -0.028008 
-0.060919 -0.944051 -0.041434 
0.516021 -0.624411 0.014724 
0.586483 0.617743 -0.037476 
-0.380178 -0.701298 0.018030 
-0.689441 0.527118 0.031510 
0.256254 -0.776902 -0.013501 
-0.122199 0.883565 0.014368 
-0.182121 -0.872163 -0.042081 
0.672870 0.636446 0.009398 
-0.525470 0.713848 -0.041983 
0.879075 0.151969 0.013528 
-0.748084 0.350931 -0.032397 
0.946040 0.225905 -0.041853 
-0.015626 0.832384 0.037914 
0.802194 0.372813 0.025850 
-0.582707 0.794558 0.007288 
0.808626 -0.446768 0.017983 
-0.224719 -0.862574 0.009467 
-0.799506 -0.165106 -0.008703 
-0.901235 0.103930 0.012912 
0.636741 -0.528739 -0.014463 
0.641938 -0.733093 0.007483 
0.704841 0.468218 -0.013518 
-0.285697 0.880119 -0.042081 
-0.573316 -0.701285 0.019451 
-0.767989 -0.453509 0.009342 
0.516694 0.671612 -0.019428 
-0.487896 -0.702711 0.019070 
-0.363852 -0.754123 0.040728 
0.339787 0.840965 -0.042081 
-0.820171 -0.481768 -0.023845 
0.133286 0.884607 -0.042081 
0.165081 0.815481 0.028868 
0.643207 0.550785 -0.014239 
0.788984 -0.270440 -0.009911 
0.972512 0.113739 -0.028576 
-0.039753 -0.812830 -0.032778 
0.922120 -0.345425 0.010536 
-0.698052 -0.393318 0.007304 
0.665360 0.741699 0.006753 
0.836665 0.083679 -0.002263 
0.704437 0.616250 -0.042081 
0.811873 -0.412450 -0.042030 
-0.759476 0.601735 -0.016102 
0.504543 -0.826939 0.004834 
-0.806776 0.295644 0.037478 
0.341719 0.923900 -0.027333 
0.750342 0.544308 -0.042081 
0.077095 -0.928118 0.040801 
0.814462 -0.331366 0.017307 
-0.068449 0.969459 0.040880 
-0.536440 0.829609 0.010889 
0.160591 -0.835702 -0.042056 
0.911608 -0.048819 0.008169 
-0.487343 0.791791 -0.042024 
-0.068198 -0.963211 0.022478 
-0.851412 -0.045327 0.038306 
0.375951 -0.715942 0.007815 
0.949903 -0.241154 0.003304 
0.984773 -0.079767 0.007840 
0.037255 0.832095 0.007300 
0.556311 -0.789583 0.002362 
-0.704829 0.434696 -0.031733 
0.888906 0.192070 -0.042081 
-0.516796 0.692661 0.040603 
-0.681316 -0.662244 -0.007445 
-0.445947 -0.677630 -0.013272 
-0.951508 0.205250 0.036147 
-0.823300 0.430904 0.034804 
-0.217538 -0.939404 0.015962 
-0.010900 -0.966019 0.023940 
0.460122 0.695840 0.034676 
0.560435 0.731211 0.008056 
-0.452877 -0.772457 0.011502 
-0.711342 0.471331 0.040862 
0.820788 -0.536128 0.008524 
0.264978 0.844787 0.027886 
0.587678 -0.645058 -0.041930 
-0.259899 -0.854097 -0.042081 
-0.421686 -0.767917 -0.042081 
0.757894 -0.367011 0.040805 
0.818788 -0.169389 -0.018949 
0.920177 0.328838 -0.040971 
-0.456654 0.813234 0.020628 
-0.715248 0.578608 -0.041965 
0.213729 -0.857434 -0.041998 
-0.727886 0.361860 0.027079 
0.023107 -0.800375 0.031912 
0.849437 0.265638 0.019070 
-0.274889 0.793916 -0.009712 
-0.074423 -0.857710 0.016123 
0.838873 0.540426 0.014573 
0.776754 0.627582 0.022334 
0.269634 0.922791 0.040838 
-0.882189 0.026364 -0.042081 
0.177679 -0.942490 0.002305 
-0.817971 0.055699 -0.027291 
0.828560 0.477643 -0.042054 
0.740474 0.666859 0.037981 
0.351350 0.887215 0.039844 
-0.971291 0.022001 0.021867 
-0.282690 -0.768453 0.040822 
0.866155 -0.435876 -0.026576 
0.084059 0.893229 0.012606 
0.900966 0.093080 -0.042081 
0.785278 0.270009 0.010193 
-0.796270 -0.540403 0.007348 
0.693600 -0.578148 -0.042081 
-0.587233 0.675615 -0.042081 
0.925959 0.211724 0.040140 
0.701659 -0.442804 -0.007950 
0.898581 0.431704 0.019097 
-0.184167 -0.778513 0.008164 
0.822530 -0.055889 0.017668 
-0.622178 0.700622 0.037357 
-0.046179 0.981087 -0.028382 
-0.828144 -0.153774 0.040727 
0.140328 0.967988 -0.041104 
-0.420850 0.810315 -0.041973 
-0.151082 -0.952840 0.024799 
0.046495 -0.935914 -0.042081 
0.873852 0.346203 0.021650 
0.772119 -0.475787 -0.042070 
0.712884 0.428381 0.022354 
-0.337510 -0.848913 0.034713 
-0.243124 -0.774556 -0.032867 
0.715598 -0.605212 0.040793 
-0.918474 -0.061830 0.036273 
0.598531 -0.753493 -0.017380 
0.457994 0.888192 0.024843 
0.563072 0.809142 -0.016187 
0.917700 -0.005454 -0.042081 
0.968487 -0.169783 0.004549 
0.613656 0.789045 0.028877 
0.501494 -0.707257 -0.041904 
-0.948645 0.155605 -0.000738 
0.130218 0.835812 -0.020687 
-0.133951 0.937159 0.037784 
0.806388 0.498780 0.035116 
0.613189 0.722595 -0.042081 
0.749273 0.525843 0.007946 
0.175635 0.921898 0.018296 
-0.363135 0.922867 0.019300 
-0.800210 -0.368399 -0.042081 
-0.562523 -0.780448 0.009186 
0.919771 -0.251062 -0.042081 
-0.861306 0.292110 -0.042073 
0.764780 0.437412 0.036326 
-0.190886 0.805090 0.014299 
0.329111 -0.852267 -0.042081 
-0.666118 0.505286 -0.038720 
0.568097 0.675608 0.036355 
0.225322 -0.846456 0.009576 
-0.131133 -0.890427 -0.042081 
0.471004 -0.657557 0.022284 
0.189039 -0.780771 0.026679 
-0.783306 0.592176 0.029729 
0.475612 0.761042 -0.042081 
-0.062426 0.876232 0.036818 
-0.701077 -0.569837 0.016530 
0.880076 -0.091156 -0.042081 
0.276179 0.786511 0.035181 
-0.663631 0.617088 -0.041986 
-0.365798 0.840311 -0.042006 
-0.314874 -0.839689 -0.042081 
-0.423786 -0.828732 0.040880 
0.423313 -0.860176 -0.007180 
-0.779723 0.468432 -0.042081 
-0.586560 -0.540712 0.012455 
0.844601 0.184647 0.040880 
-0.876565 -0.180187 -0.042081 
-0.247697 0.920968 0.040828 
0.737104 -0.384643 -0.003427 
-0.660994 0.569787 0.023334 
-0.491067 0.661335 0.007331 
0.937014 -0.084238 0.036335 
-0.519902 -0.605435 0.033900 
-0.011673 0.940691 0.022711 
-0.809788 0.482551 0.040859 
0.442483 0.793865 0.008910 
-0.167933 -0.936129 -0.026398 
0.354918 -0.901728 0.008282 
0.083189 -0.802705 0.004565 
0.502920 0.814493 0.040714 
-0.232554 0.919726 -0.042058 
0.860354 -0.148211 0.034190 
0.445841 -0.777970 -0.042081 
-0.803951 -0.035052 0.020572 
-0.900616 -0.131452 0.018408 
0.621502 -0.597293 0.034971 
0.789709 -0.224747 0.021848 
-0.817287 0.112684 -0.037873 
-0.641907 0.731988 -0.000452 
0.971087 0.087233 0.040837 
0.841005 -0.409790 0.037512 
0.757758 0.373760 -0.032638 
-0.939606 -0.172830 -0.003861 
-0.582947 0.585879 0.003128 
-0.571992 -0.651659 0.010782 
-0.286072 0.866853 0.007946 
-0.846955 -0.326363 0.018483 
-0.117222 0.828055 0.040570 
-0.922849 0.062795 -0.042081 
-0.868360 0.420230 -0.010481 
-0.399386 0.772818 0.039024 
-0.453532 0.873021 0.004574 
-0.426417 0.719984 -0.012381 
-0.832046 0.515875 0.008609 
-0.807370 -0.425826 0.027494 
0.684169 -0.679627 -0.003286 
0.309800 -0.919310 0.031642 
-0.322214 0.777451 -0.038846 
0.903679 -0.167219 0.010680 
-0.932658 0.232463 -0.012975 
-0.873942 -0.098131 -0.042081 
0.390241 0.822831 -0.042081 
-0.088722 -0.808229 -0.027675 
-0.868222 0.157048 0.009051 
-0.382274 0.864587 0.039421 
-0.832798 0.214666 0.032482 
0.330859 -0.735211 0.010786 
-0.042210 -0.799127 0.018895 
0.458214 -0.794167 0.020820 
-0.294474 -0.876454 0.040867 
0.870021 0.237230 -0.042028 
-0.729028 -0.610679 -0.001915 
0.693481 -0.515693 0.034848 
0.027604 0.846351 -0.038399 
-0.822442 0.331908 0.008832 
-0.771985 -0.337439 0.040714 
-0.838903 0.376020 -0.042076 
0.245337 0.828459 -0.042081 
0.632490 0.673224 -0.042081 
0.229586 0.892158 -0.042081 
0.094525 0.978781 -0.029059 
-0.590981 -0.688635 -0.042081 
-0.128899 -0.828130 0.040880 
0.807217 0.580523 0.005751 
-0.655269 -0.465690 0.004599 
0.846326 0.371269 -0.042009 
-0.671435 -0.507624 0.040561 
-0.805287 0.055888 0.035860 
-0.577194 0.744788 0.039921 
-0.912959 0.128257 -0.042081 
0.825005 0.168265 -0.004199 
0.943997 0.316590 0.015214 
-0.481216 -0.692973 -0.042081 
-0.818815 -0.504865 0.038134 
-0.736560 0.509462 0.007946 
0.882818 0.016985 0.020416 
-0.145460 0.969881 -0.022675 
0.362270 -0.739944 -0.039918 
-0.758287 -0.269785 0.038929 
0.081381 -0.891907 0.009784 
0.591402 0.595496 0.004624 
0.220679 -0.943423 0.027719 
0.322213 0.774580 0.004482 
0.734607 -0.531447 0.009143 
-0.956356 0.066373 -0.003595 
-0.820986 -0.270000 -0.042081 
0.749252 0.571459 0.021353 
-0.696868 0.675307 -0.026613 
-0.403521 -0.859816 -0.014572 
-0.956027 -0.044285 -0.009511 
-0.216607 0.835020 0.040880 
0.405730 -0.756480 0.031157 
-0.849659 0.114818 0.034128 
0.942671 0.167394 0.040783 
0.775996 0.316759 0.003311 
-0.853930 -0.368102 0.040880 
-0.729250 -0.355370 0.000698 
0.368142 -0.836793 0.020075 
-0.606225 -0.730947 -0.006530 
-0.242500 0.853746 -0.042072 
0.492951 -0.718457 0.015100 
-0.963485 -0.092977 0.008211 
-0.505274 -0.805004 0.040880 
-0.118219 -0.845049 -0.042081 
-0.928746 -0.014505 0.040838 
0.650438 0.684152 0.022670 
-0.894169 0.297201 0.040880 
0.707895 0.520345 0.039852 
-0.261533 -0.913544 -0.026556 
0.422918 0.890281 -0.006104 
0.895140 -0.311603 0.040736 
-0.433812 0.848679 0.040866 
0.402277 0.786586 0.035011 
0.847865 0.446885 0.040730 
-0.024922 -0.883584 0.007946 
-0.878546 0.218514 -0.041975 
0.991422 0.000541 0.020504 
-0.478372 -0.819673 -0.035706 
0.153324 -0.906893 0.037408 
-0.255796 0.959486 0.015012 
-0.889996 -0.224198 0.034903 
0.687035 -0.443354 0.037314 
0.641822 -0.647193 -0.042001 
-0.834700 -0.088646 0.040746 
0.545408 0.772053 0.024400 
0.095661 -0.962513 0.015676 
0.415187 -0.815267 -0.042081 
0.364121 0.930165 0.014422 
0.777646 -0.575223 -0.005394 
0.555549 0.640041 -0.011162 
-0.784926 0.423243 0.008157 
-0.935671 -0.228909 0.005415 
-0.571489 0.719240 -0.042016 
0.894601 -0.209377 -0.042081 
-0.578098 0.636407 0.040880 
0.600695 0.703509 0.009028 
0.123449 -0.871165 -0.042081 
0.415131 0.863267 0.040718 
-0.726046 -0.537105 -0.042081 
0.678622 -0.534509 -0.042081 
-0.484953 0.742899 -0.042081 
0.275082 -0.914319 -0.037088 
-0.636519 -0.588855 -0.042081 
-0.636869 -0.649238 -0.042081 
0.033575 -0.883798 -0.042081 
-0.530788 -0.716243 0.009653 
-0.224203 -0.819775 0.030253 
-0.753009 -0.308980 -0.032585 
-0.064474 0.936867 -0.042081 
-0.619487 0.554934 -0.018352 
0.857810 -0.318653 0.010209 
0.441953 0.720398 0.000757 
-0.024998 -0.875879 -0.042081 
0.874918 0.102707 0.027464 
0.564155 -0.772265 -0.040634 
-0.908184 0.320353 -0.024042 
-0.790257 -0.179908 0.040742 
-0.361325 -0.880988 0.000045 
0.928434 -0.291401 -0.008418 
0.689037 -0.661641 0.040880 
-0.718139 -0.391298 -0.037524 
0.748152 -0.435286 0.036518 
0.849599 0.497412 -0.003949 
0.913975 0.360355 -0.005941 
-0.770570 -0.461393 -0.042081 
0.246620 -0.765745 0.033490 
0.031505 0.916222 0.007946 
0.244186 -0.903671 0.040859 
-0.523690 -0.737993 -0.042081 
-0.795300 0.142148 0.015851 
0.153876 0.924430 -0.042081 
-0.768017 0.347734 0.040880 
0.679411 0.504845 -0.010067 
0.033069 0.993402 0.037964 
0.121100 0.823038 0.026291 
0.222197 0.847967 0.040313 
-0.426506 -0.673866 0.028857 
0.608633 -0.640137 0.009769 
-0.684053 -0.492003 -0.042081 
0.618485 -0.713685 0.040850 
-0.710930 0.528646 -0.042063 
-0.671232 0.669060 0.040742 
-0.378370 -0.831617 0.034852 
0.505396 0.662970 0.022565 
0.977238 -0.037231 -0.002128 
-0.871784 -0.268274 -0.042081 
-0.177088 -0.866632 0.007946 
0.778495 0.444731 -0.041967 
0.899985 0.056061 0.008746 
-0.168930 0.979761 0.027954 
0.078849 0.936382 0.020439 
-0.512549 0.726138 0.012159 
0.270173 0.958800 0.007124 
-0.318322 -0.747610 -0.035397 
-0.725000 -0.460391 0.017335 
-0.795175 0.212074 -0.002449 
-0.863741 0.013800 0.018848 
-0.803695 0.538277 -0.016454 
-0.923330 -0.196905 -0.042081 
0.946518 -0.158566 0.040840 
0.039339 0.939793 -0.042081 
-0.396150 -0.803564 -0.042081 
-0.771814 -0.396040 0.011695 
0.757523 -0.621018 0.023779 
0.775676 -0.270490 0.035946 
0.350885 0.856091 0.009120 
0.110352 -0.817520 0.040880 
-0.773253 0.260849 0.040185 
0.813881 -0.368912 -0.042081 
-0.764270 -0.565518 -0.008164 
-0.893461 0.378503 0.003529 
0.778167 -0.316325 -0.039908 
0.908241 -0.378795 0.034765 
0.907191 0.247398 0.023827 
0.600297 -0.557534 0.003928 
-0.684308 -0.670716 0.040083 
0.830095 0.086811 0.040563 
0.663260 -0.548992 0.037738 
0.294833 -0.818048 -0.041994 
-0.830852 -0.215268 0.021640 
0.969686 -0.112093 -0.016849 
0.962861 0.184056 -0.022233 
-0.251767 -0.881542 0.038423 
0.222422 0.958978 -0.020110 
-0.865549 -0.392093 -0.037851 
-0.350808 -0.731452 -0.011714 
0.849019 0.073289 -0.042081 
0.839231 -0.365876 0.010912 
-0.196220 0.873587 0.011896 
0.776817 0.341609 0.040880 
0.250041 -0.808442 -0.041959 
0.766370 -0.538582 0.040395 
-0.258769 -0.757319 0.007044 
-0.568624 -0.591380 -0.042029 
0.659246 0.587541 0.034780 
0.809279 0.236646 -0.001496 
-0.086600 -0.901845 -0.042081 
0.174758 -0.797779 -0.011556 
-0.616270 -0.598755 0.016056 
0.457177 -0.720992 -0.042026 
0.907752 -0.235669 0.035307 
0.858242 -0.288746 -0.042081 
-0.432875 0.776309 0.013070 
0.159920 0.954301 0.040774 
0.484764 0.740884 0.030809 
-0.740979 -0.533446 0.031372 
-0.508748 0.818044 0.040880 
0.303908 0.911568 -0.042081 
0.417762 -0.707211 -0.018040 
-0.442224 -0.850222 0.005269 
-0.818849 -0.001115 -0.010133 
-0.359029 0.785227 0.040741 
0.916190 0.392841 0.029494 
-0.500129 -0.629452 0.003826 
0.795747 0.575392 -0.038944 
-0.850869 0.456050 -0.025009 
0.673830 -0.707767 0.027921 
-0.946421 -0.131388 -0.006070 
-0.713471 0.677689 0.014959 
0.847048 0.422230 -0.042041 
-0.376878 0.901774 -0.014877 
0.938451 0.287939 -0.019230 
-0.861442 -0.143644 0.010149 
-0.664526 -0.599697 0.011039 
0.701053 0.653306 0.040721 
-0.235905 0.798011 0.004717 
0.023158 -0.853154 0.027222 
-0.012551 -0.952262 -0.022285 
-0.724614 -0.599903 0.040880 
0.791979 0.413613 0.015618 
-0.876550 0.435357 0.027431 
-0.891679 -0.339479 -0.000744 
-0.077883 -0.902904 0.017847 
-0.340449 0.850050 0.008790 
0.766877 -0.459406 0.008333 
-0.405819 -0.754345 0.018213 
-0.489674 -0.748705 0.011056 
-0.377199 0.747672 -0.000283 
-0.520934 0.816140 -0.041564 
-0.606141 0.760999 -0.007509 
0.634876 0.619748 0.025414 
0.527627 -0.802414 -0.030394 
0.013534 -0.937131 0.040880 
-0.930113 -0.101338 0.040880 
-0.668143 0.705163 -0.027292 
-0.181647 -0.791701 -0.031027 
-0.267898 -0.807566 0.027366 
0.785898 -0.312752 0.040792 
0.535870 0.700474 -0.042081 
-0.914319 -0.303732 0.038908 
-0.956492 0.152398 0.039740 
-0.821164 -0.176344 -0.042081 
0.355729 0.816500 0.019992 
0.845277 -0.474559 -0.003894 
0.697280 0.472965 0.040880 
-0.717228 0.410055 0.000510 
0.008356 0.985609 0.000690 
-0.714150 -0.624189 -0.037962 
0.971089 0.150766 0.000720 
0.967996 0.031227 0.040880 
0.722255 -0.529032 -0.042081 
-0.915460 0.224568 0.040880 
-0.174434 0.921711 -0.042053 
0.847537 0.317303 0.008983 
0.808045 -0.211482 -0.012381 
-0.798961 -0.426733 -0.042081 
0.078416 0.884323 -0.042081 
-0.798741 -0.469200 0.040880 
-0.552189 0.617668 0.002388 
0.824791 0.048098 0.020101 
0.090418 0.838111 0.000756 
0.815346 -0.113980 0.017366 
-0.280893 0.777332 0.033824 
0.052691 -0.843531 -0.042081 
-0.730465 0.638082 -0.003088 
0.965908 -0.206745 0.021477 
0.717523 0.577685 -0.042081 
0.591600 0.617096 0.040880 
-0.837083 -0.345066 -0.042081 
0.180895 -0.935630 -0.037674 
0.557571 0.776349 -0.042081 
-0.919389 -0.266155 0.001621 
-0.219930 0.954912 -0.011454 
0.380053 0.751387 0.002629 
-0.703522 0.610273 0.029104 
-0.900942 0.036828 0.010470 
0.650631 0.725305 0.040801 
0.810904 -0.528382 -0.030020 
0.821280 -0.507766 0.040880 
-0.016436 0.887842 0.019627 
-0.324136 0.867340 -0.042081 
-0.023579 0.843405 -0.004892 
0.840972 0.365222 0.007946 
-0.904262 -0.007443 -0.042081 
-0.771267 0.516678 0.027096 
0.229544 0.921766 0.037087 
-0.487927 0.846647 -0.000268 
-0.687878 0.438928 0.036399 
0.542612 -0.620729 -0.015349 
0.698655 0.599067 0.007972 
0.262646 0.879870 0.007946 
0.687495 0.652589 -0.042081 
0.134577 -0.935030 -0.042081 
-0.613697 -0.548639 0.040865 
-0.206696 0.926562 0.040004 
-0.105632 0.927855 -0.042081 
0.887092 -0.396179 -0.001734 
0.492018 -0.659789 -0.011690 
0.934918 0.114775 -0.042081 
0.206293 0.820609 -0.021954 
-0.684682 0.469138 -0.033542 
0.454682 -0.710977 0.040784 
0.183179 0.859802 0.038660 
0.940033 0.063089 0.034390 
0.557189 -0.771490 0.040877 
-0.841492 -0.235840 -0.042081 
0.933011 0.129983 0.031082 
-0.623668 -0.669132 0.037131 
-0.757977 0.395233 0.040770 
-0.780247 -0.209919 0.004138 
0.721351 0.690920 0.012744 
0.875271 -0.066820 0.025488 
0.979421 0.083976 0.001771 
0.185778 -0.860417 0.008280 
-0.651169 0.515293 -0.000473 
0.878597 -0.251173 -0.042081 
0.639467 0.750017 -0.030794 
-0.570141 0.673284 0.015541 
0.895905 0.152915 -0.042081 
-0.176073 -0.832029 -0.042081 
-0.255540 0.847085 0.023296 
0.839539 -0.235138 0.032905 
0.849686 0.163244 -0.042081 
-0.767422 0.304270 -0.016888 
0.341826 0.885919 -0.042081 
0.216266 -0.788066 -0.000730 
0.538543 -0.697535 0.009850 
0.461115 0.834007 -0.042081 
-0.912594 -0.087022 -0.042081 
-0.467597 -0.794121 0.040880 
-0.870552 -0.291605 0.036660 
0.856243 0.280326 -0.041977 
0.408092 -0.836815 0.040874 
-0.650965 -0.696779 0.001893 
-0.888391 0.191568 0.012838 
0.315312 0.808550 -0.042081 
-0.363746 0.801314 -0.041953 
0.909176 -0.166981 -0.042081 
-0.058047 0.842731 -0.035741 
0.953950 0.236855 0.000080 
-0.094813 0.976843 -0.004448 
-0.926334 0.123089 0.040880 
0.531359 -0.648823 0.040854 
0.774460 0.471480 0.009057 
0.611319 -0.556791 -0.033352 
-0.788954 0.180432 0.034439 
0.975357 0.065798 -0.036910 
0.375459 -0.787351 0.012609 
0.185954 0.966441 -0.030906 
0.179011 -0.939252 0.040880 
0.062417 0.991691 0.006366 
-0.720509 -0.409716 0.040777 
0.483974 0.688569 0.002988 
-0.003067 -0.806588 0.004118 
0.665232 0.566065 -0.042081 
0.136146 -0.806187 -0.037138 
-0.593775 0.564317 0.035815 
-0.868177 0.331655 -0.042081 
-0.801359 0.397598 -0.041996 
-0.837256 0.367182 0.013755 
-0.551817 -0.733225 0.039870 
-0.626877 0.621025 0.014002 
-0.934907 -0.049546 -0.042081 
-0.716755 -0.644184 0.019938 
-0.013355 0.896726 -0.042081 
0.906510 -0.349884 -0.024170 
-0.841483 -0.444407 -0.006826 
0.839735 0.233453 0.040654 
-0.410743 -0.699286 -0.004919 
0.798648 0.501477 -0.042035 
0.846915 0.011257 0.040880 
-0.621119 -0.530334 -0.037639 
-0.624743 0.633824 -0.042074 
0.400664 -0.779954 -0.042081 
-0.815282 0.258516 0.039809 
-0.785796 0.359159 -0.042081 
-0.135144 0.820646 0.006099 
-0.749537 0.605803 0.040880 
0.965185 0.229291 0.037840 
-0.748237 0.518088 -0.042081 
-0.005015 0.981818 -0.035702 
-0.812013 0.272304 -0.042081 
0.734472 -0.470945 -0.042081 
-0.945869 0.146941 -0.039187 
-0.193174 -0.795629 0.040824 
-0.320614 -0.769233 0.040748 
0.457217 -0.844144 -0.001642 
0.309102 0.935474 -0.011866 
0.969996 -0.081425 -0.039120 
0.637688 -0.511551 0.038867 
-0.331870 -0.798157 -0.042081 
0.932116 -0.096471 -0.042081 
0.325551 0.784277 0.040880 
0.728105 -0.572983 0.025490 
-0.433662 -0.732089 -0.042081 
-0.878167 -0.135665 -0.042081 
0.171225 0.828414 -0.006020 
-0.928928 0.286971 0.005919 
-0.844929 -0.052484 -0.042081 
0.914174 0.185437 0.015926 
-0.865592 0.324397 0.029755 
0.403354 0.784959 -0.042081 
0.803758 -0.241284 -0.039555 
-0.098719 0.860719 0.040880 
-0.560545 -0.567541 0.015902 
0.930627 -0.122023 0.032971 
-0.663277 0.501939 0.040846 
-0.129353 0.858430 -0.042081 
-0.809896 -0.109078 -0.028809 
-0.849655 0.245885 0.008944 
-0.092591 0.837810 -0.013233 
-0.454849 0.736393 0.040706 
0.664043 0.547175 0.040880 
-0.456430 -0.692795 0.040765 
0.853399 -0.136763 -0.042081 
-0.858042 0.123546 -0.042081 
0.846531 -0.278087 0.010070 
0.209918 -0.931920 -0.013728 
-0.674735 -0.429460 0.010663 
0.803641 0.259431 0.040741 
-0.191871 0.836769 -0.041918 
-0.811144 0.119679 0.040863 
-0.491261 -0.672467 0.040748 
0.277604 -0.832070 0.009517 
0.550042 -0.675236 -0.042027 
0.130521 0.984981 0.039101 
0.125605 0.976463 -0.002779 
-0.858492 -0.422977 0.040761 
-0.218834 -0.901458 0.040880 
0.670829 -0.607381 -0.042081 
-0.446132 -0.798483 -0.042081 
0.480232 -0.766230 0.010593 
0.284153 -0.803057 0.038706 
0.387642 0.739831 0.036913 
-0.057359 -0.824707 0.040857 
0.621766 0.574821 -0.032364 
0.617371 0.637511 -0.042081 
-0.340024 -0.883747 -0.039489 
-0.533198 -0.802487 0.016863 
-0.801355 0.566163 0.010851 
-0.377229 0.841428 0.011024 
0.669844 -0.487731 -0.015860 
0.838464 -0.022424 -0.007322 
-0.114263 0.920183 0.011799 
-0.314856 0.926297 -0.016479 
0.438894 0.760287 -0.042081 
-0.660991 -0.460221 0.040456 
0.574414 -0.639336 0.037076 
-0.794714 -0.344387 0.012749 
-0.619684 0.703102 -0.042081 
0.826608 0.404072 0.008409 
0.194378 0.877544 -0.042081 
0.486568 -0.817693 -0.041925 
-0.652909 0.724859 0.040877 
-0.702531 0.560488 0.007946 
0.802774 -0.288598 -0.042081 
0.581255 0.740416 -0.042081 
0.838706 0.045630 -0.020532 
-0.298856 -0.915954 0.009894 
-0.272463 0.832895 -0.042081 
0.278293 -0.782866 -0.041935 
-0.338252 -0.723169 0.035323 
0.609400 -0.724288 -0.041916 
-0.957658 0.023165 -0.013157 
0.848350 -0.073265 -0.042081 
-0.143485 -0.799648 -0.000541 
-0.142977 -0.921273 0.040880 
0.909330 -0.274544 0.040742 
0.326728 -0.789408 -0.042081 
-0.496347 0.789682 0.021876 
0.570957 -0.577003 0.012569 
0.874287 -0.448512 0.009831 
-0.448529 0.693190 0.006325 
0.970635 -0.067441 0.040839 
0.385943 -0.883784 0.003392 
-0.103565 0.960889 0.040862 
0.486607 0.795347 -0.042081 
-0.488077 0.719813 0.037756 
-0.047269 -0.951338 -0.004251 
0.840071 0.012590 -0.034658 
0.061539 -0.812779 -0.025714 
-0.561649 0.799643 0.040874 
0.733307 0.638291 -0.042081 
0.428470 0.882384 -0.040696 
-0.310817 0.779428 -0.004850 
0.837480 0.516017 0.040855 
-0.736246 0.376030 -0.009633 
0.142086 -0.944833 -0.001611 
-0.438817 0.864344 -0.041303 
0.029938 0.842169 0.040880 
0.911292 0.237083 -0.042081 
0.369092 -0.886121 0.040869 
0.801471 -0.545500 0.040880 
-0.217166 -0.879279 -0.042081 
0.257724 0.804236 0.000724 
-0.045943 -0.904833 -0.042081 
-0.772746 -0.546704 0.040880 
-0.513139 0.764797 -0.042081 
-0.632550 -0.726820 0.024779 
0.155295 -0.798593 0.040880 
0.639596 0.533243 0.016538 
0.809054 0.300932 -0.041921 
-0.212473 -0.783833 -0.012738 
0.788954 0.599580 0.040571 
0.712790 -0.622261 -0.042081 
-0.710283 -0.368588 0.035170 
-0.799876 -0.078369 0.020254 
-0.579418 0.782646 -0.026218 
-0.945440 -0.118997 -0.039341 
0.692290 -0.592450 0.011411 
0.865236 -0.349975 -0.042081 
-0.579118 0.600982 0.040880 
0.355696 -0.887903 -0.036014 
-0.601442 -0.697517 0.040658 
0.320650 0.914694 0.040825 
0.928881 0.194931 -0.042081 
0.814088 0.349776 -0.041954 
-0.164707 -0.902963 -0.042081 
0.846797 -0.196470 -0.042081 
0.696845 0.696082 -0.035946 
0.773691 -0.403804 0.023111 
-0.054808 0.989376 0.004835 
-0.819239 -0.266955 0.017831 
-0.763444 -0.242202 0.017437 
-0.546562 -0.680978 0.008767 
0.351730 -0.729430 0.038584 
0.541601 0.829759 0.002622 
0.043427 -0.914093 0.029723 
-0.877182 -0.371307 -0.003831 
0.392005 0.904054 -0.015258 
-0.796220 0.221595 -0.036171 
0.824633 -0.022521 0.028062 
-0.065050 0.901896 -0.042081 
-0.738957 0.447332 0.035642 
0.194400 0.940986 0.040740 
0.908128 0.028130 -0.042081 
0.847087 0.120212 0.040880 
-0.873892 -0.315544 -0.042081 
0.151801 0.898618 0.007946 
0.533535 0.672434 0.040880 
-0.627429 0.599098 -0.042043 
-0.844691 0.260273 -0.042027 
-0.498788 0.672528 -0.037569 
0.318921 -0.850703 0.015318 
0.907161 -0.053080 -0.042081 
0.888345 0.344573 -0.042052 
-0.293943 0.915815 -0.042081 
-0.546561 -0.624658 -0.042081 
0.655269 0.639874 -0.042081 
-0.861957 -0.222421 0.008226 
-0.753166 0.546779 0.031462 
0.514501 0.735013 0.014098 
0.548874 0.700466 0.021849 
0.585476 0.809847 0.024402 
0.945166 -0.003136 0.039496 
-0.845429 -0.120560 0.032814 
0.775838 0.297094 0.032966 
0.868094 -0.236686 0.008057 
-0.453396 -0.736164 0.012009 
0.294535 -0.913091 0.001262 
0.585684 0.772630 0.040775 
-0.670871 -0.667749 -0.039906 
0.518607 -0.755692 0.018740 
-0.278048 -0.762979 -0.021041 
0.739773 0.406304 0.000372 
-0.364043 0.808539 0.015785 
0.116807 -0.923489 0.040758 
0.286950 -0.895194 0.040775 
0.870783 0.290577 0.008270 
0.490526 0.869651 0.035662 
0.571725 -0.738523 0.040822 
0.601247 0.782294 -0.002432 
0.770156 0.346772 -0.013558 
0.754629 0.647506 0.005249 
-0.553236 -0.771498 -0.022613 
-0.550678 -0.618948 0.040772 
-0.798002 0.439411 -0.042010 
0.111547 0.955215 0.040876 
0.181694 0.980570 0.034530 
0.084577 -0.854495 0.020112 
-0.685431 0.590140 0.007946 
-0.938852 -0.221140 0.038591 
-0.817753 -0.031791 -0.026092 
-0.422493 0.880947 -0.007413 
0.463792 0.767685 0.014310 
0.944494 0.259848 -0.038158 
0.794870 -0.358159 0.025899 
0.733549 -0.396700 -0.036898 
-0.642973 0.670519 0.021653 
0.278096 -0.756590 0.008584 
-0.369201 0.742777 0.039955 
-0.136009 -0.794788 0.040562 
0.043692 -0.953878 0.040880 
-0.813807 0.039433 0.002364 
-0.377040 -0.736413 -0.042081 
-0.602070 -0.597685 -0.042081 
-0.678751 -0.538742 0.011433 
0.781370 -0.431694 -0.042005 
-0.970307 -0.016854 0.012232 
0.508782 0.768525 -0.042081 
-0.187562 0.962545 -0.004377 
0.936014 0.285165 0.040842 
-0.901530 0.370484 0.038154 
0.866750 -0.387975 0.040816 
0.196845 0.816670 0.040609 
-0.407674 0.841523 -0.042034 
0.836011 -0.436914 -0.041979 
0.435660 -0.814117 0.036276 
0.251103 0.918280 -0.042081 
-0.690272 -0.529817 -0.042081 
0.151104 -0.845280 0.022187 
-0.908033 0.161712 -0.042014 
-0.152821 0.871442 0.022012 
-0.761248 -0.304163 0.040828 
0.905439 -0.345644 0.040716 
0.825324 -0.136497 -0.022923 
-0.015838 -0.843403 -0.042081 
0.897423 -0.212547 0.013021 
0.804590 0.204767 0.008478 
0.838323 -0.172844 0.040880 
0.912642 0.149975 0.011070 
0.065828 -0.951271 -0.015015 
0.883656 0.454609 0.038797 
0.732712 -0.628984 -0.015567 
-0.359857 -0.813802 0.009221 
0.339458 -0.794609 0.021815 
-0.255300 0.894501 -0.042081 
0.252051 0.816548 0.040776 
-0.068693 -0.810382 -0.000768 
-0.392954 0.739839 -0.032587 
-0.770290 -0.383647 -0.042081 
-0.366283 -0.889541 0.036980 
-0.668722 0.651612 -0.042007 
0.731332 0.406306 0.039556 
0.842634 -0.387235 -0.042081 
0.733541 0.457694 -0.041920 
-0.472952 -0.658880 -0.007125 
-0.785334 -0.242582 -0.039905 
0.432536 -0.777076 0.007946 
-0.803112 0.176673 -0.001767 
0.483667 -0.741324 -0.041991 
-0.817536 -0.396897 -0.042081 
-0.754602 -0.558860 -0.042081 
0.483971 -0.677495 -0.041918 
0.844782 -0.066301 0.040880 
0.187392 0.886245 0.009222 
-0.098682 -0.956014 0.039167 
-0.891354 0.102948 -0.042081 
0.295071 -0.883204 -0.042008 
0.770528 0.613859 -0.007313 
-0.337935 0.919856 0.040784 
-0.507697 0.758870 0.008889 
0.827915 -0.502164 -0.010304 
0.312721 -0.786223 0.040708 
0.685056 0.715289 0.002581 
-0.814035 -0.509296 0.005592 
-0.362267 -0.777555 0.017286 
-0.180293 -0.944965 0.038390 
0.822691 -0.136165 0.040880 
-0.946130 0.039220 -0.042081 
-0.596764 0.710245 0.018434 
0.040354 -0.805830 0.004215 
0.963809 -0.147603 -0.026863 
-0.245263 -0.834780 0.009668 
-0.322089 0.783998 0.040880 
0.480892 0.807198 0.017213 
-0.542452 0.740052 0.010480 
-0.917520 0.236959 -0.041913 
-0.679241 0.540697 -0.042040 
0.108033 -0.903728 -0.042081 
0.533879 -0.814766 0.013310 
0.219426 -0.782626 0.040879 
-0.427788 -0.793332 0.015196 
-0.890408 -0.371626 0.036085 
-0.828725 0.473357 -0.042020 
-0.880297 0.062669 0.008520 
0.894800 0.122422 0.008763 
-0.786015 0.513171 -0.042081 
0.791840 -0.554888 -0.033128 
-0.699931 -0.561667 -0.042081 
-0.696248 0.435009 0.003914 
-0.485380 -0.788293 -0.042081 
0.816030 0.572493 0.036278 
0.660320 -0.649881 0.030356 
0.062379 0.916535 -0.042081 
-0.217679 0.798410 0.031907 
0.623650 -0.745955 0.039039 
0.711797 0.505640 -0.042051 
0.742114 -0.353566 0.005488 
0.636151 0.756776 0.001019 
0.700643 -0.452937 -0.039528 
0.590704 -0.559862 0.036134 
-0.884906 0.259566 0.029729 
0.562610 -0.624241 -0.041954 
0.897999 -0.118349 -0.042081 
-0.468417 0.818291 -0.041940 
-0.858532 0.204069 0.009321 
0.504937 0.720716 -0.042081 
-0.134638 0.942627 -0.042081 
-0.491012 -0.770459 0.035222 
-0.449300 -0.699211 -0.042081 
0.886614 0.410453 -0.041412 
-0.798074 -0.253781 0.040743 
0.192876 -0.882221 -0.041969 
0.816447 -0.302594 0.032053 
0.327383 -0.753814 0.040774 
0.055156 -0.800782 0.036536 
-0.070790 -0.936696 0.040880 
-0.912608 -0.304282 0.005128 
-0.455814 0.872355 0.039943 
0.812311 0.184766 0.039221 
-0.836578 -0.083719 -0.042081 
-0.868567 0.388858 -0.042057 
0.860814 -0.453519 0.040875 
0.002919 0.968484 0.040786 
-0.736051 0.553932 -0.042017 
0.718750 -0.415577 -0.010694 
-0.270767 0.901197 0.030030 
0.308515 0.848780 -0.042081 
0.381917 0.858428 0.017501 
-0.620045 -0.509511 0.005180 
0.066305 0.983589 0.040869 
-0.894695 -0.187475 0.024920 
-0.833555 0.041331 0.040805 
0.528798 0.646831 0.007511 
0.975715 -0.032500 -0.036537 
-0.728355 0.402707 -0.037606 
0.833564 0.112527 -0.021918 
-0.762387 -0.484447 0.015830 
0.828326 0.472321 0.040397 
-0.293381 0.947088 0.009239 
-0.566590 -0.761632 0.040880 
-0.447691 -0.850785 0.036815 
0.606830 -0.608088 -0.041990 
0.768818 -0.509125 -0.042081 
-0.750967 0.584871 -0.041944 
-0.956259 0.184091 0.012612 
0.235484 -0.882408 -0.041955 
-0.293848 -0.872491 -0.042081 
0.924865 0.315916 0.040833 
0.146961 0.852687 -0.042081 
0.267078 0.958386 0.038947 
-0.774065 0.238972 0.016913 
0.242341 -0.839405 -0.041976 
-0.892870 0.399337 0.027710 
0.889309 -0.013414 0.013458 
-0.066602 -0.827204 -0.042081 
0.811841 0.343264 0.032744 
-0.913473 0.071712 0.022590 
-0.486308 0.666022 0.038440 
-0.829091 0.180661 -0.042057 
-0.921763 0.017124 0.035844 
-0.192071 0.819038 -0.015528 
0.884757 -0.019282 -0.042081 
-0.364368 -0.796047 -0.042081 
0.657090 -0.675041 -0.041989 
0.083479 -0.851280 -0.042081 
-0.831551 0.085312 0.040780 
0.294573 0.942678 0.040880 
0.707226 -0.656159 -0.017667 
0.120795 0.884820 0.015883 
-0.366043 0.889640 -0.042072 
0.143729 0.839728 0.040880 
-0.877659 -0.251474 0.024566 
-0.850522 0.026855 -0.042081 
0.796822 0.276890 -0.018775 
0.942558 -0.226409 0.040859 
-0.783413 0.568662 -0.015058 
-0.083844 0.939451 0.028341 
0.052543 0.892432 0.014519 
0.977317 0.030094 -0.034156 
-0.589755 0.785326 0.039793 
-0.455996 0.716231 -0.042064 
-0.146445 -0.895957 0.020349 
-0.794352 0.347464 0.023580 
-0.056601 0.845543 0.040880 
-0.684900 0.586885 -0.041992 
0.066198 0.973701 -0.041709 
0.925481 -0.319816 0.040428 
0.118407 -0.807228 -0.008779 
-0.785335 0.291453 -0.042081 
0.070403 0.872230 0.040262 
0.489058 -0.831194 0.040724 
0.105712 0.864291 0.040880 
-0.394042 -0.736009 0.040738 
-0.744661 -0.433441 0.015215 
-0.769666 -0.366264 0.028263 
0.651899 -0.574073 0.022869 
-0.762313 -0.491577 -0.042081 
0.948471 -0.011130 -0.042081 
0.873056 0.478453 0.008355 
0.174978 -0.807775 -0.042080 
0.883128 0.414286 0.040819 
-0.819530 0.025372 -0.034645 
-0.703575 -0.421900 -0.040556 
-0.804897 0.451746 0.020565 
0.887732 0.422725 -0.008778 
0.019689 -0.952890 -0.005769 
-0.944527 -0.166544 0.040880 
-0.858162 -0.205391 -0.042081 
-0.505333 -0.632140 0.040866 
0.562701 0.642031 -0.041471 
-0.553264 -0.664043 -0.042081 
0.880404 0.248202 0.007946 
0.777300 0.401672 0.040351 
-0.791895 -0.139990 0.008052 
-0.240067 -0.923610 0.001393 
-0.588204 -0.719711 -0.042081 
0.514580 -0.735486 -0.041904 
-0.582967 -0.722541 0.040880 
0.723472 -0.569478 -0.042081 
-0.832964 -0.311893 -0.042081 
-0.823632 0.405677 0.016665 
-0.249210 0.803373 -0.034620 
-0.106754 -0.925455 -0.042081 
-0.791780 -0.280468 -0.042081 
-0.624515 0.554606 0.040717 
0.700651 -0.632341 0.040880 
0.490439 0.696692 0.040880 
-0.896105 -0.274635 0.040819 
-0.288070 0.826938 0.035896 
0.821217 0.447588 -0.042024 
-0.753986 0.630496 0.015425 
-0.925811 -0.231271 -0.023734 
-0.556523 0.746225 -0.042032 
0.652689 0.755667 0.035695 
0.229705 0.861319 -0.042081 
-0.729234 -0.489449 0.007946 
-0.183445 -0.935488 0.000209 
-0.918119 0.318033 0.005024 
-0.306832 0.892623 0.038038 
0.434865 -0.734508 0.039374 
0.979212 -0.097961 0.040191 
0.770344 -0.293226 0.005076 
-0.433269 0.714436 0.040880 
0.282444 0.823018 0.040880 
-0.888383 0.189356 -0.041970 
-0.834937 -0.357689 0.019030 
0.721586 0.570288 0.007946 
-0.577250 -0.754417 -0.013859 
0.649947 -0.564360 -0.042081 
0.105222 0.901921 -0.042081 
0.084526 -0.923531 -0.042081 
0.972138 -0.174802 0.035880 
0.479647 0.861302 -0.006353 
-0.259398 -0.884798 -0.042081 
-0.860226 0.426156 -0.040694 
-0.841173 -0.016508 0.040790 
-0.736979 0.471792 0.017232 
-0.815476 -0.061841 0.040857 
0.759567 -0.570926 -0.042081 
0.326474 -0.820036 -0.042081 
0.673521 0.671405 0.038206 
-0.550882 0.625415 -0.027185 
-0.861131 -0.406522 -0.011251 
-0.656851 -0.520355 -0.042081 
0.878850 -0.099478 0.016682 
-0.682441 -0.586721 -0.042081 
0.944325 -0.258191 0.040632 
-0.340934 0.917940 -0.001075 
-0.113482 -0.805158 -0.001764 
-0.802585 -0.530721 0.038111 
0.974997 -0.139979 0.005650 
-0.441715 0.787927 -0.041918 
-0.768359 0.272713 0.005022 
-0.332485 -0.890781 -0.001745 
0.804556 -0.467762 -0.041987 
0.781343 0.526578 -0.042045 
-0.033298 0.952337 0.040733 
0.753172 0.581724 -0.042081 
-0.264721 0.926387 -0.042081 
-0.731065 0.446102 -0.042081 
0.104874 0.858557 -0.042081 
0.127673 -0.841047 -0.042081 
-0.566915 0.652996 -0.042081 
0.155388 -0.884096 0.010048 
0.716475 -0.435790 0.040880 
0.535084 -0.701640 -0.041934 
0.518383 0.840577 0.040867 
-0.907076 -0.101917 0.020701 
0.441576 0.765751 0.034836 
0.791630 0.376345 -0.041939 
0.879642 -0.323348 -0.042081 
-0.643328 0.594079 0.019699 
0.247468 -0.879750 0.022631 
-0.926093 0.286198 0.040339 
-0.716636 0.533743 0.008361 
0.437839 0.825775 0.013230 
-0.141165 -0.936173 -0.040413 
0.817530 -0.203632 -0.040021 
-0.753904 0.380374 -0.042069 
-0.302699 -0.796088 0.025054 
-0.003517 -0.861594 0.016037 
-0.889803 -0.059815 0.008109 
0.575889 -0.699606 0.010356 
0.948968 -0.219423 -0.022247 
0.704515 -0.679008 0.021898 
0.969453 0.143288 -0.032923 
-0.526846 0.633182 0.006665 
-0.269752 -0.825743 -0.042081 
-0.826198 -0.453082 -0.042056 
0.542398 -0.672312 0.025644 
0.638660 -0.720829 -0.021110 
-0.519339 0.652658 0.040846 
0.757729 0.340733 0.013038 
-0.156590 -0.783339 0.022039 
-0.709662 -0.462924 -0.042081 
0.017291 0.919511 -0.042081 
-0.242150 -0.810999 -0.042081 
0.880865 0.317465 0.017257 
-0.781840 -0.179934 0.012045 
-0.696667 0.497383 0.040874 
-0.088386 -0.820632 0.040880 
-0.441317 0.832105 -0.041954 
0.564942 0.617407 0.005927 
0.813238 0.221134 -0.026685 
-0.706594 0.660239 0.040841 
0.880967 -0.134711 0.011372 
-0.106894 0.890129 -0.042081 
0.579551 -0.784019 0.020188 
-0.110999 -0.851249 0.017760 
-0.558428 0.692456 -0.042003 
-0.596895 0.579650 -0.022426 
0.308153 0.839630 0.015828 
-0.803131 -0.509067 -0.028472 
0.818049 0.538523 0.040834 
-0.628951 -0.712138 -0.010854 
-0.464042 -0.668934 -0.039411 
-0.495193 -0.729780 -0.042081 
-0.884963 0.270760 -0.041980 
-0.646014 0.526885 -0.035802 
0.383553 -0.860245 0.040840 
-0.097863 -0.877908 0.007946 
-0.811137 0.131605 -0.006861 
0.526141 0.795082 -0.042081 
-0.542402 -0.586307 0.036194 
0.930828 -0.278136 -0.037413 
-0.823035 0.299788 -0.042081 
0.787015 0.514336 0.019007 
-0.166952 0.811200 0.030614 
0.829047 -0.436762 0.039562 
-0.478712 0.814505 0.040249 
0.820364 0.544493 -0.011626 
0.521793 0.789689 0.026110 
-0.053057 0.842061 -0.004071 
-0.392003 -0.774342 -0.042081 
-0.017012 0.861713 0.040880 
-0.345007 -0.829092 -0.042081 
0.402675 -0.716516 0.040734 
0.761886 0.368598 0.040880 
0.948483 -0.271323 0.011992 
0.937004 -0.028765 0.027499 
-0.667082 0.711128 0.001522 
0.025584 -0.855472 -0.042081 
-0.163064 0.940250 0.040708 
0.898266 0.365383 0.040793 
-0.397807 0.903103 0.005753 
0.483279 -0.844663 0.014786 
0.713964 0.540710 0.014682 
0.834633 -0.072584 -0.016117 
-0.310116 -0.834238 0.009278 
-0.599570 0.560042 0.007347 
-0.832258 0.513430 0.037842 
-0.413151 0.741596 0.040880 
0.661582 -0.505679 -0.037508 
-0.828506 -0.442222 0.040880 
0.594076 -0.616368 0.039952 
0.381751 -0.827162 -0.042081 
-0.498805 -0.807894 -0.013976 
-0.742840 0.330393 0.009060 
0.839468 -0.509471 0.018010 
0.429031 -0.857256 0.040880 
-0.537654 0.699830 0.016019 
0.795418 -0.496955 -0.042064 
-0.967549 -0.062534 0.010173 
0.723641 -0.380254 0.022120 
0.378255 0.921538 0.038445 
0.056104 -0.877434 0.008115 
-0.655981 0.546953 0.040775 
0.011370 -0.912489 0.025430 
-0.828457 0.303394 0.009807 
0.731686 0.440760 0.040880 
-0.921600 0.023493 -0.042081 
0.834454 -0.266589 -0.042081 
-0.502762 -0.673377 -0.042081 
0.650867 0.655514 0.008763 
-0.401216 0.766139 -0.041933 
0.978310 0.011842 -0.003599 
-0.027354 -0.949009 0.040880 
0.447994 0.721539 0.040880 
-0.497301 0.837536 -0.036649 
0.500285 -0.637962 0.035071 
0.903544 -0.372774 0.003417 
-0.031806 -0.930210 -0.042081 
0.988779 0.056084 0.036791 
-0.360854 0.893754 0.040750 
0.920466 -0.312911 -0.026170 
-0.810972 -0.144556 -0.041698 
0.389389 -0.722785 -0.033678 
0.368138 0.785409 0.040880 
0.580524 0.745354 0.023385 
-0.943087 0.180763 -0.017387 
-0.150042 0.914466 0.011619 
0.650690 -0.719784 0.040419 
-0.924497 0.196108 0.040880 
-0.841240 -0.295067 0.008866 
-0.450611 -0.818001 0.040880 
0.361030 0.860546 -0.042081 
-0.834710 0.335649 -0.042081 
-0.751193 -0.281874 0.007797 
0.588850 -0.702484 -0.041960 
-0.895545 -0.204626 -0.042081 
0.857154 0.474574 -0.040093 
-0.838578 0.093721 -0.042081 
-0.291317 -0.750334 0.003543 
0.326903 -0.906628 0.003640 
-0.948908 0.025355 0.040880 
0.191927 -0.806221 0.040824 
-0.826816 0.187726 0.040730 
-0.658816 -0.476276 -0.034225 
-0.949169 -0.191481 0.027262 
0.159708 -0.873535 -0.042040 
-0.466098 -0.827595 -0.010911 
0.102900 -0.795123 0.024110 
-0.593307 -0.632347 0.010796 
0.880595 -0.408018 -0.027128 
0.757568 0.643783 0.039420 
0.497032 0.845590 -0.040878 
0.765283 0.399906 -0.041920 
0.723534 0.533928 -0.042081 
0.837158 0.247138 -0.041941 
-0.882820 0.056486 -0.042081 
0.317465 -0.755141 -0.004965 
-0.692942 -0.599227 0.038047 
0.515071 -0.809963 0.040753 
0.796607 -0.422724 0.007946 
0.014028 0.844474 -0.004077 
-0.947229 0.067555 0.040880 
0.881035 0.184689 0.009762 
0.471941 -0.679331 0.040880 
-0.145715 0.968976 0.040783 
-0.858615 -0.068573 0.019842 
0.418169 -0.861773 -0.035280 
0.752891 0.515843 -0.042041 
0.441001 -0.867002 0.014190 
0.576959 0.648838 0.040880 
-0.861961 -0.432502 0.009104 
0.196185 -0.826851 -0.042047 
-0.790402 -0.281249 0.040736 
-0.647346 0.724624 -0.028412 
-0.436214 0.756998 0.033765 
0.945659 -0.053097 0.040576 
0.093083 0.984483 0.002887 
-0.838356 -0.474867 0.007728 
0.106370 -0.949996 0.040869 
-0.193242 0.815251 0.040795 
-0.195475 -0.904175 -0.042081 
0.642117 -0.534409 -0.041842 
0.327701 0.873638 0.012765 
0.357260 -0.848011 -0.042081 
-0.212893 -0.769465 0.017239 
0.481024 -0.790129 0.037364 
0.950536 0.283147 0.006183 
-0.305851 0.766528 0.023640 
-0.684291 0.689126 -0.003899 
0.124680 -0.843660 0.032602 
-0.693790 -0.648554 -0.029035 
-0.781240 -0.422665 0.008394 
-0.122480 -0.957563 0.023682 
0.592005 -0.673162 -0.041970 
-0.420401 0.828798 0.016524 
0.828165 -0.093437 0.002098 
-0.661717 -0.629336 0.034075 
0.778583 -0.595355 0.016265 
0.699753 0.451190 0.011672 
-0.735276 -0.623298 0.025147 
0.652999 -0.508635 -0.002727 
-0.271929 -0.867150 0.024572 
-0.150850 -0.940466 -0.000727 
-0.848688 0.470331 0.040801 
-0.833998 0.269225 0.012507 
0.434766 0.885660 0.040861 
0.742010 -0.471535 0.014345 
0.690119 -0.488255 0.040880 
0.077434 -0.956405 0.040612 
0.447920 -0.806180 -0.042081 
-0.230960 -0.931420 0.039537 
-0.697278 -0.394054 0.036974 
-0.365820 -0.876695 -0.030314 
-0.961258 0.095765 0.004150 
-0.876392 -0.002872 -0.042081 
-0.758443 0.419838 0.026922 
0.239588 0.812111 -0.019425 
-0.044899 -0.853275 -0.042081 
0.606154 0.572188 0.010598 
-0.969566 0.074675 0.020981 
-0.701418 0.500270 -0.042081 
-0.530584 0.817633 -0.015108 
-0.907727 0.135241 0.023524 
-0.833887 -0.387899 0.039742 
0.225219 -0.824744 0.032339 
0.799235 -0.239641 -0.011778 
-0.777325 -0.546864 -0.029697 
-0.812346 -0.090363 -0.002426 
-0.163987 0.885392 -0.042046 
0.682448 0.476241 0.017157 
-0.115418 -0.902556 0.024815 
-0.403202 0.847875 0.030773 
0.558890 -0.602580 0.001445 
-0.619003 -0.670976 -0.042081 
-0.945340 0.208560 0.004038 
-0.608266 -0.576237 0.040874 
0.879160 -0.180830 0.008849 
-0.934566 -0.021455 -0.042081 
-0.069890 -0.799383 0.038389 
-0.901611 0.339589 -0.004674 
-0.347675 -0.736376 -0.039171 
0.889582 0.118729 -0.042081 
-0.386325 -0.830188 -0.042081 
-0.602199 -0.677895 0.020617 
-0.056068 0.993820 0.034579 
0.797657 -0.346038 -0.042081 
0.532434 -0.762671 -0.041904 
-0.085622 -0.953184 0.002940 
-0.917337 0.096728 0.034688 
0.665523 -0.509160 0.040880 
0.654612 -0.709336 -0.000215 
-0.945393 0.237674 0.016499 
-0.622081 -0.625504 -0.042081 
0.729491 -0.635040 0.040880 
0.282659 0.860421 0.009542 
-0.838607 0.484579 0.000525 
-0.464044 -0.728104 -0.042081 
-0.776515 -0.347766 -0.042081 
-0.866187 -0.041277 0.014986 
-0.902253 -0.272874 -0.042081 
-0.448333 -0.759688 -0.042081 
-0.744235 -0.334699 0.040846 
0.402244 -0.780060 0.010052 
-0.417969 0.872644 0.040847 
0.289590 0.903995 0.035852 
0.110477 0.960018 -0.042081 
-0.078680 0.895794 0.010735 
0.841290 0.039620 0.040880 
0.262238 -0.919471 -0.012916 
-0.713062 0.658284 -0.011117 
-0.334924 0.769401 -0.014429 
-0.739297 -0.443901 -0.042081 
-0.713825 0.389950 0.019390 
-0.764062 0.287059 0.039906 
-0.591706 0.762988 -0.041517 
0.740630 -0.593246 0.040788 
0.663083 0.729067 -0.022329 
0.348067 0.796006 -0.042081 
0.906665 0.400020 0.004468 
-0.702413 -0.408770 -0.015269 
-0.851925 0.196325 -0.042020 
-0.403845 0.733377 -0.003575 
0.819833 0.156993 0.040385 
0.843274 -0.200049 0.040011 
-0.229134 0.966585 0.012991 
-0.012155 -0.814405 -0.033840 
0.386537 0.754569 -0.034334 
-0.204124 0.900010 0.009922 
-0.398166 0.794511 -0.041967 
-0.541807 -0.773884 0.040880 
0.626718 0.701432 0.018123 
0.416842 0.721687 0.021595 
-0.617437 0.727606 0.040843 
-0.660944 0.694688 0.040794 
-0.855158 0.355344 0.031109 
-0.839468 -0.180166 0.025025 
0.827464 0.154636 -0.028191 
-0.804217 0.085425 0.037136 
0.356608 -0.735971 0.000986 
-0.155203 -0.850010 -0.042081 
0.987452 0.102983 0.025252 
0.253052 0.908044 0.024519 
0.915882 -0.091007 0.010816 
-0.832799 -0.241247 0.012729 
0.617922 -0.688511 0.029736 
-0.424534 0.724606 -0.039436 
-0.797980 0.321685 0.036574 
-0.864365 0.041245 0.017338 
0.612781 0.753389 -0.042081 
0.748882 -0.610305 -0.003597 
0.884656 0.288775 -0.042020 
0.055634 -0.910033 -0.042081 
-0.816438 0.082301 -0.020761 
-0.870124 -0.113631 0.009134 
0.833462 0.429141 0.017155 
0.892961 0.087267 0.010311 
-0.881061 0.392334 -0.016607 
0.037970 -0.825861 0.040797 
0.727899 -0.497524 -0.042081 
0.760704 0.495150 0.008839 
-0.957260 -0.104808 0.040370 
-0.093663 -0.946837 -0.031102 
-0.259381 -0.755269 0.035209 
0.002446 -0.822621 0.040816 
-0.933456 -0.199408 -0.005918 
0.897878 0.320390 0.040711 
-0.357064 -0.714324 0.008676 
-0.276691 -0.897238 0.040818 
0.785734 0.309164 -0.025234 
0.934658 -0.311196 0.009395 
0.795371 -0.482765 0.030258 
-0.788021 -0.153825 0.032848 
0.770614 -0.406564 -0.042036 
0.578163 0.686964 0.013639 
-0.692576 -0.492441 0.032283 
-0.212365 -0.846127 -0.042081 
-0.917640 -0.161783 0.040880 
-0.217146 0.859078 0.021753 
0.432054 -0.706770 -0.041297 
0.948458 0.102495 0.040731 
0.184827 0.970421 0.001570 
-0.764150 0.576264 0.040880 
-0.856417 0.422718 0.040821 
0.005640 0.864184 -0.042081 
-0.151660 0.979866 0.006834 
-0.508754 0.661591 -0.014656 
0.757286 0.588858 0.040758 
0.803490 -0.238583 0.040880 
0.668280 0.524513 -0.035806 
0.596545 0.666159 -0.042081 
0.536966 0.751472 0.008658 
-0.906744 -0.113634 -0.042081 
-0.849849 -0.174844 -0.042081 
-0.743805 -0.591465 -0.014313 
0.990418 -0.030144 0.020554 
0.283834 -0.925807 0.036313 
0.751150 -0.340711 0.040349 
-0.269788 -0.778948 -0.042081 
-0.722101 -0.572883 0.040672 
0.107769 -0.947779 -0.003617 
-0.722076 -0.343470 0.023985 
0.905745 0.009756 0.007880 
-0.560272 0.597793 0.021657 
0.590206 0.590445 0.036185 
0.875038 0.065735 -0.042081 
0.555177 0.805166 -0.041767 
-0.517898 -0.647071 -0.042081 
-0.788490 -0.484843 -0.042081 
-0.535478 0.821995 0.040515 
0.471634 -0.673411 -0.000328 
-0.805242 0.005030 0.020122 
-0.535443 -0.784475 -0.006968 
0.672387 0.683735 -0.042081 
0.518348 0.838492 -0.007954 
-0.950459 0.132843 -0.015128 
-0.917745 -0.258827 -0.024272 
-0.840625 0.144086 -0.042050 
0.858630 0.205141 0.029329 
0.353749 0.770085 -0.005277 
-0.531346 -0.595819 0.009735 
-0.863651 0.240925 -0.041988 
-0.239019 -0.902363 -0.042081 
0.808153 -0.153848 0.026821 
-0.673428 0.460120 0.028423 
-0.020332 0.911702 0.007946 
-0.772124 0.606101 0.009693 
-0.690379 0.459050 -0.006474 
-0.387301 -0.878185 0.006153 
0.433821 -0.681616 0.017369 
0.629105 0.769977 0.039678 
-0.667415 0.682799 -0.042064 
0.966824 0.179020 0.040873 
0.374113 0.911440 -0.033795 
-0.621994 -0.708108 -0.041709 
0.702252 -0.529071 0.013368 
0.026639 -0.952071 -0.034235 
0.404648 0.870281 -0.042081 
0.479974 -0.830747 -0.019522 
-0.317161 -0.742709 0.040876 
0.846707 0.501718 -0.030185 
0.929936 0.336066 0.003482 
0.952051 0.026437 -0.042081 
0.599477 -0.680550 0.010422 
-0.523537 0.681602 -0.041937 
0.221500 -0.872858 0.010975 
0.482095 0.734562 -0.042081 
-0.915868 0.295212 -0.019340 
-0.465390 0.677306 0.019615 
0.757523 -0.567801 0.040761 
0.686944 0.503837 0.040880 
-0.938355 -0.177018 -0.032529 
0.191867 0.815474 0.004886 
0.926815 -0.008463 0.013499 
0.191140 -0.911364 -0.041930 
-0.408097 -0.811648 0.023395 
0.922973 0.260625 0.040752 
0.853882 -0.458663 -0.032903 
-0.026968 0.968134 -0.042081 
0.140336 0.821788 0.007917 
-0.776042 -0.201164 0.031167 
0.391990 0.876433 0.040730 
-0.727280 -0.438011 0.034846 
-0.026380 0.925019 -0.042081 
0.022348 -0.814179 -0.013507 
0.180159 0.911541 -0.042081 
0.304182 0.775660 0.027679 
0.820251 0.193658 -0.010345 
-0.430819 -0.756277 0.009498 
0.798577 -0.565406 0.007645 
0.493984 -0.643287 0.009000 
-0.387370 0.892792 0.040762 
-0.422539 -0.858389 0.040427 
-0.386031 0.789913 0.023774 
-0.779208 -0.567898 0.013605 
-0.047806 -0.870324 0.009683 
0.459066 -0.751154 -0.042065 
0.460719 0.789771 -0.042081 
-0.829990 -0.373537 -0.042081 
0.696692 0.635591 0.021540 
-0.633961 0.649513 0.008315 
0.461245 -0.819181 0.040739 
0.314830 -0.880009 0.040746 
-0.886045 0.312176 -0.042076 
0.820311 0.106525 0.024972 
0.059200 -0.869132 -0.042081 
0.187069 -0.913517 0.040880 
-0.171854 0.853994 -0.041991 
-0.788014 0.240128 -0.019247 
0.938687 0.088649 -0.042081 
-0.775235 0.449164 0.007946 
0.385039 0.848704 -0.042081 
0.535102 -0.609034 0.024501 
-0.950270 -0.104424 -0.017896 
0.156597 -0.955294 0.022545 
0.881144 -0.040399 0.020249 
0.403504 0.913736 0.012333 
-0.934988 0.217889 -0.036519 
-0.051594 0.938403 0.022366 
-0.507348 -0.685447 0.023253 
0.623440 0.552745 0.023634 
0.857079 0.232451 0.020922 
0.344102 -0.832751 0.010268 
0.459109 0.745336 0.040777 
-0.810756 -0.230785 0.040718 
0.384054 -0.759659 -0.042081 
0.385687 0.802752 0.020558 
-0.779743 -0.408107 -0.042081 
-0.743557 -0.557809 0.040880 
-0.145124 0.838166 0.040804 
-0.211610 0.945994 -0.042080 
-0.701617 0.413029 0.021736 
-0.312529 -0.854152 0.028775 
-0.639853 -0.549500 0.039663 
0.984271 -0.105277 0.013615 
0.827927 -0.482475 0.040880 
-0.097400 0.990332 0.017802 
0.148539 -0.827181 0.040880 
-0.296715 -0.820896 -0.042081 
0.224744 0.821974 0.040792 
0.407224 0.896595 -0.035323 
-0.594508 -0.609768 0.025403 
0.224229 0.967038 0.004658 
-0.339457 0.820410 -0.042022 
0.284573 0.795902 0.000357 
-0.812837 -0.016033 0.040707 
0.864091 -0.003382 -0.042081 
-0.799266 0.515289 0.040877 
0.787212 0.591968 -0.006426 
0.929512 -0.064646 0.018577 
0.207918 0.863361 0.022429 
0.347376 0.803200 0.040789 
-0.155061 -0.837293 0.027494 
0.588847 -0.580781 -0.036727 
-0.575579 -0.677366 0.008975 
-0.944073 -0.062059 0.040880 
-0.458311 0.771725 0.009068 
0.595828 -0.584915 0.040834 
-0.784950 0.559136 0.040880 
-0.214389 -0.836560 0.013019 
-0.886739 -0.026700 -0.042081 
-0.058345 0.962680 -0.042081 
-0.643173 -0.543304 -0.042081 
-0.559404 0.654412 0.040880 
-0.030152 0.829343 0.016652 
0.626413 0.569830 -0.005408 
-0.632408 0.538900 -0.002600 
0.903672 0.223714 0.013914 
-0.426406 -0.848698 -0.019355 
0.068339 -0.909476 0.023605 
-0.668892 -0.693309 0.025503 
-0.589552 -0.759997 0.008184 
0.073665 -0.948021 -0.039422 
0.724616 0.595889 0.016496 
0.260207 -0.851093 0.007946 
-0.124560 0.966775 -0.041267 
0.562161 -0.650056 -0.042001 
-0.722021 -0.537687 0.013598 
0.743198 0.610662 -0.042081 
0.663730 0.525316 -0.009068 
0.443265 0.857771 -0.042081 
-0.571253 0.606450 -0.010893 
0.249420 -0.918837 -0.039922 
0.294631 0.935541 -0.040095 
-0.222975 -0.793770 -0.042081 
0.053374 0.843446 -0.033624 
0.738395 -0.389978 0.040862 
-0.794348 -0.185316 -0.023814 
0.810167 0.172684 0.016380 
-0.911029 -0.044646 0.018598 
0.375844 -0.720563 0.040250 
0.846211 0.343509 -0.041994 
0.731494 0.642911 0.040800 
-0.367405 -0.864172 0.040880 
-0.055877 -0.849017 0.031624 
-0.718160 -0.382163 -0.004140 
-0.926725 -0.276153 0.024099 
0.671828 0.620288 -0.042081 
-0.103631 0.825648 0.006461 
-0.957366 -0.002455 -0.012137 
0.691234 -0.672534 -0.032815 
-0.888061 -0.314137 0.040844 
-0.812541 0.352467 -0.042081 
0.761957 -0.593945 -0.026725 
0.612730 -0.759746 0.020437 
0.382979 -0.768187 0.030562 
0.532156 -0.761423 0.039646 
-0.639342 -0.606177 0.007946 
-0.466805 0.760888 -0.042021 
0.796399 -0.203499 0.034329 
-0.807526 -0.122211 -0.001503 
-0.118631 -0.790188 0.019090 
-0.091467 -0.845558 -0.042081 
0.578332 0.794736 -0.039271 
-0.707195 0.612779 -0.041942 
0.618088 0.598104 -0.042081 
-0.313001 -0.898643 0.040747 
0.854239 -0.313919 -0.042081 
0.088640 -0.810428 -0.019941 
0.156565 -0.941316 -0.030864 
-0.196931 -0.880350 0.016126 
0.794519 0.238974 0.023771 
-0.291588 -0.904610 -0.011720 
0.780013 -0.292980 -0.029983 
-0.923890 0.105301 -0.042081 
-0.297876 0.784788 -0.026068 
-0.246164 0.946340 0.040878 
0.410155 -0.880684 0.011709 
0.359645 -0.806747 0.008251 
-0.232924 0.882487 -0.042049 
0.723011 -0.419740 -0.038466 
-0.893462 -0.161243 -0.042081 
0.790394 -0.378518 -0.042081 
0.214503 -0.905111 0.040880 
0.612426 -0.534577 0.018505 
0.760854 -0.309946 0.038049 
-0.956351 -0.026913 -0.030333 
-0.579643 -0.568182 -0.018885 
-0.802883 0.235848 0.040790 
-0.661276 -0.642506 -0.042081 
-0.848500 0.330778 0.012216 
-0.002557 -0.895236 0.009963 
0.205582 0.976930 0.026340 
-0.576236 -0.567438 0.040880 
-0.677944 -0.564314 0.007946 
0.671464 0.594684 0.013839 
0.537932 0.842243 0.024279 
-0.617822 -0.555330 -0.042081 
