-0.915819 0.158071 -0.095312 
0.982648 -0.137002 0.072961 
-0.122444 -0.980494 0.021762 
0.174753 0.981964 0.072172 
-0.793851 -0.592146 0.079074 
-0.568373 0.819438 0.063928 
0.601907 -0.785848 0.072075 
0.776604 0.569237 -0.079422 
-0.158168 0.743073 -0.083986 
0.649565 -0.376177 -0.075222 
-0.392835 -0.659981 -0.094886 
-0.707478 -0.165714 0.084960 
0.701333 0.181254 0.081188 
0.199476 -0.723859 -0.081862 
0.388103 0.617187 0.084031 
-0.606731 0.396034 0.059099 
-0.880806 -0.340080 -0.094752 
0.939489 0.112086 -0.094453 
0.416148 0.870059 -0.078851 
-0.906044 0.412913 0.070009 
-0.296926 0.949781 0.081342 
-0.402716 -0.902256 0.079845 
-0.990809 -0.069046 0.077825 
-0.738777 0.619202 -0.081549 
0.340310 -0.927337 0.078013 
0.893641 -0.426499 0.077829 
0.127246 0.750048 -0.086073 
-0.156477 -0.704910 0.083633 
0.746970 -0.097669 -0.080426 
0.455588 -0.596499 -0.079660 
0.918642 0.362696 0.087076 
-0.454327 0.607860 -0.083078 
-0.608746 -0.440019 -0.065699 
0.632840 0.743971 0.092584 
-0.713452 0.141350 0.083953 
0.598036 0.451930 0.092855 
-0.028022 0.959478 -0.089724 
0.716567 -0.618393 -0.093165 
-0.617926 -0.774409 0.058141 
0.113643 -0.951371 -0.041856 
-0.319937 0.697156 0.092765 
0.543789 0.611563 -0.095193 
0.777429 0.323076 -0.095487 
-0.812409 -0.063946 -0.095487 
-0.400653 0.837608 -0.095487 
-0.503205 -0.576802 0.092238 
0.451540 -0.826756 -0.094998 
-0.034847 -0.777171 -0.095487 
-0.012195 0.765929 0.092828 
-0.759728 0.322043 -0.095373 
-0.266069 -0.853404 -0.095487 
0.333155 -0.680442 0.092564 
0.572254 -0.511274 0.090248 
0.893928 -0.263843 -0.095487 
0.727525 -0.251616 0.090650 
0.062469 -0.733707 0.092503 
-0.940033 -0.269937 0.091568 
-0.660510 -0.646800 -0.095487 
0.323169 0.695883 -0.092532 
-0.961745 0.224882 0.087860 
0.762240 -0.575564 0.092630 
-0.096459 0.971243 0.092845 
0.962421 0.163948 0.092094 
0.228320 0.728340 0.092789 
-0.526912 0.568368 0.090766 
0.729218 -0.008134 0.087762 
-0.229640 0.924336 -0.094123 
-0.789462 -0.508254 -0.095487 
-0.686321 -0.353728 0.088596 
-0.490134 -0.821486 -0.083841 
0.338661 0.887300 0.091581 
-0.710336 -0.261697 -0.086248 
0.825925 -0.445246 -0.095487 
-0.809509 0.572137 0.085637 
-0.352500 -0.686575 0.089386 
0.819605 0.517353 0.092780 
0.748872 0.141997 -0.091544 
-0.584680 0.734376 -0.095326 
0.237447 0.929772 -0.089245 
-0.590139 0.491102 -0.091188 
-0.891295 -0.437527 0.053388 
0.283753 -0.909628 -0.088642 
-0.946737 -0.173501 -0.061096 
0.947085 -0.063910 -0.093400 
0.629459 0.416481 -0.075576 
-0.674271 0.683657 0.092462 
-0.751143 0.103052 -0.086145 
0.563150 0.781897 -0.082425 
-0.834689 0.479749 -0.082543 
-0.869249 0.040215 0.018557 
-0.314210 0.697101 -0.089917 
0.483436 0.813762 0.090386 
0.020143 -0.965150 0.092572 
0.649995 0.591200 0.019873 
0.924716 0.267775 -0.073239 
-0.722044 -0.015291 0.030668 
0.889542 -0.269085 0.076293 
0.708381 0.341385 0.073317 
0.587002 -0.746877 -0.090934 
-0.519150 -0.566574 -0.094881 
-0.245827 -0.896474 0.082210 
0.880004 0.025551 0.021429 
0.445759 -0.806731 0.059833 
-0.165264 0.708532 0.078695 
0.093989 0.860285 0.017733 
-0.723494 0.295735 0.085319 
-0.421154 0.859964 0.092464 
-0.253427 -0.705158 -0.051467 
-0.915124 0.304758 -0.052598 
-0.455570 0.722394 0.017997 
0.668898 -0.392519 0.085515 
0.350747 -0.708357 -0.095197 
-0.044231 -0.928039 -0.095487 
-0.961139 -0.024084 -0.081432 
0.607894 -0.640321 0.023287 
-0.480800 -0.712590 0.017823 
0.573376 -0.506136 -0.091460 
0.181335 -0.832363 0.017616 
-0.147398 0.854672 0.017841 
0.853184 0.447234 -0.047480 
-0.813050 -0.245408 0.018025 
0.728704 -0.254081 -0.095487 
0.190017 -0.968892 0.081252 
-0.834587 0.201976 0.017571 
-0.656669 -0.549568 0.017569 
-0.120387 -0.835271 0.018165 
-0.010422 0.815535 -0.095183 
0.839262 0.194789 0.017735 
0.501977 0.529403 0.015878 
0.849689 -0.141636 0.017837 
-0.301231 0.818883 0.018341 
-0.702146 0.504814 0.017773 
0.467998 -0.609123 0.090733 
0.519877 0.691993 0.017830 
0.373311 0.767893 0.017967 
0.032683 0.996908 0.029494 
0.662917 0.682831 -0.093936 
0.100649 -0.824289 -0.095487 
0.189068 -0.692706 0.057337 
-0.579851 -0.440737 0.082707 
-0.991575 0.077168 0.068144 
0.024741 -0.851258 0.017655 
0.313657 -0.799722 0.017835 
-0.404245 0.602520 0.048643 
0.101403 0.718268 0.040298 
0.781645 -0.346602 0.017545 
-0.875321 -0.099965 0.021271 
-0.672880 -0.657439 0.090769 
-0.764391 -0.456845 0.025745 
0.741513 0.658911 0.083617 
0.822856 0.029372 -0.095487 
0.726260 0.457608 0.017568 
-0.323354 -0.790852 0.017520 
0.456223 0.711487 -0.095255 
0.706968 -0.135790 0.039163 
-0.790296 0.390603 0.020672 
-0.536367 -0.695399 -0.095487 
-0.499428 -0.813765 0.092756 
0.233685 0.861823 0.024535 
0.688769 -0.505457 0.017527 
0.992754 -0.010374 0.062139 
-0.820713 -0.188735 -0.095487 
0.705782 -0.690594 0.082042 
0.834560 -0.514065 0.011770 
0.115752 0.953460 -0.088252 
0.708857 0.255371 -0.018508 
0.657417 0.542765 -0.095275 
-0.572755 0.680201 0.022896 
0.824736 0.317468 0.021917 
0.239721 0.807462 -0.095247 
-0.656883 0.389267 -0.089901 
-0.724193 0.213093 -0.042016 
-0.363823 -0.777378 -0.095487 
-0.152607 -0.802396 -0.095487 
-0.422311 -0.603758 0.007284 
-0.575402 -0.639645 0.017845 
-0.767282 -0.377244 -0.095487 
-0.162683 -0.934687 -0.091904 
0.592545 -0.622797 -0.095304 
-0.186402 0.965531 0.009556 
0.738323 0.075036 0.005387 
-0.740883 -0.134017 -0.029160 
-0.040519 -0.716564 0.039934 
-0.022307 0.867876 0.017907 
-0.364936 -0.886634 -0.034199 
0.516876 -0.721374 0.025364 
-0.482635 0.837244 -0.011647 
0.748381 0.456325 -0.095487 
-0.286904 0.817933 -0.095487 
0.945930 -0.170254 -0.037549 
0.441987 0.612931 -0.034640 
0.062466 -0.746431 -0.020950 
-0.751477 -0.598235 -0.026741 
-0.674763 -0.259252 0.022045 
-0.444796 0.723034 -0.095261 
0.387631 -0.628234 0.005757 
-0.713378 0.507869 -0.095256 
0.884589 -0.374879 -0.022691 
0.470961 -0.715290 -0.095285 
-0.873143 0.302129 0.053222 
0.835249 -0.167361 -0.095442 
0.432164 0.898537 0.029615 
0.685446 -0.501977 -0.095487 
-0.551115 0.483482 0.013329 
0.590279 -0.437669 0.008160 
-0.821350 0.221621 -0.095487 
-0.669404 0.696526 -0.029351 
0.246903 0.714975 -0.015114 
-0.537785 -0.516891 0.001803 
-0.120778 0.900696 -0.095487 
-0.682432 -0.533125 -0.095487 
-0.817399 -0.360762 0.027037 
-0.630077 0.617980 -0.095487 
0.672709 -0.306448 0.005984 
-0.363620 0.908151 0.006197 
-0.251660 0.697344 0.008666 
-0.850507 0.037013 -0.095064 
0.275514 -0.696773 -0.006533 
0.366575 -0.885219 -0.020094 
-0.650222 0.598632 0.021155 
0.806441 -0.327577 -0.095487 
0.302826 -0.804767 -0.095487 
0.969516 0.094263 0.006435 
-0.935218 -0.163397 0.092317 
0.835328 0.214343 -0.095487 
0.486778 -0.530387 0.022517 
-0.750585 0.655063 0.024997 
0.957615 0.267060 0.064825 
0.291664 0.949600 0.018138 
-0.662998 -0.354180 -0.038486 
-0.961266 0.073354 -0.032171 
0.564941 0.500801 -0.069310 
-0.250544 -0.673329 0.049984 
0.087855 0.850280 -0.095274 
-0.855123 -0.438974 -0.054419 
-0.265639 -0.921036 -0.016847 
-0.670791 0.338712 0.001359 
-0.148267 -0.734326 -0.015311 
-0.094856 0.736289 0.008309 
0.183409 -0.887375 -0.095290 
0.554013 0.818604 0.013355 
0.683999 0.696428 0.005864 
-0.633648 -0.720909 -0.028010 
0.022067 0.756564 -0.011251 
-0.879236 0.397920 -0.031447 
-0.793151 0.551831 -0.012995 
0.820190 0.423337 0.053220 
-0.784567 0.054712 0.072523 
-0.915385 -0.295964 -0.011187 
-0.026386 -0.962816 -0.000821 
0.324837 0.654352 0.015746 
0.339884 0.807289 -0.095326 
0.626723 0.364407 0.021394 
0.099070 -0.909423 0.049034 
0.746190 -0.625102 0.007978 
-0.776386 -0.079652 0.083412 
0.812472 -0.246948 0.017935 
-0.666092 -0.453284 0.036799 
0.227590 -0.931114 -0.010731 
0.795489 0.598041 0.028572 
0.785252 -0.550346 -0.075934 
-0.456258 -0.861338 0.008892 
-0.940291 0.214785 -0.019919 
0.667651 -0.688664 -0.046763 
0.484736 0.608122 0.089211 
-0.501556 0.566353 -0.009027 
0.531242 -0.833216 0.022151 
0.893067 0.359272 -0.077333 
-0.210039 -0.799680 0.022732 
-0.542834 -0.805870 0.006267 
0.751805 -0.016287 -0.029238 
-0.837246 -0.518447 0.014575 
-0.379489 0.655232 -0.026657 
-0.863538 0.497554 0.061290 
0.328190 0.908028 -0.071890 
-0.505591 0.799285 -0.095431 
0.081307 0.933536 0.079841 
0.819450 -0.050699 0.026557 
0.916149 -0.063381 0.049422 
-0.215506 0.778037 0.041153 
0.773524 0.115672 0.081852 
0.428252 0.690783 0.035133 
0.183448 0.948460 -0.014334 
0.736814 -0.418566 -0.095487 
0.839476 -0.062105 -0.095487 
-0.055246 0.979060 0.007778 
-0.528282 0.661102 -0.095374 
-0.919048 0.145892 0.068549 
-0.882380 -0.341378 0.091718 
-0.616186 0.489138 0.077695 
0.268161 -0.877031 0.052119 
-0.597231 0.736793 0.091194 
0.012781 -0.856316 -0.095487 
-0.896135 -0.101054 -0.095487 
0.962250 0.005412 -0.035635 
0.952428 0.068620 0.092583 
0.557856 0.537416 0.087772 
-0.734469 0.094231 0.007481 
0.165026 0.802268 0.030710 
-0.174247 -0.951546 0.092544 
-0.196937 0.830668 -0.095341 
-0.790659 0.282894 0.020414 
-0.227731 0.897670 0.053372 
-0.344438 -0.654930 0.005007 
0.317204 0.718988 0.080668 
0.402958 -0.714647 0.025495 
-0.612836 0.758232 0.004017 
-0.317339 0.910896 -0.081287 
-0.959952 -0.220711 0.013829 
0.476178 0.805855 -0.095468 
0.808831 -0.454316 0.073373 
-0.846957 0.343354 -0.095164 
0.702052 -0.222334 0.008169 
-0.988035 0.002772 0.014932 
0.941152 0.203732 -0.013734 
0.690935 0.355373 -0.095487 
0.563013 0.608835 0.024256 
-0.695296 0.418132 0.036054 
-0.754025 0.008084 -0.048629 
0.731995 0.627471 -0.025607 
-0.362037 0.740052 0.027925 
-0.482785 0.799407 0.072004 
-0.320636 -0.937113 0.059312 
-0.715950 -0.451652 -0.095487 
0.420384 -0.895831 0.059236 
-0.455036 -0.729190 -0.095487 
-0.746492 -0.308331 0.036145 
0.287822 0.792612 0.019744 
-0.698138 -0.666591 -0.002896 
-0.067366 -0.956869 0.092671 
-0.097787 0.806234 -0.095487 
-0.943421 0.004716 0.090371 
0.965027 -0.224841 0.076570 
0.829722 0.512864 0.006107 
0.132781 -0.774641 0.061305 
0.860234 0.110299 0.018197 
0.740853 0.228582 -0.095487 
0.574398 0.464721 0.009101 
-0.800484 -0.153411 0.030921 
0.853627 0.129512 -0.095487 
-0.480941 0.644121 0.044119 
-0.419513 -0.785219 0.026423 
0.616658 -0.740578 -0.000583 
-0.799791 -0.499949 0.091184 
-0.922237 -0.256700 -0.087354 
-0.721565 0.595613 0.079841 
0.255333 0.927218 0.092627 
-0.427722 -0.645399 0.087561 
0.152546 -0.733138 -0.011018 
-0.754111 0.432815 -0.095487 
0.926382 -0.272463 -0.000422 
-0.110999 0.773686 0.086600 
0.714948 -0.424461 0.021474 
-0.824204 -0.276850 -0.095487 
-0.688510 0.223635 0.057598 
0.062799 0.790894 0.060834 
0.240189 -0.764136 0.039370 
0.519087 -0.630651 0.027545 
-0.576126 -0.529125 0.075485 
0.916320 0.336942 0.007322 
-0.615917 0.438400 -0.014380 
0.679681 0.264104 0.087344 
-0.592772 -0.526938 -0.095487 
-0.969654 -0.134897 0.009329 
-0.877423 -0.185090 0.028451 
0.168753 0.869789 -0.095349 
0.028255 -0.958064 -0.067935 
0.003921 -0.784669 0.062528 
-0.820581 -0.026068 0.027466 
-0.827245 0.132959 -0.095413 
-0.186584 0.965102 0.091682 
-0.204156 -0.963752 0.016842 
-0.616376 -0.374869 0.025818 
-0.322678 -0.704057 -0.095487 
-0.276964 0.928707 -0.004419 
0.902439 0.009692 -0.094895 
0.613266 0.745125 -0.028988 
-0.560066 -0.718449 0.042706 
-0.099868 -0.868174 -0.095487 
0.745426 0.536003 0.046253 
0.457536 -0.842398 -0.015158 
0.558448 0.777290 0.092567 
0.923546 -0.350988 0.082542 
-0.417254 -0.857050 -0.088771 
0.778046 -0.106422 0.068333 
0.669674 -0.588357 0.027316 
0.896948 0.414924 0.015824 
-0.785965 0.141117 0.048423 
0.609891 -0.706889 0.086956 
-0.781686 0.500666 0.060459 
-0.343069 0.869901 0.075191 
-0.401854 0.679206 0.073076 
0.002227 0.930119 0.062108 
0.723590 0.175142 0.004401 
0.527248 -0.799137 -0.079962 
-0.557276 -0.777751 -0.084111 
-0.952588 0.281632 0.022405 
-0.920806 -0.368256 0.022802 
0.761040 0.382550 0.017964 
0.656638 -0.305569 0.084138 
0.957440 -0.089154 -0.018586 
-0.566521 0.570018 -0.095487 
0.389321 -0.624023 0.092456 
0.659955 0.402726 0.088146 
-0.228399 -0.765926 -0.095487 
0.751486 0.243714 0.061317 
-0.729976 -0.552312 0.046683 
0.387483 -0.641342 -0.075531 
0.096205 -0.982441 0.081000 
0.026844 0.903273 -0.095389 
0.619836 -0.364807 0.030535 
0.375341 -0.846402 -0.095487 
0.084895 -0.901366 -0.095487 
0.668395 0.510729 0.019797 
-0.450482 -0.607051 -0.087841 
0.212483 -0.814415 -0.095369 
-0.168808 -0.892691 0.040930 
0.614893 0.683122 0.046402 
0.786419 0.040163 0.064311 
0.880820 0.265691 0.049718 
0.119637 0.984801 0.016689 
-0.419338 0.793674 0.026563 
-0.086972 -0.902458 0.039479 
0.156634 0.909628 0.049454 
-0.718268 -0.394050 0.027587 
-0.970117 0.145141 0.009880 
0.380754 0.653425 -0.062084 
-0.332285 -0.860267 0.059963 
0.529193 -0.577404 -0.095125 
0.522835 -0.802035 0.092707 
-0.587680 -0.620545 -0.095487 
0.703374 0.610791 -0.095460 
-0.485754 -0.571855 -0.025429 
0.850412 -0.348723 0.052502 
0.039859 0.965981 -0.040833 
0.486837 0.833726 -0.021346 
-0.102538 -0.743657 -0.080045 
0.126856 -0.751805 -0.093969 
-0.118901 -0.771544 0.074276 
0.256133 -0.705913 0.092855 
0.616429 -0.532752 0.028947 
-0.248072 0.724805 0.092643 
-0.651772 0.322961 0.078881 
0.828427 -0.532975 0.086132 
0.405204 0.848879 0.087075 
0.264880 -0.951200 0.079779 
-0.526440 0.745235 0.037176 
-0.573591 0.596590 0.025650 
0.200485 0.729515 -0.074427 
0.605993 -0.435611 0.092629 
0.045960 -0.981515 0.014811 
-0.781725 0.541694 -0.094121 
0.356550 0.911391 0.006774 
-0.923284 0.240204 -0.091954 
0.525159 -0.657799 -0.095262 
0.486872 0.764384 0.032836 
0.717939 -0.061299 0.029708 
0.587115 0.685973 -0.095391 
0.911669 -0.162307 0.064907 
-0.222514 -0.741580 0.087244 
-0.316262 0.652914 0.031592 
0.608213 -0.440220 -0.079522 
0.399961 -0.771710 -0.095169 
0.366879 -0.842992 0.055882 
-0.365987 -0.729830 0.028033 
0.180894 0.702499 0.040594 
0.351757 0.837749 0.034321 
-0.231208 0.721031 -0.059386 
-0.696845 0.291328 -0.050355 
0.306807 -0.928782 0.011162 
0.859006 0.295351 -0.095487 
0.883398 0.448363 0.083923 
0.905679 0.182934 -0.095487 
0.759248 -0.500578 0.041222 
0.174825 -0.901196 0.054356 
-0.934245 0.344177 0.066565 
0.442713 0.573522 0.038680 
-0.678216 -0.722394 0.055345 
0.502647 0.564028 -0.055878 
-0.723935 -0.237520 0.092612 
0.802445 -0.250652 -0.095487 
-0.102807 0.909246 0.039724 
0.763853 -0.185922 -0.095487 
-0.755825 0.201584 0.081280 
-0.147765 0.955079 -0.053843 
-0.868321 0.124830 0.019739 
0.693042 -0.318076 -0.089840 
-0.750960 -0.062100 -0.018893 
-0.014387 -0.748814 -0.020511 
0.819115 0.497889 -0.088080 
-0.576577 -0.452262 0.010407 
0.633462 -0.553588 -0.095487 
0.504363 -0.545572 0.092830 
0.129586 0.770787 0.086477 
0.733640 -0.163733 -0.022882 
-0.060502 0.803128 0.042864 
0.903782 0.185317 0.054440 
0.753927 0.050163 -0.084744 
-0.828825 0.427084 0.070446 
-0.367695 0.772792 -0.095487 
0.815437 0.407896 -0.095487 
0.681589 0.322603 -0.015505 
0.855123 -0.445698 -0.001374 
-0.709297 0.167585 0.016552 
-0.660479 0.747073 0.057885 
-0.052310 0.755493 -0.071670 
-0.265118 -0.845960 0.024878 
0.789434 -0.177361 0.034241 
-0.546666 0.796435 -0.036518 
-0.490417 -0.643148 0.033515 
-0.922089 0.042993 -0.095388 
-0.768318 -0.120428 -0.095487 
-0.767645 0.172700 -0.095487 
-0.725751 -0.199212 -0.003646 
-0.420058 0.870713 -0.018712 
0.912309 -0.125990 -0.095442 
0.469651 0.641686 -0.095138 
0.329469 -0.728708 0.040692 
-0.010965 -0.913595 0.047813 
-0.025868 0.725500 0.036322 
0.053587 0.755385 -0.074417 
-0.431647 -0.832898 0.090052 
-0.873177 -0.271618 0.043672 
0.395977 0.747943 -0.095256 
-0.231199 -0.918675 -0.092814 
0.720256 -0.329564 0.052371 
-0.753563 -0.644430 0.054998 
-0.172829 0.737357 -0.015612 
0.335929 -0.669505 -0.037316 
-0.745900 0.252747 -0.095460 
-0.019698 0.992026 0.085688 
-0.530025 0.499435 0.081013 
0.668534 0.654051 0.080051 
-0.746262 -0.562708 -0.095487 
-0.446105 0.611080 -0.014186 
0.279368 -0.739411 -0.095487 
-0.432095 -0.576644 0.079000 
-0.913878 -0.046679 0.043364 
-0.702155 -0.349168 -0.095487 
-0.642297 0.536559 -0.095487 
-0.677479 0.668533 -0.094061 
0.140110 0.743588 -0.011305 
-0.642239 -0.626234 0.030288 
-0.332859 -0.879060 -0.095093 
-0.835921 0.492256 -0.001948 
-0.212835 -0.709575 0.004349 
0.033718 -0.768617 -0.095348 
0.130477 -0.979016 0.021104 
-0.621473 -0.704698 0.090526 
0.606695 0.536611 0.036443 
0.079639 -0.806451 0.031343 
-0.631208 0.532812 0.026069 
-0.827791 -0.424822 0.076099 
-0.760113 -0.307735 -0.095487 
-0.713930 -0.108193 0.048472 
0.433832 -0.572280 0.033075 
0.544281 -0.515548 -0.030352 
0.624965 0.775727 0.032606 
0.656568 -0.448960 0.047022 
-0.066135 -0.799168 0.038088 
-0.054405 0.885274 -0.095351 
-0.468593 0.880528 0.048244 
0.768857 -0.022870 -0.094761 
0.876176 -0.210510 0.032633 
-0.500762 -0.516431 0.058826 
0.881330 -0.362232 -0.089376 
0.561505 -0.777022 -0.016311 
0.121184 -0.707474 0.070634 
0.589566 0.561734 -0.095185 
-0.648107 -0.409511 0.091024 
0.489840 -0.859014 0.077249 
-0.899065 0.237574 0.066070 
-0.659309 0.456488 -0.095429 
0.050483 0.729344 0.085298 
-0.302801 -0.724292 0.064019 
0.281219 -0.660128 0.049645 
-0.962092 -0.055867 -0.022242 
-0.358163 -0.623205 0.068251 
0.386170 0.627730 0.010938 
-0.757178 0.448710 0.020128 
0.712351 0.600149 0.071388 
-0.168169 -0.737588 -0.089907 
-0.815826 0.407741 -0.095469 
0.458453 -0.653998 0.041915 
0.715302 0.289978 -0.094913 
-0.857969 0.367118 0.073488 
-0.545125 0.524411 -0.052270 
-0.720540 0.071255 0.078209 
0.708059 -0.684560 0.015985 
-0.121878 0.980571 0.012257 
0.932890 0.271887 0.003513 
-0.892790 -0.190643 -0.095487 
-0.890486 -0.015717 -0.095221 
0.716129 0.084685 0.070953 
0.640861 0.339018 0.080756 
0.249175 0.681140 0.041574 
-0.750228 -0.183843 -0.095248 
0.380995 0.682660 0.085373 
-0.466313 0.555419 0.068931 
0.491524 0.867411 0.053518 
0.748921 -0.189746 0.089025 
-0.052657 -0.753511 0.092599 
-0.667065 -0.408365 -0.095487 
-0.119436 -0.950816 -0.036230 
-0.511902 -0.763079 0.053698 
-0.774422 -0.007363 0.089474 
-0.398202 0.914585 0.061023 
-0.956563 -0.109154 -0.060267 
0.665542 0.449318 0.043047 
0.786936 0.479096 0.050219 
-0.786531 -0.443382 -0.095487 
-0.300390 -0.791147 -0.095487 
0.658967 -0.648531 0.066415 
-0.563644 -0.767056 0.092811 
-0.721626 -0.631902 -0.079891 
0.915602 -0.190631 -0.095487 
0.853601 0.370656 0.070444 
0.927728 0.014401 0.067352 
0.747434 -0.483545 -0.095487 
0.236349 0.968901 0.045463 
-0.835736 -0.386274 -0.095487 
0.719024 0.523733 -0.095362 
0.530642 -0.483979 0.030264 
0.722656 -0.554037 0.042567 
-0.227753 0.774200 -0.095280 
-0.780786 0.043147 -0.095204 
-0.891578 -0.360025 -0.034816 
-0.606765 -0.737238 -0.087370 
-0.919990 0.083128 0.056155 
-0.646015 -0.319788 0.038701 
-0.578640 0.541999 0.061129 
-0.149898 0.794020 0.040237 
0.747051 -0.351403 -0.095487 
-0.692886 0.262877 0.007605 
0.916108 0.104547 0.054838 
0.950794 0.148160 -0.042863 
0.655211 -0.742509 0.049609 
0.263015 0.714949 -0.088085 
0.574771 -0.586593 0.025337 
-0.734520 0.666054 0.085750 
-0.261988 -0.762654 0.034986 
0.399391 -0.785590 0.022669 
-0.587417 -0.568719 0.027722 
0.765972 0.573514 0.092584 
-0.377077 0.664369 -0.088968 
-0.075584 0.722793 0.075752 
0.406615 0.809977 -0.095398 
0.990550 -0.066331 0.029792 
0.659451 -0.649690 -0.095459 
-0.790871 -0.545607 -0.017937 
0.910503 -0.305833 -0.051145 
0.194904 -0.747020 0.088158 
0.971842 -0.180737 0.018565 
0.797036 0.148571 0.033988 
0.813122 -0.402587 0.038367 
0.222681 -0.932281 -0.073118 
0.647629 0.480969 -0.095225 
-0.867254 0.267681 -0.095353 
-0.905317 0.351594 0.001361 
-0.435181 -0.794252 -0.095487 
0.386594 0.919243 0.067536 
0.212822 -0.718132 -0.005115 
0.874304 0.473481 0.027572 
0.982257 0.148730 0.033639 
0.912922 0.301012 0.092670 
0.515069 0.684178 -0.095282 
0.176649 0.949294 -0.076840 
0.496708 -0.561042 -0.044799 
-0.526231 -0.634218 -0.095487 
0.964628 -0.081132 0.092802 
-0.642143 0.655886 0.043307 
-0.405174 -0.899036 0.018105 
-0.715905 -0.494677 0.019040 
0.056215 0.989363 0.087207 
0.301502 0.693532 -0.034999 
0.748554 0.318861 0.032685 
-0.941450 0.101226 -0.094821 
-0.437220 0.629201 0.092855 
-0.089838 -0.804125 -0.095487 
-0.977219 0.155466 0.085097 
0.726114 -0.624919 0.092771 
-0.735961 0.363802 0.028845 
-0.299727 0.756224 -0.095487 
0.946290 -0.291670 0.078687 
-0.688551 -0.302241 -0.019240 
-0.834628 0.544538 0.035262 
0.247051 0.933842 -0.029257 
-0.325807 0.683630 -0.030616 
0.959362 0.074284 -0.051228 
0.411873 -0.701365 -0.095357 
-0.620838 -0.482177 0.065000 
-0.879085 0.453202 0.014979 
0.265345 0.862320 -0.095387 
-0.077616 -0.742872 0.000009 
-0.570278 -0.488372 -0.054683 
0.761564 0.185223 0.077591 
-0.290609 -0.682444 0.003753 
0.691196 0.415770 -0.095487 
-0.789435 0.608975 0.042368 
0.527126 -0.740890 -0.095392 
-0.254983 0.964931 0.040826 
0.164568 0.796234 -0.095178 
-0.687153 0.337407 -0.091563 
0.793400 0.266266 0.020776 
0.711153 -0.644371 -0.036693 
0.717759 -0.089476 0.082625 
0.580773 -0.692999 0.036435 
0.922195 -0.355352 0.019676 
0.744176 -0.108025 -0.003523 
0.443900 0.804427 0.044536 
0.289867 0.871028 0.043050 
-0.789820 -0.594645 0.019081 
-0.728974 -0.604555 0.092255 
-0.446281 0.791219 -0.095401 
-0.640423 0.435229 0.089161 
-0.289682 0.876675 0.049206 
-0.529444 0.844317 0.026045 
-0.654902 -0.480104 -0.095487 
-0.754201 -0.058045 -0.084111 
0.210582 0.770203 0.051703 
-0.242657 0.829476 0.017661 
0.047197 -0.715909 0.037814 
-0.933090 -0.084215 0.085308 
-0.247856 -0.958496 0.056833 
-0.871403 -0.419729 0.000288 
0.780687 -0.036879 0.080255 
-0.755780 0.602104 -0.027278 
-0.831071 0.334393 0.026525 
0.434817 0.862242 -0.023112 
0.643315 0.626906 -0.095381 
-0.711276 0.698806 0.032321 
-0.478319 -0.674785 -0.095487 
0.789971 -0.392631 -0.095487 
-0.955135 0.131076 -0.045731 
0.478230 0.545298 0.076446 
0.743842 0.117967 -0.037897 
-0.125759 -0.920197 0.080440 
0.440315 0.651571 0.077505 
-0.164967 0.904377 0.044226 
-0.649421 -0.581955 -0.095487 
0.600629 0.456933 -0.043853 
0.751089 0.375709 -0.095487 
-0.684029 0.381048 0.080320 
-0.637674 0.725163 -0.069751 
-0.212735 -0.828641 -0.095487 
-0.304536 -0.650854 0.055351 
0.693982 -0.190305 0.056715 
0.116871 0.989447 0.078526 
0.802155 0.262779 -0.095487 
-0.903000 -0.218597 0.069287 
-0.567425 0.450783 0.059254 
0.171938 -0.942687 -0.025127 
0.933668 -0.226193 -0.050049 
-0.561554 -0.816371 0.061245 
0.290042 0.776600 -0.095216 
0.332547 -0.638442 0.022473 
0.717953 -0.550532 -0.095487 
0.038519 0.878549 0.019649 
0.803716 0.531810 -0.043080 
-0.628258 -0.412401 -0.017283 
0.544909 0.738079 0.043379 
0.476914 -0.764614 0.034204 
0.679801 0.727803 0.062325 
-0.715666 0.565956 -0.095485 
0.755921 -0.287445 0.034196 
-0.601815 -0.758204 0.003137 
-0.440017 -0.672477 0.037680 
-0.386807 -0.642536 -0.039854 
-0.819080 0.068036 0.027386 
-0.083483 0.850236 0.017993 
0.661369 0.290589 0.039239 
-0.855058 -0.482980 0.089157 
0.630026 -0.699438 -0.094363 
-0.766176 -0.187086 0.062735 
-0.356256 0.649264 0.091568 
0.333577 0.939734 0.058301 
0.820034 -0.498172 -0.073596 
-0.117928 0.748090 -0.043116 
-0.536655 0.772493 0.086844 
-0.505581 0.693904 0.017697 
0.163488 -0.940436 -0.085904 
-0.512125 -0.847913 0.030528 
-0.818563 -0.502977 -0.044519 
0.991849 0.046137 0.052554 
0.683539 -0.439723 -0.095487 
0.700501 -0.271155 -0.029425 
0.299261 0.664773 0.083134 
0.168268 0.729175 0.092547 
-0.365794 0.894587 -0.049194 
0.843834 -0.293570 0.027691 
-0.174549 -0.879037 -0.095487 
-0.058933 -0.987981 0.045661 
0.153055 -0.802269 -0.095431 
0.621835 0.730405 -0.088783 
-0.210848 -0.935096 -0.031711 
0.345418 -0.893782 -0.072028 
0.421311 -0.846480 0.092064 
0.651676 0.380655 -0.026849 
0.866151 -0.412780 -0.068811 
-0.706953 0.657955 -0.011762 
-0.087353 -0.712957 0.071552 
-0.853380 -0.142502 -0.095487 
-0.307278 0.747767 0.040027 
-0.813212 -0.305026 0.018459 
-0.674784 -0.263674 0.083209 
0.858088 -0.220285 -0.095487 
0.265320 -0.846860 -0.095487 
0.797338 -0.556090 0.006780 
-0.907691 -0.140785 0.048651 
-0.924874 0.280032 0.092650 
-0.080881 0.940835 -0.095485 
0.808152 0.081251 0.032499 
-0.538378 -0.477288 0.043823 
0.388540 -0.679828 0.067347 
0.725037 0.203938 -0.043974 
-0.590351 -0.679375 -0.095487 
-0.271959 0.880859 -0.095460 
-0.199051 0.698372 0.028492 
0.628329 -0.495186 -0.095487 
0.709420 0.131761 0.041229 
-0.976465 0.193561 0.037440 
0.799100 -0.112113 -0.095181 
-0.063211 -0.856508 0.017850 
-0.909392 -0.391901 0.080392 
0.809369 0.095198 -0.095487 
0.932728 0.214312 0.092611 
0.468029 -0.773288 -0.095173 
0.720614 0.018703 0.039542 
0.133999 -0.943094 0.092774 
-0.504666 0.587026 -0.094933 
-0.262400 0.676599 0.059209 
0.827128 0.554009 0.043415 
0.634789 -0.399445 -0.026981 
0.867173 -0.479443 0.040983 
0.249064 -0.836109 0.019897 
0.544358 0.523569 -0.019437 
0.093260 -0.858525 0.018209 
-0.337393 0.840719 -0.095487 
-0.014777 0.966647 -0.032517 
0.514739 0.634883 0.031009 
-0.447777 0.856164 -0.064218 
0.773353 0.575296 -0.024626 
-0.502559 -0.817037 -0.029779 
0.983618 0.113983 0.082106 
-0.723878 0.011975 0.078909 
-0.612322 0.787129 0.055983 
0.980685 -0.126123 0.019003 
0.954587 -0.007179 -0.089807 
-0.653675 0.483398 0.034646 
0.672803 -0.254790 0.070923 
-0.857578 -0.232767 -0.095487 
-0.875547 0.212953 -0.095487 
0.551640 0.468515 0.058889 
0.479026 0.583920 -0.001100 
-0.419802 -0.723010 0.019877 
0.610523 0.415294 0.009132 
-0.824553 -0.552006 0.057950 
-0.299678 -0.910641 -0.065065 
-0.723916 -0.064135 0.084605 
0.734893 0.671903 0.030866 
0.101142 0.961167 -0.029066 
-0.693350 -0.592807 0.043319 
-0.769576 0.236409 0.041416 
-0.279048 -0.736954 -0.095487 
0.819672 0.017479 0.027377 
0.706505 0.408620 0.031102 
0.879646 0.392028 -0.035897 
-0.379892 -0.712890 -0.095487 
-0.644326 0.394927 -0.030799 
0.973628 0.200114 0.052942 
-0.331034 -0.672943 -0.044599 
-0.991924 -0.056397 0.024883 
-0.721117 -0.216503 -0.055061 
-0.379125 0.840157 0.047283 
0.537336 -0.751988 0.065430 
-0.737625 0.160425 -0.040181 
-0.496387 0.705866 -0.095162 
0.337377 -0.761055 -0.095483 
-0.601811 -0.681388 0.040531 
0.005727 -0.739599 0.092840 
-0.677584 -0.680142 -0.056205 
-0.074389 0.963427 -0.040545 
-0.051740 0.923204 0.051630 
0.704401 0.658835 -0.060231 
-0.154811 -0.700936 0.029557 
0.007391 -0.911792 -0.095487 
0.241386 -0.708808 -0.051152 
-0.120413 -0.973316 0.089110 
-0.967425 -0.225523 0.067181 
-0.451308 -0.881670 0.068062 
-0.209208 0.943503 -0.047983 
0.005809 0.797684 0.053115 
-0.712799 0.565918 0.035758 
0.368600 -0.882218 0.092737 
0.881833 0.241493 -0.095487 
0.842477 0.356709 -0.095487 
0.570293 0.661854 0.018868 
0.907616 -0.219118 0.084590 
0.196576 0.730562 -0.004728 
-0.710978 0.400870 -0.095487 
0.717417 -0.222810 -0.053379 
0.297214 -0.897253 0.092156 
-0.386459 -0.838507 0.062221 
0.845864 -0.392047 0.083141 
-0.756694 -0.236699 -0.095487 
0.444161 -0.603229 -0.008975 
0.902494 -0.404677 0.021343 
-0.878385 -0.012092 0.020348 
0.527692 0.591158 0.059745 
-0.206622 -0.687953 0.075886 
-0.670807 0.273848 0.072673 
0.212152 0.908441 0.068228 
-0.864562 -0.473007 0.014867 
0.886921 -0.105138 0.027286 
-0.530817 -0.608900 0.034507 
0.315724 0.747811 0.036311 
0.425895 -0.858302 -0.054479 
0.042781 0.822614 -0.095202 
0.074778 0.753141 -0.013374 
0.427256 0.761469 0.018639 
0.528854 0.807922 -0.040362 
-0.438580 -0.852751 -0.040103 
-0.898603 0.349072 -0.076029 
-0.202635 0.754398 0.086535 
-0.144958 0.986947 0.067774 
-0.730715 -0.511985 -0.095487 
-0.721772 0.046900 0.026867 
0.111406 -0.740916 -0.042999 
0.077882 0.916326 -0.095427 
0.793774 0.169201 -0.095487 
0.269850 0.744261 0.064644 
0.697911 -0.371726 -0.095487 
0.572823 0.777081 -0.018740 
0.595790 0.410051 0.061197 
0.793650 -0.592670 0.054155 
-0.885128 0.080281 -0.095389 
0.772532 -0.432468 0.023909 
0.578825 -0.476569 -0.036260 
0.216939 0.811938 0.020683 
-0.993739 0.011709 0.077778 
0.252054 -0.956600 0.027863 
-0.514103 0.521214 0.014264 
0.315014 -0.855160 0.044333 
-0.365770 0.631380 0.017790 
-0.521825 0.827437 0.092502 
0.770826 0.516280 -0.095487 
-0.963661 0.009240 -0.041545 
0.713511 -0.149414 0.088952 
-0.368939 0.715296 -0.095487 
-0.935969 -0.222050 -0.046015 
0.981443 -0.018477 0.011721 
-0.451955 0.671584 -0.095169 
-0.168175 0.931393 -0.095306 
0.104006 0.907127 0.037770 
0.672878 -0.587238 -0.095487 
0.858117 0.067290 -0.095487 
-0.699694 -0.175379 0.034212 
0.526718 0.841282 0.083469 
-0.175609 -0.760277 0.076181 
0.412023 -0.872077 0.000652 
0.418097 0.666945 -0.095119 
-0.823868 -0.013615 -0.094874 
-0.245256 0.926149 0.092565 
0.614879 0.493669 0.067795 
0.456874 0.869462 0.091583 
-0.760635 -0.236332 0.048719 
-0.822388 -0.328282 -0.095487 
-0.536489 0.643717 0.021445 
0.453024 -0.560957 0.080580 
0.869447 0.403892 -0.087067 
-0.812636 0.305129 -0.095272 
-0.205562 -0.850788 0.020636 
-0.719951 -0.676447 0.083347 
0.944709 -0.224981 0.005421 
0.047115 0.825174 0.026193 
-0.772410 0.480623 -0.095431 
-0.933141 -0.338793 0.062727 
0.934238 -0.122150 0.090152 
-0.872099 0.443783 0.092469 
0.059359 -0.925410 0.076834 
0.238531 -0.908742 0.090188 
-0.744142 -0.118091 0.092689 
-0.779346 -0.393765 0.019415 
0.875681 -0.052443 0.020485 
-0.905499 0.400428 0.015826 
0.954592 -0.112136 -0.063924 
0.484743 -0.826324 -0.056436 
-0.055256 -0.841342 -0.095487 
0.635631 0.639636 0.030336 
0.491153 0.594881 -0.094517 
0.386288 0.885146 -0.040679 
-0.792413 0.360827 -0.095307 
-0.751604 0.108559 0.092617 
-0.449514 -0.563653 0.021728 
0.563397 0.733107 -0.095442 
-0.187502 0.824170 0.019471 
0.549067 -0.562577 0.061443 
0.779285 0.429090 0.024134 
0.350312 0.670001 -0.025570 
0.452314 -0.723974 0.017546 
0.808462 0.366557 0.023382 
0.639619 0.694269 0.089356 
0.728093 0.281523 0.084586 
-0.763640 -0.533064 0.080709 
-0.143929 -0.794021 0.034208 
0.936841 0.219736 -0.061045 
0.922373 0.065018 -0.095487 
-0.198234 0.880726 -0.095487 
-0.750938 0.070393 -0.033359 
0.212218 0.955584 0.092364 
0.581358 -0.573996 -0.095204 
0.699758 -0.382683 0.044480 
-0.699758 -0.581222 -0.095487 
-0.420003 0.629775 -0.052545 
0.699914 0.549289 0.023873 
-0.130354 0.714045 0.043397 
0.517322 0.767076 -0.095443 
0.125890 -0.867266 -0.095487 
-0.027274 0.756429 -0.004457 
-0.922615 0.032668 0.054791 
0.001594 -0.989889 0.035824 
0.864712 -0.465500 0.088735 
-0.536272 -0.670311 0.017738 
-0.986657 -0.122404 0.054334 
-0.625667 -0.357805 0.071555 
-0.490239 -0.764228 -0.095487 
-0.646282 -0.749932 0.023569 
-0.720394 -0.064468 0.024568 
0.518625 0.505437 0.057399 
-0.605157 0.660790 -0.095487 
0.530918 -0.529317 -0.076019 
-0.718701 -0.310263 0.077075 
0.970122 0.021226 0.092804 
-0.353557 0.932820 0.047918 
-0.630054 0.357076 0.039424 
0.124193 0.891302 -0.095381 
-0.569009 0.797569 0.007577 
-0.150441 0.928141 0.085035 
0.113881 0.816133 0.027531 
-0.742207 -0.632825 0.008372 
0.604021 0.792352 0.074101 
0.873958 0.313208 0.064948 
-0.113553 -0.932322 -0.095118 
-0.660678 -0.311859 0.086921 
0.309507 -0.682432 -0.076611 
-0.323225 0.910781 -0.021560 
-0.078648 0.994608 0.047984 
0.114708 0.796550 -0.095158 
-0.787390 -0.550332 -0.070487 
0.572383 -0.434070 0.053583 
0.899530 -0.052479 -0.095487 
0.962481 0.234127 0.019557 
0.751572 0.030631 -0.015321 
0.645996 0.727405 0.002770 
0.609813 -0.388146 0.081511 
-0.657102 0.303699 0.032615 
-0.820441 0.508760 -0.045881 
0.841353 -0.461747 -0.048978 
-0.678342 0.610620 -0.095487 
-0.397828 -0.678244 0.061546 
-0.333394 -0.903785 0.092614 
0.671258 -0.335506 -0.033194 
-0.549312 0.767989 -0.095158 
0.664417 -0.700981 0.001757 
0.073115 -0.778368 0.070653 
0.080409 -0.949360 -0.088270 
-0.464746 -0.785192 0.044530 
0.145835 -0.874912 0.025335 
-0.947548 -0.172555 -0.012174 
0.468772 0.721950 0.017524 
0.477479 0.665985 0.029882 
-0.866306 0.237153 0.028205 
-0.768741 0.630868 0.080347 
0.185543 0.866085 0.021652 
0.579485 -0.800408 0.022057 
0.582050 0.735823 0.084548 
-0.845952 -0.376313 0.062837 
-0.208203 -0.719809 -0.060118 
0.195320 -0.787930 0.030450 
-0.648252 -0.694497 -0.091766 
0.168265 0.979689 0.019205 
0.702942 -0.294936 0.092610 
-0.839184 0.286902 0.022511 
-0.297254 -0.939419 0.017169 
0.276046 -0.735754 0.060592 
0.481904 -0.636422 -0.095361 
-0.958757 0.051774 0.092735 
0.358740 0.726082 0.037715 
-0.000538 -0.749312 -0.067541 
0.396858 -0.598287 0.049654 
0.259316 0.690554 0.090717 
-0.824029 0.526750 0.092479 
-0.267303 0.720743 -0.093107 
-0.195536 -0.909508 0.082969 
-0.797969 -0.089386 0.041599 
-0.715861 -0.441299 0.019226 
0.755437 -0.592476 -0.026004 
0.602907 0.582008 0.020854 
0.659512 -0.719227 0.091331 
0.341703 0.855207 -0.095431 
-0.707300 0.192847 0.089190 
0.704284 0.694850 0.087079 
0.771525 -0.230998 0.037088 
-0.486797 0.859955 0.089076 
-0.859351 0.440148 -0.042260 
-0.978463 -0.173360 0.036365 
-0.736977 0.317305 0.044815 
-0.345258 0.800215 0.018146 
-0.797431 0.095483 -0.095422 
0.751626 0.056529 0.092702 
-0.734038 0.243356 0.089245 
0.783587 -0.516986 0.089370 
0.907828 0.310493 -0.086019 
0.920474 0.376706 0.041631 
0.051194 -0.812789 -0.095487 
0.833111 0.448749 0.091205 
-0.993336 0.049233 0.029783 
0.772237 0.628156 0.064533 
0.185705 -0.767189 -0.095442 
-0.361915 -0.816293 0.028200 
-0.946655 0.181207 -0.067711 
0.470819 -0.868576 0.022060 
-0.713112 0.295496 -0.094669 
0.728407 0.125411 0.092465 
-0.145032 0.809521 -0.095487 
0.378178 -0.914671 0.049105 
-0.541928 -0.567686 0.066622 
0.582221 -0.744867 0.092302 
0.006899 0.771571 -0.094324 
-0.893124 -0.280801 0.085514 
0.082049 -0.745807 -0.080230 
-0.741408 0.524886 0.034710 
0.347731 0.641654 0.084629 
-0.977316 0.098554 0.011058 
-0.488777 0.833320 -0.067600 
-0.871979 0.174151 0.023787 
-0.915649 -0.294099 -0.058104 
0.819371 -0.106321 0.023946 
-0.839963 -0.130644 0.017989 
0.915239 0.298329 -0.030958 
0.728758 -0.472758 0.018972 
0.941194 0.321195 0.043819 
-0.941610 -0.313402 0.024233 
-0.716506 -0.351086 0.046179 
-0.561789 -0.777915 -0.026171 
-0.846457 0.176300 -0.095487 
0.935404 -0.041062 0.085705 
-0.413070 0.758379 -0.095424 
-0.165243 -0.944371 -0.027791 
-0.924345 0.276461 -0.016614 
-0.027157 -0.987379 0.079869 
0.803901 0.454405 -0.095487 
0.548228 0.540295 -0.092273 
-0.712609 0.212882 0.005894 
-0.731477 0.202268 -0.086737 
0.019480 0.725500 0.046853 
-0.656465 0.737856 0.012432 
-0.275910 -0.939919 0.088969 
-0.567792 -0.486804 0.092855 
-0.857617 -0.232333 0.024271 
-0.902677 0.320882 0.092815 
0.110651 -0.726223 0.007881 
-0.834202 -0.457197 -0.091674 
0.945954 -0.155315 -0.082635 
0.737904 -0.141258 -0.067285 
0.974186 0.027120 0.007062 
-0.010349 0.989467 0.013880 
-0.481796 -0.617275 0.070997 
-0.544385 0.610834 -0.095487 
-0.488395 -0.533556 0.017632 
-0.707845 0.656858 -0.058028 
0.334386 0.761346 -0.095221 
-0.882882 -0.293875 -0.095487 
-0.959335 -0.038685 0.092728 
0.427385 0.624763 -0.078785 
0.849581 -0.276637 -0.095487 
-0.363782 -0.823522 -0.095487 
0.909166 0.253831 0.089360 
-0.539511 -0.521928 -0.061950 
-0.398119 -0.606777 0.086786 
-0.584275 0.769226 -0.065176 
0.270965 -0.919095 -0.045432 
0.765059 -0.628405 0.059038 
-0.668484 0.351899 -0.052077 
0.254789 -0.796306 -0.095487 
0.621548 -0.730365 -0.045140 
0.136102 -0.824702 0.019708 
0.542649 -0.470798 0.072505 
-0.412483 0.711161 0.028911 
-0.746528 0.558552 0.070113 
0.582208 -0.667339 -0.095365 
0.687994 0.307925 -0.062945 
-0.232706 0.940078 -0.005063 
-0.591627 -0.412105 0.035262 
-0.283747 -0.879016 0.063809 
0.956457 -0.262781 0.032468 
0.659009 0.704601 -0.034498 
0.159416 0.739935 -0.055489 
-0.571010 0.690898 -0.095448 
-0.368207 -0.874471 0.092843 
0.904462 0.413357 0.063282 
-0.790032 0.263656 -0.095354 
0.294452 0.948508 0.083542 
0.967452 -0.176945 0.088442 
-0.829573 0.018626 0.023294 
-0.615589 0.448804 -0.085907 
0.874835 -0.358366 0.092447 
0.865940 0.489104 0.074165 
0.670416 -0.265118 0.024581 
-0.829746 0.390726 0.043317 
0.282231 0.681840 0.010560 
-0.088509 -0.956751 -0.003651 
-0.753035 0.034537 -0.005736 
-0.281887 -0.696114 0.092674 
0.689699 0.214749 0.053000 
-0.577560 0.509192 0.092309 
-0.055106 -0.921517 0.065310 
0.846844 -0.008942 -0.095284 
0.065380 -0.955822 -0.042265 
-0.216569 0.725637 -0.002905 
-0.971017 0.109125 0.092466 
0.209706 0.894785 -0.095426 
-0.714791 0.110216 0.051389 
0.054454 -0.987868 0.064920 
-0.267709 0.928533 -0.070438 
0.563002 -0.709040 -0.095412 
-0.822026 0.134561 0.022302 
0.141712 0.955685 -0.047765 
-0.704087 0.452463 -0.095470 
0.402219 0.803782 0.027733 
0.205689 -0.868532 0.028390 
-0.407361 0.905918 0.017979 
-0.290987 0.906762 0.092492 
0.644115 -0.320159 0.037638 
0.227503 -0.879579 -0.095250 
0.425884 -0.616718 -0.047533 
-0.220044 0.692942 0.078514 
-0.505708 0.604646 0.075463 
-0.362557 0.906201 0.092569 
-0.617778 0.690939 0.056607 
-0.901275 0.296674 -0.094606 
-0.054037 0.783616 0.082564 
-0.635395 0.713636 0.092703 
-0.686287 -0.221915 0.043650 
0.209399 0.840206 -0.095301 
0.161205 -0.710846 0.090043 
0.071518 0.983888 0.011835 
-0.901386 -0.145334 -0.095487 
-0.468754 0.556931 0.019590 
-0.911589 0.195411 0.072919 
0.021902 -0.958138 -0.014442 
0.714831 0.237358 0.092743 
-0.347653 -0.668541 -0.085821 
0.750295 -0.053713 -0.053218 
-0.535651 -0.740630 -0.095487 
-0.433935 -0.676851 -0.095487 
-0.815157 -0.119865 -0.095487 
-0.964946 0.232737 0.020022 
-0.561580 0.741410 0.065260 
-0.583090 -0.799510 0.023657 
0.605771 0.495454 -0.095111 
0.871821 0.226614 0.030906 
0.960688 -0.036416 -0.057115 
0.856939 0.063155 0.017631 
-0.005791 -0.816124 -0.095487 
-0.156321 0.749522 0.092822 
0.497174 -0.822177 -0.003862 
0.865444 -0.255396 0.033577 
-0.782965 0.564795 -0.056401 
0.755333 -0.289402 -0.095487 
0.113064 0.720824 0.082843 
0.019234 0.965816 0.092687 
0.292478 0.827478 -0.095330 
-0.328424 -0.750984 -0.095487 
0.899648 0.070160 0.032592 
-0.325605 -0.747573 0.028650 
-0.877137 -0.390200 -0.080783 
0.826103 -0.195661 0.017955 
0.689615 0.467498 -0.095487 
-0.859606 -0.051887 0.017682 
-0.276113 -0.800791 0.017972 
-0.809853 0.479171 0.086664 
-0.289991 0.731053 0.080575 
0.838405 0.474628 -0.013948 
-0.386608 0.878761 -0.088669 
-0.729838 -0.670321 0.027695 
0.751469 0.185988 -0.095487 
0.317838 -0.643223 0.066746 
0.195714 -0.917826 0.089797 
-0.712781 -0.240659 -0.009090 
0.047630 -0.887533 0.026328 
0.566199 0.494767 0.092855 
0.937111 -0.324406 0.046765 
-0.916641 -0.050747 -0.095372 
0.742244 0.614922 -0.075949 
0.347775 -0.910975 0.009754 
0.055427 0.962949 -0.081520 
0.658846 0.387144 -0.089095 
-0.314578 -0.835870 0.028401 
0.768486 -0.148328 0.075661 
-0.874862 -0.427504 0.092491 
0.555856 0.655620 -0.095289 
0.041771 0.920200 0.046768 
-0.572701 0.493654 -0.038455 
0.755502 0.628911 0.011037 
0.782249 -0.435490 -0.095487 
0.395281 0.703963 -0.095166 
0.561348 -0.633919 0.017959 
0.699151 -0.217083 0.090548 
-0.120163 0.761716 -0.093786 
0.506028 -0.594189 0.076038 
0.787536 0.190908 0.034665 
0.171982 -0.967879 0.015170 
0.945575 0.169733 -0.080129 
-0.770448 -0.340217 0.019111 
-0.802831 -0.431102 0.041199 
0.636842 -0.612752 -0.095361 
0.749245 -0.599010 -0.072408 
-0.207498 0.871408 0.025558 
-0.436229 0.586623 0.085214 
0.628208 -0.481233 0.052129 
0.060363 0.723432 0.027745 
-0.723959 -0.630783 -0.033635 
-0.062172 -0.956109 -0.068041 
-0.654001 -0.354587 0.003723 
-0.583538 0.637813 0.017730 
0.484323 0.834738 -0.064495 
-0.594479 -0.753117 -0.039429 
-0.293437 0.697753 -0.001946 
0.476083 -0.686461 0.019859 
-0.116859 -0.720818 0.010796 
-0.869702 0.379859 -0.094680 
0.319425 -0.868822 -0.095487 
0.513724 -0.546105 -0.007067 
0.585359 -0.759029 -0.049764 
-0.662704 -0.366343 -0.087769 
0.727234 0.332468 -0.095487 
-0.770302 -0.273211 0.029174 
0.880541 0.147131 0.026347 
-0.637364 -0.672135 0.067670 
0.709109 -0.180213 0.011205 
0.730351 -0.668414 0.048769 
-0.976816 -0.174642 0.079057 
-0.677563 0.549167 0.018459 
-0.470196 -0.544429 0.068983 
-0.252442 -0.948123 0.013358 
-0.775327 0.322707 0.020433 
0.569667 0.817501 0.071628 
-0.470298 -0.850663 0.092479 
-0.018845 0.861828 -0.095292 
-0.311658 0.947956 0.041437 
-0.358268 -0.900747 0.005352 
0.838025 -0.395393 -0.095487 
0.781522 0.019629 -0.095487 
-0.527399 -0.508647 0.090939 
-0.792801 -0.473668 0.058604 
-0.460483 0.867253 0.008593 
0.941455 0.109613 0.092477 
-0.960044 0.264360 0.060443 
0.093296 -0.955745 -0.004880 
-0.751790 -0.516163 0.042644 
0.761916 -0.075179 0.092046 
0.213913 0.942211 -0.054315 
0.899776 -0.010629 0.031099 
0.880894 -0.320332 -0.095487 
0.012960 0.756905 -0.055111 
-0.836029 0.078276 -0.095390 
0.477089 -0.577926 -0.001318 
0.725570 0.365911 0.033702 
0.845031 0.408478 0.087257 
-0.606896 -0.752697 0.092570 
-0.948571 0.173932 -0.013554 
-0.264012 0.709552 -0.035539 
-0.955843 -0.270111 0.052496 
0.591573 0.796289 0.017236 
-0.977507 -0.093592 0.011397 
-0.156524 0.875074 -0.095487 
-0.678137 -0.400495 0.062952 
0.794828 -0.288400 0.018272 
-0.398478 -0.598447 0.045588 
0.919708 0.141355 0.074765 
0.303610 -0.759859 0.026446 
-0.422010 -0.620416 -0.045797 
0.762568 -0.229290 -0.095487 
0.649185 -0.369570 0.000937 
0.960842 -0.046178 -0.016321 
-0.608269 0.574038 -0.095487 
-0.960480 0.031281 -0.083261 
-0.866988 0.119634 -0.095254 
-0.233042 -0.942192 0.092493 
-0.401142 -0.871253 -0.052790 
0.885566 -0.166076 0.032361 
-0.793009 -0.043586 0.053688 
-0.586208 0.427091 0.030268 
-0.135994 -0.763955 -0.095487 
0.772539 0.522227 0.075028 
0.864295 0.442861 0.000838 
0.355413 -0.798160 0.020265 
0.495280 0.726443 -0.095335 
0.438712 0.838842 -0.095068 
0.236129 0.718745 -0.055273 
0.226155 0.953820 0.007933 
0.070659 0.765126 0.092673 
-0.481501 0.637055 -0.095234 
0.239780 -0.721005 -0.092011 
0.735789 0.160530 -0.056604 
-0.592397 0.443444 0.091766 
-0.641139 -0.538492 -0.095487 
0.763470 -0.392303 0.017708 
-0.269337 0.764659 0.037717 
-0.422909 0.753204 0.017645 
0.683862 0.252008 0.014536 
0.402106 0.640009 -0.025437 
-0.441172 0.814988 0.054751 
-0.298826 0.661652 0.072441 
-0.799097 0.175948 0.030032 
0.630082 -0.345967 0.066950 
-0.939996 0.321115 0.020329 
-0.435143 0.580607 0.031739 
0.958590 0.171793 0.006162 
-0.961162 -0.062582 -0.066036 
0.144114 0.836457 -0.095261 
0.242844 -0.682543 0.014635 
0.286148 -0.677334 0.092400 
0.606077 0.608769 -0.095289 
0.616598 0.453647 -0.092778 
-0.244339 -0.876954 0.042823 
0.574779 0.489368 -0.030751 
0.281165 -0.694307 -0.048871 
-0.795715 -0.002362 0.051403 
-0.043436 -0.894742 0.030475 
0.527424 -0.800407 -0.021757 
0.301995 -0.942302 0.063978 
-0.694038 0.715547 0.065880 
-0.811045 -0.192191 0.021616 
0.536538 -0.617998 -0.095208 
0.910255 -0.321066 0.000097 
-0.216100 -0.765818 0.045438 
0.867530 -0.311074 0.056515 
0.504200 0.853197 0.016968 
-0.029526 0.825149 0.026934 
-0.695815 -0.300178 -0.088392 
0.561144 -0.493631 0.000165 
0.019529 -0.729726 0.010631 
0.800165 -0.050003 -0.095487 
-0.460575 -0.592304 -0.050802 
-0.533912 0.722676 -0.095128 
-0.926863 -0.257946 -0.028207 
0.525400 0.767415 0.064527 
0.175377 0.754620 -0.095088 
-0.485945 0.579787 -0.044568 
0.436530 0.580664 0.078642 
-0.522440 -0.729923 0.030927 
-0.365898 0.698993 0.073640 
-0.137310 -0.851451 -0.095487 
-0.758728 0.161306 0.088366 
0.843860 0.446307 -0.091168 
-0.738403 0.403749 0.019961 
0.308967 -0.675063 0.002954 
0.603048 -0.399901 0.017512 
-0.438523 0.894571 0.079180 
0.799983 -0.530240 -0.043461 
0.401754 -0.822508 0.049580 
-0.163531 -0.964916 0.012053 
-0.803122 0.447256 0.045821 
0.344763 0.672933 -0.066448 
0.596617 -0.475407 0.092372 
-0.495523 -0.723674 -0.095487 
0.106227 0.749597 -0.051041 
0.328255 0.798009 0.017613 
-0.837558 -0.471027 -0.027611 
0.694730 0.559338 -0.095367 
0.631449 -0.577804 0.017608 
-0.358019 -0.922995 0.050997 
0.221054 0.771184 -0.095153 
-0.371185 -0.863614 -0.095046 
-0.324083 0.788901 -0.095487 
-0.079437 -0.903423 -0.095487 
-0.012381 -0.958068 -0.065300 
-0.712470 0.249646 -0.072417 
0.471796 0.590578 -0.054921 
-0.721580 -0.124607 0.012015 
-0.924316 0.370775 0.036407 
0.343927 0.902755 -0.030921 
-0.036140 0.955492 0.092532 
-0.383173 0.618406 0.079541 
-0.770110 -0.022232 -0.094849 
-0.753797 -0.006073 -0.006521 
0.415492 0.887856 0.092009 
0.720490 -0.024475 0.051634 
-0.025945 -0.804369 0.035807 
0.614700 0.655673 -0.095382 
0.361860 0.890675 -0.086371 
-0.642811 0.360513 0.091120 
-0.117187 0.814694 0.028330 
0.352402 -0.625285 0.055798 
0.300251 0.882606 -0.095458 
-0.581354 -0.724931 0.078197 
0.515463 -0.500383 0.068786 
-0.409574 0.636328 -0.007591 
0.026038 -0.804819 0.035511 
-0.025367 -0.869323 -0.095487 
0.950188 0.032775 -0.092515 
0.807764 -0.210736 -0.095487 
0.662423 -0.549883 0.017923 
-0.721847 0.469772 0.017570 
-0.618237 0.701168 -0.095487 
-0.523796 -0.803921 -0.070743 
0.748031 0.281020 0.046874 
0.861332 -0.009808 0.017804 
-0.772616 -0.138812 0.073416 
-0.837445 0.441562 -0.094937 
-0.084470 0.930725 0.073608 
-0.810760 0.571531 0.017200 
0.583461 0.714621 0.050514 
-0.651188 0.581107 -0.095487 
-0.010577 -0.939481 0.090908 
-0.748045 -0.167317 0.092486 
-0.988277 0.112711 0.050031 
-0.754619 0.273395 0.044155 
-0.602464 0.456628 -0.047334 
-0.536138 0.588109 0.055476 
-0.285681 -0.693040 -0.071731 
-0.630695 0.416619 -0.067721 
-0.680777 -0.320057 -0.054108 
0.805315 0.567638 0.089296 
0.139330 0.883135 0.025131 
-0.993742 -0.020691 0.054491 
-0.661870 0.441817 0.056175 
-0.915485 -0.092525 0.050510 
0.903670 0.332548 -0.047842 
-0.593549 -0.471550 -0.084760 
-0.568748 -0.585493 -0.095487 
0.013914 0.940916 -0.095477 
0.360767 0.729383 -0.095180 
0.645135 0.587148 -0.095320 
0.716928 -0.584796 0.067147 
0.167274 -0.839413 -0.095363 
-0.195210 0.912838 0.070506 
0.685291 -0.619004 0.062582 
-0.746734 0.107698 -0.046406 
-0.079730 -0.744667 -0.039599 
0.406001 0.599953 0.031218 
0.741007 0.576368 -0.095477 
0.794356 -0.078844 0.044917 
0.840753 -0.101765 -0.095362 
0.013219 -0.717670 0.060641 
-0.554609 0.714462 0.031250 
-0.875685 0.401257 0.092708 
0.698144 -0.338908 0.083876 
0.367997 -0.795098 -0.095435 
0.333861 0.681434 0.092724 
0.739552 0.619363 0.092700 
0.075237 0.798510 -0.095151 
-0.681204 0.645716 0.083919 
0.896463 -0.342675 -0.053562 
0.460910 0.862436 0.006533 
0.988078 0.099722 0.045556 
0.145510 -0.978743 0.057588 
-0.637526 0.379422 0.007787 
-0.593471 0.786436 0.090625 
0.489778 -0.680630 -0.095457 
-0.586086 0.478100 -0.004067 
0.145202 0.710823 0.062321 
0.156779 0.839379 0.018002 
-0.096548 0.845630 -0.095487 
0.217229 -0.895524 0.059789 
-0.864325 -0.077815 -0.095487 
0.821079 -0.554657 0.038178 
-0.694368 -0.557137 0.026030 
0.170616 0.775653 0.059150 
-0.339294 -0.648878 0.091319 
-0.539298 0.542135 -0.090328 
0.915105 -0.381770 0.050684 
0.803292 0.359638 -0.095487 
0.000860 0.728505 0.081306 
0.796757 -0.024150 0.046758 
0.847480 0.285827 0.026727 
0.543153 -0.538191 0.091626 
0.644995 -0.682860 0.089538 
-0.745070 -0.111892 -0.061214 
0.714842 0.238267 -0.059849 
-0.095584 -0.744884 0.092663 
0.972875 -0.032025 0.092506 
-0.702601 0.172897 0.055894 
-0.943672 -0.094492 -0.094133 
-0.706284 -0.636352 0.092842 
0.132112 -0.919247 -0.095487 
0.778007 0.214633 -0.095487 
0.474423 0.634295 0.062139 
-0.844926 -0.321642 0.034007 
-0.406822 -0.741131 -0.095487 
0.924281 0.052941 0.062296 
-0.778744 0.529063 0.087045 
0.682067 -0.466487 0.023278 
0.357509 -0.670049 -0.092412 
0.433825 -0.752373 -0.095257 
0.288853 0.922691 -0.009945 
0.735288 -0.033150 0.009037 
-0.409909 0.705614 -0.095223 
0.802615 0.228385 0.021522 
0.895770 0.093522 -0.095487 
-0.943540 0.185070 0.092724 
-0.602147 0.755169 -0.033517 
0.840255 0.155857 0.017699 
0.235378 -0.738181 0.086236 
-0.097899 -0.984504 0.051680 
-0.109480 0.960269 -0.024109 
0.510245 0.557490 -0.018323 
-0.067247 0.896763 0.027730 
-0.413726 0.873485 -0.057136 
-0.480166 -0.630923 -0.095487 
0.434176 0.782614 -0.095371 
0.134615 0.787596 0.050905 
0.397579 0.903352 0.012669 
-0.705857 -0.407306 -0.095487 
-0.704863 -0.697462 0.039682 
0.726175 0.569610 0.051907 
-0.466301 -0.589196 0.092680 
0.319619 -0.903230 -0.015657 
-0.660932 -0.287574 0.054134 
0.115798 0.953442 0.092662 
0.694522 -0.658814 -0.081948 
0.306392 -0.907726 -0.057354 
-0.258076 -0.738193 0.072457 
-0.861527 0.305916 -0.095164 
0.153861 -0.700822 0.043581 
-0.203326 0.976976 0.042373 
-0.190536 0.761006 -0.095156 
-0.311433 0.781668 0.020479 
0.726639 0.117713 0.009613 
0.687976 0.373120 0.081441 
-0.205352 -0.687986 0.035453 
-0.640972 -0.444115 -0.095487 
0.824772 -0.491676 -0.031211 
-0.720393 0.130845 0.012985 
0.134307 0.715525 0.020424 
-0.171764 -0.832503 0.017758 
0.398278 0.714630 0.030952 
-0.147540 0.724335 0.010364 
-0.870900 -0.475683 0.054917 
0.150196 0.919581 -0.095455 
0.673612 -0.415092 0.053197 
0.624832 -0.766845 0.026187 
-0.784015 0.092066 0.063764 
0.222731 0.694792 0.017447 
0.642989 0.553566 0.018431 
0.356849 -0.650394 0.092804 
-0.605687 -0.413134 0.088545 
0.866645 0.192394 -0.095487 
0.623011 0.426287 -0.039128 
-0.197864 -0.793426 -0.095487 
0.029501 -0.771971 0.087934 
-0.036684 0.736761 0.089974 
0.125599 -0.753520 0.092298 
0.390233 0.847461 -0.095459 
-0.471557 0.612625 0.090828 
-0.342360 0.675411 -0.076022 
-0.887545 0.452639 0.058776 
-0.937496 0.089724 0.089329 
0.494388 -0.780210 0.064231 
-0.485121 -0.863596 0.052322 
0.679051 0.607933 0.037917 
0.443910 -0.634117 -0.095478 
-0.175022 -0.833549 -0.095487 
0.728413 -0.194056 -0.084377 
-0.010979 -0.838331 0.019179 
0.706673 0.222617 0.006908 
-0.788123 -0.344651 -0.095487 
0.643143 -0.631908 0.034582 
-0.691343 0.303938 -0.014980 
-0.028073 -0.723679 0.086310 
0.449181 -0.871904 0.088189 
-0.203578 -0.936513 -0.073997 
0.511653 0.537682 0.092553 
-0.394561 -0.629228 0.003355 
-0.015436 0.909994 0.035338 
-0.191128 -0.721147 0.092742 
0.673488 -0.549414 -0.095487 
-0.041651 -0.781067 0.069146 
-0.922743 -0.213678 -0.094272 
-0.042021 -0.957504 -0.034829 
0.777454 -0.562464 -0.032597 
-0.262887 -0.795886 -0.095487 
0.246381 -0.674169 0.053768 
0.887048 0.342697 0.092510 
0.575319 0.551081 0.051708 
-0.685625 0.313531 0.092715 
0.276280 0.925882 -0.051792 
-0.518304 -0.781275 0.089102 
0.007071 -0.888449 0.026193 
-0.822825 -0.493952 -0.080916 
-0.886041 0.024327 -0.095198 
0.745101 0.107907 -0.074232 
0.024987 -0.748358 -0.039798 
-0.687132 -0.226040 0.081087 
-0.667358 0.493282 -0.095363 
0.787039 -0.140876 0.043275 
0.951857 -0.156429 -0.003023 
-0.452678 0.834616 -0.094710 
-0.500163 -0.559454 -0.057889 
0.420332 -0.645107 0.089499 
-0.267473 0.785736 -0.095487 
-0.766541 0.212648 -0.095487 
-0.752589 0.046479 -0.070556 
0.641964 0.332349 0.043815 
-0.526247 -0.836935 0.080345 
-0.939991 -0.222360 0.092623 
-0.525764 0.499357 0.042421 
-0.068751 -0.755405 -0.091297 
0.686133 0.291008 0.004173 
0.926557 0.174867 0.090072 
0.075557 -0.865080 -0.095487 
-0.613925 0.589949 0.018131 
-0.040518 0.793263 -0.095160 
-0.445760 -0.758884 0.022036 
0.366673 -0.653256 -0.012579 
0.531015 0.493701 0.024091 
0.783808 0.302402 0.019855 
0.570950 -0.782055 0.092710 
-0.980863 -0.105935 0.087361 
-0.598290 -0.454187 -0.032783 
-0.898224 0.352037 -0.038843 
-0.384698 0.809963 0.026093 
-0.085835 -0.712824 0.029910 
0.687628 0.470945 0.022180 
-0.904453 -0.179783 0.053590 
0.084349 -0.712811 0.030640 
0.555834 -0.815429 0.081995 
-0.342466 0.886652 -0.094063 
-0.752817 -0.032272 -0.057361 
0.093606 -0.983498 0.022283 
-0.179832 -0.973342 0.044361 
0.093776 -0.932283 0.088987 
-0.494525 0.534044 0.080153 
0.534986 0.566661 0.087354 
-0.240874 -0.927769 -0.052270 
0.476560 -0.625869 0.058747 
-0.938984 0.002151 -0.095469 
-0.278367 0.672653 0.020826 
-0.129163 0.716604 0.080958 
-0.289682 -0.691294 -0.034931 
-0.709410 -0.250292 -0.045360 
0.687300 -0.712682 0.058755 
-0.149172 -0.734347 -0.058285 
-0.081205 0.752598 -0.042043 
-0.379361 -0.762740 0.017684 
-0.278077 -0.888394 -0.095487 
-0.456481 0.686616 0.027352 
0.772523 -0.075479 -0.095343 
-0.246530 0.965906 0.076811 
0.198575 0.977708 0.040253 
0.555765 -0.766468 -0.093265 
0.257048 0.899090 -0.095464 
-0.731614 0.630577 -0.009316 
0.668406 -0.345409 -0.082908 
0.160184 0.955120 0.092855 
-0.705890 0.369136 0.053114 
0.825486 -0.420570 0.068093 
0.967962 -0.216315 0.040818 
-0.762694 0.573230 -0.092879 
0.341796 -0.861668 0.075384 
-0.234400 0.887821 -0.095424 
-0.251863 -0.713133 -0.088706 
-0.721726 -0.023609 0.069879 
-0.742904 -0.570888 0.087301 
0.594601 0.754934 -0.085884 
-0.443888 0.831274 0.087564 
-0.626369 0.486935 -0.095480 
-0.789390 -0.265214 -0.095487 
0.894671 -0.327494 0.092463 
0.401398 -0.869398 -0.079425 
0.720523 -0.049168 0.078723 
-0.613608 -0.450716 0.092855 
-0.522531 -0.538908 -0.023188 
-0.618079 -0.586091 0.017732 
-0.058279 0.737179 0.009986 
0.414487 -0.683605 0.041143 
-0.629007 -0.411209 -0.055675 
-0.943197 -0.278598 0.012963 
0.072091 0.893467 0.026162 
-0.405734 -0.871065 -0.005492 
0.328235 0.646173 0.051215 
-0.746504 0.143647 -0.088762 
0.756745 -0.563887 -0.094377 
0.952135 -0.133681 -0.034499 
-0.967913 -0.028161 0.000870 
-0.895900 0.149329 0.035817 
-0.810907 0.184605 -0.095487 
-0.246225 -0.703803 0.092750 
-0.803136 0.038178 0.040966 
-0.411919 0.639917 -0.086618 
0.783975 -0.001048 0.074483 
0.615847 0.536508 -0.095190 
-0.545246 0.797290 -0.072902 
0.744251 0.421462 0.017763 
0.903076 -0.088693 -0.095487 
-0.767135 -0.623870 0.081734 
0.668271 0.349255 -0.036322 
-0.206818 -0.882348 0.038609 
0.639915 0.495848 0.036739 
-0.427276 -0.634170 -0.094183 
-0.447732 -0.828253 -0.094846 
0.433894 0.615247 0.000607 
0.749199 -0.237921 0.064751 
0.675894 0.254279 0.049784 
-0.376741 -0.642258 0.092780 
-0.332464 -0.899323 -0.019906 
-0.944257 -0.306510 0.074553 
-0.645381 -0.731737 0.092030 
-0.554891 -0.485579 0.007407 
0.218759 -0.964905 0.039130 
0.448405 0.749419 -0.095321 
-0.779999 0.403223 -0.095487 
-0.116939 0.939052 -0.095298 
0.926017 -0.257132 -0.033089 
0.887348 0.042462 -0.095420 
-0.057482 0.995178 0.077192 
-0.751798 0.487741 0.026566 
-0.962911 0.038890 -0.021029 
-0.774666 0.566286 0.092855 
0.883739 -0.448605 0.032374 
-0.746210 -0.104253 -0.009592 
-0.819103 -0.424726 -0.095487 
-0.721231 0.348362 -0.095487 
-0.592999 0.716524 0.061736 
0.546586 0.833580 0.045218 
-0.274039 0.846321 0.022770 
-0.196503 0.731013 -0.041936 
0.827796 0.313183 -0.095487 
0.254151 0.749049 -0.095126 
-0.807052 0.103632 0.032685 
0.327002 0.927600 0.091414 
-0.456122 -0.595201 -0.001111 
-0.914639 0.309520 -0.006673 
-0.359301 -0.625677 0.019452 
-0.160602 -0.913492 0.075498 
0.334005 -0.892158 0.092479 
-0.734328 -0.200396 0.092561 
0.671825 0.734409 0.026511 
0.616101 0.407996 0.090549 
-0.332571 -0.843317 -0.095487 
-0.930832 -0.165580 -0.094672 
-0.392370 -0.798890 -0.095487 
0.647552 -0.434516 0.078447 
-0.528874 0.540663 -0.011814 
-0.762119 -0.040769 0.092456 
-0.161159 0.953320 -0.012567 
0.473529 -0.801916 0.083447 
-0.886532 0.357986 0.092855 
0.367319 0.927034 0.038519 
-0.394199 0.649687 0.092735 
-0.961415 0.067342 -0.067349 
-0.917853 -0.326380 0.092485 
0.907316 -0.296245 -0.088848 
0.032654 -0.917886 0.054395 
-0.317175 -0.690351 0.092537 
0.295012 0.696364 -0.070656 
-0.614073 -0.586637 -0.095487 
-0.673950 -0.722731 0.019947 
0.621686 -0.681586 0.062630 
-0.689031 -0.692027 0.091690 
-0.697729 -0.658770 -0.076328 
0.558189 -0.546979 -0.095223 
-0.841433 -0.266486 0.021986 
-0.191493 -0.724258 -0.020027 
0.669741 -0.406942 -0.095487 
0.752339 -0.002018 -0.061812 
-0.789133 -0.219371 0.028298 
0.865518 -0.415550 -0.033395 
0.317360 0.836767 0.025479 
-0.666911 -0.638578 0.061268 
0.743245 0.216458 0.088665 
-0.733949 -0.168818 -0.020019 
0.727359 -0.295084 0.066914 
0.684704 0.399677 0.057580 
-0.725457 -0.318195 -0.095487 
-0.449932 0.658556 0.053264 
-0.487448 0.768886 -0.095405 
0.063552 -0.839320 0.018555 
-0.634441 0.728317 -0.013545 
0.688205 0.319985 0.092855 
0.654228 0.435356 0.075954 
-0.796658 -0.536474 0.092694 
-0.282251 0.702633 -0.066767 
0.512426 0.726080 0.023073 
-0.831974 -0.514408 0.090877 
-0.957792 0.109261 -0.018162 
-0.932625 0.246247 -0.033844 
-0.904107 -0.327496 -0.029685 
0.595407 -0.533310 -0.095476 
-0.712824 -0.130287 0.082227 
-0.038046 -0.732376 0.008609 
0.773085 -0.135772 -0.095260 
0.836406 0.478045 -0.049809 
-0.542661 -0.744936 0.057917 
0.925901 -0.181102 0.090983 
-0.128006 0.955768 0.092660 
-0.299435 -0.910786 -0.023359 
-0.900656 0.103311 0.034886 
-0.570287 0.520044 -0.092018 
-0.514240 -0.541117 0.092792 
0.259502 0.775602 0.031506 
0.168290 -0.730399 -0.067235 
0.945219 -0.297335 0.026011 
0.713273 -0.101326 0.038249 
0.511055 -0.686139 0.017622 
-0.870976 0.332218 0.071041 
0.304276 -0.714803 -0.095487 
0.339291 -0.815129 -0.095487 
0.218632 -0.944142 0.092509 
0.925555 0.265070 -0.034246 
-0.823633 0.255963 0.017678 
-0.877405 0.420411 0.002970 
-0.673785 -0.607003 -0.095487 
-0.295772 0.920388 -0.040903 
0.648425 -0.740547 0.015413 
0.569942 -0.725723 0.065829 
0.780193 0.076073 -0.095487 
0.638313 -0.432746 -0.095487 
-0.866298 -0.328612 0.063533 
0.926419 0.211297 -0.093223 
0.208291 -0.693136 0.086404 
-0.098451 -0.810002 0.027863 
-0.302990 -0.653780 0.020678 
-0.059221 -0.977620 0.012412 
-0.659471 -0.697556 -0.027283 
-0.460347 -0.641257 0.057761 
-0.660788 0.702148 -0.081837 
0.651964 0.710516 -0.075984 
0.747689 0.084941 -0.027737 
0.414421 -0.604960 0.008941 
-0.791888 0.353153 0.017938 
-0.142064 -0.891339 -0.095487 
-0.569176 0.635113 -0.095487 
0.765743 -0.610002 0.090235 
0.110837 -0.793306 0.038919 
-0.231437 0.739707 -0.094990 
-0.532125 0.534129 0.092668 
0.336207 -0.930591 0.035910 
0.657345 -0.339213 0.092517 
-0.089394 -0.782423 0.057612 
-0.810879 0.522490 -0.076242 
0.789652 -0.294253 -0.095487 
-0.748000 -0.602347 -0.060970 
-0.557916 -0.648242 -0.095487 
0.749336 -0.337078 0.025640 
0.906912 -0.125993 0.046345 
0.360025 -0.712525 0.042173 
-0.572850 0.778327 -0.020930 
0.848852 -0.510977 0.068920 
-0.678041 0.526186 -0.095452 
-0.486196 0.538197 0.042851 
0.837269 0.159976 -0.095487 
-0.890275 0.199163 0.039125 
0.032098 -0.935938 -0.095487 
0.697171 -0.278792 -0.062948 
-0.082367 0.759052 -0.088316 
-0.655158 0.395475 0.092547 
0.458532 0.849748 -0.047168 
-0.121418 0.924301 0.066784 
0.272844 -0.936198 0.009414 
-0.694045 0.346679 0.088426 
0.490654 0.787433 0.058185 
0.745352 -0.097581 -0.036348 
0.430061 0.722469 0.020363 
0.758447 0.595526 -0.052605 
0.731914 -0.619893 -0.051277 
0.493340 -0.747248 -0.095202 
0.536190 0.802127 -0.075686 
0.806444 0.115644 0.031022 
0.374279 -0.762670 0.017782 
-0.240758 0.862842 0.025673 
-0.936226 -0.222113 -0.011682 
0.198858 0.893495 0.040324 
0.397335 0.689056 0.055884 
0.010122 0.966923 -0.008978 
-0.202319 0.729712 -0.075668 
0.530845 -0.697279 -0.095374 
-0.705306 0.261627 0.092855 
0.601318 -0.470817 -0.093256 
0.230797 0.866923 -0.095375 
0.702461 0.668981 -0.002908 
0.814745 -0.339510 0.022529 
-0.707617 -0.140748 0.040088 
0.952903 -0.255421 0.085845 
0.624725 0.364552 0.064835 
0.429135 -0.749037 0.018115 
-0.136687 -0.886383 0.031230 
-0.962716 -0.027813 -0.047547 
-0.762782 -0.486985 -0.095487 
0.872029 0.189959 0.025928 
-0.824717 -0.467703 0.092316 
0.975564 -0.181168 0.052451 
0.074562 0.963510 -0.053316 
0.431857 -0.889126 0.022503 
0.548409 -0.806329 0.009381 
0.660517 -0.284392 0.057749 
-0.853190 -0.198969 -0.095487 
0.945316 0.306139 0.074069 
0.280525 -0.791983 0.018899 
-0.385458 -0.701969 0.040507 
-0.573962 -0.499166 -0.089721 
0.988255 -0.089834 0.069913 
0.226133 0.694123 0.084153 
0.342089 0.866179 0.065142 
0.519097 0.557540 -0.089081 
-0.926784 -0.021784 0.062583 
0.989758 0.067454 0.078933 
-0.748935 -0.080073 -0.049939 
-0.054208 0.964739 -0.068728 
0.577727 0.773148 -0.053030 
-0.951899 -0.144957 -0.031474 
-0.663267 0.422764 -0.095487 
0.571666 0.443108 0.069061 
0.730946 0.169345 0.092637 
0.460703 -0.551879 0.025319 
-0.293955 -0.661702 0.085660 
0.786508 0.486241 -0.095487 
0.982149 0.149382 0.068718 
-0.769456 0.075032 -0.095091 
0.792760 0.558365 -0.002695 
-0.406561 0.804305 -0.095487 
0.380022 0.616961 0.044616 
0.572541 -0.445276 0.085490 
-0.162676 0.838369 -0.095487 
0.542644 0.525282 -0.062519 
0.619535 0.611282 0.018340 
0.496621 -0.824766 0.092618 
-0.442565 -0.613180 0.092599 
0.737600 -0.076096 0.005189 
0.744100 0.004211 0.004275 
0.716445 0.487930 -0.095487 
0.965384 0.235115 0.072334 
-0.684728 0.722395 0.022356 
0.677703 0.499028 -0.095259 
-0.089033 0.791185 0.056239 
0.569131 0.694361 0.027617 
0.173234 -0.714265 0.007662 
-0.554241 0.515105 -0.020284 
0.795258 -0.578829 0.087136 
0.490583 -0.567049 -0.077316 
-0.776953 -0.209874 -0.095487 
0.729643 0.514687 0.025619 
0.898040 0.233466 0.065081 
-0.002175 -0.769399 -0.095416 
0.545759 -0.825997 0.051555 
0.496872 0.858342 0.085376 
