-0.818682 -0.503109 -0.070848 
0.833248 0.538093 0.048954 
0.540753 -0.837984 0.041676 
-0.519611 0.844787 0.034081 
-0.218943 -0.974263 0.028121 
0.968359 -0.212887 0.011816 
-0.966955 0.233540 0.021892 
0.218229 0.966268 0.041411 
0.143125 -0.809214 -0.060996 
-0.474525 -0.664284 0.067237 
0.805121 0.147834 -0.064849 
0.669278 -0.471330 -0.049779 
-0.790384 -0.128438 0.061409 
-0.641081 0.466188 0.032555 
0.468748 0.664876 -0.044410 
-0.128427 0.812118 -0.069719 
-0.420970 -0.865503 -0.071280 
-0.963032 -0.006738 -0.070475 
0.316197 -0.946709 0.052433 
0.032617 -0.995815 0.059175 
0.939611 0.312901 0.059847 
-0.942631 -0.321373 0.057465 
-0.294880 0.938301 0.065129 
0.993082 0.028861 0.044790 
0.889534 -0.447166 0.050296 
-0.673231 -0.701015 -0.065639 
-0.666313 0.680767 -0.071298 
-0.024108 0.990566 0.051262 
-0.882706 0.456185 0.042055 
0.439264 0.873348 0.066897 
0.722716 -0.685930 0.049109 
0.667033 0.722736 0.064867 
-0.078237 -0.794717 0.047444 
0.339423 -0.721507 0.019139 
0.715694 0.342219 0.014165 
0.790909 -0.072398 0.055667 
-0.334631 0.716775 0.024447 
-0.788832 0.096328 0.050985 
0.085118 0.786227 0.042534 
-0.623722 -0.497118 0.035988 
-0.771807 0.300336 -0.070760 
0.650199 0.537108 -0.071575 
0.543592 -0.648411 -0.071325 
0.742538 -0.283614 0.042865 
0.276183 0.765187 -0.052742 
-0.292858 -0.768890 0.067145 
-0.771942 -0.300326 -0.069724 
-0.507818 0.619492 0.065803 
-0.983305 -0.137235 0.061548 
-0.567674 -0.821210 0.038910 
-0.769864 -0.614175 0.067048 
-0.782375 0.611525 0.049649 
0.083334 0.921670 -0.071575 
-0.078408 -0.946300 -0.071311 
-0.208518 -0.832196 -0.071525 
-0.384776 0.861627 -0.071553 
0.867515 0.396672 -0.071428 
0.860924 -0.318294 -0.071537 
0.561722 0.580088 0.067241 
0.929160 -0.071367 -0.071575 
-0.880909 -0.170534 -0.071575 
0.388631 -0.862915 -0.071351 
0.579056 -0.560996 0.063713 
-0.768206 0.485899 -0.071394 
-0.491581 0.706719 -0.071343 
-0.986158 0.070089 0.064733 
0.956190 0.164755 -0.023915 
-0.883691 0.139704 -0.071575 
0.177037 -0.959121 -0.034179 
0.806024 -0.545789 -0.041605 
-0.197488 0.783348 0.067065 
0.545255 0.800091 -0.042546 
0.345110 0.903933 -0.055135 
-0.746420 -0.370600 0.065578 
-0.355333 -0.914813 0.067067 
0.812808 -0.171794 -0.071193 
-0.629129 0.742452 0.067153 
-0.873220 -0.460912 0.065963 
0.480759 -0.685749 0.063469 
0.365470 0.736409 0.067058 
-0.489441 -0.724440 -0.071487 
-0.196031 0.947382 -0.061008 
0.822566 0.073634 0.066775 
-0.734158 0.343635 0.067284 
0.800881 0.230847 0.062802 
-0.817961 -0.025509 -0.051148 
0.224259 -0.809584 0.061835 
0.072501 -0.808141 0.067001 
-0.051716 0.829703 0.062995 
-0.573910 -0.589864 -0.063422 
-0.906465 0.348433 -0.054850 
0.627302 0.686180 -0.071575 
0.666517 0.465375 0.067284 
0.681894 -0.617395 -0.071376 
-0.589576 0.563999 -0.058650 
-0.889479 -0.375474 -0.068735 
-0.705230 -0.425820 -0.065924 
-0.263750 0.796031 -0.071279 
-0.657522 -0.720593 0.067284 
-0.055646 0.943773 -0.071575 
-0.825255 0.226231 0.028319 
-0.357086 -0.739468 -0.051618 
-0.158783 0.951370 0.067108 
0.800801 0.280804 -0.071575 
0.613249 -0.756824 -0.034864 
0.220460 0.772346 0.066808 
0.487955 -0.776402 -0.071575 
0.004037 0.816791 -0.064903 
0.702019 -0.420933 0.067135 
0.819934 0.001479 -0.065386 
0.012453 -0.821085 -0.053383 
0.780853 0.548360 -0.071298 
0.921762 -0.321527 0.067227 
0.414855 -0.860651 0.061887 
0.218728 0.883721 -0.071575 
0.720419 0.597091 0.034334 
-0.709453 -0.569712 -0.071575 
-0.304426 -0.917427 -0.069518 
0.405475 0.792862 -0.071575 
0.260469 -0.855034 -0.071575 
-0.098748 -0.977334 0.067050 
0.054585 -0.972528 -0.062879 
0.748859 -0.373534 -0.071294 
-0.809209 -0.250247 0.042734 
0.964237 -0.090049 0.067127 
0.740078 0.428145 -0.071575 
0.924723 0.277047 -0.064023 
0.098184 0.958810 0.067102 
0.895083 0.428457 0.043860 
-0.392667 0.858397 0.049829 
0.319661 0.893264 0.061887 
-0.891615 0.338143 0.063576 
-0.588579 0.770466 -0.044080 
-0.829174 -0.016862 0.066967 
-0.467275 -0.882201 0.041775 
0.785543 -0.584084 0.067192 
0.856420 -0.444057 -0.068499 
0.935446 0.061696 -0.071575 
0.824519 -0.181673 0.044317 
-0.584003 -0.601542 0.062631 
-0.937108 -0.265157 -0.042982 
-0.190084 -0.813903 0.065092 
0.458277 0.664149 0.067154 
0.567228 0.796155 0.066876 
-0.717157 0.390674 -0.032030 
-0.441109 0.765702 0.012445 
-0.699226 0.574104 -0.071304 
0.146561 0.872710 0.012159 
-0.599600 0.648714 0.012680 
-0.734387 -0.493595 0.013686 
0.020492 0.894122 0.012159 
-0.868139 0.246639 -0.071548 
-0.126269 -0.888458 0.012159 
-0.897506 -0.079150 0.012159 
-0.491546 0.813831 -0.071403 
-0.221708 0.874728 0.013263 
0.209481 -0.940727 0.066057 
-0.093784 -0.818664 -0.064588 
0.086021 -0.904151 0.012880 
-0.433055 -0.778173 0.012445 
0.326138 -0.828422 0.012282 
0.562000 0.602079 -0.070477 
-0.561261 -0.692345 0.012159 
-0.580785 -0.783568 -0.058956 
0.550162 0.700928 0.012159 
0.379478 -0.757855 -0.071547 
-0.712899 0.691083 0.029505 
-0.183383 -0.945476 -0.071261 
-0.902096 0.035159 0.012309 
0.458753 0.759144 0.012159 
0.149166 0.803665 -0.066476 
0.810105 -0.388133 0.012159 
0.688505 -0.556473 0.013236 
-0.994945 -0.032875 0.051889 
0.628781 -0.726878 0.066074 
0.604292 -0.552975 -0.047117 
-0.781809 0.509026 0.028599 
0.773080 -0.265819 -0.054419 
0.907397 -0.215799 -0.071462 
0.723205 0.638285 -0.060215 
-0.259033 -0.880347 0.015261 
0.836560 0.349885 0.014051 
-0.814931 0.386749 0.012482 
-0.025538 -0.897980 0.012159 
-0.667757 0.475688 -0.066223 
-0.428817 0.665754 0.019010 
0.876836 -0.039731 0.014217 
-0.358015 0.760977 -0.071343 
-0.382249 -0.708675 0.064337 
-0.290960 0.915550 -0.069255 
-0.918104 0.133848 0.022508 
0.603136 -0.645186 0.013831 
0.429656 -0.772982 0.013736 
0.959361 0.206881 0.066503 
-0.833593 -0.548339 0.027616 
0.758481 0.484127 0.012424 
-0.966145 -0.117065 -0.048225 
-0.666417 -0.628022 0.014901 
0.862918 -0.265423 0.012443 
-0.855073 -0.360697 0.021270 
-0.123412 0.872593 0.012926 
0.454239 -0.682624 -0.053819 
-0.793788 -0.202182 -0.042320 
0.857061 0.167356 0.015416 
-0.814923 0.070572 -0.039252 
0.355936 0.814295 0.012159 
-0.657514 0.559658 0.020610 
0.632235 -0.483414 0.047182 
0.757949 -0.475181 0.012159 
-0.300939 0.805887 0.021522 
-0.969357 -0.229966 0.046635 
-0.798480 0.176124 -0.051449 
-0.860539 0.448998 -0.049768 
0.842731 0.479081 -0.032680 
0.631694 0.645547 0.013492 
0.922886 0.091001 0.024054 
-0.532198 0.719210 0.012159 
0.898029 -0.132531 0.013800 
-0.571102 0.550489 0.054302 
-0.966766 0.102819 -0.050470 
0.264184 0.836211 0.013919 
-0.795723 -0.405679 -0.071575 
0.469037 0.846824 -0.018988 
-0.679089 -0.417690 0.024802 
0.898558 -0.373282 -0.009512 
0.812296 -0.083959 -0.031748 
0.266737 -0.938001 -0.035443 
0.643238 0.549483 0.036235 
-0.299204 -0.806316 -0.071521 
-0.347866 -0.842302 0.013707 
-0.570976 0.664092 -0.071575 
-0.650836 -0.499834 -0.049650 
0.885033 0.252312 0.019467 
0.120543 -0.900531 -0.071479 
-0.498321 -0.820904 -0.071285 
-0.896341 -0.190585 0.015437 
0.524876 -0.754569 0.016639 
0.390004 0.714308 -0.020720 
-0.100897 0.971328 0.003334 
0.243791 -0.783643 -0.022238 
-0.810912 -0.115554 -0.043408 
0.140789 0.957950 -0.009946 
0.846683 -0.523772 0.044527 
-0.241100 -0.785209 -0.004899 
0.861614 0.214671 -0.071575 
0.119474 -0.963869 0.067224 
-0.721296 0.429085 0.054679 
0.614842 0.759592 0.003689 
0.682356 -0.695244 -0.032462 
0.509901 -0.612922 0.026096 
-0.001642 -0.906577 -0.071411 
-0.582592 -0.692757 -0.071415 
-0.778554 0.579157 -0.038502 
0.536859 0.715116 -0.071575 
-0.518956 -0.615141 0.008136 
0.482755 -0.847266 -0.023346 
0.668142 0.465291 -0.018510 
0.769291 -0.460287 -0.071502 
-0.799647 0.380945 -0.071450 
-0.894264 0.047560 -0.071575 
0.779081 0.145487 0.041484 
-0.804406 -0.445414 0.016494 
-0.751517 0.276583 0.008196 
-0.044906 -0.979591 0.000479 
0.159982 -0.848936 0.024006 
-0.200870 0.855215 -0.071279 
0.745583 -0.626211 -0.017403 
-0.118556 0.786863 0.009495 
0.721121 0.678710 0.016297 
0.028088 0.967570 -0.026969 
0.505274 0.610468 0.014068 
-0.777246 -0.589048 -0.027257 
0.379233 -0.908470 0.003876 
-0.888331 -0.087877 -0.071575 
-0.735449 -0.673940 0.018148 
-0.859394 -0.267289 -0.071575 
-0.430290 -0.699356 -0.019439 
-0.739517 -0.354164 -0.014956 
0.001044 -0.797936 0.025952 
0.720062 -0.365757 0.004622 
0.748420 0.342791 -0.069457 
0.970941 -0.020820 -0.014760 
-0.517204 0.629713 -0.022291 
-0.942887 0.194417 -0.070268 
-0.411327 0.702933 -0.050345 
-0.235017 0.962230 0.016748 
0.284489 0.927765 -0.001883 
0.714056 -0.534642 -0.071575 
0.401210 -0.700282 0.066102 
0.928899 -0.285774 -0.038261 
0.233019 -0.880623 0.013690 
0.289890 0.735172 0.040459 
-0.359422 0.922526 0.015289 
-0.155803 -0.806310 -0.015623 
0.748730 0.265146 0.012989 
0.851576 0.083326 -0.071575 
0.962756 -0.131982 -0.033317 
-0.211141 0.785934 -0.013477 
-0.868347 -0.442718 -0.029235 
0.793399 0.005842 0.040927 
-0.572130 0.797169 0.066495 
0.007695 0.790310 0.031511 
0.395976 0.890689 0.002280 
-0.780312 0.172718 0.062876 
-0.741226 -0.494448 -0.071575 
-0.623444 -0.753543 -0.001808 
0.330630 0.829782 -0.071575 
0.789674 0.202735 -0.012656 
0.767907 0.398917 0.019079 
0.155560 0.777371 0.012814 
-0.279079 -0.933191 0.067187 
0.551517 -0.724490 -0.071507 
-0.884399 0.274272 0.021634 
0.005930 0.898843 -0.071575 
-0.981064 0.159727 0.056603 
-0.396119 -0.902048 0.004073 
0.981940 0.119406 0.062490 
0.814181 0.058752 -0.009041 
-0.261016 0.747103 0.047934 
0.548253 -0.805595 -0.036742 
-0.641857 0.727667 -0.012261 
0.822249 0.453672 0.038505 
0.906169 0.345227 -0.014217 
-0.932044 0.274181 -0.042879 
0.619859 -0.680335 -0.071438 
-0.413564 -0.784789 -0.071457 
0.765017 0.319160 0.065745 
-0.451138 0.868431 0.004086 
0.876070 -0.124127 -0.071575 
0.456260 0.738034 -0.071575 
-0.693549 -0.558458 0.012333 
0.894913 -0.004980 -0.071575 
-0.498713 -0.742920 0.012159 
0.197990 -0.895456 -0.071575 
0.328457 -0.811782 -0.071575 
0.507542 0.844779 0.063377 
-0.120257 -0.968781 -0.014467 
0.599616 -0.794600 0.059002 
-0.914989 -0.396107 0.046199 
0.077214 0.809669 -0.050846 
0.775423 -0.220389 0.005108 
-0.076962 0.873122 -0.071575 
-0.900311 -0.267126 0.031185 
-0.973753 0.038446 -0.003405 
0.939488 -0.250592 0.067200 
0.410824 0.865208 -0.069753 
-0.673868 0.630657 0.021036 
-0.048404 0.914908 0.018280 
-0.762144 -0.287688 0.001173 
-0.947867 -0.196527 -0.067517 
-0.391861 0.709512 0.067231 
0.318699 -0.772428 0.065324 
-0.840758 0.154377 0.028989 
-0.939016 0.283468 0.067007 
-0.313908 0.847765 -0.071410 
-0.297853 0.877283 0.025054 
-0.726683 -0.639062 -0.068280 
0.715764 0.390400 0.067284 
-0.055445 0.811946 -0.012328 
0.093874 -0.813252 -0.000634 
0.713248 0.504361 -0.071575 
0.162498 0.930312 -0.071575 
0.536276 -0.684163 0.019472 
-0.326999 -0.731814 0.011967 
-0.818407 0.299108 0.017134 
0.796348 0.590524 0.019269 
0.104811 -0.973003 -0.001171 
-0.591373 -0.750320 0.060908 
-0.606691 -0.552561 -0.013395 
-0.794306 0.031324 0.024425 
-0.156479 -0.939428 0.053223 
-0.629343 -0.640119 -0.071442 
0.936212 -0.173836 0.060781 
-0.498567 -0.655312 -0.063681 
-0.639928 0.615839 -0.071536 
-0.127867 -0.896684 -0.071414 
0.079074 0.856339 0.021303 
-0.705131 0.492791 0.022855 
-0.917624 -0.327669 -0.018583 
-0.726780 0.643001 -0.022624 
-0.351683 -0.858029 -0.071363 
0.225634 0.809290 -0.071575 
0.328738 -0.917451 -0.059481 
-0.250576 -0.943462 -0.034488 
-0.422906 0.785200 -0.071575 
0.182142 -0.777420 0.017268 
0.904494 0.127910 -0.071575 
-0.027491 -0.962445 0.066053 
-0.849909 0.513928 0.019138 
0.605961 0.751662 -0.064178 
-0.501133 -0.808617 0.051609 
-0.838789 0.316457 -0.071509 
0.479968 0.803774 -0.071575 
0.958841 0.257512 0.020152 
0.044773 0.989823 0.037471 
-0.684232 -0.481801 0.063967 
0.821375 -0.374054 -0.071324 
-0.299388 0.757108 -0.026178 
0.809938 -0.320130 0.017733 
0.708715 0.530636 0.012159 
0.908402 0.025226 0.014116 
-0.374617 0.778312 0.019569 
0.074616 -0.841857 -0.071555 
0.762055 -0.345851 0.061980 
0.435208 -0.668712 0.016003 
-0.792901 -0.078640 0.015442 
-0.764361 -0.305323 0.067112 
0.819589 0.348949 -0.071575 
0.703962 0.409520 -0.005361 
-0.457170 0.834124 0.061925 
0.151036 -0.919319 0.022948 
-0.912318 0.394606 0.032982 
-0.833788 -0.173002 0.035538 
-0.778472 0.258412 0.067114 
0.586961 0.563915 -0.021130 
0.198142 0.826220 0.030250 
-0.972136 -0.047765 -0.009338 
0.667238 -0.625892 0.015076 
-0.049393 -0.819837 -0.014592 
0.753230 -0.542147 0.021863 
-0.016852 -0.971841 -0.066080 
0.346697 0.761147 -0.071575 
0.656531 0.712005 -0.017050 
-0.083631 0.963473 0.067150 
0.144877 -0.800746 0.067274 
0.873476 -0.369520 0.051867 
0.476272 -0.876522 0.035886 
-0.189216 -0.867472 0.013202 
0.785989 0.475914 -0.071575 
-0.141713 0.886431 -0.071415 
-0.771408 0.436390 0.012315 
0.559575 -0.598481 -0.014644 
0.218583 0.942714 -0.039835 
-0.407293 -0.870331 0.065558 
-0.238378 -0.890443 -0.071376 
-0.817778 0.522829 -0.037116 
0.281990 0.908414 -0.071575 
0.901461 -0.213492 0.021825 
0.168053 -0.983975 0.025575 
0.625059 0.619026 -0.071575 
0.826075 -0.460653 0.043503 
0.484937 -0.805515 0.032521 
0.853436 -0.253521 -0.071472 
-0.770907 -0.198682 0.031624 
-0.526863 -0.821449 -0.012796 
0.942346 0.212160 -0.065891 
0.132101 0.865919 -0.071575 
-0.686977 -0.717131 0.009755 
-0.131928 0.814509 0.066418 
-0.366143 -0.781557 0.025134 
-0.445945 -0.719146 0.049352 
0.810802 0.531350 -0.012875 
0.429518 0.672391 0.007952 
0.333063 0.742325 -0.010424 
-0.967981 -0.158006 0.002679 
-0.163093 0.956424 -0.002941 
0.368601 -0.908797 0.067251 
0.211764 0.903989 0.026951 
-0.900611 -0.021763 -0.071575 
0.022197 -0.858456 0.029024 
0.265899 -0.751926 0.028973 
-0.501551 0.781601 0.025991 
0.753370 -0.318075 -0.021776 
-0.335572 -0.916525 -0.009869 
0.781597 -0.142818 0.017558 
0.669349 -0.738065 0.018236 
0.294452 -0.891205 0.030043 
0.966400 0.089344 -0.023302 
-0.479637 0.689318 0.049220 
0.694559 -0.490646 0.036536 
-0.066033 -0.881747 -0.071464 
0.432533 0.817453 0.023873 
0.682588 -0.438286 0.002652 
0.804038 -0.243552 0.056674 
0.918350 0.172271 0.030502 
-0.722595 0.641102 0.067102 
-0.632731 -0.682865 0.022938 
-0.633310 0.513908 -0.029384 
-0.477093 -0.662128 0.001037 
-0.630809 -0.557286 -0.071575 
-0.628280 0.527113 0.067269 
0.982354 -0.029422 0.066395 
-0.725106 0.551934 0.014967 
-0.915666 0.196183 0.030444 
-0.846729 -0.111625 0.031100 
-0.036270 -0.839766 0.059845 
0.514081 0.782282 0.036763 
0.560890 -0.625173 0.060054 
0.854348 -0.052330 -0.071575 
0.018390 -0.939807 0.030437 
-0.782093 0.237112 -0.029113 
0.258653 0.926586 0.067195 
0.882837 0.312783 0.033952 
0.638951 -0.512084 -0.013878 
0.687401 0.663621 0.066326 
-0.038529 0.967413 -0.016840 
0.437831 -0.825184 -0.071531 
-0.959512 0.156300 -0.019979 
-0.949323 0.009015 0.053639 
0.518228 0.640491 0.066685 
-0.125363 -0.833404 0.058179 
0.570653 0.640939 0.022675 
0.345706 0.925255 0.012524 
-0.632799 -0.552267 0.062412 
-0.540933 0.804855 -0.025093 
0.850391 -0.472918 -0.014244 
0.983287 -0.090554 0.008464 
-0.565185 0.587458 -0.007150 
-0.822762 0.474261 0.058676 
-0.568642 0.611855 0.060461 
-0.920808 0.335879 0.003594 
-0.798238 -0.382762 0.013463 
0.706158 -0.413494 -0.052440 
-0.680971 0.428398 0.005162 
-0.832171 -0.322306 -0.071575 
-0.317472 0.763969 0.065089 
0.408474 -0.711106 -0.019294 
-0.947328 -0.087753 0.058892 
0.863466 0.275765 -0.071575 
0.400870 0.686809 0.062530 
-0.470713 -0.854709 -0.028582 
0.794786 -0.584035 0.006435 
0.806102 0.280815 0.028239 
-0.341675 0.891277 0.064786 
0.136269 0.826893 0.050743 
-0.542793 0.739395 -0.071338 
0.765437 -0.637593 0.046937 
-0.726097 0.344436 0.006060 
0.842884 -0.096415 0.035974 
0.379042 0.903746 0.066423 
-0.624667 -0.736688 -0.069981 
-0.638238 0.689729 0.039133 
-0.709181 -0.641082 0.061398 
-0.544058 -0.645978 0.053455 
0.090147 0.919202 0.022499 
-0.284001 -0.815701 0.024260 
0.432615 -0.875346 -0.005444 
-0.759071 -0.546753 0.027103 
0.313205 -0.758225 -0.048948 
0.626991 0.519251 -0.018642 
-0.814993 -0.505384 0.065059 
0.777166 0.551860 0.064819 
0.911849 0.374793 0.064343 
-0.681110 -0.457188 -0.020064 
0.807435 0.117877 -0.005223 
-0.227414 0.930327 0.066490 
-0.294335 0.935578 0.005743 
0.609387 0.710012 0.036018 
-0.753644 0.418465 -0.071505 
0.592360 0.525629 0.055205 
0.235903 0.757794 0.011440 
-0.417544 -0.724560 -0.071526 
0.586850 -0.714886 0.019745 
0.763734 0.628379 0.059596 
0.798169 -0.319700 -0.071474 
0.935136 -0.035695 0.031459 
0.699674 0.569302 -0.071575 
0.053012 0.863264 -0.071575 
0.896344 0.328204 -0.071446 
0.374267 -0.793040 0.015791 
-0.838975 0.065563 0.053903 
0.755499 0.606352 -0.022882 
0.627245 -0.584854 0.028123 
-0.815021 0.560302 0.010254 
-0.187341 0.830053 0.029493 
0.955715 -0.271240 0.014767 
0.223782 -0.970446 0.013382 
0.770513 -0.588626 -0.059881 
-0.991286 -0.096223 0.020541 
-0.441214 0.843716 -0.071575 
-0.837102 -0.292229 0.013059 
0.789167 0.223723 -0.067178 
0.621070 -0.603334 -0.071502 
-0.761973 -0.357669 -0.071575 
0.656323 -0.543906 -0.071575 
0.005530 0.940887 0.043262 
0.524856 0.831558 0.007893 
-0.244365 0.817921 0.027119 
-0.919318 -0.133590 0.022559 
0.155790 0.952590 0.067125 
0.865724 0.084620 0.017152 
0.297722 0.793344 0.033651 
-0.601132 0.713496 -0.071575 
-0.885115 0.399557 -0.017733 
-0.148052 -0.842584 -0.071531 
0.890049 -0.380500 -0.065974 
0.035880 0.827090 0.065648 
0.873677 0.419714 -0.019054 
-0.808063 0.439484 -0.071369 
0.967969 0.008328 -0.064248 
-0.786640 0.159930 0.007217 
-0.955447 0.050187 -0.071575 
-0.596787 -0.635994 0.018500 
-0.356952 -0.794306 -0.071496 
-0.219861 -0.767465 0.049307 
0.199520 -0.807258 -0.070666 
-0.022801 0.858130 0.022372 
0.716985 0.451633 0.034688 
-0.947420 -0.061759 -0.071575 
-0.714856 0.507713 -0.071297 
-0.781576 -0.546456 -0.071575 
-0.342944 0.905739 -0.036658 
-0.897611 -0.225093 -0.071575 
-0.856513 0.382995 -0.071488 
0.983894 -0.144304 0.051392 
0.433586 -0.732535 -0.071575 
-0.949815 -0.285154 0.009813 
0.628584 0.480874 0.022969 
-0.903073 -0.314093 -0.071575 
-0.615128 0.772207 0.010106 
0.833325 -0.500027 -0.060846 
-0.570883 -0.556919 0.030149 
0.865145 0.485419 0.020251 
0.448689 -0.724710 0.035373 
0.050908 -0.987032 0.006227 
-0.732677 -0.422301 0.048534 
-0.693952 0.631929 -0.071569 
-0.287501 -0.955456 0.016463 
0.267023 0.854494 -0.071575 
0.517274 0.628035 -0.049141 
0.495554 -0.653213 -0.009933 
-0.579791 0.740681 0.040889 
-0.118679 0.960860 -0.048492 
0.595034 -0.531239 0.014651 
-0.474065 0.662582 -0.035186 
-0.211959 -0.919402 0.034991 
-0.765737 0.210412 0.024683 
-0.387991 0.714869 -0.001308 
-0.809589 -0.017870 0.003256 
-0.290605 -0.768420 -0.031853 
-0.440862 -0.830098 0.030493 
0.764849 -0.420341 0.017104 
0.978080 0.171370 0.026460 
0.265394 -0.795763 -0.071575 
0.949751 0.058386 0.061951 
-0.190503 -0.957654 -0.017928 
-0.861559 -0.502086 0.016919 
-0.739289 0.348488 -0.059621 
0.952423 -0.178467 -0.060897 
-0.896376 -0.383065 -0.007380 
-0.861149 0.394660 0.053030 
0.609415 0.592392 0.030408 
0.815940 -0.025701 -0.017936 
-0.852308 0.342179 0.017746 
0.497872 0.684083 0.035010 
-0.646526 0.559243 -0.071334 
-0.553368 -0.747387 0.021625 
-0.888409 -0.017774 0.012196 
-0.791888 -0.155048 0.005374 
-0.820610 0.130217 -0.071129 
0.065024 -0.950770 0.056614 
-0.947011 -0.177608 0.066821 
-0.815448 -0.534588 -0.021944 
0.672014 0.417983 0.040863 
0.922727 -0.325742 0.001672 
0.382836 0.765391 0.024355 
0.831746 0.132696 0.048781 
-0.614572 0.592002 0.028352 
-0.071478 -0.941731 0.036468 
0.265276 -0.935186 0.067207 
0.359103 0.863904 0.035588 
0.088294 0.968585 0.000318 
-0.851920 -0.411009 0.040846 
-0.951426 -0.208128 -0.014848 
0.116584 -0.968481 -0.053696 
-0.892148 -0.340130 0.061633 
0.807038 0.401404 -0.071575 
0.737377 -0.590276 0.040081 
-0.954040 0.113247 0.066387 
0.628537 -0.540144 0.066882 
-0.084829 -0.854128 0.029542 
-0.709843 -0.694821 0.063036 
-0.800932 -0.255091 -0.071575 
-0.580385 -0.785700 -0.004616 
0.944181 -0.229532 -0.034827 
-0.848026 0.180716 -0.071575 
-0.393205 0.885438 -0.024207 
0.925663 0.290048 -0.006643 
0.718716 -0.655144 -0.061677 
-0.702801 0.435436 -0.070595 
0.574303 -0.808887 0.009725 
-0.815683 -0.162904 -0.071048 
-0.989826 0.086973 0.014286 
-0.311871 -0.895431 0.043042 
-0.536780 -0.748891 -0.071376 
-0.803310 -0.591787 0.021993 
0.365893 -0.747865 0.066127 
-0.769474 0.561888 0.063816 
0.859664 0.388911 0.047205 
0.672129 0.595447 0.012159 
-0.286800 -0.857887 -0.071416 
-0.744227 0.607901 -0.066935 
-0.730984 -0.596040 0.035876 
0.768932 -0.200826 0.053936 
-0.673911 0.728643 0.034518 
-0.249625 -0.788095 -0.067668 
-0.345284 0.854181 0.020909 
-0.511305 0.652113 -0.071241 
-0.565326 -0.595001 -0.007283 
0.614930 0.776419 0.055550 
0.112498 0.805876 -0.011765 
0.865465 -0.317712 0.019080 
-0.253117 0.862491 -0.071279 
-0.336912 -0.735497 0.066324 
0.924522 -0.368165 0.038946 
0.407950 0.717108 -0.070794 
0.841336 0.028532 0.047248 
0.839970 -0.031650 0.050766 
0.794915 -0.515440 0.047599 
-0.179534 0.800243 -0.068049 
0.199659 0.788351 -0.013459 
-0.098400 -0.809946 0.001282 
-0.512819 -0.856796 0.023296 
-0.817104 0.258432 -0.071518 
-0.833832 -0.441598 -0.071575 
0.840521 0.224871 0.016943 
0.935847 0.257075 0.067176 
-0.859827 -0.227917 0.012209 
0.764987 0.206029 0.033992 
0.720626 0.380207 -0.045978 
-0.103490 0.927061 0.030777 
-0.174410 0.896359 0.016603 
-0.793683 -0.332428 0.026116 
-0.949044 0.209033 -0.020645 
0.780268 -0.511201 -0.071575 
-0.930820 0.075647 0.027970 
-0.549803 0.655653 0.026157 
-0.431296 0.892921 0.045898 
0.751213 0.315609 -0.012803 
0.718676 -0.482957 -0.071575 
-0.233106 -0.835992 0.021075 
-0.826211 -0.074397 -0.070658 
0.368547 -0.855595 0.023755 
0.501352 -0.694159 -0.071575 
-0.823436 0.023168 -0.067452 
0.681746 0.453113 -0.066626 
-0.942083 0.289149 0.007072 
0.794674 -0.137029 0.066991 
0.703702 -0.638256 0.052803 
-0.802805 -0.559758 0.067096 
0.643043 -0.675407 0.025275 
0.549093 0.600565 -0.010582 
0.552998 0.749797 0.029814 
-0.745468 0.552287 -0.071279 
-0.470039 0.637311 0.029110 
-0.608366 0.509831 0.015015 
0.429853 0.725998 0.038157 
0.330119 -0.921803 -0.000347 
-0.276673 -0.748577 0.023197 
0.511408 0.763598 -0.071575 
-0.700212 -0.679062 -0.021508 
0.677185 0.690324 -0.061830 
-0.760520 -0.255150 0.059421 
-0.356492 -0.908078 -0.055455 
0.310496 -0.864157 -0.071575 
-0.710644 -0.409326 -0.018159 
0.945528 0.217463 -0.008156 
-0.128974 -0.951315 -0.071286 
-0.709652 -0.363268 0.025125 
0.122181 0.959314 -0.061210 
0.713497 -0.663652 -0.005574 
0.990337 0.076159 0.019380 
0.276791 0.887826 0.028329 
-0.412562 -0.683539 0.032457 
-0.612946 -0.788164 0.035056 
0.108524 -0.847867 0.033299 
-0.318475 0.797353 -0.071354 
0.168554 -0.854467 -0.071575 
-0.840240 -0.066376 0.052404 
0.820672 0.407780 0.017711 
-0.155303 -0.986331 0.034799 
0.472563 0.870830 0.029222 
-0.680936 -0.618348 -0.071575 
0.002550 -0.976211 -0.015850 
-0.140560 -0.785968 0.027769 
0.972517 0.027821 -0.002538 
0.173214 0.789183 0.067284 
-0.406758 0.816647 0.016016 
-0.743637 -0.631232 -0.006781 
0.926036 -0.127754 -0.071575 
0.577975 0.677783 -0.071575 
0.667831 -0.665363 -0.071487 
0.858718 0.033873 -0.071575 
-0.544833 -0.629735 -0.070787 
0.788662 0.339562 0.023422 
-0.823605 0.523278 0.067248 
-0.102450 0.919869 -0.071572 
0.033093 0.812673 -0.024761 
0.038736 0.948426 -0.071575 
0.672197 0.509350 0.040369 
0.547679 -0.578538 0.029236 
0.960047 0.114680 -0.065464 
0.390135 -0.811679 -0.071423 
0.665350 -0.692921 0.065913 
-0.500116 0.830458 -0.009155 
0.861799 -0.179045 -0.071575 
0.285481 -0.954672 0.014441 
-0.432232 0.680981 0.067027 
-0.257482 0.902383 0.038610 
-0.086224 0.794404 0.065283 
-0.530230 -0.596190 0.052357 
-0.683615 0.678363 0.067220 
-0.808267 0.124423 -0.023638 
0.266158 -0.784028 0.067199 
0.071233 -0.898372 -0.071424 
0.508029 -0.821408 -0.069654 
-0.668329 0.432986 0.056679 
0.498804 -0.840804 0.067213 
0.280844 -0.814694 0.025472 
0.185881 0.847218 -0.071575 
0.744517 0.589096 -0.071575 
0.946468 0.007808 0.050963 
-0.790130 0.338451 0.024282 
0.348417 0.709333 0.022352 
-0.870360 0.196156 0.012159 
-0.850541 -0.119750 -0.071575 
-0.942217 0.214073 0.067245 
-0.457544 -0.761316 -0.071454 
0.861163 -0.169531 0.014571 
-0.852107 0.103232 0.026109 
0.648400 -0.726775 -0.049371 
0.818361 -0.123661 -0.070580 
-0.248742 -0.805487 0.057471 
-0.493613 -0.698893 0.031580 
-0.088714 -0.993627 0.015458 
-0.787626 -0.490555 0.020979 
0.520213 -0.657844 0.062090 
-0.700591 0.372080 0.047417 
0.894118 0.134264 0.013276 
-0.680114 0.692515 -0.005850 
-0.841363 -0.377322 -0.071575 
0.799648 -0.168710 -0.024969 
0.790206 -0.222179 -0.065423 
0.799054 -0.416700 -0.071444 
-0.477790 0.767705 -0.071350 
0.313202 0.940056 0.052696 
0.944888 0.161799 -0.070560 
-0.550716 -0.782976 0.062606 
0.851668 0.489688 0.066189 
-0.924870 -0.238805 0.062319 
0.915811 0.221180 0.042417 
0.809566 0.101670 -0.052786 
-0.691275 -0.511612 0.027183 
-0.445829 -0.820141 -0.071349 
0.744193 -0.394881 0.051972 
0.553419 -0.771944 0.050817 
0.762545 0.259113 0.066808 
-0.759804 0.372767 0.039394 
0.421049 -0.904349 0.043628 
-0.893177 -0.444571 0.025768 
-0.752518 -0.598947 -0.069487 
-0.427235 0.727018 0.040405 
-0.478969 0.736731 0.013793 
0.565153 0.553063 0.027301 
-0.394941 -0.838400 0.019840 
-0.445417 0.728693 -0.071386 
-0.335614 -0.940545 0.031252 
-0.589903 0.620452 -0.071515 
0.967820 -0.045973 -0.060511 
-0.934944 -0.150974 -0.071575 
0.672521 0.620506 -0.071575 
0.705595 -0.366177 0.049826 
0.905014 -0.412128 0.016936 
-0.891613 0.199335 -0.071575 
-0.530130 0.785031 -0.071279 
-0.594113 0.701243 0.018979 
-0.040452 0.789504 0.026548 
-0.141397 0.980914 0.031224 
0.635814 -0.767864 0.043590 
0.573853 -0.601540 -0.070971 
-0.780970 -0.248162 -0.029390 
0.431019 -0.874507 -0.054197 
-0.847072 0.091246 -0.071575 
0.196547 -0.796820 -0.024828 
0.938576 -0.126580 0.052413 
-0.021027 -0.863820 -0.071511 
-0.777093 0.599102 0.004811 
0.138993 -0.801225 0.002783 
-0.691870 -0.495895 -0.071575 
-0.948648 -0.038458 0.053686 
-0.263828 0.760854 0.003563 
-0.638057 -0.591542 0.019727 
-0.994909 0.025813 0.053738 
0.787965 0.087358 0.039009 
0.144033 0.980200 0.030676 
-0.847884 0.473581 -0.012477 
0.390782 -0.694517 0.021237 
-0.564463 0.816030 0.024789 
0.048579 -0.796522 0.028981 
-0.799653 -0.190573 0.067121 
-0.759628 0.639518 0.020522 
0.184635 0.961079 0.004746 
-0.157047 0.775145 0.046024 
0.605743 0.548245 -0.064888 
0.781865 0.442453 0.012159 
0.825640 -0.549832 0.010248 
0.188378 -0.780318 0.062968 
0.688933 0.711846 0.017441 
-0.430748 -0.876155 -0.020088 
0.376643 0.833042 -0.071575 
0.169484 0.920953 0.036501 
0.852340 -0.220606 0.013999 
-0.794202 -0.053458 0.053989 
-0.009932 0.949412 -0.071575 
0.478773 0.810482 0.045676 
0.584561 -0.768941 -0.068750 
0.907924 0.385011 0.008806 
-0.760461 -0.242467 0.015212 
0.895848 -0.286603 0.036563 
0.852056 0.283515 0.012159 
0.488504 0.651160 -0.005223 
0.582073 0.801967 0.023772 
0.128210 0.782258 0.057888 
0.635575 0.502886 0.067284 
-0.727747 -0.324531 0.041729 
0.522198 0.671737 -0.071575 
-0.254918 0.934446 -0.048360 
0.712147 -0.583121 -0.071570 
-0.352840 0.735096 0.067221 
0.053691 0.938665 0.041967 
-0.411044 -0.746262 0.037879 
-0.901801 0.293132 -0.071357 
0.760825 0.292404 -0.050929 
0.263653 0.786696 0.064127 
0.805574 0.493786 0.052242 
-0.601593 -0.715763 0.026336 
-0.811910 0.025123 0.067254 
0.203866 -0.837887 0.025419 
-0.187570 -0.799625 -0.047178 
0.559825 0.754130 -0.071575 
0.967345 -0.085591 -0.038636 
-0.459225 -0.680561 -0.048688 
0.656992 0.490902 -0.067762 
0.663873 -0.528999 0.039314 
-0.650384 -0.461015 0.031161 
0.644865 0.679971 0.039491 
0.026400 -0.808556 0.066271 
-0.859929 0.024889 0.024234 
-0.083692 0.816942 -0.069191 
-0.948721 -0.276809 0.065359 
-0.743838 -0.448106 -0.071575 
-0.217675 0.909381 -0.071279 
-0.014068 0.858670 -0.071575 
-0.842216 -0.491260 -0.034575 
-0.834322 0.481946 -0.065121 
0.726397 -0.322400 0.027268 
0.464506 -0.647853 0.042663 
0.769132 -0.277680 -0.010769 
0.339182 -0.883174 0.043139 
0.730227 0.306160 0.040949 
-0.596466 0.555868 -0.011230 
0.431207 -0.833695 0.030299 
0.939745 0.150355 0.062955 
0.084608 -0.994726 0.034425 
0.315461 -0.753850 -0.000049 
-0.204861 0.764105 0.027529 
0.349250 -0.742383 -0.028034 
-0.625094 0.657862 -0.071395 
0.763961 0.390018 -0.071575 
-0.847990 -0.200537 -0.071575 
-0.398468 -0.915465 0.046473 
0.821187 -0.555233 0.062974 
-0.646816 0.719878 -0.063205 
0.065212 -0.818634 -0.034859 
0.894055 0.171056 -0.071575 
-0.170279 -0.912597 0.020686 
0.573851 0.780014 -0.013893 
0.431116 -0.776828 -0.071575 
-0.789246 0.545287 -0.069790 
-0.655646 0.492249 0.067126 
-0.725527 0.603023 0.044643 
0.978342 -0.134904 0.008008 
-0.784546 0.300428 0.054673 
0.881586 -0.410739 -0.025788 
0.985464 0.125262 0.018814 
-0.673612 0.523510 -0.071279 
-0.878317 -0.304789 0.022517 
-0.535468 0.690237 -0.071539 
0.451928 0.849382 -0.067936 
-0.795075 0.220330 -0.069140 
0.386061 -0.895126 -0.037560 
-0.300304 -0.854870 0.012396 
0.322089 0.842423 0.013224 
-0.153340 0.928886 -0.071325 
-0.269529 0.792953 0.053129 
0.928042 0.351379 0.028693 
-0.053504 -0.997098 0.041509 
0.844552 -0.407524 0.031336 
0.856451 0.126974 -0.071575 
-0.174966 -0.877256 -0.071440 
0.590548 -0.747234 0.059070 
-0.912035 0.251468 0.046909 
0.968983 -0.220059 0.056269 
0.792461 -0.036642 0.030222 
0.817267 0.057025 -0.064613 
0.495442 0.735244 0.012159 
0.900444 -0.076565 0.012901 
0.866389 -0.482375 0.062024 
0.023582 -0.942868 -0.071326 
-0.082966 -0.894512 0.012159 
0.025339 -0.820624 -0.011622 
-0.937547 0.156869 0.059451 
0.777254 0.245602 -0.013725 
0.610101 -0.773927 0.005178 
0.309723 0.766542 0.065910 
-0.033714 -0.820397 -0.055292 
0.338456 0.777988 0.031040 
-0.752260 0.317941 -0.016591 
0.757252 0.540311 0.027899 
-0.553269 0.598552 -0.047498 
-0.387975 0.811083 -0.071498 
-0.037762 0.812578 -0.054215 
0.992869 -0.043046 0.026620 
-0.339198 0.740618 -0.021915 
0.489229 -0.706892 0.026710 
0.760867 -0.244026 0.058004 
0.177198 -0.972142 0.066082 
0.415011 0.899628 0.042701 
-0.656064 -0.514406 0.065743 
-0.924192 0.125041 -0.071575 
-0.927077 -0.364643 0.016474 
0.481995 -0.767465 0.012661 
-0.061110 0.989355 0.029348 
-0.533226 0.585463 0.021529 
0.896129 -0.258320 -0.071366 
-0.462927 0.851005 -0.033339 
-0.800747 0.069829 0.006772 
-0.502467 -0.854820 0.064813 
-0.895486 0.420772 0.062467 
-0.539873 0.764203 0.033644 
0.018276 -0.901198 0.012159 
-0.931784 -0.107190 -0.071575 
0.419781 0.872076 -0.028620 
0.060501 0.794195 0.008662 
0.864172 0.437975 -0.056348 
-0.749378 -0.447073 0.018189 
0.699676 0.416744 -0.053667 
-0.870903 -0.420974 -0.068093 
0.837988 -0.138668 0.034996 
0.730717 -0.441350 0.031305 
0.279646 -0.855014 0.012159 
-0.315529 -0.761940 -0.065610 
-0.977526 -0.194892 0.024149 
0.910902 -0.339576 -0.036683 
-0.815421 0.125256 0.067054 
0.219315 -0.844905 -0.071575 
0.667809 -0.432213 0.044967 
0.257237 0.957018 0.027934 
-0.250760 -0.834199 -0.071496 
0.578722 -0.692171 -0.071311 
0.809096 0.018421 0.002368 
0.189456 0.791545 -0.059019 
0.742499 0.636407 0.003737 
-0.108389 0.839624 0.034537 
-0.253565 -0.965988 0.050710 
0.771185 -0.304937 0.066406 
0.969205 0.054425 -0.047442 
0.586231 0.746348 0.061851 
-0.852361 -0.012646 -0.071575 
0.114067 -0.789916 0.040849 
-0.702742 0.386026 0.007144 
-0.632570 -0.755413 0.066898 
0.722706 0.632621 0.067085 
0.901301 -0.307074 -0.071539 
0.183443 -0.941331 -0.071575 
0.105206 -0.938599 0.037032 
0.868465 0.451143 0.066871 
-0.493915 -0.628569 0.057195 
-0.745238 0.281409 0.056404 
-0.856586 -0.502480 0.062579 
0.516365 -0.845348 0.008586 
0.750836 0.375431 0.050351 
-0.321319 -0.797471 0.027955 
-0.531060 -0.626222 -0.030190 
0.529496 0.587246 0.041813 
0.872994 0.001705 0.015780 
-0.751916 0.473184 0.012159 
-0.985134 -0.071589 0.065406 
0.718310 -0.521498 0.012575 
0.233989 -0.914853 0.037285 
-0.634412 -0.687276 -0.071343 
-0.473682 -0.786162 0.015391 
0.598168 0.670193 0.012285 
-0.673809 -0.674685 0.058935 
0.829649 -0.508597 -0.018215 
-0.761545 -0.393948 0.029192 
0.711879 -0.403851 -0.009541 
0.215322 0.933812 0.067017 
0.902506 0.329693 0.067034 
-0.906006 -0.296053 0.060152 
-0.651122 0.489496 -0.001220 
0.268600 0.767711 -0.011770 
-0.171638 0.795778 -0.006542 
-0.075713 0.965255 -0.034656 
0.381047 0.889831 -0.036127 
-0.382333 -0.726830 -0.021614 
-0.959453 -0.163904 -0.037179 
0.669991 0.645701 0.028481 
-0.371609 -0.873199 0.045321 
0.390242 0.687164 0.022814 
-0.185358 -0.787318 0.005656 
0.094190 0.881721 -0.071575 
0.397430 0.867069 0.065264 
0.791737 0.048139 0.027546 
0.852914 -0.431344 0.063672 
0.454423 -0.851109 0.066997 
-0.126045 -0.928776 0.027887 
-0.872830 0.069521 0.015379 
-0.729392 -0.381728 -0.065211 
-0.877467 0.147378 0.012159 
-0.772475 -0.631640 0.022315 
0.177920 0.892373 -0.071575 
0.669993 -0.479387 0.067241 
0.019659 0.855287 0.024970 
-0.767142 0.282012 -0.029253 
0.597759 0.531243 0.007265 
-0.890731 -0.424006 0.066320 
0.692383 0.384300 0.029967 
0.219376 -0.766855 0.040042 
-0.145828 -0.799229 0.067162 
-0.908176 0.087482 -0.071575 
-0.366405 0.727128 -0.050128 
0.827130 0.183348 0.038088 
-0.933236 0.342406 0.041910 
-0.753779 -0.321948 -0.035522 
-0.596064 -0.530521 0.048370 
0.228750 -0.947866 -0.024488 
-0.276238 0.845253 0.012159 
-0.808938 0.201640 0.064050 
0.526991 -0.627879 -0.014766 
-0.078295 -0.831104 0.065551 
-0.800147 0.472308 0.024973 
-0.336015 0.886128 -0.071530 
0.608667 -0.719574 -0.071288 
-0.702788 0.668054 -0.055417 
0.242878 -0.891564 -0.071575 
0.825705 -0.252289 0.021630 
-0.612973 0.567771 0.060782 
0.093740 -0.940045 -0.071322 
-0.797256 -0.458974 -0.071575 
-0.455291 -0.744879 0.018257 
0.176505 -0.889697 0.012665 
-0.464194 0.809593 0.030609 
0.045859 0.789389 0.055166 
0.068953 -0.855058 0.029780 
-0.467225 0.874517 0.045405 
0.815739 -0.052085 -0.059869 
0.794620 0.172481 0.067119 
0.936610 -0.082835 0.038654 
-0.864345 0.240607 0.012159 
-0.031629 -0.940026 0.030806 
-0.549266 -0.806333 -0.042634 
0.901830 -0.174801 -0.071575 
0.473596 -0.843389 -0.068620 
0.675669 -0.504493 -0.071575 
-0.943912 -0.129436 0.059956 
-0.968052 0.116414 -0.002261 
0.895889 0.054671 -0.071575 
-0.001301 -0.998839 0.037857 
-0.817402 0.033460 -0.024089 
-0.154335 -0.963424 -0.034849 
0.690934 -0.718520 0.048777 
-0.538184 -0.820741 0.067067 
0.836379 0.183605 -0.071575 
-0.982719 0.151953 0.017379 
0.830374 -0.220841 -0.071513 
-0.928797 -0.359944 0.056236 
-0.827312 -0.469111 0.053596 
0.905142 0.280709 0.057383 
0.781578 -0.351837 0.027626 
0.497333 0.830482 -0.041927 
0.746433 0.470599 -0.071575 
0.306031 0.862683 -0.071575 
0.808163 0.442816 -0.071575 
0.139223 -0.940972 -0.071501 
-0.814605 0.426133 0.018392 
0.748467 -0.334612 -0.062978 
-0.897969 0.100220 0.012621 
-0.013612 0.987965 0.013001 
-0.660087 -0.746184 0.013304 
0.891074 0.381354 -0.043359 
0.528707 -0.602070 0.062808 
-0.938151 0.233412 -0.064435 
-0.231222 0.780809 -0.054377 
-0.802282 -0.288483 0.034644 
-0.970147 -0.077073 -0.042880 
-0.978186 -0.009859 0.000650 
0.094335 0.986109 0.038600 
-0.449492 -0.857601 0.067274 
-0.870394 -0.047926 -0.071575 
-0.173981 -0.779064 0.047883 
0.043658 -0.869935 -0.071495 
-0.081922 -0.972450 -0.023555 
-0.658610 0.712368 0.067149 
0.513916 -0.803666 0.059364 
-0.974845 0.195331 0.015486 
0.044723 0.906398 -0.071575 
0.542287 0.829569 0.043304 
-0.500465 0.614402 0.018579 
0.850891 0.324896 -0.071575 
0.797646 -0.480838 0.025004 
0.256903 0.933335 -0.040039 
-0.038966 -0.797576 0.049408 
-0.121031 0.804909 -0.025467 
-0.179309 0.924885 0.046383 
-0.077567 0.889136 0.012159 
0.505079 -0.648024 -0.063194 
0.485741 0.623812 0.045527 
-0.883602 0.312241 0.031914 
-0.003075 0.813817 -0.009362 
0.648682 0.717539 -0.061337 
-0.700161 -0.667695 -0.063731 
0.130395 0.932328 0.045040 
-0.371583 0.916395 0.060669 
0.705748 0.663089 -0.035329 
0.413886 -0.737438 0.048256 
0.874551 0.352667 0.045291 
0.825454 0.477992 -0.071496 
-0.138241 0.910829 0.020862 
-0.695351 0.427427 -0.032972 
0.953311 -0.190405 -0.016515 
-0.576019 -0.654140 -0.071493 
-0.740854 0.510762 0.012159 
0.638724 0.582320 -0.071575 
-0.231279 -0.928957 -0.071293 
0.547884 -0.782318 -0.071575 
0.782567 0.165555 0.008061 
0.937310 0.250834 -0.026855 
-0.755118 0.608729 -0.028263 
0.193433 0.766530 0.039207 
0.906186 -0.170253 0.019769 
-0.571037 -0.730175 -0.071363 
-0.789869 -0.209127 -0.000834 
-0.350087 0.820324 -0.071432 
-0.326126 0.936454 0.030010 
-0.309406 0.755796 -0.063817 
-0.224516 -0.938522 0.066524 
0.893002 -0.047686 -0.071575 
-0.972760 0.012665 -0.032546 
-0.384350 -0.885288 -0.070224 
0.279548 -0.771742 -0.012649 
0.362254 -0.929758 0.031630 
0.426656 0.692644 -0.025111 
-0.805441 0.580652 0.054494 
0.841710 -0.408233 -0.071461 
0.593030 -0.596877 0.058670 
0.698893 0.702025 0.056872 
0.686587 -0.705779 0.004672 
-0.758836 -0.577684 0.059720 
0.290303 -0.830203 -0.071575 
-0.421345 0.872087 -0.054088 
-0.882992 -0.124855 0.012159 
0.921556 0.025495 -0.071575 
-0.825563 -0.099591 0.065929 
-0.506709 -0.773314 -0.071369 
0.883550 -0.086119 -0.071575 
0.106619 0.836794 -0.071575 
0.946037 -0.308197 0.027087 
-0.804416 -0.153445 -0.031199 
-0.728053 0.316032 0.040882 
0.928924 -0.032717 -0.071575 
0.771978 -0.548916 -0.071575 
-0.754471 0.246863 0.032641 
-0.953210 0.050135 0.062757 
-0.664644 -0.528403 -0.071575 
0.591495 -0.635831 -0.071458 
-0.053671 0.905264 -0.071575 
0.269664 -0.922977 -0.070809 
0.862097 -0.498609 0.019773 
-0.224475 0.941975 -0.026079 
-0.988867 0.111110 0.050217 
0.244223 -0.826420 0.025871 
0.321806 -0.908085 0.066700 
-0.615840 0.535936 -0.059152 
0.080906 0.833557 0.052197 
0.653138 0.657768 -0.071575 
0.567032 -0.661199 0.018580 
-0.032757 0.795820 0.063607 
-0.183351 -0.963026 0.067088 
-0.331085 0.783604 0.029609 
0.870804 -0.443800 0.000110 
-0.865592 -0.265814 0.012631 
0.838491 0.522928 0.012260 
-0.543133 0.822169 0.064704 
-0.704405 0.586339 0.017357 
0.654315 0.448768 0.013137 
-0.361905 -0.716166 0.011251 
0.916359 0.240512 -0.071575 
-0.585730 -0.563701 0.067280 
0.969773 -0.058537 -0.009079 
0.639664 0.757071 0.032547 
0.058445 0.897819 0.012665 
0.744756 -0.616215 -0.065304 
-0.629562 -0.514501 0.002558 
0.292857 -0.742608 0.054115 
0.947893 -0.287364 0.062415 
0.646512 -0.464942 0.017180 
0.554284 -0.813017 0.066948 
0.673852 0.556498 0.014837 
-0.694194 -0.392926 0.049337 
-0.694471 0.472124 0.052866 
-0.235178 0.779011 0.067169 
0.774441 -0.550136 0.054431 
0.113876 -0.822555 0.067024 
0.809000 -0.114608 -0.009691 
0.494535 -0.626624 0.057900 
0.370780 0.732055 -0.068894 
0.568237 0.616004 0.051040 
-0.942997 -0.244574 -0.009127 
-0.856543 0.050464 -0.071575 
-0.028896 -0.859225 0.028254 
-0.149981 0.835602 0.031167 
-0.364908 -0.759477 0.057937 
-0.148641 0.844014 -0.071407 
-0.137920 -0.809561 -0.056268 
0.486303 0.684365 -0.071575 
0.029607 0.972230 0.067242 
-0.799148 -0.562432 -0.002343 
-0.519344 -0.672698 0.040342 
0.782960 -0.354236 -0.071284 
-0.863546 0.480666 0.063371 
0.358184 0.872650 -0.071575 
0.421594 0.757174 0.017733 
-0.423743 0.839112 0.041019 
-0.957109 0.270250 0.035863 
0.795696 0.318029 -0.071575 
-0.393969 -0.892662 -0.032245 
-0.185822 0.973462 0.053241 
-0.701072 -0.430383 0.067126 
0.139307 -0.878181 0.012780 
-0.528684 -0.774649 0.028991 
-0.054053 0.943536 0.055647 
0.810576 -0.103099 0.067164 
-0.931926 -0.020105 0.025633 
-0.034898 -0.923824 -0.071370 
-0.269738 0.768003 -0.046295 
-0.178730 0.901390 -0.071279 
0.452800 -0.683624 -0.016442 
-0.255508 -0.767323 0.066164 
0.347673 -0.777561 0.037011 
0.828062 0.312133 0.012337 
-0.758606 -0.647673 0.054983 
-0.900208 0.366595 -0.008801 
0.878152 0.197987 0.012365 
0.080676 -0.972224 -0.036207 
-0.803867 0.065864 0.066530 
0.468622 -0.719731 -0.071575 
0.817228 -0.287662 -0.071575 
0.438707 -0.706287 0.066157 
-0.629708 -0.526053 -0.032820 
-0.522588 0.680885 0.023490 
0.733752 0.339266 0.067284 
0.743412 -0.615405 0.067087 
0.630338 -0.522772 -0.055429 
-0.787598 0.123175 0.012710 
0.947459 0.105657 0.063858 
-0.536046 -0.665817 -0.071532 
0.106462 -0.815049 -0.060394 
0.223090 0.943842 -0.002999 
0.241740 0.776651 -0.044946 
-0.656391 -0.545308 0.034689 
-0.808417 0.266950 0.032542 
0.497840 0.729144 -0.071575 
-0.849593 -0.016569 0.036110 
0.439342 0.814785 -0.071575 
0.048921 0.974450 0.002794 
0.316688 0.875477 0.029621 
-0.621229 0.773742 0.046529 
0.706931 -0.597357 0.020371 
0.218691 0.870825 0.012272 
-0.323486 -0.935283 0.065693 
-0.780489 0.261402 -0.068148 
-0.777507 -0.222944 0.065226 
0.116132 0.845902 0.026426 
-0.306615 -0.737332 0.045449 
0.902588 -0.386413 0.066830 
-0.886725 0.395354 -0.054279 
-0.808588 0.337488 -0.071575 
0.367928 -0.707685 0.052377 
0.498477 -0.741122 -0.071575 
-0.855086 0.419781 -0.071318 
0.675995 -0.663761 0.046320 
-0.658804 -0.480313 0.001106 
0.165586 0.796507 -0.024288 
-0.676121 0.507903 0.039420 
-0.438869 -0.675826 0.007339 
-0.673195 -0.705873 -0.022294 
-0.787032 -0.120028 0.025917 
-0.860256 -0.345789 -0.071575 
-0.492397 0.649704 -0.004284 
0.962663 0.125113 -0.029996 
0.792162 0.557537 -0.037756 
-0.727240 0.473320 -0.071489 
-0.124400 0.963705 0.067218 
0.472822 0.710536 0.026684 
-0.871423 0.431306 -0.006039 
-0.303146 0.730755 0.036314 
0.804794 0.575041 0.059672 
0.407930 -0.811507 0.013208 
0.441845 0.886569 0.017644 
-0.582847 0.790729 0.006174 
0.580407 0.714092 -0.071575 
0.053527 -0.919965 0.017081 
0.975613 -0.177266 0.012290 
0.037192 0.830027 -0.071575 
0.804376 -0.078818 0.003278 
-0.690844 -0.720490 0.045867 
-0.750261 -0.622508 -0.042024 
0.395455 -0.761567 0.028494 
0.698930 -0.457895 0.063760 
0.455253 0.648006 0.015184 
-0.563755 0.558625 0.014629 
-0.615789 0.498770 0.048636 
-0.763971 0.540319 0.031589 
-0.203921 -0.905337 -0.071362 
0.444139 -0.668890 0.063756 
-0.795892 -0.010486 0.054591 
0.003131 0.812052 0.067149 
-0.419705 0.894382 0.011778 
-0.035444 -0.974971 -0.035383 
0.972722 0.164807 0.064046 
-0.098123 -0.865406 -0.071495 
-0.375820 0.835393 0.017871 
0.422762 0.844217 0.053724 
-0.546119 -0.581685 0.021933 
-0.675034 -0.580148 -0.071575 
0.342786 0.920555 0.065349 
-0.613392 0.717310 0.046874 
0.990927 -0.079604 0.041819 
-0.639586 -0.605683 -0.071575 
0.637448 0.606877 0.013232 
-0.214682 0.810428 0.050905 
-0.222701 -0.952060 -0.003032 
-0.862876 0.440003 0.067237 
0.209739 -0.975732 0.051340 
0.771121 0.594104 0.067284 
0.928095 0.125394 0.032864 
-0.635879 0.660926 0.017888 
0.696071 0.421015 0.067284 
0.791495 -0.203275 -0.029919 
-0.973935 0.202503 0.050598 
0.738822 0.343855 -0.034941 
0.930264 -0.243277 -0.069037 
-0.715177 -0.534352 -0.071575 
-0.969799 0.076457 -0.013465 
0.819536 0.554470 0.013016 
-0.395173 -0.703961 0.006479 
0.356456 -0.834017 -0.071513 
0.146201 -0.964489 -0.016909 
-0.752871 0.621468 0.067199 
0.786298 -0.109394 0.029239 
-0.502578 -0.649175 -0.028751 
-0.183918 0.862165 0.012873 
-0.799193 -0.370168 -0.071575 
0.818139 -0.428498 0.019698 
-0.330834 0.912144 -0.003717 
0.949530 -0.050030 0.060776 
-0.833907 0.442280 0.043546 
0.948988 0.290465 0.033878 
0.021079 -0.975248 -0.046197 
0.398226 -0.717187 -0.052807 
0.746347 0.576860 0.047862 
0.217260 0.926828 -0.071575 
-0.900539 -0.140962 -0.071575 
0.058978 0.966304 -0.048607 
-0.808841 -0.124536 -0.001657 
0.577966 0.776558 -0.048927 
-0.364682 0.702866 0.045477 
-0.193904 0.967946 0.010229 
-0.636970 -0.739065 -0.031171 
-0.534807 0.644456 0.056226 
0.697556 0.624116 0.034610 
0.403638 0.800741 0.012159 
0.991687 0.003057 0.013855 
0.254341 -0.965323 0.052321 
0.255989 0.806425 0.035836 
0.966086 0.228670 0.039558 
-0.399673 -0.789564 0.013788 
-0.099399 -0.970367 -0.054129 
0.114228 0.781831 0.023105 
0.860669 0.123828 0.017326 
-0.565535 -0.650649 0.025738 
-0.727705 -0.539873 0.012520 
0.649192 -0.726694 -0.008339 
-0.437004 -0.890458 0.064785 
-0.664560 0.589515 -0.071441 
0.521249 0.800502 0.066059 
0.785870 0.359080 -0.071575 
0.889793 -0.330965 0.055918 
-0.926977 -0.298222 -0.051206 
0.731601 -0.328250 0.062850 
-0.200598 -0.831305 0.033650 
-0.500379 0.850951 0.062866 
0.810372 -0.449992 -0.071504 
-0.454445 -0.855198 -0.068877 
-0.273344 0.952636 0.041421 
0.812631 0.246662 0.032927 
-0.948065 0.159722 -0.070577 
-0.525454 -0.700388 0.017005 
0.540720 -0.616381 -0.057417 
-0.725486 0.381049 -0.064670 
-0.860619 0.289079 -0.071399 
-0.889714 0.380239 0.067244 
-0.473963 0.676495 -0.070918 
0.706435 0.357298 0.047207 
0.831071 -0.336462 -0.071428 
-0.796312 -0.562204 -0.038970 
0.749878 0.430400 0.019403 
-0.405598 0.762175 0.019870 
0.930513 -0.287568 -0.003078 
0.823956 -0.070046 0.066732 
0.349368 -0.891978 -0.071543 
-0.767650 0.329959 0.062558 
-0.443241 -0.663687 0.051738 
-0.816797 -0.058099 -0.038756 
0.030816 -0.955831 0.061177 
-0.548221 -0.785558 -0.071290 
-0.895270 0.226641 0.020218 
0.886977 0.052664 0.012139 
0.787439 -0.571997 -0.028059 
0.810977 0.020765 0.067081 
0.561138 -0.738387 0.021089 
0.305052 0.770374 -0.071531 
0.541012 0.658470 0.027807 
-0.628377 0.619976 0.012894 
-0.693421 0.640942 0.047874 
0.317310 0.915743 -0.005104 
-0.854605 -0.468881 -0.010992 
-0.448094 -0.890629 0.014086 
0.693364 0.660633 -0.069572 
0.314841 -0.799496 0.027660 
0.332780 0.725200 0.064596 
0.651264 -0.559921 0.026970 
0.669967 -0.703138 -0.063827 
0.705241 0.483139 0.026397 
0.195613 -0.924966 0.038537 
0.838272 -0.289714 0.012491 
0.618025 -0.501338 0.021217 
-0.813296 -0.093376 -0.016978 
0.375003 -0.873701 0.052500 
0.363446 0.727602 -0.002967 
-0.790645 -0.087530 0.049308 
0.546498 0.799760 -0.006430 
0.926567 -0.206796 0.057168 
0.010269 0.990953 0.038139 
-0.072761 0.788595 0.014453 
-0.415668 0.751489 -0.071568 
0.687846 -0.558706 -0.071575 
0.186573 0.950158 -0.029531 
0.183452 0.888743 0.014651 
0.764032 -0.404370 -0.071358 
0.346480 0.799315 -0.071575 
0.461384 -0.754652 -0.071575 
-0.700776 0.527708 0.014479 
-0.842364 0.223962 -0.071575 
0.386131 0.912713 0.026698 
-0.042424 -0.799892 0.012423 
-0.665639 0.705083 -0.034285 
-0.063572 -0.833408 -0.071352 
-0.775431 -0.492089 -0.071575 
0.773247 -0.181658 0.025874 
0.126758 0.926989 -0.071575 
-0.923552 0.302850 -0.026215 
-0.552876 0.578856 0.060127 
0.837809 -0.368338 0.015416 
-0.267249 -0.846195 0.013285 
-0.908453 -0.233947 0.030709 
-0.352909 -0.741559 -0.012425 
0.792806 0.479183 0.024135 
-0.994267 0.053960 0.021710 
-0.824375 0.404415 -0.071374 
-0.371563 0.754659 0.043931 
-0.271600 -0.898053 -0.071338 
-0.334899 0.822944 0.012159 
0.324566 -0.738622 0.065871 
-0.127382 -0.958923 0.067235 
0.815574 0.028297 -0.044892 
0.222990 -0.774688 0.007127 
-0.585126 0.743491 -0.071424 
-0.709616 0.398146 0.067284 
-0.303371 0.894746 0.053680 
0.164489 -0.804380 -0.035014 
0.905938 0.202891 -0.071575 
0.791824 -0.279526 0.057358 
0.793117 0.191134 -0.058496 
0.881891 0.405006 0.067186 
0.788963 0.515400 -0.071575 
-0.828448 -0.403145 0.017636 
0.722514 0.376435 -0.012321 
0.918203 0.312019 -0.051201 
0.763865 -0.631875 0.010570 
-0.783862 0.129514 0.046258 
-0.889607 -0.397000 -0.042591 
0.827170 0.504218 -0.049186 
-0.592032 0.617196 0.026741 
0.430992 0.706444 0.065753 
-0.124882 0.780839 0.054826 
-0.227563 -0.789418 -0.035606 
0.379455 -0.727263 -0.026346 
-0.986090 -0.142871 0.026899 
0.859215 -0.067495 0.022085 
-0.311228 -0.925174 -0.037327 
0.799225 0.382260 0.012159 
-0.609730 -0.588465 0.045059 
0.754670 -0.248052 0.025034 
-0.737003 0.444733 0.022628 
-0.871637 0.015096 -0.071575 
-0.888236 -0.373315 0.066577 
0.803213 -0.252732 -0.071575 
-0.248197 -0.907660 0.031905 
0.775864 0.617323 0.020666 
-0.848788 -0.438085 0.061332 
0.110399 0.812944 0.067267 
0.263408 0.747442 0.057303 
-0.927156 -0.194545 0.045523 
0.753796 -0.508570 0.013772 
0.651948 0.737648 0.007935 
0.709071 0.609938 -0.071575 
0.804870 -0.485620 -0.071573 
0.610800 -0.545984 -0.011154 
-0.628211 0.738428 -0.041058 
-0.417526 -0.689725 0.065134 
0.689038 -0.442347 -0.050204 
-0.658507 -0.659557 0.023466 
0.029608 -0.841239 0.059086 
-0.002068 0.839280 0.048148 
-0.625389 0.585549 -0.071503 
-0.016129 0.962048 0.067076 
0.910405 0.094865 -0.071575 
0.854674 -0.369853 -0.071290 
-0.318739 -0.868077 -0.071369 
-0.436197 0.688177 -0.033399 
-0.388071 0.912662 0.029618 
-0.557767 0.697542 0.012159 
-0.299782 -0.952330 0.049116 
-0.655917 0.485798 -0.034153 
0.261338 0.788551 -0.071575 
-0.966393 -0.118558 -0.014782 
-0.385158 -0.733434 -0.068830 
-0.232572 0.809662 -0.071279 
-0.704509 -0.613771 0.025717 
0.847127 -0.148996 -0.071575 
0.500366 0.855254 0.019116 
0.735227 -0.453933 -0.071521 
-0.215214 -0.971388 0.061539 
0.335474 -0.768547 -0.071575 
0.423946 0.746396 -0.071575 
-0.486109 0.817536 0.063061 
0.698157 0.453967 0.062426 
0.587909 0.623073 -0.071575 
-0.725089 0.676582 0.056962 
-0.330508 -0.768193 0.064775 
-0.507676 -0.686397 -0.071535 
-0.821135 -0.205007 0.046139 
-0.088591 0.808663 -0.018960 
0.061007 0.961167 0.067093 
-0.867091 0.481334 0.013583 
-0.786142 0.406551 0.012669 
0.780436 0.424424 -0.071575 
0.621704 -0.567225 -0.071559 
-0.857310 -0.055169 0.026229 
-0.355858 -0.714685 0.043856 
-0.261148 0.829084 -0.071279 
-0.880207 -0.428379 -0.000094 
0.719762 0.561638 0.016148 
-0.367868 0.892708 -0.065191 
-0.972541 -0.026328 -0.034565 
0.682889 0.438599 -0.000114 
-0.938869 -0.333759 0.017315 
-0.687197 -0.463221 -0.069680 
0.474101 -0.735012 0.016903 
-0.909436 -0.043210 0.014030 
0.633147 0.511612 -0.050194 
0.305641 0.918418 -0.050788 
-0.896691 0.414857 0.009150 
-0.865041 -0.230497 -0.071575 
0.151503 -0.882713 -0.071575 
-0.675870 0.457059 -0.040238 
0.295294 -0.781878 -0.071492 
0.389743 0.851815 0.036836 
-0.590087 -0.676369 0.012159 
-0.298774 0.921445 -0.023691 
0.811563 -0.211554 0.058952 
0.015137 -0.993034 0.009526 
-0.818592 0.000157 -0.022804 
-0.473805 -0.826550 0.055689 
0.266058 -0.908904 0.041760 
-0.735914 0.659840 0.010121 
-0.279132 -0.935119 -0.020411 
0.480045 -0.637496 0.014473 
0.118290 0.889549 0.012159 
-0.508902 -0.656504 0.067015 
-0.536587 0.609932 -0.000205 
-0.765408 0.579249 -0.068659 
-0.470964 0.663154 0.067169 
0.845065 0.429675 0.058336 
-0.261103 0.936377 0.067223 
-0.929351 0.321093 0.066584 
0.625129 0.739313 -0.040583 
0.793094 0.267220 0.058019 
-0.560787 0.790342 -0.046792 
-0.288362 0.748949 0.066514 
0.088290 -0.973920 0.067120 
0.684776 0.520531 -0.071575 
-0.937901 0.031346 0.032606 
-0.979949 -0.178701 0.052492 
-0.940588 0.079339 -0.071575 
-0.158397 -0.857996 0.018742 
0.400079 -0.841580 0.024045 
-0.607334 -0.779683 0.066131 
0.898729 -0.349021 -0.067018 
-0.537846 0.826862 0.009275 
-0.597061 -0.754072 -0.071281 
-0.281344 -0.934048 -0.052960 
-0.450413 0.802753 -0.071544 
0.544868 0.648278 -0.071575 
0.485322 0.783707 0.021440 
0.633767 0.751566 0.065091 
0.305156 0.753884 -0.042958 
0.739642 -0.565603 -0.071575 
0.569788 0.581298 -0.042641 
-0.739435 -0.556049 -0.071575 
0.105716 -0.878289 0.013896 
0.803604 0.139110 -0.033554 
-0.909428 -0.348664 -0.042025 
-0.850450 0.302098 0.012469 
-0.725735 -0.380508 -0.001808 
-0.282002 -0.796387 0.053624 
-0.470883 -0.644588 0.040779 
-0.326193 -0.871904 0.022200 
0.857537 0.451197 -0.024983 
-0.937137 0.012823 -0.071575 
-0.819807 -0.292325 -0.071575 
-0.900152 0.260766 -0.071505 
0.893552 0.100456 0.012159 
0.738539 0.661557 0.037568 
-0.408498 -0.816784 -0.071396 
0.452316 0.843283 0.066931 
-0.589721 0.529589 0.038032 
-0.528911 -0.717487 -0.071447 
0.712611 0.539672 -0.071575 
-0.609817 0.753905 -0.016010 
0.819674 0.233408 -0.071575 
0.739352 -0.350471 -0.016304 
0.289440 0.904670 0.061953 
-0.475339 -0.695393 0.057974 
0.986595 -0.111392 0.057856 
0.521731 0.815521 -0.026739 
0.849991 0.054889 0.030775 
-0.670689 -0.431393 0.052764 
-0.268782 0.892221 -0.071279 
0.592753 0.586277 0.061177 
0.764242 -0.388855 0.027508 
-0.156763 0.798462 -0.034965 
0.401800 0.742194 0.038229 
0.343163 0.758908 0.061461 
0.696228 -0.684018 0.067284 
-0.779221 -0.162316 0.034008 
0.526039 -0.713950 0.013072 
0.684724 -0.404496 0.045611 
0.634589 -0.638824 0.012159 
-0.123570 -0.991096 0.033384 
-0.063651 -0.973867 -0.050701 
0.126858 -0.837184 -0.071575 
-0.825512 -0.152976 0.059222 
-0.131773 0.963424 -0.000462 
-0.151789 -0.974885 0.005047 
0.546677 -0.690962 -0.071437 
0.572711 -0.554145 0.016931 
0.869800 0.456883 0.006400 
0.141219 -0.986160 0.059601 
-0.701235 0.670399 -0.015450 
-0.840771 0.029708 0.054150 
-0.762876 0.525414 -0.071295 
0.097978 -0.863691 -0.071498 
0.648614 -0.587095 -0.071481 
-0.050546 -0.917562 0.015656 
0.908047 0.252161 0.042275 
0.398782 -0.898416 0.067156 
-0.861296 0.370035 0.032740 
-0.906313 0.281361 0.056451 
-0.654583 0.531035 0.043715 
-0.624537 0.689724 -0.071453 
0.646964 0.494466 -0.017629 
0.337447 -0.860630 0.019109 
0.235081 0.754550 0.043103 
0.764966 0.346852 0.050039 
-0.415912 0.700213 -0.005669 
-0.868158 -0.175977 0.013129 
-0.003762 -0.818666 0.067284 
-0.602249 -0.601848 -0.071559 
-0.971450 0.052177 -0.033964 
-0.114168 -0.802169 0.066571 
-0.786252 0.191435 0.002937 
-0.915971 0.358378 0.066421 
0.991359 0.000379 0.059977 
-0.803191 0.240386 0.058550 
0.455445 -0.808206 0.021019 
0.609079 0.504553 0.031184 
0.742919 0.275556 0.048032 
0.248140 0.907362 0.044220 
-0.223375 0.965484 0.046093 
-0.794549 -0.032348 0.027156 
0.255149 -0.963947 0.014670 
-0.947418 0.302207 0.035467 
-0.255973 0.869545 0.014214 
-0.539346 -0.840108 0.041997 
-0.399547 0.901698 0.063297 
-0.868451 -0.090910 0.016846 
-0.377727 -0.839983 -0.071378 
0.182327 0.935467 0.065083 
-0.515872 0.756812 -0.071279 
-0.764246 -0.607340 -0.004938 
0.130483 0.971499 0.066384 
-0.801085 0.164230 -0.020546 
0.675124 -0.462909 -0.019917 
-0.659925 -0.461658 0.063603 
0.358122 -0.907158 -0.019559 
0.791583 -0.192076 -0.000409 
0.797071 0.079605 0.007349 
-0.889886 -0.259209 -0.071575 
-0.505866 0.651037 0.066884 
0.805641 0.538548 0.067166 
0.317665 0.938396 0.018373 
0.512848 0.709070 0.014377 
0.982220 0.049201 0.066244 
-0.057334 0.980718 0.065599 
-0.782196 0.225379 0.000079 
0.054163 0.843850 0.035863 
-0.184486 -0.981608 0.024100 
0.762774 -0.295373 -0.041383 
-0.784575 -0.421410 0.012179 
-0.825922 0.552308 0.038613 
-0.784249 -0.274411 0.066694 
0.806883 -0.169509 0.067275 
0.386847 0.826888 0.016536 
-0.836806 -0.525189 0.006709 
0.966378 0.085746 -0.055224 
-0.941433 0.252237 0.067116 
-0.028386 0.891637 0.012159 
-0.964180 -0.252957 0.026073 
0.254937 0.940377 0.001568 
-0.771734 -0.275912 -0.040413 
-0.970924 -0.044759 -0.059964 
-0.694506 0.706524 0.059228 
0.949787 0.197585 -0.039296 
-0.065855 0.968893 -0.001802 
0.628224 -0.749213 -0.000617 
-0.917445 0.319326 -0.052839 
-0.801330 0.586842 0.024234 
-0.748118 -0.273610 0.037602 
0.234623 0.828800 0.020326 
-0.962996 0.133659 -0.052574 
-0.070808 -0.818249 -0.043602 
-0.723454 -0.452186 0.034611 
0.659774 -0.595819 0.012374 
0.833206 0.384599 -0.071575 
0.315028 0.811744 0.015540 
0.459827 -0.879411 0.009681 
-0.192964 -0.934482 0.059458 
0.033547 -0.975176 -0.017581 
-0.173114 -0.909258 -0.071367 
-0.176415 -0.829962 -0.071548 
0.532396 -0.602062 0.007669 
0.850638 -0.106344 -0.071575 
-0.695367 0.444133 0.067050 
0.706000 0.471824 -0.071575 
-0.319180 -0.756584 -0.029493 
-0.781050 0.454724 -0.071407 
-0.026075 0.940359 0.042647 
0.963712 -0.108282 -0.059440 
0.255173 0.892915 -0.071575 
0.871816 -0.412014 -0.065270 
-0.874768 -0.338445 0.029974 
-0.745999 -0.339704 0.067171 
-0.413890 -0.709087 -0.044984 
0.823831 -0.484118 0.063540 
0.846333 -0.013348 -0.071575 
-0.217289 0.831758 0.021604 
0.807130 0.135774 0.067205 
0.608004 -0.675700 0.013571 
0.168913 0.825426 0.040208 
0.725505 -0.570962 0.019123 
-0.731523 -0.324752 0.011094 
-0.283960 -0.779560 -0.069503 
0.827171 -0.078356 -0.071331 
0.883126 0.300353 -0.071575 
-0.380151 0.694140 0.020117 
0.286058 0.748967 0.005360 
-0.441064 0.859840 0.067284 
0.870631 -0.434335 -0.042979 
0.515291 -0.827013 -0.040274 
-0.669464 -0.577542 0.013937 
0.756438 0.235574 0.034892 
0.615078 -0.717473 0.040185 
0.140258 -0.943110 0.058108 
0.734435 0.407207 0.049573 
-0.708094 0.544686 -0.071279 
0.434400 0.782512 -0.071575 
0.465415 -0.825742 0.044908 
-0.310278 0.747501 0.000889 
-0.700613 -0.484154 0.037285 
0.828873 0.293250 -0.071575 
0.479234 -0.667029 -0.062457 
-0.782714 0.373718 0.018994 
0.736559 0.629291 -0.030415 
-0.837606 0.358826 -0.071575 
-0.057528 -0.968586 0.067241 
-0.225018 0.874803 -0.071279 
0.868352 -0.404882 0.065231 
-0.234230 0.755266 0.027147 
0.647711 0.698925 0.065427 
0.826522 -0.209182 0.030915 
-0.642824 -0.763695 0.039210 
0.773598 0.583956 -0.012340 
-0.152811 0.863960 0.013910 
-0.104014 0.941011 0.058062 
-0.666280 0.645036 -0.071457 
-0.992440 -0.042755 0.013014 
0.836111 -0.337964 0.012159 
0.936363 -0.261958 -0.018745 
0.895709 0.422283 0.013946 
0.143323 -0.785271 0.028465 
0.543555 0.608182 0.067234 
0.170952 0.975864 0.044387 
-0.405013 0.680092 0.031630 
-0.605291 -0.672358 -0.071415 
-0.022482 -0.995934 0.013163 
-0.925635 0.363100 0.020824 
0.608396 -0.518394 0.059691 
0.966216 0.155313 0.003400 
-0.551493 -0.607880 -0.050584 
0.455218 0.679992 -0.067179 
0.484183 0.645357 0.067043 
0.491371 0.654661 -0.067049 
0.574729 0.728665 0.026726 
-0.166757 0.953456 -0.055156 
0.787408 0.295899 0.046951 
-0.942560 0.238154 -0.014671 
0.775714 0.195611 0.061355 
0.915970 0.062023 0.017929 
-0.640077 0.758310 0.020564 
-0.900030 -0.155778 0.014818 
0.920882 -0.312712 -0.025725 
-0.879403 0.097241 -0.071575 
0.770779 0.369644 0.026697 
0.611494 -0.610192 0.022406 
-0.688934 -0.648259 0.039926 
0.813881 -0.574137 0.027878 
-0.727532 -0.398769 0.067022 
0.506186 -0.859632 0.033371 
-0.746465 0.584115 0.055849 
-0.634231 -0.703736 0.044881 
0.039131 -0.916856 -0.071386 
-0.782216 -0.534684 0.042492 
0.924009 0.318792 0.002780 
-0.837390 -0.242868 -0.071575 
-0.601736 -0.767788 -0.043811 
0.988512 0.096890 0.043333 
-0.550349 -0.832025 0.014984 
0.840818 0.106546 0.036535 
0.912261 -0.292844 0.065550 
-0.618549 -0.658401 0.012159 
-0.746845 0.400054 0.037888 
0.731820 -0.365520 -0.047643 
0.063870 -0.841273 0.056194 
-0.990791 -0.002609 0.063162 
0.540368 0.608689 -0.046700 
0.767786 0.274048 -0.017546 
0.534479 0.783094 -0.071575 
0.309007 -0.735915 0.023360 
0.123955 -0.904137 0.013999 
-0.954263 -0.213699 0.067087 
-0.695220 -0.391434 0.019227 
0.158559 0.846038 0.020773 
-0.114877 -0.853287 0.027047 
0.298888 -0.932210 -0.000557 
-0.581654 -0.579452 -0.036204 
-0.623515 -0.510188 0.063158 
-0.783687 0.420719 -0.071440 
0.968740 -0.191138 0.064641 
-0.735414 0.300824 0.015903 
0.550801 -0.578447 0.059173 
0.826430 0.506107 -0.017809 
-0.771611 -0.575695 -0.070150 
0.892884 0.171188 0.014512 
0.856095 0.322134 0.016660 
-0.816696 0.345864 0.012293 
0.790484 -0.606866 0.048206 
-0.478536 -0.783786 -0.071383 
-0.072210 -0.796415 0.014438 
-0.325729 0.878316 0.036238 
0.613498 0.646740 -0.071575 
0.915813 -0.384454 0.012621 
0.768057 0.590492 -0.053028 
-0.742979 0.379301 0.063347 
0.252224 0.925723 -0.068657 
-0.488245 0.704087 0.024604 
-0.835426 0.110495 0.050323 
0.683793 0.689665 -0.002038 
-0.561910 0.726429 0.018877 
0.154686 0.775221 0.045799 
-0.473974 0.837873 -0.068280 
0.177610 0.816006 -0.071575 
0.870680 0.475307 0.047866 
-0.140582 -0.985856 0.060817 
-0.801672 0.300478 -0.071563 
-0.781368 -0.361484 0.025909 
0.215721 0.848330 -0.071575 
-0.881794 -0.287949 -0.071575 
0.583902 -0.627727 0.028544 
-0.899764 -0.053251 -0.071575 
0.840466 -0.469172 -0.066171 
-0.592032 0.594690 0.053501 
0.351438 -0.741650 -0.057775 
0.481141 0.858628 0.064236 
-0.219665 -0.767603 0.019488 
0.353837 -0.814559 0.012836 
-0.166327 -0.828152 0.054068 
-0.989827 -0.099769 0.056963 
0.728693 -0.373851 0.066993 
-0.465672 0.782316 0.015185 
0.797646 -0.014477 0.062274 
-0.829136 -0.239123 0.023635 
-0.930791 0.188846 0.056391 
0.970521 0.020068 -0.031182 
0.557983 0.817299 0.014666 
-0.568880 0.760104 0.060536 
-0.233883 0.773992 0.001419 
-0.840650 0.201977 0.020853 
0.231670 -0.947143 -0.054017 
-0.946003 -0.230346 -0.035001 
0.543875 -0.809207 -0.007615 
0.262479 -0.882337 0.016783 
0.680068 0.410138 0.012206 
0.657787 -0.487879 -0.028020 
-0.155323 -0.935923 -0.071313 
0.455347 0.798896 0.020230 
0.736719 0.600919 0.062231 
0.576335 -0.578117 -0.000092 
-0.658909 -0.718859 -0.046846 
-0.834241 -0.321678 0.012159 
0.667565 0.732733 0.032594 
-0.500247 -0.837528 -0.046879 
-0.212297 0.917503 0.044541 
0.905087 -0.004141 0.012984 
0.112818 -0.991874 0.042769 
0.066191 0.812808 0.067239 
