-0.702057 0.650845 0.019667 
0.695693 -0.694738 0.035516 
0.697166 0.704365 0.031217 
-0.680733 -0.720610 0.028061 
-0.013425 0.996147 0.011853 
0.985350 0.005182 0.032164 
-0.992826 -0.039133 0.043070 
0.017307 -0.983123 0.041338 
-0.404454 0.913230 0.030087 
0.356616 0.880716 -0.046840 
-0.921560 0.333134 -0.044325 
0.889393 -0.367676 -0.045713 
0.888920 0.373025 -0.046478 
-0.345352 -0.895609 -0.046840 
-0.820150 -0.368682 -0.046840 
0.377352 -0.881645 -0.046619 
-0.185810 0.844079 0.024542 
0.835079 0.172340 0.035190 
0.835377 -0.159494 0.027411 
0.707674 0.480612 0.021452 
0.150455 0.849108 0.034164 
-0.151624 -0.842901 0.042538 
-0.503557 0.723247 -0.036471 
0.708292 -0.468540 0.021862 
-0.748722 0.436225 0.039095 
-0.855481 0.127843 0.017758 
0.478927 -0.702052 0.025854 
0.478300 0.713469 0.019110 
-0.464844 -0.728729 0.045237 
0.185877 -0.831042 0.039267 
-0.692525 -0.509542 0.037475 
-0.964669 -0.244883 0.038249 
-0.870922 -0.128600 -0.039403 
-0.858611 -0.497826 0.040355 
-0.801167 0.552659 -0.046799 
0.485317 0.865578 0.039491 
0.252849 0.962657 0.033788 
0.153877 -0.956890 -0.035144 
-0.112951 -0.956782 -0.046288 
-0.615502 0.780354 0.044288 
-0.279010 0.937465 -0.044991 
0.496035 -0.848439 0.038368 
0.853988 -0.484443 0.040296 
0.853240 0.500025 0.019890 
-0.565044 -0.793411 -0.040301 
-0.973545 0.221652 0.035169 
0.961389 -0.123179 -0.035538 
0.953059 0.255323 0.017301 
-0.241949 -0.956489 0.037894 
0.128240 0.970432 -0.042031 
0.869942 0.056991 -0.045035 
-0.157005 0.985193 0.021158 
0.590527 -0.766163 -0.038365 
-0.749969 -0.610649 -0.046756 
-0.891041 0.452707 0.029013 
0.949865 -0.256136 0.019708 
0.036602 -0.871337 -0.045055 
0.764931 -0.592722 -0.035651 
0.593103 0.775860 -0.036453 
0.780165 -0.343104 0.041520 
0.779285 0.357367 0.042235 
0.272766 -0.943435 0.041037 
-0.393615 0.771689 0.038887 
0.767793 0.600418 -0.034198 
-0.979205 0.081707 -0.032623 
-0.465958 -0.872487 0.022732 
0.602819 -0.622590 -0.041522 
-0.824401 -0.251648 0.030447 
-0.814421 0.294656 0.037546 
-0.072198 0.882790 -0.045687 
0.350080 -0.779818 0.043833 
0.626892 0.608321 -0.038531 
-0.284701 -0.807248 0.040422 
-0.579479 -0.657355 -0.043866 
-0.918542 -0.372266 0.043414 
0.279234 0.817538 0.042712 
-0.863727 -0.013741 0.035946 
0.860603 -0.034201 0.045533 
-0.512977 0.845813 0.002802 
0.016260 0.874888 0.045643 
-0.572334 0.654338 0.042510 
0.974620 0.129069 0.042368 
-0.404501 -0.789172 -0.046840 
-0.325404 0.825730 -0.045846 
0.824802 -0.265022 -0.037631 
-0.227145 -0.866574 -0.046840 
-0.685193 0.533565 0.008515 
0.259711 -0.865280 -0.046840 
-0.817430 0.395466 -0.046840 
-0.767565 -0.417891 0.045643 
0.381675 0.776021 0.006165 
-0.890048 0.216826 -0.046840 
0.227760 0.875292 -0.046840 
0.854397 0.263596 -0.046819 
-0.630337 -0.607180 0.045643 
-0.039583 -0.865284 0.045643 
0.784303 0.428868 -0.046678 
-0.906247 -0.294567 -0.046840 
-0.784582 -0.502951 -0.046840 
0.430696 -0.772986 -0.046818 
0.653880 -0.563507 0.045534 
-0.640201 0.722139 -0.046670 
0.787477 -0.411003 -0.046840 
0.923063 0.164891 -0.046840 
0.584517 0.667754 0.039859 
-0.972827 -0.131871 -0.005016 
-0.936522 -0.038732 -0.046840 
-0.790482 -0.578376 0.045599 
0.494130 0.807123 -0.046840 
0.071127 0.877568 -0.042490 
-0.795423 0.599835 0.042976 
0.350784 0.922748 0.044979 
-0.425480 0.813459 -0.046710 
0.092968 -0.877187 0.037467 
0.566350 -0.655562 0.045449 
0.662700 0.569301 0.045643 
0.909856 0.339487 0.045643 
0.861539 -0.089494 -0.036887 
-0.887037 0.046319 -0.046405 
-0.144874 -0.966171 0.045496 
-0.637515 0.614691 -0.044017 
-0.014746 -0.956345 -0.046840 
0.083668 0.968567 0.044737 
0.822942 0.267926 0.045643 
0.939305 -0.025665 -0.046840 
-0.069107 -0.871360 -0.045709 
-0.547171 -0.671686 0.045390 
-0.378336 -0.904102 0.045333 
0.908055 -0.346623 0.045643 
-0.295626 0.841632 0.043173 
-0.385038 -0.782469 0.045643 
-0.919561 0.362482 0.045643 
0.814247 -0.512536 -0.045212 
0.366573 -0.899562 0.045515 
0.691564 -0.534435 -0.046678 
-0.485863 -0.732639 -0.046242 
-0.870893 -0.170254 0.044730 
0.165337 -0.861506 -0.046813 
0.788388 -0.552908 0.045494 
0.962092 0.070126 -0.045517 
-0.650885 -0.587209 -0.042538 
-0.104897 0.885778 0.042005 
0.905752 -0.196378 -0.046840 
-0.160697 0.909981 -0.046821 
0.690850 -0.649771 -0.046840 
0.553555 0.683144 -0.045564 
-0.264498 0.958294 0.043293 
0.538864 -0.688249 -0.046621 
0.562904 0.815166 0.040365 
-0.951684 -0.210883 -0.045694 
0.795281 0.564976 0.045643 
0.848879 0.082099 0.039534 
-0.596244 -0.752246 0.037079 
0.614515 -0.742359 0.045643 
-0.759370 0.472493 -0.046840 
0.949814 -0.160713 0.045540 
-0.867209 -0.453185 -0.037209 
-0.728430 -0.642991 0.045643 
-0.082980 0.971527 -0.046162 
-0.822461 -0.343048 0.038430 
-0.865721 0.212832 0.041876 
-0.863451 -0.216661 -0.046840 
-0.522396 -0.807097 0.041138 
0.002181 0.932268 -0.046840 
0.794072 0.517501 -0.046804 
0.804354 0.335554 -0.041151 
0.691324 0.539203 -0.041835 
0.273069 -0.838161 0.036422 
-0.314828 -0.814035 -0.043223 
0.123365 -0.967356 0.045477 
-0.986835 0.123531 0.043061 
-0.820471 0.502506 0.023213 
0.347577 -0.796821 -0.044253 
-0.967792 0.171263 -0.034867 
0.699278 0.654885 -0.046840 
0.871415 0.419498 0.045596 
-0.567298 0.780648 -0.046820 
0.625406 0.756144 0.045623 
-0.472652 0.738429 0.045567 
-0.624462 -0.731835 -0.046840 
0.828376 -0.244950 0.045643 
-0.726064 0.593330 -0.046784 
-0.842507 0.301839 -0.046840 
0.963933 -0.077225 0.045643 
0.176409 0.929913 0.013375 
-0.575151 0.670102 -0.040534 
0.066505 -0.967672 -0.031489 
0.745063 -0.628524 0.045342 
0.410175 -0.830593 0.010177 
-0.681113 0.731410 0.033528 
-0.194681 -0.945401 -0.046131 
0.526113 -0.770860 0.012996 
-0.363400 0.912452 -0.041111 
-0.969288 0.039500 0.042748 
-0.810852 0.382817 0.036388 
0.751986 0.643919 0.035119 
0.436794 0.875186 -0.025507 
-0.860115 0.468793 -0.044685 
-0.705406 -0.526879 -0.042304 
0.909940 -0.280219 -0.046840 
-0.229316 0.867050 -0.046785 
0.494010 -0.831231 -0.040654 
-0.274017 -0.932832 -0.032410 
-0.915581 0.285582 0.020709 
0.283439 0.890401 0.009396 
-0.688836 -0.684057 -0.045653 
-0.062331 -0.984204 0.034359 
0.307470 0.820327 -0.033315 
0.861890 -0.440029 -0.031962 
-0.904578 0.122630 -0.046840 
-0.484552 -0.810562 -0.046840 
-0.889623 -0.095212 0.035252 
-0.894485 0.057998 0.033699 
-0.078726 0.970751 0.044915 
0.204799 -0.916720 0.015481 
-0.626580 0.599318 0.039250 
-0.901000 -0.383916 -0.031690 
0.649538 -0.716746 -0.038016 
0.773504 0.433720 0.034803 
0.152062 0.866929 -0.042928 
0.864209 0.444792 -0.039911 
0.914726 0.020762 0.008855 
0.229847 0.950806 -0.041621 
0.818459 -0.341422 -0.046840 
-0.376470 0.839710 0.010843 
0.920979 0.304774 -0.041879 
-0.767972 -0.421972 -0.037722 
-0.417251 -0.874351 -0.044870 
0.412197 -0.743213 0.024454 
0.851978 0.186615 -0.040242 
0.865463 -0.407697 0.042669 
0.736276 -0.473886 -0.046840 
-0.333423 0.928857 0.045643 
-0.578727 0.725161 0.009074 
0.649236 0.728383 -0.029392 
0.439459 0.756387 -0.035392 
-0.833030 -0.287330 -0.043827 
-0.305034 -0.908606 0.040509 
-0.103490 -0.893112 0.015129 
-0.036506 0.913486 0.012784 
0.550698 0.730006 0.010497 
0.746941 -0.404994 0.021990 
0.903128 0.123553 0.009720 
-0.211772 0.959621 -0.019333 
-0.361800 -0.841033 0.009401 
0.866397 -0.017149 -0.035698 
-0.179823 -0.900569 0.008928 
0.221020 0.864426 0.037678 
-0.444166 0.878061 -0.018723 
-0.898307 -0.245862 0.008928 
-0.950005 0.254795 -0.035989 
0.056158 0.978942 -0.039222 
0.321285 -0.914003 -0.007996 
0.865092 -0.302747 0.008928 
-0.720633 -0.574239 0.008928 
0.879860 0.229475 0.010409 
0.106723 0.910192 0.011064 
-0.899550 0.398405 -0.027063 
-0.621675 -0.679145 0.008928 
-0.637097 0.678501 0.008928 
-0.138691 -0.886997 -0.046840 
-0.498201 0.795017 -0.046757 
-0.221622 -0.841455 0.045643 
0.012413 -0.903788 0.012107 
0.407464 0.881824 0.044964 
0.651458 0.653262 0.008928 
-0.258217 0.897329 0.008928 
-0.708982 0.674358 -0.045461 
-0.755142 0.523050 0.011643 
0.647290 -0.636652 0.009859 
0.786009 -0.479829 0.008928 
-0.892739 -0.438335 0.032017 
-0.758744 -0.493132 0.015997 
0.359191 0.840643 0.011119 
0.500460 0.727377 -0.046482 
-0.550735 0.808135 0.045468 
-0.466513 0.871987 0.045536 
0.896209 -0.122945 0.011081 
-0.522692 -0.746235 0.010933 
0.446075 0.806936 0.008928 
0.849007 0.338265 0.009454 
0.705366 -0.587836 0.008928 
-0.796642 -0.566708 -0.025763 
-0.857473 0.338858 0.010339 
-0.982452 0.007686 -0.031283 
0.741221 0.549693 0.008928 
0.248112 -0.936908 -0.031430 
-0.880807 -0.319141 0.009928 
-0.823776 -0.431901 0.008928 
-0.957136 -0.179107 0.044063 
0.914341 -0.051579 0.008903 
-0.946140 -0.300722 0.007762 
0.882146 -0.221738 0.009629 
0.564104 -0.711347 0.009926 
0.957688 0.191073 0.002904 
0.399827 0.824934 -0.046840 
-0.450214 0.794003 0.014610 
0.855608 -0.154582 -0.040187 
-0.449336 -0.810978 0.008928 
0.143722 0.985321 0.026163 
-0.920973 0.192783 0.010035 
-0.528776 0.705919 0.045643 
0.348199 -0.848867 0.008928 
0.297520 0.918769 -0.046840 
-0.934790 0.105039 0.010189 
-0.878972 -0.015272 -0.030269 
0.727993 0.487042 -0.042622 
-0.243781 -0.892271 0.008928 
0.912911 0.239001 -0.046840 
-0.825848 0.437992 0.008928 
-0.548148 -0.712417 -0.046840 
0.861567 0.119787 -0.042254 
0.846403 -0.096409 0.039832 
0.098420 -0.884930 -0.046731 
0.605182 -0.604500 0.044278 
0.649167 -0.571151 -0.017631 
-0.654659 -0.555874 0.017678 
-0.191581 0.907047 0.008928 
0.431685 -0.883970 0.035816 
0.830599 -0.365413 0.010103 
0.482363 -0.718401 -0.034756 
0.784159 0.490895 0.008928 
0.625393 0.670269 -0.046840 
0.706927 0.608780 0.010240 
0.033920 0.947567 0.013705 
-0.523699 0.765757 0.009050 
-0.713849 0.529287 -0.046200 
-0.979817 -0.066709 -0.012856 
0.578803 -0.794382 0.034913 
-0.936250 -0.012835 0.009162 
-0.932639 -0.110991 -0.046840 
0.951497 0.063288 0.033925 
-0.763495 0.645138 0.016440 
-0.451325 0.756956 -0.036806 
0.609470 0.603067 0.019782 
-0.674031 -0.628679 0.008928 
0.044549 -0.851170 0.011756 
0.440122 0.759031 0.045643 
0.469193 -0.791340 0.008928 
0.213202 -0.839585 -0.016770 
-0.830373 -0.517368 -0.009915 
-0.294581 0.877666 -0.046775 
0.962739 0.123685 -0.017640 
0.007127 0.878492 -0.019828 
0.533323 -0.783544 -0.046817 
0.069394 0.859892 0.021549 
0.745398 -0.532071 0.008928 
-0.971290 -0.095001 0.045594 
-0.685588 0.593267 0.019703 
0.148464 -0.883700 0.016129 
-0.250090 0.834050 0.005282 
0.622882 -0.691079 0.011560 
0.515648 0.790442 0.013617 
-0.743631 0.581585 0.010628 
0.439464 -0.862571 -0.030751 
0.952571 -0.176990 -0.011972 
-0.864567 0.164756 -0.034636 
-0.438840 -0.753048 -0.001990 
0.296143 -0.813293 -0.011888 
-0.318966 0.884370 0.009786 
-0.335248 -0.786699 0.014472 
0.823351 0.416094 0.008928 
-0.205862 0.954715 0.045304 
0.686357 0.597528 -0.046840 
-0.863959 -0.384933 0.013687 
-0.251689 -0.832136 -0.003753 
0.074437 -0.943447 0.021246 
0.866784 0.023788 0.045643 
0.526971 0.677548 0.019523 
0.799878 -0.288410 0.020920 
0.607028 0.711755 0.010477 
0.968080 -0.059242 -0.009822 
-0.785942 -0.370816 0.003983 
-0.639139 -0.655458 -0.046840 
0.905578 0.385224 0.007024 
0.839615 -0.210069 -0.026823 
0.184323 -0.961522 0.044545 
-0.912748 -0.185006 0.008928 
-0.370257 -0.840903 -0.046840 
0.755860 -0.530334 -0.046840 
0.926989 -0.311572 0.005317 
-0.341220 0.795437 0.013425 
-0.118734 0.943996 0.014954 
0.270560 -0.888363 0.010550 
-0.674502 0.568959 -0.038036 
0.892731 0.284388 0.013061 
0.315886 -0.852939 -0.046840 
-0.884637 -0.074435 -0.046592 
-0.058093 0.861556 0.015481 
-0.186757 -0.966516 0.007970 
0.591897 -0.706947 -0.046821 
-0.620271 0.764015 -0.014888 
0.537995 0.771895 -0.046840 
-0.142524 0.867919 -0.014711 
0.403224 -0.821656 -0.046747 
0.706547 -0.590246 -0.046840 
-0.150190 0.964766 -0.045736 
0.921289 -0.078468 -0.046840 
-0.018724 -0.895232 -0.046840 
-0.396806 0.861189 -0.046733 
0.794452 -0.552611 -0.010800 
0.123610 0.915183 -0.046840 
-0.282724 -0.869071 -0.046840 
-0.828915 0.554085 0.042179 
0.817560 0.294944 -0.005442 
0.829319 0.396316 -0.046739 
-0.843353 0.243472 0.001411 
0.677276 -0.512446 0.034503 
-0.605824 -0.626951 0.000310 
-0.412173 -0.861987 0.029058 
-0.778004 0.603165 -0.031434 
-0.724424 -0.655289 -0.015435 
0.702490 0.531510 0.043193 
-0.301074 -0.863656 0.009492 
-0.778189 0.414143 -0.003505 
0.857503 0.323984 -0.046734 
-0.577362 -0.803813 0.011942 
-0.051274 -0.908355 0.010211 
0.185936 0.918810 -0.046840 
-0.189470 -0.847954 -0.012152 
0.733679 -0.630926 -0.008637 
-0.866779 -0.340650 -0.046840 
-0.719945 0.481623 0.013156 
-0.773965 -0.621223 0.016542 
-0.870999 0.356642 -0.046723 
0.913300 0.104010 -0.046758 
-0.930145 -0.070648 0.008928 
-0.499169 -0.837937 -0.002409 
-0.880884 0.396951 0.030644 
-0.838603 0.514931 -0.026024 
0.976753 -0.124620 0.016029 
0.564864 -0.654704 -0.013548 
0.825493 -0.443890 0.015250 
-0.814399 -0.298130 0.005571 
0.598851 0.722377 -0.046840 
-0.556021 0.727880 -0.046704 
-0.940569 0.045771 -0.046840 
0.926127 0.026219 -0.046840 
0.939204 -0.236294 -0.034636 
-0.104913 -0.972598 0.004215 
-0.024223 0.980886 -0.038112 
0.306306 0.938277 0.004285 
-0.735116 -0.482930 -0.042092 
0.816974 0.532862 -0.000549 
0.262437 0.836624 -0.010649 
-0.627681 0.668458 -0.046814 
-0.812619 -0.523901 0.042146 
0.184138 -0.915156 -0.046840 
-0.573780 -0.703614 0.012758 
0.830256 -0.517280 0.006378 
-0.696873 -0.623027 -0.046840 
0.328333 0.798202 0.042138 
-0.496141 -0.698765 0.015201 
0.202048 0.974638 0.026986 
0.500214 0.839995 -0.006218 
0.746850 0.446990 -0.008561 
0.236025 0.912838 0.011698 
0.796060 -0.463369 -0.046840 
-0.819140 -0.427975 -0.046840 
0.930977 -0.209094 0.039414 
0.587176 0.646002 -0.007433 
0.390120 -0.772382 -0.014367 
-0.854833 -0.128459 0.009972 
0.899538 0.175324 0.008928 
0.826370 0.235625 0.005418 
-0.994866 0.079396 0.017408 
-0.935911 0.330855 0.005249 
0.652804 -0.734374 0.012072 
0.056068 -0.919711 -0.046840 
0.902485 -0.134537 -0.046840 
-0.374003 0.808985 -0.046648 
-0.947218 -0.254327 -0.018577 
-0.093480 -0.850485 0.041952 
-0.228830 0.918344 -0.046779 
0.462245 -0.749419 0.037461 
-0.874843 0.092476 -0.018238 
0.053622 0.994666 0.012717 
-0.782684 0.469228 0.014853 
0.539350 -0.819992 0.009046 
-0.013297 -0.974252 0.001526 
0.738882 0.556902 -0.046749 
-0.858508 -0.184467 -0.007668 
-0.945562 -0.160174 -0.046840 
-0.907904 0.281071 -0.046840 
-0.866852 -0.060659 0.005892 
-0.924148 -0.128708 0.008928 
0.868138 -0.308754 -0.046840 
-0.602051 -0.767993 -0.013897 
0.938044 0.306663 0.015968 
-0.490229 0.844846 -0.046263 
-0.804937 0.358985 -0.014468 
0.657669 0.572766 -0.013806 
-0.063976 -0.946100 -0.046840 
0.309026 -0.909137 0.044816 
-0.111969 0.921172 -0.046783 
-0.861400 -0.219273 0.042520 
-0.815260 0.446865 -0.046752 
0.682423 -0.686544 -0.011882 
0.903537 -0.387899 0.017285 
0.131977 -0.845573 0.043695 
-0.313781 0.932205 -0.009727 
0.774127 0.396826 -0.010106 
0.934172 0.215402 0.040010 
-0.462601 -0.856899 -0.030091 
-0.027102 -0.867335 -0.006700 
-0.760769 -0.542292 0.009828 
0.623291 -0.667382 -0.046736 
-0.153366 0.883612 0.032715 
-0.544061 0.687539 0.002420 
-0.315189 -0.920642 -0.008050 
0.899187 -0.175440 0.008928 
-0.972621 0.170695 0.045581 
0.193709 0.855490 -0.002324 
-0.431623 -0.765251 0.045162 
-0.567053 0.806088 -0.000921 
0.785101 -0.363169 -0.008418 
0.119447 -0.925976 0.012142 
0.290467 -0.903509 -0.046840 
0.413103 0.843173 0.010821 
-0.645360 -0.752034 0.015555 
-0.730134 -0.465979 0.044838 
0.969347 0.030929 -0.017270 
-0.494745 0.712040 0.010893 
0.307331 -0.803198 0.045483 
0.386039 -0.890796 0.000462 
-0.597197 0.632769 0.006566 
0.756816 -0.450521 0.036253 
0.835431 -0.402000 -0.046840 
-0.909066 -0.243744 -0.046840 
0.445373 0.803124 -0.046840 
-0.689228 0.624833 -0.046840 
0.478292 -0.781996 -0.046791 
0.519245 -0.691604 -0.002518 
-0.804713 0.575096 0.002493 
0.919272 -0.285990 0.045578 
-0.848627 0.183085 0.007850 
0.576046 0.768926 0.035822 
0.730312 0.646538 -0.008635 
0.101506 0.976353 -0.002299 
0.868443 -0.243147 -0.046840 
-0.908571 0.145396 0.010635 
0.394028 0.908511 0.007275 
-0.682635 0.709061 -0.025185 
-0.712158 0.516131 0.045643 
-0.656121 0.631011 0.016613 
-0.586936 -0.632811 0.044022 
-0.689277 -0.669075 0.036325 
0.859485 0.132448 0.045626 
-0.440427 0.746388 0.011199 
-0.130137 -0.856087 0.000938 
-0.956923 0.265431 0.044581 
-0.397061 0.786419 -0.006390 
-0.920520 -0.343946 0.000838 
0.346215 0.915765 -0.008915 
0.528763 -0.736090 -0.046782 
-0.225752 0.862469 0.042949 
-0.633986 0.735031 0.039152 
0.548624 0.808547 -0.018432 
0.794494 0.313031 0.032021 
-0.045287 0.934908 -0.046830 
0.795438 -0.407167 0.016975 
-0.869012 0.493858 0.020842 
0.231032 -0.858120 0.023025 
-0.363137 -0.903014 -0.003616 
0.689513 0.690236 -0.017110 
-0.480967 -0.831709 0.041136 
-0.763796 0.523872 -0.046840 
0.530353 -0.685992 0.045591 
-0.270386 0.838042 -0.036918 
-0.427622 0.860262 0.021917 
0.781221 -0.596995 0.030954 
0.660348 -0.614054 -0.046840 
0.313536 0.843435 0.021461 
-0.567921 -0.654330 0.003487 
0.621166 0.754866 -0.001134 
0.022100 0.979691 0.045643 
-0.926928 -0.320561 0.045545 
0.945888 0.206028 -0.043660 
0.879162 0.448806 0.010065 
-0.102156 0.986721 0.005963 
0.862669 0.059529 0.001094 
-0.756464 -0.555944 -0.046840 
-0.927182 -0.272446 0.040660 
-0.227439 -0.944985 -0.013091 
0.824963 0.482733 -0.046822 
0.759338 0.599003 0.044635 
0.050280 0.933501 -0.046840 
-0.797591 0.336131 0.025323 
0.189159 0.961887 -0.022285 
-0.283852 -0.945896 0.021107 
0.127636 0.868253 -0.003627 
-0.743530 -0.449078 0.003952 
-0.496614 0.803330 0.010706 
-0.536668 0.820372 -0.043859 
0.702828 -0.504188 -0.013682 
-0.907385 -0.197625 -0.046840 
-0.842196 -0.246466 -0.011795 
-0.848323 0.256065 0.045503 
0.860345 -0.064422 0.001806 
0.856569 0.138797 -0.000557 
-0.959661 -0.210840 -0.000316 
0.311666 0.870712 -0.046840 
0.467313 0.844502 -0.046840 
0.126104 -0.922155 -0.046773 
-0.851369 0.245732 -0.043758 
0.862903 0.009623 0.002126 
-0.960601 0.210828 -0.007513 
-0.742215 0.642831 -0.042960 
-0.917560 0.006112 -0.046840 
-0.921411 0.183443 -0.046840 
0.813569 0.513496 0.040806 
0.703121 0.649798 0.030225 
-0.371535 -0.787394 -0.015133 
-0.442970 -0.761272 -0.046746 
0.938073 0.158225 0.027866 
-0.975337 0.144068 0.000914 
-0.922068 0.030467 0.009665 
0.521199 0.832605 0.045637 
0.696316 -0.649362 0.037398 
-0.529143 -0.766381 -0.046840 
0.059150 0.909936 0.013665 
0.106886 -0.970062 0.003404 
0.286610 0.924124 0.042502 
-0.887590 0.242341 0.010791 
0.108583 -0.859775 -0.010539 
0.664369 0.735377 0.028493 
0.374968 0.796950 0.045643 
0.786055 0.594143 0.006612 
-0.949634 0.124933 -0.046840 
0.796191 0.560856 -0.034804 
0.698563 0.521300 -0.001173 
0.908755 0.345096 -0.013053 
-0.878797 0.161764 0.040114 
0.613854 -0.607171 0.000261 
-0.804512 -0.472486 0.009241 
-0.364065 0.919873 0.003185 
-0.879839 0.441571 -0.012985 
0.848104 0.227440 0.043796 
0.837646 0.459657 0.031610 
0.004295 -0.856546 0.043707 
-0.711400 0.695344 0.006238 
0.349329 -0.790629 -0.000028 
0.880533 -0.432207 0.007862 
-0.798266 0.494358 -0.046786 
-0.294692 0.826466 0.001251 
0.461809 -0.864668 0.007762 
0.423333 -0.785879 0.018082 
0.846000 -0.198742 0.045614 
-0.865476 0.090016 0.044540 
-0.994855 0.027335 0.008408 
0.443933 0.888730 0.020424 
-0.075234 0.936168 0.009895 
-0.817379 -0.563579 0.013411 
0.230636 -0.956672 0.036280 
-0.502990 0.839502 0.045610 
-0.054317 0.980575 -0.005459 
0.034252 -0.970816 -0.001219 
-0.660074 0.564284 0.041454 
0.198399 -0.948735 -0.021711 
-0.858284 -0.391132 -0.046840 
0.653340 -0.705250 0.045323 
-0.229995 -0.916563 -0.046840 
-0.596922 0.708046 -0.046643 
-0.843880 -0.290603 0.037788 
-0.978243 -0.138560 0.045461 
-0.099621 0.873949 -0.006427 
0.471123 0.770987 0.016660 
0.809944 -0.304473 -0.024448 
0.446617 -0.813960 -0.046716 
0.253923 -0.827909 -0.005119 
-0.016335 0.952269 0.016059 
-0.185119 0.859977 -0.020662 
-0.060432 -0.969166 -0.009856 
-0.578864 -0.743512 -0.046840 
0.659000 0.638052 -0.046840 
0.223304 -0.889299 -0.046840 
-0.027888 -0.958945 0.043194 
-0.831163 0.291578 -0.006003 
0.948653 -0.030993 0.026232 
-0.640409 -0.594670 -0.000900 
-0.027231 0.872560 0.045484 
-0.407330 -0.822320 0.008966 
0.172814 -0.848775 -0.003522 
-0.531351 -0.817025 -0.022804 
-0.101314 -0.960247 0.045643 
-0.844327 0.388468 0.008928 
0.819578 0.369387 0.016097 
0.904505 0.080241 0.010464 
0.060510 -0.980968 0.042208 
0.612757 -0.749069 -0.005452 
-0.258973 0.951843 0.000971 
0.730327 0.450452 0.042361 
-0.835745 -0.481039 -0.046840 
-0.292679 -0.819107 -0.006045 
0.746561 -0.436334 -0.028464 
-0.933487 0.315729 0.045643 
-0.808290 -0.339528 -0.017507 
0.057210 -0.891877 0.018841 
-0.666146 -0.713566 -0.011673 
-0.035307 0.981367 0.045643 
0.356633 -0.839883 -0.046830 
-0.974653 -0.106124 -0.040819 
0.249033 0.913061 -0.046840 
-0.766562 -0.409267 0.003926 
0.127016 0.946735 0.019453 
0.453422 -0.845436 0.044799 
0.969175 0.082603 0.000375 
-0.200954 -0.931911 0.028464 
-0.294300 0.915797 0.024424 
0.271370 0.941127 -0.021857 
0.269490 0.865430 -0.046840 
0.020011 0.981151 -0.017124 
0.235269 -0.817232 0.032942 
-0.442592 -0.815587 -0.046840 
0.969602 -0.011280 -0.019194 
-0.719443 -0.494766 0.000567 
0.826683 -0.324991 0.021705 
0.504969 -0.807246 0.035871 
-0.990538 -0.020572 0.005223 
0.823788 -0.231727 0.005729 
-0.614380 0.652173 0.040171 
-0.325529 -0.816772 0.044378 
-0.874804 0.287698 0.010574 
-0.782048 -0.378218 0.045194 
-0.878353 0.044147 -0.002479 
0.931898 0.274914 -0.014573 
-0.916194 -0.343761 -0.040836 
-0.639719 -0.712172 0.028615 
-0.781241 0.418233 -0.045061 
0.523580 0.710709 0.044765 
-0.674735 0.687321 0.024632 
-0.733085 0.660841 0.045643 
-0.575533 0.765577 0.018654 
-0.372814 0.882586 0.019562 
-0.132640 -0.936272 0.019222 
0.510955 0.708784 -0.006227 
-0.792897 0.420327 0.035465 
-0.186325 -0.865016 0.036572 
0.857410 -0.123245 -0.012928 
0.674702 -0.536798 0.000938 
-0.030621 0.878729 -0.037050 
0.403819 0.777355 -0.038734 
0.401025 0.891815 -0.038295 
0.449840 -0.738743 -0.019096 
-0.182192 -0.869381 -0.046840 
0.342746 0.837274 -0.046840 
-0.882538 -0.425400 -0.005858 
-0.079351 -0.863179 0.000155 
0.879775 -0.403296 -0.026690 
0.336737 0.808113 -0.000436 
0.164467 0.885721 0.021650 
-0.400567 0.898174 -0.029120 
-0.655598 0.734313 -0.007212 
0.810393 -0.501119 0.038557 
0.850018 0.282361 0.018289 
0.842435 -0.476224 -0.031803 
-0.597457 0.683106 0.019102 
-0.351053 0.873679 -0.046643 
0.866738 0.378195 0.018240 
0.516033 -0.726014 0.019564 
-0.186455 0.942756 -0.046836 
-0.120158 0.971158 0.045643 
-0.680349 -0.587391 0.022725 
-0.073297 -0.941820 0.018730 
0.416378 0.789489 0.032169 
-0.949556 0.272482 0.002100 
-0.524725 -0.715093 0.039432 
0.789135 0.381914 -0.045040 
0.394704 -0.866672 0.034965 
-0.447114 0.848092 -0.046806 
-0.467130 0.831217 0.015173 
-0.526703 0.756277 -0.046717 
-0.529689 -0.693105 -0.015988 
0.885483 -0.051440 -0.046840 
0.906796 -0.321552 -0.045713 
0.342445 0.882434 0.014160 
0.868385 -0.260035 0.010370 
0.886034 0.019367 -0.046818 
-0.560830 -0.779918 0.040376 
-0.875176 -0.466313 0.008383 
0.944287 0.107103 0.026914 
0.932147 -0.165648 -0.046840 
0.170587 0.956266 0.044691 
-0.836336 -0.212309 0.011541 
-0.901646 -0.044758 0.021215 
-0.472629 -0.778059 0.010990 
-0.159647 -0.958058 -0.030550 
-0.922524 0.370654 0.006267 
0.644199 0.611541 0.038280 
-0.470716 -0.727372 0.002747 
0.659048 0.689823 0.023892 
0.730095 0.606498 -0.046840 
-0.725374 -0.530704 0.024972 
0.847071 0.191322 -0.000664 
0.892797 0.275201 -0.046840 
0.498110 -0.833675 0.001129 
0.610640 -0.650849 0.017840 
-0.321048 0.810189 0.044787 
-0.226625 0.931259 0.020322 
-0.702412 -0.684280 0.001660 
0.786023 0.473341 -0.046733 
0.745882 -0.578971 0.025539 
-0.862268 -0.260168 -0.046840 
-0.606209 -0.696223 -0.046840 
-0.826164 0.348829 -0.046827 
-0.266210 -0.846852 0.030499 
0.861689 0.098829 -0.006313 
-0.753475 0.614673 0.040302 
-0.336506 -0.928972 0.026702 
0.760044 0.390559 0.031334 
0.734908 0.512219 0.020948 
-0.119535 0.877468 -0.045729 
0.110757 0.876401 -0.045321 
-0.883157 -0.166115 -0.046840 
0.389096 -0.772971 0.045561 
-0.850268 0.461616 0.034277 
0.718262 -0.513046 0.030654 
0.937589 -0.087344 0.017958 
-0.866082 0.031859 0.042189 
0.049295 0.876739 -0.009555 
-0.787726 -0.463580 -0.046840 
-0.474589 0.742251 -0.008629 
-0.171035 -0.913928 -0.046840 
-0.913021 -0.387932 0.007773 
0.745702 -0.484668 0.020252 
-0.894456 0.326197 0.014503 
-0.847263 0.529919 0.014658 
0.906085 -0.341081 -0.011653 
-0.065189 0.890068 0.041527 
0.764925 -0.404527 -0.014595 
0.430478 0.755747 0.002806 
-0.748065 0.466551 -0.009665 
0.602942 0.633618 0.045592 
0.557716 0.738004 -0.046840 
-0.900279 -0.005195 0.024703 
0.330216 -0.905181 -0.045108 
0.577905 0.801418 0.006917 
-0.020495 0.867566 0.006418 
0.884671 -0.007577 0.029955 
0.864039 -0.345209 0.011507 
0.229022 0.958609 0.003077 
0.962940 -0.202156 0.016040 
0.584423 -0.660967 -0.046729 
0.880916 0.412526 -0.005904 
0.926037 0.263454 0.044211 
0.848037 0.477702 -0.011556 
0.626781 -0.572966 0.019320 
-0.976893 -0.003778 0.045639 
-0.940268 0.084561 -0.046840 
-0.759133 -0.579512 0.022792 
0.984060 0.045391 0.015565 
0.571651 0.697636 0.017090 
-0.802633 -0.403484 0.024307 
-0.299942 -0.903632 -0.046840 
0.444239 0.853574 0.036373 
0.200066 0.898937 0.009768 
-0.623271 -0.612069 -0.030775 
0.662451 0.542500 0.017896 
-0.367450 0.910749 0.045575 
0.018372 -0.936664 -0.046840 
-0.338769 0.841911 0.018446 
-0.963530 0.087383 0.038277 
-0.751208 0.474161 0.044992 
-0.865162 -0.263046 0.018198 
0.577323 -0.623172 0.025530 
-0.925130 0.244226 0.018735 
0.911699 -0.254601 0.023706 
0.285032 -0.830114 -0.046840 
-0.885871 -0.403082 0.045494 
-0.431635 0.890974 0.045484 
0.156623 0.945092 -0.046840 
-0.729246 0.495413 -0.036938 
0.370735 0.793255 -0.027669 
0.186599 -0.882421 0.012587 
0.847166 0.362408 -0.046744 
0.755447 0.618971 0.000056 
0.901147 0.387232 0.045003 
0.330576 -0.886559 0.022718 
0.949010 0.023009 0.025623 
0.880302 -0.078533 0.031104 
0.165404 -0.958423 0.001187 
0.982741 -0.041351 0.039753 
0.283605 -0.926317 -0.017107 
-0.958792 -0.040041 0.023168 
-0.670102 0.657653 -0.046840 
-0.819684 -0.520129 -0.046250 
0.566734 -0.736435 -0.046713 
0.228059 0.830456 0.022240 
-0.475715 0.865715 0.001838 
0.585334 0.653678 -0.044553 
-0.171611 0.967233 -0.014509 
-0.949314 -0.074393 -0.046840 
-0.436692 -0.870944 -0.006322 
-0.413456 0.813123 0.014845 
-0.011434 -0.933165 0.011496 
-0.142117 -0.897832 0.010589 
-0.867221 0.394277 -0.046774 
0.783849 0.529134 0.017293 
0.725840 -0.630779 -0.045591 
-0.073729 -0.908820 -0.046840 
-0.142552 -0.972284 0.006856 
-0.931001 0.219904 -0.046840 
-0.266347 -0.828968 -0.038335 
-0.277889 0.863750 0.018388 
-0.933998 -0.226015 0.027259 
0.862015 -0.130222 0.045240 
0.827347 0.301473 -0.046649 
0.192982 0.839924 0.031992 
0.056613 -0.862076 0.045643 
0.088606 0.882222 0.044876 
-0.681435 -0.532474 0.005538 
0.586026 -0.740261 0.021278 
0.346043 -0.920786 0.019396 
0.084331 0.949305 -0.046840 
0.879167 0.102401 0.030714 
-0.790576 -0.588895 0.004668 
-0.854027 -0.439896 0.029567 
-0.710935 0.551158 0.029298 
-0.642263 0.583504 0.009131 
-0.693505 -0.562026 -0.046840 
0.787863 0.354373 0.003229 
-0.375341 -0.873326 0.022362 
0.879047 0.223348 -0.046840 
-0.207477 0.976309 0.014955 
-0.879523 0.320360 -0.046804 
-0.173449 0.948049 0.028176 
-0.789669 -0.392449 -0.044407 
0.961030 -0.065091 -0.045916 
0.486389 0.822852 0.023739 
-0.378828 -0.879454 -0.046840 
-0.774273 0.387211 0.031769 
-0.582170 -0.673067 0.033176 
0.090993 -0.934074 -0.046840 
-0.410719 -0.834523 -0.046840 
-0.261091 -0.918669 0.031774 
-0.734957 0.665098 0.003804 
-0.112383 -0.912978 -0.046840 
-0.733903 -0.667341 0.018449 
-0.357916 0.802181 0.045643 
-0.756330 0.572228 -0.046707 
-0.981318 0.044191 -0.026057 
-0.871371 0.008652 0.004678 
0.063411 -0.864595 -0.016924 
0.492309 0.770314 -0.046840 
0.882323 0.323246 0.014212 
-0.701382 0.702531 0.045040 
0.220879 0.948577 0.045423 
0.651515 -0.602463 0.022844 
0.860227 -0.027076 0.003250 
-0.990065 -0.094801 0.008617 
0.002479 0.921237 0.010054 
-0.885432 -0.131678 0.033389 
-0.795493 0.528786 0.017326 
0.836303 0.234512 -0.033596 
-0.597356 0.801280 0.019222 
-0.938266 0.068511 0.010129 
-0.152154 0.911971 0.009468 
-0.781674 0.567563 0.029993 
-0.317292 0.906421 -0.046800 
-0.606180 -0.720707 0.013225 
0.655603 -0.676590 0.019379 
0.377864 0.874990 0.019402 
-0.107605 0.907842 0.012969 
-0.607348 0.639482 -0.037651 
0.031209 -0.937915 0.014436 
-0.406805 -0.752635 0.015612 
0.125682 -0.860739 -0.042821 
-0.521142 -0.841187 0.028060 
-0.572808 0.661035 0.003660 
-0.121477 0.855333 0.016110 
0.709360 -0.657712 -0.013450 
-0.883776 0.124398 0.040542 
-0.532903 0.732438 0.020734 
-0.454055 0.769582 0.041430 
0.944212 -0.121435 0.032165 
0.203724 -0.858550 -0.046840 
0.757969 0.470383 0.029437 
-0.657660 -0.677309 0.014148 
0.254697 0.844245 0.045643 
0.672275 0.619843 0.010184 
-0.259407 0.843798 0.045601 
0.980623 0.084165 0.040012 
0.708368 0.564531 0.013333 
0.295635 0.817168 0.003907 
-0.857361 0.200222 -0.032468 
0.850468 -0.478658 0.004688 
0.728417 -0.466250 -0.008170 
0.830640 0.311013 0.033207 
0.035228 0.881846 -0.044437 
-0.964102 -0.183387 -0.023441 
0.563397 -0.792359 0.002255 
0.828713 -0.191809 0.012613 
0.020798 0.864103 0.010392 
-0.325699 -0.865267 -0.046840 
0.348267 -0.813427 0.027994 
-0.862885 0.473407 -0.008304 
0.970673 0.171135 0.036571 
0.473626 0.737549 0.045624 
0.823561 0.446650 -0.046779 
0.010334 -0.859860 0.004202 
-0.843353 -0.354234 0.011244 
-0.653302 -0.690055 -0.046840 
0.075274 0.948650 0.015922 
-0.885570 -0.356860 0.020141 
-0.299276 0.952169 0.036265 
-0.845787 0.309104 0.027390 
0.139165 -0.842362 0.008589 
-0.818580 0.325217 -0.003918 
0.685553 -0.560890 0.025346 
-0.935500 -0.292672 -0.025634 
-0.979481 -0.183866 0.016340 
0.560802 0.649187 0.020296 
-0.487838 0.760653 -0.046676 
0.797900 0.395854 0.026893 
0.190723 0.856859 -0.038043 
0.234972 -0.839365 -0.045390 
0.801720 0.444658 0.008981 
-0.819830 0.545460 -0.010798 
-0.916647 0.397729 0.032571 
-0.485960 -0.768373 -0.046840 
-0.575438 -0.739386 0.011038 
0.252359 -0.942484 0.003587 
-0.904989 0.079034 -0.046840 
0.167446 -0.861264 0.043795 
-0.184084 -0.965265 0.043514 
-0.796684 -0.327432 0.019368 
-0.264539 -0.899682 -0.046840 
-0.934292 0.307929 -0.022670 
-0.179316 -0.834435 0.019118 
-0.543138 0.674527 0.035466 
-0.465064 0.807825 -0.046743 
0.761498 -0.619297 0.010142 
0.538838 0.687699 -0.012503 
0.821930 -0.539145 0.033082 
-0.975423 -0.023901 -0.045876 
0.763353 -0.372619 0.017921 
-0.797928 -0.506954 0.014054 
-0.283099 -0.893976 0.012774 
-0.653600 -0.623146 -0.046840 
-0.415077 -0.897260 0.028518 
0.761907 0.502735 -0.046721 
-0.613986 -0.649155 0.026625 
0.151748 -0.936944 0.025751 
-0.901562 0.413932 0.004652 
0.301449 -0.843225 0.015948 
0.870437 -0.197782 -0.046840 
0.728710 -0.659530 0.027608 
-0.410316 -0.768239 -0.019021 
-0.627210 0.614945 0.001414 
-0.789219 -0.435731 0.019312 
-0.607351 0.756543 -0.046773 
0.903549 -0.240762 -0.046840 
-0.954536 0.137125 0.028397 
0.837759 -0.276433 0.033155 
0.943055 -0.226517 -0.001184 
-0.849668 -0.488132 -0.001735 
0.886372 0.185068 -0.046840 
0.026939 0.900207 0.023749 
0.317816 0.940024 0.041691 
0.867607 0.191821 0.027697 
0.550851 0.675402 0.045556 
0.870258 -0.161843 0.027592 
0.957722 0.156541 -0.028429 
0.872145 -0.376263 0.028957 
0.883391 0.050591 0.030651 
-0.325064 -0.839135 0.015930 
-0.132754 0.973896 -0.004862 
0.800826 -0.315301 0.045643 
-0.850882 0.512602 0.044699 
-0.615867 0.711186 0.009759 
-0.247139 -0.818484 0.039667 
-0.200168 0.898612 -0.046718 
0.599062 0.744962 0.025594 
0.881695 0.147754 -0.046840 
0.272091 -0.805972 0.014793 
0.849181 -0.450322 0.044731 
-0.748987 -0.627929 -0.006655 
0.709593 -0.619568 0.022423 
-0.445401 -0.848728 0.037526 
-0.486893 0.761103 0.023494 
0.100375 -0.845372 0.025864 
0.376749 0.897726 0.045643 
-0.050757 0.957491 0.021851 
-0.946816 0.199781 0.036318 
0.548033 -0.744373 0.009739 
0.811670 0.345460 0.041309 
0.940748 0.241771 -0.018185 
-0.257649 0.886633 -0.046840 
-0.334487 -0.871892 0.010826 
0.141003 0.970431 -0.010046 
0.027842 0.960957 -0.046840 
0.922177 0.299541 0.045643 
0.234328 0.844684 -0.032600 
-0.871636 0.126182 -0.037664 
-0.975836 0.116581 -0.019731 
-0.701338 -0.554484 0.031198 
0.829792 0.508914 -0.021600 
-0.731348 -0.615579 0.025152 
0.869488 0.457798 0.044350 
0.154377 -0.972354 0.030569 
-0.342921 -0.800088 -0.029143 
-0.122444 -0.859585 -0.034213 
0.844912 0.110866 0.021327 
0.392208 -0.802395 0.017597 
0.237525 -0.897369 0.010446 
0.588329 -0.676580 0.014532 
-0.903002 0.087055 0.017772 
-0.862980 -0.055152 0.039433 
0.407568 -0.878153 -0.031034 
-0.869467 0.280962 -0.046840 
0.723799 0.675929 0.023006 
0.525224 -0.812935 -0.031610 
0.782007 -0.378039 -0.040206 
0.067063 -0.981002 0.008785 
-0.218292 -0.871099 0.016768 
0.891398 0.327135 -0.046812 
0.864737 0.396977 -0.046815 
0.749999 -0.564268 -0.046840 
-0.872743 -0.093603 -0.000082 
0.469755 0.737455 -0.035936 
-0.830141 0.358945 0.021790 
0.673183 0.690858 -0.046840 
0.898252 -0.012281 -0.046840 
-0.713114 0.620007 0.010875 
-0.836498 -0.320922 -0.046840 
0.770213 -0.398042 0.045643 
0.926661 -0.157162 0.016690 
-0.222963 0.882327 0.015641 
-0.886966 0.250562 -0.046840 
0.717065 0.494237 -0.009691 
-0.604470 0.744429 0.019561 
-0.629348 -0.756013 0.045008 
-0.753849 -0.522332 -0.046840 
0.786717 -0.524522 0.027453 
0.802366 -0.372257 0.027134 
0.667180 -0.689365 -0.046410 
-0.789834 -0.544844 0.029026 
-0.642591 -0.628690 0.022906 
-0.081454 0.937982 -0.046769 
0.928462 -0.320515 0.040377 
0.009324 -0.970216 -0.028055 
0.855473 -0.274975 -0.046840 
-0.849286 0.177569 0.042034 
0.424358 0.852505 -0.046840 
-0.634690 -0.741200 -0.014324 
-0.895105 -0.106617 -0.046840 
-0.876330 0.368361 0.013756 
-0.402584 0.785401 -0.039431 
0.863185 -0.341873 -0.046840 
-0.901586 -0.153173 0.012057 
0.821912 0.550596 0.027340 
-0.399669 -0.887546 -0.019711 
0.787668 -0.318722 0.014351 
0.108810 -0.894052 0.013502 
0.931845 -0.264236 -0.007096 
-0.504720 -0.711246 -0.028426 
0.549086 -0.780208 0.039679 
-0.656750 0.753844 0.019694 
0.754928 0.461552 -0.046656 
-0.950354 -0.140245 0.025823 
-0.881696 0.424145 -0.045559 
0.006415 -0.953168 0.032004 
0.104595 0.855936 0.016876 
0.616310 0.651571 0.021162 
-0.594454 0.784699 -0.016377 
-0.862311 0.068758 0.012755 
0.680256 -0.634241 0.011304 
0.670336 -0.559793 -0.046561 
0.748666 0.414506 0.011590 
0.980574 -0.086351 0.018583 
-0.949457 -0.095798 0.018132 
-0.728437 -0.635677 -0.046832 
0.466358 0.859452 -0.017438 
-0.255788 -0.945119 0.003797 
-0.273214 0.820955 0.025667 
-0.758645 -0.624093 0.045593 
-0.829473 -0.485492 0.031170 
-0.543927 -0.822767 0.007100 
0.967424 0.159628 0.005880 
0.321384 -0.816608 -0.046840 
0.353303 -0.901778 -0.021879 
-0.009490 -0.884594 0.033360 
-0.908719 0.370836 -0.042542 
0.604289 0.786632 0.019912 
-0.456514 0.888691 0.019001 
-0.005256 -0.867335 -0.035747 
0.523545 0.748544 0.010870 
-0.426949 -0.789213 0.019208 
-0.528066 0.800094 0.019597 
-0.764846 0.437486 -0.022342 
0.468019 -0.750839 -0.046840 
0.728991 0.525656 -0.046687 
0.116443 0.983963 0.044223 
0.631274 0.579467 0.013562 
0.736403 -0.431826 0.006498 
-0.843286 -0.182656 0.023507 
-0.218858 0.852808 -0.019251 
0.251604 -0.919102 0.035624 
-0.704828 -0.635460 0.017391 
0.329697 0.913297 -0.046349 
-0.561088 -0.812502 0.042193 
0.958449 -0.142603 -0.004116 
0.455661 0.735187 0.005433 
-0.711971 0.511407 0.002542 
0.392938 -0.790713 -0.046823 
-0.533952 0.844325 0.036764 
0.738090 0.597667 0.020019 
-0.762195 -0.465965 0.033583 
-0.426709 0.874030 -0.046817 
-0.734255 -0.498119 0.041930 
-0.939478 0.166901 0.016747 
-0.497474 -0.738128 0.029761 
0.682957 0.582954 0.021709 
0.815893 -0.376083 -0.046840 
-0.854721 0.425464 0.016836 
0.967163 0.011616 -0.043234 
0.027003 -0.883888 0.033136 
-0.650373 -0.581712 0.045643 
0.964271 -0.097106 -0.016547 
0.930157 -0.117753 -0.046840 
-0.670754 -0.552957 0.045597 
-0.340889 -0.902617 0.044934 
0.839731 -0.414872 0.014861 
-0.556497 0.707021 0.029084 
0.050214 0.965090 0.039384 
0.887805 -0.039945 0.023141 
-0.196324 0.874011 0.036441 
-0.917518 -0.144204 -0.046840 
0.654069 0.586326 -0.042859 
0.081669 -0.910855 0.008928 
-0.867209 -0.028425 0.006656 
0.526313 0.808906 -0.046840 
-0.084241 0.859728 0.034226 
-0.594356 -0.791884 0.036575 
-0.751343 0.635892 -0.012862 
0.209625 -0.961303 0.012354 
0.960444 0.224009 0.017522 
0.761132 0.573547 0.025080 
-0.873855 -0.419225 -0.046805 
0.444116 -0.724216 0.029343 
-0.519638 0.711564 -0.009309 
-0.857932 -0.094843 0.030439 
0.509581 -0.704959 -0.045025 
-0.141160 -0.872688 0.037115 
0.718289 -0.549022 0.010767 
-0.505735 -0.797888 0.015399 
-0.781545 0.501240 0.008928 
0.300789 -0.877912 0.010452 
-0.238687 0.948667 -0.044793 
-0.916144 -0.069345 -0.046840 
-0.581758 0.792286 0.045548 
-0.120439 0.953338 -0.046814 
-0.214205 -0.826862 0.018279 
0.040356 -0.956284 0.041561 
0.909970 0.206426 -0.046840 
0.850327 0.047124 0.027630 
0.668416 0.710966 -0.005530 
-0.968470 -0.138496 -0.043592 
0.288339 0.951897 0.027337 
0.336778 0.808373 -0.032479 
0.533485 -0.817372 0.045038 
0.625131 -0.736499 -0.041719 
-0.740674 0.506012 0.036550 
0.848498 -0.065591 0.031055 
0.387157 0.825232 0.012278 
-0.229223 -0.838671 -0.024952 
0.316495 -0.931871 0.020022 
-0.724769 -0.591647 -0.046840 
0.247868 0.931695 0.037119 
0.855883 -0.095619 0.002561 
-0.846029 -0.520641 0.022612 
0.918188 0.362982 0.025451 
0.953370 0.116155 -0.046754 
0.982051 -0.035433 0.008829 
-0.787992 0.615288 0.016563 
0.920042 0.198284 0.015518 
-0.228055 -0.917759 0.018580 
0.466856 -0.847083 -0.039977 
-0.948978 0.004740 -0.046840 
-0.881520 0.189258 0.025108 
-0.060220 0.995429 0.032610 
0.725072 0.490616 0.045643 
0.610230 -0.770599 0.032749 
-0.165838 0.857868 0.045487 
0.394415 0.771164 0.044905 
0.638539 -0.640041 -0.046775 
-0.158788 0.853059 0.007529 
0.897782 -0.099141 -0.046840 
0.314861 0.909757 0.034346 
0.588533 0.684705 -0.046840 
-0.865625 -0.147600 -0.015153 
0.634306 0.714268 0.025524 
0.894941 0.075631 -0.046695 
-0.549407 -0.678171 -0.035013 
0.367497 0.818305 -0.046840 
-0.052666 -0.850779 0.021348 
-0.938531 -0.167915 0.017710 
0.817710 0.487435 0.024238 
-0.653627 -0.724243 -0.038939 
0.944541 -0.239514 0.045484 
-0.165581 -0.927394 0.015745 
0.219083 -0.940833 -0.043554 
0.416786 -0.758180 -0.021756 
-0.233162 0.968800 0.040567 
-0.795642 -0.367203 -0.027290 
-0.849187 -0.152115 0.031854 
-0.820281 -0.373056 0.020156 
0.553145 0.767566 0.014957 
-0.024635 0.907535 -0.046827 
0.940690 -0.286685 0.017734 
0.960905 -0.009574 0.044978 
0.831216 -0.451571 -0.046840 
0.595702 -0.642057 0.043512 
0.755658 0.431734 -0.035275 
0.584234 -0.772019 -0.008275 
0.731185 -0.433387 0.038724 
-0.957292 -0.273219 0.028283 
0.341379 0.825683 0.031503 
-0.352308 0.807028 -0.024737 
-0.491352 -0.708420 0.044139 
-0.837437 -0.399987 0.008928 
0.554528 0.821300 0.010047 
-0.550259 -0.766690 0.014616 
-0.420976 0.784920 0.044046 
-0.879358 0.015384 -0.027468 
0.794519 0.565661 -0.001331 
0.771994 0.546176 -0.046798 
0.163397 0.859170 0.001137 
-0.413414 0.761006 0.011978 
0.868781 -0.459640 0.023029 
0.587334 -0.634693 -0.007918 
-0.963363 -0.240205 0.007481 
-0.655190 -0.739795 0.042778 
-0.037670 -0.969671 -0.030253 
0.521406 0.844538 0.015338 
0.728901 0.637032 -0.046151 
-0.961685 0.204033 -0.037293 
0.093847 -0.959482 0.045582 
0.949011 -0.192379 -0.038110 
-0.400675 0.879435 0.031656 
0.763937 -0.554462 0.023495 
-0.952598 0.299939 0.027863 
-0.370636 -0.771918 0.011140 
0.491619 0.749222 0.023948 
0.625667 0.737067 -0.046656 
0.783859 -0.513773 -0.046840 
-0.664891 0.563371 0.005961 
0.693807 0.674864 0.044795 
0.782649 -0.582202 0.004379 
0.279046 0.830711 -0.036638 
0.260657 0.952390 0.004304 
0.891552 -0.279501 0.013477 
-0.516619 0.837175 -0.026132 
0.723154 -0.486359 0.044367 
-0.870230 0.434742 0.041922 
-0.739850 0.546720 -0.046774 
0.478440 -0.820796 0.030055 
-0.839103 0.267143 -0.022154 
-0.966654 0.251204 0.015360 
0.778602 -0.450683 0.012858 
-0.296230 -0.834945 0.036003 
-0.260357 0.924433 0.022317 
0.215720 -0.823744 0.010725 
-0.043570 -0.938060 0.014509 
0.378334 -0.846688 0.010366 
0.848664 0.432175 0.025606 
0.919669 -0.347814 0.017788 
-0.323370 0.817057 0.000630 
0.846596 -0.182069 -0.017969 
0.530737 0.801774 0.037168 
-0.550352 -0.699605 0.031345 
-0.493446 -0.857652 0.032164 
-0.781732 -0.533775 -0.046840 
0.662370 -0.706651 -0.001824 
0.261222 -0.896327 -0.046840 
0.540523 -0.675129 -0.016013 
0.809747 -0.270876 0.043285 
-0.355029 -0.784235 0.044553 
-0.951288 0.025930 0.015155 
-0.963228 -0.208514 0.045586 
-0.438437 -0.735549 0.032577 
0.710013 0.668307 -0.018809 
0.484363 -0.724186 0.045434 
0.798013 -0.334003 -0.026124 
0.453407 -0.816521 0.013207 
0.826374 0.210657 0.031690 
0.921955 0.307791 -0.012071 
-0.995191 -0.058975 0.011678 
-0.829498 -0.399447 -0.046840 
0.158499 0.906769 -0.046840 
0.220177 -0.928541 0.038297 
-0.910386 -0.284172 0.018834 
-0.774322 -0.596471 -0.036671 
-0.298971 0.827974 -0.031998 
0.434716 -0.758601 0.044756 
-0.996481 0.048074 0.029911 
-0.495087 0.712320 0.040798 
0.782593 -0.568707 -0.033249 
-0.660621 0.594506 -0.044977 
-0.666248 -0.692890 0.038168 
-0.568064 0.822198 0.025678 
0.902050 0.044500 -0.046779 
-0.004254 0.966946 0.040105 
0.277041 -0.809110 0.043994 
0.881166 0.153875 0.018386 
0.537507 -0.705834 0.023197 
0.550022 -0.647910 0.011226 
-0.980935 0.063923 -0.003726 
0.724818 0.454887 0.013565 
-0.786992 0.361375 0.013942 
-0.899477 0.215242 0.009503 
0.365612 -0.768480 0.010970 
-0.491395 0.870047 0.026578 
-0.363717 -0.812036 -0.046840 
0.136102 -0.888165 -0.046708 
0.704906 -0.682907 0.010009 
-0.854772 0.210604 -0.001095 
-0.904050 -0.414373 0.018884 
-0.690117 0.595139 -0.046840 
0.601215 0.632444 -0.031553 
-0.792735 0.384321 -0.023402 
0.470612 -0.718921 0.003128 
0.372751 0.905274 -0.016386 
-0.122302 -0.844845 0.039309 
-0.021912 -0.985527 0.031919 
0.727795 0.657090 0.045581 
-0.631170 0.627934 0.044441 
-0.655303 0.598105 0.045568 
0.872446 -0.194975 0.017025 
0.792742 0.358208 -0.026422 
-0.610789 -0.757528 -0.042739 
-0.748634 -0.440366 0.045267 
-0.148534 0.963542 0.045068 
-0.002960 0.886335 -0.046262 
0.813562 0.534842 -0.033343 
0.282301 -0.907767 0.029168 
0.635978 -0.597846 -0.044810 
0.976945 0.053729 0.044960 
0.868971 0.292307 -0.046788 
-0.929451 -0.273345 -0.046840 
0.687154 0.568218 -0.046840 
-0.903413 -0.333943 0.034254 
-0.784034 -0.606498 0.040461 
0.689628 -0.615294 -0.046840 
0.866262 0.033630 -0.027765 
-0.917718 0.354365 -0.017563 
0.800669 0.328101 0.001924 
-0.807183 -0.316993 0.044590 
-0.101873 -0.936309 0.015953 
-0.861744 -0.291788 0.014233 
0.182610 -0.944321 -0.046329 
-0.881426 -0.041100 -0.043689 
0.568180 -0.689900 -0.046836 
-0.072920 -0.891035 0.019357 
0.580781 -0.767260 0.045509 
0.434332 -0.866585 -0.001879 
0.627697 0.606053 -0.002796 
0.317543 0.926419 -0.019865 
-0.658800 0.684518 -0.046810 
-0.661649 -0.571081 -0.020803 
-0.288301 0.909170 -0.046840 
0.885606 -0.320841 0.018893 
-0.460948 -0.760532 0.031056 
0.596602 -0.714873 0.011823 
0.404181 0.758535 0.014900 
0.810468 -0.256460 0.013206 
0.176472 -0.924404 0.017006 
0.898232 -0.381509 0.045121 
0.861886 0.165335 0.043851 
-0.554345 0.690012 -0.044109 
0.968174 -0.176585 0.029639 
-0.863859 0.150287 0.001408 
0.663344 0.712025 0.045643 
0.370277 0.847158 -0.046840 
0.736225 0.620449 0.041515 
-0.529924 -0.677076 0.008157 
-0.735385 0.544150 0.013579 
0.499631 -0.692300 0.043614 
0.975646 0.123616 0.008284 
-0.893387 0.149316 -0.046840 
-0.062260 0.876707 -0.008816 
0.260602 0.820993 0.020863 
0.021615 0.994103 0.008681 
0.917005 -0.200518 0.015602 
0.913040 0.137787 -0.046840 
-0.729684 -0.545097 -0.046840 
0.762995 0.510972 0.008928 
-0.377941 0.778763 0.015692 
0.288835 -0.863010 -0.046840 
-0.894000 0.025829 0.038123 
-0.343773 0.937256 0.013907 
0.659941 -0.661504 -0.046811 
0.843026 -0.116112 0.019148 
-0.382168 0.816198 0.026377 
-0.680469 0.717252 0.002237 
-0.564576 0.805919 -0.029504 
0.273455 0.893845 -0.046840 
0.861679 0.250744 0.016680 
-0.815455 0.528793 0.041541 
0.884171 0.365201 0.036892 
-0.430681 0.785307 -0.046658 
-0.433425 -0.836614 0.014518 
0.597089 -0.739076 -0.046733 
-0.716199 -0.502910 -0.031036 
0.263681 0.915724 0.018385 
0.496460 0.720355 0.045619 
-0.134056 -0.931606 -0.046840 
0.720079 -0.535879 -0.046840 
-0.991788 0.110655 0.018067 
0.619090 0.698108 -0.046840 
-0.973289 -0.159564 0.002768 
0.718652 -0.496203 -0.044946 
-0.653264 0.714393 0.035328 
-0.629982 0.775812 0.020165 
-0.748733 -0.458164 -0.038577 
-0.055727 -0.954403 0.039389 
0.851668 0.309988 0.011661 
0.968539 -0.039692 -0.030495 
-0.715842 -0.661666 -0.041805 
-0.036635 -0.917317 -0.046840 
0.073279 0.916812 -0.046840 
0.624278 -0.714202 0.027968 
0.837969 -0.241269 -0.045846 
0.851496 -0.002469 0.025108 
-0.225042 -0.960185 0.010734 
-0.083315 -0.876960 0.041761 
0.639016 0.758132 0.020826 
0.207528 0.925839 0.014708 
-0.938764 0.341146 0.034275 
-0.295373 0.950989 0.008228 
-0.553635 0.747689 0.008928 
-0.977895 0.201462 0.012858 
0.070138 -0.895140 -0.046840 
0.833183 -0.317240 -0.046840 
-0.501862 0.739779 0.041898 
-0.351777 -0.814420 0.034069 
-0.574777 0.687580 0.038495 
-0.388233 -0.805660 0.021544 
-0.394839 -0.881125 0.044993 
-0.834723 0.227343 0.022984 
-0.866517 -0.410572 0.026282 
0.578934 0.730105 0.009443 
-0.393949 0.909279 0.004160 
-0.821333 0.318404 -0.031192 
-0.849185 -0.362733 -0.046840 
0.820989 0.237121 0.039924 
-0.769060 -0.603476 -0.006327 
0.936720 0.078536 0.015372 
-0.328508 -0.915686 -0.032402 
-0.847612 0.414519 -0.046840 
0.965840 0.042274 -0.043454 
0.341059 0.933819 0.020977 
0.803557 -0.565672 0.025491 
0.821800 -0.219040 0.036818 
-0.464928 0.779678 -0.046685 
-0.438465 -0.886663 0.017002 
-0.046327 -0.983359 0.009927 
-0.875257 -0.470803 0.036159 
-0.080683 -0.916510 0.008928 
0.946303 -0.061461 0.024682 
-0.855205 -0.121627 0.038549 
0.516735 0.750283 -0.046840 
-0.285356 -0.930389 -0.002256 
0.151508 -0.853303 -0.021215 
-0.007779 0.958494 -0.046840 
-0.731194 0.681390 0.026322 
-0.641351 0.746567 -0.028016 
0.399151 0.864749 -0.046840 
-0.054337 0.961419 -0.046840 
-0.408266 0.835630 -0.046738 
-0.942941 0.279355 -0.024232 
0.829508 0.258175 -0.010877 
0.892565 0.386354 -0.022140 
0.122772 0.853789 0.038040 
0.451588 -0.771130 0.016957 
0.956875 -0.150692 -0.033199 
-0.271202 -0.811926 0.010350 
-0.627791 0.696389 -0.046730 
0.960803 -0.093778 -0.044047 
-0.675849 0.541767 0.036622 
-0.225811 -0.932707 0.042036 
0.474349 -0.810878 -0.046700 
0.838454 0.154367 0.013862 
0.413323 0.903544 0.028460 
0.679440 0.520755 0.021985 
-0.809221 0.575663 0.044738 
-0.549808 -0.720872 0.013312 
-0.858935 -0.304368 -0.046840 
0.050904 0.993780 0.040440 
-0.900789 -0.020344 -0.046840 
0.686037 -0.503553 0.009598 
0.038712 -0.969203 -0.032345 
0.972686 -0.149254 0.032298 
-0.406305 0.839337 0.008928 
-0.247635 -0.847691 -0.046840 
-0.848705 -0.251458 0.043944 
0.298221 -0.797348 0.010833 
0.421795 -0.842314 -0.046685 
0.935521 -0.010353 0.013126 
0.505047 0.694036 0.032581 
-0.997281 0.013000 0.037115 
0.567473 0.663672 -0.015715 
0.019083 -0.892729 -0.046840 
-0.700139 0.563200 -0.046825 
0.711072 0.585002 -0.046840 
0.924323 -0.288592 -0.017951 
0.415994 -0.891055 0.014131 
0.049713 0.863028 0.040758 
0.322791 -0.861194 0.008928 
-0.788117 0.581377 -0.045166 
0.055379 -0.919474 0.008928 
-0.908608 -0.367651 -0.010505 
-0.093620 0.992856 0.031530 
-0.987068 -0.137910 0.017886 
-0.655157 0.589448 -0.014576 
0.290667 0.842472 0.039394 
-0.199326 0.932949 0.016423 
0.505826 -0.779900 -0.046840 
-0.902605 -0.109083 0.015238 
0.425574 -0.847061 0.026081 
-0.574542 -0.684326 -0.046840 
-0.552068 0.786695 0.021739 
-0.905304 0.422683 0.035535 
-0.108302 -0.879584 -0.046840 
-0.606745 -0.606701 0.018970 
-0.394349 -0.906248 0.012751 
-0.342084 0.847630 -0.046643 
0.632407 -0.752399 0.027284 
0.761662 -0.450178 -0.046840 
-0.178528 0.981151 0.037790 
0.747425 -0.599959 0.043194 
0.559837 -0.776370 -0.046728 
-0.717454 0.589655 0.008928 
0.892865 0.257114 0.010042 
-0.822300 0.269251 0.030803 
-0.924109 -0.326155 -0.019741 
-0.676058 -0.656971 0.013512 
-0.207514 -0.895062 0.008928 
-0.084442 0.978555 -0.013305 
0.943873 0.283792 0.039790 
0.854275 -0.382111 -0.046840 
0.848136 0.405696 0.014242 
-0.976399 -0.072851 -0.043100 
-0.688252 -0.597044 -0.046840 
0.029752 -0.866949 -0.013739 
-0.307300 -0.938669 0.033219 
-0.101580 -0.965607 -0.022011 
0.129585 -0.960970 -0.008833 
0.822377 -0.394594 0.008928 
-0.487305 0.854897 -0.021006 
-0.339487 0.922983 -0.010701 
0.848662 -0.385761 0.012484 
-0.886865 -0.221273 0.012086 
0.852702 -0.149945 -0.009759 
0.381924 -0.906614 0.024080 
0.099583 0.991036 0.023973 
-0.037461 -0.889133 0.023776 
0.633779 0.578863 0.040720 
0.828457 -0.464852 0.032447 
-0.966898 0.034059 -0.046840 
0.676795 0.660404 0.015961 
-0.606927 -0.668988 -0.046840 
-0.782422 0.458016 -0.046805 
-0.760913 0.623848 -0.037419 
0.472570 -0.862109 0.035025 
0.867673 -0.114448 -0.045789 
0.191124 0.950366 -0.046840 
0.845030 0.481728 0.045643 
-0.505976 -0.832730 -0.028179 
0.968543 0.057842 -0.010728 
0.838284 -0.506403 0.042990 
-0.015239 0.894795 0.035661 
0.923432 0.101966 0.010391 
-0.539100 -0.797698 -0.046840 
-0.806990 0.457440 0.009009 
-0.821769 -0.267074 0.008341 
-0.829037 -0.286965 -0.014289 
-0.711200 -0.482774 0.023379 
0.854131 -0.221490 0.033425 
0.181790 -0.846867 -0.031117 
-0.763264 0.410824 0.038945 
-0.147991 -0.840783 0.014157 
0.935233 0.262025 -0.038031 
0.924060 0.334573 0.006499 
-0.097735 0.893295 -0.046743 
-0.800105 -0.356261 0.045643 
0.882952 0.099745 -0.046751 
-0.042750 -0.876753 -0.046821 
-0.248826 -0.939109 -0.039532 
0.097863 0.872438 -0.022025 
0.683806 0.540187 -0.013418 
-0.204255 -0.908756 -0.046840 
0.961669 -0.106064 0.045643 
-0.619873 -0.732836 0.035261 
0.603762 0.753494 -0.046840 
0.047442 0.980347 -0.009145 
0.119487 -0.869328 0.043469 
-0.781090 0.444119 0.031619 
-0.366284 0.800806 -0.002703 
0.651974 -0.544949 0.026270 
-0.845227 -0.327847 0.015638 
-0.736023 0.456798 0.027499 
-0.164577 -0.957559 -0.004081 
0.913425 -0.094536 0.008928 
-0.022551 0.981577 -0.008675 
0.528061 -0.665477 0.028538 
0.337898 -0.899405 0.045029 
-0.760312 -0.491666 -0.046840 
0.260090 -0.826792 -0.037737 
-0.809773 0.306745 0.013320 
-0.950745 -0.237087 -0.040387 
0.305773 0.815947 0.045643 
0.494440 0.860016 0.010538 
0.809137 0.364238 -0.046664 
-0.891585 -0.023686 0.041943 
-0.293250 0.850967 -0.046704 
0.473462 0.841730 0.041792 
-0.614319 0.728752 -0.046677 
0.210807 0.928533 -0.046840 
-0.822094 0.518181 -0.046759 
-0.082471 0.901465 0.019286 
-0.143640 0.889459 -0.046814 
-0.203635 0.846322 0.044268 
0.413379 0.800908 -0.046840 
-0.960898 -0.004893 0.024318 
0.692148 0.555213 0.036664 
-0.048881 0.896429 -0.046725 
-0.846099 0.331127 -0.046799 
0.811410 0.416035 -0.046721 
-0.896046 0.373802 0.040454 
0.184734 0.968803 0.003025 
0.772713 0.618663 0.032696 
-0.510673 -0.690383 0.041162 
0.179128 0.889981 -0.046840 
0.054154 -0.949811 -0.046840 
0.678978 -0.607783 0.008974 
-0.716001 0.514360 -0.023576 
-0.876850 -0.191185 0.029459 
0.813066 -0.546248 0.007076 
0.735409 0.466807 -0.022058 
-0.397340 -0.848364 0.011739 
-0.837740 -0.454561 -0.046840 
0.774377 -0.575884 0.045525 
0.448742 0.879196 0.044727 
-0.714414 0.677177 -0.012869 
0.959233 -0.215233 0.038828 
-0.425709 0.753766 0.034332 
0.549073 0.667491 0.005118 
-0.864146 0.258879 0.024427 
-0.540306 0.779012 -0.046779 
-0.126741 -0.963243 -0.012362 
-0.714992 -0.601314 0.009986 
-0.806206 0.483892 0.009655 
0.195178 0.867786 0.042320 
0.434353 0.741412 0.026763 
0.636286 -0.583268 0.045537 
-0.714255 0.633412 -0.046840 
-0.123288 0.974517 -0.031222 
0.748260 -0.613291 -0.021908 
-0.278276 -0.933338 0.045531 
0.347952 0.786536 0.028771 
-0.598802 0.681676 -0.046728 
-0.366123 -0.901538 -0.031607 
-0.945064 0.241835 0.043617 
0.741877 0.655830 0.013816 
0.853073 -0.170606 0.045639 
0.495223 -0.787532 0.011259 
-0.930542 0.143159 -0.046840 
0.885386 -0.345045 0.032214 
-0.886956 -0.274692 0.008928 
-0.752373 0.428570 0.014114 
0.576850 0.642952 0.044546 
0.901453 0.044755 0.012348 
0.981382 -0.001020 0.006844 
-0.431089 -0.883694 0.044465 
0.480298 -0.751748 0.018402 
-0.961986 0.062889 0.028708 
0.327772 -0.801226 -0.026447 
0.601934 0.768068 0.045643 
-0.084783 -0.962132 -0.045117 
0.897489 -0.369067 -0.000062 
0.945555 -0.186672 0.045485 
0.092602 -0.965092 -0.033486 
0.388740 -0.843606 -0.046733 
-0.874304 -0.086448 -0.025329 
0.449265 0.870397 -0.000744 
-0.693633 0.543620 -0.014245 
0.842613 0.209203 -0.030460 
-0.267508 -0.873038 0.009824 
-0.111211 0.860299 0.042962 
-0.939080 -0.185615 -0.046840 
-0.195765 -0.837269 0.044848 
0.553683 -0.686258 0.033668 
0.755910 0.412705 0.044705 
0.594926 0.686506 0.012678 
0.829320 0.275682 -0.042677 
-0.837374 -0.207020 0.037149 
-0.137667 0.867165 0.045643 
0.866708 0.442757 -0.012110 
-0.310344 -0.887649 0.014126 
0.553152 0.709241 -0.046840 
-0.607702 0.617259 0.037240 
-0.941829 -0.322146 0.021990 
0.751519 0.620279 -0.029662 
0.681753 -0.535588 0.045643 
0.289486 -0.940333 0.021277 
0.813953 0.256356 0.023815 
0.586614 0.781483 -0.007420 
-0.925417 -0.365853 0.019117 
-0.110575 -0.979954 0.031343 
-0.555688 -0.755404 -0.046840 
-0.454061 0.853499 0.032094 
-0.203085 -0.853863 -0.046574 
-0.582535 -0.769263 -0.046823 
-0.329977 0.903314 0.023767 
-0.241639 0.830149 0.032425 
0.950515 0.138548 0.044124 
-0.054127 -0.866119 -0.005225 
-0.639641 0.650981 0.014920 
0.307591 0.880923 0.009074 
0.678774 -0.710729 0.024062 
-0.209220 0.839150 0.014533 
-0.623786 -0.634563 -0.046840 
0.827576 -0.501656 -0.014116 
-0.094080 0.951459 0.018945 
-0.831461 -0.463060 0.018379 
0.888095 0.433135 0.031247 
-0.479287 -0.858499 0.005511 
0.713045 0.558214 -0.046784 
0.270617 0.947100 0.045536 
0.763151 -0.475983 -0.046840 
0.150848 -0.916206 0.010370 
-0.411969 -0.784160 0.039636 
-0.792117 -0.422133 -0.046840 
-0.768305 -0.388113 0.025717 
-0.811958 -0.545766 -0.004447 
0.802788 0.290765 0.022008 
-0.115600 -0.875873 0.038093 
-0.851394 0.152350 0.024612 
0.593216 -0.783541 0.012955 
-0.961435 0.113038 0.039503 
-0.871606 0.123276 -0.001797 
0.943094 -0.274324 0.040193 
-0.863056 0.040813 0.018239 
0.369118 -0.783608 -0.039338 
-0.803072 0.368810 -0.041156 
-0.399270 0.801392 0.038641 
0.421148 0.883469 -0.006855 
-0.397177 -0.758509 0.038720 
0.807627 0.571310 0.022064 
0.835042 0.512246 0.003343 
0.486126 0.790366 0.008928 
0.262597 0.937497 -0.045728 
-0.513820 0.819702 0.033340 
0.506694 0.829452 -0.045100 
-0.063439 0.979994 -0.029445 
-0.301583 0.810630 0.028087 
-0.210120 0.952594 -0.046211 
-0.732780 0.489484 -0.012250 
-0.361837 0.860659 0.008928 
0.586301 0.627173 0.009920 
-0.840291 0.441424 -0.046788 
-0.503160 0.820130 -0.046813 
0.248653 0.890763 0.008928 
-0.641701 0.639761 -0.046840 
0.334432 -0.801153 0.045643 
0.439280 0.779517 0.026828 
0.088298 -0.862625 -0.025767 
-0.678216 0.641215 0.008928 
0.733077 -0.606346 -0.046840 
0.776752 0.466629 0.012611 
-0.747930 0.638951 0.045643 
-0.467297 -0.785703 -0.046840 
0.798234 0.374371 0.041724 
0.364848 -0.906745 0.005193 
0.854142 0.152934 -0.021583 
-0.868353 -0.451941 -0.011466 
-0.846185 0.228993 0.045623 
-0.892178 -0.337948 -0.046840 
0.899965 -0.298466 0.028175 
0.328116 -0.784826 0.012728 
0.013590 0.909548 -0.046840 
0.622042 -0.629705 0.026146 
0.699683 0.629482 -0.046840 
0.206494 -0.860265 0.029222 
0.116175 -0.945982 0.033820 
-0.946751 0.181992 -0.046840 
-0.527518 0.705839 -0.032744 
0.077098 -0.848845 0.038624 
-0.814193 0.400721 0.018720 
-0.832630 -0.542185 0.022862 
0.574437 0.792259 0.045643 
-0.850809 0.495690 -0.008626 
0.232475 -0.864535 -0.046840 
0.754593 -0.508471 0.009334 
0.979992 0.103411 0.022904 
-0.449570 0.739720 0.035271 
0.945615 0.221148 -0.004367 
-0.108250 -0.846105 0.018313 
0.797901 -0.492735 -0.046840 
-0.915315 -0.221138 0.010940 
0.827770 -0.252368 -0.008310 
-0.983254 -0.160974 0.027433 
-0.699311 -0.525196 -0.017866 
0.370964 0.776197 0.029533 
-0.675383 -0.530802 0.034428 
-0.803614 0.594305 0.018828 
-0.583173 -0.781519 -0.023772 
0.468172 0.813925 -0.046840 
0.877568 0.417355 -0.039319 
0.353363 -0.875926 0.020952 
-0.593885 0.767947 0.040521 
0.818181 -0.297032 0.045643 
0.636137 -0.697314 -0.046809 
0.776954 0.572012 -0.046611 
-0.813116 -0.470031 -0.046840 
0.889694 -0.156205 -0.046840 
0.082893 0.977406 -0.019194 
0.960464 0.102634 0.045643 
-0.629558 -0.583711 0.018943 
0.549138 -0.797030 -0.017894 
0.147897 0.865227 -0.018154 
-0.206845 -0.954911 0.045616 
0.218373 -0.831056 0.045317 
-0.001884 0.863087 0.032962 
0.179935 -0.937370 0.039383 
-0.871375 -0.114316 -0.014132 
0.467331 0.772362 -0.046840 
0.727006 -0.572497 0.010119 
0.804992 -0.340138 0.042877 
-0.381608 -0.783013 -0.037627 
0.928276 -0.116371 0.013542 
0.694188 -0.489450 0.028591 
0.573387 0.790605 -0.032080 
0.642945 -0.723603 -0.008223 
-0.307539 -0.797669 0.037085 
0.865290 -0.065109 -0.040804 
-0.037336 0.938282 0.009898 
-0.483213 0.736863 -0.031434 
-0.685650 -0.695273 -0.013226 
0.965143 0.098970 -0.020183 
-0.959900 -0.064692 0.026855 
-0.581423 -0.651306 -0.017266 
-0.734745 -0.475415 -0.003071 
-0.980688 -0.060764 0.045643 
0.918309 0.280500 -0.046840 
0.309236 0.896778 -0.046840 
0.184583 -0.890245 -0.046840 
0.935909 -0.214590 -0.046415 
0.068892 -0.854907 0.005363 
0.468238 -0.847480 -0.009082 
-0.668184 -0.670085 -0.046840 
-0.783296 -0.569401 -0.046618 
-0.853905 -0.202925 -0.028394 
0.313341 0.840391 -0.046840 
-0.394391 0.863911 0.013236 
0.905919 0.236100 0.012813 
0.932850 0.088617 -0.046787 
-0.359281 -0.887187 0.035355 
-0.690222 0.560387 0.044697 
-0.593276 0.783671 -0.041187 
0.840631 -0.168714 0.004943 
-0.844465 0.384313 -0.046818 
0.406839 -0.766522 -0.042923 
0.845479 0.430021 -0.046807 
0.844787 0.371307 0.008928 
0.660086 0.613259 -0.046840 
-0.468869 -0.734669 -0.028297 
0.921590 0.149115 0.011758 
-0.740169 -0.558999 0.008928 
0.422030 0.862634 0.030237 
0.394629 0.801204 0.030939 
0.668917 -0.638395 -0.046840 
0.327197 -0.836914 0.013959 
0.250058 -0.832342 0.045634 
0.944778 0.001924 -0.046840 
-0.992377 -0.092476 0.033044 
0.656170 0.730450 0.003291 
-0.752867 0.596621 -0.046709 
0.828390 0.391275 0.009010 
0.879885 0.130002 0.024206 
0.491336 0.723038 -0.002066 
-0.932726 -0.295904 0.045584 
-0.988584 0.139369 0.024329 
-0.735011 0.612849 0.019472 
-0.253398 0.917704 -0.046840 
-0.703433 0.505477 0.025289 
-0.165971 -0.852915 -0.017330 
-0.891843 -0.057705 0.039623 
0.862580 -0.439405 -0.007251 
0.670987 0.556596 -0.026598 
0.869537 -0.431715 0.045526 
0.392079 -0.759119 0.006172 
-0.752699 -0.519159 0.010829 
0.705172 0.679988 0.002196 
0.929705 -0.267432 -0.040013 
-0.660185 0.670324 0.009752 
0.222846 0.877519 0.017045 
0.226206 0.847013 -0.009600 
-0.224574 -0.945197 -0.037409 
-0.746049 -0.428079 0.024248 
0.811935 -0.294654 0.000547 
-0.838030 -0.503829 -0.038245 
-0.183923 0.978788 0.008839 
0.084334 0.902511 0.017229 
-0.853689 -0.187593 0.045643 
-0.893806 -0.262832 -0.046840 
-0.259177 -0.875600 -0.046840 
-0.897240 0.193482 -0.046840 
-0.683516 -0.710601 0.005955 
0.490251 -0.852634 0.014369 
-0.576402 -0.635695 0.022184 
0.519984 -0.707674 0.041291 
-0.409683 -0.889705 0.003423 
-0.068557 0.993741 0.009733 
-0.162240 0.939795 -0.046840 
-0.870747 0.445939 -0.045618 
-0.662513 0.727187 -0.038230 
0.436957 -0.744108 0.000856 
-0.798229 -0.349831 0.002799 
0.805178 -0.427710 -0.046840 
-0.883695 -0.381915 0.033676 
0.671396 -0.658140 0.017865 
0.416086 0.756313 0.043047 
-0.893404 0.265878 0.008928 
-0.930677 -0.223064 -0.046840 
-0.396543 -0.814783 -0.046840 
0.689587 -0.673832 -0.043713 
-0.484554 -0.755839 0.019294 
0.936000 0.054294 0.014129 
-0.364164 -0.918599 0.031967 
0.716243 -0.484299 -0.023924 
0.840301 0.218477 -0.008154 
0.169236 -0.834005 0.021857 
0.889379 -0.382327 -0.018695 
-0.978100 0.099401 -0.002763 
0.019791 0.962678 0.028522 
0.531589 0.731123 -0.046840 
0.850052 -0.043843 0.017499 
0.555047 -0.811407 0.025388 
0.208164 -0.918254 -0.046840 
0.311898 -0.876830 -0.046840 
-0.280109 0.942435 -0.008515 
-0.912477 0.308585 0.027570 
-0.879576 0.463137 0.005893 
-0.642477 0.580509 0.035017 
0.503973 -0.745817 0.012744 
0.676978 0.538566 0.045395 
