0.515989 0.779262 -0.106177 
-0.543324 -0.815276 0.113486 
0.809821 -0.573305 -0.068166 
-0.838148 0.523401 -0.056919 
0.975471 0.177916 0.114419 
-0.207516 0.964646 0.109722 
0.168208 -0.974701 -0.062517 
-0.959504 -0.221077 -0.064186 
0.442958 -0.694726 0.120217 
-0.804316 0.135533 0.116673 
-0.437374 0.692156 -0.116192 
0.810783 -0.134532 -0.116192 
0.809756 0.563518 0.120479 
0.212844 0.943442 0.120479 
-0.648934 -0.493192 -0.116192 
-0.206536 -0.797071 -0.116192 
0.002801 0.820963 -0.116192 
0.768980 0.311888 -0.116192 
0.921165 -0.330446 0.120479 
-0.650532 0.729361 0.120479 
-0.859526 -0.467364 0.115208 
-0.102102 -0.962850 0.120479 
0.608853 -0.764473 -0.093648 
-0.913160 0.253311 -0.106290 
0.544153 0.620860 0.112903 
-0.453120 -0.696617 -0.116192 
0.343284 -0.763115 -0.116192 
0.638805 0.538586 -0.116192 
-0.832066 0.009139 -0.116192 
0.260498 0.776544 -0.078066 
-0.344354 0.747991 0.120084 
0.986659 -0.089445 0.062891 
0.201229 -0.789158 0.107793 
0.458116 0.877440 0.120479 
0.693734 -0.449768 0.120369 
-0.727667 0.376181 0.120331 
-0.800065 -0.116187 0.105357 
-0.290056 -0.784127 0.120479 
-0.599522 -0.572006 0.120479 
-0.242175 0.857938 -0.112630 
0.700573 -0.695946 0.119199 
0.889616 0.092111 -0.116192 
0.773091 0.297580 0.117282 
0.746494 -0.355558 -0.116192 
-0.019789 0.821463 0.112841 
-0.614395 0.530816 -0.107645 
-0.671779 -0.721148 -0.059620 
0.390069 -0.904279 0.055171 
-0.753264 -0.295304 -0.116192 
0.016002 -0.811348 -0.070574 
-0.980385 0.009975 0.071552 
-0.386428 -0.905672 -0.071349 
-0.505265 0.844971 0.016819 
0.601732 -0.552060 -0.093789 
0.820600 0.033157 0.099879 
0.170575 0.965014 -0.092385 
-0.930908 0.302059 0.120479 
0.853862 0.499467 -0.087965 
0.952399 -0.280459 -0.077067 
0.703769 0.698970 0.007204 
-0.729621 0.352463 -0.093683 
-0.097447 0.989774 -0.059798 
-0.652304 0.733319 -0.081803 
0.804456 -0.167126 0.107887 
-0.113003 -0.971866 -0.088102 
-0.854570 -0.473441 -0.084741 
0.931650 0.339985 0.003276 
-0.932398 -0.280971 0.120479 
0.101012 -0.958888 0.120479 
-0.613969 0.531656 0.103917 
0.298677 0.770969 0.117410 
0.384455 0.920435 -0.057777 
-0.745768 -0.311361 0.101154 
-0.794683 0.557310 0.120479 
-0.765147 -0.613255 0.054082 
0.054180 0.986974 0.045792 
-0.007904 -0.811333 0.104245 
0.695467 0.460424 0.031446 
-0.488408 0.653425 0.091305 
-0.187971 0.804502 0.046802 
0.557802 -0.815218 0.072634 
-0.464535 -0.671469 0.061675 
0.580942 -0.577646 0.090961 
-0.346792 0.922676 0.020925 
0.600817 0.784820 0.120479 
0.184376 -0.791772 -0.071513 
-0.976723 0.101544 -0.075468 
0.476334 -0.661679 -0.087674 
0.142617 0.819438 0.031307 
0.845883 -0.511576 0.097363 
0.816619 0.193318 -0.003520 
0.476185 -0.862290 -0.082346 
0.970460 -0.071556 -0.100048 
0.765546 -0.316225 0.049920 
-0.531259 -0.829754 -0.049604 
-0.278286 -0.941468 0.076390 
0.414579 0.727359 0.009686 
0.885683 -0.432280 -0.087449 
-0.802150 -0.156228 -0.053899 
-0.678451 -0.453278 0.057920 
-0.901139 0.389363 -0.010546 
-0.787811 0.250447 0.007384 
-0.336220 -0.761657 -0.025159 
-0.163238 -0.805982 0.035215 
-0.967656 0.163226 0.064570 
0.306023 -0.918316 -0.098592 
0.259265 -0.949267 0.119619 
-0.415234 0.861394 -0.105159 
0.968437 0.216862 -0.079839 
-0.979268 -0.050271 -0.078412 
-0.565533 -0.611076 -0.032754 
-0.968639 -0.139888 0.080459 
-0.741294 0.645021 0.010614 
0.530356 0.626285 -0.060873 
-0.671667 -0.711836 0.117200 
-0.412589 -0.888783 0.115206 
0.990053 0.048228 0.010139 
0.711933 -0.685359 -0.027015 
-0.751753 -0.604911 -0.097006 
-0.820198 0.012147 0.038860 
0.893168 0.431726 0.109863 
0.030280 -0.951774 -0.105321 
-0.910707 -0.357353 -0.018873 
-0.804523 0.151272 -0.116192 
0.321657 -0.760459 0.037038 
-0.692067 0.454938 0.006997 
-0.340467 0.761645 -0.036108 
0.697752 -0.464715 -0.037301 
-0.254122 -0.952652 -0.070232 
-0.068042 0.965115 0.120479 
0.771699 0.612040 -0.092636 
-0.875399 0.443645 0.117445 
-0.547291 0.636487 -0.048238 
0.838180 -0.033492 -0.025951 
0.033388 0.978887 -0.093145 
-0.427206 0.881060 0.120479 
0.005042 -0.985622 0.021745 
-0.121425 0.807465 -0.069474 
0.637355 0.696205 -0.107641 
0.671399 0.586001 0.120479 
0.145966 0.830077 -0.116192 
0.382240 0.747543 -0.116192 
0.938468 -0.201037 0.120479 
0.334695 0.931782 0.062313 
0.904352 0.290858 0.120479 
0.827267 0.160711 0.120479 
0.723046 0.431429 -0.116192 
0.531996 0.835871 0.007487 
0.793772 -0.246041 -0.057024 
-0.739757 0.595782 -0.105778 
0.481743 0.742478 0.120479 
-0.522000 0.785147 -0.105500 
0.096184 0.894643 0.120479 
0.879206 0.379132 -0.106082 
-0.297998 0.862776 0.120479 
-0.240501 0.960158 -0.043067 
-0.724251 0.473881 -0.116192 
0.615994 0.568668 0.005670 
-0.714774 -0.393947 -0.054278 
0.950174 0.013735 0.120479 
0.274659 0.898655 -0.106506 
-0.096704 -0.854439 -0.116192 
0.777083 -0.612467 0.045322 
0.577991 -0.695133 0.120479 
-0.175911 -0.968508 0.020366 
-0.835055 0.412174 -0.107761 
-0.420902 -0.765966 0.120479 
0.758709 0.355493 0.013825 
-0.560572 0.807895 0.120479 
0.850024 0.224261 -0.116192 
0.016216 0.835754 0.001376 
-0.817417 0.128945 0.000125 
0.104108 -0.815440 0.047514 
0.697678 -0.570366 0.120479 
0.757366 0.416163 0.120479 
-0.941863 0.278684 0.006265 
0.390474 -0.807108 0.120479 
0.917216 -0.372202 0.011287 
-0.827644 -0.228977 0.120479 
0.851668 0.508406 0.026850 
0.502346 -0.659427 0.028491 
-0.778548 -0.280511 -0.004043 
-0.832277 -0.520391 0.017592 
-0.826232 0.247531 0.120479 
-0.799759 0.265973 -0.116192 
-0.881307 -0.038284 0.120479 
-0.862662 -0.273718 -0.098587 
0.417754 -0.724765 -0.014743 
-0.701818 0.621129 0.120479 
0.228084 0.962671 0.004163 
-0.607555 -0.769608 0.033480 
-0.412343 0.716012 0.037539 
-0.707742 -0.540879 0.120479 
0.814308 -0.407162 0.120479 
0.126251 -0.875756 -0.116192 
0.695294 0.707024 0.117895 
0.858187 -0.069458 0.120479 
-0.851278 -0.356798 0.120479 
0.600613 -0.659198 -0.059742 
0.784008 0.607715 0.017362 
0.249469 -0.951552 0.007746 
-0.172289 -0.874552 0.120479 
-0.326075 -0.822564 -0.115600 
-0.556515 -0.677522 0.120479 
0.616646 0.783389 -0.045116 
-0.902763 0.068715 0.120479 
0.935421 -0.173951 -0.107497 
-0.564170 -0.743001 -0.105217 
0.835210 0.087263 -0.023046 
-0.435744 -0.802151 -0.101732 
0.974694 -0.176485 0.000924 
-0.594469 0.784416 0.021237 
0.642262 -0.750985 0.020261 
-0.063553 -0.826844 0.003760 
-0.644843 -0.599475 -0.116192 
0.827319 -0.135917 0.000309 
-0.717221 0.484751 0.120479 
-0.891835 -0.113577 -0.091313 
-0.597155 0.636894 0.120479 
0.979581 0.153018 0.009351 
0.205497 0.819713 0.120479 
0.859972 -0.488797 -0.003399 
-0.745958 0.358699 0.008804 
-0.619863 -0.540950 0.021329 
0.978996 0.044349 -0.093876 
0.246768 0.796117 0.022846 
0.081959 0.889861 -0.061249 
0.287717 -0.843673 0.120479 
-0.163386 0.923982 -0.107155 
0.711389 -0.539584 -0.106334 
0.836820 -0.263691 0.120479 
-0.326559 0.913938 -0.097082 
0.634247 -0.543360 0.002879 
0.463801 -0.760486 -0.109390 
-0.439702 -0.879328 0.017616 
0.878569 -0.009600 -0.116192 
-0.051387 0.891531 -0.067459 
-0.600622 0.571629 0.007978 
-0.445323 0.762669 0.120479 
0.960257 0.248244 0.035241 
-0.165500 0.867853 0.120479 
-0.740919 -0.491549 -0.078988 
-0.794160 -0.386375 -0.112952 
0.396813 -0.908086 -0.044899 
0.772013 -0.450396 -0.104601 
0.470561 0.681727 -0.116192 
0.343628 0.828409 -0.068210 
-0.093335 0.824700 0.029281 
-0.639585 0.624705 -0.079588 
0.475890 -0.866536 0.015333 
-0.167064 0.972775 0.020208 
-0.756924 -0.456452 0.120479 
0.836748 -0.338581 -0.083343 
-0.009769 -0.931769 0.120479 
-0.839056 0.514235 0.039942 
-0.880103 0.085217 -0.079202 
-0.808610 -0.549969 0.120479 
0.398112 0.791945 0.120479 
-0.247438 0.776864 -0.059532 
0.226827 -0.797801 0.014715 
0.418337 0.897604 0.030458 
0.738830 0.514369 -0.070912 
0.676739 0.490416 0.120479 
0.557703 -0.819622 -0.034782 
0.890986 0.436543 -0.026974 
0.465677 0.875888 -0.079064 
-0.830287 -0.054784 -0.027858 
-0.429014 -0.713119 -0.025794 
0.683157 -0.643574 -0.107232 
0.485292 0.675128 0.044040 
0.808628 0.140621 -0.104896 
-0.248140 -0.796477 -0.031983 
-0.797266 -0.195427 0.031181 
-0.036783 0.987148 0.023980 
-0.842745 0.356097 0.120479 
0.955027 -0.265544 0.054907 
0.152242 0.977219 0.056494 
-0.903633 0.349955 -0.094957 
-0.808523 -0.080412 -0.116192 
0.846562 0.303095 -0.065255 
-0.948115 -0.242300 0.024834 
-0.864657 0.189074 -0.057580 
0.162539 -0.969386 0.031599 
0.726539 -0.405981 0.027144 
-0.183747 -0.867238 -0.061729 
-0.559812 -0.652257 -0.116192 
-0.327298 0.824460 -0.116192 
-0.366569 -0.740896 -0.116192 
0.802707 0.401877 -0.062189 
-0.441259 0.773953 -0.064952 
0.279776 0.872352 0.120479 
0.216536 -0.903666 -0.106176 
-0.671825 0.722803 0.006308 
-0.355648 -0.913209 0.014321 
0.333397 0.767572 0.006962 
-0.258760 0.773647 0.105866 
-0.709923 -0.675772 0.008732 
-0.971188 -0.124576 -0.008634 
0.314110 -0.834282 -0.066307 
-0.896641 0.190945 0.120479 
0.126092 -0.863811 0.120479 
0.891776 -0.104016 -0.070319 
-0.103471 -0.816550 0.120479 
0.650187 0.617448 -0.066060 
0.478566 -0.825411 0.120479 
-0.476497 0.685983 -0.024307 
-0.982316 0.026076 -0.027686 
-0.938945 0.024932 -0.107443 
-0.553960 0.719575 0.120479 
-0.875951 -0.444221 0.006125 
-0.883075 -0.387685 -0.097253 
0.760970 0.635786 0.106393 
0.801852 -0.220218 0.037428 
-0.343549 -0.741655 0.060382 
-0.425854 0.888716 0.004251 
-0.307800 -0.869403 0.120479 
0.888010 -0.436341 0.061936 
-0.968266 0.181783 -0.043737 
0.638701 -0.512910 0.093610 
-0.195629 -0.791671 0.114799 
0.966330 0.129531 -0.099181 
0.059722 0.821207 0.074168 
-0.533925 0.687485 -0.116192 
0.861669 -0.217121 -0.116192 
0.544418 -0.705085 -0.116192 
0.094423 0.985246 -0.033478 
0.018983 0.965465 0.120479 
0.910063 0.123541 0.120479 
0.108876 -0.831953 -0.045200 
0.579088 0.698200 0.120479 
-0.283033 0.780146 0.023831 
-0.723260 0.672281 -0.072819 
-0.500153 -0.661972 -0.014900 
0.616360 -0.770478 0.114996 
-0.371983 0.752569 -0.116192 
0.400795 -0.795788 -0.063694 
-0.977413 -0.059488 0.119090 
0.553694 0.704619 -0.080791 
-0.594168 0.792089 -0.062914 
-0.810421 -0.544770 -0.086306 
-0.824081 0.326491 -0.063442 
-0.793639 0.585814 -0.016930 
-0.530824 -0.620681 0.057279 
-0.275431 0.946957 0.064450 
0.881871 0.160917 -0.069581 
-0.013016 -0.881415 -0.116192 
-0.134610 -0.798953 -0.066977 
0.825519 0.368478 0.120479 
-0.826341 0.026850 0.120479 
-0.510786 -0.838808 0.032340 
0.629447 0.765639 0.035064 
0.793700 0.235762 0.065774 
0.987503 0.087003 0.109520 
0.028342 -0.826758 0.015734 
0.518203 0.816903 0.120479 
-0.264064 -0.877281 -0.102665 
-0.810060 -0.212495 -0.116192 
0.309407 -0.761201 0.118706 
0.446313 0.777349 -0.061891 
-0.027547 -0.987740 -0.058868 
0.819320 0.045016 -0.101036 
0.986029 -0.095834 -0.023367 
0.783337 0.246067 -0.069837 
0.760224 -0.517751 0.120479 
-0.753120 0.303994 0.091829 
0.920010 -0.354412 -0.089273 
-0.560902 0.593357 -0.116192 
0.825826 0.476502 0.120479 
-0.678621 -0.480585 -0.027497 
0.070501 -0.985050 -0.026665 
-0.254475 -0.779159 0.047187 
0.252413 -0.816653 -0.116192 
-0.096714 -0.979348 0.035039 
-0.745530 -0.353291 0.009056 
0.523512 -0.630730 0.111793 
-0.913301 -0.350462 0.061697 
-0.657568 0.516584 -0.032040 
-0.708337 -0.393092 0.108911 
0.676832 0.464656 -0.058887 
0.542255 -0.610232 -0.085195 
-0.911445 0.361528 0.070195 
0.408113 -0.705165 -0.093379 
0.410230 0.710097 0.104709 
0.044500 -0.869410 0.120479 
-0.774519 0.431293 -0.059270 
0.181125 0.875919 -0.061124 
-0.662603 -0.632621 0.120479 
-0.921399 0.149206 -0.107468 
0.479273 0.692069 -0.037645 
-0.202733 -0.960488 0.094928 
0.505614 -0.743646 0.120479 
0.848766 -0.502663 -0.086237 
0.344844 -0.905399 0.120479 
-0.605911 -0.776374 -0.045654 
-0.103850 0.817831 0.118122 
-0.978493 0.082651 0.039787 
0.820788 0.127754 0.048962 
-0.902202 -0.154176 0.120479 
0.751516 -0.370105 -0.038389 
0.708056 0.697594 -0.071311 
-0.785555 -0.591544 -0.027283 
0.299476 0.943332 -0.022482 
0.827680 -0.070475 0.048088 
0.751483 -0.347681 0.120479 
-0.544005 0.621485 0.029391 
0.920564 -0.116914 0.120479 
-0.612723 -0.763301 0.119354 
0.563137 -0.615747 -0.006554 
0.585490 0.621666 -0.116192 
0.922993 0.362988 0.077548 
-0.789106 0.454042 0.120479 
0.559692 0.619157 0.025444 
0.696398 -0.434575 -0.116192 
-0.492936 0.860476 -0.058696 
0.278383 -0.765643 -0.056650 
0.087058 -0.808211 -0.116192 
-0.876496 0.455663 -0.058196 
-0.503462 -0.726996 -0.057287 
-0.685747 -0.557444 -0.065255 
0.323154 -0.929992 0.025481 
-0.573540 -0.569346 -0.113493 
0.393001 -0.722634 0.058545 
-0.287914 -0.756508 -0.104927 
0.173062 -0.931691 0.120479 
0.997174 -0.013269 -0.046292 
0.913871 0.310563 -0.104821 
0.781245 -0.597464 0.120479 
0.761147 -0.630771 -0.081808 
0.051394 -0.888894 -0.067158 
-0.921281 -0.321617 -0.087578 
-0.968344 -0.135634 -0.084148 
-0.974744 0.093973 0.119722 
-0.781179 0.211215 -0.057685 
0.730146 0.416414 -0.033619 
-0.804659 0.079663 -0.087852 
0.819429 -0.552838 0.024335 
0.873426 0.221395 0.120479 
-0.820493 -0.333081 -0.065706 
-0.892080 -0.188840 -0.100535 
-0.199984 0.793159 -0.116192 
-0.460945 -0.830088 0.120479 
-0.887020 -0.037236 -0.074616 
-0.058772 0.885746 0.120479 
0.612512 0.550860 0.088765 
-0.708463 0.683078 0.078032 
-0.814798 -0.060816 0.055604 
-0.979934 -0.057282 0.038334 
0.818511 0.560253 -0.029270 
-0.954805 -0.209513 0.120479 
-0.175414 -0.934332 -0.105433 
-0.491139 0.853755 0.089728 
-0.834488 0.021854 -0.042549 
-0.610049 -0.541650 -0.054412 
0.896078 0.041440 -0.061909 
0.021753 0.892957 -0.113541 
-0.193198 0.870462 -0.057916 
0.673738 -0.586662 -0.060358 
0.383883 0.881168 0.120479 
0.532916 -0.799396 -0.101836 
-0.331343 0.928490 0.111229 
0.080672 -0.981776 0.046697 
0.652334 -0.492616 -0.103327 
-0.783904 0.595186 0.057904 
0.102385 -0.964417 -0.096087 
0.671101 -0.714679 -0.091757 
-0.781653 -0.387001 0.120479 
0.193010 0.797387 -0.057024 
0.830899 0.020953 0.027951 
0.818869 -0.051524 -0.105919 
0.078358 0.814235 -0.091822 
0.407722 0.839530 -0.106160 
0.098235 0.944707 -0.107500 
-0.803013 0.483583 -0.107734 
0.124963 0.809553 0.105888 
0.990718 -0.021796 0.035135 
-0.495175 -0.760595 0.120479 
-0.059296 -0.874903 0.120479 
0.650800 -0.626552 0.120479 
0.509397 -0.731132 -0.057505 
0.546685 0.834192 -0.064120 
-0.376450 0.813387 0.120479 
0.127039 0.828202 -0.039311 
-0.119225 0.866901 -0.116192 
-0.795381 0.184069 0.063311 
0.327371 0.751309 -0.063361 
-0.372758 -0.820062 0.120479 
0.729346 -0.665715 0.056146 
-0.812833 0.080533 0.060918 
0.406913 -0.854738 -0.104813 
-0.493224 -0.640325 -0.091514 
-0.732223 -0.649541 0.113549 
-0.627000 -0.514181 0.087682 
-0.134984 0.978071 0.084334 
-0.277122 -0.944528 -0.002629 
-0.401895 0.714488 -0.056404 
0.779990 0.312774 -0.039761 
-0.685274 0.537849 -0.116192 
-0.406930 -0.711701 0.045184 
0.248651 0.959808 -0.080132 
-0.698132 -0.651592 -0.104395 
0.087482 0.984767 0.113889 
0.655327 0.531211 -0.044480 
-0.058888 -0.808895 -0.065117 
-0.952122 0.239301 0.064736 
0.437212 -0.882918 0.113577 
-0.055432 0.950836 -0.106227 
-0.846945 0.257762 -0.058136 
-0.462290 -0.864293 -0.080395 
-0.582800 0.738650 -0.107840 
0.741417 0.545626 0.120479 
0.851841 -0.344001 0.120479 
0.986345 -0.048631 0.120479 
0.024137 0.876081 0.120479 
0.646982 0.652077 0.120479 
0.884423 0.057961 0.120479 
0.752314 0.650387 -0.036910 
-0.690673 0.433327 0.080476 
-0.172925 0.977426 -0.052115 
0.953100 0.274125 -0.029763 
0.896890 -0.398403 0.120479 
0.234788 0.829602 -0.116192 
-0.774684 -0.248786 0.070775 
-0.621856 -0.683231 -0.106356 
-0.191912 0.799715 0.116414 
0.944510 -0.310640 -0.006400 
0.798803 0.538318 -0.105241 
0.604272 -0.617863 -0.116192 
-0.396488 0.909739 -0.059002 
0.680477 -0.477646 0.028593 
0.896730 0.423864 0.041067 
-0.684189 -0.429323 -0.105454 
-0.684362 0.435166 -0.074876 
0.236361 -0.960397 -0.059684 
0.481410 0.865810 0.044012 
0.781436 -0.301422 -0.017406 
0.026906 0.987867 -0.018632 
-0.042049 -0.981963 0.086298 
-0.872185 0.454372 0.049679 
0.798027 0.259243 0.000991 
-0.934739 -0.288640 -0.023990 
0.792053 -0.298206 -0.116192 
0.891607 -0.292296 -0.106337 
-0.416193 0.701884 0.108773 
-0.772854 -0.237608 -0.056759 
0.026776 -0.982622 0.093538 
-0.229167 0.900927 0.120479 
0.741229 0.363480 0.080482 
0.491417 0.675155 0.120479 
0.804315 -0.398957 -0.074237 
0.978899 -0.151014 0.090153 
-0.235279 -0.849656 0.120479 
-0.438263 -0.691978 0.120479 
-0.515880 -0.795278 -0.105586 
0.351044 0.882779 -0.107410 
-0.499564 0.737709 -0.063249 
-0.188283 -0.968966 -0.049321 
0.925356 0.373542 -0.057610 
0.795224 -0.207365 -0.116192 
0.837800 0.280280 0.120479 
-0.725264 -0.370681 -0.116192 
0.903744 -0.261633 0.120479 
-0.395404 0.902513 0.062140 
-0.839930 -0.147456 -0.116192 
0.733613 0.368656 -0.080160 
-0.862973 -0.291165 0.120479 
0.367834 0.740926 0.063537 
-0.359883 -0.911615 0.081451 
-0.386050 -0.795879 -0.057980 
-0.852984 0.225958 -0.116192 
-0.678054 -0.475525 0.120479 
0.981396 -0.133620 -0.079139 
-0.773955 0.306503 -0.024974 
-0.706734 0.555163 0.120479 
0.806387 0.454447 -0.102119 
0.771952 -0.285469 0.111493 
0.967640 -0.227221 -0.041759 
0.349636 -0.761840 -0.040589 
-0.717164 0.522149 -0.061140 
-0.810566 -0.123499 0.037233 
-0.844208 0.501175 0.116834 
0.246481 -0.854278 -0.063048 
-0.288521 0.843229 -0.067023 
-0.624325 -0.625206 -0.057568 
0.665618 0.740432 -0.040548 
-0.954791 0.247383 -0.056400 
-0.888109 -0.410059 0.070056 
0.598873 0.573351 -0.057024 
-0.647069 0.585265 0.120479 
-0.063064 -0.921590 -0.105052 
-0.793857 0.561469 -0.094002 
-0.263024 0.932720 -0.097678 
0.693577 0.641640 -0.108160 
-0.707513 -0.426369 0.001700 
0.163463 -0.872831 -0.062880 
-0.323242 -0.931727 -0.046666 
-0.367957 0.812436 -0.065780 
0.238446 -0.885927 0.120479 
-0.301146 0.757161 -0.090112 
-0.388589 -0.846284 -0.107652 
-0.740343 -0.643192 -0.038367 
-0.544936 -0.607656 0.119146 
0.696027 0.573367 -0.077579 
-0.046078 0.834484 -0.015615 
0.875476 -0.187842 -0.060371 
0.164369 0.869312 0.120479 
0.156998 0.976434 -0.021406 
0.945489 0.299216 0.071600 
0.882342 -0.006199 0.120479 
0.658178 -0.735653 0.080489 
-0.647292 0.502887 0.057253 
-0.333595 0.752770 0.057026 
0.647932 0.523472 0.037824 
0.742293 0.657839 0.037436 
0.216546 -0.959228 0.073120 
0.752893 -0.425697 0.120479 
-0.761425 -0.593168 0.120479 
-0.575072 0.578358 -0.055998 
0.915424 0.238080 -0.107815 
0.878325 -0.147644 -0.116192 
-0.750336 -0.441166 -0.116192 
-0.104489 0.981901 0.020137 
0.935256 0.235695 0.120479 
0.770919 -0.621374 -0.020058 
-0.739688 -0.324304 -0.061743 
-0.210630 0.808333 -0.012000 
-0.769914 0.404399 -0.116192 
0.084325 0.831506 0.007031 
-0.654973 -0.728933 0.042352 
0.144971 0.959606 0.120479 
-0.241392 -0.915505 0.120479 
0.813744 -0.165914 -0.053492 
0.293791 -0.942637 -0.040585 
-0.813394 -0.034641 0.115387 
0.587271 0.777044 -0.100492 
0.575898 0.806454 0.041723 
0.210295 0.917553 -0.106687 
0.993370 0.083680 -0.046884 
0.750449 0.483379 0.120479 
-0.558850 0.590004 0.103523 
-0.588925 0.664975 -0.095698 
0.167116 -0.813682 0.003242 
0.140763 -0.801638 0.096591 
-0.544574 0.820232 -0.025189 
-0.491513 0.715259 0.120479 
0.393985 0.731097 -0.057024 
-0.464330 0.822803 -0.107484 
0.523343 -0.656766 -0.031723 
-0.073121 0.813498 -0.108571 
-0.975979 0.126661 -0.015465 
-0.030298 0.991630 -0.043228 
0.867612 -0.149775 0.120479 
-0.518483 -0.702100 -0.116192 
-0.092093 -0.981959 -0.030375 
-0.356514 -0.751206 0.120479 
0.700227 0.430138 0.101384 
0.591376 -0.793681 0.010118 
0.792718 0.373495 -0.116192 
-0.501739 0.789071 0.120479 
0.299321 0.930880 0.120479 
0.345075 0.833235 0.120479 
0.892540 -0.426980 -0.002509 
0.896564 -0.042956 -0.063534 
0.725810 -0.625110 0.120479 
-0.929076 -0.097553 0.120479 
0.505908 -0.847982 0.068144 
0.471784 -0.693786 -0.026248 
-0.055868 -0.816100 0.066044 
-0.560632 -0.683512 -0.063494 
0.879704 0.444035 -0.091076 
-0.943988 0.015072 0.120479 
-0.157521 -0.848286 -0.116192 
-0.299107 0.942915 -0.042749 
0.672971 0.488034 -0.116192 
-0.936841 0.306535 -0.067860 
-0.656750 0.476157 -0.110539 
0.750416 -0.485856 -0.059488 
-0.657763 0.677622 -0.105556 
0.919439 -0.232622 -0.105361 
-0.499513 0.641392 -0.096629 
-0.226291 0.960268 0.025417 
-0.935507 0.140315 0.120479 
0.453748 -0.686325 0.061077 
0.058508 -0.811733 0.108258 
0.826753 0.150782 -0.046844 
-0.000333 0.837422 -0.056746 
-0.556445 0.811725 0.058931 
0.853340 -0.269039 -0.066282 
0.433508 0.890730 -0.027183 
-0.793304 -0.482093 -0.107491 
-0.391542 -0.707819 -0.072893 
0.185718 -0.853256 -0.116192 
0.821152 0.556566 0.062081 
0.527755 0.663901 -0.116192 
0.135879 0.900281 -0.093663 
0.461422 0.757059 -0.116192 
-0.617352 0.765636 0.073130 
0.839322 0.024301 -0.040962 
0.309892 0.839364 -0.116192 
-0.863631 0.293946 0.120479 
0.456900 0.801427 0.120479 
-0.810530 0.159521 -0.055819 
0.842089 0.099642 0.120479 
0.595138 -0.578802 0.030114 
-0.931905 -0.297981 0.041098 
0.967240 0.218295 -0.015556 
-0.699217 -0.685826 0.071691 
0.789604 -0.229067 0.109319 
-0.553412 0.696980 -0.060897 
-0.911150 -0.336131 0.120479 
-0.562121 -0.805510 0.021672 
0.280266 0.949159 0.047393 
0.236363 0.788837 0.080765 
0.608082 -0.706957 -0.106828 
0.763217 -0.567711 -0.107683 
0.590263 -0.627818 0.120479 
0.928868 -0.341245 0.060057 
0.684480 -0.711018 0.029560 
-0.953415 0.206518 0.120479 
-0.757984 0.624685 0.103208 
0.638212 -0.757697 -0.038066 
-0.959545 0.215131 0.011641 
-0.862251 0.161993 -0.116192 
0.364806 -0.895410 -0.100631 
-0.800832 -0.305418 0.120479 
-0.126854 -0.879622 -0.068697 
0.860242 -0.459640 0.120479 
-0.181364 0.868997 -0.116192 
-0.653571 0.670924 0.120479 
-0.466918 -0.750966 -0.096167 
-0.322060 -0.882216 -0.107709 
-0.498500 -0.671496 0.120479 
0.884464 0.354668 0.120479 
0.967804 -0.209747 0.065825 
-0.706866 -0.529595 -0.111823 
0.660655 -0.566242 -0.116192 
-0.193767 -0.808839 -0.015528 
0.829676 -0.444126 -0.107581 
-0.832278 -0.415368 0.120479 
-0.797955 0.193366 0.120479 
0.971496 -0.012754 -0.099804 
0.088838 0.873411 -0.116192 
-0.140930 -0.972341 0.078818 
-0.289549 -0.836769 -0.070417 
0.447240 -0.752268 0.120479 
-0.039030 -0.826901 -0.116192 
0.280829 -0.763644 -0.114234 
-0.785616 0.348215 0.120479 
-0.720463 0.392438 0.048005 
-0.613776 -0.684208 0.120479 
0.826943 0.284618 -0.116192 
0.470783 0.826186 -0.107748 
-0.803899 -0.560802 0.064097 
0.726908 -0.484256 -0.116192 
0.647294 0.738551 0.120479 
0.197239 -0.845949 0.120479 
0.835709 -0.082358 -0.055943 
-0.667397 0.724273 0.065901 
0.197363 0.813346 -0.002122 
0.605984 -0.578538 -0.043146 
-0.445744 0.819955 0.120479 
-0.176801 0.796751 -0.059457 
-0.805860 0.339381 -0.116192 
-0.756764 0.289212 -0.076768 
-0.818281 -0.168293 0.120479 
-0.037376 0.861722 -0.116192 
0.816449 -0.143100 0.055905 
-0.742157 0.386156 -0.046300 
0.671108 0.729676 0.049984 
-0.800153 0.380395 -0.058346 
0.984683 0.115635 0.060387 
-0.548606 -0.740940 0.120479 
0.726297 0.412844 0.026462 
0.820014 -0.111496 0.117607 
-0.958436 -0.198039 0.058877 
-0.892874 0.389704 0.120479 
-0.894063 -0.407670 -0.039140 
0.721997 -0.392537 0.086358 
-0.869058 0.306036 -0.104537 
-0.836047 -0.510066 0.086218 
-0.541784 0.664268 0.120479 
-0.234292 0.837042 0.120479 
-0.469940 -0.861064 0.074153 
0.107244 0.982821 0.022976 
-0.855613 -0.228694 -0.065482 
0.804523 -0.481213 0.120479 
0.554592 -0.697804 -0.061037 
0.241640 -0.783465 0.066951 
0.277937 -0.943733 0.055751 
0.837974 -0.529408 -0.035259 
-0.459802 0.686477 0.034252 
0.658341 0.593968 -0.116192 
0.142705 -0.803140 -0.116192 
-0.772574 0.617323 -0.057946 
-0.277936 0.946196 0.008750 
-0.002457 0.825593 0.060016 
0.352806 0.747642 0.116715 
0.938839 0.177873 -0.106288 
0.301958 0.761835 -0.112071 
0.539037 -0.625333 0.052624 
-0.319828 -0.923658 0.120479 
-0.007625 -0.834709 -0.025825 
0.234208 0.863416 -0.071145 
-0.772470 0.252179 0.088089 
-0.572164 -0.584523 0.050032 
0.291792 0.846729 -0.061433 
0.500487 -0.680318 0.120479 
-0.468397 0.738005 -0.116192 
-0.001630 0.988298 0.074511 
0.438549 0.702786 0.057770 
-0.808512 -0.296384 -0.116192 
0.920888 -0.061661 0.120479 
0.610505 0.661866 -0.073708 
-0.255213 0.793841 -0.116192 
0.849550 0.511812 0.085282 
-0.802452 0.197234 0.008191 
0.397134 -0.775230 -0.116192 
-0.883423 0.031002 -0.088853 
-0.277385 0.935240 0.120479 
-0.313339 0.809884 0.120479 
-0.072042 -0.883503 -0.065973 
0.521902 0.661898 -0.019802 
-0.681118 0.577725 -0.078525 
0.143844 -0.930040 -0.107222 
0.485106 -0.707855 -0.116192 
0.611749 0.595756 0.120479 
0.973076 0.192422 0.047087 
0.419641 -0.892987 0.002733 
-0.661842 -0.577823 0.120479 
-0.916247 -0.237699 -0.106051 
-0.330008 -0.739072 -0.074618 
0.651720 -0.535136 -0.048305 
-0.712735 -0.400520 0.049624 
0.774359 0.452358 -0.057831 
0.814999 -0.204776 -0.013355 
0.760336 -0.303662 -0.067805 
0.084984 -0.906152 0.120479 
-0.569782 -0.796544 -0.081379 
-0.808000 0.402776 0.120479 
0.646117 -0.700570 0.120479 
0.801234 -0.364248 -0.116192 
-0.852074 -0.042024 -0.116192 
-0.128994 0.965290 -0.096910 
-0.960179 -0.190560 -0.019066 
-0.382398 0.739831 -0.001192 
-0.129591 -0.822647 -0.018264 
-0.104297 0.924578 0.120479 
-0.854716 0.115478 0.120479 
-0.844586 -0.504501 -0.041339 
-0.767157 -0.509752 0.120479 
-0.617177 -0.537208 -0.116192 
-0.633891 -0.746378 -0.010139 
0.708342 0.537310 -0.116192 
0.305101 0.943148 -0.076369 
-0.874097 0.135838 -0.057624 
-0.238176 -0.953988 0.042537 
0.427236 0.699952 -0.085892 
-0.148322 0.809176 -0.116192 
0.071764 0.846016 0.120479 
-0.018142 0.921046 0.120479 
0.792041 -0.500296 -0.106918 
0.799454 0.187011 -0.079218 
0.512071 -0.848136 -0.035106 
0.740857 0.485369 -0.116192 
-0.981622 -0.044418 -0.013843 
-0.900973 0.398712 -0.072472 
-0.940478 -0.074953 -0.106191 
0.422587 0.895678 0.084559 
0.366646 -0.758992 0.120479 
0.506252 0.721807 -0.116192 
0.302293 0.769451 0.063890 
0.869797 -0.064950 -0.116192 
0.641979 0.746469 -0.089456 
-0.148554 0.825170 -0.023894 
-0.873618 -0.334841 -0.107957 
-0.426267 0.772952 -0.116192 
0.573976 0.593406 0.078157 
-0.041396 -0.984964 -0.004514 
-0.830373 0.074291 -0.033686 
0.805534 0.184489 0.074307 
0.851237 0.516381 -0.037488 
0.073456 -0.882914 -0.116192 
0.930214 0.026004 -0.104723 
-0.446348 0.886207 -0.059426 
0.708939 0.693450 0.059881 
-0.804806 -0.103117 -0.055923 
-0.055152 0.822194 0.066457 
0.186478 0.870975 -0.116192 
0.834771 0.357471 -0.086763 
-0.140475 -0.802134 0.082968 
0.874586 0.467588 0.061299 
0.801660 0.241538 0.120479 
0.834571 0.093377 -0.116192 
0.288777 -0.902246 0.120479 
0.718216 -0.392364 -0.090885 
0.379697 0.914844 -0.005459 
0.991320 -0.003407 0.084568 
-0.761182 0.308359 0.039963 
-0.120213 -0.881897 0.120479 
0.027758 -0.834730 -0.116192 
-0.720861 0.413098 -0.006455 
-0.137694 0.813346 0.059221 
-0.131915 0.885283 -0.068643 
0.540648 -0.828466 0.014095 
-0.867446 0.466770 -0.001107 
-0.925143 0.325132 -0.011544 
0.927348 -0.352983 -0.036477 
0.054257 0.835771 -0.050515 
0.783883 -0.264319 0.059386 
-0.824026 0.541042 -0.002523 
0.272368 -0.788244 -0.009901 
0.779495 0.297254 0.031647 
0.518895 -0.651713 -0.116192 
0.187034 0.803110 0.071569 
0.829760 -0.025837 0.120479 
-0.763503 -0.537751 -0.107675 
-0.632230 0.578943 -0.116192 
-0.665832 0.477304 0.119024 
0.865798 0.138274 -0.116192 
0.506119 0.856828 -0.040956 
-0.630109 0.761964 -0.040665 
0.945330 0.316361 -0.058874 
-0.593807 -0.576794 -0.006081 
0.680969 0.493470 -0.005735 
0.715050 -0.683024 -0.078668 
0.194992 0.796446 -0.116192 
0.232012 0.895341 0.120479 
0.576817 0.610062 -0.022555 
-0.877710 0.020603 0.120479 
0.849367 -0.396361 -0.105265 
0.806004 -0.571574 0.083214 
-0.897289 -0.389799 0.019060 
0.456492 -0.875010 0.066296 
0.873090 0.217966 -0.070389 
0.699361 -0.435854 0.069663 
0.982364 -0.130029 0.022105 
0.212698 0.971197 -0.044886 
-0.944418 -0.256731 0.074232 
-0.066094 0.985683 0.073236 
0.299604 -0.837417 -0.115949 
-0.575527 0.587214 0.051512 
0.717373 0.609284 0.120479 
-0.349370 0.927423 -0.048160 
-0.285117 -0.776629 0.005918 
-0.751295 0.534406 -0.104196 
-0.709928 -0.682511 -0.051157 
-0.698931 0.698137 -0.029602 
-0.311175 -0.932946 0.033925 
-0.364556 0.863249 0.120479 
0.360192 -0.856497 0.120479 
-0.382452 -0.740436 -0.031336 
0.727553 -0.414527 -0.029971 
-0.604284 0.751307 0.120479 
0.626398 -0.581607 0.120479 
0.537153 0.727391 0.120479 
0.547592 -0.800517 0.120479 
-0.456766 0.672999 -0.072992 
-0.634026 0.533283 0.012540 
0.717027 0.660948 0.120479 
-0.430323 -0.886049 -0.032067 
0.371073 -0.742398 0.016976 
-0.504863 0.651161 0.042568 
-0.792115 0.265228 -0.048419 
-0.719624 0.397375 -0.116192 
0.286563 0.820168 0.120479 
-0.651350 -0.501220 0.023913 
-0.107575 -0.817094 0.027058 
0.362898 -0.832522 -0.093167 
0.947786 -0.286091 0.115325 
0.126096 0.982576 -0.072893 
-0.221538 0.904975 -0.106064 
-0.922058 0.093419 -0.106276 
-0.585594 -0.786202 0.083358 
-0.779015 0.219912 -0.116192 
0.608811 -0.778762 0.065764 
0.118826 -0.976955 -0.014585 
0.245301 0.958657 0.084959 
0.846248 -0.266979 -0.116192 
-0.855829 -0.134428 0.120479 
0.925612 0.174088 0.120479 
-0.380245 -0.716531 0.092698 
-0.931715 0.304742 0.048155 
-0.458656 0.871506 0.055579 
0.393640 -0.717512 0.111202 
-0.893901 0.408966 0.050529 
-0.784001 -0.415342 -0.073083 
-0.661346 0.530419 0.120479 
-0.524601 -0.632333 -0.052543 
-0.807113 -0.041964 -0.070481 
-0.061365 -0.970421 -0.093740 
-0.847043 0.092452 -0.116192 
-0.689581 0.476919 -0.047669 
-0.421544 -0.743999 -0.116192 
-0.437288 -0.768591 -0.059844 
0.925494 -0.114989 -0.105599 
0.517990 0.731535 -0.058383 
-0.612603 -0.632192 0.120479 
-0.445472 -0.692532 0.019874 
-0.981065 0.077587 -0.023163 
-0.238168 -0.835625 -0.116192 
0.402262 0.800056 -0.067028 
0.597769 0.726431 -0.107444 
-0.009827 -0.821270 0.047848 
0.745714 -0.652792 0.009062 
0.522788 0.841598 0.056950 
-0.808105 0.074714 0.109981 
-0.869142 -0.201803 0.120479 
0.955700 0.270283 -0.079140 
0.883577 -0.216362 0.120479 
0.826793 0.078664 0.051491 
0.051629 -0.837256 -0.047985 
0.974212 -0.112191 0.120479 
0.874752 -0.475656 -0.048633 
-0.790631 -0.167185 -0.114091 
0.978142 0.181458 -0.046946 
-0.863022 -0.464235 0.066162 
0.381448 0.914185 0.064767 
0.429268 -0.810397 -0.101139 
-0.710030 0.683766 0.028816 
-0.821392 -0.096047 -0.002182 
0.990045 0.048483 0.078970 
-0.372455 0.729760 0.076590 
0.684402 -0.523040 0.120479 
-0.289739 -0.761161 0.076313 
-0.758329 0.318451 -0.116192 
-0.779244 -0.213193 0.104267 
-0.847298 0.363414 -0.105665 
0.059439 0.937795 0.120479 
0.079789 -0.826100 0.006318 
-0.869251 -0.459949 -0.039775 
0.173617 -0.801850 0.060290 
0.317804 -0.931639 0.089368 
0.455249 -0.766144 -0.061629 
-0.182393 -0.789190 -0.064287 
0.839811 0.419148 -0.106539 
0.922189 -0.064825 -0.102010 
0.668241 0.487184 0.072595 
-0.880680 -0.420786 0.120479 
-0.140428 -0.976629 -0.044630 
0.402422 0.791853 -0.116192 
-0.624780 0.544072 -0.055252 
-0.822873 0.053796 0.013850 
0.598572 0.647242 0.120479 
0.144099 -0.972431 0.102521 
-0.765123 -0.292138 0.041185 
-0.982145 0.040766 -0.073999 
0.761902 -0.347004 0.003026 
-0.406420 0.814640 -0.095595 
0.356633 0.921253 0.120479 
0.284078 0.788430 -0.007100 
0.048342 0.934894 -0.106837 
0.781149 0.345180 0.120479 
0.201411 -0.948687 -0.096962 
0.889907 0.107530 -0.070375 
-0.600772 0.622838 -0.116192 
0.331191 -0.804251 0.120479 
-0.599219 -0.550505 0.071028 
-0.946299 0.217332 -0.093197 
-0.731613 0.424239 0.120479 
0.265064 -0.894565 -0.107470 
-0.595859 -0.611937 -0.116192 
-0.705917 -0.593158 -0.105919 
0.911118 -0.385976 0.060416 
0.672522 -0.724378 -0.032964 
0.054029 -0.817614 0.060733 
-0.372483 -0.788614 -0.116192 
0.820662 -0.001305 -0.113828 
0.553599 -0.744554 0.120479 
0.713525 -0.536767 -0.058546 
-0.927003 -0.142300 -0.107441 
0.034186 0.892532 -0.063355 
0.055299 -0.944610 0.120479 
-0.789017 0.509757 0.120479 
0.754813 0.369598 -0.037230 
0.489609 -0.822660 -0.105551 
0.825285 -0.026598 0.072884 
-0.791460 -0.235099 0.003433 
-0.167638 -0.922074 0.120479 
0.790604 0.599196 0.095212 
0.636109 -0.638314 -0.083828 
-0.632512 0.755977 0.016791 
0.244641 0.802163 -0.041106 
-0.812310 -0.486939 0.120479 
-0.003155 -0.869614 0.120479 
-0.815892 -0.549886 -0.039302 
-0.432639 0.711478 -0.020229 
0.427070 0.754212 0.120479 
0.239073 -0.777542 -0.080589 
-0.897870 -0.248297 0.120479 
0.875700 0.465504 0.013846 
0.352618 -0.739819 0.076708 
-0.735441 0.350641 0.081055 
-0.077210 0.819366 -0.057024 
-0.789664 0.282260 0.120479 
0.371493 0.751871 -0.016507 
-0.255799 -0.767948 -0.071969 
-0.544231 0.825558 -0.072282 
0.344598 -0.927171 -0.071938 
0.339840 -0.923712 -0.018335 
-0.739184 -0.642257 0.024783 
0.915337 -0.394140 -0.064109 
-0.836948 -0.285705 -0.060794 
0.157990 -0.821553 -0.046074 
-0.943030 -0.194433 -0.099480 
-0.154217 -0.795415 -0.109735 
-0.234462 -0.857291 -0.071864 
0.910918 0.392552 0.008814 
0.286256 -0.768672 0.069641 
-0.744294 0.481658 -0.074307 
-0.808291 0.126535 0.052057 
0.992402 0.034158 -0.034709 
0.206174 0.967779 0.045463 
0.807984 -0.314265 0.120479 
-0.054668 -0.945561 0.120479 
-0.010917 -0.927214 -0.106002 
0.651860 -0.509041 0.048608 
-0.352536 0.920514 0.068608 
-0.685921 0.640150 -0.107336 
-0.941254 -0.282106 -0.072104 
0.972865 -0.194020 -0.074413 
-0.298500 -0.771617 -0.051031 
-0.237156 0.787242 0.066693 
0.491094 0.657565 -0.066778 
-0.025046 0.981893 -0.089176 
-0.300921 0.759812 0.091413 
-0.878855 -0.434169 -0.078050 
-0.650189 -0.646203 -0.104711 
0.943759 0.071546 -0.107715 
-0.816575 -0.143271 -0.011522 
-0.714677 -0.481687 -0.116192 
-0.798701 -0.122455 -0.097858 
-0.398743 -0.897504 0.030192 
-0.472009 -0.863150 -0.011715 
-0.224456 0.957176 -0.088765 
0.850468 0.407735 0.120479 
0.724714 -0.593803 -0.107377 
0.597746 -0.792768 -0.058454 
-0.799291 -0.158601 0.065552 
0.764770 0.313903 0.072467 
0.567451 0.812507 -0.011398 
0.794624 0.510904 0.120479 
-0.010908 0.937685 -0.107535 
-0.191364 0.968412 0.066393 
0.039288 0.850118 -0.116192 
-0.343466 0.866796 -0.106507 
-0.245089 0.857824 -0.060096 
-0.635825 -0.498090 -0.072034 
0.989892 -0.047038 -0.003653 
0.711271 0.410203 -0.075412 
-0.640009 -0.740908 0.084471 
0.964853 -0.222400 0.021413 
0.881341 0.160633 0.120479 
-0.873723 -0.149974 -0.069249 
-0.978489 0.043595 0.108855 
0.745438 0.576719 -0.106834 
-0.757368 -0.281611 -0.072217 
0.585635 0.575483 -0.114393 
0.888315 0.041731 -0.116192 
-0.243899 -0.923737 -0.104649 
-0.327271 -0.827707 0.120479 
-0.291443 0.781479 -0.021375 
0.743406 -0.360501 0.061286 
-0.852564 -0.093332 -0.116192 
-0.828585 0.528379 0.083334 
-0.748469 -0.366619 -0.039310 
0.522021 0.648207 0.038462 
-0.280515 -0.817270 -0.116192 
-0.147981 0.910743 0.120479 
-0.825285 -0.024409 0.006075 
0.816242 0.084443 -0.064599 
0.954851 -0.266357 -0.011506 
-0.380150 0.909424 -0.007455 
-0.111177 0.910664 -0.100561 
-0.135498 -0.907483 -0.103931 
-0.198336 0.966786 -0.015618 
-0.668516 -0.718186 -0.000316 
0.876785 0.188605 -0.106178 
0.496999 0.857477 0.107169 
-0.883965 -0.005595 -0.116192 
0.406200 0.897396 -0.090681 
0.877317 -0.298886 0.120479 
-0.530555 -0.609862 -0.091822 
0.377016 -0.729553 -0.116192 
-0.814482 -0.427910 -0.104629 
-0.540041 0.731807 -0.093548 
-0.458869 -0.733013 0.120479 
-0.788729 -0.586244 -0.072429 
-0.148245 0.802847 0.103813 
-0.545424 0.764300 0.120479 
-0.742493 0.527026 0.120479 
-0.091771 -0.831892 -0.041737 
0.096338 -0.882249 -0.066930 
0.016760 -0.987858 -0.049193 
-0.526438 0.621476 0.107366 
0.693104 -0.702941 0.073305 
0.570469 -0.743682 -0.105724 
0.266581 -0.775798 0.117149 
-0.818865 0.317492 0.120479 
-0.332899 -0.823808 -0.070702 
0.762507 -0.397848 -0.116192 
-0.883714 0.234262 0.120479 
-0.945505 0.259283 0.119765 
0.107986 0.818839 0.060290 
0.058122 -0.979744 -0.083396 
0.472775 -0.870177 -0.037792 
-0.502495 -0.841087 0.106844 
-0.562041 -0.807464 -0.025353 
0.583414 -0.657773 -0.116192 
-0.496524 -0.654422 0.029330 
0.885106 0.276017 -0.102536 
-0.716428 -0.593259 0.120479 
-0.965060 -0.161565 0.016235 
0.928887 0.064743 0.120479 
0.195184 -0.809298 -0.116192 
-0.767727 -0.275101 0.118432 
0.939563 0.318750 0.119465 
-0.343301 -0.917237 -0.084146 
-0.878285 -0.083086 0.120479 
0.623454 0.691546 0.120479 
0.657194 0.742709 0.003435 
-0.502149 -0.635880 0.093505 
-0.639286 -0.740770 -0.083443 
-0.507935 0.658847 -0.001462 
0.759880 0.403879 -0.116192 
0.141716 0.805986 -0.078739 
0.959230 -0.236786 -0.084594 
0.983946 0.123119 -0.028154 
0.754086 -0.561981 0.120479 
-0.731263 -0.350796 0.086076 
0.179755 0.972677 0.095746 
0.437183 -0.883813 -0.079795 
0.006796 -0.890022 -0.067703 
0.810846 -0.361566 0.120479 
0.022926 0.818025 0.100550 
-0.211905 -0.792142 0.049524 
0.959886 -0.243702 0.108931 
0.800930 0.406956 0.120479 
0.228363 -0.804914 -0.029202 
0.509601 0.646091 0.092110 
0.520504 0.772476 0.120479 
0.665735 -0.490732 -0.053945 
-0.558846 -0.605679 0.013259 
-0.967806 0.171854 0.017180 
-0.797546 0.434251 -0.098479 
0.981947 -0.145295 -0.036347 
0.366213 -0.727214 -0.062805 
0.128843 -0.802176 -0.074091 
-0.075228 0.884741 -0.116192 
-0.958504 -0.155876 0.120479 
-0.617100 0.710683 -0.107186 
0.321475 0.887116 0.120479 
0.805138 0.577232 -0.085234 
-0.200563 -0.858807 -0.116192 
-0.660557 -0.592928 -0.072459 
-0.981247 0.040196 0.028176 
-0.653305 -0.527427 0.120479 
-0.795856 -0.200263 -0.052688 
-0.402462 0.772710 0.120479 
-0.238607 -0.784201 0.120479 
0.865764 -0.477960 0.077195 
-0.466086 -0.689616 -0.027575 
-0.098152 0.866335 0.120479 
-0.392550 0.903806 0.106060 
0.949901 0.284670 0.013096 
-0.900248 0.211388 -0.106607 
0.388213 -0.905119 0.114142 
-0.676268 -0.447366 -0.055989 
-0.834784 0.166769 0.120479 
-0.892043 0.145645 0.120479 
0.816994 0.330371 -0.116192 
-0.767779 -0.254011 -0.116192 
-0.891295 -0.378338 0.120479 
0.782011 0.618982 -0.043485 
0.797001 -0.541378 0.120479 
-0.240968 -0.955737 -0.028739 
0.730223 0.617604 -0.107097 
0.690712 0.531734 0.120479 
-0.108989 -0.803508 -0.101969 
0.845736 -0.511812 0.053824 
-0.969815 -0.173146 -0.062153 
0.197115 -0.964045 -0.031806 
0.666160 -0.481105 0.082382 
0.166569 0.921898 0.120479 
0.350855 0.921691 -0.088239 
0.520073 -0.837309 0.116430 
0.988914 0.033186 0.120479 
-0.908550 -0.280309 -0.104952 
-0.332046 -0.773167 -0.116192 
0.573214 -0.581408 -0.076252 
-0.276927 0.882251 -0.104371 
-0.924490 -0.037760 0.120479 
0.825958 0.151153 -0.003388 
0.292980 0.786432 -0.049263 
0.810687 -0.123075 -0.057476 
0.420101 0.857139 0.120479 
-0.946918 -0.247433 -0.027176 
0.522923 -0.757493 -0.102690 
0.452437 -0.697474 0.012018 
0.983299 0.129687 0.113015 
-0.825163 0.114158 -0.049013 
-0.551571 -0.811061 0.071475 
-0.138576 0.955154 0.120479 
-0.978364 -0.107987 -0.047538 
0.439768 -0.687392 -0.116192 
-0.879468 -0.085265 -0.061616 
0.906460 0.402389 0.080390 
-0.053902 -0.811520 0.108560 
-0.703060 0.684136 0.120479 
0.967236 0.218311 0.097967 
-0.669567 0.490674 0.000191 
0.923808 0.114680 -0.103915 
-0.413387 -0.889960 0.072464 
-0.750147 0.326080 -0.056161 
0.491673 -0.784038 0.120479 
-0.888315 0.425210 -0.029931 
0.855046 -0.389939 0.120479 
0.590573 0.674086 -0.109424 
-0.808381 0.012574 -0.075018 
-0.368590 -0.735492 0.026371 
0.587506 0.744270 0.120479 
-0.582365 -0.698090 -0.099965 
0.818057 -0.063357 0.103857 
0.728444 -0.666492 0.105937 
-0.676476 0.463652 0.054192 
-0.939230 0.279967 0.083136 
0.426500 -0.829714 0.120479 
0.703674 0.458115 -0.012225 
-0.911998 -0.365447 -0.075425 
0.254454 0.959217 -0.038060 
-0.031508 0.816495 -0.091577 
0.671941 -0.499445 -0.006810 
0.975607 -0.170955 0.050499 
-0.711213 0.389238 -0.075152 
-0.742550 0.636720 -0.085536 
-0.474303 0.669278 -0.116192 
0.559427 0.807166 0.120479 
-0.970893 -0.126233 0.040426 
-0.570349 0.778504 -0.100764 
-0.284387 0.824535 -0.116192 
-0.667551 0.729685 -0.042477 
-0.058908 -0.873442 -0.116192 
-0.917411 -0.339542 0.021037 
-0.878540 0.064218 -0.116192 
0.751766 0.330486 -0.081276 
-0.505595 0.667711 -0.048934 
0.723141 0.391486 0.106442 
0.701848 -0.419951 -0.063397 
0.800207 -0.548474 -0.101023 
0.110862 -0.977824 0.075936 
0.070639 -0.980925 0.101155 
-0.849858 0.500791 -0.023306 
0.202795 -0.962434 0.021169 
-0.972412 -0.010880 -0.091768 
0.865243 0.332965 -0.102492 
0.820346 0.179451 -0.116192 
0.811876 0.218217 -0.053860 
-0.776419 -0.303230 -0.039390 
0.987172 -0.084236 0.021194 
-0.494480 -0.830289 -0.096593 
0.884278 -0.147046 -0.064630 
0.239145 0.844737 0.120479 
0.265124 0.800659 -0.116192 
-0.977283 -0.077247 0.075088 
-0.367497 -0.884646 -0.102230 
-0.643352 -0.528358 -0.032870 
0.935972 -0.159317 0.120479 
0.751620 -0.649295 -0.044402 
0.050262 0.987102 0.095152 
-0.526986 -0.635958 0.007624 
0.131935 -0.924760 0.120479 
0.991204 -0.082837 -0.065707 
0.098292 -0.814802 0.120199 
-0.481044 0.771831 -0.095444 
-0.795935 -0.435665 0.120479 
-0.824656 -0.271293 0.120479 
0.565051 -0.811313 -0.076268 
-0.592459 0.785918 0.099572 
0.489799 0.681406 0.001158 
0.101532 -0.909246 -0.100443 
0.857786 0.263474 -0.059801 
-0.183343 0.961667 -0.092334 
0.513029 -0.843650 -0.078249 
0.581120 0.811433 -0.059905 
-0.448496 0.681640 0.092410 
-0.385155 -0.902366 -0.012745 
0.814849 -0.093252 -0.116192 
-0.100133 0.829097 -0.011399 
0.835912 -0.072778 -0.012889 
-0.336900 0.761454 0.005191 
-0.172163 -0.889919 -0.095871 
-0.849307 0.405908 0.120479 
0.319156 -0.796771 -0.116192 
-0.685838 0.432776 -0.116192 
0.634168 -0.534417 -0.116192 
0.828499 -0.220367 0.120479 
0.831281 -0.020393 0.026500 
-0.769628 0.386325 0.120479 
0.806434 0.211988 0.034544 
0.781357 -0.436958 -0.066723 
-0.006756 0.895659 -0.067368 
0.722233 -0.479596 0.120479 
-0.653833 -0.674383 0.120479 
0.868014 -0.352132 -0.106576 
-0.593499 0.575422 0.120479 
-0.844801 -0.398949 -0.107568 
-0.371799 -0.906011 0.120479 
-0.813484 0.002249 0.078247 
-0.807788 -0.023052 -0.107921 
0.538239 -0.706377 0.120479 
-0.409229 -0.879344 -0.094486 
0.606468 -0.548409 0.106655 
-0.312927 0.935421 0.040432 
-0.735137 0.595241 0.120479 
0.755482 -0.637671 0.094749 
-0.684664 -0.459563 0.009580 
-0.330333 0.827018 -0.058265 
0.554334 0.659852 0.120479 
0.758121 0.534148 -0.102442 
-0.376959 0.721912 -0.089456 
-0.799606 -0.378182 -0.065688 
-0.802342 -0.351639 0.120479 
0.634989 0.537932 0.120479 
0.831472 0.543675 -0.081115 
-0.485400 0.857211 -0.018566 
0.989932 -0.045807 0.068305 
-0.926330 0.343596 -0.053963 
0.834320 0.065653 0.013403 
-0.980920 -0.003213 0.032810 
0.597475 0.790993 0.072852 
-0.931935 -0.297884 0.083276 
0.801670 -0.242080 -0.003436 
0.793640 0.451380 0.120479 
0.550404 -0.606904 0.087221 
-0.654413 -0.484109 0.069641 
0.314719 0.906244 -0.105172 
-0.584337 0.596551 -0.019908 
0.619433 0.539180 -0.065588 
0.436184 0.717538 -0.050208 
-0.322389 -0.743232 0.099645 
-0.603176 0.552435 0.070572 
-0.314655 -0.758354 0.037011 
-0.753999 0.629541 0.046090 
0.446684 0.694709 0.114345 
-0.034634 0.829170 0.031982 
0.796696 -0.248011 -0.116192 
0.874507 0.467735 0.106991 
-0.760320 0.455809 -0.101291 
0.359791 -0.916203 0.084246 
0.891745 -0.393541 -0.098195 
-0.979146 -0.016370 0.102452 
-0.951369 0.063252 -0.102410 
0.480943 0.756307 -0.059454 
-0.951027 0.174536 -0.096152 
-0.157913 0.815732 0.021959 
0.111850 0.852268 0.120479 
0.466535 0.873761 -0.010962 
0.247194 -0.846399 0.120479 
0.903078 0.413322 -0.078857 
-0.805354 -0.562509 -0.002310 
-0.924713 0.326274 0.085023 
-0.771454 0.613053 0.003177 
-0.096076 -0.811574 0.066931 
-0.844424 0.265148 -0.110848 
0.002870 0.988446 0.031926 
-0.736948 0.650646 -0.029216 
0.733444 0.667287 0.078584 
0.728056 -0.647624 -0.097769 
-0.870733 0.435190 -0.092558 
-0.443495 -0.676080 -0.082755 
0.908834 -0.391018 -0.024360 
-0.365615 0.811731 -0.115576 
0.807834 0.575153 0.017048 
-0.158017 -0.961244 0.120479 
-0.189704 -0.838188 0.120479 
0.817931 0.497431 -0.106140 
0.259459 0.936921 0.120479 
-0.733607 0.654441 0.091130 
-0.498019 0.839038 -0.092549 
-0.541522 0.613882 0.070817 
0.509068 -0.643794 0.076567 
-0.501253 0.710986 -0.116192 
-0.496057 -0.852535 -0.062003 
-0.022803 0.987605 0.108654 
-0.236996 0.957772 0.068904 
-0.829257 0.454499 0.120479 
-0.909906 -0.210011 0.120479 
0.069031 0.986916 -0.076616 
-0.118220 0.980548 -0.026806 
0.548483 0.610567 -0.105666 
-0.600817 0.654605 -0.058904 
-0.515997 0.838298 0.054801 
0.987793 0.084055 0.035986 
-0.960216 0.202603 0.078455 
0.865378 -0.231353 -0.060365 
0.324528 -0.883481 -0.105176 
-0.609356 0.711655 0.120479 
0.264969 -0.946439 -0.083842 
-0.799513 0.575140 0.027073 
-0.966658 0.138620 -0.088345 
-0.146442 -0.844146 0.120479 
0.164944 0.975122 0.017678 
-0.241806 0.792995 0.027482 
0.164499 -0.893374 -0.097040 
-0.920946 -0.040216 -0.105696 
-0.159658 -0.969136 -0.078704 
0.879718 0.470730 -0.044038 
-0.767084 -0.332619 -0.116192 
0.672987 -0.464061 -0.084869 
-0.840111 0.471494 -0.100195 
-0.565379 -0.578370 0.101167 
0.535433 0.817569 -0.098381 
0.794812 0.273376 -0.043398 
-0.856992 0.199653 0.120479 
-0.806073 0.562843 0.082903 
0.890751 -0.200890 -0.094673 
-0.095878 0.817530 0.068149 
0.004186 0.993431 -0.062616 
0.562141 0.816312 0.077521 
-0.757199 -0.623645 -0.008368 
0.119942 0.926267 0.120479 
0.828826 -0.101281 0.019349 
-0.532618 0.614074 -0.097977 
-0.761551 0.358287 -0.116192 
-0.377228 0.747729 -0.039975 
0.560714 -0.593046 -0.115543 
0.030992 0.816945 -0.088899 
-0.862829 -0.190098 -0.068930 
0.834806 -0.537602 -0.074543 
-0.242990 -0.782168 -0.116192 
0.833393 0.537796 0.008094 
-0.670469 -0.700879 -0.093334 
0.670358 0.714118 -0.095890 
-0.122254 -0.977818 0.005150 
0.786769 -0.609687 -0.054119 
-0.811834 0.053377 -0.116192 
-0.284057 -0.944076 -0.046240 
0.989984 0.123523 -0.068371 
-0.001686 -0.984133 0.060432 
0.472561 -0.666188 0.096781 
0.559379 0.750121 -0.106602 
-0.810671 0.045018 0.084487 
0.403005 0.714329 -0.114251 
0.896361 0.006418 -0.079532 
-0.856629 -0.215542 -0.102398 
0.767830 0.480100 -0.084737 
-0.806625 0.197701 -0.031120 
-0.411623 -0.824755 0.120479 
0.813472 -0.562022 -0.030866 
-0.809011 -0.251613 -0.116192 
0.614420 -0.677657 0.120479 
0.130817 -0.817397 0.017283 
0.990832 0.024446 0.048162 
-0.706873 0.445654 -0.031861 
0.812330 -0.177067 0.037190 
-0.596466 -0.719138 0.120479 
0.200576 -0.904148 0.120479 
0.369025 0.748540 0.022202 
0.050110 -0.918424 -0.102233 
-0.763337 -0.459947 -0.082326 
0.811525 0.128219 0.106084 
0.280583 -0.778575 0.026816 
-0.877075 0.114679 -0.105614 
0.446131 0.705964 0.019821 
0.142393 0.936071 -0.107218 
-0.668917 -0.536504 -0.116192 
0.706919 0.696739 -0.031386 
0.148896 -0.831062 0.120479 
0.744445 -0.381293 -0.001436 
-0.902296 0.328158 0.120479 
-0.194107 0.929948 0.120479 
0.758677 -0.518272 -0.099090 
-0.688326 -0.438254 0.119025 
-0.565096 0.805526 0.007522 
0.868241 -0.106810 0.120479 
0.640683 0.656780 -0.097358 
-0.333118 -0.781988 0.120479 
0.210388 0.804711 0.033222 
-0.803542 0.372782 -0.096048 
-0.067576 0.842762 0.120479 
0.749592 -0.386225 0.120479 
0.710983 -0.440088 -0.006334 
0.817345 0.074672 0.104683 
-0.971705 0.133771 0.089079 
-0.075322 0.984773 -0.028654 
0.833198 0.318517 0.120479 
-0.758304 -0.356372 0.120479 
0.852944 0.026644 -0.116192 
0.093257 0.820751 -0.057024 
0.817835 0.162299 0.032446 
0.848019 0.460926 -0.104665 
-0.526137 -0.700993 0.120479 
-0.803735 0.189646 -0.116192 
0.559002 0.600773 -0.062102 
-0.832201 -0.067706 0.120479 
0.579470 0.683767 -0.061472 
-0.004746 -0.811317 -0.108894 
0.770794 -0.462942 0.120479 
0.328704 0.934036 0.024508 
0.261124 0.855763 -0.106724 
-0.546749 -0.709220 -0.088271 
0.820293 -0.178433 -0.116192 
-0.274691 0.893123 0.120479 
-0.399023 0.734009 0.120479 
0.852793 0.031596 0.120479 
0.570135 -0.611182 -0.052445 
0.451966 0.715124 -0.116192 
-0.904145 0.380960 0.026606 
0.647819 0.506226 0.098661 
-0.696407 0.500026 -0.116192 
-0.828268 0.313164 -0.099856 
-0.226366 -0.882865 -0.100805 
-0.471188 -0.659311 -0.116192 
-0.775150 0.596511 -0.089804 
-0.975118 0.122716 0.022454 
-0.374580 -0.816178 -0.088151 
0.641557 -0.609890 -0.116192 
-0.732094 -0.494782 0.120479 
0.680160 -0.515280 -0.116192 
-0.326153 0.769311 -0.116192 
-0.770577 0.248056 -0.091944 
0.264900 0.953821 0.008151 
-0.040370 -0.894410 -0.084038 
-0.759148 -0.618642 0.091273 
0.809159 0.204230 0.120479 
0.179594 -0.966570 0.078398 
-0.899291 -0.069386 -0.094489 
0.195960 -0.866604 -0.081575 
-0.507154 0.749890 0.120479 
-0.213300 -0.808955 -0.048108 
0.772005 0.446637 -0.116192 
0.780147 0.255649 -0.106423 
-0.754061 0.353761 -0.027934 
0.794130 0.417195 -0.106849 
0.768724 0.289545 -0.067527 
0.345017 0.927897 -0.013453 
0.108894 0.822459 -0.116192 
-0.239728 -0.791829 0.004564 
-0.585607 -0.556385 -0.079081 
-0.854455 0.486774 0.060713 
-0.325827 -0.924822 0.072052 
0.648028 -0.743190 -0.082993 
-0.764502 -0.621341 -0.057320 
-0.811406 0.104624 -0.116192 
-0.684544 0.706824 0.096823 
-0.277478 -0.926223 0.120479 
-0.808130 -0.092417 0.074942 
-0.198357 0.835448 -0.116192 
0.300469 0.777707 0.025002 
-0.445785 0.704764 -0.056131 
0.594679 0.580240 0.049672 
-0.979491 -0.029033 0.063108 
0.322240 -0.858427 0.120479 
0.830810 0.108938 0.007283 
-0.638185 0.501295 -0.060254 
-0.246199 0.955626 0.116492 
-0.610640 -0.536358 0.113062 
0.413250 -0.704737 -0.056274 
-0.220421 -0.782685 0.087781 
-0.886927 0.148120 -0.090581 
0.334259 -0.762020 0.001825 
0.166971 -0.968654 -0.010134 
0.422574 -0.889551 0.072395 
-0.844893 -0.015130 0.120479 
0.387017 0.839738 0.120479 
-0.977981 -0.088318 -0.002631 
0.649202 0.502636 -0.067771 
-0.559433 -0.776704 0.120479 
0.623225 0.770745 0.094105 
0.687817 -0.599154 -0.092615 
0.348109 0.762696 -0.116192 
-0.869838 0.393173 -0.104799 
-0.574818 0.798559 -0.028228 
0.602944 -0.560948 0.065851 
0.919022 -0.367405 0.115737 
0.957889 0.258338 0.071064 
-0.344418 0.894821 0.120479 
-0.217842 -0.961219 -0.070569 
-0.460314 -0.792892 0.120479 
-0.810082 -0.179387 -0.017413 
0.008503 -0.964713 0.120479 
0.761696 0.353049 -0.116192 
0.032488 0.826988 0.047586 
-0.928221 -0.324087 -0.051203 
-0.204898 0.859626 0.120479 
-0.024353 -0.971641 -0.093912 
-0.752286 0.457808 0.120479 
0.811784 0.123129 -0.072460 
0.226950 -0.931325 0.120479 
0.733785 -0.447934 -0.116192 
0.572847 -0.805745 0.040223 
0.203209 -0.962338 0.107455 
-0.401638 0.728393 -0.116192 
-0.269726 -0.836295 0.120479 
0.448681 0.883304 0.045930 
-0.028172 -0.980200 0.120479 
-0.164996 -0.819321 -0.036068 
0.478784 0.785254 -0.100007 
-0.682180 0.713625 -0.072980 
-0.848875 0.042374 -0.116192 
-0.864286 0.220176 -0.077191 
0.400231 0.727979 0.043533 
-0.859795 0.474243 0.097261 
0.833364 0.535347 0.120479 
-0.711342 0.573237 -0.100034 
-0.599055 -0.774385 -0.081945 
0.254845 -0.950298 -0.028544 
0.385975 -0.906133 0.018745 
-0.818849 0.551525 -0.037293 
0.171991 0.903113 -0.099409 
0.971759 -0.185696 0.120479 
-0.764497 0.498425 -0.099866 
0.258932 0.796104 0.120479 
0.374569 -0.910641 -0.015895 
0.991250 0.011678 0.007860 
-0.259860 0.792246 -0.006246 
0.495834 -0.647971 -0.059887 
0.145091 0.882132 -0.062189 
-0.589625 -0.667328 -0.081636 
0.940929 -0.312750 0.079453 
0.078892 -0.813658 -0.055167 
0.161023 0.822135 -0.027425 
-0.399211 0.841934 0.120479 
-0.054604 0.922837 0.120479 
-0.703546 0.404892 0.099396 
-0.352079 -0.916281 -0.030575 
0.748586 0.361568 0.120479 
-0.087146 0.846246 -0.116192 
-0.740670 -0.348709 0.044862 
0.909933 0.394726 0.115820 
0.226702 0.787102 -0.086452 
-0.352413 -0.846529 -0.103806 
-0.726976 -0.656111 -0.082699 
-0.493103 -0.666128 -0.050329 
0.987857 0.078723 -0.082480 
-0.099018 -0.926885 -0.106024 
0.428883 -0.783647 0.120479 
0.411340 -0.741521 -0.116192 
-0.417378 -0.692490 -0.111028 
0.944242 -0.307437 0.029795 
0.342490 0.826995 -0.106061 
0.714231 0.569668 0.120479 
-0.625369 -0.597479 0.120479 
0.875684 0.313080 0.120479 
0.892477 -0.427119 0.098766 
0.888720 -0.112946 -0.114541 
-0.694189 -0.418849 0.087710 
-0.788131 -0.209692 0.063214 
-0.471317 -0.657696 0.100918 
-0.671285 -0.714262 0.071170 
0.911488 0.201563 -0.104735 
0.085211 0.984991 0.077756 
-0.982279 -0.070543 -0.048567 
0.295190 -0.807813 0.120479 
-0.084341 -0.924869 0.120479 
0.819701 -0.032521 -0.057024 
-0.620997 0.554744 -0.016666 
-0.394086 0.889448 -0.096724 
0.071728 -0.947904 -0.105698 
0.956264 0.106928 0.120479 
-0.285896 0.782812 -0.057024 
0.425160 0.763825 -0.116192 
0.628717 -0.732189 0.120479 
0.677672 0.556329 -0.116192 
0.236106 -0.934072 -0.101619 
0.354552 -0.918175 0.038758 
-0.529575 0.645219 -0.116192 
0.798858 -0.581546 0.031641 
-0.502858 -0.753299 -0.097924 
0.782814 0.270129 0.066060 
-0.427941 0.887771 0.046020 
0.926647 -0.294383 -0.098173 
-0.237243 -0.951300 0.120479 
0.721899 0.513706 0.120479 
0.732604 -0.364540 -0.073116 
0.919548 0.343811 -0.092235 
0.979993 0.150525 0.067841 
0.966412 0.241777 -0.054003 
-0.517073 0.627241 -0.065345 
-0.777255 -0.220455 -0.088022 
-0.639410 0.637909 0.120479 
-0.669427 -0.573361 -0.116192 
-0.950606 0.258311 -0.021914 
-0.725474 -0.354615 -0.074538 
0.095455 -0.983879 -0.052364 
-0.570774 0.600952 0.012972 
-0.019732 0.885292 0.120479 
-0.620153 0.745204 -0.098268 
-0.091090 0.974708 -0.091603 
-0.798418 0.302163 -0.116192 
-0.094837 0.982851 0.104793 
0.262503 -0.849193 -0.105332 
-0.541310 0.822557 0.094172 
0.711591 -0.413237 0.113545 
0.762868 0.633474 -0.007300 
0.941003 0.314001 -0.019337 
-0.908147 0.113814 0.120479 
0.668396 -0.657582 0.120479 
0.509365 -0.848446 0.000450 
0.797416 -0.404968 -0.114869 
0.389892 -0.742236 -0.028510 
-0.287987 0.779819 -0.116192 
0.129829 -0.976452 -0.076787 
-0.803871 0.113605 0.088595 
-0.855557 -0.182727 -0.116192 
0.318019 -0.773853 -0.029451 
0.354071 0.739424 -0.083655 
0.852487 -0.307139 -0.088720 
0.026136 -0.813025 0.093609 
0.706041 0.674437 -0.098196 
0.848262 -0.034390 -0.116192 
0.714330 0.544670 -0.067446 
-0.961001 0.216056 -0.038016 
-0.579980 -0.613142 0.120479 
0.451342 -0.849627 -0.104267 
-0.737742 0.361107 0.043218 
-0.274826 -0.882444 0.120479 
-0.825111 -0.512980 -0.091808 
-0.847927 -0.493077 0.052148 
0.613290 -0.539646 -0.062671 
-0.411286 0.708940 0.074410 
0.583763 -0.689856 -0.087579 
-0.535335 0.826272 0.017455 
-0.957574 0.168010 0.120479 
0.796420 -0.192765 -0.068724 
-0.396083 0.902205 0.023287 
-0.474829 0.862861 0.018884 
0.842603 -0.307225 0.120479 
-0.417351 0.892569 -0.029809 
-0.785755 0.589691 0.109637 
-0.317013 0.774792 0.120479 
0.577790 0.589689 0.113089 
0.631316 -0.518699 -0.084744 
-0.030149 -0.824771 -0.052248 
0.871316 -0.467574 0.022345 
-0.379375 -0.785450 0.120479 
-0.393635 -0.727173 0.003051 
-0.641638 0.500834 0.091933 
-0.563910 -0.584423 -0.055656 
0.930507 -0.340351 0.017910 
-0.718712 0.673211 -0.003546 
-0.872286 -0.140211 -0.103236 
0.701405 -0.446508 0.026843 
0.299487 -0.756726 -0.083272 
-0.371659 0.846235 -0.102523 
-0.465465 0.866827 -0.081613 
-0.151257 0.878983 -0.097268 
-0.912255 0.359374 -0.025046 
0.292189 -0.867246 -0.098990 
0.484653 -0.715486 0.120479 
0.563642 -0.782503 -0.103236 
0.048046 0.832041 0.015676 
-0.786064 -0.588686 0.010884 
-0.114177 0.808772 -0.108160 
0.696607 -0.559050 -0.079704 
-0.904311 -0.009113 0.120479 
-0.475916 0.669955 0.119555 
0.321129 -0.751136 0.087084 
0.669027 -0.596657 0.120479 
-0.136635 -0.942452 -0.105168 
0.923040 -0.008128 -0.102039 
0.519557 -0.724372 -0.092024 
-0.756337 0.492526 0.120479 
0.293617 -0.938976 0.113506 
-0.827024 -0.466783 -0.105174 
0.731877 -0.512566 -0.077460 
-0.291675 0.943143 -0.080683 
0.666540 0.687449 0.120479 
0.062677 -0.833132 -0.116192 
-0.365519 0.742657 0.029173 
0.629978 -0.557128 -0.029715 
0.460582 0.683489 0.084437 
-0.925564 -0.317881 -0.007426 
0.823477 -0.547190 0.065559 
0.802846 0.591116 -0.043109 
-0.000987 -0.986771 -0.019289 
0.342371 0.780616 0.120479 
-0.030302 0.892251 -0.101118 
0.455129 -0.727519 -0.116192 
0.805623 -0.151141 -0.083886 
-0.974626 -0.095752 -0.079850 
-0.798200 0.151279 0.086325 
0.331642 0.755079 0.075621 
-0.341872 -0.876083 0.120479 
-0.073822 -0.843378 0.120479 
0.745181 0.368812 0.046417 
-0.795140 0.227946 0.120479 
0.990870 -0.033834 -0.080253 
-0.727091 0.507887 -0.102104 
-0.705677 -0.429820 -0.050790 
0.470377 0.871708 0.076287 
0.618617 0.585826 -0.116192 
-0.220091 0.786391 0.101422 
-0.396480 -0.729202 0.120479 
0.641984 0.624435 -0.116192 
0.840727 -0.519868 0.020575 
0.341984 -0.739123 -0.084376 
-0.758674 -0.292065 0.075132 
0.685329 -0.471820 -0.116192 
-0.088095 0.887986 -0.084297 
0.528755 0.743480 -0.092080 
0.911340 0.391619 0.043329 
0.032324 -0.837100 0.120479 
-0.747625 -0.571592 -0.105031 
0.061235 0.986743 -0.022072 
-0.701227 -0.400608 -0.114189 
0.055242 -0.982457 0.069952 
0.327110 0.934636 0.095775 
-0.783557 0.243923 0.040921 
0.677185 -0.717851 0.106643 
-0.400084 0.795338 -0.067824 
0.835041 0.019981 -0.006193 
0.882957 0.240284 -0.094640 
-0.636979 0.502792 -0.101452 
-0.680533 -0.707238 0.034714 
0.288437 0.946681 0.091949 
0.796858 0.244955 0.032797 
0.523599 0.631731 -0.095005 
0.630231 -0.680814 -0.104305 
0.768199 0.342264 -0.053033 
-0.783904 -0.239257 0.036617 
-0.500712 -0.846304 0.000437 
-0.940542 0.095935 0.120479 
-0.224042 -0.778518 -0.064664 
-0.169314 0.970274 0.120479 
0.234229 -0.779968 0.100187 
-0.601547 -0.645691 -0.116192 
0.444739 -0.884669 -0.024543 
-0.372287 0.912207 -0.083074 
-0.239830 -0.954752 0.008367 
-0.611023 -0.764697 0.075525 
-0.808647 0.041387 -0.056593 
0.067349 0.965002 -0.102818 
0.546388 -0.633112 -0.041282 
-0.760197 -0.325060 -0.003470 
-0.798590 0.129205 -0.090775 
0.318806 0.775426 -0.029798 
0.930086 0.344142 0.049956 
-0.846495 -0.498918 -0.004843 
0.744324 0.388374 -0.010705 
0.831985 -0.533926 0.119122 
-0.937834 -0.109970 -0.106043 
0.355429 -0.808471 -0.116192 
-0.695929 -0.688292 0.112783 
0.983428 0.156779 -0.071886 
0.610610 -0.780704 -0.014835 
0.709670 0.426036 0.068904 
0.526447 0.695074 0.120479 
-0.477412 0.848782 0.120479 
-0.162520 -0.795806 0.108183 
-0.900019 0.177534 -0.103359 
0.717375 -0.542639 0.120479 
-0.624546 -0.624858 -0.098208 
-0.548482 0.599304 -0.059073 
-0.654678 -0.473007 -0.085068 
-0.629159 0.660336 -0.099440 
0.514209 -0.633164 -0.088120 
0.388190 0.873182 -0.106273 
-0.673981 0.606555 -0.094985 
0.903560 0.020288 0.120479 
0.947928 -0.140447 -0.105582 
0.729322 0.391879 0.066276 
0.751620 -0.324704 -0.092927 
-0.665905 0.462970 -0.068872 
-0.885717 0.430772 0.003410 
-0.676055 -0.472855 -0.116192 
-0.911759 0.360692 0.119892 
0.695692 0.462900 -0.116192 
-0.173384 -0.967256 0.070600 
-0.905772 0.279406 0.120479 
0.431728 -0.887504 0.033855 
0.787695 -0.590161 -0.087425 
-0.979166 0.054870 0.076966 
-0.961027 0.204005 0.044663 
-0.939587 0.290660 -0.038139 
-0.881007 0.243850 -0.101951 
-0.313432 0.763222 -0.057024 
0.974203 0.185590 -0.010717 
0.623935 0.552422 0.034204 
0.888527 -0.182952 0.120479 
-0.512263 -0.627335 -0.116192 
0.774039 0.554339 0.120479 
-0.323128 0.935944 -0.067564 
-0.440869 -0.682552 0.082999 
-0.860325 0.485149 -0.055632 
-0.721147 -0.661367 0.064159 
-0.410623 0.702631 -0.086718 
-0.210992 -0.930986 -0.104729 
-0.862036 -0.324874 0.120479 
0.636761 0.547919 -0.021881 
-0.160909 0.834523 0.120479 
-0.425853 -0.858336 0.120479 
-0.734144 -0.385044 -0.015104 
0.154088 0.879935 -0.116192 
0.212546 0.886436 -0.094196 
0.202317 0.853160 0.120479 
-0.572702 0.643866 -0.116192 
0.131278 0.894643 0.120479 
0.808147 0.227218 0.000360 
-0.556080 -0.775595 -0.104563 
0.779977 0.310219 -0.006298 
-0.638663 -0.742014 0.119855 
0.871375 -0.037904 0.120479 
0.058539 0.986831 0.012538 
-0.551673 0.625931 -0.016708 
-0.860523 0.258467 0.120479 
0.895110 -0.036906 -0.096459 
-0.941208 0.122308 -0.104850 
0.048602 -0.810183 -0.078052 
-0.414656 -0.781317 -0.080909 
0.027410 -0.898136 0.120479 
0.213767 0.949503 -0.097521 
0.489544 -0.749929 -0.076695 
-0.976723 0.135595 -0.056639 
-0.780562 -0.591733 0.093151 
-0.629163 0.529254 0.047702 
0.686714 0.456636 0.086284 
0.249209 -0.790883 -0.051746 
0.837629 0.054003 -0.022806 
0.819678 -0.517944 -0.100980 
0.535381 0.627870 0.081455 
-0.534462 -0.639249 0.120479 
0.971829 -0.106798 -0.096399 
0.425761 -0.723222 0.120479 
-0.889840 -0.411848 -0.006393 
0.542467 0.830247 -0.031357 
0.819815 -0.174583 -0.000248 
-0.719058 -0.425667 0.120479 
0.407170 -0.898056 -0.079132 
0.904389 -0.400827 0.022213 
0.393312 -0.858757 0.120479 
0.822103 -0.108904 0.050947 
0.158888 0.805990 0.088868 
0.871204 0.129100 0.120479 
0.667587 -0.551573 0.120479 
-0.444992 0.878809 0.084849 
-0.465776 -0.751715 -0.059434 
-0.523875 -0.829184 0.070787 
0.487571 0.788986 0.120479 
-0.764142 -0.399920 -0.116192 
0.134719 -0.973979 0.048910 
0.816641 -0.074601 -0.082326 
0.694566 0.438358 -0.070735 
-0.444191 -0.694314 -0.051908 
-0.732138 -0.649631 -0.006665 
-0.817641 0.101531 0.018591 
-0.070298 -0.980825 0.069180 
-0.204008 0.881200 -0.087242 
0.559576 0.761882 0.120479 
-0.712670 0.415910 0.026133 
