0.829775 0.554595 -0.056394 
-0.818134 -0.562667 -0.052401 
-0.554320 0.817593 0.063260 
0.560372 -0.810286 0.108052 
-0.970620 0.173155 0.099871 
-0.175180 -0.978945 -0.050452 
0.189449 0.972750 -0.029187 
0.979237 -0.195429 -0.052292 
-0.727531 0.453993 -0.104468 
0.958129 0.191445 0.108052 
-0.454488 -0.699519 0.091994 
0.201516 -0.811289 -0.098239 
0.473596 0.708227 0.108052 
-0.822562 -0.148004 -0.104468 
-0.183672 0.819589 -0.104468 
0.705730 -0.495977 -0.104468 
-0.929570 -0.328695 0.104326 
0.077353 -0.985900 0.101759 
-0.063045 0.972004 0.108052 
0.875186 -0.412887 0.108052 
0.837756 0.043999 -0.104168 
-0.745013 0.628542 0.108052 
0.429110 0.880542 -0.088244 
-0.321447 0.934655 0.108052 
-0.409890 -0.876513 -0.091662 
0.796270 0.303074 -0.104468 
0.485392 -0.685552 -0.104468 
0.321525 -0.906106 0.108052 
-0.636846 -0.745806 -0.082359 
0.637544 0.731270 -0.092518 
-0.817160 0.160927 -0.104468 
-0.866210 0.404872 0.108052 
-0.981575 -0.081868 0.108052 
0.747862 -0.646334 0.108052 
-0.538718 0.636972 -0.099766 
0.658155 0.548308 0.108052 
-0.635627 -0.547441 0.103799 
0.867390 -0.054958 0.108052 
-0.219737 -0.805453 0.091878 
0.265107 0.802234 0.107686 
0.818051 0.376685 0.108052 
-0.409098 0.879499 -0.090124 
0.785057 -0.295420 -0.066313 
-0.752042 -0.357599 -0.078284 
-0.007150 -0.840673 -0.049587 
0.409019 -0.888253 -0.086654 
0.036420 0.835441 -0.078227 
-0.988313 0.031386 -0.068817 
-0.940846 0.312502 -0.058359 
0.678941 -0.710022 -0.083095 
-0.733589 0.646354 -0.086030 
-0.371108 0.755924 0.053310 
-0.629781 -0.545793 -0.090399 
0.961344 0.205457 -0.085469 
-0.231647 -0.803075 -0.104468 
-0.553567 0.628229 0.099662 
-0.833517 0.040541 0.082598 
-0.657076 -0.736050 0.107644 
-0.931872 -0.300641 -0.082765 
-0.754039 -0.396414 0.108052 
0.566447 -0.623128 0.068037 
0.665601 0.734967 0.096070 
0.647814 0.532244 -0.092160 
0.250562 0.813139 -0.104468 
0.119817 -0.978052 -0.080060 
-0.820132 -0.174762 0.104033 
0.695313 -0.468272 0.094593 
-0.427527 -0.882108 0.108052 
0.813931 -0.238495 0.108052 
-0.181184 0.816774 0.089224 
-0.085918 0.973929 -0.088177 
0.440251 0.888125 0.099317 
0.992300 0.009740 -0.013940 
-0.452949 -0.700104 -0.099043 
-0.801921 0.239958 0.071461 
0.387759 -0.750971 0.046222 
0.462883 0.698574 -0.070460 
0.165233 -0.819799 0.094836 
-0.698728 0.461435 0.073262 
-0.097477 -0.972838 0.108052 
0.095619 0.846405 0.108052 
0.873383 -0.450762 -0.084687 
0.828753 -0.134119 -0.104468 
0.908910 0.404305 -0.032447 
-0.243253 0.961692 -0.040300 
-0.830008 0.533321 0.004622 
0.822054 0.541557 0.108052 
-0.979506 -0.145550 -0.041687 
-0.799858 -0.560557 0.108052 
0.833179 0.180518 0.005317 
0.558808 0.818915 0.015510 
0.975802 -0.179158 0.104244 
-0.286219 -0.945136 0.065315 
-0.537871 -0.827590 0.006653 
-0.011186 -0.842262 0.106442 
0.553649 -0.825941 -0.045858 
-0.575825 0.789579 -0.087133 
0.272386 -0.955230 -0.064188 
0.798833 -0.586924 -0.024269 
0.743115 0.432913 -0.024254 
-0.776387 0.302033 -0.069380 
0.253835 0.957470 0.105726 
-0.881464 -0.442311 0.023180 
-0.418835 0.721725 -0.093513 
-0.362505 -0.770789 -0.003169 
0.569543 0.633598 0.003918 
-0.853317 -0.003942 -0.104468 
-0.015156 -0.989852 -0.031630 
-0.976369 0.174250 -0.053927 
0.339396 -0.764703 -0.098009 
0.600277 -0.584456 -0.069352 
0.750513 0.648664 0.022541 
0.937932 -0.323304 -0.007747 
0.077872 0.986563 0.108052 
-0.735344 -0.657648 0.010708 
-0.045448 0.840523 0.062029 
-0.560097 -0.644676 -0.019909 
-0.653956 0.551009 -0.023533 
-0.705001 -0.474079 0.001500 
-0.676884 0.721366 0.031903 
-0.807522 -0.262429 0.001106 
0.440868 -0.886869 0.046501 
0.367005 0.773226 -0.010175 
0.332994 0.932978 -0.008503 
-0.859070 0.423663 -0.095040 
0.062121 0.991014 -0.069221 
0.662486 -0.736915 0.056717 
0.884136 0.079518 0.108052 
0.938805 0.321954 0.084629 
0.154019 0.838371 -0.011130 
-0.440504 0.884648 0.050555 
0.817837 -0.532450 0.108052 
0.196448 -0.969881 0.047260 
-0.290277 -0.928025 -0.089786 
0.763375 -0.356471 0.072400 
0.270498 -0.805918 0.010548 
-0.303690 0.777840 -0.089559 
-0.132767 -0.846100 -0.026363 
-0.193880 0.942555 0.108052 
-0.479714 0.698763 0.021704 
-0.924179 0.290158 0.108052 
-0.964240 -0.205492 0.090060 
-0.842091 -0.093870 0.011465 
-0.985231 0.032227 0.058629 
0.990752 -0.056063 0.094185 
0.715245 0.635197 -0.097000 
0.111528 -0.848467 -0.018169 
0.841664 0.251777 0.108052 
-0.832430 -0.450508 -0.097080 
0.926368 -0.057665 -0.089985 
0.929845 -0.291288 0.108052 
-0.757574 0.356605 0.071844 
0.849433 0.015346 0.012544 
0.836134 -0.164715 0.009326 
0.752126 -0.417364 -0.027244 
0.385773 0.784837 0.108052 
-0.694051 -0.643448 -0.097067 
-0.564299 -0.638876 0.108052 
0.984372 0.127266 -0.003588 
-0.838355 0.132188 0.005337 
-0.271883 0.804025 0.018188 
0.494863 -0.703375 0.108052 
0.537868 0.799628 -0.095215 
0.648815 -0.549053 0.027690 
-0.637430 0.552514 0.108052 
0.786817 0.331706 0.008991 
-0.819160 -0.296914 0.108052 
0.719568 0.433550 0.086159 
0.849730 0.199144 -0.104468 
-0.361007 -0.787475 0.108052 
-0.349167 0.924507 -0.006679 
-0.085931 0.832265 -0.051036 
-0.546169 -0.782485 0.108052 
0.875926 -0.234385 -0.102078 
0.452644 -0.783375 -0.060643 
0.134651 0.894130 -0.104468 
0.954846 0.074962 -0.095925 
-0.188134 -0.910993 0.108052 
0.862405 -0.489817 0.017295 
0.573094 0.619041 -0.104468 
-0.385458 -0.909112 0.009247 
-0.015247 0.989319 0.007144 
-0.149944 0.977501 0.013194 
-0.526959 -0.796532 -0.096894 
-0.799889 0.519250 0.108052 
-0.462149 0.777896 0.108052 
-0.730932 -0.486112 -0.104468 
-0.784987 0.544691 -0.095293 
-0.828343 -0.266423 -0.104468 
-0.597178 0.729977 0.108052 
0.824975 0.440539 -0.092961 
0.274432 0.917688 -0.096909 
0.867188 0.481838 0.028260 
-0.857320 0.154568 0.108052 
0.584963 0.650506 0.108052 
0.577818 -0.697248 -0.051997 
-0.652535 0.715227 -0.091564 
-0.082322 -0.935743 -0.093288 
0.680216 0.515330 0.010030 
0.722813 -0.604530 -0.095307 
-0.343108 -0.790609 -0.104468 
0.933535 0.306705 -0.086120 
-0.902144 0.398570 0.010085 
-0.939690 -0.064730 -0.094308 
-0.717854 -0.624853 0.108052 
-0.870122 0.233653 -0.052076 
-0.908625 0.100316 -0.081441 
-0.114151 -0.831183 0.100759 
0.344078 -0.927836 0.005301 
0.988532 0.085027 0.090818 
0.065516 -0.893659 -0.104468 
0.255824 0.811930 -0.001565 
-0.315054 0.829147 0.108052 
0.961353 0.246003 0.019866 
-0.307158 0.887785 -0.093398 
-0.909577 -0.199020 -0.092396 
-0.492578 0.858856 -0.032567 
-0.866832 -0.051737 0.108052 
0.747206 0.504435 -0.104468 
0.896544 -0.349754 -0.095829 
0.567141 0.780160 0.108052 
0.307846 -0.862300 -0.079197 
0.325116 -0.799252 0.108052 
0.448411 -0.801638 0.108052 
-0.833539 -0.464457 0.108052 
0.398438 0.769531 -0.104468 
0.159882 0.925082 0.108052 
0.480370 -0.706988 -0.003438 
-0.635807 0.618118 -0.104468 
-0.266189 -0.810977 -0.012415 
0.739958 -0.663630 -0.006592 
-0.956108 -0.240366 -0.001164 
0.078117 -0.888153 0.108052 
-0.984490 -0.053922 0.012531 
0.805559 -0.519755 -0.096266 
0.801407 -0.382969 -0.104468 
-0.665015 -0.728615 0.008471 
0.984410 -0.125904 0.024087 
0.675661 0.725545 0.000508 
0.348857 0.927007 0.086523 
-0.746560 0.645764 0.013127 
-0.565534 0.633512 0.004579 
0.708524 0.639836 0.108052 
-0.952978 0.254761 0.016734 
-0.178808 0.915589 -0.093006 
0.885701 -0.148239 0.108052 
0.022147 0.906273 0.108052 
-0.706059 -0.484399 0.108052 
-0.011616 -0.988468 0.069766 
0.072198 -0.986408 0.007600 
-0.910824 -0.390514 -0.064082 
-0.466608 -0.712445 -0.006707 
0.062485 0.847545 0.011013 
0.839929 -0.052161 -0.051338 
-0.546715 -0.705544 -0.104468 
-0.020829 0.909338 -0.070466 
-0.761424 -0.371540 0.013350 
0.667305 -0.599600 0.108052 
-0.648388 -0.547250 0.010173 
0.333306 0.841567 -0.062979 
-0.201774 -0.898581 -0.087471 
-0.166146 -0.973856 0.044081 
0.899630 0.418095 0.095549 
0.962098 -0.241838 0.037598 
-0.112635 0.894725 0.108052 
0.476080 0.804230 0.108052 
-0.327967 -0.875741 0.108052 
0.108012 0.983850 0.010432 
0.905705 -0.403717 0.022573 
0.448124 0.722915 0.021734 
0.176608 -0.896248 -0.077701 
-0.727140 0.444826 -0.011244 
-0.849321 -0.004146 0.002012 
0.485593 0.863933 -0.012075 
-0.428301 -0.793502 -0.061712 
-0.923328 -0.345279 0.016063 
0.559412 0.712871 -0.052419 
0.788485 -0.447718 0.108052 
-0.979487 0.112561 0.010759 
0.587526 -0.725277 0.108052 
-0.658238 0.513901 -0.104468 
0.197049 -0.905007 0.108052 
-0.834180 -0.525641 0.026389 
0.744673 0.385941 -0.099079 
-0.465097 -0.870533 -0.017414 
-0.165328 0.835331 0.004852 
-0.370847 0.773586 -0.032656 
-0.261579 0.953581 0.046983 
0.830921 0.118354 -0.058572 
0.913594 -0.145901 -0.086731 
0.617856 -0.774346 -0.008471 
-0.473339 0.789395 -0.086722 
0.814809 -0.248892 0.007497 
0.807396 0.575944 0.024669 
0.186638 0.839189 0.108052 
-0.062258 -0.843917 0.032513 
0.846052 0.165484 0.108052 
-0.832746 0.062012 -0.050643 
-0.571315 -0.607435 -0.104468 
-0.562211 0.707798 -0.057368 
-0.906539 -0.144841 0.108052 
-0.499646 0.701053 0.108052 
-0.615271 0.773428 -0.013162 
-0.073966 -0.851637 -0.104468 
-0.861852 -0.384107 0.108052 
0.944720 -0.280973 -0.081746 
0.031492 -0.846704 0.025759 
0.638645 0.642824 -0.056245 
-0.713237 -0.550160 -0.052267 
-0.836523 -0.335722 -0.057186 
0.405737 0.903763 0.021172 
-0.097259 -0.983316 -0.016224 
-0.658323 0.672874 0.108052 
-0.793125 0.299422 0.012473 
0.994039 -0.089774 -0.052896 
0.860567 0.365147 -0.092356 
-0.950791 0.092671 0.108052 
-0.741931 0.378768 -0.071814 
-0.829814 0.330014 0.108052 
-0.831318 -0.183542 -0.010492 
0.740241 0.530198 0.108052 
-0.873325 0.341883 -0.095567 
-0.241320 0.875298 0.108052 
0.468700 -0.873552 -0.029667 
0.707499 -0.487401 -0.022804 
-0.495122 -0.854173 0.072693 
-0.850948 0.504716 -0.069793 
0.607478 -0.765005 -0.088458 
0.384811 -0.855278 0.108052 
0.191467 -0.834897 -0.020863 
-0.938627 -0.012108 0.108052 
0.117904 -0.832266 -0.104468 
-0.590637 -0.601182 0.041902 
0.713432 0.560207 -0.054844 
0.846004 0.094835 0.024036 
0.246988 0.959067 0.025112 
0.813393 -0.203927 -0.062167 
0.200545 0.885780 -0.059677 
-0.242878 -0.957579 -0.000802 
-0.000543 -0.937145 -0.092666 
-0.103059 0.893246 -0.104468 
0.263683 -0.850063 0.108052 
-0.386642 0.872981 0.108052 
-0.770176 -0.626192 -0.054667 
0.615142 0.582531 0.044289 
0.906737 0.015429 -0.065931 
0.526956 -0.838315 0.027884 
-0.893444 -0.113379 -0.051984 
-0.495826 0.706236 -0.104468 
0.783313 0.618826 -0.056614 
-0.785473 -0.596729 0.039089 
0.825540 0.462481 0.108052 
0.509427 0.677048 0.041602 
0.546190 -0.635084 -0.096879 
0.524031 -0.764859 -0.089005 
0.257241 -0.955707 0.101869 
0.870857 0.261918 -0.061549 
0.360290 -0.778217 -0.022196 
-0.858469 0.486302 0.067509 
-0.929451 0.329982 0.036691 
-0.023019 -0.921019 0.108052 
0.416642 -0.729286 -0.104468 
0.726584 -0.417847 -0.100881 
0.341462 0.852585 0.108052 
-0.708354 0.573252 -0.077826 
0.467660 0.775902 -0.064778 
0.062773 0.908050 -0.072974 
0.940048 0.318653 0.005402 
-0.883492 -0.218236 0.108052 
0.660742 -0.676135 0.108052 
-0.013484 0.851888 -0.020010 
0.896237 0.138608 -0.098216 
0.824506 -0.327978 0.108052 
-0.234450 0.813815 -0.047538 
-0.798157 0.438946 0.108052 
0.786658 -0.603948 0.058352 
0.813058 0.252249 0.019718 
-0.481080 0.856274 0.108052 
-0.790942 0.590067 0.039289 
-0.145965 -0.828129 -0.104468 
0.779198 0.603859 0.108052 
-0.732165 0.554104 0.108052 
-0.789832 0.433709 -0.052171 
0.623803 0.771758 -0.028942 
-0.610682 -0.775036 0.032625 
-0.187955 -0.825227 0.026434 
-0.288656 -0.854866 -0.071642 
0.744251 -0.547334 0.108052 
0.961104 0.011476 0.108052 
-0.614503 0.577156 0.041005 
-0.784395 0.604614 -0.036768 
-0.584146 -0.802927 -0.046664 
0.006298 0.989819 0.078656 
-0.472056 -0.790486 0.108052 
-0.799890 0.232988 -0.083480 
0.788749 0.294662 0.078460 
-0.164234 0.980548 -0.060391 
-0.830589 -0.061567 -0.063850 
0.353452 0.907327 -0.090467 
-0.505876 -0.673726 0.042625 
0.179453 0.973675 0.055950 
0.393765 -0.814285 -0.094672 
-0.698996 0.701482 -0.035457 
-0.865484 0.233466 0.108052 
0.897771 -0.220865 0.108052 
-0.919077 0.197314 -0.093888 
-0.586783 -0.708859 0.108052 
-0.760427 0.379140 0.001948 
0.642071 0.568416 -0.028517 
0.145706 -0.978276 -0.005087 
-0.031874 0.841111 -0.104468 
-0.135159 0.979942 0.084978 
0.655820 -0.632191 -0.068495 
0.109933 0.829433 -0.080751 
0.424171 -0.729096 0.105668 
0.271977 -0.790725 -0.088114 
0.723634 0.684077 -0.035384 
0.551536 -0.650714 0.002302 
-0.583563 0.595931 -0.058870 
0.097846 -0.835841 0.061442 
-0.350042 0.832470 -0.073761 
0.331589 0.776687 0.053190 
0.276208 -0.950094 0.018564 
0.856354 -0.299004 -0.053006 
-0.319029 -0.934880 -0.004511 
-0.288408 -0.785961 0.079505 
0.197442 -0.965497 -0.080777 
0.185044 0.816463 -0.074155 
-0.701015 -0.704147 -0.049156 
0.277036 0.884970 0.108052 
-0.623919 -0.675144 -0.086623 
0.985194 -0.006879 -0.083564 
0.778041 -0.356196 -0.000206 
0.754708 0.384449 0.047480 
0.497467 -0.853615 0.108052 
-0.822505 0.215732 -0.002552 
-0.720056 -0.554014 0.108052 
-0.119447 0.833631 0.058925 
-0.557953 0.814989 -0.013337 
-0.870502 -0.473580 -0.039317 
-0.384126 -0.740103 -0.075844 
0.694843 0.469436 -0.060764 
-0.237165 0.879798 -0.075562 
-0.396612 -0.738056 0.072318 
-0.981397 0.101401 -0.073015 
-0.648097 -0.634726 0.108052 
-0.710335 -0.684351 0.070904 
0.917693 0.378047 0.035957 
0.330517 0.769351 -0.086055 
0.911583 0.259520 0.108052 
0.804549 0.238732 -0.058969 
0.666239 -0.553933 -0.104468 
-0.105200 -0.900300 0.108052 
-0.947526 -0.272182 0.067159 
0.838887 0.027808 0.095072 
0.043124 -0.988163 -0.073303 
0.602461 -0.603484 0.011564 
0.883551 0.465055 -0.055325 
0.802195 -0.451234 -0.084031 
-0.878698 0.088254 0.108052 
0.242063 -0.873293 -0.059064 
-0.023036 0.992741 -0.065480 
-0.403832 0.801148 -0.104468 
0.158609 0.960907 -0.090124 
-0.611172 -0.599774 -0.033186 
-0.673758 0.509896 0.028538 
0.837966 -0.113503 0.055881 
0.031568 0.839521 0.072370 
0.493785 0.859554 0.056467 
0.990716 -0.057151 0.020434 
0.605364 -0.784584 0.062632 
0.468794 -0.840321 -0.095772 
-0.667392 -0.498882 -0.052413 
-0.929969 0.004542 -0.092823 
-0.765925 -0.562122 -0.096799 
0.665051 -0.531278 0.108052 
-0.720267 -0.417818 -0.083247 
-0.432257 0.888878 -0.021586 
-0.480539 -0.845903 -0.089632 
-0.421278 0.740578 -0.001097 
-0.691185 0.498389 -0.045199 
-0.782053 -0.286326 -0.058813 
-0.803126 -0.219339 -0.062495 
0.543121 0.704015 0.108052 
-0.421674 0.723969 0.099972 
-0.975635 -0.141810 0.069414 
-0.519649 -0.651369 -0.073854 
-0.725337 -0.426959 0.045738 
-0.806314 -0.230941 0.061070 
0.620884 0.772830 0.062140 
0.691268 -0.709958 0.000771 
-0.991628 -0.034020 -0.051584 
-0.349967 -0.923236 0.064990 
0.724603 -0.543523 -0.055982 
-0.492582 -0.756264 -0.055424 
-0.896719 0.277515 -0.095195 
0.372911 -0.916984 0.066576 
-0.810070 0.361790 -0.104468 
0.959266 -0.114560 0.108052 
0.054481 -0.833826 -0.077354 
-0.831627 0.289798 -0.104468 
-0.806605 -0.400623 -0.061366 
-0.261462 -0.878471 0.108052 
-0.261097 0.793337 0.093451 
0.655053 0.597065 -0.104468 
-0.846425 0.099993 -0.104468 
0.910706 -0.407913 -0.050539 
-0.200600 -0.819518 -0.048305 
0.917434 -0.356358 0.108052 
0.516189 0.660230 -0.063492 
-0.884859 0.446585 -0.038951 
0.416383 0.730241 0.078884 
-0.377955 0.807981 0.108052 
0.403540 0.810606 -0.053609 
-0.844656 -0.113427 0.108052 
-0.757853 0.492502 -0.060982 
0.883583 0.356138 0.108052 
0.272038 0.954967 -0.034833 
-0.376723 -0.919111 -0.055470 
0.119052 0.837123 0.043615 
0.520607 0.713744 -0.104468 
-0.630427 0.759802 0.061069 
0.594181 0.683950 -0.101613 
-0.715503 0.679802 0.078647 
0.532406 0.835896 0.106338 
0.766262 0.341767 -0.051455 
0.409623 0.738139 -0.049291 
0.845647 -0.039939 0.045466 
-0.770828 -0.469354 -0.056759 
-0.068353 -0.855788 -0.036812 
0.713646 -0.687577 0.072561 
-0.984662 0.049626 -0.007324 
0.141142 -0.979030 0.105005 
0.996039 0.073861 -0.046672 
-0.516204 -0.706669 0.108052 
-0.547853 0.770978 0.108052 
-0.140881 -0.895189 -0.067776 
0.610831 -0.577763 0.076496 
-0.689150 -0.580121 -0.104468 
-0.776644 -0.321008 0.049307 
0.196601 0.822053 0.047543 
0.825252 -0.166114 0.099303 
-0.345442 -0.833542 -0.052676 
0.990690 0.058940 0.026112 
0.645126 0.670547 0.108052 
-0.121360 0.829255 -0.104468 
-0.235170 -0.959376 0.099200 
0.975137 0.184154 0.021386 
0.877879 -0.094995 -0.104468 
0.854642 0.057084 -0.045177 
-0.589514 0.676617 -0.104468 
0.651684 -0.554435 -0.034681 
0.854256 -0.109508 -0.030707 
-0.464092 0.722812 -0.043172 
-0.779866 0.295556 0.089931 
0.806477 -0.249489 -0.104468 
-0.630806 0.614645 0.108052 
0.839625 0.501130 -0.089506 
-0.042819 0.882569 0.108052 
-0.890822 0.343077 0.108052 
0.716033 -0.456554 0.030679 
0.714806 0.687308 0.068164 
-0.732631 0.411468 0.056226 
0.412848 -0.899571 -0.020808 
0.728524 -0.415799 0.090774 
0.992392 -0.005982 0.057379 
-0.507933 0.661780 -0.051986 
0.606777 0.587992 0.105393 
-0.831719 -0.121549 -0.048777 
-0.965398 -0.223519 -0.059945 
0.310474 0.795019 -0.024960 
-0.378892 0.913057 0.061669 
-0.907354 0.388581 -0.073784 
-0.063436 -0.986647 0.035281 
-0.828613 -0.138026 0.053834 
-0.961737 0.232795 -0.066401 
0.834178 -0.535830 0.046796 
-0.215425 0.817870 0.038130 
-0.623569 0.652451 -0.055001 
0.816945 0.394040 -0.053642 
0.359170 -0.929306 -0.054196 
-0.967928 -0.188491 0.030316 
0.543951 -0.703917 -0.104468 
0.775673 0.472903 -0.057526 
-0.493064 0.856422 0.036467 
0.252932 -0.801131 0.072733 
-0.314998 0.777982 0.068727 
0.545093 0.832965 -0.044337 
-0.366974 0.921747 -0.065200 
0.487361 0.834086 -0.093589 
0.748147 -0.655463 -0.066416 
-0.283427 -0.784806 -0.078072 
0.889513 0.177604 -0.051898 
0.755403 -0.363536 -0.069606 
0.217402 0.945173 -0.091933 
0.900492 0.016905 0.108052 
0.797497 -0.276617 0.063572 
0.710028 0.465510 0.035289 
0.980285 0.148663 -0.074953 
0.038510 -0.934169 0.108052 
-0.246710 -0.960885 -0.063440 
0.053817 0.988264 0.041132 
0.141377 -0.881232 0.108052 
0.760563 -0.492234 -0.066702 
-0.738172 -0.426710 -0.016040 
-0.097076 0.984304 -0.015255 
0.756723 0.379242 0.107595 
-0.830094 0.100921 0.074591 
0.821250 0.198649 0.061584 
-0.858990 -0.100061 -0.104468 
0.832793 0.105954 0.091220 
-0.003199 -0.864896 -0.104468 
-0.761635 -0.461511 0.108052 
-0.823660 0.166453 0.052370 
0.865385 -0.036372 -0.104468 
-0.860812 0.481919 0.003934 
-0.307609 0.942469 -0.068945 
0.373997 0.824116 -0.104468 
-0.854908 -0.389206 -0.094663 
0.841807 -0.536172 -0.051756 
0.119953 0.988542 -0.053986 
0.829220 -0.312050 -0.104468 
-0.116118 -0.982494 -0.072737 
-0.622460 0.554797 -0.080295 
0.872705 -0.470547 0.093725 
0.962906 0.261311 -0.061592 
-0.032874 -0.902364 -0.057105 
0.687277 0.687239 -0.091847 
0.810644 0.290779 -0.031217 
0.538481 -0.663233 0.108052 
0.957074 -0.261583 -0.017961 
-0.130570 0.894510 -0.052115 
0.120471 -0.912977 -0.085931 
-0.830604 0.161424 -0.046875 
-0.819618 -0.508144 -0.093930 
-0.842684 0.056489 0.026472 
-0.897861 0.030512 0.108052 
0.265939 0.870052 -0.063301 
0.100396 0.946410 -0.097013 
0.983650 0.132591 0.054976 
-0.971428 0.168265 0.027789 
0.616697 -0.663347 -0.099277 
0.394696 0.915656 -0.049555 
0.574406 -0.806768 0.014163 
-0.892424 -0.276155 0.108052 
0.610160 -0.646550 0.108052 
-0.420154 -0.744511 -0.022270 
-0.418469 -0.813976 0.108052 
-0.807824 -0.361678 0.108052 
0.801538 0.361250 -0.104468 
0.594329 0.593208 -0.051181 
-0.051891 -0.983345 -0.078764 
-0.671930 -0.600450 -0.052581 
-0.255685 0.931733 0.108052 
0.859186 -0.275097 0.108052 
-0.985386 -0.026537 0.076653 
-0.840154 -0.043869 0.043385 
0.907783 0.132567 0.108052 
0.902927 0.083700 -0.063369 
0.178703 -0.826540 0.038887 
-0.640787 -0.622058 -0.104468 
0.786812 0.558109 -0.094968 
0.687600 0.480851 0.095088 
-0.901603 -0.037045 -0.060850 
-0.803542 -0.337156 -0.104468 
0.438450 -0.723681 0.043538 
-0.356496 0.754903 -0.088668 
0.923132 0.363565 -0.070535 
-0.901955 -0.398017 -0.007738 
-0.531890 0.652428 0.052215 
0.378662 -0.778610 0.108052 
-0.665103 0.729691 0.103846 
0.441290 -0.865100 0.108052 
-0.801698 0.575057 0.095103 
0.854232 0.506956 -0.029446 
-0.875939 -0.308645 -0.092368 
-0.911933 -0.375555 0.076474 
0.908085 0.225072 -0.092696 
-0.884542 0.437418 0.053256 
-0.280959 0.828144 -0.104468 
-0.142940 0.828029 -0.051338 
-0.347283 -0.766865 0.051760 
-0.820946 0.556700 -0.052683 
0.078053 0.917150 0.108052 
0.957658 -0.233005 0.108052 
-0.543374 -0.824168 0.069210 
0.524734 -0.662314 0.051092 
-0.743027 0.468953 0.108052 
0.697656 -0.657993 -0.096924 
-0.889069 0.144785 -0.052203 
-0.295810 0.943197 -0.002562 
-0.837955 0.331121 -0.052713 
-0.526236 0.816650 -0.090452 
0.973149 -0.194441 0.008742 
-0.811706 0.465957 -0.093122 
0.489885 -0.763372 0.108052 
0.513920 -0.661090 -0.058593 
-0.188242 -0.854589 0.108052 
0.027181 0.944545 -0.096893 
-0.055266 0.988009 0.046730 
0.887483 0.203568 0.108052 
0.397141 -0.745118 -0.048898 
0.931200 -0.225479 -0.096785 
0.239034 -0.916579 -0.094768 
-0.673691 0.509613 0.108052 
-0.443670 -0.881986 0.033184 
-0.167429 0.882810 0.108052 
0.983739 -0.140715 -0.031850 
-0.083785 0.844290 0.108052 
-0.925775 -0.086918 0.108052 
0.790475 -0.591267 -0.079495 
-0.878210 -0.253663 -0.081867 
-0.538778 -0.722689 -0.051839 
0.210579 0.832790 -0.026908 
-0.521800 0.747506 -0.077168 
-0.899353 0.046189 -0.071297 
0.591042 0.788451 -0.082455 
-0.622590 -0.766579 -0.028932 
0.878038 -0.462488 -0.028739 
0.217598 -0.965893 -0.028841 
0.819931 -0.212249 0.049119 
0.920357 -0.035115 0.108052 
-0.681837 -0.512293 -0.104468 
0.961878 0.243753 0.089539 
-0.447857 0.837875 -0.096153 
0.968675 -0.122267 -0.090134 
-0.351950 -0.890449 -0.096070 
0.352747 -0.890333 -0.095553 
-0.202919 0.967866 0.000765 
0.193441 -0.961511 0.108052 
0.885338 -0.195766 -0.063842 
0.113344 -0.931566 0.108052 
-0.850957 0.238219 -0.104468 
0.947117 -0.294407 0.044006 
0.526285 0.653486 0.088260 
-0.301685 0.851794 -0.052280 
-0.837116 -0.520921 0.100748 
-0.911220 0.378420 0.071395 
-0.782472 0.350507 -0.039276 
0.835325 -0.362434 -0.066632 
-0.960097 0.224228 0.083162 
0.221927 0.913038 0.108052 
0.483257 0.710004 -0.020952 
-0.870215 -0.326135 0.108052 
0.777884 0.435650 0.108052 
0.847195 0.324716 -0.053620 
0.821351 0.171851 -0.064188 
-0.222840 0.947503 -0.090366 
-0.573733 -0.751829 -0.094936 
0.839332 0.528512 0.026371 
-0.888577 -0.145335 -0.098787 
0.113766 0.983284 0.067400 
-0.979871 -0.107691 0.006594 
0.320785 0.942376 -0.060543 
0.657790 0.606221 0.108052 
0.101246 0.852373 -0.026555 
-0.767367 -0.434039 -0.104468 
-0.775948 -0.608984 0.104722 
0.230313 -0.810325 -0.049323 
0.893984 -0.293832 -0.095205 
-0.413902 0.802568 -0.051430 
0.311478 -0.799726 -0.030475 
0.019096 -0.988430 0.017025 
-0.300882 0.797311 -0.026763 
0.076450 -0.950648 -0.096614 
-0.600560 -0.588225 0.106960 
0.244982 -0.842512 -0.104468 
0.690848 0.502257 -0.104468 
0.729289 0.583590 0.108052 
-0.749473 -0.641245 0.067644 
0.361083 -0.829643 -0.054766 
-0.082168 0.844920 0.021833 
-0.609353 0.747186 -0.093346 
-0.146663 -0.951217 0.108052 
0.193845 0.966700 0.108052 
-0.134545 -0.831961 0.051089 
-0.796297 0.413680 -0.104468 
-0.589083 0.792683 0.029539 
-0.025033 0.933174 0.108052 
0.833766 0.147412 0.052056 
-0.433250 -0.749640 -0.104468 
0.139889 -0.823950 -0.056389 
0.680731 -0.506595 0.033939 
-0.240858 -0.855730 -0.104468 
-0.585588 0.677804 0.108052 
-0.520136 -0.846215 -0.053757 
-0.832681 0.008785 -0.054886 
-0.112247 -0.981840 0.056347 
0.305583 -0.915187 -0.094798 
-0.779142 0.389201 0.108052 
-0.584973 -0.685487 -0.051910 
0.512328 0.747096 -0.062952 
0.880194 0.307261 -0.091420 
-0.306412 -0.790794 0.015787 
-0.834526 -0.246099 0.108052 
0.839351 0.272093 -0.104468 
0.746967 -0.654681 0.047654 
-0.878551 -0.447762 0.085670 
-0.778740 -0.511626 0.108052 
0.659627 0.528555 0.056898 
-0.616698 -0.770099 0.107785 
0.182144 0.859422 -0.104468 
0.650919 -0.735438 0.108052 
0.781450 -0.587403 0.108052 
0.391691 0.869856 0.108052 
0.073620 0.867397 -0.104468 
0.839077 -0.155889 -0.050210 
0.891550 0.435928 0.005702 
-0.928938 -0.249257 -0.094533 
0.753244 -0.394146 0.026176 
0.565490 0.636977 -0.051338 
0.796867 -0.307747 0.006386 
-0.331117 0.931301 0.050436 
-0.977954 0.128128 0.074190 
0.858665 0.497421 0.087501 
-0.558363 0.650347 -0.044336 
0.824567 -0.400069 0.108052 
-0.491569 -0.686761 -0.047704 
0.463944 -0.696866 -0.058253 
0.234301 0.865074 -0.104468 
0.482633 -0.692889 0.054655 
0.850885 -0.066037 -0.002336 
-0.693188 0.632758 0.108052 
0.254319 0.805716 0.050033 
0.973657 0.211023 -0.035263 
0.699104 0.554753 -0.104468 
0.040651 -0.844333 0.108052 
-0.712904 0.503768 -0.104468 
-0.843302 -0.520119 -0.036671 
0.855339 -0.105415 0.108052 
0.508213 -0.855255 -0.065605 
-0.848387 0.453543 0.108052 
-0.735581 -0.666149 -0.042809 
0.026983 -0.902782 -0.065716 
0.476966 -0.750357 -0.104468 
-0.962465 -0.133409 -0.088843 
-0.019020 -0.850884 0.005260 
-0.322091 -0.927970 0.108052 
0.008113 0.873536 -0.104468 
-0.780663 -0.348618 -0.028465 
0.246855 0.802643 -0.051338 
0.616254 0.742996 0.108052 
-0.759473 -0.346471 0.097150 
0.473713 0.743824 -0.104468 
0.535758 -0.740303 0.108052 
0.451807 0.881991 0.027435 
-0.786008 -0.595982 -0.016312 
-0.364350 0.758576 0.105901 
0.038312 -0.855949 -0.024203 
-0.161983 -0.933118 -0.095021 
0.314163 0.787558 0.108052 
0.896117 0.404444 -0.085386 
0.849961 -0.496282 -0.084126 
-0.915818 0.366880 -0.027695 
0.307313 -0.941851 -0.029270 
0.953089 -0.178529 -0.092894 
-0.936331 -0.309088 -0.017642 
-0.071016 0.905255 -0.061814 
-0.490124 -0.742244 -0.104468 
0.710776 -0.444489 -0.060428 
-0.323169 -0.788293 -0.045468 
-0.876852 -0.204597 -0.053757 
-0.330763 0.780122 0.020376 
-0.873444 0.286675 0.108052 
-0.689817 -0.481242 0.049486 
-0.671553 0.605611 -0.064348 
0.888137 -0.441675 0.054854 
0.847248 -0.408524 -0.095376 
0.720903 0.428391 -0.075507 
-0.664302 0.737698 -0.043568 
-0.133933 0.836283 0.108052 
-0.083875 -0.899839 -0.057424 
0.810052 -0.252789 -0.048867 
0.613480 -0.713870 -0.095813 
0.319670 -0.936910 0.067774 
-0.611935 0.595642 -0.016832 
-0.916256 0.218933 0.108052 
-0.261903 -0.802231 0.039541 
0.740123 -0.487555 0.108052 
0.445612 -0.734733 -0.030243 
-0.431480 -0.745799 0.108052 
-0.149253 0.872843 -0.104468 
0.574754 0.615037 0.073694 
-0.463189 0.698704 0.073326 
0.407164 -0.902147 0.107140 
-0.573971 0.614257 0.055807 
0.770380 0.380648 -0.019811 
0.851031 0.114060 -0.104468 
-0.943253 0.067153 -0.096484 
0.318335 0.817539 -0.104468 
0.002729 0.859952 0.108052 
0.948882 0.289560 0.047747 
-0.954402 0.149709 -0.091626 
0.752349 0.601765 -0.093789 
-0.701512 0.450398 -0.054896 
0.589327 -0.626093 -0.043940 
-0.149869 -0.976543 -0.003070 
0.965857 0.126057 0.108052 
-0.809902 0.271860 -0.025631 
-0.066774 -0.834023 0.085510 
0.668654 -0.736016 -0.035119 
0.664812 -0.510180 -0.079935 
-0.388534 -0.810896 -0.104468 
0.425590 0.814657 0.108052 
-0.597826 0.582556 0.089185 
-0.635868 -0.638298 -0.055509 
-0.887457 -0.056075 -0.104468 
-0.684705 0.647461 -0.094406 
0.565822 -0.791869 -0.088786 
-0.862029 -0.212635 -0.104468 
0.485670 -0.862921 0.015861 
0.427090 0.829919 -0.092623 
0.288234 0.947416 0.049818 
-0.744490 -0.514333 -0.066252 
-0.986169 -0.080328 -0.067824 
0.148308 0.877086 0.108052 
-0.545178 0.706670 -0.104468 
0.559253 0.752759 -0.094484 
-0.986173 0.003479 0.009773 
-0.806587 -0.410859 0.108052 
0.060102 0.988058 -0.020169 
0.622637 -0.610633 -0.104468 
0.533258 0.666628 -0.017826 
0.898144 0.044727 -0.104468 
-0.432669 0.888691 0.100841 
0.203974 -0.846933 0.108052 
0.469653 0.879921 -0.055673 
-0.945496 0.043888 0.108052 
-0.821791 0.546535 0.051130 
0.119921 -0.981708 0.036488 
0.810901 -0.570082 0.020177 
-0.609067 0.777332 0.103780 
0.745857 0.518008 -0.057425 
-0.668187 -0.725644 0.057253 
0.837340 -0.530745 -0.001803 
-0.535861 0.824656 0.108052 
0.748900 0.650630 0.082604 
0.631756 0.646964 -0.104468 
0.778537 0.614517 -0.008152 
0.923289 0.363178 -0.010364 
0.603992 0.581435 -0.100512 
-0.877399 -0.431235 -0.084949 
-0.642400 -0.562800 -0.044359 
-0.359909 -0.839197 0.108052 
-0.752088 0.647207 -0.041171 
0.349219 -0.773384 0.027052 
-0.394397 0.735931 -0.052199 
0.260551 -0.907716 0.108052 
-0.941764 0.292147 -0.012003 
-0.769281 0.590281 -0.090527 
-0.859017 0.282246 -0.065227 
0.105415 0.898289 -0.052473 
-0.190240 -0.847405 -0.104468 
-0.565632 -0.611655 -0.056703 
0.794875 -0.335708 -0.041600 
-0.320132 -0.838683 -0.104468 
-0.814695 -0.172671 -0.058538 
-0.516117 -0.659009 0.100584 
0.854832 -0.000592 -0.032652 
0.157268 -0.860098 -0.104468 
0.656421 0.743565 0.047889 
-0.735395 0.533778 -0.071565 
-0.831612 0.038709 -0.099038 
0.903181 -0.101181 0.108052 
-0.112862 -0.882131 -0.104468 
0.701463 -0.634147 0.108052 
-0.980197 0.129749 -0.034417 
0.721254 -0.688354 -0.044336 
0.025423 -0.988223 0.099964 
0.755029 0.484754 0.108052 
0.928289 -0.182459 0.108052 
0.930069 -0.356314 -0.062471 
0.768422 -0.396103 0.108052 
-0.443611 -0.715400 0.048352 
-0.581769 -0.661822 -0.104468 
-0.706234 0.689699 0.011749 
0.316177 0.877740 -0.092804 
-0.289605 -0.950351 -0.045603 
0.582960 0.801608 0.063537 
-0.859229 0.183254 -0.104468 
0.515151 0.777027 0.108052 
0.973919 -0.057292 -0.090566 
-0.787820 -0.391116 -0.104468 
-0.379954 -0.882264 0.108052 
-0.741575 0.421504 0.108052 
-0.414838 -0.898882 -0.035716 
0.687708 0.691491 0.108052 
0.683425 0.601059 -0.066642 
-0.179584 0.885861 -0.056066 
-0.638587 -0.692397 0.108052 
0.672106 0.736709 -0.060564 
0.057158 0.874041 0.108052 
0.733036 -0.593313 0.108052 
-0.756116 -0.391104 -0.045207 
0.443847 0.785225 -0.104468 
0.009366 0.847631 0.031600 
0.849900 -0.208064 0.108052 
0.603122 0.676154 -0.056106 
0.762522 0.459985 -0.104468 
-0.813805 -0.201093 -0.104468 
-0.498486 -0.751650 0.108052 
-0.857566 -0.005702 0.108052 
-0.788070 -0.281282 0.071576 
0.834400 -0.085018 -0.090020 
0.578763 0.804616 -0.024426 
0.743227 -0.461477 -0.104468 
0.922281 -0.364887 0.042686 
0.926330 0.059440 0.108052 
-0.053455 -0.893584 -0.104468 
-0.465852 -0.845659 0.108052 
-0.175603 -0.820269 0.071172 
0.110474 0.950725 0.108052 
-0.573340 -0.802994 0.033855 
-0.532485 0.839354 -0.046783 
-0.892399 -0.430743 -0.040808 
-0.197635 0.969098 0.069914 
0.847899 0.326172 0.108052 
-0.460612 0.748249 -0.104468 
-0.651164 -0.528007 0.064436 
-0.867625 -0.170304 0.108052 
0.794669 0.330041 0.108052 
-0.680015 -0.512029 -0.008387 
0.607436 -0.774939 0.108052 
-0.682399 -0.581236 0.108052 
0.296061 -0.789074 0.060341 
-0.844647 0.504268 0.108052 
-0.036498 -0.980166 0.108052 
-0.952022 -0.274350 -0.044089 
0.393613 0.749446 0.043343 
-0.607780 -0.657566 0.108052 
0.088129 -0.987736 -0.035840 
0.687091 0.512656 -0.046151 
-0.367784 0.917500 0.106370 
-0.743958 -0.619594 -0.092192 
0.222879 -0.818601 0.027809 
-0.504268 -0.687251 -0.104468 
-0.837882 -0.002383 0.066119 
-0.235595 0.836756 -0.104468 
-0.148599 0.952785 -0.093791 
-0.492973 -0.855509 0.026660 
-0.066813 0.993801 -0.051160 
0.882136 -0.326793 0.108052 
-0.398747 0.904061 0.006025 
0.834771 -0.448878 0.108052 
-0.699903 0.586848 0.108052 
0.844574 0.057911 0.051363 
0.807766 0.226943 -0.103222 
0.363238 0.754699 -0.057377 
-0.839933 0.107156 -0.046677 
0.904649 -0.087184 -0.062443 
0.938617 -0.001154 -0.094283 
0.643982 0.558457 0.016114 
-0.408803 0.769209 0.108052 
-0.728284 0.408250 -0.104468 
0.919793 -0.371498 -0.006684 
0.867696 -0.184329 -0.104468 
-0.286374 0.867612 0.108052 
0.496666 -0.804142 -0.094277 
0.346211 -0.764748 0.079030 
-0.812327 0.185722 0.092178 
-0.001706 -0.841291 0.061796 
-0.614271 -0.569594 0.067656 
-0.811782 0.268487 0.108052 
-0.751944 0.639204 0.057933 
-0.818317 -0.217667 0.016781 
-0.709482 0.458358 0.029106 
-0.983518 -0.070667 0.054878 
0.880116 0.457241 0.108052 
0.148487 0.824957 -0.104468 
0.412834 -0.747543 -0.001478 
-0.901624 -0.398748 0.037648 
-0.611372 -0.586100 -0.104468 
0.970190 -0.207132 0.068965 
-0.274610 -0.835050 0.108052 
-0.926114 -0.233759 0.108052 
0.860500 0.395176 0.108052 
0.392231 -0.908913 0.018487 
-0.809619 -0.563034 0.057415 
-0.334238 -0.934264 -0.059707 
-0.186484 0.814479 -0.059549 
-0.952335 -0.184238 -0.090382 
0.033850 -0.988608 -0.029012 
-0.437787 -0.713578 -0.050196 
-0.942300 0.290379 0.054399 
-0.463631 0.878347 -0.061361 
0.078730 -0.845287 0.021560 
-0.517023 0.678567 -0.010992 
-0.680486 -0.696829 -0.088731 
0.736548 0.423751 0.034675 
0.291654 0.785146 -0.069623 
0.807414 0.235767 0.083570 
-0.559006 -0.624706 0.065632 
-0.600953 -0.716002 -0.094053 
0.466555 0.848129 0.108052 
-0.708396 -0.482783 -0.042426 
0.986494 -0.104753 0.063627 
-0.526001 -0.668948 -0.003679 
-0.664412 -0.733627 -0.036089 
-0.587821 0.801165 -0.043783 
-0.532810 0.667016 0.108052 
-0.829862 -0.075142 0.090180 
-0.157022 -0.819716 -0.061916 
-0.983050 0.076392 0.065360 
0.426412 0.766365 0.108052 
0.084142 -0.902280 -0.062307 
0.224986 0.807286 0.088832 
-0.958844 -0.228633 0.052304 
0.221272 0.868458 0.108052 
-0.492834 0.845707 -0.085455 
0.059763 0.854798 -0.045624 
0.181130 0.919591 -0.095015 
0.845182 0.142563 -0.014543 
-0.594584 0.584738 -0.100486 
0.708559 0.693978 0.024670 
-0.943372 -0.170658 0.108052 
-0.962541 0.213748 0.030774 
0.402839 -0.809988 -0.051438 
0.678825 -0.599482 -0.092289 
-0.895466 0.179747 0.108052 
0.114527 -0.832777 0.102402 
0.151885 0.978226 0.008685 
-0.886162 0.130721 -0.104468 
0.148735 0.895798 -0.061178 
0.839246 -0.001324 -0.097798 
0.843798 0.004597 0.057758 
0.710434 -0.554518 -0.104468 
-0.457736 0.697750 -0.079003 
0.997991 0.025684 -0.056615 
-0.756501 -0.364016 0.056562 
-0.463693 -0.878098 -0.060866 
-0.446143 0.829377 0.108052 
-0.508928 -0.831745 0.108052 
-0.679343 -0.537111 0.108052 
-0.097226 -0.829148 -0.074539 
-0.685666 -0.472563 -0.085790 
0.823313 -0.177847 -0.104468 
-0.466855 0.730463 0.108052 
0.830040 0.206036 -0.030423 
0.677408 -0.523162 -0.006701 
0.753616 0.647994 -0.070890 
0.173643 -0.976143 -0.039014 
-0.901842 -0.356720 -0.090710 
0.775532 -0.418485 -0.104468 
-0.926860 0.336865 0.080011 
0.639047 -0.765400 -0.057935 
-0.101364 0.950597 0.108052 
0.585721 -0.606436 0.103742 
0.549865 0.656188 -0.104468 
-0.272512 -0.938296 0.108052 
-0.707659 -0.687207 -0.005834 
-0.779585 0.327875 -0.104468 
-0.037261 -0.879723 0.108052 
-0.803756 0.572187 -0.014888 
0.715604 0.476423 -0.023025 
-0.936005 -0.285753 0.108052 
0.768604 -0.629564 0.019387 
0.629817 -0.552727 -0.080646 
-0.364268 0.867178 -0.095755 
0.311183 0.940455 0.103502 
-0.059231 0.850729 -0.014607 
0.788255 0.602655 0.065597 
0.435637 -0.792938 -0.099438 
0.291104 0.836989 0.108052 
-0.102551 -0.842236 0.016694 
0.430670 0.896047 -0.035591 
-0.707537 0.688017 -0.075674 
-0.246290 -0.797167 -0.059668 
0.934291 0.263224 -0.093944 
-0.118328 0.982211 0.042256 
0.310592 -0.864367 0.108052 
0.004750 0.991648 -0.032500 
0.499483 0.676135 -0.104468 
0.969136 -0.237313 -0.054056 
0.908501 -0.031773 -0.060556 
0.690455 -0.707242 0.108052 
-0.511633 0.747849 0.108052 
-0.618056 0.776721 -0.063403 
-0.822014 0.387278 0.108052 
0.765570 0.351569 0.076043 
-0.812894 0.211128 -0.048961 
-0.491467 0.809177 0.108052 
-0.850650 -0.082501 -0.028976 
0.285788 0.948158 0.005196 
-0.054407 0.945992 -0.096192 
0.921002 0.173230 -0.093215 
-0.854761 -0.290352 -0.059918 
-0.884886 0.189788 -0.069272 
-0.956281 0.240595 -0.023507 
-0.925185 -0.356738 -0.042156 
0.988796 0.044032 0.108052 
0.919197 0.374052 0.092644 
-0.813001 0.512475 -0.094225 
-0.922871 -0.118001 -0.093025 
-0.483134 0.762789 -0.054819 
-0.978659 -0.007315 -0.083759 
-0.201333 -0.948767 -0.090984 
0.780494 0.408218 -0.104468 
0.336724 -0.765810 -0.055347 
-0.815174 -0.555283 0.002604 
-0.069596 -0.940802 0.108052 
0.777083 -0.314672 -0.103311 
-0.737636 0.413169 -0.047304 
0.984127 0.106469 -0.077634 
0.239716 -0.959793 0.063437 
-0.779259 0.315765 0.049093 
0.561873 -0.738776 -0.088289 
0.876515 0.464389 0.065723 
-0.158513 -0.875435 -0.104468 
0.000852 -0.987695 -0.075493 
0.322534 -0.802972 -0.104468 
0.971607 0.202023 0.059523 
0.520930 0.843032 -0.002047 
-0.816850 -0.257735 -0.039801 
0.422468 0.896183 0.061884 
0.010110 -0.878678 0.108052 
0.866775 0.434768 -0.092985 
0.781451 -0.306796 0.088301 
-0.722431 0.513057 0.108052 
0.431680 0.740311 -0.104468 
-0.973411 -0.155280 -0.001111 
-0.221332 0.824891 -0.009058 
0.282865 -0.791047 0.100604 
-0.856138 -0.489693 0.026366 
-0.431480 -0.840784 -0.097249 
0.130757 -0.836048 0.035175 
0.873298 0.245736 -0.103991 
0.872089 -0.248577 -0.062743 
-0.239161 -0.875244 -0.067367 
0.747433 -0.570399 -0.092734 
0.827270 -0.205629 0.006839 
0.889395 0.097193 -0.104468 
0.549283 0.825402 0.056181 
0.171622 -0.936869 -0.097081 
0.271489 -0.811332 -0.034696 
-0.048040 -0.987276 -0.003594 
-0.258242 0.836674 0.108052 
0.853729 -0.504388 0.078144 
0.405588 0.754294 -0.010964 
0.603894 -0.792459 -0.057186 
-0.753559 0.494225 -0.102492 
0.630993 0.764534 0.022246 
0.510731 0.730360 0.108052 
0.575383 -0.666177 -0.104468 
0.815272 -0.396647 -0.053799 
-0.981761 0.089473 -0.024102 
0.745401 0.559064 -0.091402 
-0.787502 -0.269955 -0.096591 
-0.687390 0.471050 -0.103170 
-0.923142 0.350242 -0.072062 
0.977346 0.170779 -0.025960 
-0.216971 0.841743 0.108052 
0.883088 -0.451122 0.014811 
-0.773032 -0.309165 -0.102920 
-0.578857 -0.753323 0.108052 
0.810358 -0.570840 0.065740 
0.953396 0.274680 -0.008870 
0.152772 -0.977109 0.065361 
-0.219471 -0.824974 -0.011931 
-0.671487 0.595681 -0.104468 
0.812467 0.568867 0.078558 
0.814865 -0.556620 -0.080087 
0.991258 0.041573 0.063599 
0.686257 0.715620 0.058678 
-0.126178 0.840005 0.017174 
-0.903026 0.235342 -0.092361 
-0.365886 -0.851935 -0.090811 
-0.850213 0.054981 -0.013953 
-0.967641 -0.130246 0.108052 
0.320401 0.787578 0.014232 
-0.935610 -0.311466 0.065334 
-0.444877 0.716945 0.041412 
0.219294 0.965524 0.061667 
-0.499211 0.676924 0.056196 
0.212163 -0.878580 -0.088059 
0.641427 -0.546823 0.067985 
0.761918 -0.639049 -0.031021 
0.808853 -0.296963 -0.032943 
-0.853436 0.468373 -0.088591 
-0.808454 0.397706 -0.058076 
-0.113432 0.931895 -0.095260 
0.835159 0.315745 -0.104468 
0.567403 -0.811786 0.067813 
0.634005 0.763891 -0.068162 
0.240258 0.965853 -0.058086 
0.902262 0.412288 0.052030 
0.752534 -0.529558 -0.082301 
-0.888122 0.017423 -0.104468 
0.015708 0.963083 0.108052 
0.806484 0.477694 -0.093902 
-0.543038 0.825347 0.024810 
-0.280787 -0.827979 -0.104468 
-0.771538 0.344130 0.108052 
-0.637864 -0.752729 0.054582 
0.887676 -0.412844 -0.088781 
0.282511 -0.826696 -0.104468 
-0.894393 -0.414708 0.103414 
-0.648369 0.540095 0.038482 
0.874856 0.467493 -0.013741 
-0.755444 -0.633969 -0.017578 
-0.883663 0.439168 0.000999 
-0.402341 0.760527 -0.104468 
0.085431 -0.831784 -0.051116 
0.941837 0.322167 -0.035031 
-0.402203 0.909237 -0.049307 
-0.202005 -0.879512 -0.051524 
0.105498 -0.880096 -0.104468 
-0.281558 0.923840 -0.093887 
-0.794248 -0.467782 -0.089843 
0.702134 -0.567039 0.108052 
-0.588649 -0.792024 -0.007861 
-0.145367 -0.894984 0.108052 
0.785332 0.558640 0.108052 
-0.060600 0.987834 0.001980 
0.843010 0.066719 0.105383 
-0.513967 0.843424 -0.001892 
0.003633 0.836612 -0.053292 
0.627708 -0.607716 0.108052 
0.647357 0.691149 -0.096790 
-0.319937 0.838737 -0.104468 
0.024444 0.903839 -0.060966 
-0.833034 -0.306536 -0.104468 
0.846700 -0.110707 0.008906 
0.379195 0.915589 -0.006789 
-0.388103 -0.907914 0.078039 
0.875491 -0.372581 0.108052 
-0.203289 0.974325 -0.052637 
0.746188 0.391871 -0.050020 
0.448653 -0.882707 0.004051 
0.777645 -0.338451 0.039351 
0.626287 -0.654563 -0.052794 
-0.807818 0.256098 0.011330 
0.835950 0.401509 -0.088294 
0.653863 -0.677349 -0.093382 
-0.041554 0.848159 -0.050562 
-0.568942 -0.626518 0.019616 
-0.144167 0.919500 0.108052 
-0.594312 0.604279 0.018112 
0.337671 -0.838876 -0.092125 
-0.381788 -0.816969 -0.055587 
0.556150 -0.653134 -0.037380 
-0.241754 0.799647 -0.090805 
-0.747950 -0.394458 -0.104468 
0.803353 0.289872 0.010243 
0.239345 -0.959879 0.006563 
-0.823725 -0.181064 0.031917 
0.367371 -0.905802 0.108052 
0.495719 -0.760247 -0.061177 
0.766584 0.341891 -0.104468 
-0.727056 -0.568599 -0.090218 
0.158153 -0.942799 0.108052 
0.819796 0.196925 0.101453 
-0.220039 0.912401 0.108052 
0.517105 0.846229 -0.069498 
-0.405342 0.740781 0.039503 
-0.793207 -0.295536 0.018134 
-0.571475 0.734740 -0.092464 
-0.075029 0.907980 0.108052 
0.646724 -0.734659 -0.088624 
-0.321730 -0.780667 0.108052 
-0.916250 0.315476 -0.090251 
0.900207 -0.003837 -0.104468 
0.122101 0.912483 0.108052 
0.832523 0.539461 -0.019658 
0.599287 0.789909 0.006368 
0.013183 -0.835301 -0.083492 
-0.158670 0.827333 0.057566 
0.784703 0.513086 -0.094537 
-0.984277 0.061375 0.102134 
-0.134677 0.980276 -0.027474 
0.907988 -0.398679 0.090757 
0.606590 0.784562 0.107411 
-0.834635 -0.038949 -0.104468 
0.375360 0.874941 -0.097107 
0.433442 -0.895928 -0.054476 
-0.034626 0.847386 0.024524 
-0.825887 0.131729 0.100308 
0.108471 -0.982836 0.074393 
0.850907 0.065283 -0.001861 
0.923718 0.221828 0.108052 
0.802710 0.494820 0.108052 
0.183821 -0.815805 -0.054652 
0.344358 0.894137 0.108052 
0.499439 0.778917 -0.088083 
-0.203604 -0.966736 0.033678 
-0.210908 -0.965033 -0.022751 
-0.863498 -0.347690 -0.091890 
0.424706 -0.838679 -0.094885 
0.835234 0.078236 -0.072145 
0.712210 -0.524438 0.108052 
0.633676 -0.574953 -0.006344 
-0.845339 0.508666 -0.021884 
-0.230561 -0.902765 0.108052 
0.155928 0.977558 0.087192 
-0.801998 -0.294964 -0.026076 
-0.274467 0.860339 -0.082920 
-0.279374 0.787126 -0.060142 
0.665230 0.538245 -0.018765 
0.275927 0.951389 -0.073735 
-0.027357 0.988923 0.098803 
-0.846733 -0.055607 0.004162 
-0.251988 -0.922887 -0.096598 
-0.787601 0.288659 -0.104468 
0.515013 -0.660208 -0.100862 
-0.844258 0.510405 0.032966 
0.900311 0.128687 -0.060595 
-0.760884 -0.563672 0.108052 
-0.854123 -0.026630 -0.029576 
0.837209 -0.069508 0.087983 
0.382041 0.832022 0.108052 
-0.990708 0.006518 -0.038842 
0.831696 -0.151968 0.057692 
-0.767192 0.587811 0.108052 
-0.145719 -0.852880 0.108052 
0.712181 -0.689141 0.026232 
0.746295 -0.449081 0.108052 
-0.397567 -0.773001 -0.104468 
-0.620314 0.654822 -0.094807 
-0.364918 0.799584 -0.104468 
-0.916049 0.365589 0.025412 
0.023264 0.991233 -0.071566 
-0.717252 -0.528383 -0.104468 
-0.281124 -0.946682 0.026790 
-0.688384 0.501504 -0.006474 
-0.360318 -0.752021 -0.104137 
-0.187397 0.865465 -0.104468 
0.967911 -0.027904 0.108052 
-0.840878 0.095379 0.017399 
-0.324945 -0.932654 0.033778 
0.617916 0.595418 -0.014635 
0.156937 0.830414 -0.051338 
-0.340834 -0.761484 -0.067234 
-0.658233 0.740617 0.003868 
-0.880007 0.080598 -0.104468 
0.577123 -0.612965 -0.104468 
0.528878 -0.837120 -0.010826 
-0.575232 0.624877 -0.104468 
0.700378 0.711575 -0.049655 
0.840510 -0.218936 -0.104468 
0.622287 -0.575532 0.037367 
-0.828073 0.365595 -0.067287 
0.398327 0.907121 0.099973 
-0.371606 -0.749787 0.099411 
-0.769573 0.365230 -0.104468 
0.502312 -0.673083 0.081355 
0.987628 0.094209 0.053304 
0.855038 -0.331459 -0.078597 
-0.310049 0.790887 0.108052 
0.647742 -0.749819 0.023482 
0.719472 -0.673652 0.108052 
-0.594899 0.640410 0.108052 
0.810815 0.283695 0.108052 
-0.389932 -0.752392 0.016627 
0.539518 0.656659 0.028904 
0.946092 0.144180 -0.096031 
-0.762056 0.502401 0.108052 
-0.859499 -0.472969 -0.081480 
-0.642911 0.749081 -0.074619 
0.785948 -0.614820 -0.048794 
-0.821190 -0.369957 -0.094986 
-0.460634 -0.791646 -0.082384 
0.378464 -0.861897 -0.093311 
-0.297698 -0.890511 -0.093259 
-0.835498 0.333063 -0.104468 
0.035652 -0.949379 -0.095551 
-0.393274 -0.761511 -0.043598 
0.821857 0.172911 -0.104468 
0.285035 0.792296 0.068417 
-0.542515 -0.734376 0.108052 
-0.933639 0.178679 0.108052 
-0.631640 0.568920 0.002010 
-0.702888 -0.447110 -0.063146 
0.571790 -0.641704 0.108052 
-0.667965 -0.500774 0.085188 
-0.509151 0.660799 -0.103056 
-0.900411 -0.352952 0.108052 
0.799706 0.427412 -0.059781 
0.393525 -0.759516 -0.104468 
0.770708 -0.385175 -0.035361 
-0.561316 0.818006 -0.065256 
-0.825091 -0.112705 -0.085175 
0.072462 0.836143 0.079702 
0.501811 0.678202 0.103594 
0.223510 0.964541 -0.014444 
0.822501 -0.285043 0.108052 
0.317446 0.938554 0.025707 
0.022174 0.989300 0.020153 
-0.657172 0.512772 -0.054067 
-0.036921 -0.834227 -0.072238 
0.584884 0.718651 -0.089353 
0.157265 0.984286 -0.048490 
0.578318 0.743872 0.108052 
-0.155766 -0.969390 -0.081624 
-0.789046 -0.434137 -0.058550 
0.207792 0.831520 -0.104468 
0.461721 -0.738030 0.108052 
0.977581 -0.168379 0.035872 
-0.453019 0.877958 0.015437 
0.770484 -0.624513 0.085736 
0.490309 0.697318 0.014026 
0.789467 0.308999 0.043448 
-0.701109 -0.456065 0.075382 
-0.733007 -0.660144 0.095985 
0.928480 0.097210 0.108052 
-0.967480 0.192177 0.064474 
0.833492 0.537902 0.062517 
0.281327 -0.886394 -0.091678 
0.201918 -0.811822 0.090815 
-0.781891 -0.329693 0.004178 
-0.772467 -0.311390 0.092233 
0.689049 0.526677 0.108052 
0.824266 0.212291 0.026589 
0.790253 0.281687 -0.074040 
-0.376347 0.760500 0.016314 
-0.945167 0.263460 -0.080345 
-0.553246 -0.821822 -0.036793 
-0.836648 -0.085596 0.047662 
-0.348275 0.903171 -0.091905 
-0.713580 0.541282 -0.104468 
-0.889854 0.425333 -0.073656 
0.838305 0.028628 -0.069957 
0.456256 0.730484 -0.037008 
0.586397 0.614404 0.031349 
0.703689 0.456696 -0.094880 
-0.953553 0.251459 0.108052 
0.842650 -0.259240 -0.104468 
-0.829360 0.534363 0.090548 
-0.226972 0.910549 -0.094917 
-0.661415 0.734974 0.063152 
0.398913 0.736841 -0.086258 
0.751914 -0.376651 -0.104468 
0.503028 -0.694862 -0.046785 
-0.233331 0.806401 0.072076 
0.937559 0.155189 0.108052 
0.187896 0.972280 0.016813 
0.298635 0.854678 -0.053701 
-0.034881 -0.951522 -0.096048 
-0.008749 0.954650 -0.094865 
0.733132 -0.406810 -0.065827 
-0.268231 0.814830 -0.031259 
-0.840628 -0.150556 -0.025273 
-0.823187 0.126574 -0.073788 
-0.800768 -0.550774 -0.089776 
0.640800 -0.559630 0.108052 
0.933322 -0.335552 0.081503 
-0.739356 -0.431630 0.108052 
0.163233 0.833407 0.024639 
0.945994 -0.316289 -0.043430 
-0.782750 -0.513398 -0.093632 
-0.027548 0.884211 -0.104468 
-0.478913 -0.689145 0.063119 
0.978816 0.036014 -0.086759 
0.869228 0.167535 -0.104468 
0.720177 0.497579 0.108052 
0.140727 0.828865 0.072593 
-0.789408 0.474963 0.108052 
-0.218471 -0.814853 0.044727 
0.454210 0.710451 -0.104468 
0.522394 -0.670811 0.013233 
-0.696163 -0.699442 0.040212 
-0.599585 -0.783866 -0.074361 
0.361208 0.926067 -0.037788 
0.832936 -0.192604 -0.027315 
-0.088323 0.985166 0.063674 
0.806201 -0.480171 0.108052 
0.538489 -0.816752 -0.088032 
0.901930 0.169067 0.108052 
-0.827502 0.215451 0.108052 
0.304803 -0.793829 0.017019 
0.361440 0.789384 -0.104468 
-0.406674 0.835787 -0.092006 
-0.671658 -0.509893 0.034924 
0.592287 -0.604286 0.047020 
-0.778899 0.453155 -0.082178 
-0.700064 0.483765 0.108052 
0.893637 -0.430352 -0.019722 
-0.427986 -0.889843 0.072034 
0.737314 -0.432684 0.002798 
-0.606464 -0.778497 0.069034 
-0.831766 0.168408 0.005473 
-0.079283 -0.985087 0.072396 
0.903656 0.335534 -0.092976 
-0.600043 0.709812 -0.092732 
-0.966532 -0.048343 0.108052 
-0.612452 -0.588923 0.001891 
0.738960 0.403453 0.077982 
-0.964026 0.130934 0.108052 
-0.801359 -0.234362 0.097587 
-0.816822 0.211937 0.033504 
-0.110831 -0.911922 -0.083142 
0.054812 -0.987261 0.072859 
0.870202 -0.487541 -0.054334 
0.853868 -0.504165 -0.020894 
-0.298072 -0.900275 0.108052 
0.188318 0.898518 0.108052 
0.280108 -0.948911 0.074114 
-0.758439 0.345364 -0.075829 
0.798229 0.327810 -0.040415 
-0.902982 -0.283039 -0.096683 
0.992140 -0.060174 -0.031485 
0.028414 0.903703 -0.100783 
0.900135 0.323569 0.108052 
-0.908320 -0.054826 0.108052 
0.456014 -0.706040 0.075929 
-0.004432 -0.902812 -0.104468 
-0.163976 0.975184 0.046817 
-0.086058 0.831319 -0.095418 
0.143712 -0.841142 -0.002589 
0.873298 -0.018945 0.108052 
-0.680401 0.556012 0.108052 
-0.775205 0.610861 0.013778 
0.414758 -0.773349 0.108052 
-0.178709 -0.815494 -0.091082 
0.778788 -0.351087 -0.104468 
0.670705 -0.509989 0.068832 
-0.954443 0.248480 0.056568 
0.804874 0.410631 0.108052 
0.398958 -0.912609 -0.051801 
0.765927 0.629882 0.056456 
-0.072816 -0.872055 0.108052 
0.840141 -0.364104 0.108052 
-0.833985 -0.039614 0.098342 
0.992133 -0.023842 -0.027786 
0.240206 0.837463 0.108052 
-0.434870 -0.729528 0.007361 
0.722218 0.668026 -0.083153 
0.781062 0.611440 0.027932 
-0.536008 -0.669643 -0.104468 
-0.008256 0.838604 0.080852 
-0.767636 0.546653 0.108052 
0.524173 -0.811987 0.108052 
-0.397712 -0.784278 0.108052 
-0.682220 -0.618474 0.108052 
0.684784 -0.485252 -0.050908 
0.498154 0.857195 0.092910 
-0.075583 0.869695 -0.104468 
-0.496790 -0.853135 -0.016431 
0.227207 -0.874646 0.108052 
-0.013989 0.989360 0.048751 
0.301188 0.784601 -0.104468 
0.943442 0.040681 -0.096066 
0.616633 -0.602602 -0.041405 
-0.266750 0.955381 -0.066941 
-0.741845 0.386366 0.099877 
0.991877 -0.021711 0.013893 
0.207319 0.826731 0.008476 
-0.324923 0.785531 -0.050887 
0.445359 0.730602 0.108052 
-0.315057 -0.772161 -0.091404 
-0.838132 -0.519288 0.061625 
0.480624 0.695766 0.052409 
0.207702 -0.934180 -0.096882 
-0.912605 0.100321 0.108052 
0.891055 0.440009 -0.030655 
-0.664043 0.676808 -0.096282 
0.979531 0.157542 0.097480 
-0.644581 0.571907 -0.104468 
-0.597067 0.676657 -0.054638 
0.619785 0.564473 -0.056377 
-0.401478 0.902824 0.090083 
0.349388 -0.925837 0.040993 
0.084417 -0.983033 -0.077214 
-0.956114 -0.240344 0.089533 
0.991064 0.047511 -0.022981 
0.893568 -0.153119 -0.057990 
0.098164 0.846010 0.009311 
0.831523 -0.130502 0.099040 
-0.566934 -0.807584 0.090365 
-0.327363 0.935752 -0.032666 
0.680975 -0.598390 -0.056634 
-0.828196 -0.212513 -0.031181 
0.930478 0.296282 0.108052 
-0.232941 0.959276 0.108052 
-0.664850 0.509053 0.073461 
-0.886214 0.433730 0.101592 
0.057762 0.988135 0.076607 
0.474303 -0.868997 0.049145 
-0.127312 0.986300 -0.061852 
-0.408700 -0.851811 0.108052 
0.695262 -0.467863 -0.082457 
-0.181933 0.836931 -0.032248 
-0.734497 0.612088 -0.095735 
-0.906025 0.390006 0.104680 
-0.877204 -0.450281 -0.011273 
-0.406408 0.829399 0.108052 
0.346888 0.801570 0.108052 
0.872521 0.113125 0.108052 
0.635509 -0.759858 0.059865 
0.672076 0.655249 -0.094853 
0.413772 -0.732347 0.071844 
-0.045748 0.836714 0.097289 
-0.160262 0.970206 0.108052 
0.036713 -0.872981 -0.104468 
0.548309 -0.721968 -0.060170 
-0.507774 0.786853 -0.095510 
-0.452738 0.722905 -0.009652 
0.757625 0.639998 -0.021025 
0.953136 -0.274565 0.072668 
-0.344930 0.848032 0.108052 
0.987769 0.092770 0.003008 
0.929132 -0.147189 0.108052 
0.568393 -0.614980 -0.070048 
-0.055355 -0.990548 -0.037911 
-0.648565 -0.599509 0.108052 
0.859287 -0.288912 -0.091825 
-0.902059 0.399276 -0.027376 
0.554069 0.635018 0.101387 
-0.832016 -0.026429 -0.064698 
0.770209 -0.523603 0.108052 
0.463911 -0.880038 -0.063893 
0.119378 -0.946553 -0.096279 
-0.641646 0.538289 0.072911 
-0.739643 0.564382 -0.091077 
0.269916 0.863793 -0.097627 
-0.871785 0.475548 -0.053875 
0.698582 0.566596 0.108052 
0.876265 -0.380352 -0.095526 
-0.630570 -0.758715 0.008805 
-0.415067 -0.722990 -0.090862 
-0.588685 0.792968 0.080008 
-0.495573 0.749605 -0.104468 
-0.825328 0.214411 -0.104468 
0.850109 0.213017 0.108052 
-0.734554 -0.446017 -0.104468 
0.648766 -0.635582 0.108052 
-0.440638 0.799024 -0.079136 
0.812845 0.207042 -0.071070 
0.968002 0.217486 -0.001431 
0.908934 -0.189692 -0.088835 
0.837920 0.112866 0.057394 
0.830644 0.364363 -0.074466 
0.369744 0.919146 0.026563 
0.398308 0.900441 -0.080693 
0.787671 -0.334815 0.108052 
0.504868 -0.854276 -0.030943 
0.634896 -0.704513 0.108052 
0.020540 0.850375 -0.001254 
0.379652 0.750346 0.075196 
0.086586 -0.852711 0.108052 
-0.463324 0.872451 -0.019584 
-0.983425 0.072582 0.018741 
0.332090 0.769162 -0.051338 
0.987892 -0.090555 0.011274 
-0.935683 -0.311224 0.030586 
-0.836844 -0.127994 0.015384 
0.004186 -0.942618 0.108052 
-0.902134 0.153624 -0.083125 
-0.739875 -0.392301 0.067837 
-0.666703 -0.729896 -0.070494 
0.711873 -0.685277 -0.077559 
-0.232162 0.961047 0.018050 
-0.781704 -0.589931 -0.083464 
0.466144 0.860972 -0.088458 
0.653305 0.704898 0.108052 
-0.353835 -0.914209 0.108052 
0.633848 0.561395 -0.104468 
-0.471441 -0.701023 0.031517 
0.779862 -0.613590 -0.013112 
-0.611881 -0.565190 -0.068107 
-0.805374 0.244839 -0.048432 
0.235088 -0.830719 0.108052 
0.982283 -0.139902 0.103642 
0.620145 0.614465 -0.104468 
-0.767217 0.349194 0.039597 
-0.738880 -0.597552 0.108052 
0.090429 0.899830 -0.091817 
0.810621 -0.570473 0.101006 
0.312123 -0.939199 0.107382 
-0.686265 0.711192 0.063485 
-0.495190 -0.693516 -0.009261 
-0.990595 0.067987 -0.049413 
0.087410 0.991138 -0.043291 
0.742956 0.445948 0.108052 
0.872398 0.036664 0.108052 
-0.130265 -0.979780 0.024940 
-0.342216 0.779299 -0.014594 
0.773698 0.351512 0.033769 
0.467367 0.873675 0.073228 
-0.221385 -0.863435 0.108052 
0.666099 0.511897 0.086166 
0.809695 -0.251496 0.041302 
0.084392 0.832179 -0.058065 
-0.965247 -0.201174 -0.001375 
0.812817 -0.210363 0.088574 
0.351122 0.774248 0.021105 
0.043700 0.987324 0.108052 
-0.002906 0.836412 -0.086976 
-0.768390 -0.320370 -0.070990 
-0.066719 -0.850042 -0.003192 
0.883289 0.205140 -0.071087 
0.805499 0.259631 0.052153 
-0.428317 -0.893196 -0.068303 
0.778313 0.312673 -0.066265 
0.017400 -0.988486 0.051863 
0.781556 -0.461760 -0.059034 
-0.833562 0.117982 0.041832 
0.777918 -0.547210 -0.096562 
-0.718750 0.421345 -0.074525 
0.868241 -0.179392 0.108052 
0.953604 -0.273024 0.013907 
-0.825128 -0.408726 -0.088744 
-0.972627 -0.186254 -0.063137 
0.148216 0.861941 -0.104468 
0.855768 0.502080 0.053106 
0.938805 0.321955 0.045809 
0.619138 -0.773294 0.025466 
0.817828 0.245665 -0.013263 
-0.812024 -0.490733 0.108052 
-0.688297 0.563950 -0.104468 
-0.658450 0.581904 0.108052 
0.364350 0.829244 -0.068842 
0.828137 0.134236 -0.088404 
0.315150 -0.938281 0.034196 
0.399060 -0.824516 0.108052 
-0.619818 0.768508 0.030074 
0.787903 -0.602181 0.024330 
0.615327 -0.577582 -0.104468 
0.309678 0.865270 0.108052 
-0.644977 -0.582186 -0.104468 
-0.640072 0.756398 -0.029180 
0.104102 -0.966188 0.108052 
-0.846245 -0.414096 0.108052 
-0.760969 0.416870 -0.104468 
-0.263303 -0.795170 0.100143 
-0.610912 -0.662870 -0.057969 
0.146228 -0.891734 -0.100276 
-0.845343 0.083055 0.108052 
0.992314 0.009344 0.027098 
0.448507 0.883755 -0.009728 
-0.713363 0.663406 0.108052 
-0.521253 0.791712 0.108052 
0.065924 -0.850154 -0.104468 
-0.099656 -0.849857 -0.021670 
-0.552401 0.624943 -0.065576 
0.985783 -0.139728 -0.067033 
0.406640 0.805993 -0.104468 
0.426516 0.720925 -0.075544 
0.853336 0.088849 -0.025676 
-0.894413 -0.103945 -0.104005 
0.232246 -0.967726 -0.058997 
0.438267 -0.712983 -0.084637 
-0.852385 -0.496366 -0.014763 
-0.806000 -0.327755 0.108052 
0.883779 0.450799 0.034718 
-0.130525 -0.979737 0.101081 
-0.861414 0.116943 0.108052 
-0.627517 0.685970 0.108052 
0.258171 0.956460 0.061433 
-0.202692 -0.966949 0.102000 
-0.260742 0.895879 -0.093017 
-0.562907 -0.813023 -0.070429 
-0.843992 0.259070 0.108052 
-0.214778 -0.969306 -0.058307 
0.044717 -0.887302 0.108052 
-0.719531 0.676231 -0.027920 
0.666597 0.644971 0.108052 
-0.967706 0.195693 -0.029856 
-0.100741 0.983943 0.107310 
-0.617123 -0.647809 -0.104468 
0.553654 -0.821639 0.038842 
-0.331664 0.797567 -0.104468 
-0.850579 0.027472 0.108052 
-0.964485 -0.090157 -0.091118 
-0.625701 0.564050 -0.048486 
-0.984707 -0.098084 -0.039716 
0.963445 -0.236062 0.004869 
0.980732 0.183571 -0.056460 
-0.885433 -0.434482 0.056011 
-0.243308 -0.823051 -0.039085 
-0.258442 0.954532 0.084095 
-0.614856 -0.726528 0.108052 
0.561705 0.813710 -0.076948 
-0.590666 -0.790578 0.106219 
0.893731 0.291034 0.108052 
-0.552567 -0.669888 0.108052 
0.221029 -0.943140 0.108052 
0.179687 -0.972666 -0.006633 
0.968825 -0.076649 0.108052 
-0.173647 -0.972618 0.076305 
-0.918436 -0.358277 0.048992 
-0.127001 0.844588 -0.027513 
-0.837052 -0.145637 0.108052 
-0.844547 -0.196739 0.108052 
-0.364464 -0.776122 -0.035769 
0.610252 -0.678979 -0.070841 
-0.434865 0.738921 -0.032416 
-0.735480 -0.390685 -0.072044 
-0.900834 0.002821 -0.077307 
0.954036 0.285734 -0.041165 
0.244840 0.903194 -0.094605 
0.509136 0.749190 -0.098717 
-0.289322 0.942306 0.108052 
-0.129076 -0.985014 -0.042473 
-0.516494 -0.739240 -0.070500 
0.633487 0.558939 0.058276 
0.812000 0.579589 -0.044249 
-0.760660 -0.471865 -0.104468 
-0.175481 -0.885599 -0.072442 
-0.790484 0.285177 0.053980 
-0.478517 0.864330 0.076247 
-0.565324 -0.783583 -0.093194 
0.062800 0.836335 -0.104468 
-0.885982 -0.220543 -0.081029 
0.949465 -0.264911 0.108052 
0.992215 0.012340 0.097478 
-0.837291 0.081428 0.047176 
0.986692 0.137234 -0.034798 
-0.765666 -0.621514 0.030662 
0.845464 0.075888 -0.104468 
0.310608 -0.776628 -0.071992 
-0.840462 0.396767 -0.092492 
-0.155045 -0.838133 -0.003646 
0.964226 0.233682 0.055257 
0.593759 -0.674920 0.108052 
-0.466383 -0.869846 0.071600 
-0.812425 0.183878 -0.067126 
0.359383 -0.789818 -0.104468 
0.698255 0.474127 0.064872 
-0.785002 0.598357 0.070395 
0.790291 0.444158 -0.097434 
-0.546022 0.778910 -0.095438 
0.825707 0.162882 0.079732 
-0.077288 0.923579 -0.089653 
0.899130 -0.119666 -0.101579 
-0.542602 -0.650870 0.017883 
-0.728845 -0.436442 -0.045787 
0.803375 -0.419917 -0.074845 
-0.869133 -0.465382 0.059845 
0.150203 0.978504 0.041290 
-0.801278 0.362081 0.108052 
0.386111 -0.747425 0.102091 
-0.849391 0.086289 -0.023470 
-0.515435 0.842511 0.089966 
0.372357 0.750134 -0.101900 
0.777219 -0.455811 -0.104468 
-0.405217 0.901130 0.046635 
0.649368 0.546369 -0.051338 
-0.799619 -0.267680 0.033684 
-0.519478 -0.657652 0.068248 
-0.224182 0.872403 -0.104468 
-0.181593 -0.822743 0.107527 
-0.545193 -0.661636 -0.043335 
-0.975480 0.143716 0.002284 
-0.712131 -0.613095 -0.093711 
-0.759538 0.629950 -0.014650 
0.980401 0.152273 0.017922 
0.303373 -0.945537 -0.065290 
-0.980798 0.099256 0.097492 
-0.834375 0.417300 0.108052 
-0.866706 0.305832 -0.086170 
-0.799384 0.302512 -0.026298 
-0.286529 0.791188 0.060641 
-0.347317 -0.924233 0.011915 
0.986267 -0.107053 -0.026639 
0.685176 -0.715663 0.047741 
-0.442585 -0.870578 -0.086518 
-0.855183 -0.067937 -0.104468 
0.560987 -0.686447 0.108052 
-0.024701 -0.834664 -0.102164 
-0.856024 0.142391 -0.104468 
0.005446 0.920982 -0.085236 
0.812900 -0.339938 -0.104468 
0.233358 -0.819709 -0.002724 
-0.790585 -0.282068 0.105816 
-0.541262 -0.815943 0.108052 
0.452409 -0.833662 0.108052 
-0.376925 0.821942 -0.059349 
0.198062 -0.882016 -0.058254 
-0.299176 0.911311 0.108052 
-0.847719 -0.510555 -0.067165 
-0.890925 -0.158568 -0.069475 
-0.966300 0.037224 -0.091644 
0.706469 -0.567436 -0.075193 
-0.591488 -0.613591 -0.011710 
-0.787208 0.271807 -0.066491 
0.898201 0.262816 -0.092728 
-0.985019 -0.037729 0.040363 
-0.510025 -0.799564 0.108052 
-0.090303 -0.989698 -0.054907 
0.120060 -0.984410 -0.038070 
0.690868 -0.719202 -0.051221 
0.932940 -0.336568 0.021135 
-0.275654 0.788364 -0.101315 
-0.799275 -0.588584 -0.049646 
0.082522 -0.940729 0.108052 
-0.807847 -0.445129 0.108052 
0.249053 0.939629 -0.091173 
0.571711 0.689331 0.108052 
0.523564 -0.728761 -0.104468 
-0.113234 0.860346 -0.104468 
0.059594 -0.835477 0.083652 
0.784158 -0.492461 -0.088506 
-0.486934 -0.719900 0.108052 
0.478248 -0.715661 -0.036482 
0.171364 -0.974040 0.027642 
-0.416813 -0.732685 0.044642 
-0.542292 0.738400 0.108052 
0.441367 -0.730710 0.001290 
0.831771 -0.109477 -0.069464 
0.094314 0.985200 -0.074021 
-0.662092 -0.670616 0.108052 
-0.979664 -0.109799 0.086567 
-0.526870 -0.829750 -0.080359 
0.982559 -0.138232 0.053537 
-0.591378 -0.587212 -0.079549 
-0.177365 -0.840278 -0.041182 
0.235205 0.878133 -0.066577 
-0.857296 -0.142200 -0.104468 
0.888190 -0.441576 0.102734 
0.808399 0.572884 -0.076664 
0.363812 0.921378 0.058892 
-0.961039 0.203391 -0.078779 
0.484398 0.864572 0.019801 
-0.894431 -0.092763 0.108052 
-0.658370 -0.546528 -0.104468 
0.305182 0.923452 -0.090983 
0.954057 0.272501 0.074127 
0.838045 -0.034947 -0.078054 
0.453723 -0.768810 0.108052 
-0.537076 0.675918 -0.104468 
-0.926590 0.337583 0.006010 
0.066536 -0.840898 0.050511 
-0.887742 -0.024363 -0.104468 
0.960663 -0.023845 -0.096431 
0.392101 -0.762956 -0.023174 
-0.292499 -0.796216 -0.046702 
0.955266 -0.243503 -0.081847 
-0.903478 -0.066618 -0.072012 
0.752760 0.423472 -0.104468 
0.089503 0.985674 0.036002 
0.642187 -0.754378 -0.011370 
-0.537501 -0.636983 -0.095593 
-0.945447 -0.279036 0.036396 
-0.461956 -0.693850 -0.056099 
0.109693 0.832653 0.076947 
0.844897 -0.032929 0.105860 
-0.797228 -0.240732 -0.089755 
0.660694 0.620776 -0.084436 
0.785715 -0.312003 0.054528 
-0.586391 -0.595832 0.079830 
-0.829178 -0.111931 0.071526 
-0.058459 0.834286 -0.080470 
0.393425 0.754255 0.108052 
0.609168 0.789399 -0.056689 
-0.683489 0.488247 0.058864 
-0.074055 -0.905126 0.108052 
-0.784433 0.326792 -0.000458 
-0.685735 -0.709208 -0.011040 
0.619662 0.711690 0.108052 
