-0.002967 -0.977741 -0.048029 
0.020797 0.988981 0.099106 
0.994832 0.000679 -0.040594 
-0.974546 0.021361 -0.064138 
0.695507 -0.691114 0.083264 
-0.699957 -0.669062 0.090908 
0.704362 0.699186 -0.066556 
-0.680483 0.707005 0.055487 
-0.304230 0.816837 -0.097179 
0.791453 0.328928 0.099630 
-0.347779 -0.750501 -0.095980 
0.336817 -0.762953 -0.083985 
0.831170 -0.360071 -0.093973 
-0.763144 -0.323429 -0.097179 
0.319436 0.797660 -0.097179 
-0.771682 0.321851 0.090859 
-0.239042 -0.932726 0.099630 
0.523915 0.842432 0.095452 
-0.915455 -0.200737 0.099630 
0.225453 -0.947107 0.099630 
0.837198 -0.175456 0.099630 
-0.803919 0.515794 -0.087525 
-0.495855 -0.828537 0.099630 
-0.470626 0.864008 0.090776 
-0.851320 -0.462382 0.092191 
0.487014 -0.840845 0.099630 
0.840419 0.488992 -0.084685 
-0.037808 0.848019 -0.097179 
0.942618 0.256565 -0.083084 
0.272765 0.952806 0.090196 
-0.240618 0.945168 0.099630 
-0.555191 -0.625783 -0.097179 
-0.913623 0.252837 -0.088986 
0.844830 -0.499762 0.099630 
0.550814 -0.634984 -0.097179 
-0.492317 0.680951 -0.076709 
0.670637 0.544934 0.099630 
-0.831902 0.085850 0.096309 
0.861192 0.112922 0.099630 
-0.139392 -0.817700 -0.097179 
-0.760961 -0.537304 -0.090180 
0.773076 -0.572558 -0.085196 
-0.820195 -0.119526 -0.085107 
0.135416 0.964385 -0.082667 
0.051440 -0.831812 0.091873 
0.492351 0.693283 -0.065348 
0.967849 -0.213354 -0.055989 
0.156454 -0.860651 -0.097179 
-0.675130 0.499561 0.070718 
0.841681 0.101716 -0.091743 
-0.946680 0.229042 0.094724 
-0.089965 0.841945 0.083231 
-0.179611 0.962732 -0.079257 
-0.517744 -0.647524 0.091066 
-0.323960 -0.768344 0.098185 
0.924997 -0.339333 0.068385 
0.842909 -0.080668 -0.097179 
0.356063 0.774124 0.090869 
0.512979 -0.662523 0.080846 
0.317594 -0.776433 0.095421 
0.132942 0.842584 0.059573 
-0.672853 -0.483466 0.077792 
-0.933172 -0.276413 -0.060616 
0.528516 -0.810710 -0.080972 
-0.627848 0.554716 -0.091528 
-0.509157 0.688606 0.099630 
-0.760836 0.342327 -0.095888 
-0.536274 -0.805508 -0.070634 
0.668344 0.525711 -0.094303 
-0.310910 0.784779 0.083078 
0.863089 0.489304 0.094171 
0.654064 0.724838 0.099630 
0.660072 -0.519942 0.084103 
-0.312837 -0.922174 -0.058174 
0.954344 0.267563 0.097823 
-0.853734 0.474987 0.088756 
0.466609 0.875354 -0.068874 
-0.831055 0.101790 -0.097179 
0.364681 -0.904815 -0.000532 
-0.960900 -0.019388 0.099630 
-0.484381 0.846458 -0.079623 
-0.777772 -0.289313 0.074152 
0.781939 0.332189 -0.065609 
-0.074675 -0.941063 0.099630 
0.982848 -0.100044 0.097921 
0.760774 -0.370564 0.065267 
-0.161155 -0.958240 -0.029224 
0.509940 0.681742 0.088461 
0.595631 0.796648 -0.030463 
-0.962983 -0.125188 -0.020603 
0.787803 0.604029 0.013476 
-0.679172 -0.697594 -0.055468 
0.009037 -0.829790 -0.092506 
-0.870041 -0.423752 -0.071080 
-0.643303 0.706756 -0.088509 
0.671643 -0.715898 -0.066177 
-0.894027 0.403464 -0.035070 
-0.358016 0.918044 0.011060 
0.323942 0.939965 -0.057361 
-0.030813 0.990218 -0.058509 
-0.158731 -0.820076 0.048018 
-0.832291 -0.069957 0.054158 
0.979121 0.147572 0.019964 
0.815943 -0.218354 -0.061643 
0.846465 -0.029141 0.087446 
0.715895 -0.441904 -0.080820 
-0.779214 0.592281 0.048706 
0.080408 -0.969398 0.080430 
-0.192939 0.836842 -0.012248 
-0.817454 0.207412 0.023474 
0.601541 0.624222 -0.007901 
0.920241 0.369091 0.008718 
-0.372462 -0.895054 0.067723 
0.838129 0.213417 -0.002156 
0.198523 -0.818658 0.027437 
0.185080 0.828108 -0.093698 
-0.446651 -0.715552 -0.007704 
-0.116084 0.981331 0.058181 
0.400625 0.907121 0.087638 
-0.601323 -0.759123 0.038871 
0.861824 -0.480262 -0.033386 
0.728123 0.462250 0.008334 
-0.962144 0.147390 -0.020707 
-0.582799 0.790845 0.019776 
0.248023 -0.946713 -0.049235 
0.143304 0.979873 0.049417 
0.602118 -0.772067 0.030575 
0.649670 -0.558532 -0.044878 
-0.909121 0.353451 0.096124 
0.416329 -0.738616 0.014659 
-0.406331 0.753358 -0.013502 
-0.782242 -0.570934 0.097505 
-0.904232 -0.349317 0.064595 
-0.574781 0.630509 0.006799 
0.973090 0.027067 0.099630 
0.251595 0.822958 0.019097 
-0.626771 -0.565297 -0.012069 
-0.258377 -0.808504 -0.029116 
0.777291 -0.601661 0.051332 
-0.425222 -0.862950 -0.078484 
-0.698375 0.459784 -0.052455 
-0.744233 0.638466 -0.064129 
-0.961328 0.104425 0.099630 
-0.703636 -0.434677 -0.051838 
0.129875 -0.969920 -0.051926 
-0.042397 -0.840933 0.015682 
-0.818226 -0.194558 0.014690 
0.025006 0.860089 0.012912 
0.404032 0.764272 -0.021557 
-0.836342 -0.008210 -0.045792 
0.934951 -0.324836 -0.054449 
0.866971 0.012067 -0.023269 
0.446227 -0.729667 -0.097179 
0.966075 -0.101195 -0.083380 
-0.803549 0.216970 -0.089185 
0.955404 0.098011 -0.088826 
-0.611570 -0.585587 0.099630 
-0.636385 0.600626 0.099630 
0.071988 0.868743 -0.097179 
-0.750683 -0.611619 -0.000636 
0.598064 0.690239 -0.096131 
-0.729610 -0.389889 0.086898 
0.807179 -0.275706 0.036161 
-0.819545 -0.516214 0.002629 
-0.434713 -0.738385 0.099630 
0.733038 0.640020 0.099630 
-0.208830 0.822493 0.093583 
0.397162 -0.851904 -0.089467 
-0.430375 0.761851 0.099630 
0.965187 -0.205488 0.090011 
-0.831533 -0.225411 -0.097179 
0.597979 -0.597744 0.047546 
0.258778 -0.834479 -0.097179 
-0.079187 -0.902265 -0.078498 
0.851739 -0.101915 0.011338 
-0.285029 0.948594 -0.058380 
0.883320 0.381110 -0.088918 
0.230793 0.963323 -0.006316 
0.335991 -0.895448 0.099630 
-0.749220 0.396648 0.013588 
0.859450 0.224067 0.099630 
0.750615 0.438895 -0.097179 
0.458733 -0.862334 -0.005835 
0.061727 0.987641 -0.012630 
0.604868 0.623278 0.099630 
0.774141 0.439262 0.099630 
-0.563188 0.781842 -0.086290 
0.781363 0.571791 -0.088566 
-0.369564 0.868596 0.099630 
-0.925710 0.305891 0.008085 
0.841811 0.247483 -0.097179 
-0.138507 0.855064 -0.097179 
0.775881 0.548664 0.099630 
0.748382 -0.474494 0.099630 
0.879097 0.391082 0.099630 
-0.924883 -0.064044 -0.089045 
-0.485444 -0.702607 -0.097179 
-0.842833 0.310486 -0.052172 
0.152256 -0.865802 0.099630 
-0.477711 -0.843100 0.004650 
-0.664458 -0.523251 -0.097179 
0.507156 0.787734 -0.085677 
-0.964269 -0.115999 0.089863 
0.070774 -0.846716 -0.019432 
-0.392337 0.875820 -0.088877 
-0.222124 -0.911762 -0.090033 
0.880620 0.456505 -0.002157 
0.702462 -0.484858 0.004565 
-0.758904 0.462237 0.099630 
-0.859180 0.271463 0.099630 
0.665652 0.553330 -0.000762 
0.854223 0.104372 0.004655 
-0.575278 0.638228 -0.097179 
-0.601834 0.735903 0.099630 
-0.237388 -0.812697 0.099630 
-0.863644 0.174609 0.099630 
-0.912503 -0.177893 -0.089276 
0.414226 -0.781361 0.099630 
-0.849310 0.483263 -0.012352 
-0.017157 0.898098 0.099630 
0.893910 -0.160458 -0.081765 
0.977741 -0.138807 0.000843 
0.215827 0.915614 -0.088361 
-0.763045 -0.355053 0.007532 
-0.576653 -0.717486 -0.087933 
-0.601486 -0.686487 0.099630 
0.959965 0.245007 0.007279 
-0.219127 0.962077 0.005392 
-0.791055 0.425419 -0.068487 
0.867815 -0.404916 0.099630 
0.737702 -0.654823 -0.045687 
-0.441293 0.879687 0.001259 
0.510855 -0.684101 -0.008552 
0.448181 0.790407 0.099630 
-0.879436 0.173987 -0.057537 
-0.717707 -0.617832 -0.087118 
-0.252871 -0.936560 0.009321 
0.528190 -0.759579 0.099630 
0.902107 -0.394501 -0.000377 
0.658426 0.742965 0.010483 
-0.944141 -0.222811 0.016070 
-0.156253 -0.957806 0.062961 
0.324214 0.858491 0.099630 
-0.084342 -0.831686 0.098234 
-0.836940 0.113598 0.010393 
-0.298685 0.806318 -0.003507 
0.213470 0.846996 0.099630 
-0.971038 0.047686 0.021871 
0.893446 0.180270 -0.067075 
0.609470 0.593659 -0.095007 
-0.553571 -0.631886 0.010403 
-0.403086 0.785203 -0.097179 
-0.523458 0.792255 0.099630 
-0.716564 0.543969 -0.096375 
0.587839 -0.744366 -0.089077 
0.380174 0.862639 -0.087347 
-0.234505 0.876967 -0.080273 
0.892337 -0.256020 0.099630 
-0.763182 -0.473310 0.099630 
0.075866 0.897911 0.099630 
-0.831370 -0.171764 0.099630 
-0.970750 -0.039360 0.000878 
-0.011929 -0.971593 0.044904 
0.253966 -0.862795 0.099630 
0.174535 -0.957596 0.023221 
0.337180 0.932288 0.031906 
-0.346172 -0.770460 -0.010170 
-0.662994 0.539675 -0.012330 
0.335632 -0.779725 0.002330 
0.731102 0.671089 0.015593 
-0.860687 -0.278758 0.099630 
0.702990 -0.606017 0.099630 
0.057816 -0.908530 -0.079129 
-0.848297 -0.334647 -0.083930 
-0.777599 -0.430122 -0.097179 
0.894825 -0.110637 0.099630 
0.755926 -0.371419 -0.051220 
-0.731069 0.642243 0.099630 
0.403818 0.905675 -0.015586 
-0.696586 -0.563590 0.099630 
-0.830459 0.387999 0.099630 
0.612207 -0.704450 0.099630 
-0.432517 -0.777412 -0.076449 
0.688735 0.608584 -0.066143 
0.529714 -0.821705 0.027992 
0.326754 -0.911915 -0.076901 
-0.084785 0.862116 -0.027143 
0.808412 0.297150 0.022116 
-0.095402 0.944088 -0.089852 
-0.079111 -0.967850 -0.008693 
0.007847 0.910315 -0.053513 
0.189031 0.928720 0.099630 
-0.138350 0.910642 0.099630 
0.476284 0.870074 0.031095 
0.906063 0.025365 -0.097179 
-0.910890 0.073543 -0.083942 
-0.408468 -0.818505 0.099630 
-0.494349 0.697615 0.005910 
0.977337 0.182338 -0.059501 
0.636610 -0.637893 -0.069545 
0.889876 -0.253157 -0.081384 
-0.307315 -0.824148 -0.097179 
0.836409 -0.187529 0.016639 
-0.872104 -0.011835 0.099630 
0.812865 -0.551932 -0.014498 
0.832740 0.539466 -0.014780 
0.581411 0.782429 0.099630 
-0.790633 0.301861 0.011979 
0.927346 0.163283 0.099630 
0.948392 -0.270064 0.006354 
-0.649244 0.625373 -0.053990 
-0.480565 0.765596 -0.062131 
-0.872168 -0.423043 0.022357 
0.293770 -0.929313 0.034381 
0.828797 -0.332019 0.099630 
0.988189 -0.026176 0.038233 
-0.538241 -0.757663 0.099630 
-0.822430 -0.385637 0.099630 
0.908038 -0.054340 -0.048861 
-0.005924 -0.889957 0.099630 
0.806042 -0.435701 -0.076356 
0.108443 0.860818 -0.024792 
0.426733 0.746516 -0.097179 
0.812061 0.417766 -0.048997 
-0.280777 0.858615 0.099630 
-0.633000 -0.597580 -0.097179 
0.540900 0.676097 0.001148 
-0.906523 -0.343230 -0.024956 
-0.739465 0.544683 0.099630 
0.264108 -0.810514 -0.021436 
0.334855 0.797867 -0.001035 
0.987106 0.073930 -0.010823 
0.701384 -0.518276 -0.097179 
-0.321626 0.931740 0.096413 
-0.796052 -0.286157 -0.013668 
-0.561443 0.707484 -0.048507 
-0.014501 0.988630 0.018817 
-0.947629 0.224973 -0.020576 
-0.680084 -0.503267 -0.021606 
0.705686 0.474723 0.085029 
0.305504 0.860643 -0.052536 
0.765937 0.386230 0.042458 
0.414070 -0.883908 0.056458 
-0.723063 0.661513 0.008227 
-0.580140 0.655917 0.099630 
-0.115535 0.981385 -0.024370 
-0.306499 -0.848682 0.099630 
-0.215878 -0.831365 -0.097179 
-0.797643 0.574494 -0.037138 
0.465763 0.726123 0.005293 
-0.396520 -0.884154 -0.004904 
-0.840879 0.023499 0.024526 
0.689602 -0.696644 0.006522 
0.759185 0.645109 -0.062185 
0.181029 0.842835 -0.006842 
-0.078164 -0.825777 -0.051358 
0.759859 0.506290 -0.054563 
-0.713446 -0.438886 0.024186 
0.881935 -0.415568 -0.079030 
0.070988 -0.970216 0.004366 
-0.524756 0.831333 -0.009460 
-0.157127 -0.878310 -0.053920 
0.572494 -0.636337 -0.013448 
-0.150362 -0.875871 0.099630 
0.870794 0.299680 0.099630 
-0.543381 -0.801969 0.013340 
0.935123 -0.040357 0.099630 
0.330590 -0.833221 -0.051835 
0.984562 0.099759 0.079114 
0.422372 -0.792592 -0.048719 
-0.052814 0.969357 0.099630 
0.861459 0.312227 -0.062437 
-0.922039 0.326939 -0.064783 
0.060741 0.954215 -0.089494 
0.641450 0.752808 -0.071079 
0.781144 -0.544103 0.099630 
0.805289 -0.283604 -0.097179 
0.533297 0.836598 -0.018145 
0.871017 -0.457350 0.037359 
-0.679040 -0.690608 0.022481 
-0.608985 -0.648552 -0.048146 
-0.886279 -0.092977 0.099630 
0.521089 -0.702868 -0.097179 
0.848739 0.043167 0.071486 
0.250701 0.811247 -0.054301 
-0.820267 -0.494816 -0.080977 
0.756015 -0.496440 -0.052498 
0.192683 -0.816610 -0.045620 
-0.517318 -0.673332 -0.037862 
-0.633185 0.754351 -0.018791 
-0.885223 -0.110825 -0.049334 
0.454902 -0.704711 0.069493 
0.147432 0.893324 -0.097179 
-0.013630 -0.892459 -0.050405 
-0.929303 -0.276925 0.061135 
-0.819216 0.533864 0.065948 
-0.888682 0.403716 0.048900 
-0.383656 -0.739969 0.049045 
-0.305511 -0.920592 0.075368 
0.833243 -0.141977 -0.048219 
0.153781 -0.944760 0.099630 
-0.592129 -0.772922 -0.040327 
0.290384 0.800133 0.076638 
-0.893020 0.001174 -0.087883 
-0.433650 0.720837 -0.091458 
-0.850341 0.392900 -0.090298 
0.181355 -0.936252 -0.087362 
-0.347220 0.774714 -0.045938 
0.087687 -0.844258 -0.097179 
-0.489757 -0.677589 0.033847 
-0.729034 0.407808 -0.096766 
0.553030 0.726714 -0.053212 
-0.043026 0.855593 0.029114 
-0.292608 0.941628 0.019679 
0.490102 -0.753374 -0.048020 
0.130843 -0.832817 0.019555 
0.551604 0.647235 -0.061250 
0.711524 -0.606341 -0.088086 
0.930003 0.331415 -0.075721 
-0.183910 0.970289 0.067678 
-0.934108 0.143683 -0.087610 
0.644050 -0.642935 0.099630 
0.243485 -0.797859 0.078108 
0.793338 -0.332045 -0.008618 
-0.705666 0.471187 0.015746 
0.457841 0.861532 0.099630 
-0.832122 -0.127150 0.014419 
-0.808622 -0.179503 -0.051547 
0.965433 -0.204436 0.016588 
-0.327425 0.897817 -0.090207 
-0.851998 0.464368 -0.078037 
0.388940 0.836382 0.099630 
0.987003 -0.066918 -0.028165 
0.956373 -0.030148 -0.090155 
-0.733171 0.401775 0.083078 
0.337339 0.930168 0.099630 
0.580420 0.686442 0.099630 
-0.923528 0.037083 0.099630 
-0.799020 0.242258 0.089961 
0.561066 0.818605 0.044291 
-0.419128 -0.712790 -0.090167 
-0.147993 0.841375 0.037697 
0.081491 -0.904880 0.099630 
-0.232417 0.811857 -0.097179 
-0.848980 -0.273517 -0.053498 
0.575766 -0.647409 0.099630 
0.629127 0.582454 0.047560 
-0.274766 -0.790982 0.033625 
-0.746897 0.481831 -0.097179 
0.943383 0.303699 0.035003 
0.644320 -0.553837 0.027521 
0.476897 -0.852056 -0.071061 
-0.241655 0.819185 0.029975 
-0.795609 0.285265 -0.097179 
0.852760 -0.311433 -0.053790 
-0.367203 -0.810741 -0.058932 
0.803362 -0.436843 0.099630 
0.731961 -0.428542 0.049789 
0.360494 -0.833673 0.099630 
-0.194380 -0.825585 -0.023791 
-0.379544 0.759675 0.046750 
0.652495 -0.731085 0.052858 
0.822210 0.556013 0.053038 
0.126834 -0.821398 -0.048832 
-0.624470 0.570298 0.042350 
0.848984 -0.007537 -0.097179 
-0.895558 0.107150 0.099630 
-0.814568 0.253537 -0.025701 
-0.745919 -0.485019 -0.049668 
0.079139 0.986645 0.060943 
0.420227 0.810733 -0.086870 
0.734466 -0.652317 0.023648 
0.813458 -0.235748 0.091408 
-0.121942 -0.953567 -0.081170 
-0.330050 -0.911448 0.015610 
0.828466 0.185248 -0.068023 
-0.787509 -0.573467 -0.042966 
-0.429832 -0.868692 0.052820 
-0.808719 -0.371518 -0.048138 
0.970476 0.199926 0.057152 
0.591624 -0.684023 -0.062885 
-0.971342 0.087546 -0.065754 
0.017445 -0.950224 0.099630 
0.167479 0.975882 -0.010398 
-0.957500 -0.194149 -0.045910 
-0.689935 -0.564322 -0.054403 
0.808807 0.262540 0.088921 
0.248602 0.859361 -0.097179 
0.702553 0.478805 -0.066301 
0.668595 0.638934 0.099630 
0.887852 0.442344 -0.069371 
0.613813 -0.766520 -0.032547 
-0.960772 0.155699 0.043137 
0.831505 -0.524330 0.041651 
-0.928960 0.295179 0.077330 
-0.958245 -0.153880 0.036805 
-0.362261 -0.870441 -0.088918 
0.835675 0.179592 0.052365 
-0.639012 -0.728098 -0.010660 
0.568110 0.641740 0.050507 
0.595972 -0.589572 -0.096688 
-0.798411 -0.228753 0.072982 
0.460698 0.718107 0.069983 
0.805919 -0.509386 -0.090196 
-0.731038 -0.387217 -0.084355 
-0.848980 -0.043898 -0.097179 
0.205976 0.969109 0.052146 
0.935580 0.328336 0.099331 
0.405272 0.756153 0.041482 
0.754409 0.391649 -0.054791 
-0.527103 0.729858 -0.097179 
0.825638 0.269256 -0.032856 
-0.815583 0.162802 -0.059137 
0.906011 0.091171 -0.050210 
-0.819454 -0.516360 0.098658 
0.910525 0.034481 0.099630 
0.773306 -0.607257 -0.024961 
-0.679393 0.713651 -0.037518 
-0.346313 0.837436 -0.048118 
-0.109621 -0.834827 0.011868 
-0.741199 -0.623175 0.080133 
-0.639180 -0.532422 0.058355 
0.598456 -0.774691 0.092849 
0.033238 -0.839506 0.029923 
-0.644517 -0.722942 0.072958 
0.641873 0.649752 -0.067063 
-0.151325 0.846547 0.099630 
-0.468488 -0.686683 0.094493 
-0.844213 -0.059359 -0.005639 
-0.849571 0.052259 -0.029349 
0.583548 0.776093 -0.087186 
-0.440135 0.728304 0.031281 
-0.692115 0.660487 -0.088059 
0.893347 0.430958 0.052147 
0.817949 0.395751 0.099630 
0.718759 -0.528627 0.099630 
0.801920 0.381431 -0.097179 
-0.141848 0.900552 -0.056538 
-0.040626 -0.948889 -0.086846 
0.024181 0.849302 -0.047181 
-0.941203 0.168528 0.099630 
0.056869 -0.974549 -0.058375 
0.289448 0.947745 -0.003158 
0.376556 -0.749612 0.064085 
-0.658953 -0.623417 0.099630 
0.369126 0.765690 -0.083637 
0.988386 0.037288 0.041961 
-0.945536 -0.120816 -0.086161 
-0.028542 -0.831618 0.073791 
0.722525 0.558536 -0.067534 
-0.293356 -0.773725 -0.067040 
0.107968 -0.887214 -0.053142 
-0.588928 -0.579951 -0.056683 
-0.420770 0.890288 0.069384 
0.219327 -0.867688 -0.063175 
0.506727 0.776472 0.099630 
-0.696290 0.598396 -0.080864 
-0.512409 0.839011 0.055624 
0.685639 0.515224 0.045481 
-0.371095 0.918007 -0.051808 
-0.852258 0.265501 -0.097179 
-0.590711 -0.591628 0.034803 
-0.974463 -0.058547 -0.055705 
0.265334 0.947571 -0.078085 
0.926852 -0.160880 0.099630 
0.985418 0.126273 -0.041071 
0.737921 -0.434890 -0.026002 
0.942302 -0.288140 0.099630 
-0.900554 -0.236844 -0.090482 
-0.878589 -0.404718 0.099630 
0.856164 -0.027407 0.029003 
0.416439 -0.730783 -0.045992 
0.613987 0.779809 0.023747 
-0.630214 -0.734663 -0.070442 
-0.622583 0.759233 0.049457 
-0.796646 -0.237578 -0.046828 
0.265083 0.875156 0.099630 
0.783031 0.610048 0.092171 
-0.663580 0.510040 -0.078299 
0.073007 0.907930 -0.053529 
0.054346 0.846973 0.080169 
-0.601725 0.592047 -0.046125 
-0.050899 -0.854542 -0.097179 
0.975114 -0.154720 0.062690 
0.206777 0.969684 -0.068058 
-0.746909 -0.401835 -0.030080 
-0.233710 -0.860039 -0.049491 
-0.673710 0.652388 0.099630 
-0.850150 0.046767 -0.097179 
-0.493712 -0.768808 -0.085783 
-0.483526 -0.827338 -0.081698 
-0.379495 0.789896 0.099630 
0.229331 -0.946542 0.007566 
-0.781788 0.312771 -0.047977 
-0.544514 0.646743 0.054764 
0.265311 -0.891744 -0.088947 
0.567344 -0.801025 -0.033060 
-0.430135 0.819690 0.099630 
-0.617706 0.757165 -0.074436 
0.856995 0.500461 0.037760 
-0.849153 -0.168058 -0.097179 
0.700300 0.507292 -0.014788 
-0.904714 0.365159 0.008990 
-0.743861 0.381970 -0.047457 
-0.284050 0.863004 -0.054575 
-0.826105 -0.114645 0.095344 
0.128490 0.838287 -0.093344 
-0.231528 0.939292 -0.086719 
0.983669 -0.091707 0.033196 
-0.228134 -0.869370 0.099630 
-0.700387 0.593736 0.099630 
0.840129 -0.136667 0.055505 
0.913626 0.395409 -0.041782 
-0.220406 -0.808676 0.030470 
-0.830402 0.023837 0.083313 
0.391953 -0.794274 -0.097179 
-0.531216 0.650530 -0.047860 
-0.561630 -0.607723 0.081257 
-0.828077 0.319875 0.099630 
-0.823005 0.136712 0.071918 
0.291225 -0.788758 0.046335 
0.763224 -0.384763 0.003778 
0.661105 -0.578182 -0.097179 
0.132651 0.893662 0.099630 
0.188017 -0.811069 0.082875 
-0.053220 0.913157 -0.067563 
-0.947305 0.226362 0.036247 
-0.088362 -0.966940 0.050939 
-0.028049 0.868420 -0.035625 
-0.600935 -0.759441 0.095617 
-0.546321 -0.699756 0.099630 
0.945187 0.297750 -0.021394 
0.118678 0.970629 0.099630 
-0.667036 0.547947 0.099630 
0.895721 -0.348403 -0.087260 
0.505787 -0.836583 -0.022741 
0.695087 -0.478791 0.068536 
-0.765438 -0.337733 0.099630 
0.845260 -0.082059 0.068979 
0.846024 0.046969 -0.061674 
0.776664 -0.347197 -0.097179 
-0.837017 -0.331643 0.099630 
0.483736 -0.682420 -0.057406 
0.832072 -0.168930 -0.097179 
0.464540 -0.712225 0.004718 
0.546149 -0.811485 0.090041 
-0.579182 0.792347 0.099630 
0.639159 0.561042 -0.049077 
0.967068 0.043679 -0.087724 
0.541701 -0.651545 0.030232 
0.860964 -0.082807 -0.041235 
-0.858338 0.210406 -0.097179 
-0.385404 -0.731485 -0.050423 
-0.771957 -0.585286 0.043178 
0.737572 -0.647059 0.086541 
0.890282 0.236655 -0.073006 
0.934326 0.108685 0.099630 
-0.146868 0.845879 -0.043659 
0.401824 -0.895101 -0.039797 
-0.184875 -0.918549 0.099630 
0.717159 0.574040 0.099630 
0.547375 -0.713880 -0.050164 
0.306679 -0.844353 0.099630 
0.796035 0.341879 -0.007033 
-0.083985 -0.886471 0.099630 
0.113483 -0.826110 0.071088 
0.649070 -0.571319 0.099630 
-0.194049 0.880811 0.099630 
0.299248 0.902952 -0.089265 
0.482623 -0.849565 0.045964 
0.903990 -0.114042 -0.053342 
0.951984 -0.170823 -0.086185 
0.860547 0.168761 0.099630 
0.818353 -0.387239 -0.048542 
-0.454571 -0.789585 0.099630 
0.800771 0.283171 -0.095365 
0.781905 -0.321222 0.074060 
0.007645 -0.849848 -0.024272 
0.514660 0.848071 -0.067853 
0.810629 0.502122 0.099630 
0.812979 -0.269505 -0.043758 
-0.739024 -0.529789 0.099630 
0.431486 -0.856108 0.099630 
0.278829 -0.785203 -0.086825 
-0.836226 0.112690 -0.043772 
-0.534188 -0.675689 -0.097179 
-0.877811 0.427709 0.099167 
0.172861 0.895001 -0.049526 
-0.541619 0.824754 -0.061866 
0.902329 0.126994 -0.090265 
0.668587 -0.508278 -0.055692 
0.943887 -0.275525 -0.074019 
-0.838621 -0.485538 0.045428 
-0.215923 -0.945703 0.052929 
-0.829886 0.526171 -0.038086 
0.857697 0.050268 0.019075 
-0.184189 0.889228 -0.094112 
-0.814381 0.353779 -0.097179 
0.694873 0.708829 0.029662 
-0.492297 0.748777 0.099630 
-0.757951 0.619885 -0.015896 
-0.862948 -0.221950 -0.051244 
-0.769306 0.347131 0.030759 
-0.018987 0.847857 0.081544 
-0.938891 0.275100 -0.036870 
-0.890868 0.122186 -0.063839 
0.482060 0.734874 -0.097179 
0.848784 -0.466686 -0.084079 
0.470732 -0.802038 -0.088571 
0.852272 0.153929 -0.032064 
-0.670502 -0.642376 -0.090064 
0.978414 0.151855 0.089590 
0.896063 -0.083731 -0.097179 
-0.791970 0.564737 0.099630 
0.885222 -0.205351 -0.054710 
-0.587925 0.605484 0.057886 
-0.970706 0.057839 0.076074 
0.924074 -0.341786 0.015413 
0.090567 0.853440 0.029624 
0.373557 0.921975 -0.062279 
0.439888 0.732027 -0.047977 
0.115533 -0.965938 0.032441 
-0.517612 -0.727947 -0.062358 
-0.703088 0.463021 0.096632 
-0.908930 -0.320264 -0.077256 
0.532243 0.730253 0.099630 
0.987719 -0.040553 0.095055 
0.478062 -0.788890 0.099630 
-0.380519 -0.754465 0.099630 
0.824546 0.549870 -0.067880 
0.183652 0.835603 0.047213 
0.909956 -0.000927 -0.050747 
-0.243221 0.823811 -0.022422 
-0.362352 0.827237 -0.097179 
-0.715037 -0.652961 0.016055 
-0.631390 0.692547 0.099630 
-0.876222 0.431217 0.006079 
-0.459583 0.723334 -0.039367 
-0.872391 -0.093796 -0.097179 
-0.967565 0.099650 0.000074 
-0.445719 -0.703710 0.050545 
0.236001 0.881273 -0.051346 
-0.893140 -0.039385 -0.054840 
-0.725867 -0.499143 -0.097179 
-0.850505 -0.463907 -0.002042 
-0.366678 -0.903742 -0.048903 
-0.815240 0.540258 0.014373 
-0.949959 0.210002 -0.070392 
-0.167867 -0.930120 -0.088406 
-0.153006 -0.823642 0.099630 
0.005974 0.967699 -0.087640 
0.632218 0.764847 0.074515 
-0.823612 -0.285831 -0.097179 
0.725887 -0.539451 -0.056616 
0.842872 0.349446 -0.096038 
-0.755413 -0.337721 -0.047960 
0.712680 0.653117 -0.088763 
0.861349 0.501922 -0.039133 
0.189961 -0.820119 -0.097179 
0.730654 0.523585 0.099630 
0.803085 0.593119 -0.046930 
0.531713 0.683416 -0.097179 
0.880324 -0.329905 0.099630 
0.797686 -0.381196 0.099630 
-0.353366 0.771676 -0.097179 
-0.408775 -0.877236 0.099630 
-0.100498 0.889830 -0.097179 
0.928285 0.214782 0.099630 
-0.746437 0.501304 -0.049519 
-0.813252 0.189276 0.071425 
-0.501176 -0.828875 0.048492 
-0.621912 -0.678244 -0.088023 
-0.943523 -0.070072 0.099630 
-0.795593 -0.364207 -0.097179 
-0.684584 -0.482257 0.027924 
0.007260 -0.930826 -0.089140 
-0.715609 0.675846 -0.040368 
-0.296055 -0.885435 -0.089604 
-0.256695 -0.940802 -0.041533 
-0.002198 0.885600 -0.097179 
-0.555740 0.685507 -0.097179 
0.786349 0.339621 0.047333 
0.117116 0.987990 -0.041199 
-0.875421 -0.145899 0.099630 
-0.784129 -0.419408 0.099630 
0.894519 -0.411248 0.056580 
-0.128130 -0.838166 -0.041604 
-0.967503 -0.083166 0.051047 
-0.834867 -0.019099 0.054903 
-0.207637 -0.953378 -0.049427 
-0.428460 0.839969 -0.090257 
0.858577 -0.214174 -0.097179 
-0.395019 0.816678 -0.057997 
-0.881184 0.308816 -0.089105 
-0.875310 -0.169697 -0.053600 
0.423586 0.742557 0.094695 
-0.130411 -0.922535 0.099630 
-0.478993 0.698078 0.054275 
-0.356874 -0.854553 0.099630 
-0.115836 -0.872765 -0.097179 
0.741327 0.429853 0.049752 
0.531814 -0.705542 0.099630 
0.470935 0.829474 -0.089713 
-0.562949 -0.628448 -0.042337 
-0.469789 -0.690670 -0.045158 
0.366883 -0.903986 0.060584 
-0.064591 0.986402 0.024676 
0.703517 -0.672586 -0.078276 
-0.779021 -0.280196 -0.074664 
0.892606 -0.205769 0.099630 
-0.856212 0.153723 -0.097179 
0.631707 0.578620 0.097512 
-0.621519 0.663745 -0.070393 
-0.805432 -0.242798 0.010491 
0.301794 -0.929591 -0.037318 
-0.885871 0.219379 0.099630 
-0.035593 -0.970818 0.090424 
0.561546 0.817067 -0.069057 
-0.838024 -0.095837 -0.043168 
0.768500 -0.592771 0.099630 
-0.439249 0.791439 -0.051542 
0.591117 0.639972 -0.097179 
0.761500 0.407289 -0.007995 
0.319626 0.788714 -0.047590 
0.734353 0.502293 -0.097179 
-0.734808 0.434766 -0.015054 
-0.177201 0.971469 -0.019792 
-0.654084 -0.602893 -0.052398 
-0.830917 0.162664 0.004797 
0.665464 0.575291 -0.097179 
0.898149 0.255300 0.099630 
0.422756 0.898739 -0.067078 
-0.955319 -0.171603 0.094373 
-0.843320 -0.232289 0.099630 
0.391872 0.824320 -0.048532 
0.069776 0.947043 0.099630 
-0.657708 0.532047 0.036293 
-0.886844 0.357877 -0.086074 
-0.826027 -0.437211 -0.090015 
0.768983 -0.460818 -0.097179 
-0.474589 0.865981 -0.035361 
0.632529 -0.692644 -0.089078 
-0.220490 -0.797912 -0.058864 
-0.893669 0.036245 -0.053224 
-0.742524 0.638683 0.047350 
-0.335079 0.785814 0.022634 
0.688837 0.683842 0.099630 
0.161780 -0.880719 -0.052516 
0.264020 -0.911008 0.099630 
0.167816 0.973802 0.099630 
-0.915276 -0.319975 0.026667 
0.736865 0.455581 -0.039625 
-0.263866 -0.847025 -0.097179 
0.755082 -0.391278 -0.097179 
-0.079046 -0.971972 -0.057521 
0.948387 0.155886 -0.088800 
-0.779770 0.417955 0.099630 
-0.273344 -0.888135 0.099630 
0.742277 -0.425932 0.099630 
0.754852 0.394312 0.089437 
0.892705 -0.029505 -0.097179 
0.979336 -0.167165 -0.044731 
0.803083 0.434275 -0.094138 
0.823095 -0.282911 0.099630 
-0.510554 0.791762 -0.090332 
0.853969 -0.282173 -0.097179 
0.881124 -0.438441 -0.017579 
-0.918760 -0.310717 0.094573 
0.382572 0.915203 0.036225 
0.336071 0.788102 0.046537 
-0.877537 0.052717 0.099630 
-0.324545 0.935028 -0.033602 
0.845282 -0.189216 -0.032302 
0.635354 -0.745152 0.007731 
0.764828 0.632229 0.053102 
-0.927482 -0.282927 -0.012977 
-0.471867 0.863345 0.042411 
-0.610046 0.604614 -0.097179 
0.348379 -0.826206 -0.096184 
0.607152 -0.603605 -0.021170 
-0.234870 0.958407 0.050898 
-0.357002 -0.803500 0.099630 
-0.829791 0.200797 -0.033057 
0.674086 -0.599459 -0.052250 
-0.621411 -0.544743 -0.062221 
-0.095197 0.932156 0.099630 
-0.877468 -0.373018 -0.085017 
-0.130410 0.978594 -0.070113 
0.048723 0.989937 -0.059480 
0.843547 0.132200 0.055614 
0.643560 0.704706 -0.090227 
-0.100983 0.852051 0.017015 
-0.799956 -0.546214 0.043312 
-0.804101 0.253282 0.028333 
-0.740934 -0.386843 0.035910 
0.384067 -0.881986 0.099630 
0.970475 0.199933 -0.005439 
0.910384 -0.390488 -0.049710 
0.873052 0.064438 -0.097179 
0.592044 -0.602399 0.097986 
-0.301828 -0.791045 -0.019102 
-0.770564 0.368904 0.099630 
0.133602 -0.933437 -0.089105 
-0.650881 -0.683756 0.099630 
-0.263617 -0.795945 -0.097179 
-0.677954 -0.477381 -0.097179 
0.906380 0.292508 -0.090292 
-0.879925 0.315817 0.099630 
0.877938 0.438798 0.099630 
-0.411911 0.898796 -0.036249 
-0.853761 0.474936 0.041085 
-0.241752 0.959215 -0.036467 
0.942670 -0.288927 0.049745 
0.522525 -0.756800 -0.082768 
0.516255 0.847195 0.043173 
-0.247107 0.892277 0.099630 
0.084825 -0.836854 0.030901 
-0.952004 -0.025128 -0.086257 
-0.540334 0.662819 0.001589 
-0.080722 0.842610 -0.077588 
-0.283720 0.799024 -0.047977 
-0.600477 0.783062 -0.037741 
0.804832 -0.563142 0.048323 
0.476516 -0.734220 0.099630 
0.292761 0.813862 -0.017738 
-0.293878 -0.844480 -0.056641 
-0.567164 -0.784927 0.058918 
-0.800727 0.506436 0.099630 
-0.836490 -0.058262 0.099630 
0.611895 0.601728 -0.047977 
-0.524132 0.736153 -0.049923 
0.588451 0.735898 0.099630 
0.360104 -0.767558 -0.043426 
-0.713402 -0.474164 0.099630 
-0.719089 -0.523556 -0.048114 
-0.914058 0.340332 0.047753 
-0.390818 -0.771660 -0.097179 
-0.654409 0.734466 0.017990 
-0.016388 -0.890752 -0.097179 
-0.971827 -0.006462 0.055914 
0.444208 0.797681 -0.048792 
-0.014424 -0.971511 -0.001878 
-0.783120 0.557726 -0.085825 
-0.797657 0.469406 -0.087196 
0.823466 0.223503 0.063004 
-0.823573 0.434417 0.099630 
0.423505 -0.726564 0.096356 
0.306757 -0.870270 -0.086546 
0.210673 0.834494 -0.047977 
-0.562904 -0.656101 0.099630 
0.493469 0.860889 -0.020090 
0.867564 -0.033283 -0.034202 
-0.283480 0.913426 -0.089617 
0.792838 0.507581 -0.087407 
0.260538 0.956387 0.032275 
-0.451852 -0.856922 0.092017 
0.932441 0.341748 -0.028963 
-0.193144 -0.869925 -0.084899 
-0.022367 0.988373 0.070238 
-0.949348 -0.200477 0.056386 
-0.549519 0.814693 0.042116 
0.656629 -0.717743 0.099630 
0.608261 0.681347 -0.051784 
-0.496125 -0.738297 0.099630 
-0.712790 -0.435503 -0.097179 
-0.786247 -0.419583 -0.052992 
-0.873462 0.446752 -0.037324 
0.437030 0.890626 0.018125 
-0.571311 -0.769472 -0.081363 
-0.771330 0.387242 -0.097179 
-0.576377 -0.680194 -0.056119 
0.547726 0.654745 0.092376 
-0.130907 -0.961991 0.005377 
-0.450631 0.766852 -0.097179 
-0.069748 0.879964 0.099630 
0.539059 -0.667732 -0.041071 
-0.966719 0.108243 0.054067 
0.530956 0.673069 0.048441 
0.822268 -0.233192 0.027089 
-0.439660 0.719275 0.076366 
-0.205337 -0.948171 0.008287 
-0.020285 -0.829790 -0.057135 
-0.142783 0.956357 0.099630 
-0.733140 -0.641420 -0.050860 
0.785926 -0.308808 -0.047528 
-0.071679 0.989035 -0.035601 
-0.341147 -0.905100 0.099630 
0.026952 -0.971658 0.020775 
-0.279251 0.803201 0.050573 
-0.912565 -0.033153 0.099630 
-0.772711 0.362406 -0.017876 
0.990028 0.072995 -0.056430 
-0.709318 -0.429140 0.075257 
-0.813079 -0.534944 -0.038513 
0.569694 -0.788403 -0.076883 
0.373733 -0.760075 0.018038 
-0.654939 -0.520962 0.099630 
-0.837630 0.215577 0.099630 
0.217909 0.964039 0.099630 
0.715014 -0.472558 -0.047048 
-0.708140 0.677446 0.081905 
0.309980 -0.796508 -0.031386 
0.097776 0.846810 0.093944 
-0.763786 0.612775 0.086327 
0.052344 -0.828771 -0.073049 
-0.442988 -0.867412 -0.036861 
-0.847115 -0.483573 -0.046047 
-0.612220 0.595534 -0.002023 
0.175155 0.877665 0.099630 
0.499561 0.707488 -0.018609 
-0.751174 -0.587324 -0.084600 
-0.651267 0.733308 0.099630 
0.855736 -0.448624 0.099630 
-0.712608 0.508169 0.099630 
0.711110 0.692434 -0.022279 
0.096277 0.984956 0.019059 
0.825248 -0.199225 0.063018 
-0.185471 0.844097 -0.097179 
0.032280 0.909940 0.099630 
0.228532 -0.800482 -0.067814 
0.986143 0.083703 0.033230 
0.799946 -0.495383 0.099630 
0.444764 0.886923 0.064774 
0.959126 0.257749 -0.036735 
-0.705166 -0.541877 -0.092226 
0.272174 0.804746 -0.093353 
0.601745 -0.656661 -0.097179 
0.677750 0.733389 -0.052882 
0.869207 0.156662 -0.097179 
0.308487 0.856189 -0.097179 
-0.604833 -0.630037 0.099630 
-0.558948 0.752213 0.099630 
-0.165255 -0.811585 -0.060940 
0.347507 0.893367 -0.089929 
-0.659178 -0.519301 0.014756 
0.105721 0.921510 -0.081102 
-0.525271 -0.637937 -0.064719 
0.835129 0.375980 -0.060751 
-0.897443 -0.367258 0.011778 
-0.415109 -0.817469 -0.086523 
-0.938887 0.030034 -0.089848 
-0.914792 -0.245519 0.099630 
-0.972173 0.004112 0.011597 
-0.888376 -0.279900 -0.090227 
0.348634 0.843227 -0.062363 
0.679701 -0.508954 0.034425 
0.464112 0.785660 -0.097179 
0.909051 0.044540 -0.057030 
0.874648 0.065985 0.099630 
0.879581 -0.161754 0.099630 
0.935881 -0.084825 0.099630 
-0.467422 0.786438 0.099630 
0.032665 0.848045 -0.097179 
0.855033 0.415362 -0.089409 
0.938011 -0.219588 -0.088277 
0.926439 0.199633 -0.089494 
0.902209 0.411397 -0.002040 
0.034714 -0.971404 0.064807 
0.789470 0.458486 -0.059753 
0.483708 0.774690 -0.050583 
0.356471 0.925027 -0.007155 
0.758618 -0.613367 -0.076471 
0.956724 -0.249685 -0.031816 
0.628285 0.768075 -0.016242 
-0.944990 -0.236240 -0.042849 
0.140211 0.836640 -0.050953 
0.845824 0.100234 -0.047977 
0.839018 -0.517432 -0.062440 
0.202666 0.874639 -0.097179 
-0.277302 0.814859 0.099630 
-0.275387 -0.790811 0.099630 
-0.886791 -0.402123 -0.036829 
-0.066912 0.975972 -0.080221 
0.524671 0.747823 -0.081144 
-0.271680 0.861109 -0.097179 
0.865767 0.066234 -0.027646 
0.810164 -0.556764 -0.068063 
-0.726640 0.434014 0.027961 
0.448467 0.887577 -0.030977 
-0.405717 0.897108 0.019772 
-0.632081 0.550015 -0.048297 
-0.756677 -0.468090 -0.091930 
0.567182 0.814223 -0.002091 
-0.844457 -0.000491 -0.097179 
-0.483588 -0.846182 -0.042382 
0.090762 -0.941497 -0.089344 
0.907079 -0.383529 0.087661 
0.826993 0.548708 0.095649 
0.564255 -0.625008 0.064234 
-0.531974 0.649435 -0.092726 
0.955961 0.262177 0.046961 
-0.284904 0.943965 0.076787 
0.143043 -0.962795 -0.006165 
-0.202329 0.886009 -0.052617 
-0.854635 0.268864 -0.049196 
0.822232 0.256358 0.017249 
-0.870070 0.220116 -0.056626 
-0.263958 -0.933197 0.064213 
0.260159 0.820837 0.099630 
0.294469 0.916605 0.099630 
0.571260 -0.613436 -0.065763 
-0.822192 0.358760 -0.054960 
-0.593393 -0.645984 -0.097179 
-0.877005 0.096827 -0.097179 
0.832801 0.436308 0.099630 
-0.439726 -0.863403 0.007550 
-0.689181 0.505389 -0.011895 
0.567146 -0.797127 0.030171 
0.487270 0.820379 0.099630 
0.671725 -0.532162 -0.019100 
0.846448 0.155997 0.018145 
-0.262494 -0.923966 -0.080530 
-0.785223 0.292847 0.062341 
0.680633 -0.635973 -0.086916 
-0.577953 0.741851 -0.089105 
0.724598 -0.482418 -0.097179 
-0.130336 0.979206 0.015600 
-0.161405 0.924818 -0.088491 
-0.325373 0.889400 0.099630 
-0.313130 -0.774300 0.041782 
0.058949 0.866254 -0.029284 
0.877187 -0.002280 0.099630 
0.017745 0.989081 0.046620 
-0.348614 -0.809022 -0.097179 
0.375017 -0.819351 -0.063709 
-0.832532 -0.382596 -0.086770 
0.834543 -0.404070 -0.084110 
0.676818 0.541711 -0.044904 
0.309126 0.941776 0.062429 
0.662483 -0.722044 -0.015458 
-0.203645 0.826629 0.051605 
-0.967269 0.134996 -0.062525 
0.141539 0.850820 0.006612 
-0.301967 -0.921667 -0.017159 
0.267443 -0.937299 -0.008583 
0.657276 0.550799 0.049269 
-0.324184 0.930778 0.045790 
-0.838757 0.065786 0.026061 
0.019559 0.852552 0.056669 
-0.045498 -0.905015 0.099630 
0.231216 0.816834 -0.091457 
-0.545822 -0.802765 -0.029515 
0.988698 0.027739 -0.008737 
-0.823375 -0.133126 0.057455 
-0.694392 0.692124 0.012973 
0.809191 0.308122 -0.032563 
0.926873 0.351471 0.046480 
-0.568246 0.617044 -0.051866 
0.104450 -0.882953 -0.097179 
0.704165 -0.564962 -0.084712 
0.989097 0.001541 0.070142 
0.185320 -0.955815 -0.017486 
0.659492 -0.522930 -0.097179 
0.430981 -0.878886 -0.065501 
-0.795458 -0.247128 -0.097179 
0.890479 -0.301290 -0.088565 
0.906957 0.359540 0.099630 
-0.486715 0.743175 -0.097179 
0.839091 0.230300 -0.040920 
-0.115707 -0.884571 -0.051014 
0.174936 0.950662 -0.087660 
0.846229 -0.146972 0.012419 
0.021479 0.864268 0.099630 
0.303556 -0.924839 0.099630 
0.841072 0.294398 -0.097179 
-0.589931 0.607716 0.099630 
-0.669943 -0.577921 -0.097179 
-0.021014 0.933104 -0.085251 
-0.397689 0.742075 -0.093238 
-0.041122 -0.861931 0.099630 
-0.707541 -0.603836 0.099630 
0.988119 -0.054603 -0.067936 
0.634160 0.585107 0.006323 
0.843832 -0.113496 0.096226 
-0.780063 -0.573974 0.003995 
-0.605607 -0.562296 -0.096394 
-0.704377 -0.671117 -0.035750 
-0.380830 0.908385 0.095768 
0.125021 -0.826096 -0.097179 
0.006068 0.989304 -0.017238 
0.610592 -0.575454 -0.051453 
0.472122 -0.690303 -0.096443 
0.478787 0.745836 0.099630 
-0.971385 -0.101073 -0.053266 
0.689890 0.713496 0.070682 
-0.950567 -0.161022 -0.077756 
0.517600 -0.657817 -0.087809 
-0.093905 0.909199 -0.061242 
0.238680 -0.808887 0.026991 
0.230443 0.924681 0.099630 
-0.181135 0.825331 -0.054012 
0.920486 -0.355608 -0.030112 
-0.509922 -0.823436 -0.012022 
-0.383084 -0.752075 -0.008993 
0.481686 -0.692040 0.098123 
0.722983 0.610389 -0.088973 
-0.891645 -0.039074 -0.096456 
0.400560 -0.732470 -0.083940 
-0.331436 0.816390 0.099630 
0.531773 0.691459 -0.038520 
-0.105399 0.973463 0.099630 
-0.902882 0.256784 0.099630 
0.816110 0.564526 0.013323 
0.394414 0.785887 0.099630 
-0.511649 0.673329 0.055568 
0.762065 -0.622722 0.017438 
0.848964 0.082056 0.058779 
0.811869 -0.284263 -0.003567 
-0.186709 0.944921 0.099630 
-0.957197 0.177350 0.006652 
-0.520618 0.833906 0.095324 
0.793203 0.596492 0.055004 
0.061952 0.845221 -0.065356 
0.494685 -0.687775 0.028728 
-0.762710 -0.605799 -0.041129 
-0.791400 -0.268701 0.041707 
0.658821 0.742596 0.053078 
0.953092 -0.254569 0.069060 
-0.769182 -0.321416 0.050612 
-0.698862 0.502507 -0.097179 
-0.838076 -0.134515 -0.025171 
0.222271 0.823029 0.067927 
-0.836433 0.506177 0.021135 
0.835594 -0.128643 -0.086589 
-0.210279 -0.803957 0.070582 
-0.881284 -0.325654 0.099630 
-0.101651 -0.832783 -0.097179 
-0.653273 0.585843 -0.097179 
-0.371297 -0.895582 0.024762 
0.273664 -0.820758 0.099630 
-0.428202 0.884786 -0.072145 
0.799210 0.297276 0.070382 
-0.083549 -0.830137 0.057766 
0.691973 0.510527 0.099630 
0.148768 0.932737 0.099630 
0.620738 0.689333 0.099630 
-0.535668 -0.636613 0.056523 
0.629301 -0.554869 -0.088352 
-0.866101 -0.435241 -0.025867 
0.485736 0.709132 0.035983 
-0.830526 -0.048119 -0.047263 
-0.332053 -0.830207 -0.061660 
0.854819 0.014641 0.043752 
-0.878502 0.387500 0.099630 
0.766304 0.611225 -0.082591 
-0.346665 -0.750997 -0.055808 
-0.632486 -0.733548 0.036114 
-0.876098 -0.192706 0.099630 
-0.561950 0.691710 0.099630 
0.033378 -0.971645 -0.026009 
0.805921 0.326197 -0.097179 
0.041609 -0.900753 0.099630 
0.108258 -0.875057 0.099630 
0.489972 0.862758 0.069091 
-0.953748 0.198239 0.064019 
-0.293316 -0.924292 0.025048 
0.835050 -0.518630 -0.015761 
0.091838 -0.972710 -0.038996 
0.358536 -0.889134 -0.085361 
-0.903871 -0.118839 -0.083796 
0.357071 -0.771632 0.099630 
0.420997 -0.880769 -0.007768 
0.186317 -0.892894 -0.081613 
0.846990 -0.002186 -0.054796 
-0.462920 -0.760048 -0.057210 
-0.821555 -0.286727 0.099630 
-0.952934 -0.185097 0.006389 
0.433919 0.848091 -0.090013 
0.150603 0.840153 0.095261 
-0.932546 0.075906 0.099630 
-0.062670 0.986591 0.064466 
-0.508238 -0.783864 0.099630 
0.193060 -0.923927 0.099630 
-0.430758 -0.719630 -0.043996 
-0.037120 0.987890 -0.015837 
-0.736513 -0.628886 0.039365 
-0.795523 0.280691 0.099630 
-0.837475 0.502614 -0.070808 
0.332393 -0.773434 0.041407 
-0.348171 -0.756785 0.054939 
-0.790075 0.263747 -0.055234 
0.834105 -0.316518 -0.097179 
0.058854 -0.873217 -0.097179 
-0.617674 -0.560920 0.041057 
-0.909472 0.367594 -0.041979 
-0.836904 0.321454 -0.092801 
-0.808696 -0.179208 -0.091184 
0.849379 -0.369853 0.099630 
0.704752 0.611659 0.099630 
0.763100 0.373831 -0.095218 
0.144103 -0.962620 0.065647 
-0.613589 0.570811 0.087026 
-0.919264 0.326501 -0.025097 
-0.867992 -0.133274 -0.097179 
0.987911 -0.034668 -0.005320 
-0.384575 -0.731926 -0.090680 
-0.653483 -0.505842 -0.063469 
0.629330 -0.750096 0.094092 
0.284044 -0.849541 -0.061777 
0.964492 0.225593 0.086505 
-0.739114 0.585054 0.099630 
0.669761 0.667308 -0.088660 
0.811350 0.250613 -0.072438 
-0.082836 -0.945886 -0.086736 
-0.709764 0.552936 -0.058673 
-0.967489 0.026609 0.099630 
0.753482 -0.535225 -0.084180 
0.337204 -0.916115 -0.027186 
-0.845825 -0.020183 -0.006361 
-0.832566 -0.317312 -0.052469 
0.782619 -0.335823 0.037698 
0.175070 -0.831390 -0.013887 
-0.165885 0.973337 0.030987 
0.382553 0.772675 0.010098 
0.031367 0.905777 -0.097179 
0.138578 -0.902471 0.099630 
0.438423 -0.817625 0.099630 
0.783197 -0.453177 -0.049884 
-0.888958 0.042134 -0.097179 
-0.819696 0.170591 -0.097179 
-0.765354 0.521187 -0.084702 
-0.680716 -0.468844 -0.059184 
0.707306 -0.565941 0.099630 
-0.884240 -0.396398 0.061930 
0.876381 0.464436 0.062805 
-0.870083 0.444400 0.064780 
-0.938705 0.263053 0.046174 
-0.512969 0.845454 -0.045455 
-0.002554 0.846911 -0.080628 
0.510264 -0.833799 0.068377 
-0.145941 -0.832966 -0.007400 
-0.593667 -0.598190 -0.003435 
-0.004000 -0.850290 0.099630 
0.349836 0.829224 0.099630 
0.566511 -0.753128 0.099630 
-0.515087 -0.665955 0.000226 
-0.724417 0.450136 -0.097179 
0.228039 -0.946843 0.060861 
-0.829762 0.025622 -0.071749 
-0.583714 -0.724857 0.099630 
-0.267809 0.800145 -0.083375 
0.627801 -0.612145 -0.097179 
0.709139 -0.678142 -0.021389 
-0.827108 0.078554 -0.059706 
0.977470 0.157575 -0.019658 
-0.467142 0.812972 -0.088695 
0.857560 -0.238971 0.099630 
0.767385 0.630603 -0.027221 
-0.395821 0.837654 0.099630 
0.566816 0.814485 0.082365 
0.864607 -0.294514 0.099630 
0.037744 -0.892741 -0.050064 
0.779239 0.479536 0.099630 
0.942081 -0.133646 -0.089631 
-0.604597 -0.756436 0.000489 
0.352120 0.885175 0.099630 
-0.794507 0.570939 0.003479 
-0.711420 0.447838 0.060610 
-0.762674 0.605881 -0.073450 
0.605878 0.744751 -0.089440 
0.634060 -0.751114 -0.061460 
-0.524793 -0.814188 0.075120 
-0.355653 0.864204 -0.088113 
-0.901633 0.168464 0.099630 
0.985607 -0.129247 -0.046130 
-0.823452 0.164317 0.044034 
0.297291 0.830653 0.099630 
-0.635478 -0.555549 0.099630 
0.631053 -0.557796 0.068561 
0.932917 -0.081647 -0.086728 
0.565992 -0.684505 0.099630 
0.326562 -0.919162 0.069463 
-0.730527 0.436406 0.099630 
-0.218209 0.815687 -0.052469 
0.869559 0.215312 -0.097179 
0.421326 -0.813014 -0.081114 
0.956442 -0.242996 0.032238 
-0.242796 0.853715 0.099630 
-0.620957 0.635652 0.099630 
0.218855 -0.822469 -0.018323 
-0.886827 0.404282 -0.072639 
0.982997 0.115644 -0.000733 
0.869508 0.274956 -0.059687 
0.922674 0.288849 0.099630 
-0.243759 0.809217 0.082295 
-0.214003 0.917810 0.099630 
0.856031 -0.484890 0.066341 
0.787112 -0.349738 -0.041812 
-0.897163 -0.362426 0.099630 
-0.316962 0.781343 -0.091677 
-0.716441 0.630485 -0.088854 
0.416976 0.862093 0.099630 
0.735582 0.427060 0.087708 
-0.690938 -0.508777 0.099630 
0.131108 0.905713 -0.057644 
-0.041600 -0.975690 -0.052278 
-0.449159 -0.734975 -0.097179 
0.833516 -0.250175 -0.097179 
0.481873 -0.708989 -0.030353 
0.273541 -0.800276 0.014674 
-0.554383 -0.794085 0.093459 
-0.788022 -0.310790 -0.041386 
0.982687 -0.101671 -0.005080 
-0.400722 -0.888219 -0.042370 
-0.826031 -0.071683 -0.085409 
-0.158765 -0.850283 -0.097179 
0.233970 -0.827578 0.099630 
-0.400846 -0.724462 0.088542 
-0.834127 -0.020726 0.095024 
-0.059921 -0.969741 0.023911 
0.835061 0.148789 -0.075874 
-0.487301 -0.667475 -0.069426 
0.737261 0.673581 -0.050303 
-0.800966 -0.350774 0.099630 
-0.137539 0.851677 -0.007477 
-0.654708 0.654610 -0.086025 
0.387224 0.826014 -0.097179 
-0.128372 -0.960274 0.099630 
-0.905490 -0.355314 -0.063579 
0.370929 0.782327 -0.024511 
0.087622 -0.839340 0.099630 
0.651778 -0.679885 0.099630 
-0.269073 0.948767 -0.008954 
0.488068 -0.751888 -0.097179 
-0.694312 0.694965 -0.066598 
-0.589711 0.682692 -0.063615 
-0.677920 0.539269 -0.097179 
-0.856519 -0.452656 0.049126 
-0.256100 -0.791135 0.066284 
-0.079177 0.849602 0.047544 
-0.745088 -0.576185 0.099630 
-0.759823 0.354037 0.066456 
-0.795877 0.468930 0.099630 
0.287564 -0.927567 -0.072023 
0.183318 -0.844702 0.099630 
0.235756 0.968025 -0.043211 
0.122960 -0.840742 -0.016967 
0.829491 0.208753 -0.097179 
-0.346298 0.773277 0.094634 
0.832550 -0.238851 -0.034805 
0.783276 -0.311760 -0.084765 
-0.898667 0.190692 -0.084983 
0.819489 -0.207128 -0.097179 
-0.373433 0.754972 -0.063936 
-0.388271 0.905013 0.058086 
-0.930174 -0.274056 0.023838 
-0.468463 0.703913 0.094620 
0.854625 -0.067961 0.026745 
-0.803693 -0.528218 -0.078180 
0.719870 0.466809 -0.097179 
-0.817313 -0.448791 0.099630 
-0.862119 -0.204129 -0.097179 
-0.970509 -0.046735 0.043835 
-0.530351 0.652317 0.088743 
-0.575908 0.795783 0.060263 
0.869559 -0.259156 -0.050827 
-0.816214 0.399077 -0.075932 
0.081599 0.986402 0.098028 
-0.445139 0.729454 -0.005734 
0.541067 -0.814645 -0.006610 
-0.802638 0.220625 -0.048688 
0.450097 -0.866950 0.042601 
-0.178970 -0.852360 0.099630 
-0.645106 0.538137 0.071460 
-0.961670 -0.154939 -0.042591 
0.927176 -0.218900 0.099630 
0.745842 -0.643146 -0.010316 
-0.830056 -0.173719 -0.021997 
0.741403 0.660091 0.059404 
-0.670570 -0.698541 0.063675 
0.448020 -0.774288 -0.097179 
-0.158471 -0.958836 -0.067266 
0.314629 -0.789283 -0.097179 
0.438223 -0.721161 0.041020 
-0.136559 0.898098 -0.093777 
-0.765487 -0.390003 -0.097179 
0.280124 0.810183 0.042707 
0.908498 0.397518 0.049126 
0.567201 0.652093 0.010437 
-0.863108 0.348454 0.099630 
0.318996 0.799905 0.099630 
0.099549 -0.944666 0.099630 
0.687651 -0.698472 0.048214 
-0.523708 0.685635 -0.040517 
0.790010 -0.583827 -0.002305 
0.969145 -0.188516 0.049353 
0.098269 0.842535 -0.069155 
-0.964021 -0.118515 0.029473 
-0.914228 0.289105 -0.084343 
-0.890652 0.075139 -0.053540 
0.955675 0.190625 0.099630 
0.263245 -0.938573 0.075720 
0.861617 -0.334489 -0.081304 
0.335149 0.830592 -0.097179 
0.857872 0.451748 -0.087899 
-0.675699 -0.693737 -0.019366 
0.257881 0.824316 -0.019696 
0.906474 -0.062893 0.099630 
-0.376257 0.767897 0.001083 
-0.107100 -0.967230 -0.032030 
-0.763429 0.422783 -0.097179 
0.879000 -0.442415 0.069585 
-0.336998 -0.908833 0.061400 
0.142865 -0.899323 -0.080465 
-0.019204 0.955432 0.099630 
-0.854293 -0.252188 -0.087770 
0.005532 0.991448 -0.058544 
0.442895 -0.708566 -0.057275 
0.590524 0.797496 0.046700 
0.661664 -0.611176 0.099630 
0.853014 -0.117958 -0.029512 
-0.940921 0.253742 0.011188 
0.051403 0.854247 0.039399 
0.234825 -0.861701 -0.097179 
0.959480 -0.013500 0.099630 
-0.840842 0.148075 -0.037455 
-0.530810 0.717661 0.099630 
0.217001 0.833054 0.015430 
0.877578 0.343716 -0.087510 
-0.868246 0.138713 0.099630 
-0.906070 -0.123272 0.099630 
0.779436 0.375922 -0.009395 
0.608409 0.598336 0.072571 
-0.181865 -0.953577 0.091220 
0.717989 -0.667968 0.064528 
0.093516 -0.834771 -0.045030 
-0.844638 0.090530 -0.016547 
0.758851 0.543965 -0.084045 
0.777760 0.365616 -0.046013 
0.944494 0.074107 0.099630 
0.616090 -0.760962 0.061848 
-0.436148 0.858777 0.099630 
0.820125 0.296290 0.099630 
0.627180 0.636700 -0.097179 
-0.593025 0.670301 -0.097179 
-0.007841 -0.962671 -0.080270 
-0.401686 0.743389 0.069813 
0.784514 0.364130 0.099630 
0.861094 -0.475913 0.002220 
-0.193876 -0.869912 -0.049037 
0.829495 0.204638 0.096586 
0.394733 -0.760766 -0.037200 
-0.854814 -0.299761 -0.079109 
-0.770997 -0.502960 -0.088754 
-0.712785 0.672487 0.046750 
-0.693080 0.467635 -0.091663 
-0.104969 0.886137 0.099630 
0.884175 0.195587 0.099630 
-0.338940 0.789982 -0.012652 
0.582795 0.706063 -0.056014 
-0.772209 0.602055 0.011582 
-0.415328 -0.723590 0.046924 
0.399634 -0.839958 0.099630 
-0.963057 0.141858 0.075963 
-0.449324 -0.807684 -0.089185 
-0.476470 -0.843763 0.069829 
0.795934 -0.288815 0.069231 
0.242361 -0.918985 -0.088214 
0.395007 0.786062 -0.097179 
-0.465582 0.829918 0.099630 
-0.324259 0.930750 0.007613 
-0.799365 0.564160 0.056991 
-0.931571 0.123844 0.099630 
0.739831 -0.407034 -0.047977 
0.833117 -0.355976 -0.056623 
0.670087 -0.673793 -0.090162 
-0.318072 0.848572 -0.066498 
-0.648076 0.742927 -0.048909 
0.900222 0.118481 0.099630 
0.595746 0.632994 -0.043440 
0.806707 -0.469672 -0.086485 
-0.015265 -0.924158 0.099630 
-0.667155 0.701618 0.099630 
-0.931834 -0.222298 -0.082348 
0.948630 0.305744 -0.055716 
0.179018 -0.888982 0.099630 
-0.836874 -0.081935 0.020624 
0.861638 -0.055117 -0.007001 
-0.598428 -0.746751 -0.081779 
0.183619 -0.959459 -0.060755 
-0.676661 0.509078 -0.044744 
-0.621884 -0.635612 -0.078356 
0.556082 -0.698215 -0.097179 
0.748148 -0.409687 0.024792 
-0.968466 -0.077564 -0.026655 
0.193704 0.974920 -0.035768 
-0.897219 0.152460 -0.080678 
-0.248946 0.872532 -0.048459 
0.508349 -0.836696 -0.067277 
0.762572 0.582404 0.099630 
-0.147175 -0.901972 -0.084256 
0.985024 0.060142 0.099630 
-0.818234 -0.518322 0.063582 
-0.046753 0.861857 -0.005267 
-0.703698 -0.649611 -0.081098 
0.708288 -0.661327 0.099630 
-0.833252 0.050730 0.060954 
-0.283276 0.893593 0.099630 
0.936375 -0.309103 0.013007 
0.519192 -0.734295 -0.053886 
-0.974100 0.012499 -0.030292 
-0.184137 -0.953115 0.040346 
0.028835 -0.892521 -0.090413 
-0.233496 -0.860091 -0.085763 
0.057105 -0.834270 0.054949 
-0.463133 0.702155 -0.090130 
0.737792 -0.573385 -0.088823 
-0.777817 -0.329942 -0.011644 
0.762527 -0.376158 0.099630 
0.567654 0.745172 -0.084891 
0.389938 0.758094 0.072685 
0.953114 0.220622 -0.081805 
0.889153 0.447710 -0.034693 
-0.120797 -0.963660 0.062971 
-0.702347 0.559077 0.099630 
0.853316 0.269690 0.099630 
0.972232 0.214733 -0.048145 
0.548343 -0.733865 -0.079359 
0.561981 0.664630 -0.023909 
0.516397 0.689898 0.021827 
-0.075778 -0.836888 0.024641 
0.581400 -0.786913 -0.004706 
-0.948456 0.241196 -0.055391 
-0.784546 -0.500575 0.099630 
-0.623316 -0.716783 0.099630 
0.887593 0.209671 -0.049806 
-0.755817 0.496689 0.099630 
0.748003 0.652730 -0.008328 
0.615262 -0.576092 0.093256 
-0.938967 0.109493 -0.086921 
0.288326 -0.886488 0.099630 
0.986025 -0.003152 -0.073728 
0.690146 -0.480786 -0.097179 
-0.830778 0.087733 0.061895 
-0.500032 0.707601 -0.097179 
-0.517287 -0.656229 0.034967 
-0.655640 -0.685133 -0.087131 
0.817458 0.467127 0.099630 
0.943466 -0.286302 -0.023596 
0.213342 -0.954872 -0.037436 
-0.886339 -0.226238 0.099630 
0.811093 0.273483 0.048618 
0.506716 -0.807837 0.099630 
-0.063558 0.870755 -0.097179 
-0.193453 -0.805592 -0.094153 
-0.565530 0.621445 0.079838 
0.714102 0.543551 -0.097179 
-0.309663 -0.882798 0.099630 
0.745769 -0.435634 -0.097179 
0.606389 0.612693 0.023950 
-0.771769 0.459720 -0.067028 
-0.813809 0.350975 0.099630 
0.730142 0.435347 -0.066360 
-0.160747 0.979773 -0.048591 
0.981621 -0.112495 0.066106 
0.981733 0.128484 0.060800 
0.924968 -0.009734 -0.080143 
0.284786 -0.788672 0.095907 
0.466710 -0.775110 -0.067946 
-0.798667 0.288600 -0.018450 
-0.174211 -0.822089 0.017645 
-0.419471 -0.786182 0.099630 
-0.185961 -0.814712 0.099486 
-0.395254 -0.851498 -0.090160 
0.904545 0.082454 0.099630 
-0.059506 -0.891931 -0.052607 
0.290609 0.798037 -0.065433 
-0.665201 -0.527859 -0.040211 
-0.394822 0.839289 -0.084731 
0.809413 0.474925 -0.086233 
0.850270 0.511275 -0.007143 
-0.839762 -0.103830 -0.009195 
-0.060787 0.847946 -0.046705 
-0.570926 -0.782231 0.016603 
-0.316792 0.803428 -0.041286 
0.585668 -0.626673 -0.097179 
0.936334 -0.128203 0.099630 
-0.914695 0.201379 0.099630 
0.206596 -0.951843 0.032905 
-0.266901 0.949426 0.040460 
0.802076 -0.377266 -0.097179 
-0.122642 -0.827637 0.042381 
0.758978 0.478977 -0.097179 
0.501225 -0.839420 0.019489 
0.917617 -0.011351 0.099630 
-0.442076 0.879269 0.044328 
-0.230127 -0.795149 -0.092487 
0.107843 0.938590 0.099630 
0.046318 -0.967838 0.099630 
0.469899 0.726582 -0.028240 
0.495969 0.716744 0.099630 
-0.918711 0.321256 0.099630 
0.166486 -0.820122 0.058484 
0.255085 0.889243 -0.078037 
0.530430 0.718693 -0.097179 
-0.690948 0.485464 0.042545 
-0.767287 -0.450570 -0.065125 
0.722155 -0.638257 -0.085727 
-0.825078 0.241652 -0.097179 
-0.740368 0.566423 -0.088281 
-0.920455 -0.315679 -0.038472 
-0.560519 0.813011 -0.036595 
0.367025 0.775763 0.041760 
0.909513 -0.295740 0.099630 
-0.460844 0.869333 -0.065879 
0.497485 0.702812 -0.097179 
0.220622 -0.867030 0.099630 
0.230431 -0.911713 0.099630 
0.383358 -0.794575 0.099630 
0.961057 -0.223202 -0.011639 
0.706165 -0.468487 0.098508 
0.904799 -0.216565 -0.084436 
-0.043133 -0.847087 -0.017287 
-0.176920 0.912834 0.099630 
0.621850 -0.575062 0.040512 
-0.402303 0.748999 -0.047977 
-0.609935 0.704709 -0.086447 
0.664846 0.628835 -0.054311 
-0.465483 -0.724829 0.099630 
-0.627740 0.754564 0.088916 
0.934561 0.051365 -0.086276 
-0.274895 -0.797222 0.000779 
0.654281 0.752695 -0.038945 
0.436000 -0.733683 -0.011915 
0.205806 0.888105 -0.063930 
0.846538 0.517735 -0.068779 
-0.316469 -0.792019 -0.097179 
-0.797792 -0.549233 0.076471 
-0.054203 -0.970209 0.056765 
0.834450 0.155980 0.083276 
0.158301 -0.816679 -0.087387 
0.439692 0.735315 0.050704 
0.191992 0.971835 0.022059 
0.356068 0.925178 0.072581 
0.905951 0.403140 0.084117 
-0.617936 0.763886 0.016853 
0.669110 0.622286 -0.089235 
0.975826 0.167530 0.052046 
-0.214325 -0.836618 0.099630 
-0.454622 -0.690611 -0.094082 
-0.486067 0.855392 -0.006042 
-0.057468 0.849386 0.095439 
0.288077 0.951744 -0.036099 
-0.596935 0.616751 -0.022495 
0.907522 0.358912 -0.084151 
-0.683348 0.588180 -0.052068 
-0.872350 0.246995 -0.075948 
0.904187 0.132128 -0.057538 
0.371812 -0.747373 -0.091165 
-0.002538 -0.835994 0.053669 
0.896466 -0.148259 -0.051034 
0.630089 -0.725484 -0.085173 
0.385259 0.757727 -0.055801 
-0.564069 -0.603956 -0.064637 
-0.515024 -0.717528 -0.097179 
-0.714093 0.433687 -0.065413 
-0.819510 -0.211179 -0.013903 
-0.056563 -0.827287 -0.079311 
-0.459064 -0.856435 -0.063590 
-0.503472 -0.655725 -0.095746 
-0.829439 -0.418046 0.099630 
0.848684 0.010731 0.089140 
0.210654 -0.947327 -0.075366 
-0.855734 0.484519 -0.050060 
0.464514 -0.859244 0.083969 
-0.833569 0.161002 0.099630 
0.120533 -0.841871 0.099630 
-0.200380 0.966449 0.032199 
-0.212881 0.969859 -0.048383 
0.167379 -0.826829 0.020332 
0.852657 -0.072439 0.099630 
0.582976 0.619244 -0.072902 
-0.692934 -0.633362 0.099630 
0.759340 -0.629865 -0.044414 
-0.747191 -0.444534 0.099630 
0.093968 0.895320 -0.097179 
0.182446 0.832308 0.092895 
0.021955 -0.972034 -0.068695 
0.652969 -0.536879 0.055807 
0.754777 -0.524501 0.099630 
-0.356787 0.908578 -0.080136 
-0.035524 0.968932 -0.086841 
-0.866302 -0.373628 0.099630 
-0.677071 -0.605604 -0.081054 
-0.864466 0.083492 0.099630 
0.435673 -0.852825 -0.084877 
-0.729345 0.526883 -0.062445 
0.581276 -0.712763 -0.082016 
-0.098493 0.983063 0.022461 
0.684306 0.505280 -0.059853 
0.556137 0.661560 -0.097179 
0.800773 0.340619 -0.040150 
0.735653 -0.608351 0.099630 
-0.768663 0.345874 -0.045850 
0.987412 -0.049921 0.060756 
0.720629 -0.458480 -0.002061 
-0.880592 -0.404451 -0.004808 
-0.613766 0.645033 -0.097179 
0.941865 0.308704 0.067264 
0.395031 -0.892534 0.008200 
-0.223559 0.827781 0.003367 
-0.971690 0.108917 -0.041046 
0.594466 -0.610601 0.008077 
0.011043 0.927227 -0.081234 
0.400671 -0.884466 -0.076185 
0.462261 0.877570 0.002105 
0.845467 -0.045780 -0.054608 
0.028257 -0.854672 0.099630 
-0.928719 0.295972 0.038936 
0.041033 0.962288 0.099630 
-0.964108 0.134757 0.018509 
-0.740897 -0.497345 0.099630 
-0.635684 -0.547332 0.017676 
-0.059501 0.937939 -0.087614 
-0.824591 0.259796 0.099630 
-0.837832 0.117609 0.099630 
-0.901553 0.001844 0.099630 
0.760228 -0.622258 0.069740 
0.168457 0.855769 -0.097179 
0.547747 -0.654872 -0.003612 
0.655065 0.668408 0.099630 
0.933892 0.332821 0.020913 
0.922007 0.102818 -0.081386 
-0.149701 0.832013 -0.077337 
-0.316664 0.788623 0.049153 
-0.063008 0.903156 -0.097179 
-0.753367 0.405842 -0.027715 
-0.494814 -0.667203 0.064117 
0.552138 0.783613 -0.089744 
-0.118947 0.847680 0.099630 
0.582989 -0.785774 0.066628 
0.697500 -0.697527 -0.044571 
-0.233070 -0.941705 -0.015773 
-0.471447 -0.697464 0.002591 
-0.094749 -0.966310 0.096919 
0.651198 -0.553049 -0.005315 
0.680008 0.575912 0.099630 
0.959194 -0.160360 0.099630 
0.269634 -0.788550 -0.056007 
-0.813294 -0.484633 0.099630 
-0.744481 -0.367606 0.068797 
-0.970314 0.069796 0.045447 
0.811741 -0.247117 0.061199 
0.395862 0.890835 -0.085630 
0.586117 0.621137 0.067634 
-0.139224 0.878405 0.099630 
0.357692 -0.911365 -0.062024 
-0.970243 -0.054847 0.089952 
-0.931655 0.272066 0.099630 
0.671624 0.525166 0.074194 
-0.419055 -0.734921 -0.018170 
0.178101 0.829592 -0.062294 
0.978890 -0.131851 0.094818 
-0.544971 -0.715120 -0.073461 
0.531240 0.797324 0.099630 
0.533379 -0.825374 -0.050516 
-0.960154 -0.142321 0.071842 
-0.467632 -0.760203 0.099630 
0.383886 0.880263 0.099630 
0.335685 -0.802654 0.099630 
-0.828026 -0.204039 0.099630 
-0.584648 -0.585272 0.082120 
0.152698 -0.838740 -0.041065 
0.968183 0.209761 0.025026 
0.348049 -0.856882 -0.086798 
0.771447 0.404738 -0.097179 
0.302147 0.943893 0.031202 
0.205156 -0.849558 -0.097179 
0.523205 0.815357 -0.088324 
-0.523722 0.684046 -0.097179 
-0.599789 -0.593794 -0.097179 
0.058796 -0.841907 0.010751 
0.586626 0.655021 0.099630 
-0.713384 0.474621 -0.028384 
-0.917111 -0.022541 -0.086318 
-0.560975 -0.618315 0.038425 
-0.112184 -0.847389 0.099630 
0.535943 -0.649017 0.063150 
0.572336 -0.624652 0.033299 
-0.494886 0.806590 0.099630 
-0.329454 -0.913983 -0.032145 
0.868373 -0.183770 -0.097179 
0.882962 -0.435003 0.017936 
-0.775354 -0.539832 0.099630 
-0.400842 0.900243 -0.066157 
-0.378592 -0.760870 -0.039981 
-0.702346 -0.476547 -0.037033 
0.009726 -0.867893 -0.097179 
-0.665611 0.516293 0.096171 
-0.509796 -0.826784 -0.063698 
-0.830314 -0.106142 0.040232 
0.784712 -0.424564 -0.097179 
-0.829842 0.118591 0.046671 
-0.363748 -0.898765 -0.005978 
-0.165924 -0.833850 -0.035358 
-0.324838 -0.771301 -0.044759 
0.844869 -0.435478 -0.088675 
-0.810975 -0.178204 0.076118 
0.732680 -0.436539 0.017730 
0.424546 0.811636 0.099630 
-0.818385 0.538058 -0.065206 
-0.866156 -0.434625 0.096469 
0.740312 0.536737 -0.052818 
0.876962 0.476225 -0.049329 
-0.943965 -0.142424 0.099630 
-0.894666 0.003832 -0.056293 
0.697027 0.653012 0.099630 
-0.684488 -0.675683 -0.077922 
-0.848851 -0.455294 -0.077453 
-0.827421 -0.508000 -0.029978 
0.154641 -0.958512 -0.073547 
-0.792866 -0.297673 -0.097179 
-0.447499 0.882324 -0.040246 
-0.355590 0.918957 -0.024204 
-0.095081 -0.845155 -0.032880 
0.003219 0.864463 -0.009645 
-0.428472 -0.709106 0.076545 
-0.694804 -0.460552 0.048565 
-0.003172 0.926472 0.099630 
-0.967772 -0.080431 0.019558 
-0.721592 -0.645962 0.095422 
0.369383 -0.768084 -0.012200 
0.038812 -0.843983 -0.097179 
-0.636487 0.577215 -0.032889 
-0.571188 0.645454 -0.038422 
-0.602278 -0.597213 -0.033876 
-0.825490 0.483895 0.099630 
0.836544 -0.516227 0.071718 
0.802841 -0.565922 0.092706 
-0.917617 -0.089583 0.099630 
-0.498130 0.847890 0.028964 
-0.334324 0.842163 -0.095374 
0.963058 0.231740 0.051032 
0.083052 0.859503 -0.000374 
-0.733786 -0.416038 -0.005203 
0.746088 -0.401509 0.057682 
-0.140692 0.948468 -0.089781 
0.731364 0.670808 0.093388 
-0.327052 -0.889889 -0.086625 
-0.285842 -0.924310 0.099630 
-0.287442 -0.781086 0.060646 
-0.120323 0.837045 -0.057976 
-0.786418 0.323173 -0.010719 
0.177844 0.919432 -0.085950 
-0.816579 -0.179677 0.042299 
0.255433 -0.862416 -0.062353 
-0.561819 -0.689891 -0.089255 
0.451385 -0.872915 -0.042461 
0.872049 -0.368832 -0.089418 
-0.131815 -0.818308 -0.066788 
0.066748 0.987477 0.029160 
-0.764599 -0.354698 -0.097179 
-0.346152 0.847819 0.099630 
0.396975 0.751497 -0.085092 
-0.745759 0.374515 -0.077782 
-0.891071 -0.204146 -0.085323 
-0.053220 -0.891094 -0.091863 
0.737873 -0.572509 0.099630 
0.158271 -0.818210 0.089311 
-0.080368 -0.864972 -0.097179 
-0.402261 -0.735692 0.021246 
-0.896097 -0.090878 -0.072256 
-0.229957 0.851110 -0.097179 
-0.654836 -0.720333 -0.057669 
-0.718385 -0.450097 -0.029050 
0.794096 0.302099 -0.059214 
0.004004 -0.844617 0.006253 
-0.644871 0.741218 0.066545 
-0.137169 0.837072 0.073517 
0.830124 0.235644 0.099630 
0.447024 -0.786177 0.099630 
0.843341 0.377708 0.099630 
-0.450297 -0.826760 0.099630 
-0.571882 0.802043 -0.064237 
-0.222996 -0.900087 0.099630 
0.916938 -0.267179 -0.087687 
0.872962 -0.143377 -0.097179 
-0.113450 -0.964468 0.030994 
-0.838926 -0.034901 0.028465 
-0.192450 -0.951176 -0.019819 
0.288363 -0.843905 -0.097179 
-0.975750 0.042507 -0.038068 
0.911952 -0.185581 -0.084389 
-0.718170 -0.409504 -0.062691 
-0.971601 0.030503 -0.004708 
0.836941 -0.407896 0.099630 
0.839750 -0.102967 -0.053204 
0.157237 -0.964297 -0.038456 
0.221729 0.945932 -0.085674 
0.621586 0.750131 0.099630 
0.880249 -0.372540 0.099630 
-0.344193 -0.764442 0.025179 
0.634611 -0.573378 -0.021781 
-0.848532 0.009532 -0.014680 
-0.894023 -0.057966 0.099630 
-0.419999 -0.758121 -0.097179 
0.531866 0.837488 0.012757 
-0.776119 -0.319737 0.017516 
0.819398 0.221620 -0.065232 
0.763483 0.633868 0.089434 
0.967710 0.132533 -0.082643 
0.101401 -0.824973 -0.077248 
-0.672922 0.629821 -0.082901 
0.692502 0.506640 -0.097179 
0.845947 0.049177 -0.092486 
-0.429886 0.723189 -0.060890 
0.750136 0.425119 0.014502 
0.780124 0.343145 -0.097179 
0.290947 0.828929 -0.097179 
0.555166 0.766217 0.099630 
-0.273071 0.926950 0.099630 
-0.803023 -0.399814 -0.069680 
-0.404566 -0.792972 -0.071077 
-0.835509 0.050343 0.098175 
-0.456053 -0.854676 0.044742 
0.874942 0.140493 0.099630 
-0.332718 0.930351 -0.062934 
0.658600 -0.725681 0.014883 
-0.605064 0.593230 0.035436 
-0.225626 -0.941469 -0.071378 
0.635093 0.762487 0.037950 
0.016275 0.989129 0.011796 
-0.215755 0.901214 -0.082995 
-0.770754 0.491352 -0.079501 
-0.767338 -0.363928 -0.037153 
-0.199356 0.821094 -0.078421 
-0.320581 -0.850485 -0.081723 
-0.796152 0.408624 -0.097179 
-0.191675 0.930009 -0.089658 
0.561881 -0.663641 -0.097179 
0.877808 0.329581 0.099630 
0.026790 -0.838100 -0.045212 
-0.265267 0.813977 0.011058 
0.402409 -0.733817 0.075265 
-0.784108 0.585451 0.078382 
0.863907 0.035215 0.099630 
0.818376 -0.544242 0.068322 
-0.965139 0.059385 -0.076172 
-0.819863 0.448289 -0.088064 
-0.794558 0.249951 -0.082240 
-0.530866 0.663826 0.030724 
-0.374804 0.756213 0.077038 
0.643651 0.556054 -0.087541 
-0.935974 -0.254936 0.000615 
-0.146172 0.976592 -0.021851 
0.952674 -0.252885 0.099630 
-0.678064 0.709603 -0.007201 
0.373833 -0.903667 -0.030876 
