0.372657 0.878706 0.091162 
-0.432622 -0.899666 -0.022906 
0.890578 -0.427693 -0.009112 
-0.917336 0.393384 -0.012722 
0.921475 0.352148 -0.042110 
0.324923 -0.930524 -0.052542 
-0.378268 0.917037 -0.032581 
-0.909045 -0.341433 0.091162 
0.831451 -0.032137 0.091162 
0.011857 0.814149 -0.094080 
0.586597 0.584687 -0.094080 
0.547427 -0.621965 0.091162 
-0.047548 -0.837396 0.091162 
-0.608496 -0.541804 -0.086764 
-0.833770 0.007738 -0.094080 
-0.575777 0.594849 0.091162 
-0.127859 0.975201 0.091162 
0.790230 0.563595 0.091162 
-0.649325 -0.747994 0.088433 
-0.979219 0.151006 0.088126 
0.613525 0.766377 0.089585 
0.651385 -0.475824 -0.093866 
0.778975 -0.204133 -0.093390 
0.133181 0.962617 0.091162 
-0.682800 0.461156 -0.094080 
-0.223323 -0.781478 -0.088475 
-0.986416 -0.096426 0.072832 
0.962236 0.105696 -0.068163 
-0.747513 -0.334455 -0.094080 
0.080874 -0.977953 -0.062501 
-0.812530 -0.567135 0.072247 
-0.575841 0.779870 -0.072015 
0.415046 -0.708417 -0.094080 
0.263072 0.765789 -0.094080 
0.801445 0.202066 0.091162 
0.202690 -0.793822 0.088923 
-0.799967 0.582092 0.066451 
0.700409 0.396818 -0.032921 
-0.377772 0.718012 0.072808 
0.488036 -0.855565 0.082694 
-0.423857 -0.704180 0.086927 
0.778009 -0.600984 0.077123 
0.954077 -0.229107 0.072477 
-0.210427 0.782614 -0.094080 
-0.783766 0.223006 -0.082671 
-0.222383 -0.962960 0.054245 
0.479135 0.776614 -0.080380 
0.633403 -0.741509 -0.064954 
-0.922251 -0.220382 -0.083186 
-0.732433 0.369840 0.084036 
0.719587 -0.384298 0.089256 
0.951070 -0.097244 -0.077497 
0.421251 0.694151 0.082587 
-0.716148 -0.403216 0.084179 
-0.549226 -0.761866 -0.083336 
0.153566 -0.805661 -0.094080 
-0.805581 -0.147413 0.079154 
0.246786 0.950140 -0.056545 
0.788586 0.217834 -0.094080 
-0.001509 0.827344 0.091162 
-0.209606 0.799607 0.091162 
0.596026 0.580336 0.091162 
-0.043675 -0.821937 -0.094080 
-0.827366 0.047175 0.091162 
0.203521 0.792682 0.091162 
0.005032 0.988728 -0.036507 
-0.504087 0.849396 0.081872 
-0.548955 0.600929 -0.094080 
0.804959 0.017996 -0.094080 
-0.729149 -0.673293 -0.051204 
-0.598328 -0.578187 0.091162 
-0.874481 -0.462282 -0.056577 
-0.718800 0.673395 -0.061052 
0.183659 -0.969348 0.086313 
0.376160 -0.719766 0.078252 
-0.259554 -0.795716 0.091162 
0.782065 -0.215721 0.082794 
-0.944564 0.139702 -0.081291 
0.721232 0.675020 -0.036016 
-0.402582 0.745527 -0.094080 
-0.178637 0.954078 -0.070291 
-0.813408 0.221940 0.091162 
0.812429 0.384927 0.091162 
-0.378396 -0.720163 -0.079016 
0.818354 0.507054 -0.072719 
-0.085894 -0.979248 -0.061040 
-0.660816 0.735376 0.083632 
0.963538 0.183811 0.076208 
0.980819 0.012807 0.059915 
0.005248 -0.987359 0.090030 
0.618090 -0.763326 0.091162 
0.558720 -0.602104 -0.094080 
-0.829314 0.511215 -0.070791 
0.774575 -0.366261 -0.094080 
0.924866 -0.280135 -0.071445 
0.773386 -0.569186 -0.075874 
0.468549 -0.851681 -0.069970 
0.328305 -0.880881 0.091162 
-0.510147 -0.827653 0.091162 
-0.274842 0.947144 0.076524 
-0.974168 -0.066998 -0.072360 
-0.283889 -0.925400 -0.075373 
0.634310 -0.502228 0.066406 
-0.512960 -0.632219 -0.025005 
0.381971 0.898350 -0.063574 
-0.727612 -0.492106 -0.027185 
-0.660733 0.489431 0.047997 
0.678750 0.464895 0.091162 
-0.777254 -0.280850 0.042656 
0.298925 -0.798219 -0.094080 
-0.940524 0.301196 0.091162 
0.127372 0.861085 -0.029077 
-0.807080 -0.129584 -0.094080 
0.865353 -0.334251 0.091162 
-0.355336 -0.903678 0.091162 
0.495670 0.848248 0.037304 
-0.799072 0.361035 -0.074446 
-0.991489 0.036204 0.014402 
0.063399 -0.830394 0.012956 
-0.850003 0.446570 0.091162 
0.605287 0.725921 -0.080546 
0.479977 0.647890 -0.043041 
-0.489862 0.670053 0.017163 
0.926118 0.315725 0.091162 
-0.948595 0.271685 -0.056302 
-0.095270 0.829292 -0.016785 
-0.363280 0.849536 0.091162 
0.369538 0.716885 -0.037040 
0.262285 0.947839 0.090064 
-0.964444 -0.228665 0.059026 
0.821736 -0.102983 -0.016737 
0.814000 -0.472660 0.091162 
0.815936 0.116256 -0.004279 
0.694279 0.527936 -0.043757 
-0.934182 -0.343631 -0.048488 
-0.824678 0.117672 -0.016177 
0.197503 -0.928449 -0.082246 
0.693835 0.659464 0.091162 
0.938962 0.228794 -0.069329 
-0.307533 0.776836 -0.015141 
0.772597 0.300495 -0.002138 
-0.844087 -0.447254 0.091162 
0.932247 -0.108834 0.091162 
-0.149122 -0.825561 -0.001296 
0.498514 -0.673263 -0.008656 
0.726927 -0.671629 -0.008537 
0.012681 0.950392 0.091162 
0.128213 0.981024 -0.033814 
-0.732737 -0.653459 0.091162 
0.764547 -0.307352 0.008321 
0.813269 0.385024 -0.076500 
0.324477 0.760928 0.091162 
-0.832141 -0.046190 0.020442 
-0.110797 -0.976138 0.091162 
0.666116 -0.627774 0.091162 
-0.657623 0.578243 -0.025115 
-0.274236 0.877019 -0.081489 
-0.820620 -0.562620 -0.047267 
-0.489839 0.853915 -0.059976 
0.739859 -0.456124 -0.024582 
0.870205 0.452483 0.020137 
0.657077 -0.577628 -0.043218 
0.897859 0.083143 0.091162 
-0.536407 -0.696399 0.091162 
-0.699902 -0.529080 0.091162 
-0.690996 0.590856 0.091162 
-0.336472 -0.762800 0.015623 
0.568264 -0.808094 -0.003096 
-0.619664 -0.676140 -0.080794 
-0.351374 -0.838175 -0.076781 
-0.837894 -0.289608 -0.051610 
-0.530287 -0.844980 -0.015708 
0.058691 -0.871374 -0.087687 
-0.635041 -0.770534 -0.017153 
0.103645 0.854039 0.091162 
0.277468 -0.784402 0.011014 
0.838062 -0.521911 -0.001185 
0.123422 -0.872201 0.091162 
0.479005 -0.746336 0.091162 
-0.789674 0.284813 0.004115 
-0.179046 -0.869417 0.091162 
-0.116866 0.869303 0.091162 
0.971574 -0.186096 -0.023524 
0.412088 -0.894608 0.020391 
-0.179028 -0.917280 -0.083787 
-0.930631 -0.002878 0.091162 
0.514502 -0.757530 -0.081925 
0.572457 0.808288 -0.022394 
0.530048 0.702932 0.091162 
0.233794 0.837897 -0.023905 
-0.083786 0.911232 -0.081062 
-0.817485 -0.194128 -0.013236 
-0.755779 0.491550 0.091162 
-0.094893 0.988246 -0.010238 
-0.503637 0.709542 -0.094080 
-0.735265 0.412135 -0.011564 
0.984236 0.007644 -0.045878 
-0.868321 -0.246233 0.091162 
-0.843302 0.344006 0.091162 
0.793429 0.591172 -0.019858 
-0.591295 0.791554 0.034268 
-0.403699 -0.814441 0.091162 
0.382365 -0.783327 -0.033914 
-0.511622 0.735396 0.091162 
0.715570 0.374335 0.065297 
0.875766 -0.185359 -0.073665 
-0.739288 0.570162 -0.083155 
-0.658902 0.745713 -0.025908 
-0.949154 0.028729 -0.083565 
0.063056 0.915240 -0.082238 
-0.746981 -0.395384 -0.010036 
0.855747 0.131643 -0.094080 
-0.985581 -0.159532 -0.036833 
0.168116 0.793899 -0.094080 
-0.467477 -0.741120 -0.031512 
0.609058 0.555822 -0.004191 
0.824706 -0.128825 0.091162 
0.256515 -0.952163 0.025634 
-0.976047 0.188579 -0.000379 
0.921163 -0.338999 0.012978 
0.337704 0.813500 -0.056958 
0.529983 0.624020 0.037157 
0.751013 0.314474 -0.094080 
-0.639307 -0.538965 0.014408 
0.894908 -0.010203 -0.073551 
-0.217356 0.808710 -0.002977 
0.405804 -0.808979 0.091162 
0.430317 0.787843 0.091162 
-0.311765 -0.938517 0.015023 
0.804195 0.058608 0.069458 
-0.278822 0.954670 -0.017138 
-0.870382 0.193306 -0.060022 
-0.896671 -0.129247 0.091162 
0.721916 -0.523687 0.091162 
-0.761891 -0.435383 -0.093115 
0.834469 -0.267628 -0.051747 
-0.471582 -0.820716 -0.084016 
0.205596 -0.850409 -0.031065 
0.697427 0.556529 0.091162 
-0.587523 0.649315 -0.024741 
0.663943 0.722834 0.019279 
0.823114 0.292800 0.091162 
0.819226 -0.476393 -0.079720 
-0.863282 0.132497 0.091162 
0.159097 -0.979068 -0.002350 
-0.908385 0.214679 0.091162 
-0.712701 -0.587008 -0.079178 
0.840986 0.297254 -0.071529 
-0.140290 -0.834334 -0.094080 
-0.021291 -0.916032 -0.080725 
-0.004164 0.871228 -0.024046 
-0.617697 0.533174 -0.094080 
-0.868217 0.479120 0.005467 
-0.863473 0.425486 -0.079686 
-0.900994 -0.120851 -0.076070 
0.564908 -0.603338 -0.003433 
-0.788659 -0.226519 -0.094080 
-0.842862 -0.381251 -0.081896 
0.975581 0.099643 0.034970 
-0.866242 0.096470 -0.094080 
0.033998 -0.882432 0.091162 
-0.145471 -0.977745 0.008170 
-0.430654 0.788390 0.091162 
0.808352 -0.197296 -0.001176 
-0.851432 0.288715 -0.067271 
-0.671734 -0.472283 -0.094080 
-0.714964 0.683045 0.027390 
0.080590 -0.983498 0.042949 
0.668442 0.616459 -0.080522 
-0.026825 -0.987829 0.007286 
0.860528 -0.383993 -0.081966 
0.567449 0.659364 -0.035247 
-0.286336 0.759136 0.073326 
0.841521 0.209481 -0.023750 
-0.461253 -0.679128 -0.094080 
0.318969 -0.785526 0.091162 
-0.027856 -0.834996 0.005356 
-0.166890 0.856241 -0.073110 
-0.261169 -0.800686 -0.008810 
-0.203609 0.898084 0.091162 
0.341583 0.921620 0.021393 
0.677923 -0.662137 -0.080284 
-0.902731 -0.409068 0.036349 
-0.800390 0.596286 -0.019528 
-0.766183 -0.628003 0.012693 
-0.383777 0.846559 -0.082438 
0.979847 -0.081061 0.002180 
0.242483 -0.872999 0.091162 
-0.583473 -0.799732 0.055579 
-0.848766 -0.511579 0.017321 
0.383800 -0.860089 -0.082303 
0.832620 0.028888 -0.006115 
-0.629423 -0.658399 0.091162 
0.298026 0.774692 0.008604 
0.676778 0.460773 -0.094080 
-0.420687 0.709619 -0.018485 
-0.721072 0.499537 -0.027823 
0.857358 -0.099444 -0.094080 
0.781121 0.464118 0.091162 
-0.839812 0.035842 0.000032 
-0.276768 0.855280 0.091162 
0.473136 0.862894 -0.042924 
-0.430544 0.888323 0.027384 
0.668495 -0.721144 0.027318 
0.947839 0.253286 0.030653 
0.779369 -0.315008 0.091162 
0.172894 0.907643 -0.082720 
0.858714 -0.250262 0.091162 
-0.719561 0.380862 -0.093996 
-0.440593 -0.886344 0.067630 
0.483584 -0.660152 -0.094080 
-0.701578 -0.699772 0.023203 
0.533794 0.791413 0.091162 
0.286463 0.882093 -0.084295 
0.882223 0.172155 0.091162 
0.181047 0.883972 0.091162 
-0.290200 0.758507 -0.094080 
0.826454 0.528378 0.022645 
0.065994 0.823267 0.024415 
-0.265096 -0.902818 0.091162 
0.752970 -0.287480 -0.082798 
-0.830634 -0.365343 0.091162 
-0.084322 0.804799 -0.094080 
-0.682135 -0.469697 0.036952 
-0.585665 -0.596528 -0.014702 
-0.304548 -0.753911 -0.087053 
-0.911282 0.387621 0.079921 
0.467311 -0.662339 0.065863 
0.703044 -0.405352 -0.094080 
0.762381 0.447585 -0.064620 
-0.991861 -0.044559 0.004598 
0.437312 0.708453 -0.094080 
-0.092108 -0.869755 -0.039438 
0.968476 0.178901 -0.012810 
0.563404 -0.694482 -0.070861 
-0.174885 0.969918 0.026168 
0.730880 -0.380230 0.007221 
0.892395 -0.409226 0.081715 
-0.618657 0.697312 -0.080832 
0.617140 0.682152 0.091162 
0.227915 -0.777319 -0.054453 
0.883881 0.425466 -0.053768 
0.144457 -0.810755 0.036958 
0.134383 -0.882111 -0.065475 
0.091412 0.816684 -0.094080 
-0.118404 -0.804945 0.069170 
0.065586 0.982403 0.015201 
0.269671 0.868734 0.091162 
0.911802 -0.010828 0.091162 
-0.238969 -0.968161 -0.023119 
0.437724 0.698522 0.005238 
-0.941688 -0.310143 0.026154 
-0.141089 0.804985 0.052073 
-0.540174 -0.677927 -0.094080 
-0.639790 0.650859 0.091162 
0.334475 -0.926869 0.027419 
0.554383 -0.813223 0.084346 
0.758569 0.622199 0.043452 
0.756499 0.560801 -0.082293 
-0.877778 -0.049890 -0.052342 
-0.746233 0.649659 0.090980 
0.418890 -0.712053 0.013162 
0.518102 0.692889 -0.094080 
-0.566070 0.679563 0.091162 
0.263255 -0.873079 -0.078402 
0.665421 -0.489601 -0.003779 
-0.481586 -0.674798 0.031934 
-0.779116 0.451903 -0.070825 
-0.390247 -0.784594 -0.036127 
-0.237854 -0.855510 -0.058547 
-0.771546 -0.499562 0.091162 
-0.353888 0.920852 0.040806 
-0.549175 -0.601367 -0.087287 
-0.382913 0.786490 -0.027884 
-0.362602 -0.925217 -0.042424 
-0.765184 0.300195 0.085901 
-0.334576 -0.778991 0.091162 
0.339204 -0.734642 -0.078694 
0.894021 0.403062 0.073568 
-0.839853 -0.077925 0.091162 
0.791724 -0.586813 0.003169 
0.601129 -0.538691 -0.089150 
0.382616 0.765097 -0.094080 
-0.809262 0.164596 0.041876 
0.683209 0.456906 0.016029 
-0.106578 -0.891207 0.091162 
0.196057 0.968425 -0.002834 
-0.528313 0.836685 0.002722 
-0.629166 0.608897 -0.087424 
-0.984186 0.116499 0.018694 
-0.756309 -0.321551 -0.020730 
-0.479306 -0.754472 0.091162 
0.894788 0.070387 -0.075536 
-0.757285 -0.340970 0.091162 
0.624931 0.510874 0.067117 
0.611487 -0.568934 0.091162 
0.728713 -0.659979 0.066974 
-0.531813 -0.623089 0.080820 
-0.895828 0.346674 -0.078429 
-0.990516 0.079993 -0.050215 
0.850464 0.489416 0.090378 
-0.011555 0.934651 -0.083741 
0.816442 -0.399034 0.091162 
-0.585637 0.563782 -0.030956 
0.624289 0.508417 -0.074378 
0.606809 -0.671263 0.091162 
-0.441724 0.681789 0.071785 
-0.777084 -0.513700 -0.080328 
-0.803033 0.137785 -0.083173 
-0.952858 0.270746 0.026289 
-0.471617 0.771323 -0.073293 
-0.754159 0.306816 -0.055146 
-0.630152 0.547110 0.091162 
-0.833944 -0.124393 -0.003572 
-0.191840 -0.797923 0.050067 
0.090986 -0.805536 -0.048973 
-0.056421 0.817833 0.042772 
-0.975808 0.079178 0.091162 
0.694335 -0.434632 0.036657 
-0.786939 -0.217115 0.074339 
-0.509151 0.637492 0.079083 
-0.042338 0.886352 0.091162 
0.414437 -0.883722 0.091162 
0.525256 0.621657 -0.094080 
0.175419 0.789456 -0.023080 
-0.806346 0.215818 -0.015204 
0.803789 -0.043606 -0.052256 
0.790217 0.231390 0.020869 
-0.855433 -0.197590 -0.090679 
0.907124 0.247422 0.091162 
0.013519 -0.811053 -0.053783 
0.910327 -0.176146 0.091162 
0.736411 -0.508769 -0.071760 
0.753480 0.292574 0.078542 
0.794343 -0.131636 -0.093511 
0.805786 0.131497 0.091162 
0.979507 -0.055451 0.077073 
0.458059 -0.744170 -0.035522 
0.064090 -0.813305 0.081041 
0.790085 0.152658 -0.058436 
0.821397 -0.539084 0.069801 
-0.066333 0.983122 0.058467 
-0.784838 0.415778 0.091162 
0.552705 0.585951 -0.032765 
-0.501262 0.639072 -0.060357 
0.501526 -0.847180 0.014854 
-0.902756 0.060975 0.091162 
-0.386016 -0.911072 0.027541 
-0.037313 -0.906168 0.091162 
-0.399092 -0.732746 0.014979 
-0.843025 0.515651 0.091162 
-0.698074 0.431319 0.053869 
0.368121 0.726827 0.049775 
-0.638003 0.504135 -0.034719 
0.918001 0.164393 -0.083038 
0.863046 -0.468449 0.042834 
0.422620 0.759350 -0.026039 
0.437099 0.880218 0.066937 
0.525488 -0.695623 0.091162 
0.135313 0.800413 0.061980 
-0.632183 -0.608557 -0.082617 
0.003298 -0.987453 -0.054461 
0.611974 -0.628491 -0.052640 
-0.656077 -0.483850 -0.028443 
-0.442093 -0.752007 -0.094080 
-0.285152 -0.819079 -0.094080 
0.098689 -0.938607 0.091162 
-0.671308 -0.726699 -0.054904 
-0.967718 -0.243003 -0.037719 
0.913987 -0.347263 -0.061680 
0.767384 -0.244899 -0.026827 
-0.812520 -0.068222 -0.054032 
0.017166 -0.873707 -0.028129 
0.214425 0.843334 -0.092169 
-0.884656 0.017484 -0.050339 
-0.706760 -0.405987 -0.067259 
0.536088 -0.820803 -0.061172 
0.474241 0.662480 0.049239 
0.928048 -0.309326 0.091162 
0.210048 -0.803309 0.017004 
-0.773734 -0.256660 -0.025539 
0.799191 -0.345109 -0.035139 
0.916935 0.347659 0.024753 
-0.639011 -0.506691 0.073979 
-0.931166 0.337120 0.021146 
-0.822996 -0.298785 0.091162 
-0.861196 0.268874 0.091162 
-0.991953 -0.016872 0.068427 
0.042983 0.881963 0.091162 
0.755254 -0.440905 0.091162 
0.413070 0.842401 -0.082508 
0.906607 0.287244 -0.078515 
0.501433 0.709043 -0.027716 
-0.537046 -0.694164 -0.029056 
0.798980 0.096113 -0.092351 
-0.754236 0.355782 0.018278 
-0.563178 0.810954 0.091162 
0.732559 0.378059 -0.094080 
-0.916848 -0.286270 -0.080128 
0.257239 -0.944846 -0.059206 
0.614197 0.765826 0.012994 
-0.619377 0.550085 0.026069 
0.942213 -0.276679 0.007720 
-0.826171 0.545340 0.013448 
0.760990 -0.628123 -0.049044 
-0.314993 0.828784 -0.054925 
0.352155 -0.751516 0.015178 
0.516508 -0.621088 -0.044432 
0.724989 -0.352086 -0.053364 
0.181134 -0.903896 0.091162 
-0.242720 0.939826 -0.070574 
-0.937367 -0.279099 0.091162 
0.664722 -0.701644 0.091162 
0.323420 -0.811013 -0.027061 
-0.450343 -0.678166 -0.029274 
-0.449743 0.676009 -0.075499 
0.616484 -0.766522 0.010659 
0.679460 -0.434699 -0.036168 
-0.403084 0.900766 0.085750 
-0.079540 -0.807870 -0.023697 
0.069423 0.982025 0.089711 
0.950942 0.121903 0.091162 
0.483410 0.750518 0.091162 
-0.505359 0.713648 -0.028213 
0.412621 0.897312 -0.006511 
0.057935 0.806517 -0.037618 
0.622144 0.661705 -0.080830 
-0.810942 0.104382 0.065686 
0.628244 -0.539992 0.014292 
0.866078 -0.051169 -0.032789 
-0.574525 0.600754 0.020657 
-0.556035 0.675314 -0.078929 
-0.434613 0.890179 -0.048291 
-0.855920 -0.015642 0.091162 
-0.021265 0.871133 -0.086557 
-0.088043 -0.918765 -0.082723 
-0.584312 -0.809570 -0.023066 
0.266147 0.765137 0.064564 
0.323321 0.928493 0.088307 
0.773980 -0.404415 -0.040823 
0.385464 -0.911737 -0.043735 
0.442621 -0.676401 -0.046059 
0.321483 0.740072 -0.091486 
0.943108 0.297301 -0.015389 
-0.919867 -0.196292 0.091162 
0.358860 0.814487 0.091162 
-0.034008 0.812849 -0.021514 
0.755035 0.621482 -0.060311 
0.814643 -0.072111 0.038215 
0.664718 0.714187 -0.062307 
-0.964387 0.196788 -0.061976 
0.862035 -0.317634 -0.082087 
-0.661324 -0.576323 -0.031521 
-0.812207 0.068554 -0.053792 
0.759989 0.264544 -0.056582 
0.202520 0.962625 0.076665 
0.930181 -0.217732 -0.078235 
0.285294 0.946042 -0.006998 
-0.165857 -0.945808 0.091162 
0.528675 0.815683 -0.066824 
0.282593 -0.923893 0.091162 
0.617789 0.609972 -0.044060 
-0.011685 0.984911 0.023842 
0.715963 -0.600164 -0.082498 
-0.357133 0.728233 -0.054566 
0.065141 0.981867 -0.052342 
0.791510 0.355806 -0.024316 
0.262844 -0.767049 0.069127 
-0.978466 -0.158143 0.072767 
-0.306312 -0.856219 0.091162 
0.711355 0.675939 0.025276 
0.320723 0.926539 -0.058046 
-0.910425 -0.412774 -0.025002 
0.847929 -0.189346 0.091162 
-0.419353 -0.853732 -0.082418 
0.589362 -0.784405 -0.058767 
0.398967 -0.767892 -0.094080 
-0.966035 0.219269 0.057463 
-0.689556 -0.532015 -0.094080 
0.065794 0.871433 -0.039190 
0.967870 -0.160146 0.076769 
-0.986235 -0.113927 0.004236 
-0.696460 0.514124 0.091162 
0.386962 -0.710393 -0.039772 
-0.765380 0.626408 0.037755 
-0.079508 -0.984616 0.038108 
-0.164019 0.793040 -0.028282 
-0.922843 0.118625 0.091162 
-0.821103 -0.447973 -0.082491 
-0.799232 -0.364584 -0.025574 
0.557326 0.630578 0.091162 
-0.188869 -0.790272 -0.030887 
-0.174163 -0.857268 -0.049069 
-0.907898 0.235978 -0.083938 
-0.350430 0.769013 0.091162 
0.010199 -0.817980 0.053802 
0.857657 0.147583 -0.035830 
0.877547 -0.083199 0.091162 
0.664974 -0.546007 -0.094080 
-0.755708 0.512399 -0.076638 
0.134177 -0.940047 -0.082513 
0.982666 0.045397 0.001116 
0.149897 -0.796309 -0.034685 
0.870129 0.348492 -0.083704 
-0.775543 -0.408409 0.091162 
-0.684394 0.546343 -0.079047 
-0.759345 0.641824 -0.030121 
-0.332032 0.912397 -0.070475 
-0.602121 0.744592 0.091162 
-0.350234 0.751307 0.018147 
-0.829832 -0.512443 0.091162 
0.769888 -0.264393 0.049338 
-0.240464 0.838811 -0.048952 
0.653521 0.503515 -0.007785 
0.941466 -0.159277 -0.078491 
-0.687299 0.620379 -0.082192 
-0.529718 -0.819097 -0.071544 
0.876560 0.235923 -0.079196 
-0.868582 -0.159986 -0.045203 
-0.419095 0.798947 -0.073990 
-0.172900 0.847377 0.091162 
-0.986260 0.141981 -0.039328 
0.571401 0.798454 0.046018 
-0.551562 -0.753575 0.091162 
0.048264 -0.994361 -0.016151 
-0.761778 -0.590526 0.091162 
0.951785 0.059256 0.091162 
-0.498516 -0.855434 0.032830 
-0.182891 0.954103 0.091162 
0.744234 0.509961 0.091162 
-0.693537 0.675759 0.091162 
0.790134 -0.154962 -0.037566 
-0.316550 0.898426 0.091162 
-0.794355 -0.299382 -0.094080 
-0.811971 -0.567914 0.010347 
-0.877435 -0.460734 0.013693 
-0.931119 -0.029052 -0.083338 
0.480880 0.831191 0.091162 
0.300294 -0.751422 -0.031319 
-0.909939 -0.057329 0.091162 
0.746934 -0.443508 -0.094053 
-0.606380 -0.756571 -0.074740 
0.530413 0.748495 -0.083041 
0.800353 -0.160137 0.042456 
-0.061359 0.964009 -0.073336 
0.234391 -0.825586 -0.094080 
-0.583051 -0.659277 -0.039533 
-0.686677 0.437203 -0.029906 
-0.309339 -0.820434 -0.033415 
-0.896402 0.420463 0.035060 
0.755091 0.407209 0.091162 
0.454067 -0.883199 -0.017140 
-0.998761 0.005395 -0.033520 
0.228402 0.774584 -0.049217 
-0.478480 0.864938 0.005237 
-0.843428 -0.194668 0.091162 
0.654376 0.618094 0.091162 
0.691560 -0.704283 -0.044208 
-0.153954 -0.979291 -0.048273 
-0.974585 -0.201816 0.001205 
0.675339 0.712160 0.079875 
0.856167 -0.140679 -0.041999 
-0.359718 -0.729512 -0.026056 
0.725799 0.478064 -0.033520 
-0.938737 0.330433 -0.045014 
-0.352448 -0.784200 -0.094080 
0.562414 -0.753013 0.091162 
0.981353 -0.049935 -0.045074 
0.432980 -0.699544 0.091162 
0.815161 -0.532206 -0.066465 
-0.484617 -0.673694 0.091162 
-0.689476 -0.649970 -0.084048 
0.708129 -0.590002 0.091162 
-0.878744 -0.394882 0.091162 
-0.363747 0.794030 -0.087093 
0.232740 0.795450 0.013200 
0.802400 0.064301 -0.037726 
-0.922334 -0.365757 0.006244 
-0.447401 0.734821 0.091162 
0.902664 0.395620 -0.000647 
0.034224 0.867483 -0.094080 
0.734934 0.328447 -0.042188 
0.935621 0.027328 -0.082497 
0.581434 -0.574927 0.044186 
0.465052 -0.783738 -0.078369 
-0.493381 -0.724923 -0.078512 
-0.641228 0.752066 0.033875 
-0.535340 0.617161 -0.021682 
-0.782001 0.254664 0.050687 
-0.244297 0.782914 0.045073 
-0.787731 -0.607871 -0.048209 
0.755075 -0.629029 0.028635 
0.862853 0.086629 -0.032669 
0.690597 -0.527838 -0.035762 
-0.142730 0.913029 -0.081946 
-0.594114 0.798614 -0.022884 
0.667373 0.554991 -0.084158 
0.132491 -0.813094 0.091162 
0.848327 0.433933 0.091162 
-0.201194 -0.833693 -0.094080 
-0.363363 -0.733923 0.057411 
0.509335 -0.705875 -0.062401 
-0.574864 -0.592128 0.042899 
-0.652022 -0.564456 0.091162 
-0.533264 0.815272 -0.070285 
-0.223517 0.964292 0.000281 
0.272380 0.826117 -0.061795 
0.816250 -0.417132 -0.081763 
-0.751010 0.588875 0.091162 
-0.303210 -0.941112 0.080100 
-0.262742 0.806283 -0.094080 
0.421133 -0.819687 -0.082115 
0.855988 -0.487511 -0.040181 
0.742001 -0.334607 0.050380 
-0.232785 -0.857919 0.091162 
0.873810 0.355084 0.091162 
0.625768 -0.679303 -0.082471 
-0.778299 0.403627 -0.044624 
-0.855953 -0.078097 -0.094080 
0.133389 -0.977647 0.056793 
0.731804 0.374287 0.012899 
0.271785 -0.829486 -0.027198 
0.060207 0.820625 0.091162 
-0.836848 -0.513815 -0.066161 
-0.712866 -0.424775 0.031771 
-0.732700 -0.482765 -0.088102 
-0.800770 -0.152903 -0.045093 
0.387997 0.902951 0.042803 
0.052766 -0.925227 -0.082604 
0.872513 -0.439239 -0.059095 
0.153125 0.856985 -0.083048 
0.846972 0.185295 -0.094080 
-0.682031 -0.473129 0.091162 
0.284300 -0.838354 0.091162 
-0.658945 -0.739702 0.020546 
0.204084 -0.964834 0.031266 
-0.859736 0.152608 -0.094080 
-0.863568 -0.331262 -0.081888 
-0.230902 -0.946246 -0.071899 
-0.479237 -0.873588 -0.031289 
0.754100 0.346727 0.091162 
0.347645 0.748848 0.000520 
-0.785911 -0.390592 -0.070935 
-0.815475 0.001229 -0.043756 
-0.283666 -0.777053 0.034101 
0.623279 0.760465 -0.043338 
0.381133 0.711081 -0.089318 
-0.433008 0.763001 -0.036401 
0.765467 0.504914 -0.082564 
-0.127345 0.969421 -0.064692 
0.208838 -0.972660 -0.021899 
-0.688827 -0.711715 0.074084 
0.828602 -0.023466 0.005491 
-0.939136 0.086261 -0.083605 
-0.095290 -0.806177 -0.085616 
0.958056 0.231945 -0.017586 
0.715576 0.607075 0.091162 
-0.790691 0.362399 0.091162 
-0.613586 -0.536336 -0.032631 
-0.709351 -0.605150 0.091162 
-0.085138 0.918719 0.091162 
0.764841 0.409920 -0.026506 
0.291725 0.752398 -0.048651 
-0.695973 -0.535574 -0.029248 
0.969271 -0.151661 0.017381 
0.273224 0.815350 0.091162 
0.321472 0.855358 0.091162 
0.121773 0.904363 0.091162 
0.806346 -0.076783 -0.094080 
-0.969041 0.242379 -0.016567 
-0.527443 0.755758 -0.081809 
-0.898923 -0.375037 -0.073449 
-0.832621 -0.256798 -0.094080 
-0.316809 0.810409 0.091162 
0.952989 -0.249741 -0.036984 
0.669602 -0.533772 0.091162 
0.576595 0.585091 0.026264 
0.857039 0.474697 -0.055724 
-0.403742 -0.761235 0.091162 
-0.103901 0.865826 -0.054488 
-0.159342 0.793884 -0.084649 
0.309600 -0.847473 -0.073749 
0.592364 0.545533 -0.053500 
0.183844 0.852371 -0.034095 
-0.049874 -0.957620 0.091162 
0.800336 0.179984 0.028587 
0.427557 0.785280 -0.072140 
-0.871498 0.105726 -0.042219 
-0.238304 0.774705 -0.037728 
-0.490803 0.686725 0.091162 
0.803970 -0.296064 -0.094080 
-0.316973 -0.877671 -0.084241 
0.949395 -0.023605 -0.079389 
-0.953305 -0.295302 -0.039004 
-0.867261 0.478345 -0.054362 
-0.092247 -0.823935 0.024960 
-0.101860 0.818694 0.091162 
0.143563 0.973394 0.016085 
0.355591 0.857524 -0.084069 
0.870790 0.031008 -0.042428 
0.351255 -0.797596 -0.087813 
0.814090 0.012151 0.046698 
-0.797728 0.167194 -0.033349 
0.796454 0.572671 0.039756 
-0.939846 -0.155801 -0.081558 
0.821534 0.547240 -0.039048 
0.194211 0.952887 -0.066902 
-0.308541 -0.752258 -0.034841 
-0.066075 -0.871576 -0.088572 
0.975151 -0.106587 0.061275 
0.172344 -0.854484 -0.094080 
0.111403 -0.989058 -0.021340 
0.478240 0.659043 -0.094080 
0.101553 0.953838 -0.077248 
-0.494073 0.799020 0.091162 
-0.670331 0.690775 -0.077865 
-0.849347 -0.227249 -0.048270 
0.848861 0.223616 0.091162 
0.828002 0.257800 -0.040115 
0.840382 -0.216317 -0.045325 
-0.788680 0.577281 -0.066544 
0.810649 0.436440 -0.083774 
-0.806966 0.286136 -0.094080 
0.126984 0.808274 -0.023456 
-0.733407 -0.451618 0.091162 
-0.727762 0.364477 -0.030504 
-0.817550 0.316805 -0.039931 
0.239108 0.954094 0.022092 
-0.448491 0.876557 0.091162 
0.633800 -0.499187 -0.043583 
-0.861324 0.394960 0.091162 
0.652138 0.572552 -0.034303 
-0.585052 -0.640140 -0.094080 
0.873924 -0.251179 -0.080775 
0.523434 -0.638545 0.020295 
0.860285 -0.448509 0.091162 
0.770862 -0.539997 0.091162 
0.229085 0.902785 0.091162 
-0.841710 0.245797 -0.094080 
-0.580372 -0.642660 0.091162 
0.010944 -0.928494 0.091162 
0.393700 0.751647 0.091162 
-0.735489 -0.370337 0.049635 
0.457018 -0.813129 0.091162 
0.847051 0.074295 -0.094080 
-0.260591 -0.769860 -0.055310 
0.517135 0.844651 -0.024172 
0.980347 -0.029781 0.031580 
0.239508 -0.951411 0.091162 
-0.806340 -0.188177 0.036933 
0.069432 -0.870623 -0.037734 
0.064262 0.928415 0.091162 
0.284953 0.940963 0.043753 
-0.753536 -0.449853 -0.039112 
0.781385 0.251877 0.091162 
-0.310189 0.936421 0.018569 
-0.211263 0.902106 -0.083916 
0.878893 0.296804 0.091162 
-0.904292 0.338507 0.091162 
-0.841859 0.251052 -0.034497 
0.830559 -0.167286 -0.094080 
0.103580 0.978661 0.052255 
-0.766708 0.403778 -0.094080 
0.912054 -0.250519 0.091162 
0.704199 -0.470837 -0.094080 
0.899919 -0.077035 -0.078034 
0.549618 -0.675472 -0.025933 
0.598948 -0.568810 -0.018107 
0.807216 0.109349 0.045129 
0.185230 0.796633 0.044104 
-0.821360 0.012704 0.054568 
-0.740449 0.625390 -0.074062 
0.914833 -0.355816 0.076432 
-0.497551 -0.644637 -0.087788 
-0.462131 -0.812213 0.091162 
-0.113982 0.978647 0.042594 
0.029207 0.984002 0.057432 
0.008652 -0.873707 -0.083272 
-0.901932 0.164817 0.091162 
-0.815153 0.411664 -0.078848 
0.450376 0.873121 0.016148 
0.834624 -0.035370 -0.094080 
-0.706919 -0.448294 -0.014537 
-0.053654 0.837586 0.091162 
0.646776 0.548920 0.091162 
-0.898896 0.292118 -0.082647 
-0.175653 0.977945 -0.023180 
-0.829824 0.079826 0.021595 
-0.808624 -0.341472 -0.068853 
-0.499345 -0.774447 -0.079639 
-0.816697 0.166726 0.091162 
0.722227 0.480501 -0.088482 
-0.626164 0.759568 -0.060844 
0.766450 -0.489419 0.091162 
0.766306 0.610313 0.091162 
0.798330 0.285111 -0.094080 
-0.604169 -0.727356 0.091162 
0.109466 0.898262 -0.077003 
-0.661844 -0.619551 0.091162 
0.842816 0.036357 0.091162 
-0.821326 -0.089143 0.042692 
-0.984638 -0.112028 -0.054534 
-0.354148 -0.843307 0.091162 
-0.872004 -0.306009 0.091162 
0.657407 -0.740385 -0.016928 
-0.945751 0.251970 0.091162 
0.685009 0.671335 -0.076433 
-0.801897 0.473697 0.091162 
-0.807569 0.275285 0.091162 
0.440189 0.675516 -0.052951 
0.787966 0.185462 -0.021514 
0.975451 0.130363 -0.006714 
0.847322 0.104775 0.091162 
0.653749 0.469846 -0.051422 
0.425875 -0.885516 -0.057510 
-0.894354 0.445113 -0.018727 
-0.446472 0.723231 -0.094080 
0.031394 0.837922 -0.010586 
0.745550 -0.305392 -0.037024 
0.673272 -0.450078 0.078348 
-0.538687 -0.637814 0.016551 
-0.076316 0.856542 -0.094080 
0.459599 0.737056 -0.058750 
0.051951 -0.955547 0.091162 
-0.857308 0.199983 0.091162 
-0.964688 -0.194542 -0.064159 
0.571147 0.639054 -0.094080 
0.856929 0.490508 -0.009307 
0.154003 0.835051 0.091162 
-0.127751 -0.947328 -0.079908 
0.496472 0.650771 0.091162 
-0.400794 0.705704 -0.065994 
-0.034668 -0.965274 -0.075520 
-0.159102 -0.824941 0.091162 
0.805086 0.004714 -0.046000 
0.707812 0.411750 0.035080 
-0.877891 -0.012081 -0.088565 
0.801909 -0.271878 0.091162 
0.376658 -0.847941 0.091162 
-0.849506 0.523205 -0.023026 
-0.730878 0.449786 0.091162 
0.913693 -0.379295 -0.013117 
0.587792 -0.641030 -0.094080 
-0.739387 -0.659542 0.038139 
-0.744528 -0.632008 -0.071677 
-0.628712 -0.614636 -0.034590 
0.961051 -0.199198 0.022585 
0.359410 -0.917484 0.084365 
0.855587 0.009424 -0.094080 
-0.190205 0.800522 0.036372 
-0.124867 0.831420 -0.094080 
0.392121 0.725124 0.007700 
0.270232 -0.763235 -0.076732 
-0.673764 0.502663 -0.002140 
0.679228 0.509004 -0.094080 
0.721861 0.443505 0.091162 
-0.848568 0.509323 0.043792 
-0.211945 0.846664 -0.086948 
0.519477 -0.774657 0.091162 
-0.873249 0.465992 0.051432 
0.889501 -0.139054 -0.076566 
-0.737571 0.458201 -0.094080 
0.576112 0.716430 0.091162 
-0.942309 -0.101131 0.091162 
0.236209 0.910962 -0.082169 
0.028322 0.813979 0.055961 
-0.363841 -0.886951 -0.080384 
0.372017 -0.765649 0.091162 
-0.457341 -0.877458 0.011510 
0.034132 -0.986413 0.032031 
0.038694 -0.815753 -0.094080 
0.530313 0.633062 -0.009695 
-0.858559 0.378058 -0.080796 
-0.121712 -0.803246 -0.045296 
-0.426617 0.706728 0.034221 
-0.759357 -0.296840 -0.062028 
0.435639 -0.765742 0.091162 
0.381570 0.782956 -0.029699 
-0.795392 -0.180031 -0.083669 
-0.906616 0.391159 -0.058871 
-0.616308 -0.775090 0.031836 
0.463482 -0.868689 0.033257 
-0.465568 0.666669 -0.023402 
0.305030 -0.898175 -0.080893 
-0.863386 0.044717 -0.094080 
0.940175 -0.303389 -0.033208 
0.558174 -0.583432 -0.045778 
0.951973 0.235554 0.074269 
0.823347 -0.354406 -0.074675 
-0.069502 -0.992474 -0.012368 
-0.538591 -0.830514 0.031450 
0.692927 0.705933 -0.014391 
-0.231585 0.841920 0.091162 
-0.546048 0.687313 -0.034475 
-0.682535 -0.445743 -0.056694 
0.125402 -0.845854 -0.094080 
0.483910 0.823483 -0.079014 
-0.674144 0.472637 0.089819 
-0.021608 0.984586 0.072837 
-0.760383 -0.341044 0.022605 
0.981323 -0.119275 -0.025090 
0.563364 0.705068 -0.076840 
0.356575 0.923600 -0.027848 
0.901885 0.035080 0.091162 
0.109546 -0.828064 0.004656 
-0.390186 0.906610 0.011967 
-0.400052 -0.887617 0.091162 
-0.410678 -0.702412 -0.035254 
-0.288507 0.775281 0.027654 
-0.147120 -0.977075 0.061745 
-0.143478 -0.890184 -0.070253 
-0.333498 0.867419 -0.082701 
0.697546 0.509910 0.091162 
0.284277 -0.950673 -0.011752 
-0.407645 0.828896 0.091162 
0.794208 0.346344 -0.094080 
-0.852565 -0.139516 -0.094080 
0.319327 -0.745655 0.067130 
-0.206968 -0.813669 0.091162 
-0.227101 -0.895717 -0.079325 
-0.406112 -0.809893 -0.071753 
-0.622218 0.652074 -0.070751 
0.599695 0.550818 0.047500 
-0.749453 0.454353 -0.024690 
-0.581564 -0.570730 -0.053052 
-0.757307 0.331848 -0.094080 
-0.036301 -0.881722 -0.053346 
0.789339 -0.220245 0.034341 
-0.815866 -0.031058 0.068714 
-0.608724 -0.773448 0.091162 
-0.605012 -0.557693 0.049618 
0.214036 0.851547 0.091162 
0.819318 0.063628 0.026040 
-0.961078 0.031931 0.091162 
-0.725948 -0.370676 -0.042985 
-0.843649 -0.124009 0.091162 
0.827856 -0.078227 0.091162 
0.216634 0.797205 -0.094080 
-0.807146 -0.236391 0.002037 
0.149410 0.948107 -0.076472 
0.523249 -0.833671 0.053112 
-0.777452 0.242919 -0.038581 
-0.873299 -0.115211 -0.035982 
-0.049050 0.991248 -0.009286 
0.783108 -0.504366 -0.083880 
-0.817461 -0.319979 -0.023987 
-0.256223 0.896243 0.091162 
-0.659205 -0.566334 -0.094080 
-0.862160 0.162334 -0.027286 
0.834243 0.170143 0.091162 
-0.825619 0.552211 -0.049156 
0.084422 -0.816602 -0.094080 
-0.683156 0.714452 0.049712 
-0.896649 -0.182598 -0.077989 
-0.565666 0.719863 -0.081079 
0.594091 -0.726056 -0.082647 
-0.029984 -0.986885 0.061129 
-0.335038 0.750470 -0.094080 
0.601499 -0.586534 -0.094080 
0.903485 0.131902 0.091162 
0.118740 -0.865615 -0.026197 
0.528874 -0.663026 -0.094080 
-0.774730 0.329111 -0.012151 
-0.733240 0.675094 -0.013765 
-0.799498 0.182049 -0.094080 
0.669953 -0.617540 -0.079503 
-0.319028 0.794317 -0.094080 
-0.069472 0.869063 -0.025332 
0.189559 -0.837045 0.091162 
0.965320 0.173023 0.032334 
-0.542790 0.825330 0.053501 
-0.392275 0.888940 -0.069365 
-0.214372 -0.899064 0.091162 
0.738679 0.423123 -0.094080 
0.658732 0.738759 -0.025062 
0.742161 -0.624313 0.091162 
0.442418 -0.744148 -0.094080 
-0.319855 -0.938444 -0.047212 
0.696896 0.402739 -0.082084 
-0.009609 0.831052 0.011590 
0.458087 -0.688692 0.003590 
0.932251 -0.063920 0.091162 
-0.013376 -0.866516 0.091162 
-0.915000 0.379416 0.029852 
-0.898112 0.057460 -0.068741 
0.145720 -0.946039 0.091162 
-0.756749 -0.579581 -0.082137 
-0.821396 0.085774 -0.094080 
0.808998 0.312566 -0.044212 
-0.429555 -0.763694 -0.040783 
0.867122 0.393340 -0.079980 
-0.584814 -0.704108 -0.079730 
0.906811 0.113046 -0.081310 
0.595301 -0.714434 0.091162 
-0.844782 -0.018503 -0.012193 
0.509658 -0.653912 0.091162 
0.797181 0.335176 0.091162 
0.830328 0.522148 0.066635 
0.911725 0.361501 0.068638 
-0.948435 0.305540 -0.009363 
-0.694177 0.537345 -0.036542 
0.937568 0.287315 0.058845 
-0.044881 0.807726 -0.073702 
0.328570 -0.834027 0.091162 
-0.268728 0.948999 0.028605 
0.896456 -0.403103 -0.046452 
-0.219706 0.961011 0.067288 
-0.763658 -0.642205 -0.032931 
-0.435485 -0.699530 0.044358 
-0.887116 -0.420718 -0.065577 
0.711187 0.559316 -0.079054 
0.644766 0.740739 0.065380 
0.533234 0.824889 0.038740 
0.588143 0.778244 -0.063528 
0.985257 0.079946 -0.026378 
0.329975 0.748060 0.042696 
-0.771672 0.532820 0.091162 
0.833586 0.240615 -0.088360 
0.818925 -0.559024 -0.017814 
0.481744 -0.719450 -0.094080 
-0.961510 -0.241251 0.015996 
0.434141 0.883434 -0.043467 
-0.196093 -0.978150 -0.021363 
0.606933 -0.539855 0.058376 
0.104202 -0.810460 0.054773 
-0.988070 -0.079631 0.032269 
-0.122380 -0.933758 0.091162 
-0.281380 -0.956853 -0.022117 
0.812661 -0.113973 0.025209 
0.913393 0.204010 0.091162 
0.799838 -0.252406 -0.094080 
-0.252301 0.780858 0.090418 
-0.530734 0.642929 -0.094080 
-0.841792 -0.538222 -0.016707 
-0.785880 -0.298968 0.002317 
-0.674720 0.504154 -0.094080 
-0.324081 0.940752 -0.022590 
-0.784976 -0.277347 0.091162 
-0.295783 -0.762314 0.080279 
-0.276617 -0.949179 0.038516 
-0.886457 -0.245133 -0.080608 
-0.471854 0.741243 -0.041770 
-0.864569 -0.484805 0.082891 
-0.946351 0.179435 0.091162 
0.907492 -0.375320 0.032588 
-0.279091 -0.856472 -0.072255 
0.961306 0.194794 -0.052620 
-0.903229 0.127137 -0.076662 
0.085484 -0.983016 0.088350 
0.580651 -0.658550 -0.052833 
-0.212092 0.965242 -0.044980 
-0.476084 0.864867 0.048580 
0.713896 -0.416047 -0.010451 
-0.545261 -0.802174 0.091162 
0.779410 -0.202431 -0.050062 
0.145515 0.814843 0.015183 
0.501590 0.651812 0.016809 
0.363640 -0.920310 -0.003952 
-0.618578 0.619122 -0.023567 
-0.667776 -0.507056 0.007478 
-0.698903 0.416656 -0.081189 
0.191166 -0.787065 -0.083548 
-0.181558 -0.792138 -0.092003 
-0.300922 0.752840 -0.050495 
0.717216 0.619277 -0.081094 
-0.635411 -0.509925 -0.075524 
-0.374951 0.745100 -0.018402 
-0.415825 -0.704729 -0.094080 
0.039818 0.951482 -0.080745 
-0.821954 0.121745 0.027835 
0.163222 -0.857412 -0.028103 
-0.780106 -0.451146 0.091162 
0.600028 -0.610315 0.091162 
0.797206 -0.115181 -0.053960 
-0.436924 -0.716122 0.003368 
0.771797 0.395913 -0.078462 
-0.547535 0.606072 0.060888 
0.638005 0.584630 -0.094080 
0.227210 -0.897632 -0.083924 
-0.343275 0.803145 -0.035535 
-0.678515 0.631811 0.091162 
-0.462373 0.829198 -0.081568 
-0.899949 0.287658 0.091162 
0.751872 0.634885 0.003184 
0.558312 0.581489 0.071100 
-0.347965 -0.805102 -0.043229 
0.674811 -0.442084 -0.082271 
0.294641 0.818014 -0.026293 
-0.816810 0.549288 0.091162 
-0.044773 0.932412 0.091162 
-0.825631 -0.048146 -0.094080 
0.082053 -0.882424 0.091162 
-0.765454 0.317095 0.032163 
-0.700061 0.706136 -0.041318 
-0.625634 0.550399 -0.022427 
0.494007 -0.818244 -0.076029 
0.006972 0.904456 0.091162 
-0.892022 0.014758 0.091162 
-0.090821 0.804084 -0.050601 
0.969789 0.046718 -0.066600 
-0.805317 0.322658 0.091162 
0.694149 0.446310 -0.023456 
-0.846644 0.201516 -0.094080 
0.696044 -0.695294 0.008358 
0.866637 -0.133928 0.091162 
-0.505390 -0.673122 -0.002915 
-0.978158 0.157435 0.028000 
0.442777 -0.688943 0.042888 
0.851014 -0.294595 0.091162 
-0.339250 -0.739538 -0.067963 
-0.327787 0.748981 0.053721 
0.420335 -0.769544 -0.045809 
0.805358 0.169057 -0.094080 
0.123167 -0.973970 -0.060164 
-0.785671 -0.218114 -0.052950 
0.770007 0.279213 0.034029 
0.095229 -0.841036 0.091162 
0.713230 -0.448178 0.091162 
-0.690863 -0.656608 0.091162 
-0.424125 0.856953 -0.077235 
-0.805577 0.203975 0.027830 
0.786593 -0.272947 -0.002220 
-0.242484 -0.826213 -0.094080 
-0.826046 -0.407046 0.091162 
0.750073 -0.355544 0.091162 
-0.921782 -0.364625 0.058636 
-0.280893 0.827853 -0.030547 
0.486529 0.719871 -0.085885 
-0.515308 0.643652 0.038154 
0.726805 -0.361548 -0.094080 
0.812820 -0.305679 -0.038104 
-0.690429 -0.722047 -0.018011 
0.092547 0.803390 0.071040 
0.481916 -0.692226 0.091162 
0.511280 -0.625301 -0.090691 
0.484262 -0.647074 -0.049828 
-0.161850 0.897561 0.091162 
-0.922697 0.196970 -0.084127 
0.298072 0.788453 -0.094080 
0.378798 -0.728598 0.037603 
0.987200 -0.027044 -0.009403 
-0.105312 -0.859118 -0.094080 
0.781494 0.243881 -0.017758 
0.810210 -0.030553 0.055520 
-0.718644 0.501031 -0.091490 
-0.190786 0.855459 -0.039178 
-0.259238 0.793670 0.004736 
-0.915360 -0.243969 0.091162 
0.335061 0.734143 -0.052264 
0.749773 -0.345965 -0.006414 
0.535399 0.685606 -0.034278 
-0.338965 -0.929042 0.044794 
0.117528 0.799576 -0.066977 
0.792002 0.540650 -0.075901 
-0.529138 0.718578 -0.061630 
-0.566082 0.769783 0.091162 
0.861643 -0.100719 -0.026907 
0.226281 0.780261 0.059105 
-0.588466 0.560744 -0.071952 
-0.503234 -0.645428 0.061333 
0.593767 -0.785000 0.039603 
-0.667959 0.464164 -0.055800 
-0.599182 0.553387 0.064802 
0.311396 0.850065 -0.077571 
0.950972 -0.242423 0.033712 
0.361829 -0.805462 0.091162 
-0.623759 -0.569768 -0.011041 
-0.296221 -0.816432 0.091162 
0.521417 -0.623389 0.059466 
0.741063 0.328132 0.057028 
0.022443 -0.952744 -0.081252 
-0.827994 0.158001 -0.005097 
0.238689 -0.838950 -0.052296 
0.403136 0.698224 -0.051164 
0.008729 0.888704 -0.064956 
-0.238115 -0.795107 0.024500 
0.717521 -0.490361 -0.024549 
0.248320 0.869329 -0.077037 
-0.110052 -0.989273 -0.016211 
0.781103 -0.461851 -0.079051 
-0.296718 0.932037 -0.064788 
0.811642 0.558230 -0.001071 
0.764444 -0.324905 -0.094080 
-0.767436 0.273010 -0.073578 
0.258380 0.764607 -0.023523 
-0.935540 -0.073670 -0.083343 
-0.905359 -0.335047 -0.077106 
0.099482 -0.918850 -0.083427 
0.285781 -0.943285 0.052435 
0.668590 -0.470227 0.043355 
0.957139 0.213398 0.040589 
0.240639 -0.788419 -0.017483 
0.661216 0.470635 0.055017 
0.234389 0.962966 -0.017221 
-0.710146 0.397707 -0.045720 
0.203066 0.879035 -0.076649 
0.950150 0.263978 -0.041100 
0.182991 -0.809452 -0.015381 
0.559926 -0.768051 -0.081251 
0.742126 0.642234 0.085287 
-0.818832 -0.139489 0.030778 
-0.631914 0.690520 0.091162 
0.012476 -0.835692 0.003581 
-0.831431 0.449784 -0.083148 
-0.589870 0.615257 -0.094080 
-0.743191 -0.399675 -0.094080 
-0.830114 -0.541573 0.046544 
0.509780 -0.851719 -0.024294 
0.813673 -0.358867 0.091162 
-0.972728 -0.192893 0.042553 
0.700906 -0.398553 -0.044201 
0.779029 0.201350 -0.058746 
-0.725438 0.408711 0.091162 
-0.802965 0.577909 0.016776 
-0.613705 0.774653 0.067283 
0.934015 -0.301601 0.038045 
-0.793466 -0.600926 -0.002880 
-0.718349 0.620139 0.091162 
0.876677 0.458035 -0.021942 
0.275567 -0.827531 -0.066956 
-0.495274 -0.846702 -0.064991 
-0.738664 -0.665179 -0.001426 
0.834539 -0.506930 0.091162 
0.229019 -0.783295 0.055460 
-0.816515 -0.090080 -0.020866 
0.701192 0.686789 0.062295 
-0.169721 0.817365 0.002812 
0.786069 0.582558 -0.058089 
-0.671021 -0.614605 -0.075912 
-0.304758 -0.898733 0.091162 
0.689163 -0.701785 0.059700 
-0.665076 -0.694911 -0.078090 
-0.968677 -0.017750 -0.076587 
0.666781 -0.487174 0.091162 
0.174641 0.968263 0.040379 
-0.462300 -0.770884 -0.065491 
0.644507 -0.594389 0.091162 
-0.880979 -0.208592 0.091162 
-0.352996 -0.924268 0.007972 
-0.343708 0.924683 0.079107 
0.773271 -0.405587 0.091162 
0.621307 0.523457 -0.023456 
-0.757979 -0.305738 0.066633 
-0.893729 0.426363 0.074096 
0.616790 0.541894 -0.094080 
-0.695505 0.469817 0.001504 
0.206055 0.811484 -0.011207 
0.933480 0.074321 -0.082491 
0.866402 -0.041860 -0.071180 
-0.822776 0.386337 0.091162 
-0.778179 -0.466334 -0.074765 
0.453180 0.847855 -0.074482 
0.281479 0.933322 -0.065016 
-0.925748 -0.155918 0.091162 
-0.989806 0.051815 0.066426 
-0.661953 0.652350 -0.080876 
0.567628 -0.675747 0.091162 
-0.722748 -0.440066 -0.094080 
0.957473 -0.212726 -0.049760 
0.026929 -0.821659 0.091162 
0.813106 0.010843 0.086909 
0.781139 0.217337 0.056530 
0.860368 0.261286 0.091162 
-0.242168 -0.958347 0.020502 
0.133379 0.824757 -0.094080 
0.449538 -0.876142 0.075132 
-0.986294 -0.048449 0.091162 
-0.400981 -0.716831 0.051843 
-0.866097 -0.498543 -0.015469 
-0.710777 -0.515148 -0.065647 
0.794053 -0.584665 -0.046279 
-0.713651 0.434818 0.012098 
-0.650236 0.503758 0.088736 
-0.479245 0.762716 0.091162 
0.867573 -0.008347 -0.045497 
0.089478 0.987929 -0.015397 
-0.819858 0.060106 0.053989 
-0.454992 -0.863991 -0.069688 
-0.797316 -0.550425 -0.076346 
-0.137622 -0.867777 -0.038625 
0.166727 0.977953 -0.027380 
-0.297554 -0.785716 -0.001463 
0.652156 -0.664347 0.091162 
-0.133543 0.982369 -0.008275 
0.118666 -0.801944 -0.076403 
0.754106 0.548547 0.091162 
0.393454 -0.737592 -0.012404 
-0.851493 -0.423340 -0.083222 
-0.183175 -0.954468 -0.072362 
0.792659 0.426756 0.091162 
0.304649 -0.763789 0.035759 
0.635178 -0.751180 0.041369 
0.815378 -0.159271 -0.006876 
-0.784938 0.537722 -0.082236 
0.337850 0.897040 -0.077099 
0.149215 -0.824031 -0.002254 
-0.158953 0.972548 0.066441 
-0.006200 -0.811681 -0.090301 
-0.594490 -0.602277 -0.094080 
-0.781573 -0.399488 -0.027614 
0.362099 -0.891599 -0.074728 
-0.194567 -0.817213 -0.003293 
-0.151957 -0.908363 0.091162 
-0.838073 0.329920 -0.070367 
0.388187 -0.905438 0.061018 
0.815291 -0.166632 0.091162 
0.625920 -0.508966 -0.084860 
-0.130192 0.799143 -0.046514 
0.634042 0.699757 -0.081822 
-0.538148 -0.611634 -0.046322 
-0.713919 -0.686734 0.057641 
-0.598762 -0.688904 0.091162 
0.184334 -0.960439 -0.064647 
0.017598 0.808334 -0.031524 
-0.235727 -0.931434 0.091162 
0.707188 -0.487815 0.091162 
0.752058 -0.397830 -0.094080 
-0.996885 -0.062421 -0.029451 
-0.027145 -0.821231 0.044067 
-0.961717 0.116616 0.091162 
-0.662936 0.596432 -0.064091 
0.880552 0.170098 -0.075362 
-0.051488 0.881403 -0.057225 
0.806999 0.151721 -0.016691 
0.102054 0.819075 0.011322 
-0.994706 -0.002161 0.012223 
0.251924 0.832581 -0.093819 
0.428980 0.736124 0.091162 
0.675165 0.439001 -0.060044 
0.859511 0.472491 0.051267 
-0.810955 -0.108921 0.077482 
0.541231 -0.725256 -0.077539 
0.493614 0.690463 0.091162 
-0.925457 0.352287 0.062095 
-0.504589 0.793164 -0.083382 
-0.796230 0.484138 -0.083077 
0.977526 0.079897 0.067947 
0.637026 -0.591909 -0.080310 
-0.601256 0.734289 -0.083015 
0.756562 0.276431 -0.094080 
-0.078452 0.867942 0.091162 
-0.445358 0.836302 0.091162 
0.684716 -0.572336 -0.069366 
0.892220 -0.043853 0.091162 
-0.655488 0.576350 0.091162 
-0.396663 -0.908766 -0.048717 
0.714742 -0.401882 0.034431 
-0.439963 -0.780950 0.091162 
0.833955 -0.205433 -0.094080 
-0.761080 0.337893 0.091162 
-0.692599 -0.431692 0.074263 
-0.396728 0.728026 0.007993 
-0.479176 0.655573 -0.088859 
-0.011274 -0.822876 0.091162 
-0.184410 -0.970918 0.056323 
-0.084189 -0.813741 0.083615 
-0.714754 0.560999 0.091162 
0.195051 -0.873432 -0.069983 
-0.858198 -0.193532 -0.030299 
0.346592 0.797098 -0.090226 
0.713224 0.406376 0.091162 
-0.561760 -0.600040 0.085817 
0.544884 0.593232 -0.077965 
-0.764654 -0.552546 0.091162 
-0.603853 0.638241 0.091162 
0.418519 -0.900919 -0.023513 
0.346508 -0.852985 -0.082017 
0.910701 0.207355 -0.082846 
-0.537100 0.835334 -0.038289 
-0.871740 0.236853 -0.072443 
-0.030154 0.981181 -0.060261 
-0.087194 0.821121 0.020828 
0.879856 -0.436898 0.055516 
0.637807 0.515146 0.031693 
0.246416 -0.793189 0.091162 
0.475269 0.676760 -0.018902 
-0.635881 0.613147 0.091162 
0.799116 -0.437811 0.091162 
0.048889 0.807217 -0.090197 
0.729269 -0.635055 -0.068543 
-0.071318 0.985775 -0.039770 
0.868812 -0.459384 0.006565 
0.607232 0.616456 0.091162 
-0.573752 -0.806698 0.013085 
-0.791014 0.194611 -0.058445 
0.431928 0.754347 -0.093324 
0.741976 -0.573317 0.091162 
-0.267085 -0.838159 -0.041550 
-0.331019 -0.910912 -0.073485 
-0.243654 -0.780692 0.058831 
-0.324092 -0.808958 -0.094080 
0.393435 0.795324 0.091162 
0.793345 -0.139598 0.073385 
-0.713982 -0.563959 0.091162 
-0.909916 0.008692 -0.076765 
-0.511319 0.844900 0.045252 
-0.791957 0.205710 0.062811 
0.583074 0.788312 0.091162 
0.108930 0.863677 -0.061676 
-0.425939 -0.892983 0.024984 
-0.422564 0.900063 -0.014148 
0.167552 0.947564 0.091162 
0.513247 0.622078 0.070668 
-0.057826 -0.872152 -0.024195 
0.296458 0.902529 0.091162 
0.321325 -0.774935 -0.011233 
-0.914209 -0.381436 0.091162 
-0.658381 -0.497830 0.043110 
0.723715 0.524661 -0.073105 
-0.266347 -0.893537 -0.083638 
0.070943 0.860931 -0.094080 
-0.474010 -0.697018 -0.007478 
0.833817 -0.242475 -0.082403 
-0.407358 0.731230 0.091162 
-0.156154 -0.797032 -0.057990 
-0.840593 0.102992 0.091162 
0.884119 -0.277439 0.091162 
0.636990 -0.642573 -0.076255 
-0.925139 -0.376769 -0.029134 
0.373963 -0.717244 -0.073901 
-0.224815 -0.781097 -0.032937 
-0.806105 0.358784 -0.038035 
0.592265 -0.786076 0.077219 
0.596552 -0.789790 -0.018664 
0.982844 0.007173 0.004237 
-0.776353 0.613037 0.078926 
0.846388 0.446519 -0.077364 
-0.749461 -0.543218 -0.081832 
-0.761944 -0.633168 0.080695 
-0.533202 0.613333 -0.062980 
-0.766745 -0.369025 -0.094080 
-0.630289 0.768876 -0.022313 
0.267743 0.777957 0.029566 
-0.773950 -0.256010 -0.077326 
-0.584043 0.651754 -0.094080 
0.567973 -0.578811 0.078348 
-0.371068 -0.784517 0.091162 
0.943649 0.135439 -0.079636 
0.479296 -0.783714 0.091162 
-0.645725 -0.753067 -0.051566 
-0.878030 -0.013270 -0.027278 
-0.794158 -0.341688 0.091162 
-0.527192 0.692670 0.091162 
0.801818 -0.100698 0.077902 
0.599385 0.627744 -0.073296 
-0.784004 -0.426019 -0.061008 
0.293056 0.780153 0.091162 
-0.936443 -0.110491 -0.083690 
0.066955 -0.919921 0.091162 
-0.278813 0.827512 -0.068649 
0.042725 -0.810010 -0.031426 
-0.870311 -0.342755 0.091162 
-0.890922 -0.167761 0.091162 
-0.473446 -0.868850 0.056163 
-0.391241 -0.751120 -0.094080 
-0.937879 -0.318670 0.091162 
-0.490825 -0.650056 -0.048274 
0.713033 -0.536872 -0.068238 
-0.422536 -0.845945 0.091162 
-0.808702 -0.103730 -0.062500 
-0.832742 -0.255244 0.091162 
0.239833 -0.774158 -0.094080 
-0.716777 -0.692996 -0.010922 
0.495822 -0.649602 0.046684 
-0.869615 0.076576 0.091162 
-0.667762 0.727253 -0.056277 
0.428691 -0.707921 -0.021856 
0.978247 -0.086397 -0.044972 
0.898137 -0.314673 -0.076931 
0.924476 -0.216131 0.091162 
0.730562 0.370662 -0.023456 
-0.753376 0.475619 -0.060314 
0.694739 -0.418359 0.080962 
-0.933680 0.350946 -0.012576 
0.446092 0.684573 0.042113 
-0.436049 0.757668 -0.072360 
0.546934 -0.818560 0.024575 
0.449931 -0.671325 -0.085563 
-0.377326 -0.914604 0.062782 
0.845496 -0.500331 0.045105 
-0.580010 0.715603 0.091162 
0.491757 -0.738927 -0.060371 
0.782349 -0.594927 0.041473 
-0.114436 -0.981176 0.028432 
0.444564 0.672478 -0.090875 
-0.876615 -0.048440 -0.088754 
-0.515915 -0.746309 0.091162 
0.550684 0.666334 0.091162 
0.882825 -0.199911 0.091162 
0.650796 -0.502111 0.027036 
0.738058 -0.458882 -0.060763 
0.549966 0.741654 0.091162 
-0.883442 -0.300319 -0.082617 
0.600741 0.786304 -0.013816 
-0.868900 -0.476702 0.045176 
0.806809 0.214673 -0.011000 
0.748427 0.343716 0.002694 
0.977458 -0.005212 0.091162 
-0.778693 0.614936 0.002684 
0.924466 -0.121626 -0.080599 
-0.208683 -0.849931 -0.037819 
0.803238 0.145152 0.041563 
0.653114 -0.735549 0.086261 
0.090266 0.808598 -0.021188 
0.805317 -0.562876 0.047890 
0.934651 0.271450 0.091162 
-0.068131 -0.887355 0.091162 
-0.469427 0.672333 0.050672 
-0.567155 -0.615625 0.009683 
-0.572761 0.604341 -0.015191 
0.037412 0.991977 -0.020998 
0.411383 -0.700364 0.062339 
-0.627762 -0.598954 0.091162 
0.252422 -0.962077 -0.024072 
0.798688 -0.510160 0.091162 
0.541567 0.821623 0.003880 
-0.459574 -0.705508 0.091162 
0.706442 -0.683757 0.085611 
0.805448 0.475489 -0.084154 
0.928901 0.315867 0.036529 
0.825262 0.081811 -0.008496 
0.612005 0.717880 0.091162 
-0.155735 0.861095 -0.033721 
-0.581009 -0.798189 -0.056962 
-0.718164 0.393770 0.059331 
-0.384945 -0.724553 0.084523 
0.795461 0.167019 0.086225 
-0.254954 -0.955365 0.067259 
0.859567 0.194730 -0.059860 
-0.645725 0.494554 -0.075278 
0.115963 -0.980014 0.013032 
0.973322 0.122587 0.062394 
0.706369 -0.506584 -0.091150 
0.749939 -0.300722 0.076568 
0.686088 -0.460728 -0.008475 
-0.066585 -0.817723 0.049161 
0.778662 0.381837 -0.045282 
0.200591 -0.873845 0.091162 
0.868024 0.270656 -0.080598 
0.579628 0.562411 -0.023456 
-0.660258 -0.676516 0.091162 
-0.954783 0.215186 0.091162 
-0.891573 -0.026646 0.091162 
-0.939440 0.314979 0.047957 
0.888510 -0.417800 0.026593 
0.466689 -0.662148 -0.022627 
0.971124 0.137865 0.030062 
-0.944794 -0.221835 0.091162 
-0.605792 -0.788706 -0.003649 
0.884339 -0.367065 0.091162 
0.450182 0.812938 -0.083852 
-0.739210 0.657158 0.016478 
0.962686 -0.191550 0.057358 
0.586628 0.662473 -0.065125 
0.813207 0.502781 0.091162 
0.866050 0.049379 -0.077097 
-0.005638 0.819141 0.044934 
-0.005503 -0.818244 -0.021746 
-0.395398 0.864908 0.091162 
0.158651 0.792156 -0.054375 
0.538651 0.782780 -0.078194 
-0.007789 0.862370 0.091162 
-0.795730 -0.231355 0.035360 
-0.853659 0.201666 -0.029749 
0.483895 0.795763 0.091162 
-0.653398 -0.712784 0.091162 
0.168338 -0.802940 0.089623 
0.342172 0.898527 0.091162 
-0.914222 0.162533 -0.082277 
0.163311 -0.919133 -0.084386 
0.917424 0.364216 -0.008001 
-0.167943 0.792698 0.071672 
0.516830 -0.836722 0.091162 
0.375483 0.784235 -0.064570 
-0.601529 -0.580106 0.014497 
-0.960944 0.231562 -0.056311 
0.714326 -0.677303 -0.046620 
-0.700800 0.588058 -0.077330 
-0.675380 -0.560454 -0.063215 
0.796515 -0.574363 0.091162 
-0.127602 -0.818931 0.025875 
0.913753 0.252798 -0.080664 
-0.207910 -0.966335 0.018453 
-0.537894 0.638717 0.006071 
0.361867 -0.803042 -0.054654 
0.610828 -0.527693 -0.057154 
0.779271 -0.612798 -0.017031 
0.776636 0.379391 0.091162 
-0.052618 0.983571 0.026096 
-0.758882 -0.362445 -0.012877 
-0.088799 0.981127 0.085376 
-0.615986 -0.534787 0.073853 
0.559055 -0.600622 0.035750 
-0.127928 0.819625 -0.008309 
-0.865249 0.144814 -0.057519 
0.225207 0.850620 -0.055430 
-0.563320 -0.671775 -0.068472 
-0.991529 0.093656 -0.006869 
0.829042 0.043457 -0.094080 
0.626674 0.648436 0.091162 
0.963834 -0.218695 -0.013331 
0.119260 0.822707 0.091162 
-0.773772 -0.373447 0.091162 
0.211723 -0.930125 0.091162 
-0.824570 0.421287 0.091162 
0.852740 -0.004410 0.091162 
-0.267352 -0.952236 -0.053785 
0.531688 -0.736400 0.091162 
-0.390042 0.782130 -0.064495 
-0.408888 -0.900709 0.057600 
0.088911 -0.885607 -0.062430 
-0.271270 0.763733 -0.035386 
-0.814567 -0.081162 -0.094080 
0.856284 -0.481100 0.079586 
-0.682813 0.463409 0.041121 
0.807463 -0.059823 -0.021699 
0.291555 -0.940190 -0.053849 
0.878085 0.306321 -0.083982 
0.754344 -0.644761 -0.019286 
0.473138 0.728929 -0.024560 
0.850209 -0.174469 -0.036681 
-0.065066 -0.809426 -0.068857 
-0.995961 0.047877 -0.038230 
-0.072221 -0.838089 -0.008309 
0.332313 0.803455 -0.024210 
0.317330 -0.942681 -0.018394 
-0.242363 0.864194 -0.072457 
-0.819610 0.568341 -0.012542 
0.648313 -0.518128 -0.013392 
-0.992292 0.010754 0.047573 
-0.891125 -0.453431 -0.017247 
0.769739 -0.256887 0.083072 
0.079255 -0.823013 -0.016837 
-0.731034 0.357941 -0.064261 
0.835435 0.325044 0.091162 
-0.816546 -0.035433 -0.022553 
0.142994 0.889147 -0.075706 
-0.512304 -0.715446 -0.040207 
-0.430898 -0.737672 0.091162 
0.646406 0.498643 0.091162 
-0.273919 -0.786483 -0.094080 
-0.564755 0.810572 0.023216 
0.010148 0.966616 -0.071909 
-0.186078 0.788411 -0.063616 
-0.689102 -0.477768 -0.013743 
0.623457 -0.769069 -0.024438 
0.533287 -0.789609 -0.078045 
-0.310886 -0.760906 0.047604 
-0.981184 -0.141678 0.042696 
-0.251398 0.902611 -0.083576 
-0.728013 -0.422624 -0.001158 
-0.099021 -0.890097 -0.067297 
-0.873893 -0.103535 0.091162 
-0.716372 0.528841 -0.061330 
0.390528 0.707881 0.067612 
0.466426 0.666339 0.085508 
0.407583 0.894076 0.077596 
-0.974140 0.181772 0.051832 
-0.116572 0.891908 -0.072799 
-0.144752 -0.869460 0.091162 
-0.383689 0.760731 0.091162 
0.184785 -0.800741 0.040014 
-0.497046 -0.856236 0.077600 
-0.210568 -0.965715 0.086217 
-0.383799 0.727969 0.039638 
-0.573507 -0.711916 0.091162 
0.942330 -0.064425 -0.081200 
0.793218 0.351624 -0.058178 
0.732731 -0.655688 0.033387 
0.937167 -0.155152 0.091162 
0.941114 -0.031018 0.091162 
-0.639136 0.724073 -0.075789 
-0.891727 0.421838 -0.061027 
-0.985009 0.108137 0.051689 
0.101980 0.948997 0.091162 
-0.406625 -0.775886 -0.072664 
-0.650649 -0.662206 -0.082279 
-0.288325 0.791848 0.091162 
0.025111 0.920898 -0.082575 
0.861552 0.099007 -0.064291 
-0.958176 0.252974 0.054760 
0.384109 -0.826208 -0.079747 
-0.302694 0.852443 -0.075985 
-0.245847 0.928580 0.091162 
0.076773 0.804491 -0.066012 
0.048411 -0.972368 -0.070601 
-0.929242 -0.253252 -0.078607 
0.968706 -0.160552 -0.045639 
0.634086 -0.595803 -0.026184 
-0.811551 0.319718 -0.094080 
0.153372 0.916611 0.091162 
-0.385951 -0.914481 -0.006175 
0.140948 0.973826 0.049866 
-0.730025 0.413786 -0.094080 
-0.487231 0.726204 -0.069701 
0.972513 -0.122097 0.091162 
-0.354125 -0.760617 -0.013064 
-0.318852 0.757134 0.091162 
-0.049872 0.834143 -0.094080 
0.711550 -0.378932 -0.069493 
0.855502 0.383412 0.091162 
0.798707 0.098649 -0.058724 
-0.521660 -0.743181 -0.076579 
0.750692 0.348176 -0.094080 
-0.012646 -0.958829 0.091162 
-0.245127 0.961705 -0.039427 
0.831950 -0.330019 0.091162 
0.754054 0.282289 -0.023518 
-0.956364 -0.175588 0.091162 
-0.437900 -0.800470 -0.077408 
-0.781528 0.254693 0.085785 
0.265548 -0.764794 -0.043474 
-0.334585 -0.930690 0.086041 
0.977569 0.136933 -0.039584 
0.347396 0.761270 -0.094080 
-0.730641 -0.361300 -0.083043 
0.797998 -0.370728 -0.056790 
-0.858613 -0.154043 0.091162 
0.644270 0.706397 0.091162 
-0.621137 0.525065 -0.054767 
0.239085 0.954099 0.055622 
0.898678 0.392784 0.032518 
-0.638378 0.512250 0.058084 
-0.142805 0.832721 0.091162 
0.979714 0.046538 0.066390 
-0.135579 0.861374 -0.083693 
0.352051 -0.733546 0.059611 
0.804932 -0.011594 -0.078536 
-0.826880 -0.175894 -0.094080 
0.231972 -0.959860 0.004309 
0.932560 0.086574 0.091162 
0.724197 0.662228 0.065458 
0.175442 0.834745 -0.094080 
0.556404 0.666392 -0.078709 
-0.453966 0.866446 -0.065739 
0.083050 -0.983256 0.009096 
0.671766 0.480477 -0.023456 
-0.661812 0.736456 0.005947 
0.888721 0.425781 -0.002818 
0.511066 0.838674 0.079284 
0.884387 0.136736 -0.074652 
0.512505 0.621741 -0.063329 
-0.560990 0.646677 0.091162 
-0.928280 0.037464 0.091162 
-0.210422 0.930636 0.091162 
-0.793548 -0.593624 0.065714 
0.796206 0.118732 -0.030910 
-0.496307 0.863739 -0.022779 
0.899229 -0.112543 0.091162 
-0.942686 -0.321844 -0.004925 
0.390294 0.818629 -0.078132 
-0.068251 -0.956943 -0.078179 
0.839381 -0.221420 0.091162 
0.822324 0.332093 -0.067458 
-0.900693 0.090324 -0.072176 
0.692971 0.415293 0.064501 
0.697098 -0.639471 0.091162 
0.487716 0.854332 0.005741 
0.304642 0.814375 -0.058271 
0.251315 -0.913112 0.091162 
-0.865158 0.034052 0.091162 
0.724819 -0.369458 -0.023456 
0.236471 0.795387 0.091162 
-0.705067 0.701918 -0.008926 
-0.616166 0.579299 -0.094080 
0.174577 0.815823 -0.000425 
0.405297 -0.752777 0.091162 
-0.814750 -0.024097 -0.074291 
-0.393816 -0.725410 -0.018696 
0.787768 -0.172903 0.074122 
-0.794424 -0.183822 -0.034426 
-0.298651 0.929654 0.091162 
0.844860 -0.456089 -0.075573 
0.033052 0.873348 -0.035956 
0.964384 0.008378 -0.072171 
0.761542 0.632039 -0.028180 
-0.323847 0.932159 0.048239 
-0.147009 0.978708 -0.039415 
0.885777 -0.358103 -0.074760 
0.245113 0.840693 0.091162 
-0.608563 0.591920 0.091162 
0.229780 -0.867527 -0.070920 
-0.021416 -0.865919 -0.094080 
0.858166 -0.129341 -0.078801 
-0.495027 0.652104 -0.023089 
0.519886 -0.694636 -0.094080 
0.822318 -0.079273 0.007088 
-0.954312 -0.268528 0.032820 
0.708138 0.420218 0.003346 
0.570345 -0.571756 -0.089395 
-0.206617 0.783169 -0.036452 
-0.054330 -0.986095 -0.055356 
-0.742091 -0.381859 0.091162 
-0.370813 0.898910 0.091162 
-0.791793 -0.269185 0.014604 
-0.518975 -0.651394 0.091162 
0.895367 -0.311510 0.091162 
0.766392 -0.599079 -0.063177 
-0.838277 -0.066915 -0.012999 
-0.813793 -0.225316 0.091162 
-0.771481 0.361345 -0.094080 
0.895542 -0.209801 -0.082714 
0.500603 0.642565 0.048517 
0.979660 0.048198 0.033566 
0.589595 -0.551079 -0.043939 
0.037150 0.977061 0.091162 
-0.948435 0.285330 0.058286 
0.515952 0.660303 -0.094080 
0.413231 -0.694808 -0.051312 
-0.749969 -0.337417 0.053331 
0.656606 -0.468304 -0.026872 
-0.600727 0.636360 -0.051919 
-0.208224 0.787219 0.061032 
-0.055243 0.926912 -0.082237 
0.381880 -0.882406 0.091162 
-0.527809 0.829109 0.091162 
-0.653105 0.524884 -0.013930 
0.415580 -0.851747 -0.081218 
0.450291 -0.847832 0.091162 
0.453616 0.880169 -0.015452 
-0.513719 -0.704875 -0.094080 
0.767567 0.241776 -0.087584 
-0.464845 -0.725213 -0.094080 
0.419188 0.692632 -0.023456 
-0.319212 -0.846517 -0.075252 
-0.086853 -0.954166 0.091162 
0.733880 0.646128 -0.061132 
0.803929 0.037106 -0.067839 
0.297683 -0.763391 -0.094080 
0.850566 0.489225 0.024956 
0.933701 -0.310846 0.002857 
-0.877629 0.058562 -0.043628 
0.873221 -0.099988 -0.057186 
-0.456020 -0.870245 0.091162 
-0.191788 0.876932 -0.071987 
0.299742 -0.896139 0.091162 
-0.853596 -0.503812 0.054084 
0.766555 -0.538235 -0.082447 
0.947026 -0.258709 0.083461 
0.430074 0.859974 0.091162 
-0.650031 0.532876 -0.094080 
0.527622 0.609304 -0.031463 
0.103606 0.846613 -0.094080 
0.155434 -0.974008 0.033455 
0.361895 0.726376 0.081418 
-0.799051 -0.544767 0.091162 
-0.910562 -0.395695 0.004189 
0.671766 0.549390 -0.023541 
0.434200 -0.884341 0.041437 
-0.599102 0.573822 0.018212 
0.797235 -0.242610 -0.003829 
-0.816080 0.124027 0.090656 
0.956985 0.161490 -0.066257 
-0.745251 0.328321 -0.025005 
-0.037718 -0.811670 0.074569 
0.721883 -0.564801 -0.081474 
0.449606 0.762125 0.091162 
-0.630405 -0.532254 0.045234 
0.533248 0.707835 -0.065976 
0.907064 0.338381 -0.067273 
0.361177 -0.752253 -0.094080 
-0.422847 0.703268 0.088511 
0.299168 0.750460 0.074471 
-0.806105 -0.123333 -0.033903 
0.380598 0.838044 0.091162 
-0.791521 -0.308694 0.091162 
-0.368913 0.818014 0.091162 
-0.272217 -0.942879 0.091162 
-0.799231 0.234691 0.021402 
0.927805 0.325992 0.003846 
0.879223 0.435611 0.045789 
-0.913755 0.251998 0.091162 
-0.143943 0.813579 0.021357 
-0.017209 -0.995136 -0.031159 
-0.243519 0.837935 -0.090668 
-0.819548 0.188259 0.000811 
0.499778 0.721825 0.091162 
0.930769 0.014895 0.091162 
-0.658991 -0.739659 0.059140 
0.369975 0.910934 0.081515 
-0.841014 0.312158 0.091162 
-0.576832 -0.774967 0.091162 
0.357590 -0.918169 0.052497 
0.632075 0.735812 -0.066272 
-0.819187 -0.172822 0.012074 
-0.063992 0.810266 0.078319 
-0.373403 -0.792837 -0.061940 
0.325388 0.743336 -0.021661 
-0.848161 0.161457 0.091162 
0.200102 0.782211 -0.061799 
0.551797 0.812502 0.066888 
0.842558 0.503064 -0.052364 
-0.583518 0.688989 -0.070346 
0.933627 0.279706 -0.063413 
0.195697 -0.832839 -0.094080 
-0.153467 0.928275 0.091162 
0.068067 0.862372 0.091162 
-0.941340 -0.311292 0.057959 
-0.729225 0.403895 0.018572 
0.596097 -0.573883 0.015981 
-0.974687 0.166418 -0.056053 
-0.820296 -0.312583 -0.081286 
-0.977340 0.034602 -0.070101 
0.718743 0.361989 -0.070396 
0.734448 0.382742 0.091162 
-0.809150 -0.510594 -0.081329 
-0.927096 0.363009 -0.041186 
0.846446 -0.388711 0.091162 
-0.541304 -0.828827 0.063016 
-0.419906 -0.882540 -0.069213 
-0.967819 -0.157181 -0.066738 
0.754413 -0.430555 -0.036338 
-0.542815 -0.631651 -0.094080 
0.656025 0.586459 0.091162 
-0.378550 0.717513 -0.033548 
-0.828215 0.155690 -0.094080 
0.615125 0.549418 0.091162 
-0.125854 0.799926 -0.077860 
-0.880076 0.453220 0.083792 
0.033990 0.983845 0.014259 
0.267364 0.804962 -0.094080 
0.258150 -0.904085 -0.082662 
-0.475430 -0.665773 0.061589 
0.943237 -0.271199 0.044205 
-0.634116 0.625796 -0.057872 
-0.990426 0.109541 -0.039052 
0.514636 -0.704461 -0.031297 
0.225684 -0.959797 0.064061 
-0.475122 0.658388 -0.057690 
-0.817373 0.557803 0.041063 
0.310806 -0.823632 -0.053071 
0.663696 0.648209 0.091162 
0.584251 0.685982 0.091162 
-0.519779 -0.626724 -0.067007 
0.176706 0.788592 0.073324 
0.327622 0.810853 0.091162 
-0.383649 0.770631 -0.094080 
-0.014814 0.871133 -0.053792 
-0.656692 -0.535013 -0.094080 
-0.194125 -0.932092 0.091162 
-0.237522 -0.826860 0.091162 
0.227396 0.950112 0.091162 
0.575436 0.735157 -0.083559 
-0.628280 -0.734130 -0.076207 
-0.279170 -0.871952 0.091162 
0.178357 0.866145 -0.061742 
-0.023162 0.817704 -0.094080 
0.441567 -0.750897 -0.063465 
