0.879130 -0.376060 0.071336 
-0.924748 0.377414 -0.038331 
0.365722 0.923565 -0.017953 
-0.396893 -0.909501 -0.017816 
0.917097 0.379520 -0.031171 
-0.387706 0.916767 0.067942 
0.357603 -0.906433 -0.062538 
-0.922550 -0.371841 0.040093 
0.699738 0.703428 0.071336 
0.993543 -0.008515 -0.031087 
-0.008823 -0.991392 0.058975 
-0.698799 0.705386 -0.052415 
0.693619 -0.701059 -0.053768 
-0.023388 0.968099 -0.064934 
-0.714792 -0.687435 -0.050845 
-0.962595 0.010050 0.071336 
-0.736528 0.495693 0.062961 
0.488481 -0.735328 0.064970 
0.507393 0.724852 -0.068519 
0.152416 0.874249 0.066576 
-0.171847 -0.869297 -0.068519 
-0.519387 -0.726717 0.071336 
0.725480 0.520497 -0.068519 
-0.908875 -0.164207 -0.068519 
-0.474498 0.749734 -0.065117 
0.900179 0.172908 0.071336 
0.876547 -0.200414 -0.068519 
0.180909 -0.871175 0.071336 
0.747458 -0.484509 -0.068519 
-0.872179 0.163618 -0.057257 
-0.757753 -0.511836 0.071336 
-0.224288 0.858224 -0.063796 
-0.166510 0.973523 0.071336 
0.509365 0.851423 0.071336 
-0.581042 0.807158 0.071336 
0.774297 -0.597220 0.071336 
0.838606 0.523435 0.071336 
0.070669 -0.883978 -0.068519 
-0.234125 -0.958931 0.071336 
-0.791455 -0.414467 -0.068519 
-0.962772 0.232922 0.071336 
0.967353 -0.205381 0.071336 
0.214148 0.954891 -0.062116 
-0.545303 -0.813855 -0.061300 
-0.842112 0.520400 -0.055669 
0.516429 -0.833826 -0.058803 
-0.617793 0.644772 0.071336 
-0.969352 -0.210740 0.071336 
0.883861 -0.069747 0.071336 
0.876669 0.099921 -0.067755 
-0.888345 -0.008860 -0.068519 
0.442009 -0.886379 0.068546 
-0.640641 -0.624124 0.071336 
0.609717 -0.637131 0.063830 
-0.035370 0.888053 0.068114 
0.815450 -0.344531 -0.068519 
0.199424 -0.971462 -0.045995 
-0.813228 0.358916 0.065815 
0.949734 0.233911 -0.060791 
0.644108 0.645574 -0.068519 
-0.805762 -0.566905 -0.058148 
-0.693380 0.557698 -0.068519 
-0.372722 0.856813 -0.068519 
-0.110490 -0.877305 0.065345 
0.821594 0.331335 0.069286 
0.069124 0.991921 0.069231 
0.548411 0.713434 0.071336 
0.685127 0.561194 0.067077 
-0.765513 0.636478 0.053563 
0.544421 -0.694330 -0.066326 
0.314757 -0.824758 0.062391 
0.292206 0.836404 0.065291 
-0.299986 -0.835510 0.069963 
-0.444134 0.780724 0.071336 
-0.841088 -0.280197 -0.036533 
-0.105550 -0.987813 -0.043826 
-0.990647 0.080627 -0.050304 
0.619440 -0.772142 0.042503 
-0.494969 -0.860731 0.062520 
0.391633 0.793891 -0.047349 
-0.580910 -0.677258 -0.068519 
-0.273932 0.844640 0.060799 
-0.884280 -0.101915 0.047614 
0.627654 0.772832 -0.029791 
-0.413812 -0.786836 -0.068519 
0.875821 -0.467910 -0.035904 
0.105044 0.879755 -0.057370 
0.942318 -0.310407 -0.024632 
-0.890149 0.123526 0.071336 
-0.646290 -0.754189 0.055309 
-0.870690 0.482956 0.065027 
0.281931 -0.949456 0.052849 
0.783312 0.408400 -0.044151 
0.258169 0.959767 0.063916 
-0.992017 -0.078578 -0.017242 
0.880671 -0.055826 -0.066645 
0.982384 0.075550 0.071336 
0.275826 0.842452 -0.068519 
0.772766 0.621578 -0.002714 
-0.161764 0.976373 -0.055427 
0.396863 -0.789917 -0.033152 
-0.575057 0.675901 -0.045429 
0.244082 -0.848018 -0.039507 
0.124213 -0.983392 0.063635 
-0.485069 0.869126 -0.007807 
-0.956782 0.256305 -0.055495 
0.775096 -0.445874 0.071336 
-0.278611 0.955075 0.002264 
-0.802024 0.380234 -0.061464 
0.684455 -0.579239 -0.017096 
-0.683340 -0.563862 -0.036904 
0.838397 0.291080 -0.068519 
-0.804741 -0.397040 0.071336 
-0.764544 -0.634554 0.062263 
0.844176 -0.258597 0.058770 
-0.303930 -0.846675 -0.068519 
-0.865747 -0.489101 0.014783 
0.983560 -0.130091 -0.023665 
0.494993 0.860016 -0.049580 
-0.585514 0.799052 -0.055249 
0.946007 0.294253 0.048012 
0.044884 -0.884753 0.049343 
-0.050530 -0.881871 -0.050878 
0.846040 0.517479 -0.047146 
-0.963180 -0.263179 -0.034151 
-0.237264 -0.963057 -0.048489 
-0.098104 0.881430 -0.038694 
0.012758 -0.982816 -0.058001 
-0.409225 -0.784130 0.064001 
-0.843810 0.274924 -0.050028 
-0.863328 -0.253222 0.071336 
0.093361 0.991543 -0.044036 
0.984821 0.128242 -0.041710 
0.804605 -0.578527 -0.044567 
-0.928366 0.352862 0.071336 
0.423702 0.778992 0.067196 
0.704065 -0.696133 0.060950 
0.887726 0.038296 0.027482 
0.768706 0.436024 0.061726 
-0.040536 0.993457 0.042902 
-0.531735 0.713240 0.052498 
-0.669530 0.736804 0.051172 
0.890123 0.429334 0.071336 
-0.856879 0.261184 0.071336 
-0.895982 -0.393909 -0.062249 
0.988739 -0.057251 0.066898 
-0.112032 -0.985081 0.061726 
-0.768970 0.630746 -0.049634 
-0.175254 0.871398 0.067530 
-0.753746 0.469578 -0.055082 
-0.986228 0.136721 0.034318 
0.412547 0.882139 0.071336 
-0.332499 -0.934838 0.065908 
0.617797 0.640196 0.071336 
0.843392 -0.517883 0.056634 
0.860542 0.196773 -0.033871 
-0.203912 -0.865897 0.031032 
0.163498 0.980204 0.038354 
-0.643985 -0.756886 -0.047216 
-0.682423 0.578280 0.027904 
0.528135 -0.837371 0.064724 
-0.898723 0.073582 -0.013795 
0.608072 -0.769678 -0.058586 
0.620715 -0.631690 -0.068519 
-0.363817 0.817762 0.020067 
0.870487 -0.166920 0.041689 
-0.500772 -0.729876 -0.055047 
0.587471 0.799958 0.054889 
-0.573895 -0.810148 0.033223 
0.716199 -0.519076 0.068515 
-0.977459 -0.106334 0.071336 
0.149391 -0.885072 -0.017339 
-0.742959 -0.498393 -0.068519 
0.964656 -0.222590 -0.047328 
0.042580 0.894602 0.010291 
0.408491 -0.782790 0.059541 
0.714141 0.693162 -0.029744 
0.483944 -0.754127 -0.027758 
0.945121 -0.294071 0.070723 
-0.477972 -0.873660 -0.038166 
0.443131 -0.889304 -0.037529 
-0.824953 0.557935 0.045984 
0.791959 -0.422627 -0.022355 
0.112061 -0.962497 -0.064214 
-0.894764 -0.018395 0.020131 
0.578371 0.686203 -0.007379 
0.967977 0.210764 0.029345 
-0.978782 -0.178712 -0.016523 
0.748399 -0.648166 0.002584 
0.188329 0.869509 -0.032591 
0.323325 -0.826451 -0.068519 
-0.782929 0.433660 0.023545 
0.853775 0.250923 0.071336 
0.359595 -0.912262 0.071336 
-0.354992 0.933632 -0.033516 
0.276911 -0.937090 -0.061336 
-0.416788 -0.900487 0.065231 
0.734893 0.504085 0.022780 
0.821865 -0.342157 0.015658 
-0.962372 0.159036 -0.063803 
0.687426 -0.605380 0.071336 
-0.887958 0.456273 -0.026230 
0.339044 0.933606 0.061174 
0.913861 -0.387777 -0.039703 
-0.320179 -0.928243 -0.059618 
-0.500083 0.846754 0.071336 
-0.238425 0.931145 0.071336 
-0.877568 -0.178300 0.015007 
-0.360786 -0.822817 -0.012854 
0.924984 0.019072 -0.068519 
-0.297488 0.853094 -0.025632 
-0.995579 0.003356 -0.007162 
-0.814978 -0.568751 0.055953 
-0.767985 -0.462400 0.006612 
-0.951929 -0.288026 0.043258 
-0.829247 -0.325113 0.040446 
0.683337 0.586399 -0.027619 
-0.178560 -0.975436 0.013463 
-0.564849 -0.693571 0.012016 
0.736751 0.624263 0.071336 
0.069672 -0.988764 0.000130 
0.203845 -0.959894 0.071336 
-0.872350 0.194657 0.028111 
-0.638436 0.636921 -0.013915 
0.854989 -0.271442 -0.020262 
0.553077 0.805611 -0.062219 
0.562817 -0.701774 0.071336 
-0.656565 -0.635475 -0.068519 
0.486297 0.750453 0.004289 
-0.686992 -0.559994 0.061507 
0.787637 0.569845 -0.063711 
-0.946706 0.308349 0.008248 
0.005649 0.894412 -0.068519 
-0.711627 -0.693371 0.062878 
0.878039 0.459903 -0.000524 
-0.850730 -0.466379 -0.064510 
0.889140 -0.118329 -0.017073 
-0.119306 0.987468 0.009496 
-0.429592 0.792707 -0.013965 
-0.882713 -0.086641 -0.066237 
-0.739129 -0.610857 -0.064153 
0.290985 0.946313 -0.053480 
-0.033666 -0.886623 0.071317 
0.951556 -0.129574 0.071336 
-0.511475 0.818956 -0.064659 
0.357422 0.862703 -0.064583 
0.850679 0.369036 -0.068519 
0.583873 -0.676128 0.002080 
0.988672 0.062392 -0.004792 
-0.913211 -0.320495 -0.064881 
-0.312495 0.944796 0.070695 
0.882007 0.127186 0.014715 
0.965345 -0.069811 -0.064260 
-0.974626 0.203581 0.002571 
0.368003 0.812113 0.029686 
-0.886130 -0.444994 0.071336 
-0.646599 0.762081 -0.033797 
0.447000 0.886815 0.005411 
0.094012 0.920250 0.071336 
-0.250719 0.927841 -0.064324 
-0.115106 -0.918257 -0.068519 
0.879765 -0.453569 0.048631 
-0.873249 0.402440 0.071336 
0.558922 -0.817313 0.000650 
-0.691310 0.651571 0.071336 
0.723612 -0.621077 -0.063594 
0.942059 0.014040 0.071336 
-0.139326 -0.885379 -0.004784 
-0.086475 0.944055 0.071336 
-0.764542 0.555312 -0.051907 
-0.240202 -0.858266 -0.031786 
0.014670 0.940906 0.071336 
-0.842085 0.309082 0.014273 
0.218258 0.863508 0.038007 
-0.815789 -0.346926 -0.058331 
0.835042 0.321811 -0.001282 
-0.685866 0.634629 -0.068519 
0.917343 0.159715 -0.067067 
-0.728738 0.678205 0.007217 
0.656822 0.744047 0.030572 
-0.424267 0.901419 -0.046029 
0.945798 0.302565 -0.040826 
-0.209481 0.972533 0.008746 
-0.291371 -0.948101 0.008913 
0.891355 -0.042370 0.005702 
0.742509 -0.496370 0.001674 
-0.887485 0.054325 0.054169 
0.578238 0.732209 -0.064848 
0.458004 0.776251 -0.068519 
-0.859722 -0.216911 -0.063455 
-0.191953 0.878255 -0.003557 
0.251803 -0.865257 0.071336 
-0.494909 0.749500 0.004069 
0.827096 -0.513850 -0.062393 
0.775099 0.554345 0.071336 
0.887742 0.355978 0.071336 
0.495804 -0.857476 0.004373 
0.023120 -0.897690 -0.018371 
-0.993376 0.067884 0.020845 
0.660207 -0.737773 -0.003426 
-0.472376 -0.761462 0.000996 
0.853516 0.445133 -0.064752 
-0.255690 -0.890889 0.071336 
-0.824465 -0.490545 0.071336 
-0.783634 -0.611293 -0.008741 
-0.430597 0.854808 0.071336 
0.800615 -0.380857 0.071336 
0.340089 -0.930109 0.006758 
0.980366 0.142094 0.029007 
-0.063186 -0.989613 0.012532 
0.318693 0.840409 -0.010197 
-0.969153 -0.024624 -0.064823 
0.801800 0.387098 0.025678 
-0.820195 0.451495 -0.048502 
-0.095042 0.887209 0.032934 
-0.741757 0.564083 0.071336 
0.637991 0.627259 0.006611 
-0.934985 0.041856 -0.065208 
-0.897240 -0.428830 0.003517 
-0.949537 0.088800 0.071336 
0.066147 -0.947326 0.071336 
-0.725236 0.530800 0.002781 
-0.680409 -0.723511 0.004492 
0.215718 -0.906383 -0.061312 
-0.559480 0.823580 0.003078 
-0.549090 0.734654 -0.068519 
0.115609 -0.877192 0.053166 
-0.094024 0.979149 -0.060133 
-0.925904 -0.158502 0.071336 
-0.872579 0.339249 -0.059135 
-0.616516 -0.650342 0.003951 
0.639163 -0.714174 0.071336 
-0.170258 -0.908522 0.071336 
0.059065 0.932844 -0.053542 
0.897369 0.088655 0.071336 
0.922216 -0.359510 0.022170 
-0.526163 -0.841691 -0.002971 
-0.154457 0.902975 -0.068519 
-0.565005 -0.746121 -0.043310 
0.741736 0.618980 -0.064831 
-0.342064 0.867608 0.071336 
-0.479898 -0.800431 -0.054096 
-0.590228 0.740690 0.071336 
0.484107 0.749818 0.071336 
0.004183 0.994485 -0.009789 
-0.894990 -0.319306 0.071336 
0.908628 -0.265082 -0.060672 
0.227650 0.967136 0.004794 
0.778445 0.479561 -0.068519 
0.727836 -0.554673 -0.068519 
-0.411851 -0.863816 -0.063788 
-0.631181 -0.691507 0.071336 
-0.171686 -0.952745 -0.064514 
-0.047003 -0.954614 -0.063772 
-0.934312 0.173170 0.071336 
0.940795 -0.163262 -0.064014 
-0.994086 -0.045865 0.050552 
-0.364769 -0.848148 0.071336 
-0.635814 0.686555 -0.068519 
-0.801551 0.490135 0.071336 
-0.947420 -0.111502 -0.062008 
-0.511184 -0.791713 0.071336 
-0.041279 0.899095 -0.011513 
-0.621192 0.777890 0.027397 
0.552306 0.825157 0.006245 
0.901734 -0.231098 0.071336 
0.617924 -0.695759 -0.057827 
-0.584993 -0.739810 0.071336 
0.855341 0.260216 0.000927 
0.387946 -0.846657 -0.063154 
0.194851 0.934123 0.071336 
0.151374 0.922586 -0.034494 
0.780836 -0.510548 0.071336 
-0.817769 0.373640 0.003010 
0.956479 -0.256628 0.008177 
0.421830 0.858427 -0.063402 
-0.294342 -0.844717 0.006439 
-0.887547 0.136089 0.006054 
0.340119 -0.825902 0.003216 
0.891952 -0.327247 -0.062477 
-0.813026 -0.378403 0.008326 
-0.920702 -0.047250 0.071336 
-0.071007 -0.889336 0.016177 
0.648150 0.722711 -0.064110 
0.455860 -0.813627 -0.041009 
0.462711 -0.825842 0.071336 
0.857566 -0.408053 -0.062313 
0.399047 -0.906272 0.008110 
0.804388 -0.576588 0.019244 
0.282990 0.898880 0.071336 
-0.586849 0.675257 0.025311 
0.157639 -0.978068 0.001061 
0.961659 0.074269 -0.064898 
-0.910727 0.216710 -0.039142 
0.541052 -0.764589 -0.051609 
0.888229 0.242631 -0.068519 
0.232951 -0.962797 0.005921 
-0.399908 0.798317 -0.068519 
-0.791894 0.604069 0.007365 
0.817353 0.561600 -0.009616 
0.170684 0.982231 -0.027038 
0.201992 -0.868819 0.011300 
0.249866 0.900132 -0.050720 
0.731169 0.670298 0.029783 
0.545494 -0.778552 0.071336 
-0.909540 0.115871 -0.068519 
-0.732578 -0.514198 0.015328 
0.923449 0.242103 0.071336 
-0.735102 -0.668307 0.003798 
-0.901447 -0.251190 -0.034377 
-0.940494 -0.324164 -0.004904 
0.827227 0.463563 0.071336 
-0.925413 0.281061 0.071336 
-0.862944 0.249863 0.004134 
0.156104 -0.917385 -0.068519 
0.987524 -0.073695 -0.001035 
-0.862772 0.410445 -0.062285 
0.882772 0.050459 -0.033112 
0.866225 -0.215539 0.005674 
0.673008 -0.642532 -0.038006 
0.860443 -0.318400 0.071336 
0.149268 -0.929011 0.071336 
-0.070648 -0.934302 0.071336 
-0.798231 -0.488293 -0.038725 
-0.914687 0.393427 0.028505 
-0.828068 -0.550485 0.000083 
-0.531062 0.770394 0.071336 
0.990201 0.015698 0.032999 
-0.634234 -0.687419 -0.039857 
-0.449382 -0.885098 0.013351 
0.438205 0.783222 -0.010239 
-0.459394 0.856585 -0.064450 
-0.821376 0.431671 0.071336 
0.607665 0.716989 0.071336 
-0.894063 -0.108680 -0.010481 
-0.393024 0.914358 0.007438 
0.087905 -0.889968 0.002569 
-0.437001 -0.835753 0.071336 
0.446274 -0.771539 0.014252 
-0.310189 0.911174 -0.064453 
-0.598545 -0.794496 -0.044420 
-0.767789 -0.442259 0.063974 
0.868223 0.193705 0.024314 
0.307511 -0.878796 -0.047499 
0.841096 0.397279 0.071336 
0.538751 0.771940 0.071336 
-0.060365 0.992808 -0.012161 
0.398445 -0.847423 0.071336 
-0.573448 -0.676727 0.067347 
-0.140296 0.917763 0.071336 
0.034256 -0.929886 -0.068519 
0.837773 -0.526919 -0.006878 
0.646525 -0.613895 0.009840 
-0.862319 -0.367236 0.071336 
0.885721 0.324212 -0.057815 
0.850532 0.509505 0.010243 
-0.748734 -0.560472 -0.037983 
0.570975 0.675152 -0.067348 
-0.551741 0.710459 -0.003434 
-0.869800 -0.344892 -0.036460 
0.062707 0.992553 0.004404 
-0.443996 0.891079 0.025528 
0.776040 0.445106 -0.000843 
0.008687 -0.925067 0.071336 
0.444949 -0.763312 -0.068519 
-0.887206 -0.200491 0.071336 
-0.987417 -0.125290 0.015158 
0.973633 -0.179775 0.002481 
0.269766 -0.848273 0.020035 
0.824341 -0.457183 -0.058200 
0.268024 0.853369 0.012400 
0.136689 0.884617 0.012954 
-0.419337 -0.794681 -0.012502 
-0.941552 -0.210447 -0.064664 
0.941864 0.134551 0.071336 
0.007347 -0.991278 0.004691 
0.907875 0.397482 0.028072 
-0.657163 -0.613408 -0.009563 
-0.209451 -0.913681 -0.049560 
0.520882 -0.725496 0.003478 
-0.047361 0.912993 -0.068519 
0.894714 -0.423427 -0.000820 
-0.736566 -0.584377 0.071336 
0.303073 0.885353 -0.041313 
0.356916 0.876317 0.071336 
0.671700 0.625440 0.071336 
0.735460 -0.651120 0.071336 
-0.860465 0.217033 -0.068339 
0.497324 0.859634 0.017483 
-0.245211 0.863743 0.004268 
-0.628568 0.626722 -0.067767 
-0.815249 0.575653 -0.041726 
0.894890 -0.126860 0.071336 
0.843493 -0.296981 -0.068519 
-0.272254 -0.901582 -0.055075 
-0.351327 -0.882915 -0.061347 
0.872700 0.303126 0.071336 
-0.719143 0.599494 -0.042541 
0.871062 -0.138644 -0.064550 
0.313818 0.942886 -0.003926 
0.774213 -0.525288 -0.043895 
0.967233 0.179356 -0.056624 
-0.754057 0.484992 0.009899 
0.806821 0.359915 -0.035705 
0.832233 -0.439537 0.071336 
-0.346694 -0.929496 -0.011023 
-0.334254 0.822179 -0.051612 
0.929208 -0.039625 0.071336 
0.883513 -0.006850 0.057596 
-0.359380 -0.807889 -0.065136 
0.713946 0.542769 -0.009204 
-0.967206 -0.232298 0.021469 
-0.849043 0.318394 0.071336 
0.935415 0.327545 0.006374 
0.924165 -0.111598 -0.061478 
-0.885481 0.063410 -0.065711 
0.764989 0.501308 0.071336 
0.675292 -0.592575 -0.068519 
-0.521731 -0.725581 0.016476 
-0.847509 -0.397186 -0.038995 
0.010106 0.994291 0.066048 
-0.929719 0.302115 -0.063347 
-0.341107 0.934702 0.018400 
0.037486 0.981544 -0.060699 
0.537992 0.720279 -0.016736 
0.172553 -0.866330 -0.068519 
0.767605 0.529759 -0.034317 
-0.793266 0.592881 0.071336 
-0.935345 -0.063863 -0.040932 
0.924942 0.106974 -0.044054 
-0.899547 0.005433 0.071336 
0.707795 -0.541179 0.011617 
-0.600443 0.730753 -0.055661 
-0.622304 -0.773873 0.012251 
-0.856136 -0.263689 0.011545 
0.112625 0.987636 0.021516 
-0.660161 0.593178 -0.034427 
-0.400113 0.811497 0.071336 
0.577634 0.674583 0.044284 
-0.989366 0.126387 -0.023777 
-0.923244 -0.371259 -0.021561 
0.461604 0.815563 0.071336 
0.408440 0.829275 0.071336 
-0.199293 0.915451 -0.039805 
-0.462114 0.801723 -0.068519 
0.935022 -0.029560 -0.049894 
0.503963 0.790510 -0.047838 
-0.713074 -0.631314 0.071336 
-0.793963 0.503403 -0.044181 
-0.903062 0.013706 -0.023697 
0.898189 0.001879 -0.021545 
0.571836 -0.806777 -0.050107 
-0.241203 -0.962033 0.005294 
-0.121846 0.927610 -0.035180 
-0.857047 -0.509664 -0.036347 
-0.894293 0.276828 -0.034911 
0.661304 -0.650277 0.071336 
0.784771 -0.414864 0.030879 
0.795548 -0.399273 -0.068519 
0.711871 0.570536 -0.068519 
-0.159771 -0.959154 0.071336 
0.310913 -0.894977 0.071336 
0.144018 0.943304 0.071336 
0.729161 -0.572349 0.071336 
-0.847175 0.522903 0.015628 
0.848146 -0.243168 -0.065953 
0.672699 0.729411 -0.019466 
-0.339121 -0.822484 0.033648 
-0.651197 0.693367 0.071336 
-0.229478 0.969886 -0.044115 
-0.982414 -0.156718 0.063778 
0.131852 0.964340 -0.063985 
0.323912 0.824147 -0.067022 
-0.986627 0.022901 -0.057827 
0.226797 0.856078 -0.063769 
-0.824469 0.328545 -0.045873 
0.223897 -0.907975 0.071336 
-0.236730 0.877802 0.071336 
-0.002854 -0.884861 -0.068519 
0.048764 0.884750 -0.040807 
-0.960680 -0.160406 -0.063966 
-0.702191 0.703685 0.071336 
0.895988 0.424310 -0.046848 
-0.282673 -0.944943 0.071336 
0.690870 0.627052 -0.056508 
0.981575 -0.131668 0.026635 
0.952206 0.273820 -0.000040 
0.715736 -0.515601 -0.039329 
0.065431 -0.980136 -0.058429 
0.923831 -0.349790 0.071336 
-0.318738 0.832367 0.042163 
0.321237 -0.940363 -0.038459 
0.883106 0.152349 -0.030188 
0.497439 -0.787148 -0.062726 
0.080520 -0.928305 -0.046118 
0.909948 -0.181880 0.071336 
-0.453171 -0.760708 0.065243 
-0.008487 -0.932191 -0.035337 
-0.977903 0.187140 0.049428 
-0.692141 -0.567975 0.011896 
0.592798 0.796141 -0.003008 
0.406813 0.905857 0.027985 
0.888332 0.280469 -0.034276 
-0.106627 0.988717 0.062837 
0.909386 0.204926 -0.038071 
0.616133 -0.774855 -0.006933 
-0.715801 -0.523668 -0.033354 
0.800927 0.584522 0.031156 
-0.003992 -0.891109 0.022497 
0.010869 0.937061 -0.043514 
-0.680909 -0.724063 -0.046548 
-0.459932 -0.755733 -0.065264 
-0.378397 0.820567 -0.029512 
0.503373 -0.724373 -0.061987 
-0.144223 0.885595 0.006395 
-0.987057 0.052816 0.071336 
-0.275294 0.862780 -0.068519 
0.382169 -0.804693 0.017567 
0.461989 -0.776167 0.071336 
-0.519271 0.779645 -0.036363 
0.152757 0.872939 -0.066442 
-0.760590 -0.454621 -0.055175 
-0.305241 -0.884240 0.071336 
-0.959331 0.266730 0.030806 
-0.841171 -0.529454 0.043086 
0.649511 0.691665 0.071336 
-0.724322 0.513350 -0.042788 
-0.884993 0.213345 0.071336 
0.635167 0.684316 -0.037013 
-0.034656 0.936655 0.071336 
-0.424106 0.835288 -0.037695 
0.809269 0.462357 -0.035004 
0.032357 0.895573 0.071336 
0.449897 0.818358 -0.045549 
-0.719862 0.612214 0.071336 
-0.793254 -0.422501 -0.004859 
-0.602664 0.691103 0.071336 
0.874800 0.131455 0.067567 
-0.785289 0.542797 0.071336 
0.680766 -0.567239 0.042304 
-0.647238 0.609940 0.055259 
0.903433 -0.224058 -0.035677 
-0.516866 0.721287 -0.035017 
-0.131928 -0.983122 -0.003666 
0.618061 0.764110 0.071336 
0.764183 -0.439781 -0.062452 
0.353693 0.910647 -0.062729 
-0.893734 -0.440570 -0.043019 
-0.297556 0.952096 -0.042564 
-0.877450 -0.161623 -0.032240 
-0.095108 -0.880488 -0.033117 
-0.878440 -0.151482 0.071336 
-0.384052 -0.915320 0.028027 
0.741150 -0.478514 0.062512 
0.647745 -0.732992 -0.060608 
-0.543532 0.833993 0.056167 
0.090501 0.892505 0.003940 
-0.302416 0.894027 0.071336 
0.198088 0.910496 -0.068519 
0.782202 0.610080 0.066636 
0.963712 0.188959 0.071336 
-0.054737 -0.989889 0.071066 
-0.547179 -0.696160 -0.040950 
0.038307 -0.990264 0.064290 
0.403610 0.909860 -0.042903 
0.641294 0.608607 -0.036817 
-0.632611 0.761675 0.071336 
0.626841 -0.642452 -0.022301 
0.468496 -0.853642 -0.062776 
-0.322723 0.864754 -0.068519 
-0.923838 0.151494 -0.037560 
0.879847 -0.162962 -0.005095 
-0.834771 -0.333883 -0.005535 
-0.611892 -0.639723 -0.054120 
0.765959 -0.456441 0.010281 
-0.887770 -0.039866 -0.033171 
0.740066 -0.661236 -0.041810 
-0.763435 0.457484 0.068030 
0.236044 0.899480 0.071336 
0.884324 -0.009158 -0.068519 
0.701449 -0.698927 0.014277 
-0.883205 -0.284749 -0.068519 
-0.534406 -0.836565 0.055345 
0.443134 -0.885779 0.009090 
0.601518 0.648040 -0.044633 
-0.186803 0.922274 0.071336 
0.358405 -0.810433 0.070451 
-0.976055 0.204230 -0.044005 
-0.605408 -0.729464 -0.059376 
-0.821603 -0.445824 -0.034693 
0.549113 0.827429 0.070794 
0.748833 0.473343 -0.033318 
0.818709 -0.556604 0.063356 
0.833312 -0.321838 -0.030736 
0.082112 -0.903582 0.071336 
0.569021 -0.810076 0.045251 
0.594240 0.778153 -0.061381 
-0.528975 0.847417 -0.032621 
0.235357 0.869694 -0.019010 
-0.381021 0.902159 -0.062464 
0.713378 0.524573 0.067002 
-0.075165 -0.929764 -0.036821 
-0.163905 0.980958 0.019718 
-0.490478 0.801552 0.071336 
-0.861063 0.478446 -0.059682 
0.261932 -0.893724 -0.055896 
0.583020 -0.725374 -0.064042 
-0.025834 -0.994535 -0.035618 
0.351955 0.823472 0.071336 
0.925420 0.354103 0.044943 
-0.252092 -0.855176 0.021420 
0.082439 -0.987506 0.044970 
-0.265797 0.958962 0.047128 
-0.669677 -0.716351 0.071336 
-0.072265 0.932293 -0.035324 
-0.994965 0.022128 0.034564 
0.456050 0.868112 0.071336 
-0.795253 0.399092 0.052750 
-0.518181 -0.776588 -0.060622 
0.906234 0.042185 0.071336 
-0.565763 -0.816844 -0.020705 
-0.414777 0.790319 0.033771 
-0.936716 -0.334201 0.061286 
0.984442 0.108086 -0.000999 
0.863062 -0.358367 -0.046340 
-0.001185 0.894232 0.022395 
-0.513357 -0.845150 -0.053708 
-0.888288 0.094179 0.032552 
-0.761489 0.641380 0.008710 
0.351665 -0.864354 -0.042733 
-0.710049 0.534443 0.058589 
0.181129 0.876428 0.011893 
-0.931762 0.350468 0.014931 
0.810094 -0.379864 -0.006187 
0.868773 0.477236 0.060199 
-0.657637 0.747943 0.007613 
-0.522864 0.846845 0.018173 
0.938718 -0.315181 0.031377 
0.687477 0.569512 0.015593 
-0.153377 -0.919882 -0.039862 
-0.685912 -0.601396 -0.068519 
0.977325 0.020927 -0.060898 
-0.864533 0.494477 -0.017900 
0.274716 0.954748 0.014651 
-0.920064 -0.273686 0.071336 
0.295580 -0.847473 -0.017738 
0.355658 -0.807332 -0.035265 
-0.612432 -0.778706 0.071336 
-0.813438 -0.523366 -0.064908 
0.543349 0.705964 0.027546 
0.681744 0.693276 -0.063847 
-0.035464 -0.896167 -0.011349 
0.972996 0.186734 -0.013017 
-0.990367 -0.121224 -0.030142 
0.113288 -0.875493 -0.058788 
0.957099 -0.254311 0.054663 
-0.928299 -0.227932 0.071336 
-0.662643 -0.592814 0.043924 
0.100495 0.926936 -0.068519 
0.976097 -0.014542 0.071336 
-0.798898 -0.388658 -0.033012 
-0.207056 0.867296 0.036843 
-0.172871 0.869721 -0.042686 
0.401497 -0.905161 0.058623 
0.650045 -0.665087 -0.068519 
-0.792536 0.421350 -0.031471 
0.885459 -0.080739 0.027014 
-0.889810 -0.058231 0.038731 
0.835343 0.296616 0.045560 
-0.964919 0.114876 -0.064486 
0.769048 -0.623006 0.035795 
-0.428863 -0.828710 -0.043018 
-0.702747 0.566644 -0.017965 
-0.932170 0.085844 -0.039916 
0.956496 -0.268693 -0.034287 
-0.940652 0.336582 -0.033201 
-0.891520 0.443987 0.015991 
-0.468615 0.758045 0.042528 
-0.745389 -0.655802 -0.049512 
-0.854279 -0.319020 -0.068519 
0.869328 0.480780 -0.040273 
0.860451 -0.201312 0.067225 
0.781034 -0.613754 -0.032899 
0.242048 -0.963945 -0.038340 
-0.200778 -0.874875 -0.011861 
-0.114289 -0.939166 0.071336 
0.540572 0.754464 -0.068519 
-0.606702 0.667838 -0.016121 
0.379288 0.914038 0.071336 
-0.775401 -0.557844 0.071336 
0.119411 0.979581 0.071336 
0.586886 -0.738335 0.071336 
0.759553 0.637678 0.036415 
-0.379424 -0.806550 0.027707 
0.791450 0.399567 0.069852 
0.624325 0.771236 0.014114 
-0.816387 -0.355001 0.070259 
-0.243842 -0.849522 0.064208 
-0.904732 -0.405551 0.071336 
0.204486 0.972537 0.051088 
-0.919168 -0.090815 0.071336 
-0.983895 -0.067428 -0.058554 
-0.773678 -0.524935 -0.040749 
0.391207 -0.913601 -0.035914 
-0.867596 -0.485642 0.070502 
-0.663471 0.660640 -0.040111 
0.984991 -0.099416 0.057780 
-0.545641 -0.765546 0.071336 
0.642778 -0.603856 -0.033612 
0.108405 -0.984949 -0.018647 
0.588940 -0.656975 -0.053855 
-0.842983 -0.445094 0.071336 
0.722789 -0.587359 -0.036729 
0.874218 0.175092 -0.068519 
-0.790716 -0.602609 0.045075 
-0.314165 -0.879692 -0.039856 
0.895158 -0.415999 0.071336 
-0.881083 0.360134 0.071336 
-0.944534 0.315510 0.050600 
0.820417 -0.484636 0.071336 
-0.431770 -0.895969 -0.043335 
-0.869372 -0.223229 0.005687 
0.614581 -0.643617 0.018854 
-0.989973 0.102436 0.066588 
-0.762196 -0.637415 0.019538 
-0.713951 -0.527078 0.066781 
0.841941 -0.284945 0.025045 
0.809356 0.532925 -0.064247 
-0.743210 0.664598 -0.044675 
0.968354 -0.112469 -0.062078 
-0.131472 0.877666 0.059185 
0.386437 0.850400 -0.035616 
0.928164 -0.071849 -0.043184 
-0.652138 0.730871 -0.062536 
0.693578 0.709621 0.029467 
0.296127 -0.945149 -0.004210 
0.866686 -0.478039 0.016216 
-0.883808 0.165715 0.071336 
-0.214452 -0.871470 -0.068519 
0.192967 -0.878752 -0.029193 
-0.319197 -0.830130 -0.032308 
0.001987 0.901996 -0.021029 
-0.938368 0.001926 -0.044379 
-0.464799 0.879960 0.068963 
-0.093726 0.916650 -0.068519 
-0.352380 0.814734 0.061245 
-0.882926 0.108024 -0.033036 
-0.151352 -0.872568 0.054810 
0.081110 0.884850 0.051829 
-0.738660 0.667612 0.064027 
-0.457694 -0.880654 0.065685 
0.831849 0.422182 -0.036473 
-0.694626 0.713299 0.026439 
-0.891171 0.440808 0.071336 
-0.962779 0.141862 0.071336 
-0.077430 0.890429 0.071336 
-0.686269 -0.635475 -0.038497 
-0.926109 -0.137968 -0.036927 
0.355333 0.810579 -0.033793 
-0.876586 0.209229 -0.011252 
0.842191 -0.398602 0.071336 
-0.821647 0.562549 0.004241 
0.928003 -0.348350 -0.044137 
-0.894356 0.023677 0.021858 
0.453231 0.768063 0.026053 
0.672198 0.591279 -0.068519 
-0.615234 0.782779 -0.014818 
0.659102 0.733815 0.071336 
0.861132 0.197742 0.065596 
0.959440 0.247376 0.050191 
0.253049 0.851328 0.068440 
-0.914337 0.186923 -0.068519 
0.158224 -0.974544 -0.053475 
0.790317 -0.491078 -0.062102 
0.965824 -0.216892 0.020423 
0.930666 0.060267 -0.040422 
0.193483 0.880093 0.071336 
-0.991630 -0.082512 0.030709 
-0.994238 -0.041211 0.001223 
-0.935714 0.041962 0.071336 
-0.837384 -0.292016 0.064467 
0.156259 -0.873972 0.037860 
-0.834097 0.516074 0.071336 
0.973727 -0.181865 -0.046662 
-0.679613 -0.656007 0.071336 
0.529469 -0.738050 0.071336 
0.512444 0.804099 0.071336 
0.802419 0.438781 -0.068519 
-0.262727 0.898470 -0.037550 
0.938104 -0.080123 0.071336 
-0.595914 -0.673790 -0.030032 
-0.942467 -0.290027 -0.057927 
-0.606068 -0.646014 0.065010 
0.882369 -0.080563 -0.032583 
-0.882451 0.297840 -0.068519 
0.178770 -0.974580 0.041963 
0.603807 0.711630 -0.039820 
0.767302 -0.549474 0.071336 
-0.346555 -0.885108 0.071336 
0.277039 -0.838104 -0.062146 
0.821674 0.323150 -0.046870 
0.901410 -0.314160 0.071336 
-0.361020 -0.921752 -0.051876 
-0.278958 -0.844571 -0.032294 
-0.757626 0.593812 -0.064432 
-0.209711 -0.919849 0.071336 
0.271813 -0.907437 0.071336 
0.892488 0.097597 -0.020783 
-0.457891 -0.849865 -0.064849 
0.379901 -0.801830 -0.068519 
0.258183 0.963266 -0.035683 
-0.470014 0.771009 -0.020370 
-0.026520 -0.956593 0.071336 
-0.128899 -0.873998 -0.055283 
-0.832884 -0.421433 -0.068519 
0.826151 0.485150 -0.064406 
0.726255 -0.672442 0.033005 
0.823875 -0.319911 0.053259 
-0.956158 0.287587 -0.029294 
0.027728 0.993714 0.029265 
0.525732 -0.838865 -0.016043 
0.862962 -0.482894 0.071336 
0.856128 -0.503665 -0.035734 
-0.899479 -0.229118 -0.068519 
-0.614864 0.768493 -0.060336 
-0.669823 -0.672820 -0.060016 
0.659633 0.591177 0.053393 
-0.189607 0.948500 -0.064817 
0.812747 0.394981 -0.068519 
0.211723 -0.857296 -0.063682 
0.373815 0.825920 -0.068519 
0.652376 -0.596126 0.053416 
-0.699233 -0.544329 -0.068519 
0.943862 0.063315 0.071336 
-0.152027 -0.983017 -0.038732 
-0.901419 0.253858 -0.067327 
0.989808 -0.024605 0.033006 
0.744183 0.584659 0.071336 
-0.064868 -0.990835 -0.044743 
0.856697 0.216901 -0.068519 
-0.888131 0.308840 0.071336 
0.503194 0.741761 -0.031165 
-0.782342 -0.612514 -0.048921 
-0.362324 -0.808281 0.066655 
0.303563 0.945997 0.041264 
0.331250 0.828064 0.026436 
0.563396 -0.692706 -0.030927 
-0.435137 -0.779056 0.020992 
0.342635 -0.870334 0.071336 
-0.959890 -0.038616 0.071336 
-0.820263 0.416721 -0.068519 
-0.785842 -0.421075 0.034517 
0.684692 -0.555764 -0.055739 
0.751766 -0.592590 -0.064468 
-0.071351 -0.882068 0.055563 
-0.860132 0.370641 -0.037773 
0.400821 0.799644 0.010614 
-0.921735 0.241298 0.071336 
-0.909122 0.412937 -0.028954 
0.501793 -0.778956 0.071336 
-0.553761 0.755532 -0.034847 
-0.746856 -0.485190 0.038622 
-0.911534 0.346155 -0.063901 
0.606493 0.659083 0.000195 
0.796012 0.593903 -0.033173 
0.415193 -0.875597 -0.064099 
-0.289308 0.846826 0.019781 
0.909181 0.287484 0.071336 
0.516697 0.847587 -0.014991 
-0.124112 -0.959568 -0.064589 
-0.883988 -0.139478 0.019988 
-0.577211 -0.799801 0.071336 
-0.850284 0.307112 -0.024846 
0.752644 0.468925 0.046751 
0.649871 -0.747168 0.038761 
-0.676221 0.735256 -0.031541 
0.952682 0.126068 -0.064679 
-0.883754 -0.307130 -0.035990 
-0.762999 0.506018 -0.068519 
-0.855266 0.237886 -0.035277 
0.894753 0.382407 -0.063501 
0.914078 0.275799 -0.063732 
-0.049953 0.890791 0.031631 
0.042340 -0.993512 -0.029480 
-0.672421 0.582146 0.067111 
-0.980451 -0.168605 0.021454 
-0.341693 0.832945 -0.008694 
0.495114 -0.857905 0.058889 
-0.886283 0.172056 -0.019564 
0.911057 -0.269270 0.071336 
0.272051 0.860301 -0.029281 
-0.970749 -0.217106 -0.015363 
0.479440 -0.750775 0.011471 
0.314747 0.914643 -0.064923 
-0.268233 -0.942371 -0.060752 
-0.140889 -0.981655 0.035485 
0.844359 0.257925 -0.048595 
-0.453475 0.823084 0.071336 
-0.492415 0.865199 0.034386 
0.866828 0.223165 -0.003537 
0.864032 -0.184914 -0.033244 
0.364588 0.923992 0.033303 
0.328291 -0.934550 0.064760 
0.732093 -0.611216 0.071336 
-0.545150 0.799521 -0.064808 
-0.410133 0.865858 -0.063220 
-0.883234 -0.456386 0.034312 
-0.397163 0.879254 0.071336 
0.977188 0.118494 0.071336 
0.961152 0.241868 -0.020141 
-0.453720 -0.774528 -0.030385 
0.735080 0.656237 -0.056510 
0.928248 -0.212799 -0.063200 
0.142631 0.884858 -0.031026 
0.613901 0.675844 -0.068519 
0.515159 0.721475 0.053322 
0.118289 -0.925124 -0.038592 
-0.909380 -0.056282 -0.068519 
0.475545 -0.871815 -0.025878 
-0.995720 0.038741 -0.022576 
-0.858516 -0.246063 -0.032060 
0.746880 -0.555358 -0.035000 
-0.085590 -0.959350 -0.064770 
0.989863 0.026012 0.070085 
0.989954 0.023241 -0.004698 
0.125035 0.986414 -0.014819 
0.438558 -0.774739 -0.032414 
0.741281 0.659502 -0.005640 
0.276812 -0.839474 0.057974 
-0.229166 0.967943 0.053850 
-0.601026 0.653319 -0.066607 
-0.110120 0.991604 -0.027436 
-0.730546 0.548576 -0.068519 
-0.191477 -0.973303 0.055308 
-0.484326 -0.743125 0.051897 
-0.595204 -0.794878 -0.006392 
-0.888244 -0.132164 -0.068519 
-0.263121 -0.867120 -0.068519 
-0.704771 -0.700691 0.022865 
-0.778801 0.450509 -0.010373 
-0.165791 -0.878055 -0.031167 
0.697852 -0.654138 -0.064426 
0.595355 -0.778184 0.071336 
-0.367814 -0.849469 -0.068519 
0.560579 -0.687853 0.036080 
-0.254804 0.856958 -0.031838 
-0.652108 -0.599019 -0.051404 
-0.798525 0.544236 -0.064700 
-0.691754 0.595744 -0.068519 
-0.037369 -0.918256 -0.068519 
0.069577 -0.890272 -0.031157 
-0.985034 0.165604 -0.034141 
0.927108 0.326971 0.071336 
0.707841 0.648733 0.071336 
-0.191860 0.891931 -0.068519 
-0.900552 -0.367929 0.071336 
-0.754333 -0.495377 -0.027352 
0.623157 -0.671609 0.071336 
-0.345193 0.925942 0.071336 
-0.206595 -0.861956 0.068469 
-0.514891 0.750610 -0.068519 
-0.501793 0.735795 0.048467 
0.830018 0.542495 0.020304 
-0.480150 -0.813080 0.071336 
-0.558965 0.695294 0.071336 
0.124452 -0.882326 0.016933 
0.577248 -0.667553 0.065175 
0.927611 -0.314187 -0.059923 
0.424437 0.802901 -0.068519 
0.718955 0.594642 -0.036316 
0.085071 0.961316 -0.064714 
0.911326 -0.386763 0.045566 
-0.494187 -0.861149 -0.004949 
0.882252 0.136976 -0.068519 
-0.860122 0.230329 0.049046 
0.532656 -0.799782 -0.064695 
0.427278 -0.826997 -0.061162 
0.615565 0.747602 -0.064565 
-0.718740 -0.597522 -0.035788 
0.503577 0.823786 -0.064848 
-0.990122 0.100929 0.003789 
0.550553 0.692289 -0.037983 
-0.997260 -0.039354 -0.037919 
-0.841880 -0.400554 0.071336 
-0.305005 0.947069 0.027369 
0.892548 0.044071 -0.068519 
0.329500 0.940598 -0.037661 
-0.652122 -0.708735 -0.064640 
-0.344091 0.894832 -0.063469 
-0.396642 -0.897604 -0.060134 
0.829513 -0.357449 0.071336 
0.044965 -0.916767 0.071336 
-0.847200 -0.261387 -0.068003 
-0.764221 -0.583441 -0.064491 
-0.807360 -0.434111 0.071336 
-0.159994 0.922758 -0.037550 
0.475784 0.745822 -0.056773 
0.186577 -0.927036 0.071336 
0.179646 -0.915357 -0.039916 
-0.397111 0.806691 -0.000640 
0.737076 0.509035 -0.030591 
-0.547749 0.698815 -0.055579 
-0.969056 0.227467 0.030360 
0.468151 0.875510 0.033922 
-0.366690 -0.921662 0.071336 
-0.066508 0.975245 0.071336 
0.251087 0.934314 -0.064919 
-0.123118 0.877914 -0.065761 
0.921530 0.351175 -0.054560 
0.709269 -0.551665 -0.028408 
0.251591 -0.939330 0.071336 
0.750765 0.583280 -0.062003 
0.148878 -0.892085 0.071336 
0.229911 -0.940677 -0.064286 
-0.124787 0.950806 -0.063711 
-0.330787 0.875575 -0.034215 
-0.142691 0.888555 -0.030313 
0.865676 -0.444711 -0.062681 
0.894392 0.427241 -0.005305 
-0.416269 -0.900722 0.016941 
-0.694536 0.670977 -0.064668 
-0.794801 -0.453376 -0.068519 
-0.831471 -0.548592 -0.039361 
0.887466 -0.106021 -0.068519 
0.796806 0.519650 0.071336 
0.820679 0.555461 0.071336 
-0.932293 -0.011109 0.071336 
-0.690897 -0.602136 0.071336 
0.570464 0.753630 0.071336 
0.754633 0.476442 0.009103 
0.896814 -0.419303 -0.047195 
-0.411214 -0.864870 0.071336 
0.159068 -0.965427 0.071336 
0.884037 0.393312 0.071336 
-0.827899 0.395771 0.071336 
-0.781337 0.449843 -0.068519 
-0.836925 0.420651 -0.036347 
-0.926086 -0.258126 -0.064405 
0.783784 -0.605049 0.002354 
-0.655322 -0.746777 -0.007940 
-0.178695 -0.905041 -0.068519 
-0.804625 -0.585734 -0.023925 
-0.954625 -0.253003 0.071336 
0.992519 -0.044816 -0.032651 
0.974774 -0.172861 0.038148 
-0.641444 -0.619274 0.030860 
0.940114 -0.247129 -0.063396 
0.034356 -0.884798 -0.068519 
0.890913 0.065574 0.003757 
0.904977 -0.150879 -0.068519 
0.237499 -0.860575 0.008949 
0.136658 0.924444 -0.068519 
0.327107 0.849850 0.071336 
-0.468808 0.881281 -0.039685 
-0.935792 0.223344 -0.064419 
-0.026552 0.976005 0.071336 
-0.721595 0.689753 -0.026312 
-0.211054 -0.971563 -0.025094 
-0.041233 0.994071 -0.047228 
-0.841246 0.293103 0.046679 
0.105482 -0.909411 -0.068519 
-0.671159 -0.732175 0.038910 
0.889895 0.255385 0.071336 
-0.830973 0.359888 -0.068519 
-0.937111 -0.192951 0.071336 
0.383536 0.887550 -0.064916 
-0.441453 0.770046 -0.042297 
0.798379 -0.541921 -0.064730 
-0.431156 0.892499 0.071336 
0.037271 0.995529 -0.023870 
0.643009 -0.673093 -0.034212 
0.931224 0.005576 -0.035826 
0.389214 0.798956 0.070578 
-0.875807 -0.214812 -0.029848 
0.596239 -0.790571 0.018303 
0.804539 -0.361776 -0.036502 
0.049057 0.962432 0.071336 
-0.029010 -0.990731 0.022874 
-0.111502 -0.925562 -0.033761 
0.739390 0.548624 0.071336 
0.907432 0.081848 -0.068519 
0.452053 0.887806 -0.029892 
0.786134 0.418809 0.021113 
-0.805860 0.477625 -0.068059 
-0.236637 -0.900650 -0.068519 
-0.898462 -0.064378 -0.009653 
0.540558 0.711888 -0.068519 
0.764418 0.634611 -0.034781 
0.839451 0.289210 -0.032339 
-0.104193 0.892360 -0.001057 
-0.482036 -0.867644 0.030146 
-0.796081 0.603838 -0.031676 
-0.914574 0.095103 0.071336 
-0.864965 0.493667 0.025097 
-0.656156 0.613154 0.005621 
0.749411 0.546716 -0.068519 
0.670918 -0.688835 0.071336 
-0.848101 0.456320 0.071336 
-0.215907 0.876433 -0.029650 
-0.215769 -0.967963 0.029289 
0.766970 0.438058 -0.067918 
-0.622299 0.720607 0.071336 
0.156990 0.909048 0.071336 
-0.036683 0.936821 -0.044590 
-0.955297 -0.276924 0.009796 
-0.241217 0.858310 0.039204 
-0.814042 -0.524370 0.071336 
0.953344 0.268935 -0.048808 
-0.886873 -0.034888 0.065105 
-0.541278 -0.717734 -0.013599 
0.923042 0.360420 0.002887 
0.917064 -0.163443 -0.037863 
0.883070 0.084046 0.039432 
0.677152 -0.721903 0.025429 
-0.815451 0.366105 -0.032094 
0.989139 0.079042 -0.043364 
-0.530060 -0.715659 -0.068519 
0.312930 -0.832264 0.028046 
-0.829649 0.326307 0.042340 
-0.848177 -0.518187 0.005710 
0.846413 0.434089 0.071336 
0.988748 0.060073 0.030293 
-0.069261 0.885521 -0.068519 
0.297133 0.833894 -0.041937 
-0.804488 -0.378581 -0.068519 
-0.558184 0.828415 -0.036815 
0.399001 0.909396 -0.006039 
0.885066 -0.045293 0.040060 
0.825931 -0.377963 -0.068519 
0.775296 -0.453263 -0.025223 
0.044594 -0.990058 0.029899 
0.191780 -0.972397 0.005980 
0.316073 0.867694 -0.068519 
0.890514 0.435799 0.037001 
0.165170 0.953927 -0.064903 
0.854434 -0.218169 -0.037746 
-0.081810 -0.967363 0.071336 
-0.722709 0.627665 -0.062815 
0.853096 -0.333372 -0.068519 
0.911875 -0.385552 -0.004967 
-0.886603 0.031495 -0.048741 
0.821310 0.343575 0.022215 
-0.538010 -0.706078 0.050323 
-0.784874 0.426663 0.071336 
0.749897 -0.519253 -0.068519 
-0.170668 0.981219 -0.022140 
0.229868 0.933716 0.071336 
-0.622481 -0.775588 -0.022490 
-0.383054 -0.804224 -0.032034 
0.057001 0.920102 0.071336 
0.920533 0.140803 -0.037412 
0.933424 0.096452 0.071336 
-0.803781 0.587480 0.035442 
-0.243155 0.886972 -0.068519 
-0.878086 0.130118 -0.064157 
-0.633472 0.630722 0.031112 
-0.617889 -0.698169 -0.068519 
-0.432141 0.821539 -0.068519 
0.411065 -0.786605 -0.068519 
-0.732529 -0.534625 -0.068519 
-0.486268 0.802280 -0.043639 
0.105095 -0.892399 -0.029719 
-0.373925 0.857915 -0.033952 
0.465909 0.767053 -0.023220 
-0.775777 -0.482314 0.071336 
-0.935197 -0.032403 -0.055291 
-0.485767 -0.750155 -0.031398 
0.582756 0.808099 -0.033837 
0.918703 0.315791 -0.063760 
-0.656399 0.597372 -0.068519 
0.551193 0.829703 -0.037528 
-0.448996 0.777105 0.009948 
0.668957 0.649824 -0.042644 
-0.268201 0.898507 0.071336 
-0.305213 0.835055 -0.068519 
-0.995089 -0.015241 0.034766 
0.117048 -0.916768 0.071336 
0.990230 -0.078965 -0.036400 
0.173767 0.961332 0.071336 
0.840928 -0.398200 -0.033842 
0.087931 0.930912 -0.034954 
-0.130032 -0.880353 0.027932 
-0.261635 0.963866 -0.033576 
0.938547 0.196523 -0.064516 
0.978616 0.152697 0.061598 
0.305945 -0.861036 0.071336 
0.806855 -0.367288 0.040478 
-0.994620 -0.001941 0.071336 
-0.910544 -0.399468 0.014872 
-0.859980 -0.228836 0.047720 
-0.298287 -0.948517 -0.043108 
0.881278 -0.114564 0.026148 
0.941678 -0.169412 0.071336 
0.800757 -0.423450 0.071336 
-0.992800 0.073733 -0.017002 
0.744585 0.475935 -0.067353 
0.750140 -0.487667 -0.030371 
0.946633 -0.289088 0.005002 
0.541251 -0.728177 -0.068519 
0.029958 0.923477 -0.068519 
-0.770856 0.504865 0.071336 
0.665430 0.599848 -0.002021 
-0.089790 -0.895562 -0.068519 
-0.714054 -0.574903 -0.068519 
-0.710906 -0.633393 -0.061743 
0.896998 -0.050095 -0.029596 
-0.884011 0.314379 -0.038940 
0.504264 -0.856131 -0.036323 
-0.549724 -0.827040 0.016503 
-0.968720 0.241375 -0.027505 
0.964537 -0.022022 -0.064736 
-0.964768 0.057988 -0.064733 
0.284824 0.940226 0.071336 
-0.799211 0.404678 0.017131 
0.933430 -0.219243 0.071336 
-0.778412 -0.436086 -0.032065 
0.101521 -0.985627 0.014449 
0.581977 -0.800792 -0.018417 
-0.326378 0.940245 -0.016777 
0.810284 0.427584 0.071336 
-0.007514 0.994538 0.035820 
0.854277 0.360560 0.071336 
-0.429126 0.898000 -0.003981 
-0.846607 -0.302436 -0.002262 
0.889670 -0.001786 0.024799 
0.524000 -0.727224 -0.030084 
-0.595737 0.699915 -0.068519 
-0.485224 0.763759 0.071336 
-0.442237 -0.811146 -0.068519 
-0.741009 -0.656896 0.071336 
-0.364219 0.808838 -0.059195 
0.582346 -0.686541 -0.068519 
0.262898 -0.955229 0.019137 
-0.329892 -0.850756 0.071336 
-0.678741 0.614861 0.071336 
0.900843 0.237086 -0.033924 
0.646203 -0.609905 -0.068519 
-0.393967 0.917704 -0.035742 
-0.609203 -0.767529 -0.061194 
0.855133 -0.228149 0.047944 
-0.251295 -0.924064 0.071336 
0.821080 0.370477 0.071336 
-0.743858 -0.546746 0.071336 
0.979993 0.144357 -0.004352 
0.200277 -0.863318 0.044189 
-0.869418 -0.413996 -0.064567 
-0.548466 0.799943 0.071336 
-0.639617 -0.659240 0.071336 
0.310119 -0.940905 0.037235 
-0.386618 -0.887367 0.071336 
0.607431 0.671874 0.071336 
0.900358 0.218095 0.071336 
0.932611 0.200882 0.071336 
0.906779 0.139934 0.071336 
0.324343 0.883115 0.071336 
0.693757 0.547265 -0.053158 
-0.019531 -0.883071 -0.038915 
0.987067 -0.078332 0.031875 
-0.716096 0.691703 0.039743 
0.465731 -0.797848 -0.068519 
0.402813 -0.839564 -0.034344 
-0.759916 0.484238 -0.025967 
0.929232 -0.340869 -0.011840 
0.239459 -0.853559 0.042885 
0.272697 -0.955614 -0.028864 
-0.602085 -0.656453 0.033153 
-0.944910 -0.112560 0.071336 
-0.489451 0.740390 -0.037061 
0.091226 0.898126 -0.028648 
-0.918937 0.202453 0.071336 
-0.629191 0.693171 -0.036813 
-0.868866 -0.194956 0.044403 
0.525296 0.842240 0.020203 
0.381222 0.848019 0.071336 
0.575353 0.694344 0.071336 
0.867953 0.338576 -0.033996 
0.477720 -0.867292 0.030150 
0.681882 -0.722353 -0.031508 
0.595545 -0.705417 0.071336 
0.047003 -0.890021 0.016927 
0.846716 0.268516 0.032839 
0.692389 -0.639600 0.071336 
0.837039 -0.288635 0.070004 
0.864912 -0.198448 0.033693 
-0.302475 -0.918758 0.071336 
0.873797 0.162248 0.031769 
-0.401361 -0.817167 -0.068519 
-0.247541 0.963658 0.008197 
-0.625337 -0.723730 0.071336 
-0.738117 0.504133 0.031121 
0.511699 -0.722666 0.045727 
-0.994763 -0.008680 -0.048982 
0.793567 -0.452779 -0.068519 
0.035290 -0.931888 -0.035918 
0.772607 0.607315 -0.058596 
0.350891 -0.815782 0.032325 
-0.892743 0.063959 0.021056 
0.176625 0.978037 0.004779 
0.431836 -0.815267 0.071336 
0.700379 0.703173 -0.001908 
-0.847899 0.522448 -0.020078 
-0.390733 0.842704 0.071336 
0.824412 -0.548407 0.013630 
-0.072158 -0.922939 -0.068519 
-0.507644 -0.813982 -0.064398 
-0.218280 0.929504 -0.062262 
0.278153 0.874904 -0.068519 
0.774346 0.452219 -0.032543 
0.989270 -0.041026 0.004935 
0.435138 0.770759 -0.046061 
-0.008719 -0.950592 -0.062079 
0.698287 0.590536 0.071336 
-0.368937 0.924227 0.031362 
0.561164 0.745692 -0.040786 
-0.510998 -0.758050 0.071336 
-0.599956 -0.791473 0.027833 
-0.040878 -0.932050 -0.036892 
-0.882917 0.088298 0.063979 
-0.087269 0.990624 0.012944 
-0.611833 0.785570 0.064603 
-0.100219 -0.889118 0.002241 
0.360364 0.821377 -0.000351 
0.665256 -0.733045 0.069034 
0.635003 0.638137 -0.025401 
-0.846339 0.369293 0.071336 
0.628097 0.627879 0.043365 
0.085545 -0.882972 0.043060 
0.874762 -0.155029 0.071336 
-0.926253 -0.357320 -0.050448 
-0.710164 -0.550935 -0.008616 
0.175350 0.872024 0.043234 
0.282689 0.912816 -0.062955 
-0.637076 -0.661060 -0.068519 
-0.915159 -0.194784 -0.055101 
-0.410612 -0.817414 0.071336 
0.474480 0.803797 -0.067316 
-0.910112 0.403524 0.058647 
0.700592 0.544288 0.044592 
0.946897 0.041386 -0.061325 
-0.909824 -0.405612 -0.035774 
-0.177121 -0.874545 0.015701 
-0.383392 0.804300 0.044992 
0.710786 -0.592161 -0.068519 
-0.198280 0.975144 0.067768 
0.864709 0.397175 -0.062560 
0.819665 0.360962 -0.004590 
-0.970122 -0.220874 -0.047124 
0.091436 0.989723 0.046422 
0.196484 0.865086 -0.068519 
-0.294611 -0.838769 0.038629 
0.379621 -0.812063 -0.013413 
-0.871226 -0.297968 0.071336 
0.889637 -0.392520 -0.063035 
-0.290456 0.889634 -0.051561 
0.970199 0.215757 -0.036124 
0.424494 0.782318 0.035456 
0.614293 -0.731762 -0.064087 
-0.146238 -0.929519 0.071336 
-0.035442 0.886030 -0.040006 
-0.565082 -0.704931 -0.068519 
0.014102 -0.956475 0.071336 
-0.870228 0.260300 -0.068519 
0.881651 -0.280049 -0.068519 
0.980312 -0.139319 0.061805 
0.477196 -0.741836 -0.057304 
0.909726 0.004812 0.071336 
0.827424 -0.426125 -0.052073 
0.863071 -0.241224 -0.012787 
0.134762 -0.981845 0.033692 
0.557595 -0.698260 -0.000174 
0.449536 -0.855626 0.071336 
0.455066 0.781781 0.071336 
-0.546291 -0.750768 -0.068519 
-0.138142 0.985212 0.061485 
-0.700699 0.707611 -0.004152 
0.306062 -0.924726 -0.062757 
-0.900009 -0.422718 0.034480 
-0.027486 0.993884 -0.010336 
-0.720047 0.542095 -0.030191 
0.911920 0.378305 0.071336 
0.227625 0.971226 -0.033576 
0.937726 -0.278504 -0.060402 
0.884105 0.293637 -0.065597 
0.852936 0.375427 -0.037762 
0.817485 0.559714 -0.049830 
-0.643988 0.662246 0.071336 
0.881981 -0.289481 0.071336 
-0.912876 -0.094941 -0.068519 
-0.092858 -0.986970 0.022341 
0.673293 -0.577384 0.071336 
-0.976978 -0.189643 0.049429 
-0.018332 0.924808 -0.068519 
0.584602 -0.668018 0.032688 
0.312669 0.912193 0.071336 
-0.205998 0.865602 0.069233 
-0.869499 -0.175716 -0.059059 
0.466523 0.858439 -0.062538 
-0.787215 0.583801 -0.062229 
-0.071799 0.992147 0.042611 
0.415040 -0.793299 -0.007920 
-0.190787 -0.862809 -0.042149 
0.515238 -0.759602 -0.068519 
0.786090 0.510781 -0.050906 
0.526809 0.770279 -0.041068 
0.842479 0.331811 -0.068519 
-0.613873 0.640912 -0.040966 
0.224334 0.907290 -0.034231 
-0.535258 0.737884 0.071336 
-0.077073 0.899311 -0.024127 
0.358753 -0.841630 0.071336 
-0.939088 -0.327899 0.030825 
-0.242309 -0.900537 -0.037852 
-0.763307 -0.539281 -0.066659 
0.747825 -0.648866 0.042800 
-0.193502 -0.946476 0.071336 
0.571661 -0.754138 -0.060222 
-0.516722 0.731411 0.021502 
0.892022 0.211737 -0.068519 
0.798090 0.474508 0.071336 
-0.285977 0.924021 0.071336 
0.248709 0.962226 0.029961 
0.113384 0.884039 0.033521 
0.277126 -0.869735 -0.068519 
-0.983813 -0.144961 -0.049074 
-0.188762 -0.974388 -0.046529 
-0.337927 -0.932795 0.018572 
-0.584164 0.767320 -0.064555 
-0.914131 0.074932 -0.068519 
0.075569 0.945173 0.071336 
-0.879557 0.466368 0.040386 
-0.623630 -0.651571 -0.026192 
0.851639 -0.504621 0.021459 
-0.491518 0.775392 -0.068519 
0.349440 -0.926590 0.043599 
-0.215779 -0.939850 -0.064826 
-0.702221 -0.547472 0.037664 
-0.713166 -0.692544 -0.020387 
0.833878 0.536287 -0.016111 
0.650117 0.749527 -0.048852 
-0.331837 -0.820531 0.065156 
0.531271 0.740737 0.071336 
-0.405080 0.793315 -0.032726 
-0.366681 -0.859222 -0.039263 
0.634870 -0.619256 0.037900 
-0.866865 -0.383387 -0.058639 
0.398494 0.807540 -0.020570 
-0.583514 0.688650 -0.018669 
-0.173381 -0.976291 -0.017552 
-0.647305 0.756459 0.042835 
-0.263541 -0.956543 -0.015213 
-0.895815 0.424081 -0.054394 
-0.983339 0.136768 -0.052135 
0.002210 0.997253 -0.040393 
-0.129001 0.980338 -0.056122 
0.521192 -0.808138 0.071336 
0.733882 0.667402 0.060280 
-0.576134 0.811647 0.025994 
0.329192 -0.894767 -0.063295 
0.131952 -0.985340 -0.038349 
-0.699058 0.554549 0.038038 
0.761537 -0.636462 -0.039682 
-0.836401 -0.294622 -0.063380 
-0.310696 -0.942239 -0.014177 
0.434608 -0.772376 0.042588 
0.080151 0.893695 -0.068519 
-0.930670 0.116321 -0.042491 
-0.303442 -0.880520 -0.068519 
0.832421 -0.291564 -0.035116 
-0.519970 -0.731741 -0.030489 
-0.522659 0.816348 0.071336 
0.463637 -0.753044 0.051431 
-0.821203 0.352659 0.029409 
-0.835728 -0.502522 -0.063647 
-0.801807 0.459622 0.071336 
0.805702 0.391442 -0.004269 
-0.060900 0.916070 0.071336 
0.214920 -0.857252 -0.033355 
-0.841450 -0.337713 0.071336 
-0.589011 -0.673493 0.011586 
0.984948 0.102952 0.028950 
-0.586691 0.668481 0.054934 
-0.753464 0.477698 0.039350 
0.481782 -0.796557 -0.038572 
-0.229034 0.909173 -0.042569 
0.872868 -0.322480 -0.039462 
-0.852440 0.514436 0.047343 
-0.486617 -0.769573 -0.068519 
0.886974 0.450449 -0.034633 
-0.770560 0.630551 -0.019448 
-0.951688 -0.288822 -0.017743 
-0.979458 0.177722 0.020763 
0.965955 -0.216331 -0.017811 
0.373181 -0.868160 0.071336 
0.930091 0.168778 0.071336 
-0.893005 -0.135188 -0.024788 
-0.136938 0.985411 -0.015168 
0.061324 -0.946270 -0.060804 
-0.064705 0.973346 -0.063701 
0.947437 0.158178 -0.064672 
0.003767 -0.994616 -0.030258 
-0.812959 -0.363995 0.041761 
-0.509270 -0.852195 0.019575 
-0.918693 0.185833 -0.038811 
0.827401 0.495561 0.071336 
0.913176 -0.181311 -0.061688 
0.541468 -0.829080 0.022064 
0.216359 -0.966666 0.030640 
0.137781 -0.940265 -0.062116 
-0.814725 0.511870 -0.064415 
-0.825763 0.549948 -0.053545 
-0.315381 0.838271 0.071336 
-0.663533 0.696948 -0.064406 
-0.635345 0.655808 -0.068519 
-0.856858 0.377695 -0.066618 
0.492387 -0.822414 0.071336 
0.174251 -0.940718 -0.064265 
0.823849 0.355925 -0.068519 
0.599783 0.672033 -0.026966 
-0.325149 -0.822404 -0.060511 
0.164166 0.900430 -0.068519 
0.959296 -0.055378 0.071336 
0.476046 0.802870 -0.037543 
-0.857947 -0.502477 0.047859 
-0.450545 0.823131 -0.044152 
-0.953398 -0.247458 -0.059078 
0.882335 -0.448761 0.019341 
-0.845331 -0.318421 -0.028699 
-0.495768 0.844170 -0.062699 
0.950525 -0.276257 0.035670 
-0.876111 0.141321 -0.036659 
-0.289704 -0.948607 0.042665 
0.808007 -0.461556 -0.033767 
-0.278786 0.842382 -0.047203 
0.875051 -0.230878 -0.068519 
0.911948 -0.085474 -0.068519 
0.427468 0.896497 -0.015712 
-0.384845 -0.809695 -0.001490 
0.111493 -0.957731 0.071336 
-0.049885 -0.911445 0.071336 
0.751304 -0.507966 0.071336 
0.910728 0.115815 -0.068519 
0.067621 0.890686 0.026090 
-0.743955 0.661959 0.026770 
0.721336 0.680797 -0.000515 
0.333232 0.872961 -0.044966 
0.724535 -0.503982 -0.068519 
0.373710 -0.881668 -0.064445 
0.294160 0.843357 0.021944 
-0.423105 -0.776699 -0.042365 
-0.853003 0.269307 0.024038 
-0.912652 0.145249 -0.068519 
-0.865941 0.195070 -0.049368 
-0.778964 -0.609228 0.071336 
0.688589 0.658967 -0.062705 
-0.990097 0.101184 0.033308 
0.892952 0.024421 0.001956 
-0.228737 -0.864883 0.006198 
0.140179 -0.882787 -0.068519 
0.975965 -0.152804 -0.051137 
-0.466923 -0.875722 -0.008373 
0.233177 0.864841 0.009958 
-0.683514 0.588861 -0.016086 
-0.185053 0.977467 0.041566 
-0.722153 -0.682133 0.037683 
-0.975838 -0.195278 0.007611 
0.316847 -0.855148 -0.068519 
-0.938229 0.125686 0.071336 
-0.547966 -0.733591 0.071336 
0.868216 -0.154782 -0.040148 
-0.629093 -0.623111 -0.037082 
0.620704 -0.665348 -0.068519 
0.579437 0.724997 0.071336 
0.926939 -0.113696 0.071336 
0.874043 0.124839 -0.034543 
0.487995 0.864903 0.056550 
0.860351 -0.347670 0.071336 
0.885145 -0.040525 0.071024 
0.298637 -0.921518 0.071336 
-0.548578 0.706226 0.025324 
-0.320863 0.936789 -0.055258 
0.425565 0.831708 -0.036422 
0.559907 0.819710 0.033924 
0.406093 -0.790533 0.026511 
0.100887 -0.985183 -0.049632 
0.133381 0.986425 -0.044959 
0.953381 0.269947 0.067634 
0.903241 -0.037460 -0.068519 
0.043926 0.993183 0.053494 
0.694882 -0.619203 -0.059034 
0.725960 -0.520340 0.002266 
-0.103275 -0.912204 0.071336 
0.618748 0.631401 -0.066501 
0.124422 0.921777 0.071336 
0.513564 -0.846432 0.039521 
0.883293 0.063289 0.069090 
-0.130292 -0.897738 0.071336 
0.734251 -0.499999 0.029314 
0.246304 0.877441 -0.068519 
-0.991453 -0.092370 -0.045773 
0.246207 0.856214 0.035140 
-0.178198 -0.869172 0.044319 
0.979253 0.163419 -0.029115 
-0.087758 -0.987472 -0.006216 
-0.982721 0.157961 -0.006249 
0.518073 0.731234 0.001284 
-0.313537 0.843157 -0.003626 
-0.900377 0.044689 -0.015429 
0.889417 0.353961 -0.064397 
0.557375 0.799695 0.071336 
-0.274322 -0.840773 -0.064348 
-0.946977 -0.310929 -0.038456 
0.221467 0.893486 -0.068519 
0.555735 -0.805587 0.071336 
-0.965577 0.204157 0.071336 
-0.151683 -0.915304 -0.068519 
0.582539 0.703879 -0.068519 
-0.884937 -0.065475 -0.046231 
-0.824953 -0.344776 0.019752 
-0.122546 0.963009 0.071336 
-0.285871 0.870378 0.071336 
0.409566 0.832808 -0.068519 
-0.706064 0.554202 0.007862 
-0.986316 -0.133083 0.042923 
0.764728 -0.628269 0.063834 
-0.614227 0.654383 0.008267 
0.378683 -0.800883 0.045932 
0.896182 -0.251915 -0.034197 
0.600699 -0.791134 -0.038089 
-0.325530 -0.832502 0.010290 
0.334610 -0.833645 -0.023985 
0.357188 -0.852809 -0.068519 
0.654222 0.648303 0.071336 
-0.505365 -0.740888 -0.001580 
0.209571 -0.968339 -0.019265 
0.654920 0.618925 -0.068519 
-0.752658 0.537489 0.071336 
0.868223 -0.426013 0.071336 
0.443298 0.888794 0.039536 
0.876659 0.462483 0.036851 
0.856211 -0.241186 0.022380 
0.075618 0.992246 -0.021236 
-0.991734 -0.081453 0.070397 
-0.744500 0.569046 -0.036631 
-0.933139 -0.093381 -0.044939 
0.076900 -0.977643 0.071336 
0.858868 -0.473934 -0.058247 
-0.917131 -0.131191 0.071336 
0.882061 0.019114 -0.037842 
0.875454 0.183590 -0.001534 
0.795180 0.487639 -0.036613 
-0.567234 0.778261 0.071336 
-0.574016 0.739471 -0.048733 
0.992230 0.052982 -0.031819 
0.101860 0.888073 0.071336 
-0.600288 0.794338 0.016740 
-0.685328 0.638040 -0.040074 
-0.005051 -0.887935 0.071336 
0.651688 0.607840 0.022596 
0.715499 -0.683280 -0.048762 
-0.887263 0.206998 -0.068519 
0.230289 -0.963418 0.060986 
0.022502 0.890721 0.038053 
0.861806 0.226428 -0.031508 
0.783403 -0.427505 0.005261 
-0.163216 0.875890 0.041990 
-0.879475 -0.192342 -0.009816 
-0.838952 0.328609 -0.009802 
-0.045509 -0.888309 0.029020 
0.644502 -0.704256 -0.063918 
-0.967127 0.235742 0.003107 
-0.856019 0.428902 0.071336 
0.756074 -0.460656 0.046035 
-0.453926 0.769175 -0.068519 
0.294666 0.951765 -0.025743 
-0.075877 -0.988642 0.051988 
-0.742674 -0.487799 0.068688 
0.636241 -0.758353 0.004688 
-0.543494 0.762240 -0.064122 
-0.710191 -0.661734 -0.064343 
-0.573175 -0.696979 -0.029393 
0.864919 0.484447 0.005306 
0.195745 -0.900128 0.071336 
-0.251435 -0.959647 0.048800 
-0.471342 -0.847624 0.071336 
-0.671087 -0.577940 -0.062548 
0.271535 -0.844446 -0.032512 
0.555708 -0.748855 0.071336 
-0.407606 0.835783 -0.068519 
-0.978523 -0.194340 -0.041769 
0.973965 0.150855 -0.054891 
0.866943 0.224842 0.071336 
0.862966 0.265518 -0.068519 
-0.660521 -0.660587 -0.036257 
0.695686 -0.704543 -0.014395 
-0.623995 0.715351 -0.058542 
-0.880118 -0.111332 -0.051194 
0.421493 -0.896101 -0.005866 
0.782120 0.540054 -0.061855 
-0.870501 -0.446308 -0.062480 
0.383064 -0.913514 0.030245 
-0.914515 0.278370 -0.062538 
0.794791 -0.591587 -0.021594 
-0.452029 -0.811329 0.071336 
0.467871 -0.872556 0.058298 
-0.181013 -0.914570 -0.040228 
-0.597172 0.800427 -0.027221 
0.854964 -0.499274 -0.007981 
0.440580 -0.856095 -0.064837 
0.490068 0.821081 0.071336 
-0.355410 0.833827 -0.068519 
0.052100 0.892818 -0.068519 
0.966739 0.047074 0.071336 
-0.163447 0.876401 -0.068519 
-0.961238 0.260442 0.066254 
0.042959 0.900060 -0.018066 
-0.897861 0.430563 0.039744 
-0.408309 0.907432 0.029850 
0.784485 -0.402893 -0.040750 
0.556727 0.701157 0.003444 
0.674596 0.727400 0.016795 
-0.811799 0.571919 0.071336 
0.927906 -0.145070 0.071336 
0.139806 0.984116 0.015948 
-0.842870 -0.529053 -0.022060 
0.958206 0.252669 0.017213 
0.178581 -0.974611 -0.018550 
-0.436141 -0.782652 0.071336 
0.884208 -0.365177 -0.064401 
-0.138157 0.925032 -0.063456 
-0.731562 0.576444 -0.068519 
0.873932 -0.122363 -0.042092 
0.844745 0.518810 0.044550 
-0.741365 0.508363 -0.000813 
-0.066339 0.932690 -0.063206 
0.609003 -0.637708 -0.043966 
-0.918569 0.308057 0.071336 
0.572202 -0.781676 -0.064116 
-0.466661 0.878965 0.014894 
0.188145 0.967803 -0.057780 
0.676233 -0.672900 -0.063644 
-0.693719 0.553680 -0.041056 
0.773028 -0.574782 -0.064913 
-0.806687 0.583425 -0.006226 
-0.197147 0.896553 0.071336 
-0.003151 -0.896952 -0.009584 
0.930001 -0.338826 0.042889 
0.877092 -0.112173 0.053431 
0.256199 0.918487 0.071336 
-0.621457 -0.774569 0.039924 
-0.921111 0.378767 0.064768 
0.790353 0.425859 -0.014683 
-0.641865 -0.757820 0.028216 
-0.750949 0.621032 0.071336 
-0.816157 -0.476927 -0.056493 
-0.558389 -0.821259 0.053282 
-0.382887 -0.827252 0.071336 
-0.471220 0.844278 0.071336 
0.709528 0.685169 -0.055799 
-0.749899 0.655503 -0.012026 
-0.543870 0.711845 -0.031530 
0.365425 -0.920574 0.001310 
0.800893 -0.576134 0.071336 
-0.940243 0.175495 -0.062689 
0.378153 0.916560 -0.051142 
-0.873502 0.174786 0.047415 
-0.902070 0.421272 0.004475 
-0.880656 0.464313 0.000888 
-0.292311 0.950919 0.052984 
-0.887005 -0.062335 0.067274 
0.754316 0.644059 0.063745 
0.929456 -0.055347 -0.065180 
-0.987231 0.130274 0.066299 
-0.656073 -0.599758 0.069694 
-0.369568 0.896426 0.071336 
-0.592070 0.800227 0.045221 
0.973144 0.185836 0.019064 
0.604463 -0.658773 -0.003275 
0.238815 -0.900056 -0.042504 
-0.955954 -0.172984 0.071336 
-0.275602 -0.911315 0.071336 
0.882316 -0.173580 -0.068519 
-0.352504 0.921680 -0.058077 
0.439908 0.878710 -0.059661 
-0.894202 -0.340165 -0.063158 
0.731691 -0.666638 -0.008846 
-0.081676 0.994426 -0.029312 
-0.962268 -0.253478 -0.002553 
0.681511 0.720923 0.060731 
0.455522 0.760706 0.053835 
-0.868634 -0.486206 -0.044392 
-0.512590 -0.840739 0.071336 
0.881955 0.033973 0.061775 
0.496721 0.774139 -0.068519 
-0.605113 -0.664514 -0.068519 
0.041598 -0.964772 -0.064840 
0.152999 -0.919253 -0.035237 
0.935760 -0.136743 -0.060002 
-0.889491 -0.010084 0.051271 
-0.332903 -0.864113 -0.068519 
0.913240 0.226892 -0.055982 
0.339994 -0.925592 -0.054463 
0.402162 -0.874408 0.071336 
0.157864 0.977599 -0.053610 
0.489838 -0.836779 -0.063964 
-0.363533 0.843589 0.071336 
-0.352575 -0.810919 -0.038965 
-0.472073 0.762359 0.011376 
0.834927 -0.320150 -0.003671 
-0.665013 0.652015 -0.068519 
-0.781411 -0.418792 0.064444 
0.310274 0.833522 0.042725 
-0.779927 0.616483 0.071336 
-0.911252 0.029209 -0.068519 
-0.880661 -0.248605 -0.068519 
0.008644 0.886804 0.060981 
0.068089 -0.919562 -0.068519 
-0.242320 -0.934528 -0.064899 
0.521934 0.803902 -0.064194 
-0.898455 0.283508 0.071336 
0.842955 0.299813 0.071336 
0.344882 0.832185 -0.021286 
0.882053 0.019332 -0.065333 
-0.173547 0.878324 0.016281 
-0.970302 -0.219023 0.045595 
-0.193409 0.865355 -0.063725 
0.747463 0.521906 0.071336 
0.544434 -0.712770 -0.018817 
0.587744 0.778497 0.071336 
-0.511112 0.854153 -0.005053 
-0.475966 -0.825841 -0.062438 
-0.887601 0.026471 0.059315 
-0.782221 -0.477282 -0.068519 
-0.828007 -0.550570 0.027087 
0.960059 -0.233288 0.071336 
-0.909750 0.158259 0.071336 
0.811677 0.353309 0.052774 
-0.339767 -0.869196 -0.041204 
-0.975164 0.165812 0.071336 
-0.893587 -0.084513 0.007567 
0.156976 0.981281 0.064576 
-0.384177 -0.796849 -0.064357 
-0.909070 -0.288680 -0.062130 
0.591491 -0.719648 -0.039137 
-0.569807 0.688697 -0.068519 
-0.179183 0.948088 0.071336 
0.753321 -0.546082 -0.059419 
0.294736 0.862497 0.071336 
0.875086 -0.227486 0.071336 
-0.008843 0.886174 -0.043932 
-0.991522 0.053783 -0.051553 
0.743926 -0.533821 0.071336 
0.021402 -0.888817 0.031018 
-0.946783 0.137160 -0.062759 
-0.039789 0.993482 0.013550 
0.425707 0.858717 0.071336 
-0.832270 0.480424 -0.064017 
0.419258 -0.901337 -0.035059 
0.636212 0.615640 0.065838 
-0.994796 0.027299 0.068357 
-0.675167 0.576513 -0.059889 
0.888934 -0.090368 0.002229 
-0.888511 -0.277469 0.071336 
0.813137 0.567482 0.047874 
-0.244156 -0.849423 -0.061764 
0.850343 0.509808 -0.016558 
0.702366 -0.571674 0.071336 
0.879763 0.307634 -0.037620 
-0.627919 -0.743278 -0.063906 
-0.765710 -0.454918 0.040449 
0.267905 0.956814 -0.011571 
-0.779086 0.619939 0.024716 
-0.126902 0.986720 0.035160 
0.782729 -0.409394 0.057403 
-0.233195 -0.873028 0.071336 
-0.786120 -0.608264 0.017739 
-0.883674 0.080602 -0.045284 
0.168168 -0.869431 -0.032885 
-0.334679 -0.937873 -0.033404 
-0.393170 -0.846551 -0.055578 
0.859372 0.236512 0.018388 
0.967551 0.212590 -0.009018 
0.772473 -0.438567 0.030116 
-0.329027 0.896301 0.071336 
-0.889020 0.098778 -0.068519 
0.517269 -0.844128 0.012981 
0.250333 -0.873255 -0.068519 
-0.783555 0.417947 -0.056366 
0.805247 0.465312 -0.068519 
-0.979222 -0.057004 0.071336 
0.580793 0.677902 0.017857 
0.050291 -0.895779 -0.013573 
0.385008 -0.812138 0.071336 
0.906877 0.405491 -0.031403 
-0.320320 0.840240 -0.030594 
0.700575 -0.535434 -0.062482 
-0.398127 0.847345 -0.037490 
0.546347 -0.829874 -0.030322 
0.172711 0.918350 -0.049862 
0.820931 -0.558774 -0.037354 
0.899357 -0.240219 -0.063001 
0.790962 -0.485957 0.071336 
0.867429 -0.476648 0.043963 
-0.937634 0.334865 -0.006847 
-0.875772 -0.167676 0.039284 
0.891651 -0.024124 -0.031130 
0.176290 -0.875021 0.008809 
-0.622772 -0.638125 0.030323 
0.420001 0.899881 0.053070 
0.022274 0.886174 -0.041189 
0.284761 -0.905785 -0.061922 
0.254580 0.848111 -0.045044 
-0.821274 -0.343825 -0.032603 
0.195566 -0.879439 -0.068519 
-0.531883 0.726968 -0.009286 
-0.133817 -0.885517 -0.030671 
-0.832683 0.308216 -0.060674 
0.642397 -0.746127 0.071336 
0.341814 -0.929714 -0.019608 
0.542046 -0.822653 -0.055363 
0.118792 0.951118 0.071336 
-0.885024 0.120361 0.031444 
-0.952567 0.091607 -0.062945 
0.019531 -0.990879 0.038103 
-0.687633 -0.579765 -0.011272 
0.232930 0.961766 0.071336 
0.675711 -0.582716 0.007549 
-0.471281 -0.778895 0.071336 
-0.884915 -0.453240 0.008185 
0.882091 0.330260 0.071336 
-0.886916 -0.090819 0.071336 
-0.184241 0.917017 -0.066189 
-0.442210 -0.870850 -0.062426 
-0.834639 0.543063 -0.010520 
0.031530 -0.890229 0.071336 
-0.869495 0.221615 0.010842 
0.851625 -0.375150 -0.063054 
0.020411 -0.883071 -0.046290 
0.813948 -0.344245 0.053748 
-0.904471 -0.030462 -0.068519 
0.806671 -0.423085 -0.068519 
0.036800 0.935610 -0.039534 
-0.625853 0.778096 -0.038390 
0.502862 -0.734488 0.020337 
-0.710603 -0.554032 0.071336 
0.746758 0.558093 -0.045003 
0.435327 -0.889834 0.033823 
-0.288062 -0.925562 -0.064359 
0.033557 -0.990420 0.003718 
