-0.199357 0.843299 -0.091526 
0.241127 -0.955608 0.093199 
-0.948526 -0.289228 0.090093 
0.967656 0.185152 0.069497 
-0.868228 0.482238 0.079571 
0.546759 0.823616 0.092021 
-0.483556 -0.863593 -0.063786 
0.833925 -0.533425 -0.046853 
-0.585142 0.801063 0.094674 
-0.954936 0.097924 -0.083738 
0.717972 0.488727 -0.091526 
0.155695 0.960043 0.094674 
-0.751957 -0.581051 -0.084141 
0.489733 -0.718873 -0.091526 
-0.106035 -0.956338 -0.083424 
0.864519 -0.152261 -0.091526 
-0.644878 0.569874 -0.091526 
0.326082 0.798900 -0.091526 
-0.264060 -0.813133 0.084692 
-0.560783 -0.667578 0.094674 
0.674002 -0.694894 0.094674 
0.918783 -0.328878 0.094674 
0.880199 0.424263 0.094674 
-0.113088 0.983422 0.094674 
-0.813397 0.300078 -0.091526 
-0.877535 -0.138070 -0.091526 
-0.349028 0.902690 0.094674 
0.119017 -0.851322 -0.091526 
-0.428231 0.744054 -0.084236 
0.728643 0.663727 0.094674 
0.045253 0.857057 -0.091526 
0.559765 0.665426 -0.091526 
0.467720 -0.860631 0.094674 
-0.751513 -0.413348 0.077209 
0.973131 -0.065331 0.094674 
0.817256 0.249933 -0.091526 
-0.986135 -0.063216 0.094674 
-0.934303 0.254701 0.094674 
0.000726 -0.879752 0.094674 
0.349696 -0.882819 -0.084882 
-0.743886 0.652215 0.094674 
0.953857 0.043089 -0.084303 
-0.884749 -0.385440 -0.083589 
0.358471 0.912420 0.094674 
0.778636 -0.340883 -0.089322 
0.626369 -0.574228 -0.063658 
-0.646033 -0.753718 -0.059393 
0.726258 -0.453856 0.093356 
-0.292881 -0.899050 -0.083644 
-0.166362 -0.972820 0.094451 
-0.743795 -0.642137 0.094674 
0.208761 0.940032 -0.084411 
-0.629998 0.752128 -0.078069 
-0.867531 0.075089 0.094674 
-0.812642 0.505648 -0.084978 
0.711195 0.469419 0.082456 
-0.417095 -0.895802 0.093604 
0.499726 -0.690029 0.085846 
0.492932 0.854550 -0.068883 
-0.358391 0.907260 -0.080715 
0.813557 0.257845 0.086552 
0.876230 0.425847 -0.078349 
0.855106 0.059854 0.093585 
0.830296 -0.185410 0.078546 
0.021987 0.857198 0.083867 
-0.093321 0.973018 -0.078385 
-0.421899 0.751692 0.089001 
0.563255 0.646307 0.089135 
-0.579036 0.643368 0.043170 
-0.492935 -0.699377 -0.091526 
0.048271 -0.986091 -0.026811 
-0.791048 0.336137 0.078754 
-0.703166 0.493364 0.082669 
0.292065 -0.804795 0.053595 
-0.186466 0.838804 0.070920 
0.934203 -0.299857 -0.067901 
0.648878 -0.737158 -0.069827 
-0.841936 -0.168656 0.078645 
0.397157 0.761707 0.056031 
0.723204 0.672873 -0.063499 
0.810433 0.562699 0.008607 
-0.423182 -0.750626 0.041496 
-0.486302 0.865232 -0.005007 
0.045615 0.989594 -0.015028 
0.221118 0.835215 0.036226 
-0.558071 -0.816787 0.064881 
-0.922294 0.368500 -0.003600 
-0.847867 -0.512573 0.008013 
0.788020 -0.589534 0.093850 
0.145067 -0.843877 0.090161 
-0.609241 -0.600730 -0.054949 
0.943827 0.291110 -0.028440 
-0.996231 -0.050170 -0.049288 
-0.960535 0.241702 -0.068006 
-0.220679 0.966678 -0.000334 
-0.766237 0.640827 -0.047008 
-0.963042 -0.256993 -0.049356 
-0.750142 -0.435057 -0.091526 
0.494287 -0.856782 -0.053491 
0.869379 -0.460710 0.076089 
-0.868579 -0.043998 0.016124 
0.202269 -0.963591 -0.067120 
0.345349 0.932258 -0.047847 
-0.013421 -0.856844 -0.043346 
-0.168195 -0.853274 -0.010958 
0.984428 -0.092396 -0.050812 
0.712639 -0.462833 -0.073046 
0.615403 0.774598 -0.026544 
-0.852035 0.183374 0.009449 
-0.813278 -0.303384 0.022527 
0.748414 -0.645580 -0.045860 
-0.357594 -0.778239 -0.091526 
0.637283 -0.564238 0.074520 
-0.984665 0.129904 0.048868 
-0.888937 -0.414527 0.094674 
0.780386 0.369193 0.014600 
0.642440 0.579204 0.000364 
-0.687146 -0.526239 0.028052 
0.854304 0.133708 -0.019231 
-0.291219 -0.943595 0.053034 
0.442024 0.730737 -0.087181 
0.860613 -0.054909 0.000509 
0.104192 -0.980374 0.092818 
0.961103 -0.211738 0.051102 
0.983240 0.056156 0.043668 
0.786539 -0.339817 0.042356 
0.582722 -0.791914 0.094674 
-0.326131 0.806936 -0.002635 
0.407400 -0.761064 0.009941 
0.360054 -0.916924 0.053120 
-0.084898 0.866058 -0.008573 
0.967885 0.174415 -0.067288 
0.244558 -0.815099 -0.087426 
-0.658570 -0.739016 0.064490 
0.876819 -0.420926 -0.077301 
-0.835572 -0.259895 -0.091526 
-0.554865 0.655020 -0.084527 
-0.857919 0.024012 -0.091144 
-0.762508 0.425952 0.002608 
-0.676429 0.729533 0.032298 
0.641134 0.749734 0.094674 
-0.062488 -0.984861 0.024139 
0.827403 -0.250459 -0.031373 
0.258222 0.955625 0.027776 
-0.977776 -0.167761 0.043701 
0.506414 0.702223 0.005487 
0.012090 0.980671 0.094674 
-0.123103 -0.857920 0.094674 
-0.728139 -0.670603 -0.016591 
-0.386764 -0.909544 -0.014736 
0.919386 0.296665 0.094674 
-0.808525 0.576500 0.041800 
0.560193 -0.656239 -0.002457 
0.155570 0.841556 -0.080841 
-0.501967 0.711863 0.003421 
-0.847228 0.138942 -0.091449 
0.445910 0.882556 0.035613 
-0.531040 0.799050 -0.082945 
-0.202240 -0.969682 -0.033178 
0.110808 0.859645 0.017196 
0.374014 -0.777727 -0.091526 
0.765080 0.381999 -0.091526 
-0.858048 0.401909 -0.082637 
0.850182 0.017003 -0.087953 
0.577059 -0.797461 -0.010731 
-0.455130 0.881503 0.094674 
0.077740 -0.861348 0.010749 
-0.888940 0.376140 0.094674 
-0.713911 0.508813 -0.043626 
-0.992094 0.029535 0.024250 
-0.085524 0.873501 0.094674 
-0.639059 -0.588898 0.094674 
-0.300399 -0.817778 -0.015343 
0.182345 -0.847532 -0.005668 
-0.549370 -0.787661 -0.084348 
0.293477 -0.940489 -0.021204 
0.304137 0.821230 0.094674 
0.818382 0.505934 0.094674 
-0.662463 0.586407 0.094674 
-0.775488 -0.544966 0.094674 
0.106562 0.945792 -0.083970 
-0.233662 0.934779 0.094674 
0.836591 0.160168 0.076781 
-0.514213 -0.698918 0.010989 
-0.984641 -0.149968 -0.056574 
0.957483 -0.202127 -0.072357 
0.772457 0.585241 -0.080945 
0.694328 0.570363 0.094674 
0.693942 -0.511383 0.011241 
0.645359 0.613962 -0.091526 
0.869204 -0.081617 0.094674 
-0.871366 0.060910 -0.001763 
-0.397780 0.908995 0.008496 
0.905385 -0.385828 0.016779 
-0.850798 -0.202450 -0.011250 
-0.335520 0.796073 0.092684 
-0.429426 0.840237 -0.081331 
0.680992 0.714982 0.014392 
-0.926234 -0.353590 -0.003274 
-0.679340 -0.520770 -0.068770 
0.008876 -0.986355 0.088839 
0.478890 0.731292 0.094674 
0.166761 0.975878 0.001291 
-0.594479 0.795140 -0.000041 
0.398514 0.862345 -0.084446 
-0.785119 -0.385387 -0.016004 
-0.782881 0.434512 0.094674 
0.372681 -0.832338 0.094674 
-0.837247 0.255334 0.094674 
-0.105516 -0.862266 -0.091526 
0.718646 -0.556961 -0.076108 
0.320059 0.805695 0.002380 
0.865993 0.471486 0.003573 
-0.758905 0.425457 -0.091526 
0.149910 -0.974219 0.010734 
-0.822984 0.289029 0.004636 
-0.356832 -0.808275 0.094674 
-0.292750 0.841465 -0.091526 
0.750284 -0.423958 0.008222 
-0.047219 0.989803 0.000969 
-0.243788 0.924943 -0.084627 
0.538554 0.756409 -0.075665 
0.852780 0.327762 -0.056041 
-0.039500 0.894228 -0.091526 
-0.201616 -0.886642 -0.091526 
0.788163 0.416529 0.094674 
0.454095 -0.769605 0.094674 
-0.646321 0.585162 -0.000786 
0.901706 -0.058945 -0.091526 
-0.239513 0.836786 -0.005170 
0.574960 -0.670955 -0.091526 
-0.506244 0.709347 0.094674 
-0.309726 0.942423 0.022627 
-0.786422 -0.602514 -0.000182 
-0.590901 -0.688973 -0.091526 
-0.875908 0.467869 -0.022697 
-0.826320 -0.520328 -0.079829 
-0.661174 0.666954 -0.078886 
-0.911486 0.325760 -0.082779 
-0.480626 -0.863824 0.037492 
-0.901939 -0.102802 0.094674 
-0.877475 0.167291 0.094674 
-0.491608 -0.725300 0.094674 
0.238536 0.821268 -0.051001 
0.916966 0.361450 0.020837 
0.101453 -0.939146 -0.084506 
0.830480 -0.273460 0.094674 
0.808767 0.503586 -0.084794 
-0.890325 -0.436455 -0.010825 
0.586066 -0.670511 0.094674 
-0.916306 -0.053299 -0.088022 
-0.790299 -0.335993 -0.091526 
-0.081774 -0.860781 0.016470 
0.439564 -0.881506 0.011489 
0.885644 0.210608 -0.049147 
-0.825414 -0.353413 0.094674 
0.739676 -0.651599 0.054146 
-0.890763 -0.009696 0.094674 
0.482623 -0.718001 -0.000066 
-0.865666 -0.263409 0.094674 
0.256396 0.893676 0.094674 
-0.874043 0.238120 -0.091526 
0.324201 -0.807961 -0.026617 
0.020652 0.869283 -0.009549 
-0.019647 -0.958566 -0.084767 
0.788125 -0.589388 0.007511 
-0.672527 -0.655711 -0.080919 
0.667656 -0.723030 0.013438 
0.700259 0.506931 0.005873 
0.147660 0.854349 0.094674 
0.910109 -0.156587 0.094674 
-0.980071 0.166782 -0.027923 
0.757800 0.632107 0.002911 
0.983828 -0.033759 0.010934 
-0.495424 0.794145 0.094674 
0.821343 0.265335 0.002227 
0.924577 0.011063 0.094674 
-0.263862 -0.814350 -0.091526 
0.794047 -0.505357 0.094674 
0.788133 0.593818 0.083818 
0.795335 -0.440411 -0.087006 
-0.441718 -0.772350 -0.091526 
-0.614607 0.722127 0.094674 
0.745969 0.439226 -0.017083 
0.581664 0.640049 0.007241 
0.895960 0.124176 -0.091526 
-0.443189 -0.815237 0.094674 
-0.141947 0.906118 -0.065906 
0.837047 -0.385864 0.094674 
-0.403269 -0.851766 -0.083307 
0.648007 0.702189 -0.084422 
0.457548 0.811660 0.094674 
-0.735896 -0.468719 -0.006983 
0.393462 0.775266 -0.036516 
0.858777 0.026550 0.016832 
0.850975 -0.137024 0.008350 
0.516620 -0.838038 0.028904 
0.661437 -0.648244 -0.076127 
0.820826 0.340465 0.094674 
-0.950285 0.070163 0.094674 
0.295099 -0.876412 0.094674 
0.522480 0.838836 0.006199 
0.932300 0.095637 0.094674 
0.540364 -0.788360 -0.083654 
-0.355124 0.780890 -0.087566 
-0.846082 -0.503652 0.094674 
-0.786644 0.518342 0.094674 
-0.905610 -0.302599 -0.085083 
0.712613 -0.541265 0.094674 
-0.421680 0.760850 0.008241 
-0.603330 -0.621111 0.023479 
0.852830 -0.307971 -0.091526 
0.936535 -0.302448 0.020283 
0.078279 -0.900982 0.094674 
-0.609200 -0.779821 0.006817 
0.093610 0.985858 0.048889 
0.978006 -0.112038 0.030091 
-0.065075 -0.947869 0.094674 
0.192987 -0.880927 -0.091526 
-0.930743 -0.206941 0.094674 
-0.512762 0.722323 -0.091526 
-0.226899 -0.882460 0.094674 
0.565616 0.725644 0.094674 
0.617361 0.588953 0.081427 
-0.283372 0.858609 0.094674 
0.026768 0.957988 -0.084949 
0.649771 0.667909 0.094674 
0.981346 0.106007 -0.030680 
0.865725 -0.467546 -0.002115 
0.286591 0.890512 -0.078930 
0.422391 -0.852691 -0.084429 
0.065935 0.924216 0.094674 
0.036743 -0.892178 -0.091526 
-0.801445 0.358450 -0.022304 
-0.135420 0.982371 -0.014007 
-0.901255 0.175615 -0.049540 
0.165424 -0.918089 0.094674 
0.896453 0.204912 0.094674 
-0.949393 0.021375 -0.083853 
-0.390996 -0.780388 -0.021281 
-0.720988 0.582103 -0.065524 
0.905449 -0.253850 0.094674 
-0.732840 0.670027 0.021486 
-0.950138 0.288357 -0.008789 
-0.971279 0.206768 0.048819 
0.470865 -0.782588 -0.053620 
-0.824580 0.558269 -0.029784 
-0.334909 -0.898097 0.094674 
0.876214 -0.226471 -0.091526 
0.270306 -0.907351 -0.084334 
-0.898322 -0.221026 -0.065832 
-0.161226 0.917827 0.094674 
-0.712736 -0.476254 0.084142 
-0.543282 0.830864 0.039752 
-0.301660 -0.940428 -0.019932 
-0.958852 -0.255191 0.025776 
-0.574767 0.716211 -0.045634 
-0.185747 0.967692 -0.071054 
-0.664810 0.668775 0.094674 
0.465984 0.786424 -0.046252 
-0.601399 0.636112 -0.031416 
0.215983 -0.827047 0.088718 
-0.862416 -0.131763 0.002087 
0.697633 0.558660 -0.091526 
-0.529978 -0.834695 -0.016211 
0.832456 -0.368856 -0.049741 
0.920965 0.365273 -0.051229 
-0.632774 -0.663060 0.094674 
0.954432 0.244789 0.025643 
-0.818366 -0.412783 -0.080281 
-0.408295 0.822001 0.094674 
-0.142169 -0.976815 0.027183 
0.814955 0.407613 -0.046204 
-0.096745 0.851748 -0.085786 
-0.060527 -0.910490 -0.046686 
-0.896030 0.428530 0.042301 
-0.036585 0.862655 0.044138 
0.601541 -0.612653 0.035327 
-0.033792 0.926541 0.094674 
0.376256 0.844103 0.094674 
-0.683054 0.727532 -0.038658 
-0.227515 -0.832873 0.027727 
-0.989126 -0.080177 0.014051 
0.376992 -0.910356 -0.014761 
0.835767 -0.519195 0.034683 
0.984925 -0.016814 -0.065208 
-0.562753 -0.737648 0.094674 
-0.235317 -0.958823 0.092448 
-0.853093 -0.335180 -0.046548 
0.409068 0.900264 -0.021195 
-0.940293 0.320678 0.072787 
-0.760432 -0.515723 -0.057471 
0.852186 -0.019020 0.069246 
-0.854559 -0.076795 -0.066130 
0.895775 0.279751 -0.082141 
0.228369 -0.958582 -0.003059 
-0.797147 0.367667 -0.091526 
-0.745336 0.573829 0.094674 
-0.708617 -0.691447 0.060860 
-0.468447 -0.737258 -0.023757 
0.703150 -0.697528 -0.043649 
0.836132 0.158316 -0.091526 
0.784386 -0.591699 -0.067535 
0.162626 0.901138 -0.048211 
-0.168282 0.852738 0.006622 
-0.927289 -0.350787 0.070384 
0.770439 -0.501658 -0.070967 
-0.661213 -0.572367 -0.021792 
0.293113 -0.940599 0.046569 
0.910107 0.005560 -0.048671 
-0.676091 0.541336 0.041427 
0.426533 -0.735974 -0.074401 
0.556133 -0.720638 -0.049906 
0.790396 0.316217 -0.078891 
-0.872741 -0.464814 -0.069192 
0.753954 -0.395778 0.073908 
0.844665 -0.094989 -0.050862 
0.984311 0.036656 -0.024718 
-0.992963 0.002982 0.086694 
0.240396 0.958673 0.094674 
-0.696993 -0.555508 0.094674 
-0.580500 -0.655533 -0.030087 
0.627984 -0.757855 0.059530 
-0.997443 0.043041 -0.040625 
0.497819 0.693445 -0.059822 
-0.141573 -0.905912 -0.056862 
0.931288 -0.142189 -0.083643 
0.552170 0.825488 -0.051563 
0.307782 -0.795770 -0.091526 
-0.358891 -0.901950 -0.080328 
-0.228695 -0.836631 -0.040276 
-0.505218 -0.789846 0.094674 
0.743299 0.528809 -0.045715 
-0.830997 -0.237437 0.044992 
-0.003011 -0.863433 0.021268 
-0.068272 -0.990560 -0.041987 
-0.541459 0.833336 -0.025813 
-0.350123 0.847880 -0.054106 
0.650605 -0.625173 0.094674 
-0.833453 0.218409 -0.043992 
0.825165 -0.235371 0.036626 
0.643318 -0.577215 -0.000278 
0.278724 0.952947 -0.034190 
0.351070 -0.784703 0.032953 
0.748501 0.534007 0.094674 
0.842089 0.521359 -0.031683 
-0.480637 0.782268 -0.045428 
-0.776908 -0.470422 0.094674 
-0.332830 -0.795023 0.035959 
-0.819702 -0.417957 0.094674 
0.754475 -0.391197 -0.047494 
0.972263 -0.152805 -0.019758 
-0.788856 0.569287 -0.082520 
-0.053362 0.989602 0.071134 
0.376667 -0.768130 0.090644 
0.353564 0.923808 0.031488 
-0.283470 0.816574 0.046141 
0.973312 -0.146452 0.090685 
0.455620 0.732081 0.034984 
0.328456 0.853277 -0.048076 
-0.285583 0.953515 -0.035549 
-0.962373 -0.132450 0.094674 
0.846255 0.084307 -0.090434 
-0.614054 0.629920 0.094674 
0.894548 0.414186 -0.006980 
0.674281 -0.517030 -0.054304 
-0.879701 -0.011316 -0.037219 
-0.802087 0.449376 -0.051639 
0.494664 0.856133 0.066475 
-0.814580 -0.563607 0.048338 
-0.373281 -0.914949 0.047075 
0.954451 -0.249043 -0.029834 
0.081654 0.867682 -0.038461 
0.880876 0.360590 0.094674 
0.977799 0.118581 0.052279 
-0.723352 0.481823 0.023977 
0.600715 0.749100 -0.083783 
0.000592 -0.986626 0.024390 
0.231869 -0.893204 0.094674 
-0.547910 -0.733239 -0.052438 
-0.934950 0.141317 0.094674 
0.810810 -0.258824 -0.091526 
-0.908360 0.415485 -0.047491 
0.302165 0.940352 0.094674 
-0.843982 0.523262 0.018594 
0.174628 0.850341 -0.003095 
0.233572 0.884887 -0.045864 
-0.242994 -0.936835 -0.081363 
0.000245 0.916351 -0.046459 
0.712417 -0.612478 0.094674 
0.831199 -0.178776 -0.045672 
0.507090 -0.802775 0.094674 
0.984834 -0.003029 0.065362 
-0.034123 0.990605 -0.060138 
0.104428 0.990027 -0.039876 
0.417691 0.792354 -0.091526 
0.424919 0.883239 0.094674 
-0.350187 -0.844540 -0.051354 
-0.684551 -0.717020 -0.026882 
0.242298 0.828113 0.094674 
-0.608699 0.622044 -0.091526 
0.593605 -0.623525 -0.043090 
-0.653604 -0.572318 -0.091526 
0.971786 0.160135 -0.002160 
0.599237 0.689320 -0.048582 
-0.124960 -0.919690 0.094674 
0.151985 -0.899122 -0.049193 
-0.810051 -0.293916 0.089628 
0.242663 -0.826389 0.023760 
-0.862605 0.027525 0.054460 
0.913466 -0.376353 -0.055821 
0.048013 -0.853628 0.065144 
-0.723062 0.680827 -0.065074 
-0.871975 0.113967 -0.032885 
-0.907724 -0.398280 0.034717 
0.143301 -0.978309 -0.057902 
-0.793354 -0.459719 -0.049510 
-0.811184 -0.289594 -0.043747 
-0.880912 0.298325 0.094674 
-0.613129 -0.776597 0.080548 
0.602760 -0.777085 -0.066255 
0.301459 -0.861770 -0.053854 
-0.934166 -0.117812 -0.080894 
-0.851958 0.342501 -0.070107 
0.801985 0.306674 0.042528 
0.161722 0.974880 -0.067927 
-0.432170 0.895793 -0.056775 
-0.164923 0.977500 0.063450 
-0.450880 -0.879723 -0.015117 
-0.224002 -0.961461 0.022973 
0.857091 0.087514 0.020148 
-0.062625 -0.862501 0.094674 
0.569106 0.807602 0.038027 
0.748895 0.419051 0.048631 
0.585284 0.620598 -0.049989 
0.859057 -0.480840 -0.062993 
-0.752744 0.500594 -0.091526 
-0.807353 -0.578157 -0.060118 
-0.558130 -0.660650 0.030345 
-0.498336 -0.854357 0.094489 
0.219927 0.965605 -0.025471 
0.652109 0.549851 -0.052872 
0.511636 0.685679 0.072587 
0.182026 -0.968916 0.066718 
0.385723 -0.824338 -0.045813 
-0.550786 0.665277 0.091538 
0.079129 -0.982843 0.024679 
-0.131637 -0.981108 -0.031847 
-0.745651 -0.647005 -0.069019 
0.954397 0.232803 -0.070062 
-0.870505 0.082477 -0.091526 
-0.771653 0.624952 0.027415 
-0.593846 0.799379 -0.059601 
-0.838789 -0.180344 -0.075197 
0.800194 -0.328500 -0.020027 
0.864361 0.474540 0.067058 
0.677882 0.522321 0.063747 
-0.860729 0.110477 0.029111 
0.833176 0.206919 0.040591 
-0.552494 0.751781 0.094674 
-0.153653 -0.845966 0.045700 
0.507150 -0.686900 -0.043717 
-0.046476 -0.863788 -0.091526 
0.626541 -0.759040 -0.008222 
0.640083 0.752368 0.036105 
0.909684 0.078839 -0.057065 
0.194027 0.890075 0.094674 
0.078781 0.866139 0.094674 
-0.945420 -0.191977 -0.084796 
-0.345973 0.932906 -0.029637 
-0.779775 -0.367469 0.054718 
0.069569 -0.908994 -0.046098 
-0.155624 -0.838799 -0.073126 
-0.946220 0.186706 -0.084929 
-0.110770 0.856771 0.042764 
-0.200940 -0.831168 0.085857 
-0.871446 -0.471775 0.053204 
-0.084778 0.912773 -0.057794 
-0.855745 -0.071087 0.079333 
-0.966512 0.227211 -0.005320 
0.005406 -0.911670 -0.045153 
0.817573 -0.331242 0.094674 
-0.906407 0.128567 -0.091526 
-0.457412 0.733532 0.047287 
-0.552061 0.674556 0.002912 
-0.531094 -0.670524 -0.059559 
-0.171950 -0.955348 -0.079943 
0.803525 0.321169 -0.023096 
0.423300 -0.895699 -0.046393 
0.421062 -0.890388 0.065109 
0.748710 0.440255 -0.091526 
0.689106 0.715532 -0.045871 
-0.485072 0.853306 -0.076646 
0.849533 -0.031138 -0.056862 
0.894314 -0.410262 0.086642 
-0.007845 0.856389 -0.063011 
-0.494117 -0.773085 -0.059841 
0.935265 0.311076 0.040064 
0.546707 -0.657264 0.055866 
-0.712132 -0.475418 -0.079115 
-0.576262 -0.809949 -0.037869 
0.519158 -0.747549 0.094674 
0.168410 -0.834385 -0.058843 
-0.986528 0.110997 -0.021515 
0.001828 0.991027 0.028962 
0.772069 0.362051 0.076616 
-0.093892 0.986617 0.032270 
-0.761331 -0.633087 0.042051 
-0.968493 -0.214275 -0.013247 
0.470131 0.730064 -0.027471 
0.903359 0.143731 0.094674 
0.442430 -0.734095 0.044422 
0.055181 -0.849895 -0.059846 
0.428743 -0.789295 -0.091526 
0.670376 -0.594434 -0.091526 
0.863336 0.054797 -0.031146 
-0.392874 -0.765625 0.093503 
0.782000 -0.450712 0.094674 
0.133522 -0.852050 0.021036 
0.725918 0.668895 0.030143 
-0.622158 0.601086 0.047620 
-0.098560 -0.868630 -0.036564 
0.843705 0.188308 -0.016394 
-0.290284 0.807005 -0.047848 
-0.406788 0.904914 0.080411 
-0.834590 0.538365 0.072681 
-0.678490 0.618925 -0.057098 
-0.141370 0.860701 0.094674 
-0.423996 -0.892675 0.031601 
-0.735496 0.448409 0.069571 
-0.476958 0.722374 -0.044876 
-0.361590 0.787624 0.035278 
0.904220 -0.106382 -0.051221 
-0.992259 -0.020029 -0.003049 
0.809042 -0.288202 0.033351 
-0.199871 0.894904 -0.069519 
0.093873 0.892491 -0.091526 
0.698975 0.620610 -0.079914 
-0.520178 0.843524 0.094674 
-0.958421 0.261052 0.045391 
-0.310563 0.942169 0.077805 
-0.837133 0.234536 0.023658 
-0.285794 0.871628 -0.045936 
-0.837088 0.198214 0.073881 
0.865469 0.286457 0.094674 
0.328710 -0.799695 0.094674 
0.895080 -0.187897 -0.057662 
-0.878784 0.286431 -0.063565 
0.346624 0.889844 -0.084371 
0.792602 0.455987 -0.057854 
-0.797452 0.589842 0.094674 
-0.709166 -0.582422 -0.050436 
-0.589356 -0.748263 -0.084448 
0.249847 -0.835977 -0.037427 
0.873118 0.371963 -0.085065 
-0.138187 0.857114 -0.042680 
0.055180 -0.967285 -0.080424 
-0.945522 -0.308132 -0.044912 
0.540695 -0.829537 -0.047277 
-0.388492 0.779135 -0.044976 
-0.525124 0.694706 -0.044712 
-0.282462 -0.884795 0.094674 
0.715246 -0.472079 0.041719 
-0.767386 0.394675 -0.043642 
0.294383 0.802609 -0.047910 
0.257261 -0.954687 -0.058655 
-0.894158 -0.309230 0.094674 
0.052977 0.918294 -0.059638 
-0.916955 0.063015 -0.068265 
-0.595774 0.697464 -0.091526 
-0.004881 -0.990145 -0.034215 
0.952168 0.254499 0.088641 
0.372576 0.790506 0.094674 
-0.264056 0.956277 0.054916 
-0.918201 0.379376 0.048783 
-0.704849 0.531093 -0.091526 
0.777066 0.468957 0.094674 
0.457341 0.881990 -0.035507 
0.841333 0.514687 0.023434 
0.900652 0.036260 -0.091526 
-0.732518 0.448711 -0.051329 
-0.686117 0.718156 0.083574 
0.973406 0.040082 0.094674 
0.337413 -0.928213 -0.059747 
-0.666241 0.555137 -0.044956 
-0.241827 0.822613 -0.063578 
0.858629 -0.227534 0.094674 
-0.279994 -0.815360 0.033927 
0.727341 -0.616070 -0.084782 
-0.656230 -0.706276 -0.083640 
0.725453 -0.468872 -0.021771 
0.758423 0.631348 0.060674 
-0.871446 0.431443 0.094674 
0.963580 0.099499 -0.080274 
-0.763177 -0.410824 0.025564 
-0.103833 -0.981196 0.080779 
-0.626854 0.769775 0.075080 
-0.654846 -0.559143 0.053849 
0.433004 -0.818042 0.094674 
0.219495 -0.884008 -0.046032 
0.331859 0.792134 0.060523 
0.770026 0.626328 -0.048051 
-0.769416 0.396105 0.045465 
0.715306 -0.676975 0.003298 
0.873644 -0.262979 -0.053262 
0.061937 0.860825 0.045154 
-0.636111 0.763817 0.006822 
-0.900246 -0.155316 0.094674 
-0.085645 0.934783 0.094674 
0.266086 0.843871 -0.091526 
0.511497 -0.689792 0.033429 
0.776637 -0.375458 -0.002659 
-0.705673 -0.517888 -0.023523 
-0.681611 -0.644059 0.094674 
0.851327 -0.098315 0.043618 
0.806570 0.577229 -0.042081 
0.446050 0.837818 -0.084668 
0.128663 0.915416 0.094674 
-0.824243 -0.237449 -0.045815 
0.044224 -0.948460 0.094674 
0.396772 -0.766391 -0.040775 
0.591031 -0.613676 0.086291 
0.817586 0.552717 0.071609 
0.925960 -0.333113 -0.020352 
-0.473760 0.871935 0.047095 
-0.842242 0.167221 -0.048157 
-0.844330 0.464533 -0.083177 
-0.849463 0.339586 0.094674 
0.834739 0.232568 -0.041743 
-0.940600 -0.315357 0.035097 
-0.903156 -0.171594 -0.051367 
0.887563 0.175176 -0.091526 
-0.774805 -0.600803 0.094674 
-0.905801 0.211651 0.094674 
0.814486 -0.552601 0.067783 
0.116232 -0.863367 -0.038898 
-0.416884 -0.814280 -0.050621 
0.896238 -0.336530 -0.083674 
-0.793007 0.598568 -0.024071 
0.840371 -0.187036 0.014584 
-0.699425 0.550500 0.094674 
0.836233 0.208440 0.094674 
0.548101 0.671890 -0.015319 
0.845756 0.109870 0.086236 
-0.696253 0.628134 0.094674 
-0.227287 0.858941 0.094674 
0.860640 0.482808 -0.060012 
0.209153 0.832438 -0.091526 
0.433718 0.755577 0.094674 
0.885218 -0.430336 0.037932 
-0.323027 -0.827973 -0.091526 
0.680093 -0.514521 0.065500 
0.899327 0.403638 0.043716 
-0.030315 0.866933 0.094674 
0.597540 -0.736986 0.094674 
-0.188867 0.852121 -0.041894 
-0.573726 0.751073 -0.082734 
0.811512 -0.389019 -0.091526 
0.305804 -0.929832 0.094674 
-0.594242 -0.629219 0.094674 
0.818337 0.384743 -0.091526 
-0.476260 0.759056 -0.091526 
0.689390 0.501743 -0.051573 
-0.647365 -0.748500 -0.005217 
-0.873237 -0.213188 0.094674 
0.599961 -0.609678 -0.091526 
0.518015 0.807737 -0.084659 
-0.240428 0.873049 -0.091526 
0.506441 0.793016 0.094674 
-0.876344 -0.269502 -0.060267 
-0.723952 -0.528050 -0.091526 
0.935512 -0.211116 0.094674 
-0.255263 -0.878414 -0.050241 
-0.816841 -0.560453 -0.002011 
-0.735109 0.627168 -0.084346 
0.305858 0.871627 0.094674 
-0.978069 -0.093465 -0.076361 
-0.577864 -0.631030 -0.080168 
-0.309884 0.920774 -0.082448 
0.363023 0.786050 0.021502 
0.201770 0.890828 -0.091526 
-0.800348 0.313329 -0.044896 
0.829906 0.444376 0.094674 
-0.196355 -0.922259 0.094674 
-0.337674 0.853894 0.094674 
-0.230377 0.833349 0.043970 
-0.487682 -0.818262 -0.084656 
0.784658 0.598668 0.032015 
0.848266 -0.127009 0.094674 
-0.961857 -0.242736 0.078395 
0.649004 0.748809 -0.052598 
0.929816 0.319772 -0.069220 
0.599354 0.689153 0.094674 
0.192000 0.971504 0.062732 
-0.946161 0.318713 -0.047892 
0.076636 0.976886 0.094674 
0.947976 -0.264730 0.071611 
-0.796071 -0.338501 -0.042356 
0.192429 0.835312 0.085161 
-0.835494 -0.315636 -0.091526 
-0.936763 -0.059140 0.094674 
-0.932128 0.280784 -0.081262 
0.617803 -0.690617 -0.076428 
-0.873435 -0.028824 -0.091526 
0.944867 -0.081985 -0.084110 
-0.917630 -0.390204 -0.046962 
0.260317 0.932260 -0.082247 
0.276268 0.814832 0.054369 
0.845490 -0.503559 0.081825 
0.794081 -0.302655 -0.061624 
-0.883686 -0.357405 0.094674 
0.923957 0.342876 0.078270 
0.863700 -0.314094 0.094674 
0.303099 0.942012 0.042641 
0.799656 -0.540696 -0.081379 
-0.671780 -0.702501 0.094674 
-0.854156 0.512262 -0.059554 
0.380631 -0.880777 0.094674 
-0.854730 -0.124885 0.050057 
-0.028919 0.868799 -0.003877 
0.101135 -0.848018 0.068942 
0.424607 0.756085 -0.004001 
-0.274147 0.907318 0.094674 
-0.462897 -0.764873 0.094674 
-0.562713 -0.813461 0.016327 
-0.871842 0.012757 0.006632 
0.633929 0.656438 -0.058791 
0.011416 0.908274 0.094674 
-0.422125 -0.898676 -0.049580 
-0.305254 -0.841735 0.094674 
0.044367 0.989635 0.052563 
0.769136 0.365581 -0.045895 
-0.810875 0.295197 0.061529 
0.274587 0.822464 0.005666 
-0.819756 0.255698 -0.072844 
-0.353974 0.926658 0.034854 
-0.684206 -0.715005 0.026159 
0.566203 0.716507 -0.073709 
-0.632404 -0.630586 -0.091526 
-0.464655 -0.727677 0.031478 
-0.746320 -0.437150 -0.042183 
-0.524566 -0.838060 0.037153 
0.965019 -0.194942 0.002941 
-0.629687 0.596369 -0.044770 
0.816063 -0.493569 -0.084369 
-0.819258 0.402884 0.094674 
0.620339 0.585367 -0.045616 
-0.383809 0.865820 -0.083456 
-0.027217 -0.911197 -0.087898 
-0.242824 0.966182 -0.053387 
0.625686 -0.697600 0.094674 
-0.849659 -0.146024 -0.043513 
0.512384 -0.752771 -0.066340 
-0.001593 0.991139 -0.022940 
-0.985356 -0.118453 -0.014469 
0.668565 0.545975 0.022778 
-0.840741 0.203803 -0.091526 
-0.970498 -0.180498 0.094674 
-0.769293 -0.377182 -0.079640 
0.084825 -0.894958 -0.091526 
-0.535402 0.748804 -0.054415 
0.527430 -0.666901 -0.091444 
0.833310 -0.435700 0.094674 
0.439420 -0.745618 -0.021752 
0.374862 0.833789 -0.054570 
0.674236 0.721309 0.075822 
0.955068 0.242063 -0.023490 
-0.512864 -0.684419 0.083233 
0.428606 -0.802747 -0.045782 
0.462049 -0.718656 0.089628 
-0.858693 0.044722 -0.044478 
-0.399244 -0.851962 0.094674 
0.759108 -0.549696 0.094674 
-0.960772 0.210954 0.094674 
0.746857 -0.503722 0.094674 
-0.948688 -0.011325 0.094674 
0.867411 0.243215 -0.091526 
0.095237 -0.983487 -0.030440 
0.365284 0.772813 -0.074152 
0.717994 0.474341 0.034835 
0.326871 -0.838794 -0.091526 
0.834745 -0.188689 -0.091526 
-0.198086 -0.829774 -0.091245 
0.677547 -0.580974 0.094674 
-0.892316 0.121566 0.094674 
0.929993 -0.023108 -0.080124 
0.609572 0.777407 0.061571 
0.544040 -0.702864 0.094674 
0.664873 -0.725637 0.060386 
-0.880427 0.173048 -0.091526 
-0.297828 -0.799818 -0.058625 
0.229092 -0.958413 0.043804 
-0.825121 0.404766 -0.049426 
0.720478 0.455653 -0.057467 
-0.857271 -0.455260 0.094674 
0.493034 -0.809150 -0.085158 
0.714074 -0.665151 -0.075518 
-0.778702 -0.482811 -0.087391 
-0.399494 -0.799897 -0.091526 
0.548097 -0.818215 0.057063 
0.392527 0.907759 0.051449 
-0.778504 -0.621322 -0.048171 
-0.138621 0.962424 -0.079964 
-0.824926 0.474346 0.094674 
-0.453967 -0.727488 -0.091526 
0.910535 -0.374094 0.061470 
0.867025 -0.092425 -0.091526 
-0.531978 -0.828714 -0.071239 
-0.989177 0.084095 0.055184 
0.888370 -0.431610 -0.033601 
0.592318 -0.729077 -0.081684 
0.182599 -0.968822 -0.021799 
-0.964344 -0.049919 -0.084617 
-0.306869 -0.860689 -0.047635 
0.712801 0.682900 -0.012024 
-0.862142 -0.018626 0.058125 
0.576554 0.802265 -0.019888 
0.098250 0.910595 -0.049225 
-0.449703 0.800882 0.094674 
-0.777739 0.488562 -0.053546 
-0.932091 -0.259052 -0.083553 
0.980862 -0.083034 -0.005774 
-0.808048 0.412734 -0.091526 
0.615111 0.605341 0.026756 
0.742230 -0.432722 -0.091526 
-0.661644 0.712908 -0.081968 
0.462720 0.778845 -0.091526 
-0.636736 -0.660267 -0.052378 
0.292627 -0.830476 0.094674 
-0.026821 -0.916578 0.094674 
-0.370006 -0.775493 0.054629 
-0.710332 -0.616210 -0.081535 
-0.747860 -0.508278 0.094674 
0.927406 -0.034768 0.094674 
-0.349054 -0.779150 -0.046428 
0.485508 0.861389 0.021197 
-0.448001 0.885704 0.009577 
-0.181819 -0.970268 0.051410 
0.745304 0.432673 0.094674 
0.467874 -0.710141 -0.047323 
-0.434780 0.760553 -0.042054 
0.121947 0.983067 0.007133 
0.486841 -0.856235 -0.008349 
0.804615 0.549734 -0.078595 
-0.748317 0.484439 0.094674 
-0.239106 0.886389 -0.047599 
-0.266921 -0.956257 -0.047581 
-0.906156 0.370917 -0.078294 
-0.824393 -0.459733 -0.082985 
-0.177074 0.975494 0.009895 
-0.093270 -0.851537 0.060736 
-0.914981 0.221186 -0.080599 
0.843398 -0.506924 -0.010963 
-0.387621 0.918371 -0.047532 
0.138381 0.980564 0.055521 
-0.829959 -0.269136 -0.002468 
-0.837903 -0.536395 -0.034460 
-0.141809 0.845414 -0.087837 
-0.330351 -0.935075 -0.054877 
-0.917869 -0.007551 -0.068283 
-0.989279 0.004198 -0.070311 
0.413534 -0.743659 0.080120 
-0.061166 0.854477 -0.045594 
0.697045 -0.695280 0.040673 
0.745003 0.584576 0.094674 
0.563003 0.781305 0.094674 
-0.693447 0.528104 0.001617 
-0.714776 0.475941 -0.088451 
-0.713404 0.690778 -0.013863 
0.320849 0.936121 0.001337 
0.854119 -0.137675 -0.038870 
-0.629425 -0.721885 0.094674 
-0.979330 0.162789 0.018157 
-0.991775 -0.034827 0.039744 
-0.022024 0.954704 -0.084918 
-0.277170 -0.932824 0.094674 
0.102553 0.849810 -0.074340 
-0.499954 0.705593 0.048117 
-0.796740 -0.345190 0.018689 
-0.620442 0.676928 0.094674 
-0.399087 0.790161 -0.091526 
-0.025891 -0.854591 0.068424 
-0.779028 0.376804 0.093968 
0.773096 -0.610335 0.056829 
0.210907 -0.921635 -0.084647 
0.842190 -0.151734 0.051175 
-0.517378 -0.706365 -0.033520 
-0.550972 -0.784051 0.094674 
0.861273 0.011210 -0.044976 
0.841933 0.123705 -0.063835 
0.334650 -0.926485 -0.010938 
-0.883908 0.451583 -0.067104 
0.601348 -0.779715 0.022219 
0.183069 -0.839210 0.038106 
0.568398 0.789126 -0.080554 
0.944219 -0.099159 0.094674 
-0.683531 -0.517030 0.076894 
0.062020 0.982352 -0.073117 
0.336209 -0.857738 0.094674 
0.760033 -0.389369 -0.091526 
0.797811 0.424118 -0.091526 
0.767790 0.491470 -0.072910 
0.839469 -0.443832 -0.084958 
-0.852147 0.150482 0.046099 
0.897427 0.151520 -0.055399 
0.953520 -0.244258 0.014191 
0.107266 -0.934410 0.094674 
-0.201547 -0.890548 -0.047464 
0.886802 0.324594 -0.084036 
0.295594 -0.811975 0.010228 
0.983014 -0.058640 0.052235 
-0.977757 -0.167874 -0.000375 
0.016996 0.890736 -0.091526 
0.494258 0.857258 -0.025045 
-0.839417 -0.381079 -0.058418 
-0.266079 -0.951221 0.015891 
0.648703 0.745223 -0.006306 
0.919318 -0.225787 -0.083531 
-0.193937 0.967424 0.094674 
0.709298 0.577107 -0.053563 
0.672256 -0.543728 -0.008738 
-0.073052 0.994173 -0.040467 
0.697135 -0.583945 -0.049207 
-0.711049 0.681060 0.094674 
0.847151 0.139068 0.040020 
-0.915735 -0.065612 -0.046136 
0.972019 -0.154282 0.039216 
-0.954154 0.143846 -0.083025 
0.981795 0.078010 0.002770 
-0.642850 0.762735 -0.036262 
-0.884846 0.247115 -0.045712 
0.384349 0.907363 -0.071322 
-0.367141 0.789947 -0.007870 
-0.870516 0.477957 0.019311 
-0.981712 0.064399 -0.076410 
0.178882 0.843873 0.042146 
-0.878708 -0.185830 -0.091526 
0.690981 0.642028 0.094674 
0.557182 -0.641937 -0.058017 
-0.731267 -0.582177 0.094674 
0.789461 -0.364273 0.094674 
-0.989992 0.075825 0.003624 
0.848631 0.389581 0.094674 
-0.262420 -0.867272 -0.091526 
0.274179 -0.805520 -0.057269 
0.039118 -0.870488 -0.025256 
-0.788917 -0.387491 0.094674 
0.004583 -0.851947 -0.082419 
-0.456047 -0.876961 0.092404 
0.839766 0.209935 -0.091526 
0.110037 0.851248 0.068732 
0.725522 -0.656832 0.094674 
0.603364 0.603668 -0.091526 
-0.801153 0.330594 0.037101 
0.156937 0.883402 -0.091526 
-0.702729 -0.570719 -0.091526 
-0.701066 -0.701119 -0.063460 
0.050449 -0.984994 0.056782 
-0.330590 0.792045 -0.044976 
-0.818511 -0.542918 0.094674 
-0.836090 0.263961 -0.027817 
-0.829811 -0.239655 0.092823 
0.205030 0.968466 0.021840 
0.233236 -0.856391 -0.091526 
-0.150858 -0.877349 -0.091526 
0.849201 -0.324811 -0.052186 
-0.397822 0.826665 -0.055618 
-0.843788 -0.189974 0.041418 
-0.991190 0.057155 0.093968 
0.970556 -0.150648 -0.068606 
-0.349135 -0.924037 0.012843 
-0.465638 0.815122 -0.077726 
-0.255583 -0.831084 -0.007367 
0.909608 0.224828 -0.081706 
-0.209896 0.898076 0.094674 
0.619120 0.638042 0.094674 
-0.063312 -0.958651 -0.084124 
0.435087 0.749752 -0.044976 
0.770917 -0.614420 -0.027125 
-0.865263 -0.086564 0.018049 
0.871005 -0.370965 -0.084053 
0.965976 0.195279 0.021366 
0.910122 0.250606 0.094674 
-0.653374 0.620542 -0.091526 
-0.900943 0.031708 0.094674 
0.414951 0.811976 0.094674 
-0.741592 -0.442522 0.044075 
-0.270579 0.954298 0.010809 
0.181877 0.849513 -0.044976 
-0.436482 0.891460 0.053041 
-0.596771 -0.694711 0.094674 
-0.070792 -0.909406 -0.087892 
0.924226 0.053536 0.094674 
0.814221 -0.407165 -0.051218 
-0.356227 0.828825 -0.091526 
0.645032 -0.740652 0.094674 
0.760348 -0.556160 -0.084306 
0.359236 -0.788178 -0.039773 
0.666069 0.601871 0.094674 
0.683958 -0.538393 -0.091526 
0.470198 -0.763966 -0.091526 
0.669080 0.622313 -0.050180 
0.834947 0.365397 -0.049299 
-0.260494 0.823262 0.092462 
0.514624 -0.839279 0.074981 
-0.631821 -0.590652 0.029609 
-0.858998 -0.500101 -0.030725 
-0.893005 0.435208 0.000804 
0.536307 0.663894 -0.056565 
0.160986 0.926460 -0.081827 
-0.698914 0.648700 -0.084384 
0.873660 0.262183 -0.050906 
0.735558 -0.513148 -0.091526 
-0.755026 0.645212 -0.006708 
0.189668 -0.967606 0.022581 
-0.618673 0.678483 -0.061948 
0.151483 -0.886959 -0.091526 
-0.173816 -0.971589 0.000171 
-0.452981 -0.841802 -0.084727 
0.469166 -0.865683 0.036585 
0.109354 -0.904621 -0.058518 
-0.734611 -0.549499 -0.055241 
-0.564731 0.711758 0.094674 
-0.790326 -0.597454 0.052499 
0.904396 0.406089 -0.046787 
0.668673 0.528649 -0.089061 
-0.540859 -0.720354 -0.091526 
0.890261 -0.017238 -0.091526 
-0.287098 0.821544 -0.000178 
0.317455 0.919337 -0.080188 
-0.945067 0.305075 0.029043 
-0.862912 0.148679 -0.011712 
0.441291 0.877749 -0.073826 
0.737498 -0.435496 0.046144 
0.865303 -0.169769 0.094674 
0.530195 0.755741 0.094674 
-0.866167 -0.226934 -0.091526 
-0.025944 -0.964554 0.094674 
0.821922 0.339944 -0.091526 
0.116344 -0.876655 0.094674 
0.215917 0.842441 -0.022512 
0.907236 -0.272223 -0.082785 
-0.976279 0.142896 0.094674 
0.392301 -0.761109 0.049251 
-0.164396 -0.896057 0.094674 
-0.064417 -0.849808 -0.057048 
-0.721695 -0.477904 0.030687 
0.386309 0.819459 -0.091526 
-0.113641 0.890587 -0.091526 
-0.837430 -0.529356 0.049556 
-0.323584 0.802360 0.041145 
-0.484625 0.754417 0.094674 
-0.477150 0.846737 0.094674 
-0.544712 0.793406 0.094674 
-0.704727 0.700043 0.036984 
-0.609312 -0.606134 0.061309 
-0.853714 -0.131876 0.092745 
0.765789 0.403280 -0.017758 
-0.188921 -0.831722 -0.049139 
0.791364 0.314320 0.081426 
-0.611856 -0.624310 -0.021542 
-0.944437 -0.302709 -0.004346 
0.794562 -0.306889 0.071148 
-0.734654 -0.663648 0.036589 
-0.919731 -0.260507 0.094674 
-0.799768 -0.320462 0.057161 
0.553958 -0.718866 -0.091526 
0.738164 -0.532803 -0.049509 
-0.462847 0.738142 -0.009893 
-0.795737 0.455686 -0.091526 
-0.563379 0.658665 -0.044715 
-0.931626 -0.352528 -0.054339 
-0.983883 -0.130767 0.027482 
-0.459427 -0.794599 -0.059635 
0.387550 -0.907208 -0.062213 
0.734254 0.600907 -0.085142 
-0.910312 0.134362 -0.051412 
-0.172934 0.927005 -0.082065 
0.481614 0.722293 -0.091526 
0.196477 -0.873134 0.094674 
0.905055 0.390995 0.082605 
-0.631614 -0.761426 0.035330 
-0.385653 0.767310 0.079429 
-0.086875 -0.905766 0.094674 
-0.601001 0.630209 0.008697 
0.608115 0.778603 0.021097 
-0.433655 -0.757078 -0.017621 
0.926256 0.166550 -0.083224 
0.680848 -0.688124 -0.078239 
0.624095 -0.656751 0.094674 
0.988901 -0.048404 -0.040272 
-0.414943 -0.746677 -0.075448 
-0.043343 -0.864957 0.004687 
-0.896661 0.336477 0.094674 
0.888935 -0.356113 0.094674 
0.795414 -0.412630 0.094674 
0.883571 0.098547 0.094674 
-0.312009 0.879096 -0.075705 
-0.375990 -0.913929 0.087333 
-0.466743 0.720278 -0.085643 
0.814771 -0.552202 0.024764 
0.219600 0.924147 0.094674 
0.701428 -0.485089 0.087926 
-0.201226 0.971214 0.047219 
0.036740 -0.863067 0.014166 
-0.886891 -0.442880 0.029998 
-0.393323 -0.769882 0.022507 
0.121182 0.862204 -0.034874 
-0.357688 -0.790837 0.004816 
0.966801 -0.185886 0.093305 
0.888685 -0.024541 0.094674 
0.132338 -0.977120 0.064532 
-0.501676 -0.738437 -0.091526 
-0.047232 0.855451 -0.083072 
-0.103523 -0.981226 0.036352 
0.814253 -0.285121 -0.006143 
0.818030 0.259612 0.041612 
0.848714 -0.054591 -0.089169 
-0.739551 0.545126 -0.077648 
0.978823 -0.103740 0.075355 
0.603756 -0.617808 -0.004947 
0.983216 0.071761 -0.059407 
0.754541 0.546822 -0.079451 
-0.954853 0.030578 0.094674 
0.883128 0.439391 0.036860 
0.732654 0.622455 0.094674 
-0.337099 -0.928567 0.056676 
-0.492666 -0.706066 0.049770 
-0.827666 0.540051 -0.071704 
-0.892673 -0.101254 -0.091526 
-0.786432 0.377073 0.009504 
0.657422 -0.550030 0.043299 
-0.734077 0.480642 -0.024099 
0.171339 -0.919329 -0.079726 
-0.303453 0.802212 -0.085060 
-0.911525 0.030757 -0.091526 
0.896393 -0.124847 -0.091526 
0.855997 0.281255 -0.091526 
-0.505380 0.854432 0.030688 
0.497751 0.765808 -0.058047 
0.831941 0.180243 -0.053392 
-0.758757 -0.636224 -0.017199 
0.863399 -0.264186 -0.091526 
-0.257513 -0.850903 0.094674 
-0.874290 -0.090140 -0.034483 
0.571514 0.641222 0.050808 
-0.853668 0.117427 0.087484 
0.387640 -0.823270 -0.085228 
-0.894973 0.257876 0.094674 
0.970539 -0.025226 0.094674 
-0.678372 -0.591858 0.094674 
0.214009 -0.823859 -0.048517 
0.419860 0.812106 -0.057490 
0.081234 0.987077 0.001642 
0.804161 -0.567009 -0.020615 
-0.057053 0.937373 -0.080331 
0.517013 0.679499 -0.091201 
-0.860702 0.307369 -0.091526 
-0.657638 0.745001 0.079748 
0.669935 -0.542397 0.094674 
0.737025 -0.439348 -0.044976 
0.742919 -0.650125 0.010937 
-0.146764 0.849233 0.057559 
0.590867 0.691778 -0.091526 
-0.521136 0.840974 -0.067504 
0.725930 0.472700 -0.022641 
0.101872 0.946958 0.094674 
0.457062 -0.873894 -0.026606 
0.967844 0.196668 -0.035102 
-0.862921 0.073688 0.042018 
0.463396 -0.853877 -0.077185 
-0.690140 0.567241 -0.091526 
-0.450541 -0.729060 0.067820 
0.698478 0.688444 0.094674 
0.981421 0.081805 0.072881 
0.072525 -0.860053 0.094674 
-0.131147 -0.848401 -0.043022 
0.732689 -0.578185 0.094674 
-0.617218 0.777683 0.037798 
0.740713 0.657400 -0.032506 
0.840120 -0.347837 -0.088127 
0.978568 0.138394 -0.057661 
0.861994 -0.017477 -0.009530 
-0.549826 -0.659079 -0.091526 
0.762119 -0.465975 -0.091526 
0.043976 0.861487 -0.044976 
-0.166946 -0.847487 0.094674 
0.288504 -0.843987 -0.091526 
0.845893 0.087746 -0.050056 
0.527179 -0.682548 -0.001208 
0.333344 0.851350 -0.086408 
0.846054 0.449398 -0.083913 
0.557790 -0.746945 0.094674 
-0.856678 -0.416141 -0.083971 
-0.746998 0.612414 0.094674 
0.697737 -0.493268 -0.091526 
-0.028064 0.972412 0.094674 
-0.819876 0.560660 0.008447 
0.622691 -0.663234 -0.049680 
-0.764266 -0.423288 -0.010938 
0.663818 -0.555694 -0.044437 
-0.196998 0.975451 -0.034976 
0.670149 0.670613 -0.084032 
0.942787 -0.285641 -0.027059 
0.493169 0.705407 0.045149 
-0.927277 0.370409 -0.046110 
-0.662424 -0.632055 -0.047249 
-0.098226 -0.906585 -0.053135 
0.024900 -0.926540 -0.074757 
0.347578 0.796161 -0.022668 
0.332988 -0.896009 0.094674 
-0.607270 -0.687739 -0.056893 
0.816833 -0.470238 0.094674 
0.778798 -0.340482 -0.051060 
-0.985303 -0.118984 0.067169 
0.520188 -0.835819 -0.015623 
0.001573 0.863953 0.042294 
0.811310 -0.264060 0.062890 
0.465110 0.872293 0.084506 
-0.386703 0.875757 0.094674 
0.807343 0.269337 -0.060195 
-0.978870 -0.189215 -0.040087 
0.646143 0.567768 0.094674 
-0.875167 -0.348593 -0.082164 
0.804337 0.374793 0.094674 
0.853757 0.065699 0.051184 
0.568881 -0.806838 -0.059117 
0.252970 -0.833743 0.094674 
-0.472623 0.878483 -0.050982 
-0.673251 -0.604882 -0.091526 
0.616904 0.608986 -0.016007 
-0.875122 -0.051372 -0.020535 
-0.593632 0.753754 0.094674 
0.932165 0.331324 -0.033168 
0.171976 0.920880 0.094674 
-0.765345 0.604531 -0.081790 
-0.100484 0.858640 -0.044976 
-0.313082 -0.936963 0.022916 
-0.701439 0.590707 0.094674 
-0.781424 -0.428442 0.094674 
-0.534889 -0.818306 0.094674 
-0.128986 0.987668 -0.053583 
-0.578227 -0.637574 0.052441 
-0.439132 -0.875839 -0.076274 
0.546047 -0.670938 -0.036677 
0.587138 0.637672 -0.091526 
0.853677 -0.061580 0.051592 
-0.850640 0.377231 0.094674 
0.670903 -0.619423 -0.053822 
-0.525802 0.678913 -0.083236 
0.985001 0.002381 -0.009269 
-0.324000 -0.874422 -0.078126 
0.861365 0.249164 0.094674 
0.947275 -0.264864 -0.064916 
0.675652 -0.722987 -0.043563 
0.362488 -0.848226 -0.073334 
-0.840480 0.370726 -0.048416 
-0.370403 -0.875680 0.094674 
-0.463310 -0.717981 -0.056653 
0.261143 -0.950297 0.026566 
-0.158427 0.956082 0.094674 
-0.540077 -0.708136 0.094674 
0.200204 -0.952472 0.094674 
0.475944 0.812437 -0.082675 
-0.905183 0.408329 0.085858 
0.694355 0.503004 0.090820 
0.465265 0.775411 0.094674 
-0.314000 -0.936685 0.094640 
-0.839765 0.292268 0.094674 
0.902446 -0.395041 -0.025825 
0.823178 0.298325 -0.091526 
0.033495 -0.896891 0.094674 
-0.772295 0.528145 -0.075400 
-0.907026 -0.399822 -0.012909 
-0.141459 -0.931598 -0.083407 
0.863049 0.141646 0.094674 
0.043070 -0.985235 0.017118 
-0.625808 -0.667819 -0.086806 
0.334385 -0.782128 -0.069918 
-0.800730 -0.546682 -0.082829 
-0.627679 0.586131 0.082524 
-0.541633 -0.684544 -0.016445 
-0.992002 0.032323 0.064491 
-0.778611 0.362519 -0.057592 
-0.359786 -0.829743 -0.091526 
-0.312437 0.827116 0.094674 
-0.102096 -0.981367 -0.009920 
-0.670274 0.557905 -0.006845 
-0.806525 0.554199 0.094674 
-0.707205 -0.692955 0.003731 
-0.855435 -0.169039 0.003336 
0.787466 0.340203 0.046430 
0.407934 -0.786964 0.094674 
0.939141 0.151827 0.094674 
-0.192081 -0.841437 0.024070 
0.937360 -0.299727 0.073669 
-0.612871 -0.599651 -0.091526 
-0.366278 -0.923711 -0.041514 
0.971300 0.163081 0.040568 
-0.906664 0.405061 0.016320 
0.572043 -0.801055 0.026833 
0.765535 -0.618326 0.093009 
0.984581 0.035338 -0.061779 
-0.434951 0.796992 -0.091526 
0.900615 -0.151855 -0.056170 
0.433744 0.847845 0.094674 
0.909007 0.044056 -0.046129 
-0.132890 0.858074 0.013607 
-0.501238 -0.852567 0.009625 
0.781942 0.505934 0.094674 
-0.927003 -0.351547 0.033956 
0.424633 -0.869395 0.094674 
0.124668 0.907198 -0.074033 
0.918841 -0.352027 0.016238 
0.862738 -0.065423 -0.034233 
0.417912 0.896257 0.016892 
-0.053403 -0.985158 0.082734 
-0.748157 0.461897 -0.091526 
0.029369 0.991809 -0.060276 
-0.203756 0.844932 0.005805 
0.225802 0.964546 -0.063729 
-0.822912 0.261427 0.055725 
-0.672257 0.534279 -0.075831 
-0.449216 0.800088 -0.048920 
0.927641 -0.338497 -0.056191 
0.115969 -0.979214 0.022535 
0.340830 0.851921 0.094674 
0.847134 0.505358 0.058876 
-0.585351 0.628241 -0.062910 
0.942394 0.201099 -0.082725 
0.856603 -0.028871 0.034717 
-0.827665 -0.224963 -0.086571 
0.647662 -0.550579 -0.080695 
0.708195 0.537040 0.094674 
0.117356 0.881141 0.094674 
0.843712 -0.119974 -0.091526 
0.604925 -0.780146 -0.030377 
-0.641962 -0.565774 -0.058034 
0.941982 0.288932 0.067689 
0.272100 0.859024 0.094674 
0.838310 -0.206727 -0.015521 
0.471672 -0.809294 0.094674 
0.013577 -0.857028 0.055184 
-0.943094 0.289593 0.094674 
0.769801 -0.373221 0.050793 
-0.842517 0.527414 -0.025447 
0.541584 0.698905 0.094674 
-0.761141 -0.393896 -0.048876 
0.183324 -0.835642 -0.091526 
-0.817516 -0.481836 0.094674 
0.899932 0.081834 -0.091526 
0.314553 -0.934048 0.017878 
-0.805601 -0.295712 -0.091526 
0.632398 -0.761825 -0.049567 
0.906980 -0.070963 -0.046281 
0.973278 -0.181457 -0.041310 
0.507296 0.748823 -0.091526 
0.629417 -0.643563 -0.091526 
-0.933982 0.337447 0.009913 
-0.874202 -0.466619 -0.021343 
-0.686059 0.605994 -0.091526 
-0.218218 -0.963101 -0.064497 
-0.713499 -0.480251 -0.043699 
-0.031267 -0.985883 0.041552 
0.055577 0.891289 -0.091526 
0.706911 -0.684747 0.082364 
0.870628 0.027689 0.094674 
-0.200713 -0.966892 0.086673 
0.187535 0.976439 -0.035905 
-0.003731 0.945823 0.094674 
-0.079157 0.972326 0.094674 
-0.219748 0.953736 -0.077599 
-0.583522 -0.713599 -0.063146 
-0.616495 -0.771387 -0.068599 
-0.391205 0.775749 0.019089 
0.231006 0.870575 -0.091526 
-0.803019 -0.579741 0.089775 
-0.816514 -0.273594 0.061190 
-0.487820 -0.862346 -0.028540 
-0.676298 0.730328 -0.003900 
-0.861670 0.032979 0.089505 
0.243425 -0.819031 0.063835 
0.575910 -0.762072 -0.083920 
-0.929375 0.349686 0.091031 
0.066733 -0.860883 -0.091526 
0.587172 -0.694549 -0.058991 
0.684254 0.532928 -0.035533 
-0.647901 0.618685 0.094674 
-0.866237 -0.301346 -0.071988 
0.851258 0.492382 0.094674 
0.767201 -0.618540 0.007809 
-0.651147 0.563819 0.068290 
-0.132354 0.897441 0.094674 
0.903446 0.111741 -0.045773 
0.142894 -0.855296 -0.017156 
-0.748833 -0.448991 0.094674 
0.746869 0.639764 -0.071062 
0.931565 0.208424 0.094674 
-0.679345 0.526323 0.078637 
-0.661847 -0.552908 0.093153 
0.139169 -0.953641 -0.082768 
-0.099871 0.934390 -0.081213 
0.634596 0.577468 0.052888 
-0.032721 0.990277 0.035922 
-0.813264 -0.422719 -0.046862 
-0.393248 -0.902645 -0.069350 
0.608778 0.778297 -0.065844 
0.769185 0.380597 0.046853 
-0.969815 0.099423 0.094674 
-0.889738 -0.434108 -0.066863 
-0.310207 0.942277 -0.013090 
-0.858416 0.009762 -0.059017 
-0.937732 -0.322348 0.094674 
-0.295258 -0.943263 -0.063784 
0.777547 -0.472046 -0.053518 
0.864254 0.187309 0.094674 
-0.952257 -0.225833 -0.078580 
0.477550 0.722036 0.007765 
0.984845 -0.002693 0.027192 
0.958073 0.229173 0.056818 
-0.013797 0.916098 -0.082114 
0.372233 -0.780338 0.005388 
0.520807 0.846794 -0.049158 
0.614717 -0.768743 0.090049 
0.577892 -0.636599 0.025727 
0.857974 -0.089753 -0.000919 
-0.767507 0.385284 -0.085732 
-0.335722 0.934479 -0.063017 
0.150304 -0.844074 0.050642 
-0.851624 0.109166 -0.060874 
-0.710624 -0.682907 0.094674 
-0.912171 -0.388465 0.093543 
-0.531637 -0.753520 0.094674 
0.122784 0.872494 -0.091526 
0.535028 0.672664 0.050172 
0.651025 0.558673 -0.091526 
-0.851424 0.222317 0.094674 
-0.163183 -0.933134 0.094674 
0.068206 -0.925840 -0.076634 
-0.990318 -0.068072 0.050267 
0.423734 0.893619 0.061383 
-0.622985 -0.739025 -0.083354 
-0.784923 0.364868 0.046450 
0.929479 0.253670 -0.082741 
-0.532981 -0.676200 0.048827 
0.011782 -0.986444 -0.064592 
0.376115 0.878937 0.094674 
-0.949000 -0.100286 0.094674 
0.845569 0.410117 -0.083326 
-0.974056 0.218879 -0.045466 
0.139119 -0.948349 0.094674 
-0.824727 0.345396 -0.091526 
0.965176 0.106855 0.094674 
0.614463 0.715998 -0.083630 
-0.411089 -0.802078 0.094674 
-0.312212 -0.795030 -0.091526 
-0.494564 0.792602 -0.075446 
-0.760007 0.402370 0.078218 
-0.809173 0.308510 0.094674 
0.398386 0.768213 0.015083 
0.668086 0.538851 0.092548 
0.140842 0.853355 0.033230 
0.946450 -0.269761 0.037403 
-0.654631 0.645603 -0.052468 
-0.105650 -0.983402 -0.061890 
-0.410836 0.758491 0.056949 
0.228861 0.908873 -0.079890 
0.480010 -0.712314 0.033931 
-0.967253 -0.219594 0.053306 
0.819446 -0.225914 -0.085629 
0.249448 -0.875935 -0.061171 
0.804812 -0.272686 -0.044991 
0.455292 -0.720358 -0.091526 
0.134648 -0.840857 -0.061016 
0.183436 0.858712 -0.091526 
-0.758615 -0.511196 -0.091526 
-0.238054 -0.819253 -0.068445 
0.712010 0.522597 -0.091526 
0.197374 0.950381 0.094674 
-0.284298 0.942056 -0.073894 
-0.373635 0.919258 0.062036 
0.459023 -0.820313 -0.083042 
-0.689912 0.685464 -0.081922 
-0.924966 -0.164793 -0.080548 
-0.857462 -0.335350 0.094674 
-0.804213 -0.383680 -0.091526 
-0.708461 -0.671658 -0.079298 
-0.958550 0.279605 -0.040812 
-0.193661 -0.918719 -0.082610 
0.628239 0.643588 -0.091526 
0.386375 -0.906104 0.034245 
-0.829168 0.440479 0.094674 
-0.011193 -0.869026 -0.011376 
-0.948548 0.060420 -0.083200 
0.799773 0.323653 0.010670 
0.118692 -0.898602 -0.091526 
-0.688325 -0.544039 -0.036768 
-0.859273 0.498672 -0.018189 
-0.757568 -0.614361 -0.079850 
0.059754 0.867508 -0.012390 
-0.192306 0.931727 0.094674 
-0.495000 0.701292 -0.064562 
-0.586669 0.664686 -0.091526 
0.782815 0.334981 -0.051414 
-0.264695 0.948590 0.094674 
0.525711 -0.668888 0.080249 
0.412790 0.748020 -0.086985 
-0.148341 -0.975796 0.060562 
0.500589 -0.686990 -0.086225 
0.909061 -0.031741 -0.054867 
0.498216 0.711116 -0.028819 
0.175656 -0.833269 0.080152 
-0.787183 0.606029 0.050844 
-0.604350 -0.783624 0.048584 
-0.914765 -0.335008 -0.081448 
-0.634519 -0.596776 -0.003595 
0.618743 -0.596114 0.094674 
0.808007 -0.295122 -0.091526 
0.297237 0.866217 -0.049692 
-0.623898 0.610663 -0.006672 
-0.648984 -0.633398 0.094674 
-0.812424 -0.324382 -0.016379 
-0.079865 0.858057 0.056265 
-0.260770 0.894090 -0.074720 
0.939569 0.296887 0.004533 
-0.200847 -0.847409 -0.017120 
-0.670925 -0.730971 -0.060471 
-0.742335 0.448135 0.036537 
-0.756124 0.643874 0.050625 
-0.955858 -0.265058 -0.017406 
0.971638 0.161035 0.092712 
0.108248 0.984417 0.085719 
-0.249723 -0.821173 0.055268 
-0.790385 0.336001 -0.082225 
0.555831 -0.812098 0.094674 
-0.062977 -0.857068 0.044087 
0.402263 -0.882838 -0.080074 
0.857901 0.486626 0.032453 
0.678002 0.585922 -0.091526 
0.852129 0.034101 0.067378 
0.884977 -0.288104 0.094674 
0.319859 -0.898218 -0.084309 
-0.136094 -0.969070 -0.075614 
-0.523642 0.754061 -0.090674 
0.836096 -0.152368 -0.073725 
0.766343 0.616868 0.094674 
0.864213 0.134826 -0.091526 
0.693384 -0.621578 -0.078539 
-0.855787 -0.409882 0.094674 
0.576470 -0.797883 0.062339 
0.222544 -0.963445 -0.040491 
0.001874 0.980931 -0.075955 
0.487636 0.839600 0.094674 
0.540919 0.702872 -0.091526 
0.259881 -0.950680 -0.010868 
0.299468 0.844961 -0.091526 
-0.947065 -0.013612 -0.083325 
-0.872785 0.074520 -0.039178 
0.410196 -0.895311 0.003666 
-0.582363 0.632871 0.084639 
-0.748667 0.540629 0.094674 
0.267781 -0.948284 0.074538 
0.349628 -0.920847 0.018321 
0.225644 0.963659 0.065210 
-0.635854 0.648857 -0.091526 
-0.665086 -0.540445 -0.091526 
0.586129 -0.703775 0.094674 
0.862922 0.296438 -0.051416 
-0.991593 -0.095046 -0.037240 
-0.989638 0.131952 -0.047117 
-0.692929 0.535395 -0.043716 
-0.369680 0.845016 0.094674 
0.874739 -0.451570 -0.063595 
0.680819 0.701199 -0.074656 
-0.359113 -0.868847 -0.082861 
0.327162 -0.789149 0.063235 
-0.742306 -0.481536 -0.091526 
0.481971 -0.744713 0.094674 
0.454519 -0.873512 0.067095 
0.201945 0.893860 -0.050250 
0.454984 -0.732519 0.013768 
0.877489 -0.292701 -0.075448 
-0.070911 0.904852 -0.091526 
-0.408093 0.904322 0.041749 
0.865309 -0.427055 0.094674 
0.269995 0.811485 -0.085803 
-0.841107 -0.231604 0.001000 
-0.550136 0.826601 0.007683 
-0.991226 -0.051606 -0.016646 
-0.039314 -0.981005 -0.070602 
-0.133502 -0.969666 0.094674 
0.268686 0.828178 -0.039519 
-0.602680 -0.785620 -0.024981 
-0.547795 0.828057 0.085446 
0.058864 0.950515 -0.083972 
-0.435861 0.854751 0.094674 
0.053065 -0.980214 0.094674 
0.379069 0.913856 -0.021416 
0.902129 -0.081851 0.094674 
-0.106628 -0.895162 -0.091526 
0.092898 -0.846725 -0.072041 
0.871354 0.466839 -0.028561 
-0.132641 0.982800 0.066993 
-0.903186 -0.408297 0.065705 
0.341536 0.801342 0.094674 
0.229776 -0.946978 -0.075708 
-0.307456 0.802560 0.073461 
0.085115 -0.977378 -0.071533 
-0.852205 -0.112182 -0.044524 
-0.583427 -0.788525 0.094674 
-0.010375 -0.883331 -0.091526 
-0.840864 0.281328 -0.091526 
-0.294404 -0.801155 0.082010 
0.835622 0.483555 -0.081095 
-0.445440 0.873931 -0.077130 
0.623645 0.581695 -0.077906 
-0.432672 -0.777256 0.094674 
-0.879889 -0.258331 -0.090711 
0.975467 -0.118252 -0.068566 
0.894577 0.317825 0.094674 
-0.103025 0.985717 -0.015507 
0.937796 -0.244068 0.094674 
0.704845 0.691395 0.019560 
-0.833589 -0.201202 -0.050709 
0.574199 -0.626861 -0.081416 
0.866940 -0.465273 0.030333 
0.130380 -0.911521 0.094674 
0.328086 -0.928955 0.070997 
-0.130227 -0.859834 -0.012593 
-0.560748 0.825301 -0.050730 
0.753756 0.402372 0.086459 
-0.881974 0.342593 -0.082594 
-0.770206 0.426401 -0.037173 
-0.396760 -0.905016 0.015837 
-0.873150 0.114825 -0.091526 
-0.261956 -0.908898 -0.083685 
-0.992971 0.001717 0.053760 
-0.950214 -0.283666 0.058176 
-0.878468 0.022303 -0.031954 
0.854949 0.053106 -0.091526 
-0.544456 0.715564 -0.091526 
0.800043 -0.436521 -0.055188 
-0.176203 -0.895247 -0.068684 
-0.629407 0.709751 -0.082318 
-0.594044 -0.729268 0.094674 
0.847035 -0.409544 -0.082986 
0.323093 0.791597 -0.060140 
-0.357348 -0.840614 0.094674 
0.013073 0.990659 0.060580 
0.209673 -0.845119 -0.024564 
-0.338619 -0.806456 -0.032653 
0.294813 -0.926773 -0.076191 
0.746909 0.422950 -0.044976 
-0.306416 0.905995 0.094674 
-0.327901 -0.803259 0.004414 
0.751581 0.516183 -0.089039 
0.852298 -0.492612 0.052279 
0.622972 -0.594688 0.017606 
0.815611 -0.558407 -0.055739 
-0.514456 0.768161 0.094674 
-0.406603 0.771251 -0.019551 
-0.573102 0.788480 -0.081676 
-0.733366 -0.672716 -0.054125 
-0.796122 0.600417 -0.055966 
0.545618 -0.743922 -0.073290 
0.588075 0.794009 0.078624 
-0.795694 -0.327295 0.088227 
-0.942826 -0.290883 -0.071810 
0.723605 -0.674057 -0.035974 
0.469856 0.717201 0.063673 
0.251288 -0.918671 0.094674 
0.235484 0.835136 0.001722 
0.914931 0.366857 -0.019855 
-0.967245 -0.215756 0.094674 
-0.169467 0.901192 -0.050417 
-0.232418 -0.927073 0.094674 
0.853855 0.317450 -0.086270 
0.755555 0.418214 0.008561 
0.329180 -0.848550 -0.045083 
-0.851412 -0.507769 -0.064585 
0.918829 0.108797 -0.075511 
-0.492007 -0.719654 -0.011473 
0.824175 0.551601 -0.049068 
0.522684 0.749819 -0.046296 
0.537592 0.664741 0.085020 
-0.914404 -0.031056 0.094674 
0.892625 -0.174932 -0.086633 
0.777091 0.608601 -0.006331 
0.959367 -0.219182 -0.020129 
-0.917331 0.093799 -0.060383 
-0.995054 0.073634 -0.048879 
-0.705695 -0.608032 0.094674 
-0.474389 0.718255 0.069315 
0.604922 0.608312 0.056655 
0.694242 -0.651534 0.094674 
-0.748337 0.455261 -0.011518 
-0.219297 0.843776 -0.044976 
-0.783570 -0.591739 -0.076071 
0.814163 0.292141 -0.016141 
0.660890 0.560705 -0.017555 
-0.262079 0.849922 -0.091526 
0.796374 0.548086 0.094674 
-0.929284 0.349930 0.052402 
-0.434305 0.892446 -0.018160 
-0.352191 0.785121 0.068103 
-0.240602 -0.959813 -0.030367 
0.646636 0.718573 0.094674 
0.390730 0.762705 0.086987 
-0.929282 0.346279 -0.066456 
-0.735559 -0.550843 0.094674 
-0.595600 0.725968 -0.077835 
-0.531899 0.690429 0.094674 
0.146226 0.846934 0.063982 
-0.978751 0.155563 -0.067030 
-0.780632 -0.426828 -0.091526 
0.948282 -0.048545 -0.083880 
-0.823358 0.505854 0.094674 
-0.256467 0.818415 -0.091186 
-0.651714 0.751514 0.031286 
0.984238 0.025691 0.051667 
0.092738 0.975915 -0.075817 
0.683837 -0.707875 -0.017169 
0.360731 0.779685 0.058680 
-0.843056 0.167556 0.077897 
-0.959387 0.257769 -0.007883 
-0.581941 -0.627756 -0.044817 
-0.834893 -0.383425 0.094674 
-0.587816 -0.642101 -0.002584 
0.903246 0.351172 -0.080615 
0.728094 0.448838 0.065766 
0.141872 0.985421 -0.045972 
0.955847 -0.232689 -0.065267 
-0.385720 -0.823611 0.094674 
0.849913 -0.020250 -0.086323 
-0.800839 -0.582784 0.026800 
0.967686 0.004225 -0.080900 
0.207872 -0.830692 0.055365 
-0.923796 0.165500 -0.079211 
-0.856810 -0.051317 -0.047947 
0.900297 -0.090293 -0.091526 
0.084182 0.897006 0.094674 
0.326161 -0.864666 -0.073873 
0.568570 -0.635506 0.086614 
0.256947 0.824910 0.031879 
0.650368 -0.708331 -0.081962 
-0.986362 0.112679 0.009718 
-0.715206 0.484767 0.054028 
0.267476 -0.808481 0.083313 
0.730422 0.490832 0.094674 
-0.579623 -0.801343 0.041370 
-0.334002 0.803720 -0.091526 
0.850011 0.096417 0.055588 
-0.303431 -0.804038 0.051226 
0.250689 0.957820 -0.002443 
0.616702 -0.748419 -0.079424 
0.307067 0.946494 -0.045539 
0.836356 0.218509 -0.013678 
0.189244 -0.891107 -0.048836 
-0.626612 0.595158 -0.091526 
0.896028 0.183873 -0.061348 
0.756915 -0.631877 0.034028 
-0.221400 0.966510 0.080010 
-0.379891 -0.765315 -0.046169 
0.862913 -0.266141 0.094674 
-0.872503 -0.075334 -0.091526 
0.093396 0.857977 0.042946 
0.238048 0.824983 0.063997 
0.927277 -0.130642 0.094674 
0.512163 0.845251 0.043213 
-0.016090 -0.986380 0.070339 
0.646327 -0.579556 -0.031116 
-0.707975 -0.490543 0.055536 
-0.573747 -0.801558 -0.071070 
0.578900 0.753660 0.094674 
0.256565 0.878118 -0.065527 
0.170934 0.975189 0.031986 
0.329050 0.922129 0.094674 
-0.736284 0.671729 -0.038581 
-0.604382 0.612917 0.070660 
-0.241846 -0.957301 0.047945 
0.528211 -0.820387 -0.074103 
-0.699047 0.499260 -0.075507 
0.377160 -0.910280 0.085952 
0.400989 0.754295 -0.057999 
-0.161995 0.860378 -0.022690 
0.682641 0.713438 0.045243 
0.821068 0.223849 -0.068081 
-0.811267 0.281827 -0.058643 
0.896030 0.066238 0.094674 
0.528671 0.683970 0.016726 
-0.730017 -0.448602 -0.072386 
0.971631 -0.067714 -0.077402 
0.944672 0.288169 -0.059175 
-0.644308 -0.594654 -0.034882 
0.859079 0.098455 -0.024271 
-0.054465 0.916983 -0.054014 
0.678923 0.716919 -0.016800 
0.947472 0.144182 -0.083478 
0.362174 -0.921977 -0.039155 
-0.377754 -0.839903 -0.064288 
0.459002 0.875557 0.008648 
-0.733009 0.511125 0.094674 
-0.161651 -0.978254 -0.037956 
-0.861036 -0.049917 0.057702 
-0.836497 0.237998 -0.091526 
-0.501981 0.714753 -0.028805 
-0.707418 -0.697621 -0.033632 
0.082851 -0.958422 0.094674 
-0.345394 0.929887 0.067537 
0.016075 -0.851947 -0.050164 
0.834889 0.284219 0.094674 
0.214574 -0.832097 -0.091526 
0.414145 0.891897 -0.072695 
-0.095779 0.986431 0.069586 
0.880819 -0.439306 0.008986 
-0.559579 -0.746860 -0.077551 
0.255352 0.960881 -0.052266 
0.897076 -0.224435 0.094674 
0.739024 0.654902 0.062721 
0.001548 0.862206 -0.091526 
-0.922615 -0.176159 0.094674 
0.516984 0.842254 0.086550 
-0.036260 0.871550 -0.040871 
0.040255 0.866494 0.013726 
-0.077177 -0.983821 0.051605 
-0.861185 -0.022997 0.088329 
0.880237 -0.233181 -0.052404 
0.601130 -0.779893 0.062901 
-0.687997 -0.535455 -0.005889 
0.806434 0.280737 0.067660 
0.642576 -0.607031 -0.091526 
0.581499 0.626080 0.075404 
0.871789 0.460642 0.093173 
-0.754244 -0.641723 0.012460 
0.840033 -0.509419 -0.064648 
0.701934 0.662682 -0.082820 
-0.453766 -0.878181 0.038865 
0.172837 -0.970641 -0.063445 
0.358179 -0.803754 -0.091526 
-0.767832 0.629608 0.074844 
0.983490 0.048548 0.010246 
-0.061568 0.967381 -0.082725 
0.170135 -0.967259 0.094674 
0.714852 -0.486565 -0.044096 
-0.552852 -0.826574 -0.047833 
0.046932 0.983317 0.094674 
0.815869 -0.538522 0.094674 
0.501562 -0.721499 0.094674 
-0.923255 0.186792 0.094674 
-0.917640 -0.376395 0.016146 
-0.537271 -0.686723 -0.091526 
-0.779899 -0.359884 0.085844 
-0.775890 0.471748 0.094674 
-0.916167 -0.379645 0.057125 
0.790746 -0.592736 -0.034687 
-0.578442 0.806631 -0.023071 
-0.821936 -0.273920 0.031359 
0.648972 -0.593923 0.094674 
-0.876887 0.047622 -0.091526 
-0.464098 -0.878954 -0.046388 
-0.983028 -0.027646 -0.076137 
-0.213712 -0.831295 0.054630 
-0.498551 0.861984 -0.032506 
-0.698218 0.711048 -0.059024 
-0.347662 -0.924592 0.087546 
-0.535664 0.674745 0.067116 
-0.898639 0.061853 0.094674 
-0.713724 -0.500117 -0.000447 
0.851029 0.339587 0.094674 
-0.112391 -0.948049 0.094674 
0.957953 -0.225245 0.080191 
-0.340303 -0.927361 -0.015847 
-0.468717 0.788435 -0.091526 
0.798317 -0.575164 0.055898 
0.821017 -0.542916 -0.013753 
0.844284 0.154006 -0.044976 
-0.992236 0.025192 -0.005622 
0.824349 0.226865 0.061441 
0.799808 0.446500 0.094674 
-0.837592 0.215304 0.049037 
-0.553919 0.686936 -0.091526 
-0.988025 -0.091346 0.078889 
0.969482 -0.169648 0.068059 
0.041543 -0.988717 -0.056058 
-0.920537 0.034347 -0.059772 
-0.887622 0.407210 -0.080879 
-0.272573 -0.809010 -0.045080 
-0.198676 -0.872023 0.094674 
-0.848748 -0.224909 -0.031169 
-0.605113 0.787519 0.063513 
-0.123740 0.983677 0.030078 
0.763503 -0.613093 -0.070762 
0.068397 0.993719 -0.046023 
-0.642639 0.580990 0.038700 
0.442865 0.730549 0.080868 
0.591646 0.660158 0.094674 
0.753383 -0.637775 -0.014318 
0.582332 -0.624828 0.059840 
-0.370329 0.920502 0.004801 
0.828150 0.237451 0.024119 
-0.786429 -0.516572 -0.081685 
0.944361 -0.276648 0.007216 
0.921087 -0.346058 0.061490 
-0.591247 0.670246 0.094674 
0.145911 0.843609 -0.052581 
0.874689 -0.141345 0.094674 
-0.659400 0.739078 -0.067621 
-0.820009 0.436555 -0.071875 
0.028587 0.932767 0.094674 
-0.519374 -0.772010 -0.075827 
0.209790 0.829511 -0.050888 
0.062612 -0.857423 0.039328 
-0.822216 0.367963 0.094674 
0.646247 -0.742867 0.041227 
-0.683802 -0.616950 -0.061640 
0.775986 -0.481587 0.094674 
0.725676 0.552132 -0.051727 
0.383578 0.789751 -0.091526 
-0.825453 0.377067 -0.091526 
0.083014 -0.982460 0.071962 
0.167087 0.876931 0.094674 
0.886085 0.432864 0.066771 
-0.322414 0.838952 -0.091526 
-0.334332 -0.785705 -0.073921 
-0.075206 -0.849053 -0.084762 
-0.043285 0.992590 -0.031921 
-0.744913 -0.447736 0.012053 
-0.000102 -0.852231 0.082957 
-0.171113 0.847828 0.094674 
0.661353 0.640360 0.094674 
0.916252 -0.299312 0.094674 
-0.639080 0.705356 0.094674 
0.518161 -0.710289 -0.091526 
-0.409735 0.907583 -0.030976 
0.855582 0.012427 0.042712 
0.755719 -0.505612 -0.045544 
0.780670 -0.341031 0.071380 
-0.875003 0.208507 -0.091526 
0.818816 0.550898 0.042071 
-0.814446 -0.355899 -0.091526 
-0.447006 0.765751 -0.091526 
-0.601468 0.761368 -0.082702 
-0.643939 0.568021 -0.059515 
-0.849876 0.207561 -0.007431 
-0.967476 -0.040277 0.094674 
-0.859103 0.137831 0.018028 
0.686432 0.521316 0.027677 
0.318076 0.809574 -0.031676 
