0.709278 0.652027 -0.090472 
-0.744667 -0.640447 0.104437 
0.648236 -0.748791 -0.054574 
-0.671324 0.734766 -0.047142 
0.976206 -0.059025 0.104437 
0.042997 0.991081 0.070768 
-0.079331 -0.983922 -0.055852 
-0.989781 0.050778 -0.055348 
0.269549 -0.816421 0.104437 
-0.889585 0.417213 0.104437 
0.905171 0.347741 0.104437 
0.761944 -0.351286 -0.088169 
0.436062 0.884835 0.104437 
-0.403148 -0.730822 -0.095204 
-0.272245 0.802785 -0.100472 
-0.820987 -0.308285 -0.100472 
0.833189 0.121893 -0.092779 
0.231671 0.842907 -0.100472 
-0.317239 -0.918871 0.104437 
-0.458217 0.875937 0.104437 
0.808393 -0.557317 0.104437 
-0.708739 0.459361 -0.100472 
-0.941748 -0.168924 0.104437 
0.750096 0.384639 -0.099821 
0.932295 -0.324748 0.103682 
-0.610263 -0.573503 -0.100472 
0.544545 0.655462 0.104437 
0.167614 -0.941720 -0.091095 
-0.205496 0.969264 0.104437 
-0.558366 -0.808162 0.088452 
0.423233 -0.870283 -0.086728 
-0.805894 0.234366 -0.049726 
0.457242 0.752723 -0.100472 
0.834839 -0.116961 -0.100472 
-0.841710 -0.424448 0.104437 
0.477305 -0.704214 0.104437 
-0.039031 0.843176 -0.091243 
0.758075 0.532748 0.104437 
-0.669814 0.562684 0.104437 
0.000124 -0.840987 0.102207 
-0.966296 0.200240 0.103284 
-0.832232 -0.089797 -0.074850 
0.655471 -0.533720 -0.100472 
-0.212038 -0.819512 -0.100472 
-0.814921 -0.525889 -0.086165 
0.978583 0.147332 0.064546 
-0.457479 0.707750 -0.079239 
0.224226 0.882137 0.104437 
-0.838224 0.039250 0.083109 
0.934001 0.296529 -0.082455 
0.145710 -0.971805 0.098839 
-0.517106 0.677722 0.104437 
0.619948 -0.574315 0.104366 
0.983902 0.009562 -0.078095 
-0.278900 0.797579 0.093475 
0.952006 -0.262387 -0.071178 
-0.556711 -0.622692 0.088022 
-0.385987 -0.741594 0.093861 
-0.898880 0.398395 -0.078438 
0.474706 -0.694203 -0.100472 
-0.184816 0.962935 -0.083230 
-0.433022 0.888789 -0.075522 
-0.650648 -0.743705 -0.053874 
-0.380863 -0.909551 -0.064197 
0.826600 -0.178527 0.100460 
0.841401 0.534294 -0.058780 
-0.056377 0.846353 0.097909 
0.760383 -0.368858 0.102118 
0.589769 0.797753 0.009266 
0.433436 -0.883190 0.088618 
0.836596 -0.527968 -0.065324 
0.024044 -0.834149 -0.070542 
-0.178206 -0.817626 0.078314 
-0.792642 0.592551 -0.027540 
0.387599 0.908797 -0.077278 
0.094614 0.967594 -0.089800 
-0.802127 -0.255640 0.059735 
0.818687 0.197526 0.090872 
0.251614 -0.796492 -0.067828 
-0.682943 -0.492401 0.054617 
-0.968563 -0.187672 -0.069115 
0.711255 0.691175 0.075664 
-0.601849 0.588231 -0.100211 
0.849861 0.026968 0.038923 
-0.135668 -0.972907 0.102715 
-0.802645 0.277915 0.104437 
0.636824 -0.745796 0.104437 
-0.834693 0.076597 -0.078695 
-0.732315 0.424225 0.058915 
-0.968426 0.205854 -0.064124 
0.553829 0.637462 -0.056853 
0.422178 0.738977 0.055248 
0.300337 -0.936041 -0.012972 
-0.519335 -0.829967 -0.076867 
0.088084 0.850462 0.031968 
0.754096 0.382975 0.075504 
-0.673427 0.718006 0.104437 
-0.230988 -0.960983 -0.047826 
-0.985384 -0.011196 0.083082 
0.752551 -0.641889 -0.006797 
-0.933734 -0.311830 0.016442 
-0.334085 0.933128 0.037420 
0.695455 0.515071 -0.029323 
-0.570511 0.809142 0.031720 
0.370225 -0.765365 0.011544 
0.130351 -0.834031 0.038941 
-0.045105 0.996706 -0.044023 
0.909230 -0.398304 -0.048348 
0.230254 0.965149 -0.025923 
0.980998 -0.122313 -0.023545 
0.539665 -0.822962 0.016630 
0.012480 -0.982397 0.052114 
-0.727815 -0.410380 -0.051217 
0.698294 -0.483220 0.030723 
-0.175789 0.840143 0.008567 
0.802465 0.256429 -0.056485 
0.304164 0.803221 0.011789 
0.822005 -0.236284 -0.026308 
-0.524377 -0.678413 -0.035228 
-0.740329 -0.641008 -0.076083 
-0.821103 0.550891 0.099435 
-0.936409 0.312694 0.030128 
0.901074 0.411523 -0.016884 
0.557594 -0.643034 0.005284 
-0.404734 0.744286 0.067843 
-0.836229 -0.092446 0.068017 
-0.819375 -0.543968 0.052056 
-0.444982 -0.875630 0.080719 
0.879326 -0.447116 0.095340 
0.962037 0.146669 -0.087293 
-0.105400 -0.850315 -0.034101 
-0.285651 -0.800788 0.003615 
-0.889918 -0.432061 -0.042224 
0.104248 0.837905 -0.098096 
-0.535459 0.807764 -0.090395 
-0.761987 0.354159 -0.053175 
0.629623 0.565539 0.077625 
0.966646 -0.203490 0.092263 
-0.828690 0.162994 0.058989 
0.324725 0.937918 0.052760 
-0.077418 0.977113 0.104437 
0.048095 -0.977456 -0.075738 
-0.309849 0.929831 -0.084476 
0.499905 0.864140 -0.049310 
-0.659727 -0.728073 0.085753 
0.867283 0.479329 0.077690 
-0.592661 0.613885 0.026558 
0.853572 0.003987 -0.100472 
0.337690 0.774065 -0.099477 
0.618340 0.732210 -0.090640 
0.280786 -0.936329 0.104437 
-0.984231 -0.075731 -0.031897 
-0.675242 0.531863 -0.012679 
-0.856368 0.493452 -0.013766 
-0.835950 -0.202921 -0.041208 
0.164110 0.978450 0.072193 
0.513008 0.794369 0.104437 
0.717199 -0.646693 0.104437 
-0.364352 0.785219 -0.034163 
0.779407 0.613098 0.025457 
0.135893 -0.823748 -0.093500 
0.513437 -0.800558 -0.092571 
0.850932 -0.082869 0.011416 
0.955419 0.261123 0.022287 
-0.752910 0.641284 0.089295 
-0.150517 0.859025 -0.100472 
0.988305 0.034468 0.046930 
-0.704502 0.627607 -0.091479 
0.352000 -0.765196 -0.100472 
0.637599 -0.638773 -0.073409 
-0.704722 -0.505785 -0.100472 
-0.748903 -0.380931 0.065736 
-0.625001 -0.574334 0.011705 
-0.981524 0.092483 0.049403 
0.734436 -0.459085 -0.100472 
-0.566984 0.704535 -0.100472 
0.614442 0.753236 0.104437 
-0.903188 -0.007491 -0.081774 
-0.146270 0.980840 0.014385 
-0.487492 -0.700853 0.104437 
-0.923861 -0.289674 -0.086698 
0.797363 -0.274731 0.069132 
0.623703 0.568374 -0.092915 
0.349392 0.819987 0.104437 
-0.346564 -0.818838 -0.100472 
-0.227930 -0.955160 0.060239 
0.198712 0.838008 -0.002898 
0.891467 0.094808 0.104437 
0.852082 -0.304974 -0.099645 
-0.881114 0.167745 -0.100472 
-0.161043 0.870635 0.104437 
0.406803 -0.784614 0.104437 
-0.277673 -0.808548 0.104437 
-0.884410 -0.311003 0.104437 
0.843450 0.150250 0.005811 
0.840728 0.343448 -0.089280 
0.199396 -0.962598 0.014855 
-0.930753 0.296752 -0.081510 
0.029298 0.896756 0.104437 
-0.309847 -0.932135 0.006018 
0.494625 0.702230 -0.011549 
-0.853074 -0.016321 0.002535 
-0.491146 0.860637 -0.001270 
0.568889 -0.668757 0.104437 
-0.494730 0.699546 0.011594 
-0.431022 -0.732129 0.007409 
-0.005439 0.860959 -0.001041 
0.924915 -0.165322 -0.091105 
0.632822 -0.570622 0.007558 
0.796420 0.304752 0.035393 
0.188445 -0.884418 0.104437 
-0.799035 0.520502 -0.092701 
-0.651929 -0.611182 0.104437 
-0.108456 -0.879661 0.104437 
0.739825 -0.598361 -0.092385 
-0.702998 -0.686714 0.009979 
0.265482 -0.891027 -0.090677 
0.740883 0.432383 -0.010413 
0.884855 0.202102 -0.072274 
0.464157 -0.712770 0.009630 
0.901312 0.244051 0.104437 
0.922862 -0.063902 -0.085257 
0.871217 -0.072473 0.104437 
-0.767111 -0.614297 0.013463 
-0.577253 -0.794627 -0.009525 
0.758296 0.567318 -0.092001 
0.904327 0.071856 -0.054210 
-0.511524 0.792328 0.104437 
-0.763396 -0.484157 0.104437 
0.671272 0.730096 -0.000824 
0.082135 -0.901911 0.104437 
0.761641 -0.386584 -0.000535 
0.834802 -0.435803 -0.092739 
-0.056605 -0.898460 -0.098905 
-0.838259 0.306941 -0.100472 
-0.244291 0.961028 -0.010270 
0.539027 -0.789067 0.104437 
-0.902549 0.126775 0.104437 
-0.234028 0.878643 -0.054305 
-0.784613 -0.336900 -0.009087 
0.932691 -0.323694 0.009850 
-0.257926 0.891497 0.104437 
0.787083 -0.461390 0.104437 
0.566650 -0.702221 -0.084025 
-0.776005 0.343904 0.039771 
0.166928 0.899844 -0.065202 
0.008510 0.921687 -0.077409 
-0.613927 -0.658784 -0.058707 
-0.143450 -0.971622 0.010419 
-0.156526 -0.928784 -0.092372 
0.094586 -0.977847 0.009831 
-0.294136 -0.894203 -0.092305 
-0.282405 0.812901 -0.003216 
-0.807997 -0.399279 -0.094195 
0.752214 0.476119 -0.100472 
-0.447571 -0.874247 -0.010493 
0.089123 -0.898141 -0.058890 
-0.800350 0.424471 -0.095874 
0.037793 -0.846211 0.019853 
-0.425258 0.795867 -0.100472 
-0.962957 -0.204876 0.024040 
0.299786 0.928137 -0.088026 
0.113791 0.985639 -0.003231 
0.231578 -0.816171 0.018144 
-0.901730 -0.392963 0.039552 
-0.920083 -0.081380 0.104437 
-0.347758 0.854624 0.104437 
0.394423 0.770194 -0.030308 
-0.471587 -0.793044 0.104437 
-0.894858 0.254103 0.104437 
-0.080811 0.921341 -0.081723 
0.135233 0.885930 0.104437 
0.381153 -0.906879 0.021101 
0.346042 -0.876556 0.104437 
-0.749760 0.498874 0.104437 
0.720281 -0.555357 0.104437 
-0.835719 -0.187574 0.104437 
0.845883 -0.341288 0.104437 
0.802270 -0.572534 0.014615 
0.703114 0.472527 0.071561 
-0.978500 -0.113506 0.046744 
-0.586275 0.747358 0.104437 
0.634211 0.662127 0.104437 
-0.432635 -0.829437 -0.091168 
0.709173 0.608955 0.104437 
-0.504141 -0.732482 -0.100472 
0.984404 0.097418 -0.019154 
-0.092018 0.854511 -0.023346 
0.589910 0.620100 0.022976 
-0.415591 0.899433 0.013988 
-0.713181 0.685525 0.026823 
0.553913 0.789021 -0.091474 
-0.805165 0.403217 0.104437 
0.834433 0.455087 -0.092500 
0.871518 -0.252009 0.104437 
-0.918479 0.090300 -0.083760 
0.963880 -0.215354 -0.001491 
-0.848152 0.104143 0.000478 
-0.632002 0.650687 -0.051260 
-0.968862 0.185824 0.018049 
0.336808 -0.847730 -0.077866 
-0.939175 -0.112381 -0.093390 
-0.044849 -0.949700 0.104437 
0.827862 0.545435 0.043784 
-0.641157 0.756379 0.028068 
-0.689614 -0.579033 -0.051173 
-0.919203 0.041965 0.104437 
-0.379686 -0.824258 0.104437 
0.684149 -0.708352 0.046744 
0.259621 0.958075 0.100980 
0.929929 0.340716 0.016264 
0.537462 0.708011 -0.100472 
0.421703 0.833825 -0.088358 
0.325881 0.849568 -0.053187 
0.844219 -0.509447 0.047017 
-0.728611 0.456860 -0.016590 
-0.907748 0.389365 0.021501 
-0.359938 0.851876 -0.082095 
-0.569591 -0.728467 0.104437 
0.987610 -0.046006 0.005687 
0.404370 0.906042 0.002806 
0.561003 -0.621100 -0.096106 
0.514764 0.848129 0.029519 
-0.591968 0.645078 0.104437 
0.408124 -0.729866 -0.051404 
-0.511291 -0.838512 0.025577 
0.870969 -0.225604 -0.100472 
0.036109 0.995811 -0.039789 
0.797609 -0.311524 -0.008078 
-0.861184 -0.474759 0.044091 
-0.884051 -0.176112 -0.100472 
0.727686 0.673631 -0.012830 
0.970730 0.219465 -0.053555 
0.921383 -0.135690 0.104437 
0.904790 -0.393638 0.040648 
0.245116 0.812966 0.065686 
-0.528262 0.655628 -0.049780 
0.603913 -0.777829 0.033326 
0.822644 0.352925 0.104437 
0.707659 -0.694912 -0.046898 
-0.913001 0.332066 0.104437 
-0.196402 -0.831988 -0.023201 
-0.064321 -0.839305 0.051783 
-0.814560 0.239433 0.035760 
-0.611255 0.784074 -0.063623 
-0.386772 -0.902808 0.034548 
-0.373663 -0.770697 -0.030514 
0.833673 -0.174745 0.021491 
0.642390 0.643796 -0.049784 
-0.672034 0.552831 -0.100472 
0.481673 -0.857818 -0.023182 
-0.845178 -0.123022 -0.003595 
-0.215748 -0.881241 0.104437 
-0.947833 -0.265353 0.100249 
-0.569568 -0.629372 0.010945 
0.920431 0.022891 0.104437 
0.235492 -0.959445 -0.053091 
-0.807859 -0.319004 0.104437 
0.360880 -0.920815 -0.057555 
-0.760550 -0.483722 -0.052519 
0.742210 -0.515998 -0.049869 
0.495689 0.714113 0.104437 
-0.892640 -0.359171 -0.090389 
-0.553499 -0.638913 -0.100472 
-0.417457 0.812057 0.104437 
-0.426940 0.743343 -0.004556 
0.403421 -0.805972 -0.052125 
0.167381 -0.839572 -0.026719 
0.708701 -0.470713 0.104437 
0.800557 0.456911 0.104437 
-0.586581 -0.748223 -0.092961 
0.641740 -0.646228 0.104437 
0.980753 -0.124507 0.059839 
-0.067149 -0.980218 0.018143 
-0.680742 0.503532 0.059755 
0.825759 0.222622 0.013639 
0.299609 -0.790856 0.034664 
-0.128978 -0.826232 -0.100472 
-0.027838 0.991467 0.047992 
0.900355 0.413110 0.057430 
-0.119814 0.990520 -0.054142 
0.964573 0.083034 0.104437 
-0.768152 -0.558032 0.104437 
0.163006 0.980807 -0.065044 
0.194528 -0.812721 0.087763 
0.049723 0.847336 -0.047808 
0.697525 0.585103 -0.054546 
0.777078 0.325948 -0.056942 
-0.509197 -0.673182 0.036411 
-0.519489 0.745023 -0.055794 
0.098859 0.957445 0.104437 
0.862064 -0.004371 -0.025866 
-0.876377 0.250547 -0.066405 
0.640795 0.574048 -0.001252 
0.499669 -0.847832 0.087490 
0.912878 0.366014 -0.079963 
0.869304 0.475548 -0.003852 
0.204869 -0.845274 -0.100472 
-0.365806 0.923832 -0.038763 
0.966679 0.206693 0.104437 
0.865595 0.273694 -0.088992 
-0.845099 0.166803 -0.035549 
-0.386958 0.912406 0.085804 
-0.206330 0.820102 0.079624 
-0.849888 -0.242093 -0.100472 
-0.346827 0.779422 0.035522 
0.275869 0.798102 -0.059121 
-0.644983 -0.539620 0.100756 
-0.674801 0.646043 0.104437 
-0.678893 -0.518060 -0.014622 
-0.625340 -0.757482 0.029920 
0.015334 -0.905370 -0.070385 
-0.746337 0.569343 -0.089948 
-0.850979 0.477573 0.104437 
-0.683515 -0.683121 -0.087221 
-0.118065 0.842160 0.055013 
-0.984399 0.120930 -0.043373 
0.690366 0.511715 -0.100472 
0.832633 -0.360013 -0.058872 
-0.758052 -0.568128 -0.092763 
0.129756 0.852904 -0.027058 
0.226285 0.927282 -0.092486 
0.801751 -0.248893 -0.092949 
0.836531 0.272506 0.104437 
-0.955227 0.247711 0.052084 
0.834214 0.128431 0.080238 
-0.846179 -0.502432 -0.027332 
-0.971291 -0.025587 -0.086055 
-0.454855 -0.699888 -0.058773 
0.775913 0.626610 -0.058437 
0.075794 -0.979698 0.082668 
-0.807336 0.303436 -0.035367 
-0.873398 -0.017794 0.104437 
-0.274074 -0.787896 -0.090876 
0.318704 0.940152 -0.017163 
0.796168 0.590732 0.093634 
0.088778 0.905421 -0.053319 
-0.721420 0.685880 -0.051893 
0.876859 -0.458291 -0.031822 
0.577386 -0.801357 -0.063949 
-0.821004 0.551050 0.029584 
0.655817 -0.529941 0.060535 
0.414729 -0.733622 0.054945 
-0.800555 -0.579404 -0.038649 
-0.139585 0.936969 0.104437 
0.672772 0.524679 0.036695 
0.727912 -0.445600 -0.019872 
-0.275206 0.952326 0.069231 
-0.811486 -0.270747 -0.042849 
-0.045040 -0.833279 -0.078144 
0.837543 -0.163524 -0.049245 
0.797610 -0.588597 -0.055649 
0.339452 -0.799799 0.104437 
-0.844723 0.342239 0.104437 
0.213381 -0.959337 0.093826 
-0.721925 -0.441676 0.028807 
0.514018 -0.671120 -0.048807 
-0.762284 -0.343855 -0.097395 
-0.469370 -0.768213 -0.053257 
0.935438 -0.328054 -0.060036 
-0.984945 0.034267 0.011067 
-0.844597 -0.503427 0.104162 
-0.619740 -0.675599 0.104437 
0.288383 0.858019 0.104437 
-0.224677 -0.881442 -0.074248 
0.438293 0.816614 0.104437 
0.852924 0.083932 -0.005437 
-0.010098 0.958591 0.104437 
-0.519075 0.843355 0.060686 
-0.912689 -0.367896 -0.022279 
-0.867666 0.458211 -0.080223 
0.149840 0.837599 0.055944 
0.098461 -0.833430 0.098391 
-0.951274 -0.254008 -0.020681 
0.848361 0.042495 0.104437 
-0.137661 -0.835358 0.023044 
-0.334316 -0.773817 0.041340 
-0.893410 -0.377626 0.104437 
-0.838026 0.007070 -0.088624 
-0.882535 -0.235596 0.104437 
0.770594 -0.615495 0.078505 
0.573576 0.809357 0.073137 
-0.024831 -0.962827 -0.088182 
0.518207 -0.665059 0.054285 
0.357364 0.771848 0.059092 
0.946784 0.289589 0.087377 
0.514975 0.750990 -0.053184 
0.574267 -0.615491 0.063519 
0.973045 0.180878 0.000540 
-0.456706 0.725123 0.104437 
-0.030285 -0.850963 -0.004006 
-0.324078 0.924432 0.104437 
-0.359908 0.762368 -0.096215 
0.022639 0.849843 0.057816 
-0.538852 0.657957 0.045331 
-0.231630 0.811567 -0.049208 
-0.747487 0.513211 -0.052161 
-0.840112 0.209354 0.104437 
0.820060 0.192049 -0.066345 
-0.635756 0.573527 -0.044313 
0.138648 -0.978293 -0.045350 
0.612979 -0.570209 -0.066840 
0.514934 0.679017 0.045973 
0.679738 0.712763 -0.080221 
0.490368 -0.756649 -0.050231 
-0.821521 0.380525 -0.052083 
0.783208 -0.451260 -0.053682 
0.781006 0.359689 -0.001470 
0.440275 -0.879945 0.021801 
-0.821398 -0.159902 -0.096274 
0.313339 -0.797711 -0.027994 
0.816810 0.397509 -0.063589 
-0.737735 0.402608 -0.087840 
0.685112 -0.590874 -0.059567 
0.334327 -0.924621 0.063490 
-0.490167 0.860126 -0.070319 
0.613070 0.788460 -0.049764 
-0.874390 0.459736 0.037603 
-0.711285 -0.529036 0.104437 
-0.923178 -0.226151 -0.092871 
0.493715 0.857513 0.104437 
0.349581 0.910019 0.104437 
-0.291411 0.861594 -0.076270 
0.265709 0.870301 -0.049344 
-0.954835 0.249396 -0.011647 
-0.631484 0.715344 -0.092967 
-0.821294 0.199284 -0.100472 
0.803654 0.580286 -0.023102 
0.938259 -0.258846 0.104437 
0.670755 0.525518 0.104437 
-0.841510 0.098763 0.104437 
0.585430 0.608539 0.091599 
0.882279 0.161522 0.104437 
0.984427 0.008774 0.104437 
0.777399 -0.335933 0.046417 
0.558019 0.725316 0.104437 
-0.351230 0.770850 0.097599 
0.907176 -0.388373 0.103189 
-0.695469 -0.463932 -0.048998 
0.175655 0.826257 -0.060162 
-0.775037 0.348474 0.104437 
-0.651521 -0.522105 -0.072080 
0.895978 0.142991 -0.089156 
0.836754 -0.079050 -0.049300 
0.138498 -0.885738 -0.100472 
0.859261 0.403430 0.104437 
-0.240776 0.927708 -0.092184 
0.756659 0.640817 0.079790 
-0.924988 0.344901 -0.021920 
0.438364 -0.753268 -0.100472 
0.824896 0.516161 0.104437 
-0.237722 -0.806120 0.056891 
-0.563735 0.816457 -0.029624 
0.574113 -0.730581 0.104437 
-0.505054 -0.842391 0.087123 
0.843464 -0.027100 0.072648 
0.656434 -0.699024 -0.090517 
-0.857193 0.048250 -0.024604 
0.975096 -0.183963 -0.060044 
0.183731 0.975211 0.013463 
-0.974850 0.139076 0.104437 
-0.377578 -0.906973 0.099500 
0.672380 -0.506094 -0.048074 
0.922295 -0.002387 -0.082307 
0.023873 -0.952146 0.104437 
-0.747051 0.648422 -0.010451 
0.468062 -0.789011 0.104437 
-0.753541 0.401745 0.005874 
-0.972661 -0.153130 -0.018593 
0.641609 0.756576 0.045815 
-0.047440 -0.883193 0.104437 
0.444439 0.735888 -0.023389 
0.077124 0.840986 0.091266 
0.478941 0.813006 -0.091881 
0.728110 -0.422100 0.073122 
-0.019612 -0.983830 -0.031275 
0.977117 -0.099828 -0.079988 
-0.577005 0.612751 -0.050577 
0.094649 -0.839093 -0.046063 
-0.897595 -0.094911 -0.052826 
-0.675565 0.500961 -0.064758 
-0.749224 -0.448772 -0.100472 
-0.977904 0.056020 0.104437 
-0.456140 0.785500 -0.049771 
0.738082 0.433313 0.104437 
-0.291113 -0.851573 -0.049870 
0.480023 0.694434 -0.088555 
-0.297250 -0.941804 -0.051980 
-0.588673 -0.594876 -0.048606 
-0.821986 -0.218468 0.015052 
-0.058272 0.853621 0.026445 
-0.981405 -0.084012 0.098878 
-0.709763 -0.679490 0.069084 
0.779429 -0.544423 -0.091734 
-0.663689 -0.600740 -0.100472 
-0.161072 0.894894 -0.053941 
0.838140 -0.105509 0.067381 
-0.794144 -0.377210 0.104437 
-0.164063 0.827742 -0.051635 
0.722281 0.435064 -0.066900 
0.395807 0.771295 0.104437 
-0.617565 0.574550 0.078857 
-0.033803 0.960380 -0.092586 
-0.111110 -0.898581 -0.067798 
0.679631 -0.696252 0.104437 
-0.458170 -0.705401 0.053334 
0.796394 0.514424 -0.092121 
0.833698 -0.500583 0.104437 
0.290216 0.849243 -0.100472 
0.559167 0.824277 -0.044631 
0.055033 0.873041 -0.100472 
0.783880 0.459749 -0.053656 
-0.607010 -0.772525 0.083733 
0.597553 0.599145 -0.048649 
0.363006 -0.757217 0.069486 
0.597514 0.685714 -0.061560 
-0.256189 -0.929062 0.104437 
0.247650 -0.951347 0.045962 
0.177472 0.926373 0.104437 
-0.206870 0.969754 0.033665 
-0.827768 0.550510 -0.051787 
-0.787448 0.598204 0.036402 
-0.334191 -0.787947 0.104437 
-0.732656 -0.421167 0.104437 
0.461682 0.878186 -0.007863 
-0.775029 -0.330943 0.052055 
-0.330617 -0.855202 0.104437 
0.945787 -0.283190 0.049242 
-0.873786 -0.058507 -0.100472 
0.546201 0.661773 0.000321 
0.920578 -0.042135 0.104437 
0.970115 0.089321 -0.086007 
0.988282 0.035163 -0.010977 
-0.187299 -0.931594 0.104437 
-0.957593 0.147194 -0.087292 
0.457610 -0.815260 -0.091555 
-0.794446 0.364598 -0.100472 
0.591111 0.632060 -0.100472 
-0.988082 -0.011819 -0.032704 
0.100534 0.986944 0.055005 
-0.878847 -0.121565 0.104437 
0.668475 -0.723032 -0.006601 
0.449386 0.884758 0.047904 
-0.841980 -0.035796 0.059808 
-0.549614 0.639199 -0.100472 
-0.319973 -0.785132 -0.044790 
-0.099417 0.986723 0.046999 
0.733500 -0.406473 -0.061423 
-0.513128 0.734913 0.104437 
-0.758828 -0.387108 0.000282 
-0.572823 -0.800927 -0.066196 
-0.925726 -0.333257 0.068858 
-0.090233 0.866908 -0.100472 
-0.161117 0.978388 0.069613 
-0.154273 -0.974373 -0.058030 
-0.860809 -0.420806 -0.091061 
0.947855 0.288586 -0.027219 
-0.830684 -0.165133 0.033427 
-0.519922 -0.762823 0.104437 
0.792669 0.291264 -0.100472 
0.462158 0.764982 0.104437 
0.400091 0.743939 -0.080447 
0.891302 -0.110739 -0.100472 
0.783294 -0.413169 -0.100472 
-0.949367 0.269979 0.104424 
-0.037757 0.899529 0.104437 
-0.508090 -0.672884 -0.100472 
0.256077 -0.885425 0.104437 
0.439917 0.887615 -0.073716 
0.054180 0.990715 0.013453 
-0.953021 0.029344 -0.092370 
0.711826 -0.534833 -0.100472 
-0.706784 -0.585198 0.104437 
0.852954 0.048329 -0.049073 
-0.205408 0.846613 -0.100472 
0.886478 -0.369448 -0.090845 
0.984358 0.097886 0.038520 
0.734678 -0.657566 0.052178 
0.870230 -0.051902 -0.100472 
0.295687 -0.784812 -0.100472 
-0.478578 -0.704099 -0.002345 
-0.894668 0.418232 -0.024736 
0.608764 -0.773848 -0.022372 
-0.132634 0.943932 -0.090797 
-0.487171 0.766221 -0.096329 
0.458344 -0.705352 -0.047702 
-0.452907 0.720646 0.042207 
0.779658 0.319970 0.090455 
-0.855645 -0.050403 -0.042769 
0.592146 -0.620803 -0.046261 
0.668866 0.614732 -0.100472 
0.011416 -0.895624 0.104437 
-0.547394 -0.675198 0.104437 
0.912657 -0.190795 0.104437 
-0.835744 -0.265857 0.104437 
-0.950258 -0.257356 0.045160 
-0.579987 0.802351 0.098049 
-0.872166 0.351425 -0.092034 
0.806562 -0.484012 -0.092188 
0.138178 -0.908295 0.104437 
0.942212 0.134045 0.104437 
0.875004 -0.455201 0.023613 
0.848050 -0.503286 -0.016619 
0.887587 -0.187205 -0.053058 
-0.832866 -0.345809 -0.061352 
-0.233621 0.823586 0.020951 
-0.508595 0.711257 -0.100472 
-0.197786 -0.962189 0.004850 
0.698601 -0.661686 -0.090299 
0.948570 -0.274019 -0.017138 
0.391780 -0.845417 0.104437 
0.741858 0.526024 -0.059093 
0.201029 0.831990 0.104437 
-0.774443 0.449481 0.104437 
-0.716093 0.682415 0.090433 
0.404184 -0.899316 -0.030926 
0.252018 0.824488 -0.007161 
-0.326955 -0.767434 -0.098582 
-0.475817 -0.862128 -0.066883 
-0.569768 -0.699856 -0.057525 
-0.933855 -0.319983 -0.038803 
0.895680 0.421375 -0.070647 
0.991225 -0.043287 -0.065081 
0.089351 -0.852014 -0.100472 
-0.598710 -0.590908 0.056882 
-0.635696 -0.567149 -0.043581 
0.123656 0.901835 -0.098770 
0.093428 -0.951284 -0.091942 
0.712475 -0.680337 0.007658 
0.286378 0.799409 0.098872 
-0.928015 0.228316 -0.093220 
0.843929 -0.395780 0.104437 
-0.558340 0.758322 -0.092075 
0.369540 0.824044 -0.100472 
-0.881405 -0.121742 -0.100472 
0.518581 -0.726363 -0.100472 
-0.150802 -0.820451 -0.051015 
-0.800432 -0.288786 0.010650 
-0.984707 -0.031859 0.032877 
0.875966 0.070469 -0.100472 
0.774221 -0.514091 0.104437 
0.220943 -0.874572 -0.057765 
-0.816871 0.257124 -0.100472 
-0.078400 -0.979110 0.071138 
-0.830629 0.194162 0.010752 
0.866183 -0.133301 0.104437 
0.672978 0.728498 0.083483 
-0.193918 0.974683 -0.031335 
-0.664881 -0.723246 -0.001096 
-0.878583 0.040609 -0.100472 
-0.729761 -0.527974 -0.050621 
-0.464844 0.874697 0.043671 
-0.797289 -0.259967 -0.100472 
-0.295143 0.946278 -0.000714 
0.151539 -0.840058 0.104437 
0.667802 -0.530157 0.007282 
-0.786038 0.600172 0.097562 
-0.281139 -0.875290 0.104437 
0.287410 -0.837550 -0.100472 
-0.147277 -0.876870 -0.100472 
0.653703 0.604712 0.104437 
0.454805 0.788455 -0.051402 
-0.255412 -0.933574 -0.086219 
-0.740249 -0.646941 -0.018678 
0.247443 0.961078 0.049380 
0.756738 -0.638016 -0.059584 
-0.870277 -0.287386 -0.081736 
-0.304612 0.786372 -0.061770 
-0.377782 -0.816564 -0.056751 
-0.110647 0.887045 0.104437 
-0.351505 -0.875722 -0.092519 
0.713844 0.472693 0.010849 
-0.829288 0.125851 -0.097124 
0.913309 -0.291341 -0.092581 
0.788181 -0.299398 -0.100472 
0.311355 -0.930823 -0.072945 
-0.711692 -0.469635 0.104437 
0.816342 -0.230069 0.104437 
-0.797285 -0.468043 -0.086896 
-0.652416 0.630273 -0.099027 
-0.632292 0.571498 0.028440 
-0.700660 0.576033 -0.062935 
0.386888 -0.904280 0.076640 
0.847345 0.138424 -0.045017 
-0.547350 -0.633354 -0.048529 
-0.752420 0.637460 -0.073288 
0.834678 0.534473 -0.007055 
0.808518 0.284318 -0.011032 
0.585864 -0.749972 -0.092195 
-0.293811 -0.835104 -0.100472 
-0.629768 0.763531 0.080881 
-0.778034 -0.305831 -0.061522 
-0.785338 0.473171 -0.076317 
0.803758 -0.280534 -0.049245 
0.965278 0.219041 0.054108 
-0.166261 -0.865993 0.104437 
0.518283 -0.841631 -0.061434 
-0.632175 0.687010 0.104437 
0.271660 0.906814 0.104437 
-0.693646 -0.703766 -0.041057 
0.530333 0.656964 -0.100472 
-0.361217 0.903078 -0.087855 
0.513637 -0.660444 -0.099504 
0.216630 0.883703 -0.056975 
0.858213 -0.287269 -0.051857 
-0.740866 -0.646277 0.043814 
0.183571 0.860758 -0.100472 
-0.096741 -0.830747 0.094352 
-0.177448 -0.882388 -0.054322 
0.781621 -0.322200 0.101993 
-0.842556 -0.360793 0.104437 
0.138215 -0.973042 0.035965 
-0.416663 0.732486 -0.097406 
-0.866421 -0.469513 -0.067770 
0.387183 -0.813694 -0.099913 
0.782362 -0.362167 -0.042658 
0.986433 -0.067139 0.055092 
0.351732 -0.769252 -0.045919 
0.743750 0.416901 0.038814 
-0.328222 -0.925652 0.053173 
-0.007031 -0.861322 -0.100472 
0.687498 -0.478939 -0.099836 
-0.039740 0.897736 -0.100472 
0.757101 0.372084 -0.049245 
-0.652440 -0.622483 -0.055958 
-0.923706 -0.010783 0.104437 
0.874275 -0.236006 -0.049514 
0.046421 0.859052 0.001403 
0.675117 -0.608083 0.104437 
0.276426 0.958299 -0.054704 
-0.577298 0.700815 -0.051034 
0.812195 -0.253694 0.025555 
-0.872694 -0.234501 -0.055372 
-0.697493 0.520567 0.104437 
0.489055 -0.853872 0.026445 
-0.400093 0.820044 -0.064217 
0.879514 0.469834 -0.052784 
0.398983 0.908483 0.080076 
-0.788902 -0.586492 0.049210 
0.815331 -0.200894 -0.087084 
-0.678736 0.699643 -0.086456 
-0.617608 -0.623144 -0.100472 
-0.883174 -0.433619 0.007477 
-0.684185 0.716626 0.000236 
0.177769 -0.827827 0.023882 
0.807668 -0.407600 -0.050687 
0.656517 0.541318 -0.046871 
-0.452580 -0.768843 -0.100472 
0.513896 -0.677075 0.000948 
-0.848811 0.037215 0.023540 
0.931610 -0.214947 -0.090567 
-0.469175 -0.862699 0.038831 
0.882509 0.292255 0.104437 
0.010959 0.844299 -0.092479 
0.589143 0.686185 0.104437 
-0.495056 -0.848608 -0.022764 
-0.538305 -0.824321 -0.031013 
0.604382 -0.675799 -0.064936 
-0.891199 -0.144208 -0.057064 
-0.431393 -0.833972 0.104437 
-0.251428 -0.799406 -0.048018 
0.526450 -0.696042 0.104437 
0.468071 0.708931 0.063352 
0.639963 -0.597083 -0.100472 
-0.936327 -0.062738 -0.091812 
-0.208207 0.890257 0.104437 
-0.613015 -0.776046 -0.050598 
-0.868353 -0.072966 0.104437 
0.598382 -0.781899 0.082552 
-0.273600 -0.943130 0.044831 
0.201903 -0.810215 -0.065443 
0.939086 0.213479 -0.091227 
0.045954 0.975768 -0.085178 
-0.524041 -0.777020 -0.091892 
-0.874333 0.167468 0.104437 
-0.826897 -0.139939 0.094181 
0.665043 -0.550895 0.104437 
0.838778 -0.292331 0.104437 
-0.752422 0.392465 0.104437 
0.697012 0.566757 -0.100472 
0.187346 -0.970558 -0.056104 
-0.433762 -0.748659 0.104437 
-0.761088 -0.356919 -0.047678 
0.448110 -0.782123 -0.052683 
0.389260 0.849120 0.104437 
-0.674798 0.726191 0.047673 
-0.883474 0.203126 -0.055400 
0.959689 -0.233329 0.053785 
0.650272 0.756757 -0.054028 
-0.893909 -0.187922 0.104437 
0.837084 0.235564 -0.100472 
-0.524824 0.845372 -0.036480 
-0.273644 0.958166 -0.049331 
0.973645 -0.167559 0.002226 
-0.476100 0.813666 -0.091989 
0.921863 -0.352465 0.060496 
0.351549 0.792766 -0.035993 
-0.416932 -0.749088 -0.036727 
0.051445 -0.834153 0.085528 
-0.022003 0.991658 -0.001393 
-0.839075 -0.512308 0.020720 
0.098616 -0.844628 0.003544 
-0.846085 0.510718 0.040199 
0.975433 -0.156726 0.102288 
-0.077824 0.928547 0.104437 
0.325098 0.881699 -0.091233 
-0.393294 -0.802316 -0.100472 
0.925418 0.357386 -0.029039 
-0.776143 0.320079 -0.084618 
-0.703084 0.486878 0.011625 
-0.087979 -0.923575 0.104437 
0.894817 -0.140045 -0.061235 
0.364850 0.922815 0.030311 
0.431108 -0.742781 0.104437 
-0.830541 -0.155148 -0.046547 
0.885256 -0.432281 -0.073047 
0.786920 0.442443 -0.100472 
0.893360 -0.418864 -0.002472 
-0.097129 -0.865804 -0.100472 
-0.973252 0.159233 0.058155 
0.855246 0.403769 -0.092152 
-0.718176 0.436309 -0.059015 
-0.599885 -0.599101 0.104437 
-0.207547 -0.931250 -0.091950 
-0.636702 -0.693057 -0.093139 
-0.491555 0.693195 -0.048454 
-0.617166 0.665523 -0.094559 
-0.241515 0.936692 0.104437 
0.084609 0.994294 -0.051131 
0.274620 -0.857774 -0.057252 
0.375008 -0.873709 -0.090921 
0.175178 -0.884096 -0.069576 
-0.656806 -0.530245 0.040937 
0.817409 -0.378404 -0.100472 
0.516777 0.667597 -0.052861 
0.369460 0.775158 0.012906 
-0.088163 -0.952584 -0.090900 
-0.199111 0.903201 -0.081602 
0.370236 0.921200 -0.026933 
-0.724875 0.528082 -0.100472 
0.290308 0.948766 0.020074 
-0.890442 0.155579 -0.055397 
0.298716 -0.780973 0.088642 
0.560821 -0.808815 0.067046 
-0.478282 0.826347 0.104437 
0.748900 0.582826 0.104437 
-0.048602 0.863882 -0.040297 
0.798479 0.276910 0.076301 
-0.181585 -0.965326 0.049408 
0.435769 -0.827456 0.104437 
0.181606 -0.965879 0.059111 
0.041628 0.942607 0.104437 
-0.280095 0.804727 0.043487 
-0.244358 0.833933 0.104437 
-0.412044 0.737670 -0.049245 
-0.564885 0.683998 0.104437 
-0.815962 -0.204864 0.065015 
-0.404718 0.857674 0.104437 
0.636304 -0.751246 0.055360 
-0.002371 -0.843116 0.044725 
-0.975609 -0.135276 0.088680 
0.653664 -0.549368 -0.043934 
-0.695258 -0.552154 -0.100472 
-0.409871 0.906831 -0.035864 
-0.911928 0.379601 0.086572 
-0.849776 0.281292 0.104437 
0.237531 -0.804928 0.069881 
-0.555822 -0.686158 -0.100472 
-0.679079 -0.673636 0.104437 
0.544696 -0.635415 -0.050318 
0.730555 0.492115 0.104437 
-0.489696 0.690551 0.068366 
-0.816900 0.261843 -0.013123 
0.905641 -0.034217 -0.051912 
-0.830194 0.124328 -0.049036 
-0.856703 0.295966 -0.058681 
-0.844174 0.408230 -0.091161 
0.048328 -0.981223 0.016957 
0.862410 -0.179467 -0.100472 
-0.299436 -0.782421 0.072105 
0.697732 0.473882 -0.051637 
-0.877696 0.217667 -0.099779 
0.344217 -0.920898 -0.006513 
-0.251290 0.862569 -0.100472 
0.823327 -0.543045 -0.018581 
-0.547700 0.640227 0.089893 
0.796652 -0.398389 0.104437 
-0.240841 -0.841818 0.104437 
0.052868 -0.855226 -0.032740 
0.398331 0.786089 -0.100472 
0.503249 -0.758336 0.104437 
-0.701825 0.608139 0.104437 
-0.420373 -0.886606 -0.073105 
0.410135 -0.748018 -0.004886 
-0.795650 0.506482 0.104437 
-0.589112 -0.786129 0.043030 
0.044558 -0.885374 -0.100472 
-0.033621 -0.899245 -0.058529 
0.564438 -0.806223 -0.018808 
0.814598 0.237908 0.057144 
-0.428919 -0.791021 -0.065561 
-0.775068 -0.614620 -0.054596 
-0.381668 0.768259 0.007188 
-0.020055 -0.982038 0.019235 
-0.092577 0.967006 -0.089326 
-0.401914 -0.739389 0.050519 
-0.877986 0.104932 -0.100472 
0.229765 0.819293 -0.047193 
0.692951 0.709792 0.037704 
0.342927 0.930657 -0.072087 
-0.355930 -0.915281 -0.025901 
-0.868615 -0.460857 0.096200 
-0.161489 0.829631 0.083524 
0.857959 0.166297 -0.100472 
-0.978926 -0.109179 -0.000762 
-0.092723 0.987382 -0.017111 
-0.541672 0.827005 0.104437 
-0.952030 -0.258422 -0.066396 
-0.957070 -0.045464 0.104437 
-0.902056 0.050306 -0.062235 
0.292481 -0.938424 0.032189 
-0.752807 -0.494517 -0.100351 
0.732271 0.612454 -0.092649 
0.799423 0.580491 -0.076723 
-0.116546 0.836221 -0.057267 
0.694851 0.564305 0.104437 
-0.901741 -0.049840 -0.058775 
-0.853003 0.500373 -0.070821 
-0.849610 0.387581 0.104437 
0.840222 -0.030163 -0.056450 
-0.557885 0.656054 -0.015159 
0.217399 -0.828485 -0.026757 
0.434054 0.729186 0.098048 
-0.400088 -0.866907 0.104437 
-0.754580 0.413282 -0.044561 
-0.780588 0.601929 -0.073968 
0.554689 0.822892 0.023151 
0.342115 0.865326 0.104437 
-0.821857 -0.539996 -0.020282 
-0.833909 0.143411 0.104313 
0.772926 -0.613678 0.022133 
-0.710398 -0.471087 -0.003568 
0.316250 -0.842524 0.104437 
-0.971932 -0.138834 -0.076878 
0.536271 0.834755 0.075473 
0.372578 0.868812 -0.091996 
-0.292288 0.862210 0.104437 
0.695314 0.713749 -0.037862 
0.703496 -0.473122 -0.046024 
0.936575 -0.093237 0.104437 
-0.015681 -0.982182 0.093164 
0.853902 -0.018510 0.016131 
0.920712 -0.359044 -0.029603 
-0.811241 -0.203733 -0.096239 
0.774392 0.349991 0.052709 
0.921755 0.097876 -0.086384 
-0.087584 -0.843719 0.013692 
0.122844 0.842845 0.103843 
-0.976627 0.087270 -0.077830 
-0.929601 0.091071 0.104437 
0.315958 0.787546 0.067416 
0.304180 0.944558 0.091985 
-0.963398 -0.202986 0.068740 
0.803154 0.376230 -0.100472 
-0.973060 0.160399 -0.018394 
-0.396196 0.768300 0.104437 
0.988226 -0.079887 -0.035208 
0.962291 0.231853 -0.010552 
0.738093 0.662520 0.045644 
-0.925359 0.221713 0.104437 
0.849370 0.448675 0.104437 
0.978297 0.175924 -0.049028 
0.588862 -0.606045 0.104437 
-0.985113 0.029155 0.064638 
0.176232 0.868733 0.104437 
0.917728 0.373134 0.065486 
0.231377 -0.919263 -0.092181 
-0.883027 -0.191620 -0.058848 
-0.753889 0.441770 -0.100472 
0.653009 0.535325 -0.100472 
-0.690686 -0.639992 -0.093547 
0.550801 0.725255 -0.055450 
-0.861646 0.007324 -0.040566 
0.844608 -0.140730 -0.004329 
-0.375307 0.917613 0.039208 
-0.706428 -0.446426 -0.090345 
0.982394 -0.108142 0.018988 
0.953102 0.249485 0.104437 
0.626883 -0.731658 -0.089793 
-0.130267 0.848513 -0.002414 
0.883931 0.448182 0.036547 
-0.323258 0.804063 0.104437 
-0.749755 0.645128 0.033279 
-0.597200 -0.662041 -0.100472 
-0.392354 -0.752900 0.007722 
0.333583 -0.806931 -0.100472 
0.071150 0.930588 -0.087747 
0.891438 0.432789 0.099376 
-0.646926 0.537489 -0.066646 
-0.603878 0.784778 0.052601 
0.892855 -0.290296 0.104437 
0.812730 0.414813 0.104437 
0.391043 0.821542 -0.059579 
0.630570 0.765635 -0.015924 
-0.272329 -0.943516 -0.013507 
0.265093 0.893752 -0.086307 
0.830507 0.172636 0.056894 
0.873059 0.204239 0.104437 
-0.536395 0.832585 0.017730 
-0.011867 -0.851504 -0.043614 
0.041106 0.908787 -0.051347 
-0.838769 0.339880 -0.066438 
-0.003394 0.858447 -0.044546 
0.455399 -0.706635 0.066802 
0.621834 0.664221 -0.090668 
-0.839413 0.142191 0.019799 
-0.920311 0.185475 -0.091713 
-0.329420 0.793142 -0.100472 
-0.120475 0.898188 -0.100472 
-0.734796 -0.398615 -0.092498 
0.576560 0.751929 -0.091119 
0.687031 0.646336 0.104437 
0.258588 -0.814476 -0.015843 
-0.939087 0.166391 0.104437 
0.755527 -0.495502 -0.085769 
0.092256 0.839194 -0.050913 
0.850738 0.508646 0.046230 
0.032939 -0.984952 -0.035797 
0.937971 0.318642 0.052662 
-0.793789 -0.453376 0.104437 
0.918336 0.204291 0.104437 
0.247846 0.843020 0.104437 
-0.608498 0.608591 -0.013306 
-0.315048 0.943616 -0.043866 
0.876979 0.241114 -0.055547 
0.158311 0.933356 -0.091009 
-0.408744 -0.892852 -0.013596 
0.214142 0.949135 0.104437 
-0.807239 0.238643 0.078261 
0.259004 0.809595 -0.100472 
-0.375401 0.802291 -0.100472 
-0.373109 -0.761151 -0.100472 
-0.801971 0.421587 -0.052991 
-0.244618 -0.813304 0.006659 
-0.023977 0.847539 0.069707 
-0.790665 0.562882 -0.088806 
0.362383 -0.825488 -0.051462 
0.185227 -0.927258 0.104437 
-0.505863 -0.746001 -0.057749 
0.204291 0.971140 0.058895 
-0.419925 0.897470 0.056620 
-0.800396 -0.570453 0.003235 
-0.464016 -0.703290 -0.100472 
-0.896694 0.113362 -0.051881 
-0.776679 0.361001 0.000586 
-0.454132 0.732649 -0.043675 
0.746691 -0.402542 0.036168 
-0.961694 -0.213187 -0.027709 
0.441443 0.719780 -0.062819 
-0.517249 0.669460 -0.100472 
0.317089 -0.907899 0.104437 
0.888506 -0.340786 0.104437 
0.460538 -0.871894 -0.066217 
-0.970502 -0.166208 0.040193 
0.553573 0.767663 0.104437 
0.969536 -0.191096 0.037440 
-0.540343 -0.658022 -0.001467 
-0.317736 0.803891 -0.025313 
0.893305 0.158496 -0.049655 
-0.128078 -0.974160 0.060925 
-0.514901 -0.658718 0.082568 
-0.837329 -0.036735 -0.100472 
0.838005 0.077097 -0.076478 
-0.648145 0.599147 0.104437 
-0.396682 -0.781226 0.104437 
-0.745189 0.591190 0.104437 
0.086713 -0.983260 -0.059261 
-0.616111 0.775452 -0.000282 
-0.983144 0.076040 0.004301 
-0.803256 -0.234257 -0.062655 
0.669360 -0.505181 0.092077 
-0.960021 0.250450 -0.053635 
-0.834445 0.433761 0.104437 
-0.445753 -0.708966 0.096012 
0.838154 0.180931 -0.022794 
-0.193674 -0.824620 0.018330 
0.507444 0.755131 -0.094562 
-0.021658 0.909634 -0.050429 
0.782016 -0.600849 -0.018382 
0.879721 0.313459 -0.088318 
-0.679402 -0.496603 0.101525 
0.768458 -0.570863 0.104437 
-0.117374 0.984954 0.093516 
0.905087 0.259086 -0.091036 
-0.041927 -0.838894 0.100155 
0.965051 -0.231200 -0.040528 
-0.462015 0.876923 -0.026970 
-0.800589 -0.423665 -0.060680 
0.045451 -0.927282 -0.090019 
0.982077 0.121048 0.100009 
-0.922123 -0.150779 -0.091258 
0.440517 0.796075 -0.091495 
0.855087 -0.053979 -0.021051 
-0.807989 -0.544797 0.104437 
0.628051 -0.564908 0.048868 
-0.942960 0.291098 0.065362 
-0.215040 -0.809754 0.096900 
0.733244 0.677214 -0.054126 
0.667700 0.692733 0.104437 
-0.919951 0.374961 -0.050480 
-0.810176 -0.358064 -0.100472 
0.019304 0.991856 0.036277 
0.856997 -0.491779 -0.062732 
0.137824 -0.823400 -0.051156 
0.949345 0.252360 -0.080601 
-0.847377 -0.056878 0.024392 
0.839270 0.161841 0.104437 
0.755199 0.642596 -0.015232 
0.608237 -0.681882 0.104437 
0.717291 -0.549122 -0.050182 
-0.792286 0.317674 0.012118 
0.479754 -0.751244 -0.100472 
-0.105726 0.903333 -0.053947 
0.274550 -0.949083 -0.043947 
0.842455 0.095508 0.056481 
0.221288 0.825866 0.034380 
-0.621268 -0.760824 -0.012992 
0.748962 0.426130 -0.100472 
-0.863247 -0.330312 -0.087323 
0.771862 0.492221 0.104437 
0.548428 -0.778681 -0.091155 
0.839783 -0.454504 0.104437 
0.311619 -0.775181 -0.062494 
0.224782 -0.912255 0.104437 
-0.904726 0.265991 -0.092028 
0.144474 0.847855 -0.100472 
-0.970744 -0.083903 -0.083937 
-0.897397 0.412208 0.054125 
-0.936412 -0.128130 0.104437 
0.163798 0.978501 -0.022361 
0.579989 -0.666971 -0.100472 
-0.964468 0.208082 0.062999 
-0.692737 -0.623736 0.104437 
0.988859 -0.007870 0.020725 
-0.978468 0.123509 -0.001326 
0.878938 -0.266412 -0.080430 
0.483021 0.713344 -0.049245 
-0.236703 0.962442 -0.070827 
-0.541292 -0.647857 0.038815 
-0.118381 -0.979436 -0.038981 
-0.922668 0.351066 0.026223 
0.431587 0.740686 0.015140 
0.525579 -0.736982 -0.056673 
-0.883152 0.455629 -0.042556 
0.097972 0.902546 0.104437 
-0.828923 0.461914 -0.092267 
0.856163 -0.206256 0.104437 
0.828875 -0.166677 0.061593 
-0.854377 -0.097730 -0.041653 
0.601566 0.789300 0.047273 
-0.896117 -0.405301 -0.072229 
-0.060082 0.990411 0.012734 
-0.714505 -0.439399 0.073010 
-0.629495 0.558537 -0.098413 
0.729995 -0.417018 -0.100472 
0.459263 -0.869796 0.060311 
0.600816 -0.627596 -0.100472 
0.848377 -0.051685 0.038824 
-0.769094 0.537153 0.104437 
0.906412 0.021322 -0.053484 
0.813223 -0.331303 -0.100472 
-0.938187 0.306834 -0.017337 
-0.146198 -0.827613 0.101104 
0.433665 -0.714712 -0.078970 
-0.983467 -0.063072 0.064262 
0.790974 -0.588298 0.056481 
0.380242 -0.744191 -0.080453 
0.670328 0.674885 -0.090867 
-0.247431 0.811040 0.066446 
-0.839736 -0.511243 0.064196 
0.918502 -0.361395 0.012764 
-0.676237 0.597753 -0.100472 
-0.919209 -0.350574 0.033022 
0.987562 0.057163 0.080249 
-0.175158 0.918020 0.104437 
0.849645 0.320836 -0.057180 
-0.558345 -0.808177 0.029375 
0.832732 0.497244 -0.090250 
0.007837 -0.980871 -0.073195 
-0.349040 -0.775691 0.000886 
-0.767475 -0.347217 0.101962 
0.735002 -0.593167 0.104437 
0.858608 -0.485876 0.076527 
0.824346 -0.541407 0.071155 
-0.356822 -0.758167 0.071738 
0.608268 -0.776320 -0.069689 
0.901122 -0.093344 -0.065640 
-0.101443 0.838031 0.091300 
0.315135 0.809008 -0.040406 
-0.648423 0.546240 0.055057 
0.770173 0.342619 -0.092704 
-0.876117 0.456504 0.081445 
0.828925 0.220787 -0.026235 
0.157068 -0.969930 0.000780 
-0.699228 0.506450 -0.032935 
0.786796 -0.317873 -0.046086 
-0.764699 -0.617236 0.057555 
-0.199083 -0.857349 -0.100472 
-0.602047 0.629008 -0.100472 
0.567241 0.672212 -0.100472 
0.527520 -0.830514 0.063548 
0.714731 -0.451912 0.049147 
0.586622 -0.615900 0.008543 
0.955519 0.052764 -0.092314 
-0.929898 -0.206959 0.104437 
-0.570607 0.809010 -0.071805 
-0.411970 -0.891391 0.063127 
0.084022 0.855018 -0.010795 
0.532308 0.837259 -0.070843 
-0.527450 0.674619 0.011138 
-0.153182 0.982981 -0.033988 
0.480148 0.868316 0.025859 
0.853401 0.083570 0.104437 
0.886961 0.051618 0.104437 
-0.072360 0.840971 -0.062292 
-0.629945 -0.746432 0.104437 
0.323567 0.827781 -0.100472 
0.759702 -0.370208 0.055630 
0.339282 -0.773041 0.041938 
-0.980604 0.101827 0.092283 
0.857379 0.027634 -0.003091 
0.691519 -0.505642 -0.013484 
0.197168 0.823632 -0.100472 
0.070496 -0.863112 0.104437 
0.411031 0.903024 0.041587 
0.817204 -0.208223 0.071582 
0.248682 0.960789 0.008673 
-0.274091 -0.797454 0.041169 
-0.254379 -0.834743 -0.100472 
-0.451945 -0.727047 -0.030347 
0.798856 0.320612 -0.022844 
0.799361 0.586277 0.046188 
-0.724262 0.544909 -0.050736 
-0.582676 -0.657856 0.104437 
-0.805063 0.278432 0.020497 
-0.353859 -0.916002 0.013342 
0.486560 0.850792 -0.084212 
0.421876 0.904710 -0.043275 
0.240906 -0.843316 0.104437 
0.978781 -0.145273 -0.065745 
0.661084 -0.729955 0.077125 
0.889334 -0.427750 0.052381 
0.388887 -0.765058 -0.033129 
-0.191593 0.843767 -0.028756 
-0.097014 -0.961689 0.104437 
0.743133 -0.558770 -0.088536 
0.304463 -0.892992 -0.093449 
0.199704 0.977990 -0.051799 
0.615973 0.604849 -0.014635 
-0.789624 -0.275355 0.091076 
0.866936 0.339729 0.104437 
0.563003 0.640372 0.042712 
-0.384318 0.913603 -0.005961 
-0.921697 -0.299526 0.104437 
0.858815 0.499803 -0.032543 
-0.808747 -0.237805 0.102162 
0.155755 0.846592 0.001252 
0.238543 0.959883 -0.075087 
-0.740764 0.481468 -0.100472 
0.134841 0.966181 -0.087554 
-0.821768 0.200637 0.052026 
-0.982929 -0.068532 0.020112 
0.439646 -0.880281 -0.017038 
0.902770 -0.334191 -0.090418 
0.797762 -0.358623 0.104437 
0.836640 -0.080110 -0.088087 
0.848051 0.233864 0.104437 
-0.285227 0.901002 -0.092452 
0.391714 0.810461 0.104437 
-0.817265 -0.379791 -0.051254 
-0.550025 0.760922 0.104437 
0.036424 -0.981613 0.082721 
0.826313 0.547925 0.082354 
-0.816237 -0.250087 -0.006426 
0.602054 -0.643731 0.104437 
-0.191894 0.830447 0.042336 
0.978766 0.146226 0.016651 
0.756216 0.409633 -0.040346 
-0.056543 -0.980844 -0.018962 
-0.761989 0.362371 0.070879 
-0.961534 0.010298 0.104437 
-0.067682 -0.855272 -0.040305 
-0.473022 -0.854936 0.104437 
0.715162 0.452510 -0.100472 
0.127174 0.903785 -0.055567 
0.919463 0.046531 -0.080420 
0.954373 -0.254888 0.022367 
-0.679623 0.515460 0.022183 
0.744602 -0.407068 0.104437 
0.263130 -0.802875 0.036096 
0.830538 -0.201133 -0.013379 
-0.738803 -0.409175 0.041752 
0.679724 -0.620592 -0.083266 
0.241202 -0.832883 -0.100472 
-0.454579 0.746376 -0.100472 
-0.718853 0.662267 -0.083465 
-0.308700 0.825385 -0.100472 
-0.915359 -0.372924 -0.060180 
-0.180762 -0.814751 -0.078838 
0.994569 0.032246 -0.048670 
-0.707042 -0.589249 -0.083732 
0.916446 0.376539 0.014680 
-0.835700 -0.478074 -0.088993 
0.383232 -0.754468 0.104437 
0.959989 -0.020650 0.104437 
0.008602 0.845714 0.093155 
-0.016662 -0.925481 -0.087711 
-0.404349 -0.858247 -0.093103 
-0.679356 0.515320 -0.100472 
0.887586 -0.150721 -0.100472 
0.714629 -0.677889 0.077559 
-0.591141 0.599929 0.089615 
0.126224 -0.892482 -0.052023 
-0.319675 -0.841006 -0.073061 
-0.316786 0.787691 0.057504 
-0.836938 0.037542 -0.065745 
0.516801 0.797392 -0.090904 
0.582085 0.633360 -0.031712 
0.849187 0.066262 0.033125 
-0.789393 0.285590 -0.093605 
-0.722633 -0.673628 -0.039232 
-0.834548 -0.117780 -0.100472 
0.728368 0.646737 0.104437 
0.778819 0.613815 0.064883 
-0.827482 0.225415 -0.011743 
0.309249 0.901593 0.104437 
-0.042791 0.990977 0.097462 
0.941902 0.305681 0.006125 
-0.840858 0.070129 0.061223 
0.634261 -0.580575 -0.034547 
-0.495113 -0.804345 -0.090772 
0.439218 -0.737255 -0.031063 
-0.963254 0.213286 -0.019307 
0.138403 -0.840398 -0.002380 
0.322800 0.780232 -0.065240 
0.484287 0.820886 0.104437 
-0.231629 -0.954298 -0.010057 
-0.581063 -0.599290 -0.085372 
-0.919466 0.332777 -0.079566 
0.224997 -0.956629 -0.012308 
-0.836132 0.123837 0.052670 
0.184580 0.828478 0.067617 
-0.822548 0.163212 -0.089386 
-0.477858 -0.737300 0.104437 
-0.785513 0.312424 0.100995 
-0.426263 0.894598 0.097235 
-0.601766 0.758353 -0.089496 
-0.769246 0.622093 -0.026610 
-0.824976 0.544663 -0.014662 
0.672968 0.613644 -0.056010 
-0.842530 0.005920 0.066109 
-0.789226 -0.433852 -0.100472 
-0.779183 -0.536778 -0.090747 
0.111062 -0.918226 -0.088408 
-0.524771 -0.705692 0.104437 
0.560851 -0.631101 0.103625 
0.838456 -0.071852 0.086013 
0.338241 -0.907875 -0.085732 
0.630629 0.573790 0.040973 
0.540706 0.831997 -0.010522 
-0.329161 0.847704 -0.060941 
0.883383 -0.036812 0.104437 
-0.031979 -0.981648 0.059313 
0.186127 0.958220 -0.086607 
0.935071 -0.317371 0.061872 
-0.787905 -0.296235 0.059957 
0.656345 0.535774 0.071359 
-0.702725 0.475699 0.047410 
0.580185 0.717013 -0.077972 
-0.160322 0.895023 -0.096926 
0.732754 -0.666758 -0.057989 
-0.206943 0.848161 0.104437 
0.500237 0.681292 0.087088 
0.483411 -0.847121 -0.082390 
-0.129750 -0.963384 -0.084035 
0.172608 -0.826372 -0.100472 
-0.444893 0.834205 -0.092316 
0.625925 -0.612394 0.104437 
-0.215760 -0.805819 -0.056845 
0.268146 -0.945806 0.003109 
0.709987 0.523202 0.104437 
0.888378 -0.009332 -0.100472 
-0.924751 -0.334484 -0.071900 
0.618999 0.628126 0.104437 
-0.737690 0.455522 0.104437 
-0.779121 -0.517870 0.104437 
0.725900 0.436845 0.069473 
0.764826 -0.395502 -0.044656 
0.010679 0.989415 0.104437 
0.270484 0.809764 0.038763 
-0.831613 0.533989 0.065239 
0.926757 0.315776 0.104437 
-0.066705 0.988511 -0.073034 
-0.124329 -0.916378 0.104437 
0.410432 -0.777587 -0.100472 
0.988065 -0.032095 0.066958 
-0.346324 -0.759411 -0.068057 
0.959531 0.256779 -0.042108 
0.648007 -0.741641 0.021593 
0.517092 0.757594 0.104437 
-0.265075 -0.859735 -0.075502 
-0.671822 -0.502869 -0.047997 
0.056955 -0.834347 -0.100472 
0.181566 0.966379 0.104437 
0.552508 -0.737368 -0.082987 
0.827264 0.155727 -0.079562 
0.675216 0.506311 -0.067372 
-0.695840 0.471760 -0.055285 
-0.758073 0.361978 -0.095918 
0.853234 -0.385107 -0.091026 
-0.604785 0.676439 -0.050471 
0.115237 -0.865542 0.104437 
-0.625168 -0.727808 -0.090435 
-0.170366 -0.967179 0.092268 
0.390877 0.756931 0.048636 
-0.837137 -0.022280 -0.057316 
-0.557411 0.724741 0.104437 
-0.463565 0.723513 -0.009452 
-0.836254 -0.060353 0.086405 
-0.725278 0.445702 0.030076 
-0.597635 -0.695054 -0.080823 
0.984995 0.138299 -0.060011 
0.989536 0.099044 -0.056525 
0.833351 -0.265776 -0.100472 
0.025249 0.894317 -0.100472 
-0.647538 0.536899 0.090427 
-0.439137 -0.734747 -0.100472 
0.761278 0.496415 -0.068267 
-0.313948 -0.922712 -0.080817 
0.382263 0.886985 0.104437 
-0.079703 -0.830499 -0.066971 
-0.847481 -0.225335 0.104437 
-0.722636 0.675429 -0.013182 
0.807879 0.246779 0.094640 
-0.192145 -0.840292 0.104437 
0.481493 -0.695944 0.036934 
-0.226794 -0.950622 0.104437 
-0.533657 -0.824604 0.050780 
-0.870131 0.076194 0.104437 
0.149218 -0.825549 0.068946 
-0.526349 -0.647487 -0.077728 
0.832646 0.188114 0.023993 
-0.873196 0.461970 -0.006568 
-0.544987 0.725779 -0.080761 
0.422027 -0.819499 -0.085361 
0.948290 -0.293615 -0.052928 
-0.282762 0.947406 0.104437 
0.671818 -0.566129 -0.100472 
0.353511 0.769853 0.095104 
0.530121 -0.828896 -0.017855 
-0.696893 0.702915 0.064556 
-0.895630 -0.406427 -0.012970 
-0.540700 -0.719347 -0.066894 
0.840299 0.037683 -0.099641 
-0.680035 -0.560877 0.104437 
0.715071 -0.437533 -0.052689 
-0.784897 -0.310200 -0.100472 
0.517075 -0.662060 0.096600 
-0.624666 0.629790 0.104437 
0.622999 -0.559447 -0.099793 
0.888091 -0.164458 0.104437 
-0.447020 0.884224 0.004945 
0.687060 0.494541 0.096004 
-0.679248 0.604701 -0.058980 
0.192986 0.914466 -0.087768 
-0.712064 -0.655632 0.104437 
-0.247776 0.825739 -0.012020 
-0.851062 -0.083952 -0.008622 
-0.341109 -0.925808 -0.056901 
0.921224 0.062438 0.104437 
0.817639 -0.558355 -0.062740 
-0.622791 -0.558913 0.080150 
-0.807856 0.579414 -0.059307 
0.744958 0.511256 -0.100472 
0.480673 0.708928 0.020774 
0.987194 0.068405 0.002368 
-0.338306 0.889183 0.104437 
-0.912715 -0.259748 0.104437 
0.958382 0.183927 -0.085225 
0.194337 -0.879479 -0.099689 
0.977717 0.152578 -0.021902 
-0.764469 -0.397225 0.104437 
0.375186 -0.801524 0.104437 
-0.512622 0.847367 0.099872 
0.135085 -0.967657 -0.079303 
0.974634 -0.161571 0.066875 
-0.569504 -0.618808 0.054864 
-0.977896 0.156897 -0.059523 
0.466603 -0.865872 0.095065 
-0.944677 0.067597 -0.092418 
-0.710511 0.646978 0.104437 
0.715359 -0.630157 -0.091124 
0.991226 -0.026808 -0.033396 
-0.671839 -0.716729 0.054134 
-0.723151 -0.556020 -0.078534 
0.291329 -0.879826 0.104437 
-0.745715 -0.417179 -0.013614 
-0.563594 0.642847 0.017426 
0.604510 -0.704037 -0.087518 
0.760892 0.386439 0.032105 
0.846464 -0.319220 -0.062196 
-0.161204 -0.826558 0.048220 
0.870283 0.452755 -0.082559 
-0.647992 0.751337 -0.068217 
0.643766 0.719004 0.104437 
-0.835813 -0.122062 0.048419 
-0.690048 -0.495032 0.012953 
0.258217 -0.939804 -0.081392 
-0.294122 0.897616 0.104437 
0.497562 0.858826 -0.003528 
-0.916770 -0.350966 0.104437 
-0.982500 -0.109847 -0.041294 
-0.698138 0.705208 -0.033473 
-0.189935 0.822093 -0.075136 
-0.866810 -0.017139 -0.100472 
0.617075 0.766305 -0.081210 
0.202986 -0.941238 -0.090023 
0.868823 0.371090 -0.092111 
0.638330 -0.749584 -0.020639 
-0.674448 -0.713894 -0.072384 
0.928847 -0.098407 -0.090020 
-0.417589 -0.888845 0.020369 
-0.110188 -0.835173 0.045243 
0.594714 0.607604 0.057541 
-0.162008 -0.838515 -0.018635 
0.080856 -0.886260 -0.100472 
-0.944463 -0.286457 -0.035975 
0.892705 -0.110080 0.104437 
-0.736684 -0.606509 -0.091854 
-0.083549 0.847311 0.050503 
0.875671 0.031370 -0.100472 
-0.829286 0.517036 0.104437 
-0.733314 0.607415 -0.091014 
0.037673 0.862608 0.104437 
-0.490525 -0.675122 -0.070108 
0.943964 -0.289202 0.087680 
0.482988 -0.781551 -0.082996 
-0.144865 -0.888006 -0.066171 
0.950956 -0.019372 -0.093424 
-0.898018 -0.090798 -0.100439 
-0.984171 0.057928 0.043785 
0.294888 0.867731 -0.068686 
-0.638982 0.597877 -0.100472 
0.824577 -0.196119 -0.049245 
0.544510 -0.642814 0.060518 
0.841618 0.064298 0.077709 
-0.507184 0.829284 -0.088232 
-0.695640 0.485642 0.104323 
-0.896205 -0.405158 0.071857 
0.065050 0.914298 0.104437 
0.480792 0.772613 -0.068581 
0.407480 0.869900 -0.090576 
0.691392 0.507424 0.012715 
0.663545 0.547578 -0.000455 
0.810776 0.228426 -0.075604 
-0.911433 0.152239 -0.085768 
-0.260943 0.956653 0.037684 
-0.417748 -0.767588 -0.100472 
-0.763243 0.375413 0.032224 
0.600038 -0.592468 0.059268 
-0.877562 -0.210329 -0.087698 
0.635687 0.604184 -0.100472 
-0.302960 -0.834061 0.104437 
0.582495 -0.793283 0.010671 
-0.655906 0.746853 -0.018391 
-0.817403 -0.179590 -0.067871 
0.106968 -0.832744 0.064656 
-0.728123 0.423611 0.094455 
-0.651751 0.556846 0.003652 
0.717576 0.538752 -0.100472 
-0.238475 0.830276 -0.100472 
0.862822 -0.462568 -0.080474 
0.904159 -0.245300 -0.091389 
0.657768 -0.661098 -0.090614 
0.603300 -0.754588 0.104437 
-0.644792 0.743025 0.104437 
0.957532 0.252261 0.060206 
0.773012 0.380652 0.104437 
-0.985113 0.032898 -0.026047 
-0.682339 -0.481522 -0.075795 
0.016694 0.958629 -0.092232 
0.523936 0.680998 -0.017927 
0.814411 -0.518802 -0.090240 
-0.961797 0.219538 0.030483 
-0.197471 -0.967844 -0.052844 
-0.030183 0.927030 -0.084247 
0.874828 -0.376268 0.104437 
0.323602 0.786618 0.101096 
0.914188 0.389278 -0.039819 
-0.070694 -0.857513 0.104437 
-0.756767 0.536800 -0.084995 
-0.897824 -0.249375 -0.089774 
0.837235 0.097672 -0.048769 
-0.009401 0.981613 -0.080535 
-0.851353 0.256810 -0.100472 
-0.703135 -0.465754 0.046187 
-0.365294 -0.762015 0.031916 
0.340551 0.791289 -0.003366 
0.502285 -0.793015 0.104437 
-0.415487 0.739774 0.100250 
-0.133789 0.849580 0.104437 
-0.806648 0.571411 0.053307 
-0.874122 -0.159791 0.104437 
-0.450776 -0.879630 -0.051090 
0.833101 -0.113025 -0.053175 
-0.567465 0.811325 0.067311 
0.469985 0.880907 -0.051663 
-0.313739 0.940637 0.064081 
0.682969 -0.649607 0.104437 
0.142641 0.832214 -0.069945 
-0.215673 0.967701 0.066784 
-0.841965 -0.322893 0.104437 
-0.362767 -0.768947 0.104437 
0.122809 0.926219 0.104437 
0.274377 0.953599 -0.012876 
-0.790653 0.337241 -0.019786 
-0.877460 -0.444310 0.039537 
-0.906950 -0.120660 -0.077660 
0.699312 -0.582430 0.104437 
-0.287520 -0.795978 -0.045279 
0.868815 -0.338353 -0.089847 
-0.404091 0.752341 0.027536 
0.953970 -0.122740 -0.090414 
-0.896744 0.010234 0.104437 
0.575370 -0.794446 0.104437 
-0.701355 -0.492305 -0.028724 
-0.325791 0.936249 -0.011873 
0.935046 -0.318801 -0.027231 
0.368544 0.759730 -0.097411 
-0.842909 0.092865 -0.045961 
0.622179 0.585108 0.104437 
-0.585849 -0.626138 -0.035503 
-0.366128 -0.838334 -0.080622 
-0.786707 -0.588286 -0.072702 
-0.769749 0.384020 -0.036228 
-0.888315 0.355441 0.104437 
0.179387 0.836934 0.025039 
-0.759000 -0.373135 0.034252 
0.722416 0.553697 -0.056008 
0.201586 0.839838 -0.042944 
0.973723 0.176771 0.090013 
0.970322 -0.096954 0.104437 
-0.837700 -0.178120 -0.018127 
0.648063 0.751279 0.086635 
-0.669182 -0.527662 -0.100472 
0.545287 0.804678 0.104437 
0.865337 0.132221 0.104437 
0.240448 -0.868342 -0.088679 
0.669104 -0.504462 -0.087374 
-0.705619 0.556911 -0.100472 
-0.837218 0.524976 0.009958 
0.777817 -0.590323 -0.082986 
-0.082300 -0.833776 -0.100472 
-0.771224 0.505059 -0.081403 
-0.986832 0.020315 -0.069586 
0.565270 -0.703268 -0.050321 
0.839126 0.133643 0.047258 
0.585585 -0.598214 -0.092836 
0.951092 -0.186454 -0.088884 
-0.751445 -0.452636 0.104437 
0.221493 -0.877855 0.104437 
-0.775659 0.329260 0.073526 
0.561348 -0.763812 0.104437 
0.016483 -0.982266 -0.006531 
-0.183713 0.974658 0.009704 
-0.824410 -0.546102 -0.053286 
-0.884538 0.320148 -0.091638 
-0.157949 0.850759 -0.027888 
-0.794007 0.275662 -0.048835 
-0.837676 -0.109627 0.103906 
-0.253772 0.892480 -0.084260 
-0.868443 0.318440 0.104437 
0.047253 0.843003 -0.081016 
-0.921860 -0.343529 -0.001081 
-0.918810 0.299008 0.104437 
-0.958679 0.232909 0.103724 
-0.437028 -0.782044 0.104437 
-0.773163 -0.591191 0.104437 
-0.853182 -0.189184 -0.100472 
-0.817478 -0.401294 0.104437 
0.867114 0.479645 0.042558 
0.609541 -0.593228 0.017653 
-0.935199 -0.010094 -0.091305 
0.884291 0.447509 0.070030 
0.131907 0.983767 0.079681 
0.874252 0.120161 -0.100472 
0.198607 -0.818958 0.048539 
-0.873095 -0.452476 -0.018280 
0.849571 0.116335 0.002247 
-0.478335 0.788025 0.104437 
0.889185 0.437762 0.000150 
-0.920827 -0.047928 0.104437 
-0.849881 0.514933 -0.038566 
0.025846 -0.855192 -0.100472 
0.935000 0.343930 -0.058103 
0.862138 -0.479272 0.042917 
-0.341926 -0.823753 0.104437 
0.425301 0.766380 -0.100472 
0.465133 0.876341 0.090385 
-0.108574 0.954661 0.104437 
-0.816388 0.391319 -0.083251 
0.257833 0.874870 0.104437 
-0.870754 -0.341448 0.104437 
0.908232 -0.386042 -0.014494 
0.055199 0.849744 0.050555 
-0.967714 -0.183094 -0.000767 
0.789905 -0.305052 0.047918 
-0.978112 0.127124 0.050570 
-0.512852 0.678687 0.042886 
0.105998 0.927955 -0.087952 
-0.156622 -0.969448 -0.025153 
-0.599582 0.590666 -0.067055 
-0.264982 -0.812327 -0.020468 
-0.562736 -0.761058 0.104437 
0.229169 0.880647 -0.087675 
-0.908478 -0.378070 0.010565 
0.167632 0.830923 0.096136 
0.422441 0.854488 0.104437 
0.095301 0.884527 -0.100472 
-0.773026 0.406066 -0.100472 
-0.234808 -0.907711 -0.091958 
-0.917273 0.027130 -0.080583 
0.364144 -0.913398 0.048891 
0.983747 0.049277 -0.075063 
-0.159792 -0.838602 -0.100472 
0.004062 0.918325 0.104437 
-0.725430 0.672446 0.054757 
0.410630 0.738062 -0.049537 
-0.224951 -0.917504 0.104437 
-0.841541 0.052566 -0.100472 
0.727781 -0.667187 -0.018623 
-0.984508 -0.037962 0.000312 
0.806841 0.297300 -0.044990 
0.374909 0.756544 -0.062998 
0.831030 0.367608 -0.062842 
0.556215 0.638161 0.078788 
-0.640154 -0.745324 0.056861 
0.806323 0.428639 -0.066944 
0.713678 0.688588 0.023182 
0.289078 -0.939456 0.065002 
-0.223265 0.879992 -0.100472 
-0.140844 -0.887825 0.104437 
-0.465032 -0.823542 -0.092698 
0.101281 0.867746 0.104437 
-0.022184 0.851337 0.103444 
0.822444 0.561067 -0.061763 
-0.131124 0.983340 0.055235 
0.819148 -0.548980 0.030239 
0.113765 -0.966364 0.104437 
-0.030884 -0.839242 0.060610 
-0.277395 0.835391 -0.100472 
0.191542 -0.830578 -0.006354 
-0.694633 -0.695380 0.043942 
-0.595007 0.715559 -0.087345 
-0.484966 -0.757984 -0.092698 
0.909359 0.327374 -0.090825 
0.900990 0.104314 -0.057906 
-0.932845 0.324026 0.060725 
0.628225 -0.714137 0.104437 
0.572545 0.809092 -0.073411 
-0.562531 0.669351 -0.100472 
-0.945917 0.281350 0.031877 
0.019338 -0.857151 -0.035257 
-0.446424 0.796708 0.104437 
0.826244 0.477257 0.104437 
0.703762 -0.598475 -0.085840 
-0.642630 -0.568449 -0.100472 
0.820917 -0.319793 0.104437 
0.155397 0.979888 0.029177 
0.183314 -0.965597 -0.018279 
-0.781884 -0.450247 -0.056926 
0.233826 -0.808496 0.102192 
-0.430488 -0.719375 0.069017 
0.777928 0.410955 -0.100472 
-0.310624 0.835155 0.104437 
-0.619531 -0.588352 -0.017307 
-0.849846 0.177330 -0.100472 
0.333553 0.934595 0.021485 
-0.361774 -0.913024 0.071563 
-0.026048 0.854128 0.031665 
-0.160881 0.835840 0.050976 
0.846477 -0.029530 -0.100472 
0.932201 0.165091 0.104437 
0.834711 -0.141564 0.102272 
-0.906524 0.362661 -0.081109 
-0.853875 0.238867 0.104437 
0.717669 0.457939 0.046084 
-0.759833 -0.376168 -0.100472 
-0.773302 -0.319782 0.085487 
-0.864964 -0.284937 0.104437 
0.805087 -0.281940 0.003099 
0.824919 -0.200472 0.040981 
0.543649 -0.825753 -0.048766 
-0.711388 -0.678528 -0.071169 
-0.688379 0.668919 -0.092547 
0.484784 -0.681445 -0.072347 
-0.636541 -0.703399 0.104437 
0.394020 -0.896666 -0.078026 
0.305524 -0.848869 -0.052781 
0.615808 -0.660079 -0.090940 
-0.397994 -0.733621 -0.058038 
0.101915 -0.828473 -0.082039 
0.939397 -0.216177 0.104437 
0.611464 -0.600863 -0.023636 
0.013570 -0.936381 -0.091839 
0.710578 0.682604 -0.079845 
0.715551 -0.459353 0.017280 
-0.742028 0.428420 -0.008949 
0.936829 0.327122 -0.029899 
0.838728 -0.222997 -0.100472 
0.915425 0.168781 -0.087633 
-0.301188 -0.934762 0.068374 
-0.658503 -0.541899 -0.006826 
0.670489 0.730829 0.047577 
-0.620843 -0.569622 0.046825 
0.404944 -0.896099 0.051128 
0.768182 0.384135 -0.018254 
0.672831 0.736538 -0.042100 
0.964552 0.222155 0.021979 
0.808677 0.276145 0.020204 
0.512871 -0.839623 0.007236 
0.329739 -0.771147 0.072717 
-0.383600 0.762108 -0.045865 
0.784083 0.544230 -0.091079 
-0.356404 0.915873 0.104437 
0.533652 -0.685696 -0.100472 
0.919130 -0.370611 -0.061506 
0.409749 -0.738472 -0.100472 
0.971483 -0.182049 -0.026441 
0.490146 -0.698344 -0.003187 
-0.818811 0.205030 -0.047507 
0.652072 -0.580279 0.104437 
0.522168 -0.761345 -0.084800 
-0.715163 0.449916 0.067492 
0.617845 0.574665 -0.052680 
-0.849869 0.126838 -0.023895 
0.946012 -0.182264 0.104437 
0.928261 0.345148 0.082456 
-0.853320 -0.049999 -0.006266 
-0.816018 0.200380 0.083478 
0.843328 0.520563 0.074960 
-0.954782 -0.239938 0.007815 
0.315004 -0.790834 0.003170 
-0.818515 -0.432769 -0.087784 
0.392354 -0.843735 -0.090390 
-0.842527 -0.085811 0.036984 
-0.684329 -0.705031 0.102010 
-0.967143 -0.186556 0.096485 
0.585663 0.767039 0.104437 
0.871512 0.020536 0.104437 
-0.543133 0.833659 -0.059830 
0.822806 -0.401521 -0.078074 
-0.603687 -0.633892 0.104437 
0.796443 0.326382 -0.100472 
-0.066110 -0.973405 0.104437 
-0.413736 0.868758 -0.091036 
0.695777 -0.697461 -0.013348 
0.345338 0.854170 -0.077952 
-0.335218 0.791754 -0.001677 
0.146557 -0.871469 0.104437 
-0.722672 -0.665708 0.023511 
-0.583173 -0.627489 -0.100472 
-0.475752 -0.859183 0.073045 
-0.058741 0.912420 -0.060663 
0.742617 0.399580 -0.067248 
-0.868775 0.070827 -0.100472 
0.026465 -0.840047 0.057688 
-0.903024 -0.019301 -0.050197 
-0.937722 0.123215 -0.093441 
-0.621796 -0.557124 -0.075852 
-0.461263 0.867642 -0.080993 
-0.496990 -0.847405 0.052451 
-0.589975 0.801405 -0.039144 
-0.638852 -0.646688 -0.074072 
-0.140166 0.907466 -0.074150 
-0.065518 -0.867739 -0.100472 
0.309227 0.834180 0.104437 
0.866553 0.270673 -0.051196 
-0.857798 -0.085802 -0.100472 
-0.485819 0.688073 -0.079137 
-0.174960 0.976103 0.040043 
-0.505137 -0.687368 -0.011818 
0.941617 0.024395 -0.092112 
-0.586218 0.630802 -0.016188 
-0.784039 -0.324142 0.019796 
0.669783 -0.721405 -0.072680 
-0.956529 -0.232449 0.077785 
0.845181 -0.117821 0.017371 
0.740162 0.654230 -0.074608 
0.352364 -0.778905 -0.015924 
0.394726 0.748271 0.082946 
0.529240 -0.647869 -0.074774 
0.840942 0.019677 -0.073812 
-0.921238 -0.194726 -0.092260 
-0.843846 -0.007275 0.101674 
0.081696 0.988800 -0.020269 
-0.193282 -0.819253 0.049346 
0.007387 -0.849002 0.012204 
-0.942913 0.308596 -0.055020 
-0.829630 -0.114000 -0.054942 
0.134520 -0.938755 -0.092431 
0.415192 0.754249 -0.012921 
-0.347605 -0.881646 0.104437 
0.776095 -0.351704 0.019269 
-0.468658 -0.789043 -0.082559 
-0.431105 0.727154 0.076097 
0.802075 -0.574676 -0.027852 
-0.961969 -0.108043 0.104437 
0.352550 0.927445 0.062824 
0.844729 -0.086826 0.043050 
0.663961 -0.612314 -0.050811 
0.893256 -0.419095 0.097016 
-0.954573 -0.162564 -0.087662 
-0.737809 -0.589464 0.104437 
-0.903043 0.021406 -0.050227 
-0.139732 0.972944 -0.081561 
0.693417 -0.520853 0.104437 
0.775562 -0.617417 -0.045540 
0.838717 0.326145 0.104437 
0.219731 0.967540 0.031992 
0.514838 0.684561 0.015263 
0.920138 0.285303 0.104437 
-0.320098 0.870750 -0.084347 
0.823491 -0.222641 0.008040 
-0.688704 0.483222 -0.100472 
0.778157 -0.374872 -0.100472 
-0.607023 0.594469 0.046226 
-0.467756 -0.693352 0.080401 
-0.205290 0.972861 -0.060264 
-0.483933 -0.854810 0.012592 
-0.380982 0.759223 0.054412 
-0.850325 -0.132025 -0.040139 
0.540901 0.656001 0.058014 
-0.810816 -0.243487 0.032466 
0.904120 0.404799 0.018638 
-0.382115 -0.880758 -0.090593 
0.650918 -0.684354 0.104437 
-0.525898 -0.827181 0.104437 
