-0.855644 0.224916 -0.075865 
0.950541 -0.278560 0.124282 
0.327444 0.935606 -0.081582 
-0.209814 -0.968711 -0.009848 
-0.437740 0.872200 0.126246 
-0.835716 -0.520278 0.123775 
0.871736 0.466737 0.126246 
0.520486 -0.846868 -0.074706 
0.830844 0.092923 -0.120657 
-0.486903 -0.644170 -0.120187 
-0.084023 0.803985 -0.115531 
-0.728342 0.645259 -0.100218 
-0.972816 -0.177737 -0.074224 
0.669912 -0.463258 -0.120657 
0.556742 0.594690 -0.120657 
0.180408 -0.971501 0.119851 
0.072109 0.981758 0.126246 
0.714568 -0.672238 0.126246 
0.542169 0.805836 0.126246 
-0.492891 -0.847066 0.126246 
-0.691981 0.423361 0.119067 
0.045939 -0.826956 -0.120657 
-0.719306 -0.370638 -0.120657 
-0.428413 0.691397 -0.120657 
-0.814429 -0.014933 0.125340 
0.990405 0.017926 0.123985 
0.806193 -0.195033 -0.120657 
0.726727 0.362028 -0.105330 
0.352658 -0.737487 0.121433 
0.249469 0.777660 0.121911 
-0.194562 0.967123 0.090011 
0.784852 0.209762 0.110283 
-0.745774 -0.631007 -0.096773 
0.619279 0.549596 0.126246 
-0.540983 0.635251 0.126246 
-0.045033 -0.823940 0.126246 
0.717970 -0.396164 0.123148 
-0.592114 -0.609945 0.126246 
-0.775223 -0.275089 0.126246 
0.282339 -0.917084 -0.108337 
0.790475 0.608983 -0.057964 
-0.321114 0.910539 -0.103875 
-0.400304 -0.864643 -0.110174 
-0.272228 -0.761999 0.105830 
0.955547 0.284479 -0.061641 
-0.820789 -0.004235 -0.120657 
0.897958 -0.421479 -0.080672 
-0.875400 0.464517 -0.069822 
-0.971307 0.157043 0.119449 
0.084164 0.959688 -0.107483 
0.527923 -0.640032 0.009112 
0.373699 0.719051 -0.104129 
0.809449 -0.111462 0.117550 
0.987139 -0.056133 -0.086985 
-0.904947 0.361406 0.126246 
-0.585276 0.792239 -0.011312 
0.580687 0.803870 -0.082257 
0.710583 -0.680540 -0.090424 
-0.199447 -0.783448 -0.106346 
-0.766165 0.617960 0.111119 
-0.259551 0.765609 0.111324 
-0.910910 -0.384340 -0.041868 
0.559391 -0.808841 0.126246 
-0.056341 0.818322 0.126246 
-0.961851 -0.154740 0.126246 
0.186576 0.787901 -0.076117 
0.360808 -0.726067 -0.094223 
-0.617290 -0.772309 -0.033686 
-0.008348 -0.990978 0.020505 
-0.682785 0.428672 -0.109086 
-0.988479 0.009286 -0.013077 
0.185164 -0.804643 0.021513 
-0.781988 0.203052 0.098018 
-0.779980 -0.202320 -0.067113 
0.394450 -0.906772 0.048269 
0.968169 0.208927 0.113194 
-0.563207 0.577551 -0.060540 
0.842245 -0.520528 0.061622 
0.364053 0.918656 0.095951 
-0.117669 0.978961 -0.081248 
0.888974 0.453006 -0.066048 
-0.433306 -0.694837 0.045023 
-0.687707 -0.443760 0.040969 
0.693711 0.705583 0.079528 
0.970094 -0.229837 -0.050881 
0.716429 0.394833 0.076965 
0.490881 0.664034 0.026169 
0.984548 0.108365 -0.029674 
-0.325928 -0.931017 0.114231 
-0.614638 -0.523076 -0.120657 
0.822696 0.042404 0.044242 
0.611177 -0.539191 0.115354 
0.780741 -0.267872 0.037112 
0.212111 0.964612 0.038876 
0.136823 -0.983856 -0.073426 
-0.261174 0.766390 -0.058931 
-0.090138 -0.919219 -0.107767 
-0.413181 0.704830 0.055669 
-0.744156 -0.646307 0.081503 
0.663355 0.501638 -0.031744 
-0.908967 -0.378395 0.119996 
-0.754616 0.332455 0.004794 
-0.129491 -0.966752 0.126246 
0.087152 0.813319 0.061201 
0.799592 0.234292 -0.054861 
0.802398 -0.537417 -0.108202 
-0.663030 0.728311 0.118624 
0.407013 0.740353 0.126246 
-0.474583 0.866295 -0.080137 
-0.334042 -0.736184 -0.058897 
-0.937325 0.106742 -0.111627 
0.981990 -0.129303 0.126246 
-0.852973 0.495208 0.071506 
-0.841248 -0.520456 -0.022376 
-0.642500 -0.747146 0.124648 
0.575421 -0.574465 -0.120657 
0.633254 -0.763575 0.008895 
0.825291 -0.064717 -0.058931 
0.455760 0.877163 -0.007965 
0.797699 0.585889 0.091423 
-0.949232 0.267656 0.026430 
0.225774 -0.785522 -0.120657 
0.523673 -0.710897 -0.120657 
0.282870 -0.864563 0.126246 
0.925439 0.352115 0.061186 
-0.959817 0.007406 0.126246 
-0.155668 -0.806651 0.037987 
-0.800862 -0.143843 0.067983 
0.760431 -0.354442 -0.120657 
-0.823436 0.079602 -0.008852 
0.876382 -0.401997 0.126246 
0.093249 -0.825024 0.126246 
-0.022471 0.986483 0.018234 
-0.948840 -0.261596 0.041103 
0.059923 0.811096 -0.120657 
-0.313574 0.935068 0.032329 
-0.627554 0.524595 0.046877 
0.667223 0.670544 -0.111571 
-0.548362 0.796645 0.126246 
-0.610334 -0.642277 -0.061054 
-0.413045 -0.899090 0.017495 
-0.762887 -0.314381 0.002004 
-0.880260 -0.274084 -0.108273 
-0.806542 0.572657 -0.025994 
-0.786857 0.339871 -0.120657 
0.274242 -0.949619 0.016857 
-0.515819 -0.798198 -0.109997 
0.298399 0.774067 -0.012383 
0.462818 -0.670871 0.116739 
0.646672 -0.523798 -0.009422 
-0.925702 0.346247 -0.074219 
-0.032582 -0.828261 -0.001209 
-0.112454 0.818080 0.011245 
-0.274294 -0.919623 -0.108633 
0.777548 -0.615134 -0.003587 
-0.573809 0.703012 -0.101096 
0.577991 0.682196 0.126246 
0.771783 0.492217 -0.102848 
0.929168 -0.345941 0.019986 
0.041363 -0.939790 0.126246 
0.175990 0.878906 0.126246 
-0.729914 -0.501241 -0.075682 
0.882404 -0.301042 -0.109969 
-0.065219 0.943077 0.126246 
-0.787054 -0.399206 0.126246 
0.731213 -0.395197 0.000558 
-0.212911 -0.870682 0.126246 
-0.779749 0.337954 0.126246 
0.304403 -0.771491 0.004464 
0.902013 0.102208 0.126246 
-0.518881 -0.724238 0.126246 
-0.201568 0.863684 -0.100792 
0.823161 0.343430 0.126246 
-0.803999 0.124538 -0.120657 
-0.825083 -0.052351 -0.008116 
0.211843 0.914186 -0.110823 
0.020434 -0.969386 -0.103261 
-0.686576 -0.534460 0.126246 
-0.679602 0.718359 -0.005349 
0.421296 -0.713684 0.012709 
0.465312 0.815036 -0.111003 
0.395823 -0.839354 -0.106730 
-0.372718 0.804077 -0.077632 
-0.014353 0.891042 -0.072776 
0.489300 0.692733 -0.120657 
0.592100 -0.656119 0.126246 
-0.871099 -0.137964 -0.120657 
0.921560 0.182793 -0.112089 
-0.841499 0.104563 0.126246 
-0.529494 -0.629278 0.026427 
-0.934029 -0.034715 -0.112177 
-0.515692 -0.844351 0.009939 
-0.398755 -0.778901 0.126246 
-0.506777 0.650298 0.009973 
0.582174 0.592671 -0.007569 
0.850998 0.327229 -0.100051 
0.747091 -0.512418 0.126246 
-0.073998 -0.805626 -0.109033 
-0.651422 0.606282 0.126246 
0.329934 0.822788 -0.120657 
0.877264 -0.014405 0.126246 
0.162289 -0.873914 -0.085297 
-0.699357 0.542512 -0.062247 
-0.324846 0.864659 0.126246 
-0.818645 -0.440602 -0.110778 
-0.609808 -0.549837 0.028573 
0.623039 0.768120 0.016141 
-0.974508 0.166378 -0.023269 
-0.499904 0.849115 0.034765 
0.839698 0.524060 0.005049 
0.495572 -0.859376 0.047436 
0.833435 -0.226262 0.126246 
-0.162570 0.866851 0.126246 
-0.703382 0.430558 0.005150 
-0.906434 0.246268 0.126246 
-0.981941 -0.096880 0.016155 
0.448421 -0.791427 0.126246 
0.891292 0.024094 -0.060474 
0.923188 -0.141733 -0.110147 
-0.875254 -0.231536 0.126246 
0.398732 0.727284 0.001448 
-0.258315 -0.786529 -0.000051 
-0.759789 0.507217 0.126246 
0.742740 0.486859 0.126246 
0.622799 -0.747435 -0.101109 
0.455094 0.868214 0.126246 
0.673261 0.560532 -0.120657 
-0.223666 0.965742 -0.073517 
0.989756 -0.038335 0.033368 
0.193886 0.800763 0.029042 
0.775695 0.283437 0.035706 
-0.879482 -0.448270 0.043260 
-0.363594 0.764050 0.126246 
0.688140 -0.566047 -0.095531 
-0.895870 0.414876 0.020273 
-0.415142 -0.757270 -0.120657 
0.606942 -0.652247 -0.059386 
0.821044 0.137332 -0.025174 
0.970837 -0.198050 0.047743 
0.812268 -0.180342 -0.018803 
-0.309215 -0.941561 -0.008250 
0.118154 0.980274 -0.000425 
0.086286 -0.829793 -0.026182 
0.122568 -0.981302 0.035783 
-0.771969 0.478702 -0.102679 
0.699463 0.612914 0.126246 
0.199419 -0.806027 0.126246 
-0.745372 0.643298 0.013051 
-0.329598 0.753326 0.026900 
-0.682433 -0.714316 0.038146 
0.045820 0.884495 0.126246 
0.967490 0.211840 0.007010 
-0.181088 -0.879736 -0.084421 
0.881856 0.262027 0.126246 
-0.112865 -0.985804 -0.028968 
0.269595 0.928727 0.126246 
-0.875867 -0.105236 0.126246 
-0.819514 -0.347240 -0.077376 
-0.346982 -0.743332 0.042467 
0.857659 -0.499067 -0.034628 
0.769023 -0.450295 -0.075656 
0.650491 -0.746615 0.115361 
0.709385 0.689900 -0.024513 
-0.316321 -0.832112 -0.070893 
0.683125 0.454157 -0.120657 
-0.618862 0.516861 -0.113745 
-0.982090 0.092947 0.041150 
0.575604 0.683696 -0.075173 
-0.015995 0.823511 0.025882 
-0.395648 0.907957 -0.040432 
-0.675662 -0.705855 -0.095907 
-0.236265 -0.959397 0.083629 
-0.206137 0.795377 0.035386 
0.380255 -0.918576 -0.047460 
-0.630393 0.621655 -0.115310 
0.809128 -0.331839 0.126246 
-0.802227 0.190436 0.003899 
-0.482895 0.742647 -0.059232 
0.710585 -0.689182 0.005885 
0.124267 0.879899 -0.070674 
-0.450372 -0.701755 -0.050281 
-0.470376 0.740254 0.126246 
0.531283 0.833818 0.032594 
-0.790932 -0.592649 0.015859 
0.346946 0.815118 0.126246 
-0.584334 -0.796299 0.056295 
0.663141 0.479421 0.074044 
-0.774183 0.243092 -0.120657 
0.984392 0.109953 0.064911 
0.937020 0.087962 -0.112160 
0.891726 -0.431411 0.029858 
0.477544 0.678506 0.126246 
-0.152511 0.974425 0.006609 
-0.499439 0.633504 -0.101162 
0.632982 0.759480 0.126246 
0.884531 0.445173 0.027417 
0.810450 0.119070 0.121193 
0.761713 -0.283552 -0.060395 
0.311318 -0.835916 -0.068161 
-0.789560 -0.225472 0.025259 
0.680839 -0.457430 0.064819 
0.449801 -0.771893 -0.074204 
-0.756409 -0.279209 -0.112197 
0.445167 -0.678432 -0.085115 
-0.883950 0.032078 -0.059239 
-0.949121 0.213533 -0.097947 
0.796466 -0.588173 0.111848 
-0.665574 0.711773 -0.098006 
0.983935 -0.115160 -0.015502 
-0.547241 -0.705230 -0.080080 
-0.163147 0.791736 -0.059525 
0.821288 -0.101249 0.024622 
-0.041323 -0.986470 0.125005 
0.012126 -0.889292 -0.062358 
0.318219 0.935715 0.020083 
-0.279411 0.942515 0.126246 
0.268337 0.847335 -0.059754 
-0.669259 0.516755 0.126246 
-0.728218 -0.362608 0.069039 
0.736989 0.385075 -0.019607 
0.925516 0.368432 -0.064393 
0.419610 0.893955 -0.087700 
-0.723588 -0.411383 -0.033909 
-0.114034 0.880254 -0.080849 
-0.920958 -0.346569 0.037861 
-0.030072 0.990748 -0.074036 
0.895660 -0.149313 0.126246 
-0.419516 -0.892974 0.108727 
-0.664961 -0.661930 0.126246 
0.324539 0.750245 0.068310 
-0.487717 -0.643733 0.109141 
0.367772 -0.841502 0.126246 
0.890021 -0.053401 -0.117243 
0.994377 0.031556 -0.076853 
0.158110 0.974619 0.110188 
0.535115 0.614658 0.090137 
-0.409312 0.896403 0.045398 
0.047717 -0.818342 0.051730 
0.193533 0.975365 -0.050913 
-0.350466 0.731205 -0.120657 
-0.800770 -0.088688 -0.104760 
-0.670251 -0.448553 -0.111587 
-0.945280 -0.286796 -0.042024 
0.771209 -0.617632 -0.090249 
0.585745 -0.579713 0.042814 
-0.939844 -0.291250 0.122057 
-0.525998 0.802705 -0.108473 
-0.672262 -0.584866 -0.079093 
0.801540 0.178428 -0.120657 
-0.809232 -0.525964 -0.104514 
0.273529 -0.949835 0.123969 
-0.285796 0.834214 -0.120657 
-0.329137 -0.846692 0.126246 
-0.805394 0.435291 0.126246 
0.060537 -0.991118 -0.031374 
0.558592 -0.821695 0.004467 
-0.858936 0.391467 -0.109418 
0.801581 0.394953 -0.073472 
-0.547716 -0.592537 -0.091957 
-0.982439 -0.069950 0.101388 
-0.128216 -0.810444 0.126246 
0.167314 0.793509 0.112277 
0.512213 -0.629238 -0.097928 
0.522312 -0.729218 0.126246 
0.082450 0.824940 -0.021663 
0.654809 0.751873 -0.059586 
-0.658376 -0.506537 -0.024054 
-0.874502 0.141715 -0.069399 
0.857608 0.243455 -0.113901 
0.747426 -0.339826 0.062338 
-0.162572 -0.959393 -0.100103 
-0.385789 0.734307 -0.034337 
-0.135419 -0.813308 -0.053689 
-0.583896 0.556230 0.109797 
0.229142 -0.967828 -0.070319 
-0.810753 0.050086 0.072069 
0.872946 -0.204055 -0.072727 
-0.716316 -0.441728 0.126246 
-0.353624 -0.924771 -0.078325 
-0.716625 0.373280 -0.058244 
0.824126 -0.339420 -0.066109 
0.083887 -0.905023 -0.099579 
0.387955 0.800055 -0.066833 
-0.776904 0.576322 -0.102711 
-0.013965 0.808617 -0.072706 
0.755489 0.639230 0.045219 
0.819010 0.011586 -0.120657 
0.449805 -0.886285 -0.018347 
-0.473962 -0.869662 -0.074684 
0.294081 0.754968 -0.092293 
0.801103 0.204161 0.030342 
-0.279266 -0.774970 -0.120657 
-0.760186 -0.569293 0.126246 
0.160319 -0.794032 -0.070513 
0.817575 -0.035672 0.075475 
0.782049 0.289734 -0.120657 
0.121233 -0.916666 0.126246 
-0.129425 0.801122 0.092884 
0.884845 0.181056 0.126246 
0.791054 -0.430229 0.126246 
0.845837 0.519701 -0.079541 
0.254902 -0.775492 0.076696 
0.524306 -0.621837 0.100259 
-0.830252 0.306131 -0.062182 
0.707468 -0.399061 -0.078353 
0.805776 -0.111861 -0.120657 
-0.859932 -0.441271 0.126246 
-0.239656 0.845642 0.126246 
0.513209 0.636638 -0.058931 
0.762389 0.292445 0.117410 
-0.546302 0.716361 0.126246 
-0.600844 0.780769 0.068635 
0.804166 0.420441 0.126246 
0.516190 0.851240 -0.051870 
-0.105525 -0.983936 0.049684 
-0.728799 -0.662790 0.000470 
-0.863465 -0.206634 -0.071401 
-0.969337 -0.168170 0.046486 
0.685721 -0.599287 0.126246 
-0.816166 -0.135173 -0.008277 
-0.985034 0.091438 -0.043138 
-0.612306 0.769986 -0.088696 
0.906998 0.397142 0.122266 
0.203952 -0.883975 0.126246 
0.609700 0.535728 -0.076495 
-0.611842 -0.527312 0.106094 
0.442215 0.694466 -0.058931 
0.192563 -0.969495 0.004301 
0.949388 -0.304626 -0.051952 
0.798755 -0.179469 0.075021 
-0.043907 -0.993176 -0.062903 
-0.920680 0.099525 0.126246 
0.026574 0.811079 0.114681 
-0.989366 -0.058032 -0.064538 
-0.577566 0.581862 0.037941 
0.729069 0.625612 -0.108885 
0.378246 0.913314 -0.021657 
0.814832 0.520090 0.126246 
-0.559361 -0.819114 -0.050403 
0.841659 -0.463956 -0.109634 
-0.387516 -0.798266 -0.062758 
0.769713 -0.265887 0.113494 
-0.113617 0.980053 0.080658 
0.926445 -0.350005 0.102562 
0.239249 -0.856717 -0.092230 
0.429360 0.696263 0.068735 
0.989694 0.039647 0.001976 
0.467651 0.792550 0.126246 
-0.806612 0.122845 0.052128 
-0.552795 -0.801086 0.126246 
-0.716235 0.677880 0.073445 
-0.240096 0.956506 -0.000491 
-0.876116 -0.389259 -0.108486 
-0.754643 0.290930 -0.058009 
-0.770373 0.272551 0.047394 
-0.926498 0.331289 0.060886 
0.949774 0.280303 0.098823 
-0.583895 -0.684485 0.126246 
-0.853331 0.299118 0.126246 
-0.244858 -0.852054 -0.120657 
-0.859736 0.176950 0.126246 
-0.781587 0.416618 -0.062516 
0.291693 -0.756520 -0.101413 
-0.825362 -0.330238 0.126246 
0.979064 0.184506 -0.061308 
0.881053 0.135241 -0.071803 
-0.471465 0.658831 0.115649 
0.426157 -0.892406 0.113722 
0.133267 0.821584 -0.120657 
0.266711 0.854708 0.126246 
-0.798946 0.578520 0.058161 
-0.200690 -0.786497 0.092731 
-0.603406 -0.554051 -0.054785 
0.647435 0.611393 -0.072434 
0.336310 -0.929661 0.086828 
-0.720596 0.375911 0.071173 
0.760776 -0.636263 0.069926 
-0.881067 -0.079565 -0.077839 
0.811702 -0.267920 -0.120657 
0.045294 0.985958 0.045513 
0.602852 0.557742 0.053121 
0.249921 -0.798463 -0.035681 
0.769426 0.318049 -0.054783 
0.120024 -0.810792 0.054039 
-0.499778 0.704977 -0.120657 
-0.387486 -0.709088 0.109878 
0.600942 -0.788756 0.068713 
-0.864146 0.084312 -0.120657 
0.866719 -0.479061 0.115502 
0.096712 -0.983470 0.110690 
0.013629 -0.812940 -0.057765 
-0.804339 0.049815 -0.075915 
0.472194 -0.674254 0.045625 
0.688899 -0.466650 -0.019711 
0.921797 -0.082557 0.126246 
0.954800 -0.267894 0.048417 
-0.428050 -0.684981 -0.117761 
-0.840697 -0.516701 0.052389 
-0.352057 0.920619 0.090895 
0.552930 0.743645 -0.109014 
0.702133 0.443813 0.001103 
0.522935 0.733578 0.126246 
0.984908 -0.105272 0.059158 
-0.880982 -0.450421 -0.028000 
-0.875709 0.042085 0.126246 
0.238733 0.807032 -0.120657 
-0.960576 0.219452 0.077511 
-0.453789 0.693229 -0.010228 
-0.822953 0.540657 0.117050 
-0.958142 -0.223417 0.108652 
-0.111802 -0.898114 0.126246 
-0.040979 -0.894702 0.126246 
0.499071 0.736484 -0.062573 
0.579012 -0.807118 -0.076553 
-0.060736 0.929115 -0.110199 
0.619043 -0.525613 -0.094066 
-0.041607 -0.869514 -0.120657 
-0.959927 0.040192 -0.104983 
-0.010505 0.986875 0.117897 
-0.891382 0.273964 -0.111518 
0.053211 0.985699 -0.026833 
0.953573 -0.208340 0.126246 
-0.676418 0.477248 -0.049915 
-0.909883 -0.043760 0.126246 
0.193438 0.867318 -0.061848 
0.816750 0.062624 -0.058931 
0.421190 0.894093 0.063493 
-0.812322 -0.072058 0.057949 
-0.864507 0.478887 -0.002235 
-0.576793 -0.764064 -0.108889 
-0.510803 -0.659961 -0.041672 
-0.985963 -0.023229 0.050267 
-0.783447 0.188173 -0.079375 
0.886005 -0.097480 -0.063834 
-0.949552 0.278181 -0.073390 
0.853447 0.501950 0.069035 
-0.390985 0.861246 -0.111658 
0.821521 -0.553209 -0.011823 
0.098434 0.833086 0.126246 
-0.744696 -0.451170 -0.120657 
0.056138 0.888394 -0.066901 
0.017006 0.946264 -0.110803 
0.812330 -0.400578 -0.094761 
-0.608650 -0.700849 -0.110160 
-0.608155 0.659371 0.126246 
0.813073 0.137914 0.042928 
0.362835 -0.739696 0.037091 
-0.733281 -0.335824 -0.063434 
0.670757 -0.485807 0.126246 
-0.883640 0.436680 0.089126 
0.111285 -0.802346 -0.117445 
0.355102 -0.894107 -0.107475 
-0.669200 -0.725932 -0.031060 
0.664684 -0.629493 -0.103413 
0.522388 -0.778291 -0.111443 
0.878207 0.388822 -0.109441 
0.724281 -0.514286 -0.120657 
0.708010 0.540042 -0.065553 
-0.778719 -0.209053 0.110823 
0.980733 0.138800 0.126246 
-0.488775 -0.736877 -0.120657 
0.593812 -0.583985 -0.056178 
-0.803199 -0.582168 -0.067349 
-0.178117 0.933389 -0.111437 
-0.216390 0.778560 -0.107970 
-0.766944 0.265083 0.119957 
-0.136229 -0.828912 -0.120657 
0.317404 -0.941357 -0.056080 
-0.787649 -0.404397 -0.061218 
-0.982567 0.067295 0.103386 
-0.718058 0.563112 0.126246 
0.794318 0.590608 0.006636 
0.826351 -0.027604 0.009273 
0.146409 0.929684 -0.111091 
-0.144819 0.832166 -0.120657 
-0.669610 0.469035 0.048662 
0.210297 -0.914167 -0.111537 
0.944515 0.297639 0.003255 
0.753485 0.368655 0.126246 
-0.454643 0.808832 -0.108075 
0.756682 -0.348185 -0.044022 
-0.796289 0.242624 -0.037447 
0.822163 0.449122 -0.111210 
0.643830 0.670908 0.126246 
-0.345567 -0.767772 -0.120657 
-0.562947 0.639279 -0.120657 
-0.681724 -0.533800 -0.120657 
0.989466 -0.047193 0.110442 
0.480497 -0.849562 0.126246 
0.312591 -0.804608 0.126246 
-0.818721 -0.208505 -0.120657 
-0.134102 0.936474 0.126246 
-0.211958 0.911082 0.126246 
-0.411512 0.809864 0.126246 
0.262391 0.952650 -0.011374 
-0.367895 -0.915222 0.065472 
-0.207726 -0.808613 -0.036539 
0.384446 -0.743425 -0.035028 
-0.283923 0.948776 -0.052496 
-0.933769 -0.119521 -0.111116 
-0.659431 -0.469163 0.094909 
0.680169 0.524328 0.126246 
-0.283389 0.760120 -0.120657 
-0.762160 -0.287900 0.062309 
-0.473669 -0.867171 0.055206 
0.290794 0.889211 -0.110520 
-0.672833 0.556793 -0.120657 
0.626247 0.722222 -0.110757 
0.925914 -0.212910 -0.110527 
0.584959 -0.643701 -0.120657 
0.019874 -0.809393 0.110372 
-0.837921 0.515926 -0.085461 
0.669118 -0.729180 0.055270 
-0.418942 0.700253 0.125605 
-0.083572 0.877516 0.126246 
0.668907 -0.739715 -0.055740 
-0.825031 -0.160063 0.126246 
0.643109 -0.510193 0.059005 
0.907756 -0.360819 -0.101911 
-0.255813 0.921034 -0.108061 
0.432007 -0.888650 -0.084700 
-0.052180 -0.816459 0.059609 
0.026376 0.867403 -0.120657 
-0.910079 -0.331365 -0.101942 
-0.571402 -0.648805 -0.120657 
-0.185123 0.806177 0.126246 
0.773290 0.556433 -0.110764 
0.984760 -0.145274 -0.072740 
0.864535 -0.298584 0.126246 
0.914473 0.380644 -0.001946 
0.409366 0.771611 -0.120657 
-0.167144 -0.974562 0.066361 
0.458419 -0.823615 -0.111748 
-0.102831 -0.821218 0.004022 
-0.331002 -0.778909 0.126246 
0.911813 0.306918 -0.106752 
-0.327387 0.745738 -0.058931 
-0.703713 0.488438 -0.120657 
-0.791714 -0.263078 -0.049478 
0.405292 -0.770882 -0.120657 
0.759658 0.431632 -0.120657 
0.946702 0.006178 -0.111741 
-0.912885 -0.195095 -0.110793 
-0.743121 -0.333650 0.124369 
0.833022 0.032081 0.126246 
0.388997 0.867965 0.126246 
0.031717 -0.988296 0.085698 
-0.062239 -0.886412 -0.060550 
-0.733621 -0.569953 -0.110359 
-0.668259 -0.598370 0.126246 
-0.972913 0.163260 0.040229 
0.596130 0.789320 0.069620 
0.783472 -0.215203 -0.063378 
0.625697 0.546454 -0.007148 
-0.292774 -0.944243 0.059030 
-0.921583 0.344346 -0.010920 
-0.628694 0.536186 -0.015431 
0.890175 0.046228 -0.120657 
0.832281 -0.001272 -0.047940 
-0.563185 -0.612729 -0.030980 
-0.461922 -0.776268 0.126246 
-0.962247 0.227915 -0.030724 
0.430927 -0.724523 0.126246 
0.586901 0.614939 0.126246 
0.250315 0.785869 -0.058931 
-0.634192 -0.753965 0.046725 
-0.414724 -0.898967 -0.045428 
0.479340 0.864559 0.050444 
-0.802042 -0.098532 0.114072 
-0.798798 0.125700 -0.057996 
-0.223027 -0.961500 -0.083448 
-0.441268 0.881285 -0.006352 
0.757316 0.637005 0.107753 
-0.971677 -0.153999 -0.016393 
0.863907 -0.158313 -0.120657 
-0.015641 0.873670 0.126246 
0.427080 0.689016 -0.119707 
-0.659585 0.590456 -0.060185 
0.704118 0.427218 -0.058931 
0.790899 0.355964 -0.120657 
-0.762449 0.406314 -0.120657 
0.974722 -0.176619 -0.019297 
-0.798960 -0.149708 -0.120657 
0.467865 0.751029 -0.120657 
-0.576930 0.571114 -0.120657 
-0.279925 -0.769370 -0.055537 
-0.291309 0.837762 -0.059087 
0.974603 0.176779 0.060768 
-0.713839 0.687897 -0.057891 
0.850576 -0.266176 -0.070139 
-0.633724 0.756151 0.022532 
-0.269686 -0.894938 0.126246 
-0.828760 0.445248 -0.111252 
0.803406 -0.578489 0.051349 
-0.491235 0.673748 -0.055184 
0.737229 -0.500900 -0.060549 
-0.781724 -0.490746 0.126246 
0.340706 -0.928007 -0.000724 
-0.315107 0.746759 0.092553 
0.494208 -0.668846 -0.033485 
0.333400 -0.812768 -0.120657 
0.589994 -0.747087 0.126246 
-0.263558 0.780658 0.019119 
0.931272 0.331995 0.126246 
0.989949 0.031860 0.062792 
0.993529 -0.019008 -0.038654 
-0.388618 -0.708377 -0.059215 
-0.721898 -0.680746 -0.064713 
0.119588 0.800818 -0.063797 
0.715442 0.432172 0.126246 
-0.884995 0.001492 -0.116522 
0.087443 0.867753 -0.120657 
-0.689589 0.662993 0.126246 
-0.025116 -0.926934 -0.108965 
0.750733 0.328932 0.067478 
-0.633486 -0.606463 -0.120657 
-0.808731 -0.008093 -0.057972 
-0.834763 0.382244 0.126246 
-0.458820 -0.760292 -0.063224 
-0.444413 -0.696732 0.126246 
0.281178 0.946951 0.069722 
-0.777402 -0.347669 -0.120657 
-0.093653 0.822609 -0.058931 
0.467034 -0.737433 -0.120657 
-0.265432 -0.818328 0.126246 
-0.534683 -0.606629 0.102072 
-0.532017 0.619420 0.055114 
0.202498 0.855503 -0.120657 
-0.550339 0.817275 0.042694 
-0.907648 -0.180837 0.126246 
-0.340582 -0.875876 -0.110837 
0.871410 0.194160 -0.064692 
0.543881 -0.705865 -0.064285 
0.731343 -0.437574 -0.120657 
0.549233 -0.625344 -0.050832 
0.749997 0.645924 -0.020806 
0.612667 0.646161 -0.116517 
-0.514387 0.840109 0.102758 
-0.808081 0.362845 -0.063424 
-0.578724 -0.570108 0.080345 
0.893234 -0.223714 0.126246 
-0.541243 0.825316 -0.034717 
-0.744335 0.321896 0.080871 
0.416222 -0.704461 0.071500 
0.735615 0.546515 0.126246 
0.899290 0.041098 0.126246 
0.811220 -0.047543 -0.120281 
0.113096 0.988087 -0.059332 
-0.845479 0.167328 -0.120657 
-0.556347 0.611529 -0.012093 
0.925668 -0.360088 -0.037739 
-0.053523 0.985467 0.076782 
-0.340102 0.929110 -0.038179 
0.061300 -0.875128 0.126246 
-0.827693 0.539166 0.018299 
-0.644248 -0.504133 0.044396 
0.349157 0.879070 -0.111454 
-0.650709 0.746627 -0.048658 
-0.756597 0.638769 -0.044821 
0.568798 0.808906 -0.024586 
-0.631857 -0.751584 -0.091008 
0.935967 -0.009138 0.126246 
-0.481344 -0.661165 0.050690 
0.797335 -0.156135 -0.077345 
0.814777 0.267074 0.126246 
0.741227 -0.618832 0.126246 
0.835211 -0.531840 0.118841 
0.031765 -0.829070 -0.003737 
0.920789 0.241382 -0.110476 
-0.819994 0.241089 0.126246 
-0.407769 -0.836743 0.126246 
-0.850166 -0.383172 0.126246 
-0.939422 0.292080 0.102228 
0.272772 0.954394 -0.073369 
-0.873763 -0.144316 -0.062684 
0.270620 0.772196 0.064073 
-0.862163 -0.471877 -0.088049 
-0.295956 0.808417 0.126246 
-0.954829 -0.237628 -0.011496 
0.154437 -0.853570 0.126246 
-0.124103 -0.881794 -0.073313 
0.716597 0.673762 0.126246 
-0.900844 -0.396430 0.016514 
0.028971 0.943266 0.126246 
0.364107 -0.812924 -0.063207 
0.329762 0.749991 0.125753 
0.413100 0.841515 -0.110804 
0.496461 -0.739694 -0.063782 
-0.096119 0.981777 -0.002683 
-0.252786 0.953507 0.076412 
-0.691523 -0.459525 -0.022020 
0.961237 0.238659 0.057546 
0.216616 0.963561 0.096194 
-0.436542 -0.820014 -0.110002 
-0.071918 -0.830607 -0.050739 
-0.838974 -0.293254 -0.073225 
0.527726 0.795211 -0.111112 
-0.461409 0.673712 0.057570 
0.535670 0.627378 0.034194 
-0.164596 -0.921403 0.126246 
0.321213 -0.772177 -0.050358 
-0.985484 0.036560 0.050999 
-0.811632 -0.266401 -0.120657 
-0.764959 -0.624957 -0.023697 
0.852676 0.258996 -0.058989 
0.406720 -0.701659 -0.120650 
-0.960017 -0.240498 -0.072177 
-0.602333 0.656147 -0.079355 
0.955231 0.081599 0.126246 
0.829415 -0.323525 -0.120657 
0.660211 -0.702591 -0.105483 
-0.368721 -0.914923 -0.015829 
-0.457437 -0.878419 -0.013960 
-0.780896 -0.602877 0.081678 
0.302413 -0.754077 0.099490 
0.752784 -0.324827 0.123135 
-0.851078 -0.052315 -0.120657 
-0.434616 0.772102 -0.064624 
0.146000 -0.821110 -0.022757 
0.193248 -0.969382 0.061030 
0.019738 0.828644 -0.031701 
0.083525 -0.980506 -0.092533 
0.138700 0.810855 0.036997 
-0.670500 -0.648325 -0.111593 
-0.168838 0.809785 -0.004633 
-0.152069 -0.978856 0.012042 
-0.907524 0.398393 -0.062229 
0.566123 -0.589659 0.120137 
-0.380006 -0.735326 -0.002515 
-0.792905 0.149612 0.112230 
-0.466184 -0.683365 0.000754 
-0.832804 0.299659 -0.118053 
0.544415 -0.828836 0.058376 
-0.719704 0.590911 -0.111238 
0.532247 -0.674028 0.126246 
-0.217281 0.799443 -0.047095 
0.614544 0.569865 -0.120657 
-0.069652 -0.988893 0.006457 
0.622301 -0.777025 -0.044301 
-0.760783 0.390518 0.126246 
-0.720485 -0.618024 0.126246 
0.161259 -0.948080 -0.108551 
0.580999 0.739313 0.126246 
-0.029396 0.866776 -0.120657 
0.800724 0.136786 -0.077047 
-0.819764 0.013883 0.030705 
0.800282 -0.485120 0.126246 
-0.839510 0.479212 0.126246 
-0.258031 -0.958017 -0.035373 
0.720303 0.502735 -0.120657 
0.609832 -0.565140 -0.006455 
0.585651 -0.702896 -0.100589 
-0.887782 -0.309780 0.126246 
-0.019394 -0.818754 -0.120657 
-0.631579 -0.501643 -0.072281 
-0.729688 0.382022 0.009601 
0.249051 -0.788015 0.018679 
0.204410 0.804081 -0.026402 
-0.852398 -0.055297 0.126246 
0.872157 0.159832 -0.120657 
0.982484 0.113978 -0.084439 
-0.982426 -0.123711 -0.070791 
0.646785 0.513053 0.030986 
0.653385 0.500123 -0.120657 
0.502074 0.851982 0.103399 
0.159499 0.974390 0.050181 
-0.990713 0.006417 -0.067643 
0.341304 0.735266 -0.063291 
-0.475514 0.794541 0.126246 
0.182727 -0.837810 -0.120657 
-0.941544 0.204407 0.126246 
0.738286 0.669092 -0.068626 
0.812794 -0.573785 -0.061410 
0.900782 0.410861 0.066263 
-0.584242 -0.798620 0.000393 
-0.926102 -0.332904 -0.020775 
0.978069 0.155785 -0.004110 
-0.812474 -0.559253 0.075071 
0.890968 0.081923 -0.072462 
-0.089448 -0.980630 -0.089552 
0.430472 -0.716712 -0.045462 
0.543035 0.685630 -0.120657 
-0.732706 0.340004 -0.120657 
-0.251450 -0.957897 0.023018 
-0.340412 0.844043 -0.103255 
0.793523 0.247278 -0.001361 
-0.103590 -0.808639 0.074256 
0.813915 -0.171656 0.126246 
0.939323 -0.090219 -0.110737 
0.714339 -0.449915 0.126246 
-0.393948 0.903365 0.121548 
0.561125 0.611868 -0.058931 
0.876888 0.347668 0.126246 
-0.920794 0.170004 -0.112234 
-0.814898 0.132219 -0.000161 
0.436502 0.777225 -0.070339 
-0.231789 -0.856883 -0.068735 
-0.884134 -0.027275 -0.065744 
-0.461195 0.756880 -0.120083 
0.909427 -0.392342 0.062022 
-0.364704 0.730029 0.060037 
0.824296 0.548773 0.049998 
0.402957 0.816280 0.126246 
0.711742 0.687383 0.028869 
0.853220 0.399121 0.126246 
0.804339 0.241141 -0.120657 
0.250658 0.789351 0.005895 
0.760217 -0.287163 -0.113528 
-0.517755 -0.840781 0.069191 
0.023189 -0.888051 -0.114426 
0.814992 0.089001 0.068791 
-0.502605 -0.730312 -0.059085 
-0.716496 -0.401830 0.025286 
-0.702036 -0.406869 0.082734 
0.892525 -0.028850 -0.065462 
0.372428 0.727343 0.071627 
0.622613 -0.612639 0.126246 
0.863931 0.486356 -0.033175 
-0.215597 -0.794199 0.030513 
-0.977708 -0.119057 0.081817 
-0.470897 0.865448 0.085370 
0.105195 -0.861270 -0.120657 
0.882835 0.103038 -0.120657 
-0.716088 -0.676067 0.115111 
0.134134 0.911269 0.126246 
-0.910530 0.058856 -0.102370 
-0.526727 0.712078 -0.063131 
-0.761035 0.342367 -0.047956 
-0.901850 -0.394103 0.070105 
0.008274 -0.994072 -0.055263 
0.669788 -0.538509 0.126246 
0.733567 -0.587126 -0.111964 
0.342881 -0.887913 0.126246 
-0.375061 0.908049 -0.088854 
0.861199 -0.064504 0.126246 
-0.532726 -0.664816 0.126246 
0.097039 0.982354 0.054016 
0.660038 0.737121 -0.004649 
0.819501 0.566107 -0.049005 
0.338046 0.758857 -0.120657 
-0.937497 -0.108277 0.126246 
0.502343 -0.801885 0.126246 
-0.883862 0.345405 -0.111029 
0.932211 -0.287113 -0.101571 
-0.731516 -0.507632 0.126246 
-0.777924 0.281197 -0.007223 
0.467841 0.729905 0.126246 
0.251614 -0.791878 0.126246 
-0.570893 -0.589848 0.032569 
-0.942326 0.289451 -0.020451 
-0.814689 -0.072854 -0.054888 
-0.202494 0.965273 0.034412 
0.793256 -0.483033 -0.109479 
-0.361647 0.917010 0.007599 
0.071205 -0.988355 0.039801 
0.855460 -0.239925 -0.120657 
0.773231 -0.305089 0.001724 
-0.605606 -0.777524 0.099648 
0.465503 0.870004 -0.089782 
0.201507 0.923994 0.126246 
0.592586 0.791860 0.125175 
-0.314264 -0.768850 -0.016851 
0.340777 0.821145 -0.065087 
0.657447 -0.696604 0.126246 
0.520726 -0.846711 -0.023059 
-0.756005 0.455726 0.126246 
-0.033480 0.812924 -0.120657 
-0.380315 0.712345 -0.080679 
-0.192772 -0.832531 -0.120657 
0.871456 -0.101377 -0.120657 
-0.671426 0.652454 -0.110542 
-0.062355 0.825522 0.001955 
-0.810525 0.062294 0.122081 
-0.682054 -0.430467 -0.063375 
-0.658323 0.497394 0.000720 
-0.064678 0.885328 -0.064214 
-0.409124 0.786436 -0.115794 
0.385172 0.910413 0.029075 
-0.895492 -0.423791 -0.070626 
0.793799 -0.247754 -0.008098 
0.889739 -0.435795 0.090222 
0.612463 0.646818 -0.060725 
-0.063741 -0.940582 0.126246 
-0.278274 -0.771723 0.044529 
0.866320 -0.479807 0.042744 
0.749670 -0.653903 -0.061752 
-0.173852 0.975854 -0.074822 
0.781541 0.245944 0.069462 
-0.226977 -0.901226 -0.109891 
0.306528 0.886145 0.126246 
0.825718 0.082529 0.013358 
-0.746624 -0.359529 -0.014424 
-0.981215 0.138407 -0.065026 
0.964745 -0.224175 -0.000810 
0.708264 -0.422093 0.041097 
0.722053 -0.676937 0.053655 
-0.774993 0.570493 0.126246 
-0.761422 -0.451755 -0.073079 
-0.830236 0.028690 -0.031011 
0.055680 0.989381 -0.078347 
0.223348 0.785033 0.075809 
0.749549 0.353733 0.017733 
0.063801 -0.807451 -0.077833 
-0.363686 -0.721233 -0.100942 
-0.814225 -0.175123 -0.038702 
-0.445311 0.673061 -0.075522 
-0.110298 0.921388 -0.109959 
0.294193 -0.868522 -0.104437 
-0.325632 -0.743150 0.091562 
-0.144354 -0.913468 -0.108250 
0.798017 -0.212638 0.037585 
0.153001 -0.976026 -0.026757 
0.799379 0.472529 0.126246 
-0.824128 0.240693 -0.120657 
0.813882 0.178419 -0.052814 
0.608788 0.784946 -0.042425 
0.822209 -0.132931 -0.040830 
-0.625261 -0.570943 0.126246 
0.431457 -0.840376 0.126246 
-0.344196 -0.817631 -0.120657 
-0.602262 0.536436 -0.070978 
-0.024399 -0.988561 0.078151 
0.876367 -0.471982 -0.074762 
0.801472 0.155608 0.088504 
0.960363 -0.178063 -0.101573 
0.881946 -0.004419 -0.120657 
0.702169 0.700227 -0.082698 
-0.780929 0.606026 0.000455 
-0.863752 -0.006132 0.126246 
-0.517691 -0.846095 -0.048833 
-0.760042 -0.630003 0.026558 
0.455404 0.692653 0.006781 
0.724329 -0.383064 0.069148 
-0.648885 0.483105 0.096262 
0.530941 0.636886 -0.120657 
-0.666406 0.728361 0.047135 
0.156408 0.814706 -0.031737 
-0.907021 0.383378 0.081996 
-0.815983 0.172344 -0.045722 
0.192571 -0.814444 -0.037853 
0.013077 -0.899284 0.126246 
0.777227 0.437051 -0.064816 
0.159431 -0.796329 0.098947 
-0.521240 -0.694515 -0.120657 
-0.309514 0.766834 -0.018043 
-0.712814 0.492089 0.126246 
0.358592 -0.786796 0.126246 
0.570688 -0.748467 -0.112047 
0.891171 -0.432636 -0.019413 
0.116163 -0.883865 -0.069093 
0.853743 0.092942 0.126246 
0.827182 0.020755 0.000391 
0.479025 -0.677846 -0.120657 
-0.891836 0.217106 -0.107992 
-0.233767 -0.773983 -0.071382 
0.445645 -0.885249 0.069329 
-0.247448 0.855183 -0.072195 
-0.655947 0.468592 -0.100102 
0.678274 0.720040 0.123582 
0.187556 0.807969 -0.120657 
-0.374989 0.715723 0.111159 
-0.229383 -0.936805 0.126246 
-0.387829 0.727300 0.013827 
0.720612 -0.633922 -0.108446 
0.715618 -0.425097 -0.038057 
-0.420523 0.890983 -0.086140 
0.649783 0.605685 -0.120657 
-0.176608 -0.976738 -0.044410 
-0.715374 0.681045 0.024982 
0.977029 -0.162647 0.080411 
0.796397 -0.378703 0.126246 
0.921605 0.213012 0.126246 
-0.927906 -0.328111 0.092916 
0.230853 -0.960805 0.103758 
-0.232149 0.831759 -0.120657 
0.898964 0.418450 -0.033570 
-0.180480 -0.815020 0.126246 
-0.719657 0.625075 0.126246 
-0.426452 0.760561 0.126246 
-0.415914 0.738794 -0.120657 
0.843158 0.154331 0.126246 
-0.233900 0.957950 0.120699 
-0.799996 -0.178624 0.030958 
0.775227 0.300566 -0.009472 
0.214249 0.959080 -0.091397 
0.039047 0.816885 0.058911 
0.262413 0.849085 -0.119352 
-0.483555 0.858682 -0.011978 
-0.594314 0.711570 0.126246 
-0.279957 0.767025 0.062374 
-0.927277 -0.263964 -0.104998 
-0.519096 0.743589 -0.099243 
0.766430 0.268907 -0.080111 
-0.280975 -0.943324 0.126246 
0.183266 0.970466 0.000793 
0.856219 -0.117739 0.126246 
-0.772373 -0.314439 -0.045635 
-0.689458 0.417424 -0.062926 
0.628589 -0.550655 -0.054287 
-0.821444 0.043694 -0.120657 
-0.359857 -0.899374 0.126246 
0.967001 0.238016 -0.059842 
-0.771275 -0.234544 -0.103533 
-0.184327 0.792709 0.077883 
-0.561448 0.813914 -0.078375 
-0.843505 0.516322 -0.023323 
-0.750071 0.470544 -0.060970 
-0.783352 -0.409973 -0.120657 
-0.763878 0.298017 -0.120657 
-0.815574 -0.559616 -0.008227 
-0.467649 -0.784270 -0.104420 
0.106607 -0.984349 -0.019377 
0.712960 -0.558797 0.126246 
0.093432 0.882308 0.126246 
0.744654 -0.657466 0.016119 
-0.794073 0.183963 0.056060 
0.171729 -0.925120 0.126246 
-0.125349 0.834850 0.126246 
-0.293516 -0.837625 -0.112298 
0.371728 0.921028 -0.072063 
-0.076634 0.816432 0.046399 
0.201024 -0.866035 -0.058942 
0.432921 0.694549 0.123469 
0.752448 0.477563 -0.062013 
0.314911 0.936719 0.101550 
0.783196 -0.221606 0.103067 
0.954264 -0.270417 -0.001066 
-0.504716 0.690872 0.126246 
-0.769131 -0.445128 0.126246 
0.144880 0.876352 -0.113124 
-0.510089 -0.625486 -0.083434 
-0.657080 -0.493477 -0.120657 
0.288410 -0.945321 0.079354 
0.623060 -0.615318 -0.120657 
-0.890230 0.430809 -0.032616 
-0.083365 0.988552 -0.047561 
0.777034 -0.237610 -0.110621 
0.944757 -0.302819 0.078335 
0.856348 -0.397239 -0.111067 
0.145753 -0.977223 0.076531 
-0.595059 0.572371 -0.004682 
0.808744 0.522150 -0.108317 
0.422774 0.896076 -0.035549 
-0.076318 0.850029 -0.120657 
-0.907357 0.172238 0.126246 
-0.728280 0.438436 -0.120657 
-0.649355 -0.502434 0.126246 
-0.309191 -0.746464 -0.098735 
0.384394 -0.911329 0.104627 
-0.339801 -0.926859 0.029980 
-0.877719 0.450880 0.045058 
-0.715927 0.379564 0.117431 
0.842056 -0.520831 0.014657 
0.878486 -0.158086 -0.067828 
0.287304 -0.825434 -0.120657 
0.226410 -0.778297 -0.070419 
0.013959 0.818361 -0.120657 
0.243687 -0.957812 -0.027271 
0.676518 0.455969 0.117213 
0.623722 -0.673764 -0.104792 
-0.239584 -0.802047 -0.120657 
0.994243 -0.088560 -0.054495 
0.641310 0.501675 0.114685 
-0.809368 -0.243621 0.126246 
0.944405 0.298003 0.056241 
-0.808682 0.405357 -0.098470 
-0.621474 0.706813 -0.111504 
-0.711647 -0.416369 -0.120657 
0.534163 0.643719 0.126246 
0.679761 -0.444621 -0.059999 
0.373092 0.800465 -0.120657 
0.651915 -0.544603 -0.120657 
-0.094634 -0.849343 -0.120657 
0.476204 -0.715260 0.126246 
0.881035 -0.341735 0.126246 
0.664242 0.466409 -0.080317 
-0.864935 -0.338997 -0.107988 
-0.977347 0.092910 -0.088632 
-0.341344 0.816825 0.126246 
0.638755 -0.503181 -0.058891 
-0.790061 0.168679 -0.120657 
-0.073985 0.974880 -0.095406 
-0.009665 0.813039 0.086289 
0.710747 -0.538408 -0.064186 
0.576286 0.577861 0.084882 
0.290517 0.757776 0.103012 
0.987242 0.081016 0.021961 
-0.341686 0.776352 -0.120657 
-0.815414 -0.099577 0.020835 
0.903655 -0.274558 0.126246 
-0.862910 0.224785 0.126246 
0.399149 0.710311 -0.058931 
-0.041472 0.985862 -0.029141 
-0.629147 -0.541009 -0.016627 
0.680321 0.467999 0.033285 
0.340427 0.756808 -0.017072 
0.995163 0.069502 -0.051459 
0.837834 -0.507897 -0.097937 
0.333438 0.932193 -0.036485 
-0.854149 -0.492509 0.088652 
0.703031 -0.697246 0.089882 
0.816024 -0.015629 0.116402 
-0.095755 0.981812 0.122565 
-0.562709 0.684177 -0.060912 
-0.582047 -0.675898 -0.077864 
0.154033 0.839018 0.126246 
-0.764244 -0.520950 -0.108976 
-0.986445 -0.046527 0.011214 
0.989073 -0.059193 -0.017872 
-0.776874 -0.241906 0.065700 
0.726664 0.558159 -0.102795 
0.759966 0.440942 0.126246 
0.457429 -0.693647 -0.005958 
0.408773 -0.790717 -0.070019 
-0.464357 -0.870486 0.099934 
0.775554 -0.427567 -0.120657 
-0.966920 -0.074007 -0.100502 
-0.606230 0.608086 0.126246 
0.035021 -0.990729 0.007712 
-0.646582 -0.562228 -0.120657 
0.555028 -0.602317 0.067075 
-0.183226 -0.962574 0.126246 
0.827047 0.212077 0.126246 
-0.797133 0.536125 -0.106368 
-0.804525 -0.045170 -0.093513 
0.550518 -0.596241 -0.085249 
0.073396 0.922633 0.126246 
0.811971 -0.115840 0.066178 
-0.742600 -0.392272 0.126246 
0.517879 -0.843653 0.101976 
0.532249 0.689653 0.126246 
-0.710843 -0.380779 -0.077748 
-0.744777 -0.345556 0.028708 
0.230203 0.889516 0.126246 
-0.534156 0.673665 -0.120657 
0.814899 -0.287412 0.126246 
0.941326 0.325282 -0.049956 
-0.157777 -0.816214 -0.015023 
0.399338 -0.905478 -0.009164 
-0.151834 0.896798 -0.098102 
0.046574 0.913330 -0.104550 
0.741673 0.364365 -0.058931 
0.467229 0.672837 0.065161 
0.532930 0.832794 -0.012834 
0.554019 0.819496 0.068274 
0.988136 0.071937 0.097666 
0.961383 0.207841 -0.094995 
0.668014 -0.730214 0.010676 
0.569759 -0.605028 -0.016823 
-0.976429 -0.024971 -0.095913 
0.941070 0.172897 0.126246 
0.485682 -0.869330 -0.058257 
-0.579069 -0.561909 -0.100006 
-0.715905 -0.676263 0.064466 
0.136778 -0.965083 0.126246 
-0.884026 0.423528 -0.091320 
0.965148 -0.222446 0.084582 
-0.705505 0.390378 -0.109879 
0.728261 -0.385235 -0.120657 
-0.980865 -0.102518 -0.027970 
0.826047 0.137155 -0.120657 
0.200355 0.841695 0.126246 
0.293032 -0.766238 0.055752 
0.977774 -0.158134 0.029397 
-0.894526 0.110309 -0.093699 
0.673972 0.724070 0.035495 
-0.520524 0.752519 0.126246 
0.950591 0.135114 -0.106938 
-0.800136 0.106937 0.102642 
-0.815686 -0.028581 0.049970 
-0.665532 -0.471576 -0.055851 
0.402914 -0.787371 0.126246 
0.608487 0.566752 -0.042568 
-0.852064 -0.240127 -0.104823 
-0.673491 -0.719494 0.109321 
0.031429 0.825831 0.010861 
-0.072504 0.984103 0.036874 
-0.617808 0.766848 0.107001 
0.839829 0.301170 -0.062039 
0.378700 -0.721681 0.087259 
-0.521450 0.646241 -0.038401 
-0.438240 0.709442 -0.051525 
-0.511163 0.839856 -0.089850 
-0.858866 0.439589 0.126246 
0.069715 -0.810191 0.092040 
0.097052 -0.820777 0.015589 
-0.979502 0.128114 0.014604 
-0.115470 -0.800901 -0.093950 
0.861884 0.487544 0.015165 
-0.934538 0.043271 0.126246 
0.323859 -0.934347 0.045020 
-0.725744 0.507036 -0.060172 
-0.966142 -0.037706 0.126246 
0.909020 -0.393241 0.016932 
-0.849986 -0.246672 -0.059665 
-0.847663 0.268005 -0.075744 
-0.566088 0.671612 0.126246 
0.012146 -0.855493 0.126246 
-0.168407 -0.857119 0.126246 
-0.315025 0.917040 0.126246 
0.172172 0.798754 0.066962 
0.456118 -0.881313 0.024643 
-0.904973 0.008457 0.126246 
0.061503 -0.867779 -0.120657 
0.817940 0.009049 0.072024 
0.774087 -0.546718 0.126246 
0.735523 -0.345019 -0.082039 
0.639929 0.754258 0.083512 
-0.171544 -0.790570 -0.062616 
-0.332677 0.821666 -0.066637 
-0.170484 0.960453 0.126246 
0.811021 0.052549 -0.108217 
-0.913501 -0.256845 0.126246 
-0.693385 0.700595 0.102710 
0.587986 -0.799691 0.027787 
-0.238239 0.780831 0.060877 
0.664933 -0.597483 -0.074017 
0.724778 -0.677766 -0.033561 
-0.021566 0.945699 0.126246 
-0.131220 0.817962 -0.027931 
-0.705305 -0.551522 -0.083080 
0.404897 0.901476 0.103757 
-0.631989 0.567510 0.126246 
-0.649113 0.511822 -0.044897 
0.666263 0.721726 -0.093949 
-0.741978 0.647433 0.090531 
-0.914606 -0.370094 -0.082594 
-0.818442 -0.309158 -0.120657 
-0.101478 -0.844482 0.126246 
-0.004603 0.987068 0.075034 
-0.611250 -0.641361 -0.105664 
-0.805321 -0.056931 0.102857 
-0.162545 0.972768 0.061557 
0.512845 0.833493 -0.097716 
0.323923 -0.849103 0.126246 
-0.362884 -0.808026 0.126246 
0.121968 -0.808678 -0.056401 
0.939359 -0.136123 0.126246 
0.542356 -0.650658 -0.120657 
0.676177 0.579204 -0.072606 
-0.656627 -0.735841 0.009005 
0.488344 0.671976 -0.016135 
-0.417353 -0.717780 -0.014970 
0.279325 -0.761077 -0.060409 
0.236156 0.875006 -0.097266 
-0.824171 -0.114529 -0.050269 
0.113635 -0.954480 -0.108609 
0.600591 -0.698184 0.126246 
-0.145922 0.808549 0.036350 
-0.552775 -0.811408 -0.092750 
-0.209694 -0.966698 0.050796 
0.711433 0.418748 0.034530 
-0.088227 -0.984350 0.088832 
0.012500 0.990803 -0.078301 
-0.809243 0.009177 0.090418 
0.760974 -0.547880 -0.109490 
-0.272683 0.947471 0.031895 
-0.286260 0.943353 -0.010173 
-0.142605 0.981139 -0.046166 
-0.919602 -0.079293 -0.108680 
0.249019 -0.838560 0.126246 
0.577336 0.588326 0.037777 
0.263679 -0.948963 -0.086847 
-0.218569 0.779973 0.099920 
-0.783560 0.605715 -0.044321 
0.716299 0.427403 -0.120657 
0.622568 0.771867 -0.080552 
-0.978872 0.108357 0.092784 
-0.697092 0.426444 0.047023 
0.828166 0.369976 -0.095267 
0.365790 0.728594 0.118711 
-0.282774 0.858792 0.126246 
-0.381012 -0.791148 -0.120657 
0.540266 0.706953 -0.071673 
0.271808 -0.907494 0.126246 
-0.607482 -0.719752 0.126246 
-0.825550 0.077308 -0.051117 
0.884310 0.445587 0.084092 
0.676533 -0.505092 -0.120657 
0.492159 -0.648800 0.094478 
-0.811441 0.491281 -0.111462 
0.305753 0.843218 -0.079142 
0.900535 0.347722 -0.106409 
0.243142 -0.825592 -0.120657 
-0.660022 0.509931 -0.120657 
0.033792 0.808150 -0.084715 
-0.914753 0.362493 0.026676 
-0.939226 -0.293289 0.014873 
0.824016 0.284923 -0.120657 
0.865073 0.428881 -0.107037 
-0.565744 0.758170 0.126246 
0.892900 0.302774 0.126246 
-0.951015 0.254637 0.117841 
-0.038573 -0.808301 -0.063721 
0.689070 0.610753 -0.106204 
0.007770 -0.816721 0.070658 
0.420487 0.894412 0.007340 
0.736002 -0.389732 -0.048777 
0.762592 -0.466277 0.126246 
0.635301 0.516363 0.071365 
0.653791 0.573725 0.126246 
-0.316019 -0.891915 0.126246 
-0.789478 -0.162104 -0.081597 
0.687928 0.467870 -0.036681 
-0.541371 -0.741599 -0.106347 
0.780145 0.609187 0.061182 
-0.580228 0.751737 -0.108745 
0.832530 0.206765 -0.120657 
-0.479836 0.665109 -0.120657 
0.286669 0.796638 0.126246 
-0.315320 0.934446 0.075999 
-0.833719 -0.534879 -0.071607 
0.690258 -0.428066 -0.110293 
0.584676 0.797528 0.012522 
-0.836368 -0.376063 -0.106366 
0.960043 -0.263342 -0.073949 
-0.525624 0.833121 0.005824 
-0.838399 0.340515 0.126246 
-0.380494 -0.722924 0.057127 
-0.457293 0.835172 0.126246 
-0.474167 -0.653590 -0.081427 
0.923460 0.257416 0.126246 
0.223051 -0.789645 0.053580 
-0.550897 -0.822804 -0.006752 
-0.708079 -0.620584 -0.111459 
0.574978 0.572904 -0.090040 
-0.020194 0.965818 -0.106028 
0.118245 -0.803115 0.101048 
0.505165 -0.816098 -0.108003 
0.675922 -0.656687 0.126246 
0.843579 -0.376365 0.126246 
0.788524 -0.416408 -0.061381 
-0.831390 0.530280 0.065664 
0.333227 -0.854159 -0.104350 
-0.157642 0.792729 -0.117531 
-0.963660 -0.199752 -0.026172 
0.756543 0.386591 -0.120657 
-0.790460 -0.182024 0.080635 
-0.019563 -0.981051 -0.094299 
-0.734758 0.331697 -0.080022 
0.811305 -0.074939 0.097902 
0.829430 -0.071082 -0.018127 
-0.780523 0.233849 0.058396 
-0.495719 -0.805668 0.126246 
0.695806 0.431543 0.070774 
0.612202 0.705622 0.126246 
-0.857016 0.127506 -0.120657 
-0.784279 -0.324691 0.126246 
-0.256717 0.786632 -0.021326 
0.800533 -0.582498 0.008642 
0.971619 -0.112008 -0.096625 
0.473147 -0.758187 0.126246 
-0.273358 -0.844023 -0.076688 
0.797863 0.376221 0.126246 
-0.797578 -0.225044 -0.015362 
0.039718 -0.985836 0.126246 
-0.117738 0.799928 -0.083824 
-0.777099 -0.264954 0.025327 
-0.774140 0.609862 0.068877 
-0.228343 -0.800054 0.126246 
-0.407788 -0.900097 0.058477 
0.323404 -0.934519 0.125787 
-0.686085 -0.473085 0.126246 
0.811857 0.178373 -0.000089 
-0.673333 0.450981 0.087660 
-0.424786 -0.781508 -0.072885 
-0.562158 0.586915 0.075863 
0.833839 0.533483 0.092194 
0.796453 0.396927 -0.120657 
0.943526 -0.049228 -0.111872 
-0.302872 0.796717 -0.120657 
-0.745143 -0.323122 0.075146 
0.777825 0.249547 0.118198 
-0.989057 0.052212 -0.054855 
0.620890 0.525270 -0.120657 
0.634804 -0.508636 0.101363 
0.803155 0.173361 0.125458 
-0.969270 0.191716 0.008503 
0.844508 -0.358662 -0.104077 
0.507413 0.729451 -0.120657 
0.819703 -0.072834 0.054048 
0.234433 0.819021 0.126246 
0.264298 0.929956 -0.105090 
-0.383187 -0.901366 -0.094229 
0.792444 -0.256645 -0.058931 
-0.567893 -0.573751 -0.059355 
0.279020 0.780215 -0.120657 
-0.859650 -0.426623 -0.108362 
0.640276 0.531289 -0.047712 
0.312021 0.769639 -0.050596 
-0.967059 0.168137 -0.089129 
0.193855 -0.786606 -0.093568 
-0.769469 -0.587684 -0.102397 
0.373678 -0.806423 -0.120657 
-0.703940 -0.571336 0.126246 
0.809896 -0.151545 0.046642 
0.826898 0.098480 -0.042440 
0.632506 -0.626885 -0.078552 
0.982577 0.128380 0.025703 
0.035685 0.986273 0.108589 
0.773038 0.332935 0.126246 
0.906593 0.145149 -0.104652 
0.818318 0.072939 0.125799 
-0.891207 -0.143629 0.126246 
0.864876 0.468545 -0.094900 
-0.219457 0.903003 -0.110133 
0.835721 -0.455086 0.126246 
0.806562 -0.097874 -0.073105 
0.540337 0.631809 -0.029149 
0.900110 0.417526 -0.082254 
0.774510 0.524396 0.126246 
-0.869869 -0.468824 0.006335 
0.755560 0.320378 -0.120657 
-0.549311 0.596559 0.117755 
-0.472207 -0.838970 -0.107344 
-0.878622 -0.447066 0.083707 
-0.719097 0.416225 -0.035391 
0.956142 0.259313 0.009074 
0.764961 0.624502 -0.090259 
-0.060320 0.810907 0.086702 
-0.417341 0.715968 -0.011357 
0.848248 0.311746 0.126246 
-0.684487 0.583059 -0.092251 
0.596765 0.606103 -0.120657 
-0.988540 -0.026238 -0.032239 
0.023535 -0.929709 -0.109855 
0.697606 -0.712496 -0.063646 
-0.353625 0.892854 0.126246 
0.547395 -0.770393 0.126246 
-0.445083 0.879246 0.033683 
0.159059 0.979613 -0.071207 
-0.118696 0.876852 -0.120657 
0.330055 0.931452 0.064667 
-0.712189 0.525590 -0.096398 
0.325627 0.759072 0.020243 
0.989029 -0.060546 0.066851 
-0.867683 -0.174027 -0.103270 
-0.888838 -0.413367 0.126246 
0.663150 -0.492935 0.028795 
-0.892039 0.415515 0.122189 
0.647743 -0.489997 -0.097113 
0.761097 -0.403569 0.126246 
0.755970 -0.471852 -0.119027 
-0.557553 -0.814539 0.079875 
-0.001664 -0.987946 0.119591 
-0.550394 0.622537 -0.052649 
0.853776 0.501421 0.117517 
0.142812 -0.836099 -0.120657 
0.843487 -0.288511 -0.107558 
-0.640966 0.682144 0.126246 
-0.984826 0.012111 0.095465 
-0.529536 0.608900 -0.110315 
-0.807711 -0.455435 0.126246 
-0.779294 -0.283274 -0.017346 
-0.619101 -0.639317 0.126246 
0.693109 -0.426117 0.102315 
0.333585 -0.745581 0.076136 
-0.243385 0.886570 0.126246 
0.236035 -0.959597 0.022252 
-0.413025 0.825274 -0.107752 
-0.168024 -0.869613 -0.120657 
0.159019 -0.803757 0.057949 
-0.807969 0.566291 -0.079955 
0.454984 0.877578 0.079090 
-0.613307 0.531224 0.083419 
0.687399 0.720976 -0.052162 
-0.684522 0.462770 -0.008547 
-0.650626 -0.750721 -0.055961 
0.799679 0.556822 0.126246 
0.490299 0.858702 -0.014441 
-0.290342 -0.943967 -0.081713 
0.782588 0.218101 -0.086854 
0.677403 -0.484200 -0.058461 
-0.829125 -0.009456 -0.020189 
-0.754204 -0.285312 -0.065487 
-0.757858 0.309007 0.038102 
0.323829 -0.743542 -0.120657 
0.416769 0.711401 0.034342 
0.864767 -0.174119 0.126246 
0.367632 0.739549 0.022697 
0.735089 0.368371 0.051536 
-0.260219 0.881708 -0.107745 
0.841807 0.524351 -0.034466 
-0.020828 0.914028 -0.104294 
0.320655 -0.922339 -0.100149 
0.592588 -0.554672 -0.089878 
0.122129 0.805904 0.077978 
0.947314 -0.300590 0.023451 
-0.958216 -0.223103 0.069193 
0.427312 0.802529 -0.099154 
-0.790726 0.474361 0.126246 
-0.749825 0.300948 0.113787 
-0.352938 -0.731247 0.117238 
0.300530 0.941081 -0.014616 
0.543860 0.832492 -0.072471 
0.725222 0.672990 0.062806 
-0.396853 -0.714039 -0.120657 
-0.955064 -0.206374 -0.094324 
-0.921201 0.021819 -0.109684 
0.917686 -0.388760 -0.071918 
0.604590 0.685649 -0.101484 
-0.966897 -0.182949 0.099528 
0.455180 -0.861676 -0.101139 
0.812507 0.323287 -0.120657 
-0.245105 -0.799298 -0.043558 
-0.015933 -0.837262 -0.049568 
-0.522483 0.835074 0.063639 
-0.529468 -0.831586 0.118695 
0.812550 0.009720 -0.079887 
0.115555 0.906988 -0.103206 
0.799804 -0.349038 -0.120657 
-0.935221 -0.322855 -0.057425 
-0.818417 0.281595 0.126246 
-0.608128 0.779931 -0.040500 
-0.757754 -0.628978 0.122284 
0.191668 -0.975591 -0.062585 
0.477871 -0.867537 0.082426 
0.463634 0.665047 -0.073032 
0.756257 -0.336178 0.024507 
-0.431670 -0.688159 0.083428 
-0.590995 -0.796476 -0.052218 
0.148587 0.795586 -0.089254 
0.098992 0.803104 -0.120499 
-0.018990 0.829330 0.126246 
-0.356115 0.919092 0.046084 
0.672828 0.641268 0.126246 
-0.557111 -0.731320 0.126246 
-0.135577 -0.979513 -0.080681 
0.099626 0.951290 0.126246 
-0.707507 -0.688241 0.024056 
0.803314 0.308638 0.126246 
-0.985724 0.061241 0.019054 
0.894687 -0.188556 -0.100899 
0.348038 -0.734032 -0.058463 
0.340138 -0.758000 -0.002115 
-0.908070 0.380412 -0.027898 
-0.627377 0.668923 -0.106187 
0.733689 0.514144 -0.078486 
-0.184494 0.867845 -0.066322 
0.977926 -0.190449 -0.069409 
0.393269 -0.890837 -0.102527 
-0.492550 -0.678021 0.126246 
0.140302 -0.877359 -0.120657 
-0.074773 -0.805588 0.109814 
-0.833824 0.148323 0.126246 
-0.526503 0.615644 0.093123 
-0.316751 0.775983 0.126246 
0.083224 0.815224 -0.058931 
0.454908 0.885683 -0.054044 
-0.438754 0.679913 0.099620 
-0.327547 -0.930966 0.075790 
-0.940889 -0.287808 0.083755 
-0.798206 -0.575066 0.126246 
-0.794305 -0.491376 -0.112219 
-0.352703 -0.814159 -0.066335 
-0.053626 0.827126 -0.035433 
0.979336 0.148108 0.085859 
0.274341 -0.845863 -0.065698 
0.545044 -0.820707 -0.088300 
-0.905786 -0.147603 -0.107439 
-0.150537 -0.796858 0.098175 
-0.972796 0.156375 0.077953 
0.639119 0.500137 -0.085062 
-0.927892 0.327585 0.110976 
-0.861146 -0.482734 0.040964 
-0.456965 -0.666416 0.106223 
-0.632815 -0.619796 -0.082447 
0.144337 0.978602 -0.035862 
-0.891467 0.302357 0.126246 
0.851771 0.031367 -0.120657 
-0.006395 0.991133 -0.043466 
0.912355 -0.045491 0.126246 
-0.489753 -0.861575 -0.025514 
-0.835846 0.204299 -0.120657 
-0.064600 -0.947507 -0.110358 
0.244655 0.957023 0.064866 
-0.307978 -0.803300 -0.120657 
0.905170 -0.102712 -0.099248 
-0.220823 0.797503 -0.009213 
-0.310311 0.745437 -0.098052 
0.581520 0.577340 0.123453 
0.748901 0.593137 -0.110489 
0.836814 -0.075734 -0.120657 
-0.540641 -0.637612 -0.049317 
0.731772 -0.666560 0.088945 
-0.734786 0.346736 0.121191 
0.207902 -0.940451 0.126246 
-0.738947 -0.487469 -0.110929 
0.434110 0.733591 -0.120657 
-0.438265 0.862694 -0.104255 
0.225694 0.961445 -0.007093 
-0.961216 0.105128 0.126246 
0.955386 -0.230242 -0.091929 
0.843296 -0.531645 -0.047725 
0.872450 -0.443149 0.126246 
-0.437325 -0.865761 -0.102060 
-0.017420 -0.810220 0.103578 
-0.782425 0.205774 -0.120657 
-0.745572 0.504966 -0.095796 
0.217051 -0.782098 0.102784 
0.495783 0.650948 -0.120657 
0.815219 0.360839 -0.060912 
0.505220 0.797747 0.126246 
-0.606889 0.565241 -0.046931 
-0.826610 -0.541186 0.022877 
0.089362 0.883488 -0.086353 
-0.097257 0.809858 0.122629 
0.746205 0.582768 0.126246 
-0.196551 0.971521 -0.044949 
-0.980728 0.129223 -0.025944 
-0.760442 0.266529 -0.086208 
-0.886503 -0.348785 0.126246 
-0.518728 0.617961 -0.072800 
-0.859725 0.491263 -0.046277 
0.483654 0.654874 0.093875 
0.071888 0.808896 0.115015 
0.172231 0.902793 -0.106031 
0.393680 -0.719390 0.125209 
0.811885 0.556096 -0.092431 
-0.953777 -0.150579 -0.104082 
0.908526 -0.017982 -0.097837 
-0.312300 -0.756653 0.049554 
0.805921 -0.444064 -0.106038 
-0.193268 -0.939689 -0.108764 
-0.320492 -0.924905 -0.095775 
-0.339702 0.929730 -0.077660 
0.098319 -0.984831 0.065309 
0.793732 -0.605142 -0.054303 
-0.851855 -0.501486 0.008422 
-0.834982 -0.494142 -0.100693 
-0.664795 -0.473315 0.058196 
0.118369 -0.916765 -0.107697 
-0.791525 -0.594638 -0.034183 
-0.598659 -0.576563 -0.025428 
0.344502 0.909260 0.126246 
0.620649 -0.573527 0.126246 
0.782236 -0.608311 0.081940 
0.702987 0.406050 -0.089521 
-0.900453 0.135704 0.126246 
-0.613018 0.562203 -0.120657 
-0.599277 0.602094 -0.120657 
0.904735 0.402134 0.026718 
0.986784 0.147034 -0.068112 
0.283776 -0.951614 -0.044216 
-0.265226 0.949331 -0.085985 
-0.150705 0.974723 0.096661 
-0.163608 -0.792215 -0.102478 
0.047001 -0.887237 -0.074820 
0.762278 -0.503302 -0.100419 
-0.652265 0.643350 0.126246 
0.963272 0.045416 0.126246 
0.977086 -0.092602 0.126246 
-0.809101 0.078603 -0.120657 
-0.782359 0.251014 0.019783 
-0.233097 -0.782972 0.061122 
0.763254 -0.362317 0.126246 
-0.037623 -0.989282 0.042985 
0.803404 -0.218492 -0.028501 
-0.430041 0.701035 0.023026 
0.872585 0.467521 0.056785 
-0.492812 0.860295 -0.048583 
-0.857328 0.261280 0.126246 
-0.496089 0.781081 -0.107565 
0.811887 -0.028856 -0.061569 
0.286344 -0.773758 0.126246 
0.449506 -0.683090 0.073344 
-0.456252 -0.842841 0.126246 
0.763268 0.317210 0.027660 
0.584662 -0.803777 -0.014469 
-0.603087 -0.778037 -0.087175 
-0.387138 0.715785 -0.120657 
0.127938 0.811033 0.126246 
-0.018979 -0.893680 -0.081520 
-0.782923 0.438299 -0.092213 
-0.588824 -0.616352 -0.120657 
-0.049535 0.976340 0.126246 
-0.372534 0.796348 -0.120657 
0.862954 0.070881 -0.120657 
-0.813222 0.088648 0.040486 
0.529967 -0.630458 0.044498 
0.530298 -0.839093 0.020076 
0.597337 -0.555961 0.085802 
0.805841 0.104010 -0.092645 
-0.404655 -0.717974 0.019412 
-0.487790 0.669595 -0.014731 
-0.637602 0.617850 -0.070648 
0.916615 0.135815 0.126246 
-0.901254 0.068351 0.126246 
0.824338 -0.110833 -0.010584 
0.349075 -0.931752 -0.071708 
0.047994 -0.841049 0.126246 
0.822974 -0.551181 0.066801 
-0.012146 0.828111 -0.010187 
-0.705427 -0.452648 -0.120657 
0.809889 -0.174895 0.018518 
-0.522506 -0.831879 -0.091968 
-0.075425 -0.820450 0.028192 
-0.695127 0.417815 0.083097 
-0.750397 -0.394214 -0.120657 
0.946898 -0.305091 -0.012793 
0.562064 0.783153 -0.108390 
0.924191 0.046898 -0.107471 
0.895610 0.207448 -0.105093 
0.922616 -0.173862 0.126246 
-0.824910 0.110949 -0.037138 
-0.591428 0.560098 0.063656 
-0.220780 -0.967586 -0.047616 
0.013655 0.986994 0.022752 
-0.551857 -0.600233 0.061799 
-0.376044 0.798243 0.126246 
0.214789 0.788516 0.123183 
-0.834046 -0.159250 -0.120657 
-0.142969 -0.977625 0.094282 
0.368466 -0.917558 0.025253 
-0.345828 -0.758710 -0.031708 
-0.074826 -0.990096 -0.044081 
-0.271894 -0.854076 0.126246 
-0.814148 -0.347530 -0.113302 
0.193030 0.968854 0.123305 
-0.897958 0.407662 0.056604 
-0.448193 -0.742682 0.126246 
-0.675013 0.480932 0.126246 
-0.559881 0.810438 0.007133 
0.773320 0.617503 -0.005682 
0.240177 -0.882084 0.126246 
-0.747588 0.640597 0.049148 
-0.550151 -0.614533 -0.120657 
-0.066709 -0.885683 -0.100118 
-0.141808 0.939204 -0.111624 
-0.638253 -0.521202 0.012999 
0.488479 0.776623 -0.105391 
-0.784079 0.377244 -0.120657 
0.140987 0.946828 0.126246 
-0.859868 -0.489921 -0.027998 
0.748429 0.315058 -0.084122 
0.165033 0.838934 -0.120657 
-0.407181 -0.805700 -0.094437 
-0.386596 0.906696 0.071577 
0.013770 -0.843463 -0.120657 
-0.186891 -0.796899 0.053380 
-0.032454 -0.991802 -0.028656 
0.793774 -0.586896 -0.089192 
0.758190 -0.297000 0.099226 
-0.688763 0.713486 -0.062186 
0.488902 -0.853254 -0.090945 
0.148973 -0.812149 0.024325 
-0.822550 -0.018133 0.014303 
-0.722367 -0.360524 0.112203 
0.548461 -0.830081 -0.039026 
-0.509557 -0.762335 -0.105821 
0.413702 -0.905553 -0.058662 
0.395775 -0.720619 0.046631 
0.530518 -0.734152 -0.094014 
-0.880502 0.448256 0.007924 
-0.802708 -0.534456 0.126246 
0.930729 -0.348564 -0.077040 
0.521870 -0.647579 -0.042242 
0.444850 0.757560 0.126246 
-0.362612 0.858035 0.126246 
0.609621 -0.562085 -0.120657 
-0.767244 -0.253489 0.098291 
-0.682726 -0.434585 0.094891 
0.013938 0.853348 0.126246 
-0.725016 0.666193 0.121639 
-0.380407 -0.918492 -0.055340 
-0.884285 -0.215086 -0.102593 
-0.950614 -0.255706 0.122251 
-0.016920 -0.956218 0.126246 
0.802724 0.177267 0.053957 
0.872144 -0.430509 -0.103805 
-0.794728 -0.179088 0.124865 
-0.694434 0.616231 -0.110236 
0.118736 -0.851408 0.126246 
0.981052 0.078938 -0.091458 
0.123031 0.978316 0.126246 
0.840186 0.403425 -0.110270 
0.728842 0.402648 -0.049649 
-0.686196 -0.709213 0.073302 
-0.567258 0.805151 0.097151 
-0.086337 0.914275 0.126246 
0.930487 0.276522 -0.105071 
-0.984242 0.087432 -0.007673 
0.842598 0.244193 0.126246 
-0.917235 -0.356462 0.074067 
-0.934681 0.307711 0.009228 
-0.592739 -0.557040 0.121646 
-0.635764 0.495887 -0.089178 
0.072730 -0.962157 0.126246 
-0.763738 0.272672 0.082426 
0.020567 0.889063 -0.064757 
0.662733 0.634885 -0.104875 
-0.854655 -0.296670 0.126246 
-0.435872 0.888042 -0.040902 
-0.444946 -0.673878 -0.071757 
-0.385693 -0.832591 -0.105119 
-0.065849 -0.852796 0.126246 
0.878428 -0.457153 0.009250 
-0.826589 -0.124542 0.126246 
0.503131 -0.654285 0.030200 
-0.796252 0.392401 0.126246 
-0.212110 -0.861679 -0.097863 
0.482707 -0.652367 -0.096265 
0.973536 -0.013182 0.126246 
-0.536922 -0.657043 -0.120657 
0.854343 -0.254839 0.126246 
-0.409701 0.695305 -0.090671 
-0.747043 0.559798 -0.112121 
0.682731 0.474312 -0.001465 
-0.840325 0.042671 0.126246 
0.720832 0.414633 -0.006011 
-0.448892 -0.746661 -0.120657 
-0.878440 -0.105124 -0.109758 
-0.363263 -0.763841 0.126246 
-0.987549 -0.005214 0.019889 
0.650769 -0.746509 -0.016625 
-0.833691 0.535372 -0.056257 
0.441332 -0.708783 -0.120657 
0.791205 0.184341 -0.080973 
0.360829 0.828524 -0.093210 
-0.673354 -0.479018 0.001127 
0.625337 0.640847 0.126246 
-0.045285 0.913957 0.126246 
0.293087 0.771484 0.025733 
-0.342001 0.753475 -0.021074 
0.699191 0.644348 -0.109509 
0.581546 0.723080 -0.108968 
0.566137 0.638523 -0.120657 
0.416250 -0.735569 -0.120657 
0.056898 -0.962838 -0.107276 
-0.285512 -0.789438 0.126246 
0.760568 0.645005 -0.055967 
0.788236 0.583458 -0.093964 
0.985413 0.099588 0.125586 
-0.134191 -0.871046 0.126246 
-0.807508 0.206417 -0.044704 
0.241129 -0.897753 -0.107892 
-0.731713 0.660504 -0.033046 
0.459030 -0.696649 -0.042226 
-0.865449 0.470502 0.092990 
0.553874 -0.683745 -0.120657 
-0.105725 -0.827529 -0.030312 
-0.638834 0.751233 0.056826 
-0.697970 0.698513 0.049837 
-0.028429 -0.862027 0.126246 
-0.973297 0.183802 -0.058458 
0.702011 -0.441421 0.012614 
0.160922 -0.806175 -0.120657 
0.698039 0.577968 0.126246 
0.821655 -0.143024 -0.120657 
-0.085082 0.883231 -0.100223 
0.379459 -0.747329 -0.120657 
-0.461604 -0.675770 -0.120657 
0.318065 -0.777978 -0.120657 
0.962246 -0.234897 0.039786 
0.437833 -0.774669 -0.108614 
0.075856 0.984440 0.026358 
0.224836 -0.949565 -0.099741 
-0.023978 -0.822603 0.032133 
0.221372 0.779019 -0.077148 
0.432352 -0.686497 0.110124 
-0.820524 0.055661 0.016324 
0.700687 0.531548 -0.120657 
0.794659 -0.385344 -0.120657 
0.189204 -0.851189 0.126246 
0.009708 -0.809574 -0.103830 
0.068565 -0.909198 0.126246 
-0.206999 0.833544 0.126246 
0.330867 0.909720 -0.104618 
-0.104043 -0.985375 0.010425 
-0.800805 0.195324 0.126246 
0.265308 -0.768486 -0.120657 
0.808083 0.121719 0.084329 
0.922618 -0.360175 0.062362 
-0.942958 -0.183904 0.126246 
0.318269 0.861925 -0.105597 
-0.122910 -0.931013 0.126246 
0.796902 -0.311340 -0.120657 
-0.986971 -0.060921 -0.020344 
-0.439216 -0.885536 0.056569 
-0.302150 0.859674 -0.103708 
-0.339870 -0.754443 0.002190 
0.829421 0.455231 0.126246 
0.857260 0.277159 -0.088132 
0.751197 -0.308941 -0.088160 
0.730700 0.394705 0.126246 
0.385463 -0.757499 0.126246 
-0.383161 -0.861038 0.126246 
0.875159 -0.344127 -0.110740 
-0.906250 -0.216237 0.126246 
-0.853763 -0.200460 -0.120657 
-0.484518 0.650959 0.084627 
-0.263789 -0.876351 -0.105031 
0.955015 0.266083 -0.032416 
0.372036 0.761714 0.126246 
0.295292 -0.943233 -0.009735 
-0.296797 0.933179 -0.094541 
0.609209 0.540271 0.094584 
-0.735321 0.360853 0.036226 
-0.610427 0.539748 0.124326 
0.523756 0.834943 0.126246 
-0.923617 0.282277 -0.102707 
0.109950 0.976032 -0.091552 
-0.646253 0.746458 -0.082786 
-0.940696 0.308911 -0.048790 
-0.889772 0.183101 -0.103127 
0.483013 -0.652155 -0.061400 
-0.314186 0.753740 0.057648 
0.607890 0.751049 -0.107390 
-0.521754 0.844047 -0.057487 
-0.738674 -0.542571 0.126246 
-0.806918 0.359797 0.126246 
-0.735547 0.663933 -0.069266 
-0.809680 -0.132448 0.028606 
-0.804591 -0.142180 -0.055158 
-0.641504 0.748017 0.091010 
0.594621 -0.673483 -0.085567 
-0.062854 0.806260 -0.060919 
-0.803677 -0.573217 0.045110 
0.881292 -0.134419 -0.092352 
0.303333 0.946153 -0.048296 
-0.937356 0.298890 0.061362 
0.454218 0.877987 0.031590 
0.400543 -0.873604 0.126246 
0.793989 0.208871 0.063501 
-0.473144 0.761767 -0.088481 
-0.807687 -0.174534 -0.005205 
-0.636935 0.506350 0.123014 
0.039698 -0.833676 -0.050559 
0.889147 -0.451713 -0.050548 
-0.787447 -0.449722 -0.100644 
0.395768 0.815148 -0.097207 
-0.958295 -0.070819 0.126246 
-0.274317 -0.951915 -0.001462 
0.734681 -0.521045 -0.087850 
-0.805456 0.018534 -0.089233 
0.115233 0.821216 -0.029942 
-0.965114 0.005967 -0.104339 
-0.883494 -0.046024 -0.112601 
-0.178994 -0.890632 0.126246 
0.887280 0.228518 0.126246 
-0.636001 -0.609883 0.126246 
-0.533560 0.706897 -0.113908 
0.492638 0.753024 0.126246 
0.671177 -0.581112 -0.120657 
0.769758 -0.316965 -0.043769 
0.885317 -0.267386 -0.107999 
0.682584 0.716004 -0.018460 
-0.510681 0.784885 0.126246 
