-0.484055 0.856745 0.090667 
0.473196 -0.876390 -0.089583 
0.867238 0.480862 -0.058408 
-0.863777 -0.489866 0.078842 
0.952768 -0.283841 0.068488 
-0.949062 0.265733 -0.089795 
0.265485 0.952760 -0.089593 
-0.284089 -0.953711 -0.087944 
0.076568 -0.749964 0.117677 
0.451877 0.579648 0.102612 
-0.736412 -0.060819 0.117526 
-0.597506 0.429373 0.116860 
0.562881 -0.476274 0.078826 
0.753763 0.098227 0.113492 
-0.070451 0.730596 0.105364 
-0.488584 -0.563853 -0.119309 
-0.551608 -0.827319 0.085036 
-0.974581 -0.169928 -0.089795 
-0.711672 0.686642 -0.081899 
-0.197566 0.968603 -0.087386 
0.732995 -0.131948 -0.119817 
-0.368917 0.636566 -0.120345 
-0.676630 -0.299115 -0.112603 
-0.255350 -0.701705 0.120364 
0.826930 -0.547685 -0.089795 
0.586979 0.797581 -0.088830 
0.045355 -0.994660 -0.084594 
0.991857 0.054576 -0.081971 
0.361775 -0.693398 0.105069 
0.640130 0.362708 0.095674 
-0.093103 -0.737004 -0.113336 
0.665338 -0.740480 0.084279 
0.041790 0.987751 0.078174 
0.218164 0.691071 -0.007773 
-0.675614 0.294485 -0.116268 
-0.870381 0.457199 0.090667 
-0.597514 -0.438797 0.121920 
0.252006 -0.958459 0.090667 
-0.976535 0.064532 0.090667 
0.200837 -0.724860 -0.117497 
-0.726729 -0.678023 -0.082492 
0.718529 0.650698 0.090667 
0.945099 0.279608 0.090667 
0.696696 -0.251578 0.113872 
0.447826 -0.593853 -0.120999 
0.560652 0.496030 -0.116848 
-0.739055 0.040552 -0.120526 
0.702643 0.228555 -0.116131 
0.411267 0.846748 0.090667 
-0.718893 0.190102 0.119572 
-0.311069 0.666741 0.120850 
-0.119977 -0.915004 0.090667 
0.647100 -0.365052 -0.121205 
-0.148871 0.726757 -0.118728 
-0.846710 -0.258085 0.090667 
-0.558662 0.488555 -0.118934 
-0.536900 0.641497 0.090667 
-0.412728 -0.773478 -0.089795 
0.894250 -0.072266 0.090667 
0.406025 0.651187 -0.108048 
0.069637 0.854248 -0.089795 
-0.475673 -0.612191 0.107376 
0.800240 -0.435524 0.090667 
-0.376926 0.847775 -0.089795 
-0.880016 -0.359687 -0.089795 
-0.276416 0.874766 0.090667 
-0.774017 0.472499 -0.089795 
0.954142 -0.154463 -0.089795 
-0.346295 -0.887536 0.090667 
0.843466 -0.338211 -0.089795 
0.214288 0.861989 0.090667 
0.790816 0.052943 -0.098590 
-0.731595 0.591965 0.090667 
0.892698 0.222010 -0.089795 
-0.686150 -0.606313 0.090667 
0.666577 -0.660044 -0.089795 
0.278928 -0.902142 -0.089795 
-0.714309 -0.488013 -0.089795 
-0.890629 0.266222 0.090667 
-0.566068 0.810471 -0.073297 
-0.933802 0.029390 -0.089795 
-0.983879 -0.121917 0.090667 
0.504867 -0.850473 0.090667 
0.728892 0.598088 -0.089795 
0.062765 -0.948177 0.090667 
0.589667 0.778487 0.090667 
0.968320 0.101437 0.090667 
-0.800462 -0.124861 -0.090275 
0.395933 0.828829 -0.089795 
-0.596720 -0.795271 -0.083341 
-0.108521 -0.911472 -0.089795 
-0.131493 0.979897 0.081412 
0.786284 -0.608324 0.090667 
0.801864 0.421515 0.090667 
-0.259857 -0.695320 -0.081347 
0.728339 -0.060072 0.035688 
-0.678837 -0.293922 0.083754 
-0.101341 -0.735791 0.055572 
0.097567 0.728908 0.116024 
0.052189 -0.818480 -0.089795 
0.520727 -0.642942 0.090667 
0.372003 -0.743467 -0.089795 
0.710184 0.435708 -0.089795 
-0.036508 0.987845 -0.082030 
0.612008 0.529758 0.091015 
0.327886 0.699678 0.106701 
0.589413 -0.511727 -0.104800 
0.759466 0.254372 0.095344 
-0.658229 0.737710 0.056712 
0.235377 -0.802884 0.090667 
-0.805304 0.177918 -0.089795 
-0.565442 0.638635 -0.089795 
-0.260685 0.683928 -0.022136 
-0.459030 0.561109 -0.012469 
0.565151 0.647570 -0.089795 
0.002228 0.727844 -0.043561 
-0.384428 -0.634990 -0.009753 
-0.816360 0.080540 0.090667 
-0.421912 -0.753977 0.090667 
0.601736 -0.793155 -0.074953 
-0.582793 -0.457739 -0.030138 
-0.741634 0.332802 0.090667 
0.134852 0.979727 -0.031165 
0.136424 0.726431 -0.120276 
0.689127 -0.247217 -0.028736 
-0.822669 0.338218 -0.089795 
-0.852327 -0.509226 -0.062601 
0.925779 0.356880 -0.025596 
0.178784 -0.979790 -0.028235 
-0.043355 0.870390 0.090667 
-0.078385 0.853938 -0.089795 
0.377047 -0.921795 0.038170 
0.824585 -0.193983 0.090667 
-0.411188 -0.906030 -0.046801 
0.250055 0.799538 -0.089795 
-0.666968 -0.737026 0.027170 
-0.238599 0.827318 -0.089795 
0.259834 -0.690287 0.012432 
-0.731295 -0.436671 0.090667 
-0.949615 -0.286821 0.003305 
0.469931 0.556695 -0.030997 
-0.636342 0.368744 -0.008567 
-0.715706 -0.184817 0.011023 
-0.582303 -0.660220 -0.089795 
0.639752 -0.364872 0.066501 
-0.973600 0.183431 0.022997 
0.810973 0.569813 0.026349 
0.992199 -0.050699 0.001811 
0.848161 -0.072026 -0.089795 
0.672623 0.727038 -0.015556 
-0.046825 -0.994541 0.013360 
0.658502 -0.574207 0.090667 
-0.242505 -0.825712 -0.089795 
-0.202991 0.741064 0.108117 
0.896671 -0.431115 -0.015126 
-0.798247 0.584517 -0.021056 
0.317304 0.937048 0.063663 
-0.224573 -0.969587 0.035861 
-0.729927 0.109292 -0.001877 
-0.884461 -0.038418 0.090667 
-0.395677 0.762141 0.090667 
0.718575 0.125467 -0.020056 
-0.466053 0.730767 -0.089795 
0.665728 0.293698 -0.010019 
-0.015340 -0.840013 0.090667 
0.580155 0.437093 -0.004075 
0.498631 0.854827 -0.003289 
0.393551 -0.627430 -0.009609 
0.804148 0.314874 -0.089795 
0.502267 -0.714088 -0.089795 
-0.924137 0.355086 -0.002218 
0.864580 0.180969 0.090667 
-0.737279 -0.043739 -0.015915 
0.743400 -0.441003 -0.089795 
-0.989783 -0.054785 -0.015767 
-0.799251 -0.590243 0.016864 
0.139147 -0.717842 -0.003839 
-0.195728 -0.809431 0.090667 
-0.693405 0.250608 -0.001175 
0.334212 0.643881 -0.006920 
-0.678798 0.567689 -0.089795 
-0.747014 0.463866 0.090667 
0.470363 0.738599 0.090667 
-0.503534 -0.544102 0.007871 
0.580750 0.655822 0.090667 
0.493477 -0.555163 -0.014027 
-0.850728 -0.240717 -0.089795 
0.977908 0.171072 -0.018017 
-0.917895 -0.377671 0.078532 
0.848569 -0.214347 -0.089795 
0.979682 -0.166895 0.051431 
0.013728 -0.742909 -0.003204 
0.766510 -0.635404 -0.028239 
0.286965 0.677695 -0.111336 
-0.364782 0.919091 0.023966 
-0.963009 0.147117 -0.089795 
-0.821932 -0.142180 0.090667 
-0.113134 0.723464 -0.004639 
0.947956 -0.283769 -0.089795 
-0.521708 0.512912 0.084216 
0.814784 -0.319753 0.090667 
-0.359531 -0.648976 0.103301 
-0.472928 0.868341 -0.027199 
0.157051 0.976211 0.087602 
-0.362395 0.626966 0.024939 
-0.238497 0.959453 0.020012 
-0.648284 -0.357448 -0.017514 
0.072051 0.838218 0.090667 
-0.582586 -0.655609 0.090667 
0.183924 -0.838530 -0.089795 
-0.455374 -0.884305 0.058813 
0.208086 0.704631 0.108386 
-0.663226 0.448914 -0.093244 
-0.306909 0.939967 -0.082312 
0.726212 0.532019 0.090667 
-0.166580 0.850781 0.090667 
-0.566211 0.456193 -0.005027 
-0.441940 0.588530 0.117439 
-0.497154 -0.847016 -0.089795 
-0.370119 -0.643034 -0.120438 
0.863323 0.062825 0.090667 
-0.769259 -0.374843 -0.089795 
0.726072 -0.143858 0.113593 
0.693857 -0.548026 -0.089795 
-0.570857 -0.545464 0.101007 
0.559801 -0.618961 -0.089795 
0.915161 -0.389276 0.085809 
0.460554 -0.749089 0.090667 
-0.619031 0.564600 0.090667 
0.115535 -0.851987 0.090667 
0.909127 0.396198 0.075333 
-0.722000 -0.179418 0.120208 
0.841270 -0.531792 0.036227 
-0.519911 0.754130 0.090667 
0.483944 0.764249 -0.089795 
0.680154 0.334198 -0.113092 
-0.879971 0.452380 -0.085950 
-0.594648 -0.544477 -0.092791 
-0.355241 0.742752 -0.089795 
-0.625133 -0.396670 -0.114487 
0.594747 -0.444558 -0.021809 
-0.208115 -0.712691 0.010441 
0.101722 0.717087 -0.006886 
-0.889175 -0.067377 -0.089795 
0.347326 -0.796452 0.090667 
-0.744514 -0.219500 -0.105218 
0.165848 0.895991 -0.089795 
0.405657 0.902393 -0.008672 
0.112628 -0.914496 -0.089795 
0.277363 -0.793016 -0.089795 
-0.471205 -0.662048 -0.090314 
-0.463397 0.571181 -0.115404 
-0.951388 -0.231728 0.090667 
0.669945 -0.736419 -0.018807 
0.900611 0.101904 -0.089795 
0.523180 0.506957 0.044854 
-0.895641 -0.428647 -0.007433 
-0.879759 0.160436 0.090667 
0.534881 -0.840242 -0.014337 
0.425855 -0.608190 0.102528 
0.736372 -0.035581 -0.087608 
0.732815 -0.305813 -0.098494 
-0.987091 0.083628 -0.007964 
0.292271 -0.682877 -0.109221 
0.675586 -0.455937 0.090667 
0.182146 -0.717536 0.096391 
-0.323882 -0.789392 0.090667 
0.565511 -0.733573 0.090667 
0.963110 0.000465 0.090667 
0.836015 0.327360 0.090667 
-0.796526 -0.360768 0.090667 
0.375380 -0.856831 -0.089795 
0.289899 0.797029 0.090667 
0.612738 0.411257 -0.115000 
0.798248 -0.024557 0.096815 
-0.320033 -0.942263 0.012347 
0.728364 0.038767 0.029525 
-0.854923 0.089196 -0.089795 
0.713267 -0.153841 -0.007080 
-0.117893 0.981709 -0.026289 
-0.165257 -0.981570 -0.042217 
-0.711772 0.192844 -0.117479 
0.224450 0.963105 0.006454 
0.956371 -0.052039 -0.089795 
0.816982 0.159451 -0.089795 
0.663119 0.521367 -0.089795 
-0.820657 0.552196 0.086107 
0.290741 -0.952443 0.001252 
-0.144172 -0.816771 -0.089795 
-0.572144 0.806343 0.027542 
-0.660059 -0.506226 0.090667 
0.727352 0.134697 -0.119759 
-0.738516 -0.664654 0.033558 
-0.726224 0.671576 0.012702 
-0.790845 0.248009 0.090667 
-0.649571 0.347924 0.121273 
0.509402 -0.551311 0.118861 
-0.641896 0.752110 -0.060907 
-0.048879 -0.835706 -0.089795 
0.818633 0.558541 -0.088296 
-0.029308 -0.749103 0.119419 
0.099311 -0.740221 -0.119741 
-0.736697 -0.058232 -0.115803 
0.353410 0.914506 -0.089795 
-0.730226 0.368215 -0.089795 
0.653022 -0.343832 -0.028297 
-0.768125 -0.538428 0.090667 
0.745787 0.651980 -0.012939 
0.955492 0.267446 -0.012176 
-0.335558 -0.845707 -0.089795 
-0.510439 -0.752806 -0.089795 
-0.945429 -0.268154 -0.089795 
-0.264884 0.700981 -0.115472 
-0.045806 0.987553 0.041699 
0.705359 0.431138 0.090667 
0.867249 0.480841 0.056647 
0.370694 0.736646 -0.089795 
-0.914405 0.366422 0.090667 
-0.861378 0.486903 0.001999 
0.041204 0.987770 -0.015713 
-0.711813 -0.581808 -0.089795 
-0.975319 -0.179993 0.016291 
-0.047984 -0.994505 -0.083830 
0.148153 -0.984641 0.084547 
0.965762 -0.235754 -0.009990 
-0.737259 0.037253 0.068222 
-0.442736 0.677299 0.090667 
0.460310 0.576074 -0.121091 
0.587359 0.440984 0.088861 
-0.290994 -0.683172 0.037450 
-0.990727 -0.024755 0.074681 
-0.235550 -0.897059 0.090667 
0.076609 -0.992848 0.001432 
0.724143 -0.346497 0.095707 
0.728521 0.341197 0.093634 
0.746937 -0.526305 0.090667 
-0.003357 -0.742909 -0.102737 
0.163689 0.786942 0.092684 
0.003184 -0.914720 -0.089795 
0.938516 -0.328519 -0.011714 
-0.818498 -0.011454 -0.089795 
0.270177 -0.711192 0.114590 
-0.686711 -0.275394 -0.026637 
0.459692 -0.883271 0.008523 
-0.907850 0.365523 -0.089795 
-0.047801 0.753721 -0.112991 
0.991638 0.059727 0.015171 
-0.639656 -0.372874 0.070352 
0.713909 0.163955 0.060095 
0.380922 -0.652285 -0.116086 
0.676429 0.669932 -0.089795 
-0.033070 -0.952844 0.090667 
0.596130 0.790483 0.002846 
0.848618 -0.430140 -0.089795 
-0.198401 -0.902632 -0.089795 
-0.757730 0.271635 -0.091907 
-0.807495 0.394825 0.090667 
0.731264 -0.675474 0.073729 
0.478025 0.861692 -0.089795 
-0.502275 -0.717442 0.090667 
0.415778 -0.852060 0.090667 
0.603337 -0.791914 0.012993 
-0.396718 0.851904 0.090667 
-0.601974 -0.756184 0.090667 
-0.158708 -0.725424 0.120204 
-0.177937 -0.721140 -0.093399 
0.865011 0.376658 -0.089795 
0.391816 0.614301 0.050652 
-0.953479 0.266502 0.009526 
-0.291829 0.789774 0.090667 
0.283968 -0.874101 0.090667 
0.022865 0.926369 -0.089795 
-0.687113 0.264510 0.091368 
0.016665 0.774599 0.105256 
-0.804339 -0.583228 -0.068247 
-0.526592 -0.843959 0.004995 
-0.663473 0.481870 0.090667 
0.063080 0.767945 -0.106399 
0.502024 0.817869 0.090667 
0.664253 0.734416 0.069070 
0.147717 0.812725 -0.089795 
0.904847 -0.157497 0.090667 
-0.553773 0.722634 -0.089795 
-0.120749 -0.732935 -0.031987 
0.789600 0.470569 -0.089795 
0.625985 0.375684 -0.039141 
0.615876 -0.646826 0.090667 
-0.325612 -0.747171 -0.089795 
-0.676111 0.655067 0.090667 
-0.723897 -0.148953 -0.064651 
0.725593 -0.223836 -0.113644 
0.361211 -0.928261 -0.043701 
0.935991 0.293558 -0.089795 
0.180807 -0.904081 0.090667 
0.438776 -0.793624 -0.089795 
-0.648099 -0.711604 -0.089795 
-0.606386 -0.787774 0.000358 
-0.849549 0.248603 -0.089795 
0.200186 -0.928793 -0.089795 
-0.197347 0.930678 0.090667 
0.312125 0.938913 -0.022473 
-0.729246 -0.119998 0.060874 
0.797259 -0.107554 0.094598 
0.971480 0.203151 0.077674 
0.689262 0.242206 0.048866 
0.478366 0.657342 0.090667 
0.240358 0.940682 0.090667 
-0.893518 -0.160739 -0.089795 
-0.147946 0.896290 -0.089795 
-0.814036 -0.442887 -0.089795 
0.634451 -0.444164 -0.107522 
0.089819 0.917466 0.090667 
-0.589112 0.557859 -0.089795 
-0.573208 -0.469256 0.051096 
0.221191 0.724032 -0.112339 
-0.737353 0.034683 -0.033804 
-0.453718 -0.586456 -0.038794 
-0.756929 0.620870 -0.089795 
0.525263 -0.812335 -0.089795 
-0.901632 -0.151100 0.090667 
-0.632636 0.377356 -0.111698 
-0.729494 0.111637 -0.085557 
-0.112033 -0.806392 0.091001 
0.267507 0.677395 0.053296 
-0.884766 0.176725 -0.089795 
-0.485689 0.807748 -0.089795 
0.871452 0.028104 -0.089795 
-0.764156 -0.241731 0.095099 
0.520999 0.540554 0.116622 
-0.962485 0.222745 0.090667 
-0.786196 -0.286156 -0.089795 
-0.183613 0.712855 -0.038243 
0.643488 0.597623 -0.089795 
-0.741735 0.114797 0.116800 
0.367232 0.765938 0.090667 
0.894899 0.427574 0.004563 
0.577703 -0.811139 0.085315 
0.515102 -0.535431 -0.115139 
-0.152210 -0.983637 0.069699 
-0.247524 0.686669 0.072815 
0.611445 0.713819 -0.089795 
0.866928 -0.259780 0.090667 
-0.633378 0.676867 -0.089795 
-0.901454 0.085595 0.090667 
-0.394233 0.616407 -0.045177 
0.290519 0.868904 -0.089795 
0.401365 0.608611 -0.043395 
0.969781 -0.089701 0.090667 
0.777802 0.597478 0.090667 
0.703934 0.198631 -0.040771 
-0.326030 0.652476 -0.057871 
-0.006086 0.814461 -0.089795 
0.677393 -0.301968 0.042193 
-0.596484 0.769085 0.090667 
0.485210 0.642845 -0.091626 
0.882886 -0.458168 0.055711 
-0.044478 0.723461 0.030216 
0.784282 0.181507 0.093738 
0.190749 0.970638 -0.085738 
0.700221 -0.213577 0.039521 
-0.444613 -0.593486 0.037143 
0.967042 0.196086 -0.089795 
-0.570377 -0.472657 -0.104852 
-0.136384 0.803870 -0.089795 
0.804586 0.235035 -0.089795 
0.097266 0.944412 -0.089795 
-0.657292 0.321338 0.047534 
-0.378461 0.630597 0.116908 
0.909538 -0.384474 -0.089795 
-0.713416 0.186553 -0.036873 
-0.640487 -0.607901 -0.089795 
0.329015 -0.663546 0.027692 
0.558241 0.572313 -0.094383 
-0.403037 0.902538 -0.044525 
-0.602554 0.678899 0.090667 
-0.686437 -0.701418 0.090667 
0.815704 0.523433 0.090667 
-0.990527 -0.031124 -0.086935 
-0.440153 0.648353 -0.100557 
0.612367 -0.720563 -0.089795 
-0.717369 -0.363344 0.094224 
-0.502767 0.529841 -0.064266 
0.586828 -0.554219 0.094094 
0.540095 -0.491804 0.009680 
-0.957554 0.148585 0.090667 
-0.602003 0.408107 0.044175 
-0.316523 0.936506 0.081406 
0.880781 -0.138562 -0.089795 
0.604862 -0.430419 0.118780 
0.536657 0.492233 -0.026590 
0.756486 0.371123 -0.089795 
-0.754382 0.547207 -0.089795 
0.671921 0.593745 0.090667 
-0.282604 0.768376 -0.089795 
-0.179643 0.713740 0.035192 
0.077023 -0.739333 -0.049700 
-0.714897 0.180890 0.046964 
-0.499566 -0.547658 0.082234 
0.008679 0.921768 0.090667 
0.986013 -0.126249 -0.008755 
-0.110139 0.910966 0.090667 
0.808984 -0.579760 -0.008516 
0.763259 -0.596853 -0.089795 
-0.928298 -0.306811 0.090667 
0.766025 -0.240164 0.095486 
0.217742 -0.710483 -0.048380 
-0.818614 0.007983 0.090667 
-0.209801 0.759843 -0.098485 
0.061795 0.725069 0.052738 
-0.642463 -0.483861 -0.093584 
-0.783304 -0.508743 -0.089795 
-0.520086 0.508775 0.011780 
-0.533434 -0.514341 -0.059412 
0.370557 0.643367 0.119866 
-0.779439 -0.609288 0.090667 
-0.839524 -0.530876 0.016877 
-0.791829 0.176289 0.090667 
-0.311615 -0.673506 -0.030546 
-0.387187 -0.916417 0.019941 
-0.817977 -0.429143 0.090667 
-0.130709 0.788880 0.094411 
-0.990855 0.013661 0.006656 
-0.692372 -0.409073 -0.093431 
-0.431435 -0.603662 -0.105452 
0.292779 0.867952 0.090667 
0.735512 -0.071276 0.105361 
-0.481566 -0.817654 0.090667 
-0.837226 0.527740 -0.050719 
-0.792561 0.402411 -0.089795 
0.821274 0.121150 0.090667 
-0.922748 -0.365964 -0.033648 
0.719413 -0.688211 -0.034452 
-0.437043 0.592311 0.047043 
0.143703 0.865405 0.090667 
0.985258 0.124669 -0.077712 
0.322126 -0.669651 -0.046922 
-0.949881 -0.102425 -0.089795 
-0.296002 -0.950250 0.077646 
-0.425160 -0.672943 0.098509 
-0.599014 0.416067 -0.052100 
0.298477 0.748986 -0.091025 
0.673544 0.298995 0.103509 
-0.356575 -0.913861 -0.089795 
0.935204 0.330701 0.038566 
0.717426 -0.373701 -0.092232 
0.454941 -0.658839 -0.096283 
-0.429951 0.890238 0.023215 
0.636695 -0.587784 -0.089795 
0.742972 0.009815 0.121173 
0.199726 -0.975652 0.038842 
0.543058 0.726175 -0.089795 
-0.269571 -0.832745 0.090667 
-0.412794 -0.703994 -0.089795 
-0.233928 0.909553 -0.089795 
0.481045 -0.566302 0.057342 
-0.781634 0.605934 0.042759 
0.790344 -0.160128 -0.092978 
-0.703299 -0.228629 0.063238 
0.546657 0.825218 0.038199 
0.097556 -0.736684 0.053040 
0.534782 0.603813 0.092144 
-0.891941 0.428887 0.031300 
-0.896559 -0.426846 -0.088778 
0.828217 0.248777 0.090667 
0.327338 -0.940457 0.082319 
-0.611978 -0.417275 0.025342 
0.733443 0.026877 -0.058704 
-0.987931 0.074740 -0.076206 
0.130414 -0.987451 -0.076521 
0.012462 -0.995694 0.062029 
0.730378 0.508333 -0.089795 
0.434408 0.710710 -0.089795 
-0.576479 -0.730459 -0.089795 
-0.420314 0.781328 -0.089795 
0.535658 0.719011 0.090667 
0.050000 -0.881239 0.090667 
0.737933 0.300681 -0.096138 
-0.816509 0.327422 0.090667 
-0.072656 0.930945 -0.089795 
0.144356 -0.790861 0.095772 
-0.138239 0.722963 0.115669 
0.550637 0.822513 -0.035464 
-0.254195 -0.962396 -0.024422 
0.775570 -0.504210 -0.089795 
-0.050847 -0.741082 -0.055141 
0.901507 -0.323629 0.090667 
-0.714685 0.404935 0.090667 
-0.300035 0.942057 -0.000403 
0.905146 0.127485 0.090667 
0.928813 -0.216565 -0.089795 
0.142258 -0.786505 -0.096955 
0.468887 0.556280 0.035944 
0.426458 -0.678240 0.096794 
0.459257 0.876472 0.046262 
0.839562 0.527658 -0.019539 
0.865337 -0.491095 -0.068518 
-0.621511 -0.591346 0.090667 
-0.314653 0.870206 -0.089795 
-0.984249 -0.120700 -0.017436 
0.645969 0.666822 0.090667 
-0.379269 -0.825499 0.090667 
-0.891526 0.299617 -0.089795 
-0.668215 0.299495 -0.050823 
-0.169898 0.973814 0.028111 
-0.095189 -0.990875 -0.037973 
-0.865047 -0.325166 0.090667 
-0.102577 0.728588 -0.071941 
0.993583 -0.000351 -0.040517 
-0.965350 -0.227362 -0.028222 
0.267576 0.732241 0.103565 
0.711950 0.688653 0.037428 
0.181043 0.707748 -0.062941 
-0.506441 0.583316 0.106316 
-0.250386 -0.758294 -0.096900 
0.048007 0.987556 -0.086896 
-0.763605 -0.636196 -0.048060 
0.106479 0.983004 0.027651 
-0.578764 0.495703 0.111110 
-0.936067 0.007266 0.090667 
0.426253 -0.596640 0.037827 
0.391199 0.908650 0.085051 
0.792243 0.047535 0.098929 
-0.361168 0.702193 0.098674 
0.804280 -0.286060 -0.089795 
-0.083080 -0.992020 0.076631 
-0.342072 -0.711614 0.101563 
0.714920 0.188617 0.120273 
0.847348 -0.376012 0.090667 
0.537133 -0.504124 -0.062614 
0.677331 0.283075 -0.073125 
-0.171843 -0.875956 0.090667 
0.724283 0.101424 0.046191 
0.421292 -0.902649 -0.040041 
0.672335 -0.317615 0.121733 
0.728225 -0.068289 -0.028560 
0.793432 0.593675 -0.040102 
-0.400624 -0.858960 -0.089795 
0.510695 0.528651 -0.092100 
0.015926 -0.995584 -0.020523 
0.345974 0.646542 -0.085051 
-0.258108 -0.769409 0.092088 
0.621618 -0.400773 -0.060241 
-0.221044 -0.965427 -0.089795 
0.807873 -0.547942 0.090667 
0.390528 0.701821 0.093296 
0.001928 -0.742909 0.063852 
0.620545 0.381443 0.037653 
0.985653 0.122173 0.027942 
-0.807166 -0.188427 -0.089795 
-0.967150 0.212287 -0.033669 
-0.133848 0.972542 -0.089795 
-0.797069 0.062640 -0.094581 
0.146157 -0.724299 -0.079546 
-0.437178 0.873605 -0.089795 
0.931616 0.006512 -0.089795 
0.563079 0.493020 0.117829 
0.170756 0.705125 0.031869 
0.622150 -0.401536 0.015719 
-0.626729 0.500589 -0.092622 
0.853967 -0.502286 0.090667 
-0.740031 0.003706 0.121562 
-0.604680 0.442619 -0.115804 
0.874316 0.306371 -0.089795 
0.795127 -0.378516 -0.089795 
-0.458593 0.799366 0.090667 
0.345751 0.834333 0.090667 
0.312789 0.810356 -0.089795 
-0.327800 0.689977 -0.109230 
0.987902 -0.106269 -0.068621 
-0.570121 0.460994 0.057180 
0.633117 0.761793 -0.056136 
-0.890486 -0.438763 0.054973 
0.451421 -0.588353 -0.046029 
0.787280 -0.081713 -0.099335 
-0.060106 0.810355 0.090667 
-0.944328 0.298000 0.062484 
0.642369 0.475619 0.095594 
-0.681819 -0.723516 -0.031556 
-0.899727 0.412635 -0.027960 
-0.530683 0.574714 -0.101139 
-0.513543 0.672107 -0.089795 
0.820374 -0.006442 -0.089795 
0.652395 0.327110 0.046855 
0.242463 0.689674 -0.065786 
0.427836 0.892481 -0.071580 
0.223742 0.800650 0.090667 
-0.051157 -0.741059 0.020342 
0.969898 -0.217250 0.085424 
-0.287255 -0.883762 -0.089795 
-0.617901 0.771820 0.005751 
0.744281 -0.410597 0.090667 
0.523407 0.816104 -0.089795 
-0.877974 0.026140 0.090667 
0.426574 -0.716068 -0.089795 
-0.689116 0.537222 0.090667 
0.121129 -0.916689 0.090667 
-0.737411 -0.040093 0.044897 
0.772259 0.620970 0.032304 
-0.305082 -0.681262 -0.119541 
-0.329723 0.806808 -0.089795 
0.527356 -0.523018 0.063342 
0.018176 -0.786072 0.103319 
0.633816 -0.499845 0.093931 
0.675917 -0.305672 -0.119469 
-0.875269 0.013632 -0.089795 
-0.739824 -0.307092 0.095415 
0.763027 -0.639446 0.036818 
-0.825486 -0.552110 0.071789 
-0.860397 -0.302447 -0.089795 
-0.103357 -0.749527 0.116204 
0.250657 -0.848662 -0.089795 
0.694080 -0.713543 -0.083412 
0.594199 0.592816 0.090667 
-0.463149 -0.880343 -0.029811 
0.299450 -0.758351 0.090772 
-0.693163 0.629763 -0.089795 
-0.687487 0.710828 -0.011755 
-0.908516 0.116867 -0.089795 
0.678214 -0.652309 0.090667 
-0.063983 -0.892669 0.090667 
-0.929911 -0.346067 0.022800 
-0.415330 -0.617912 0.121027 
0.717816 -0.149377 0.054253 
0.124787 -0.849383 -0.089795 
-0.982712 0.126298 0.039326 
-0.346059 0.815708 0.090667 
-0.842749 -0.081700 0.090667 
-0.301578 0.667947 0.018830 
0.734917 0.073518 -0.105872 
0.355765 -0.888278 0.090667 
-0.987963 -0.081409 0.046616 
0.785036 0.360957 0.090667 
-0.737060 -0.124394 -0.117712 
0.274908 -0.957043 -0.056332 
0.744214 0.653764 -0.074083 
-0.250294 0.956508 0.080410 
-0.745606 0.649591 0.083366 
-0.024298 0.889694 -0.089795 
-0.980301 0.141518 -0.032885 
-0.558672 0.815497 0.085012 
0.697604 -0.609059 -0.089795 
0.015955 0.723004 0.014806 
0.708911 -0.196037 -0.063824 
-0.661140 -0.550805 -0.089795 
-0.723178 -0.682050 -0.022063 
-0.677114 -0.407589 0.100492 
0.075759 0.726652 -0.065866 
0.837569 0.088235 -0.089795 
0.224177 0.906021 -0.089795 
0.903786 -0.013882 0.090667 
0.922641 0.156755 -0.089795 
-0.017777 0.988434 -0.019188 
0.183112 -0.845056 0.090667 
-0.190260 0.796726 0.090667 
-0.700616 -0.236493 -0.069629 
-0.731919 -0.101646 -0.025729 
-0.055318 0.956115 0.090667 
-0.751744 0.522619 0.090667 
0.616800 0.486564 -0.100606 
-0.946581 0.203575 -0.089795 
0.349843 -0.803893 -0.089795 
-0.533546 -0.627559 -0.089795 
0.095298 -0.991082 0.059890 
0.821342 0.415834 -0.089795 
0.296176 0.667152 -0.054425 
-0.721132 0.440726 -0.089795 
0.140198 -0.985902 0.015398 
-0.215030 -0.710610 0.068517 
0.891323 0.428929 -0.089795 
-0.533196 -0.624283 0.090667 
0.892969 0.340644 0.090667 
-0.500568 0.852329 0.034768 
-0.776385 -0.480568 0.090667 
-0.384350 -0.635042 0.052265 
0.879271 -0.292057 -0.089795 
-0.907307 -0.223916 -0.089795 
-0.483689 0.543597 0.052277 
0.334109 0.650742 0.074901 
0.183429 0.767432 -0.098294 
-0.604128 -0.497616 0.103978 
0.698765 -0.708858 0.023484 
-0.510422 0.693233 0.090667 
0.151054 0.716094 0.085425 
-0.361468 0.900886 0.090667 
-0.617769 -0.408737 -0.058147 
-0.852681 0.211799 0.090667 
-0.764521 -0.118646 0.106949 
-0.564836 -0.818330 -0.040710 
-0.870310 -0.199886 0.090667 
-0.527253 -0.520752 -0.121071 
0.734237 -0.011402 0.067989 
0.402696 -0.617545 -0.065933 
-0.607720 0.621303 0.090667 
-0.346974 0.925543 -0.043371 
0.515643 -0.704546 0.090667 
0.383491 -0.636813 0.075783 
-0.666275 -0.322455 -0.060869 
-0.448616 0.739229 0.090667 
0.674743 0.390790 -0.103560 
-0.747839 -0.441298 -0.089795 
-0.831848 0.535730 0.008927 
0.743546 0.474006 0.090667 
0.504389 -0.608738 -0.100650 
-0.718840 -0.348105 -0.095721 
-0.697810 0.513580 -0.089795 
0.790554 -0.217365 -0.089795 
0.888568 0.270764 0.090667 
0.860322 -0.499576 -0.007051 
0.490657 0.700446 -0.089795 
-0.289294 0.717364 0.105642 
-0.160330 -0.725063 0.039277 
-0.223896 -0.953852 0.090667 
0.427058 0.781070 -0.089795 
0.328432 -0.935012 -0.089795 
-0.324480 -0.940662 -0.050061 
-0.188482 0.854214 -0.089795 
0.599035 0.722423 0.090667 
-0.686350 -0.276242 0.030268 
-0.646271 -0.661315 0.090667 
-0.207387 0.703180 -0.096281 
-0.658474 -0.337630 0.113672 
0.252933 -0.742349 -0.103392 
-0.532471 -0.515340 0.047281 
0.085271 0.781929 0.100213 
-0.721604 -0.650492 0.090667 
0.416424 -0.795450 0.090667 
0.757609 0.179978 -0.104297 
-0.556166 0.477166 -0.056587 
-0.829208 0.495950 0.090667 
-0.387005 -0.633285 -0.067424 
0.285310 -0.679434 0.061620 
0.884176 -0.028581 -0.089795 
-0.801945 -0.194857 0.090667 
0.696699 0.241140 0.104688 
0.528313 -0.775824 0.090667 
-0.804585 0.121762 -0.089795 
0.560082 -0.700280 -0.089795 
0.835837 -0.067055 0.090667 
0.534443 -0.840539 0.044095 
-0.921388 -0.080564 0.090667 
0.428217 0.775496 0.090667 
0.197996 -0.782155 -0.093685 
-0.863843 -0.385604 0.090667 
0.643825 -0.369791 0.121981 
-0.055463 -0.939526 -0.089795 
0.712093 -0.194744 0.095584 
-0.394313 -0.913333 0.079393 
0.926640 -0.098873 -0.089795 
-0.847859 0.398135 -0.089795 
0.928955 0.348059 -0.082400 
-0.558391 0.566785 0.096264 
0.230814 -0.968704 -0.012651 
0.538310 -0.756122 -0.089795 
-0.934618 0.325974 -0.048108 
0.544837 -0.505587 0.122037 
-0.542087 -0.800172 -0.089795 
-0.419862 0.700613 -0.089795 
0.095068 0.980824 0.090667 
-0.645708 0.351569 -0.060139 
0.160998 0.975587 0.023780 
0.686619 -0.443129 -0.089795 
-0.738720 -0.002721 -0.086414 
-0.511971 -0.771635 0.090667 
0.977531 -0.180472 -0.012604 
-0.194838 -0.773261 -0.097517 
0.709995 0.690608 -0.032552 
-0.664050 0.423893 0.099842 
-0.204391 -0.713811 -0.045953 
0.386185 -0.740262 0.090667 
-0.930064 -0.337463 -0.089795 
0.934027 0.058750 0.090667 
0.624465 -0.775525 0.060756 
0.209756 -0.705133 0.028732 
-0.205614 0.966804 -0.033301 
0.968844 0.214943 0.024375 
-0.797894 0.584972 -0.085506 
0.599007 -0.657000 -0.089795 
-0.616579 0.619446 -0.089795 
-0.119214 0.722648 0.064597 
-0.475187 0.634163 0.097607 
-0.825994 -0.353283 -0.089795 
0.924613 -0.367139 0.023955 
0.735712 -0.588340 0.090667 
0.643456 -0.495168 -0.090994 
-0.739012 0.239775 0.104811 
-0.729436 -0.293749 -0.100924 
0.937549 0.062040 -0.089795 
-0.691065 0.707250 0.088352 
0.466456 -0.879825 0.062284 
0.015982 0.743676 -0.118014 
-0.087601 -0.789020 -0.099051 
0.619768 -0.711839 0.090667 
0.853265 0.438617 0.090667 
0.590490 0.434627 -0.071507 
0.583496 -0.459642 -0.118350 
0.738559 -0.286548 0.100226 
-0.674692 0.589352 0.090667 
-0.836959 -0.084955 -0.089795 
-0.259427 0.953855 -0.034075 
-0.005616 0.731095 0.082274 
0.686644 -0.528116 0.090667 
-0.469626 -0.716015 -0.089795 
0.595362 -0.443698 0.050831 
0.921986 0.219800 0.090667 
0.630249 0.764017 0.039697 
0.653963 0.447773 -0.097760 
-0.704097 -0.537110 0.090667 
0.992194 -0.050886 0.061093 
-0.753215 0.154332 -0.107641 
-0.137602 -0.766169 -0.105866 
-0.753704 0.640405 -0.020985 
-0.738324 0.008088 0.012591 
0.309482 -0.732388 -0.098657 
0.989438 0.082993 -0.036741 
-0.530749 -0.517180 0.122231 
-0.299625 -0.679127 0.100239 
-0.106636 0.836656 0.090667 
0.349477 0.861238 -0.089795 
0.992442 0.035977 0.063731 
-0.795629 -0.039783 0.096710 
-0.903156 0.238600 -0.089795 
0.803218 -0.458108 -0.089795 
0.126851 -0.732373 0.116283 
-0.148547 -0.876337 -0.089795 
0.672964 -0.305452 -0.059316 
0.838187 -0.536788 -0.037972 
-0.230000 0.848839 0.090667 
-0.009866 -0.892879 0.090667 
0.270940 -0.683869 -0.048305 
-0.201586 -0.753338 0.106097 
0.723244 -0.134342 -0.067723 
-0.990460 0.026222 -0.054941 
-0.156034 -0.934917 -0.089795 
0.729030 0.000077 -0.006579 
-0.537441 -0.573907 -0.101656 
-0.555079 -0.717244 0.090667 
-0.785456 -0.070388 -0.099654 
-0.866206 -0.485760 0.011166 
0.042881 -0.880071 -0.089795 
0.837684 0.379968 0.090667 
-0.629477 -0.769862 -0.050933 
0.963528 0.238729 -0.059189 
0.564355 -0.672330 0.090667 
0.727387 0.071062 -0.030872 
0.341516 0.892461 0.090667 
0.779577 -0.371679 0.090667 
-0.124139 -0.988083 -0.081656 
0.948788 0.156610 0.090667 
-0.069241 -0.836748 0.090667 
-0.130126 -0.987134 0.000950 
0.904381 -0.414186 0.034695 
-0.803267 0.520808 -0.089795 
0.418367 -0.903914 0.085414 
0.642506 -0.760610 -0.073750 
0.607600 0.556198 -0.089795 
0.860702 -0.426383 0.090667 
-0.010227 0.988671 0.080446 
0.803945 -0.487885 0.090667 
-0.424303 0.893116 0.075080 
-0.478002 -0.793392 -0.089795 
0.970022 -0.216691 -0.058211 
0.725588 0.116597 -0.071176 
0.852940 0.255313 -0.089795 
0.763691 0.559698 -0.089795 
0.001265 0.844177 0.090667 
0.847566 0.013587 0.090667 
0.629038 0.649417 -0.089795 
-0.613875 -0.705961 0.090667 
-0.564771 0.714052 0.090667 
0.556038 0.817611 0.090667 
-0.654527 -0.345306 -0.117891 
-0.416887 -0.860569 0.090667 
-0.773758 0.222771 -0.091833 
0.674379 0.725489 -0.066927 
-0.867455 0.334027 0.090667 
-0.902867 -0.248440 0.090667 
-0.733060 0.084253 0.048167 
-0.093974 -0.860090 -0.089795 
0.499260 -0.861476 -0.048086 
0.741708 0.395088 0.090667 
0.470265 -0.648877 0.096736 
-0.655123 -0.455758 0.097130 
0.891198 -0.206745 0.090667 
0.316609 -0.675563 0.120948 
0.692469 0.376697 0.100653 
-0.351227 -0.704577 -0.101562 
0.047184 0.732865 0.108679 
0.865356 0.138797 -0.089795 
-0.912854 -0.020818 -0.089795 
-0.517347 0.524005 -0.112767 
-0.840989 0.125129 0.090667 
0.574801 -0.813112 -0.030520 
-0.898636 0.414823 0.090667 
-0.701430 -0.234107 -0.000790 
-0.554059 -0.492266 -0.006261 
-0.423491 0.602125 -0.087432 
-0.178875 -0.926142 0.090667 
0.360424 0.921524 0.042062 
-0.832934 0.276161 0.090667 
-0.309946 -0.795272 -0.089795 
0.419961 0.637635 0.110675 
0.785499 0.103234 -0.098578 
-0.537431 0.772223 -0.089795 
-0.689656 0.318420 0.112506 
0.242810 0.852248 -0.089795 
0.753408 0.023474 -0.115453 
0.229874 -0.968914 -0.082306 
0.520167 0.606572 -0.094501 
0.518360 0.770187 0.090667 
-0.718897 -0.263944 0.110905 
0.689842 -0.260644 -0.077225 
0.756261 -0.647121 -0.076085 
-0.989692 0.050675 0.040716 
0.127571 0.720003 -0.071202 
-0.618926 0.392465 0.090292 
-0.337507 -0.661337 0.059865 
0.986870 -0.117182 0.050825 
-0.736115 -0.629225 -0.089795 
0.732281 0.062721 0.077186 
0.407781 -0.895156 -0.089795 
0.768505 -0.168147 0.102355 
-0.524320 0.838282 -0.072792 
-0.735172 0.065070 0.117585 
-0.716859 -0.180403 0.061425 
0.858257 -0.139044 0.090667 
0.184875 0.934684 0.090667 
0.330687 0.708970 -0.101582 
-0.594959 0.789616 -0.038191 
-0.246974 0.957473 -0.084422 
0.459237 0.876483 -0.025037 
-0.702124 -0.241101 -0.120112 
0.299940 -0.856151 -0.089795 
0.843435 0.521111 0.039565 
-0.735004 -0.533305 -0.089795 
0.634779 0.428663 0.110303 
0.654943 0.330389 -0.070352 
-0.507176 -0.666705 0.090667 
-0.713310 0.261170 -0.111731 
-0.735438 0.062648 -0.076106 
0.954995 -0.276178 -0.041157 
-0.484293 -0.868974 0.013611 
0.667594 0.517950 0.090667 
-0.695419 0.702897 0.036447 
0.716810 -0.483066 0.090667 
0.918186 0.375265 0.019561 
-0.236969 0.772241 0.090777 
-0.718666 0.312804 -0.100911 
-0.250467 0.691853 0.121956 
0.970646 -0.213902 0.036354 
-0.603500 -0.429125 0.074069 
-0.001301 -0.963693 -0.089795 
0.584886 -0.559092 -0.092419 
0.532739 0.669941 0.090667 
0.061639 -0.740460 0.007442 
0.088200 -0.966085 -0.089795 
-0.784439 0.595521 0.090667 
0.200818 0.812557 -0.089795 
-0.805133 -0.312469 0.090667 
0.031111 -0.742694 -0.067844 
0.141880 0.970190 -0.089795 
0.274908 0.950022 0.007433 
-0.518953 -0.848477 0.053190 
0.731448 -0.083025 -0.075141 
0.932705 -0.344662 -0.073201 
0.839707 0.506375 -0.089795 
-0.478918 0.618538 -0.101079 
-0.513215 0.844849 -0.012577 
-0.250857 0.689930 -0.069633 
0.526369 -0.654601 -0.089795 
-0.953139 -0.159896 0.090667 
0.050532 -0.741273 -0.117663 
0.477490 -0.569488 -0.089704 
0.214859 0.695328 0.050370 
-0.705766 -0.699571 0.043025 
-0.032504 -0.795236 0.099080 
-0.266752 -0.692682 -0.003650 
0.944743 0.304205 -0.043134 
0.015666 0.857975 -0.089795 
-0.669735 0.345970 -0.113894 
-0.784639 0.040896 0.101322 
-0.718225 0.680090 -0.034359 
-0.655789 0.309548 -0.005132 
0.305121 -0.820131 0.090667 
-0.300805 -0.871105 0.090667 
0.048353 -0.931999 -0.089795 
0.896348 -0.431748 -0.082286 
0.089650 0.984594 -0.062541 
0.571746 0.452180 0.044583 
-0.579175 -0.611833 -0.089795 
0.780388 -0.332564 -0.089795 
-0.716980 -0.179942 -0.100981 
0.243547 -0.702433 0.068956 
0.220888 -0.877251 0.090667 
-0.428749 0.598647 -0.012062 
0.735057 -0.671172 0.013695 
0.950694 -0.142617 0.090667 
-0.098784 0.983515 0.017918 
-0.777891 0.294424 0.090667 
0.955988 -0.272760 0.021722 
-0.732212 -0.098985 -0.077128 
0.718721 0.582560 0.090667 
0.708100 -0.502099 -0.089795 
0.235232 -0.743124 0.106231 
-0.987000 -0.091613 -0.061247 
0.873338 0.469887 -0.002699 
-0.863743 0.482902 -0.045793 
0.651473 -0.752704 0.028304 
0.889182 0.438792 -0.041722 
0.008748 -0.799454 -0.096732 
-0.208287 -0.973227 -0.009037 
0.357086 0.922726 -0.021553 
-0.245547 0.682503 0.025283 
0.807115 -0.582509 -0.063849 
-0.036489 -0.881787 -0.089795 
-0.584857 -0.804473 0.059558 
0.293895 0.661228 0.011736 
-0.838933 -0.399128 -0.089795 
0.298007 0.918129 -0.089795 
0.068940 -0.837672 0.090667 
-0.654257 -0.556935 0.090667 
-0.951445 -0.280522 0.050319 
-0.793921 -0.239378 -0.089795 
-0.424904 0.636402 0.109409 
-0.173045 -0.979135 -0.089795 
0.084635 0.806702 -0.089795 
-0.821223 0.449340 0.090667 
-0.288084 -0.731165 0.103153 
-0.829627 -0.546019 -0.043548 
0.793591 -0.600489 0.044654 
0.697126 -0.409447 0.093274 
-0.361605 -0.806306 -0.089795 
0.682045 0.251085 0.002085 
0.556725 -0.612434 0.090667 
0.123443 0.811374 0.090667 
-0.632615 0.717430 0.090667 
0.575296 -0.469496 -0.073024 
0.552761 0.481159 -0.069426 
-0.044940 -0.741514 0.075669 
-0.340441 -0.934916 0.080058 
-0.447429 0.575699 -0.055598 
-0.675594 0.279687 0.031119 
0.469459 0.865102 0.090667 
0.773928 0.315354 0.090667 
0.632397 -0.769372 -0.016118 
0.726258 -0.103394 0.057955 
-0.763630 -0.175688 -0.101867 
0.373549 0.620598 0.003249 
0.562142 0.555009 0.099560 
0.685027 0.288087 -0.119603 
-0.503326 -0.544288 -0.039690 
0.686787 0.689663 0.090667 
0.820186 -0.260536 0.090667 
-0.705637 0.214752 -0.073333 
0.798027 0.468091 0.090667 
-0.228930 0.895560 0.090667 
-0.666409 -0.322195 0.048752 
-0.629087 0.513426 0.090667 
-0.827158 0.289538 -0.089795 
-0.724604 0.138110 0.062859 
0.911349 0.391063 -0.053812 
0.460438 -0.578312 0.011984 
-0.633937 0.368547 0.037949 
-0.612493 0.773798 -0.089795 
0.180681 -0.951952 0.090667 
0.423633 0.602043 -0.109253 
-0.952654 0.101821 -0.089795 
0.293799 -0.951555 0.047587 
-0.099352 0.739065 -0.117068 
-0.699395 0.362068 0.100045 
0.449994 0.821341 0.090667 
-0.178162 0.972505 0.073641 
0.138216 -0.724241 0.071313 
-0.337369 0.645705 0.059064 
0.114653 0.864945 -0.089795 
-0.421223 -0.610647 0.073170 
0.673154 0.285089 0.055164 
-0.422839 -0.609578 -0.005808 
0.993611 -0.005776 0.012559 
0.506146 0.520926 -0.007079 
-0.820190 0.477839 -0.089795 
-0.428342 -0.898079 0.010075 
0.483301 0.550351 0.079337 
-0.654287 0.718447 -0.089795 
-0.976874 -0.170174 -0.043797 
-0.024160 0.935740 -0.089795 
-0.954738 -0.269188 -0.044272 
-0.268633 0.879304 -0.089795 
0.607373 0.398837 -0.002884 
0.246971 -0.965092 0.045435 
-0.353686 0.894512 -0.089795 
-0.877019 -0.465194 -0.028499 
-0.440454 -0.797117 0.090667 
-0.686112 0.409099 -0.094273 
-0.946378 -0.052130 -0.089795 
-0.938179 -0.323101 -0.047016 
0.466055 0.806432 -0.089795 
-0.764274 0.409997 0.090667 
-0.372206 0.680265 -0.104002 
0.704546 0.206975 0.075301 
0.161074 -0.905080 -0.089795 
0.594950 -0.483647 0.111753 
-0.083657 0.779179 -0.100481 
0.501577 -0.860106 0.019062 
0.686252 -0.268296 0.072650 
0.950079 0.286079 0.045791 
-0.331301 0.766930 0.090667 
0.993642 -0.004803 -0.085894 
0.377996 0.692535 -0.098589 
0.791699 0.595638 -0.089795 
-0.644896 -0.756485 0.061958 
-0.155212 0.904309 0.090667 
0.364971 -0.699912 -0.101065 
0.052293 -0.741144 0.054955 
0.923052 -0.371041 -0.021289 
0.625561 -0.539065 -0.089795 
-0.327435 0.646548 -0.011712 
0.117579 -0.988975 -0.033043 
-0.510708 -0.684290 -0.089795 
-0.183504 -0.839293 -0.089795 
-0.347620 -0.655661 -0.068732 
-0.783293 0.112780 0.098881 
0.729990 0.288048 0.102270 
-0.020560 -0.995367 -0.047340 
-0.161501 0.975144 -0.054056 
0.515323 -0.535499 0.020394 
0.546295 -0.502757 -0.117230 
-0.948454 0.283795 -0.039925 
-0.988777 -0.071662 0.090667 
-0.717678 0.170253 -0.078880 
-0.910608 0.308141 0.090667 
-0.731219 -0.605306 0.090667 
0.575931 -0.463602 0.014443 
-0.031522 0.730492 -0.073300 
-0.872609 -0.473850 -0.081702 
-0.446773 -0.888688 -0.070917 
-0.734745 -0.075967 0.017819 
-0.919595 -0.199863 0.090667 
0.249537 -0.699696 -0.117346 
0.724217 0.128569 0.085865 
-0.687893 -0.656590 -0.089795 
-0.399250 0.673955 0.101560 
-0.826988 -0.549901 -0.088250 
0.329361 -0.663479 0.079642 
0.171517 0.850776 -0.089795 
-0.110956 -0.853152 0.090667 
-0.844854 -0.131053 -0.089795 
-0.756528 0.086599 -0.111063 
-0.438780 -0.835476 -0.089795 
0.093383 0.728906 -0.108254 
0.135918 0.909467 0.090667 
0.216271 0.964933 -0.037486 
-0.970310 -0.205166 0.052916 
0.585138 0.458682 -0.119158 
0.341864 -0.660176 -0.095895 
-0.739921 0.656040 -0.065107 
-0.867977 0.475742 0.050126 
0.437267 0.584582 0.060719 
0.274693 0.950085 0.062653 
0.279224 -0.918410 0.090667 
0.434116 0.712682 0.090667 
-0.737050 -0.049986 -0.072030 
-0.762311 -0.330847 -0.089795 
0.897768 0.030203 0.090667 
-0.049020 -0.741216 -0.116457 
-0.095834 0.983794 -0.069826 
-0.389655 -0.699513 0.096611 
0.351990 -0.844082 0.090667 
0.370273 -0.920287 -0.089795 
0.800620 0.375399 -0.089795 
-0.685402 0.712912 -0.057709 
0.820550 -0.109319 -0.089795 
-0.478731 -0.566326 0.044758 
0.396850 -0.807737 -0.089795 
0.369349 -0.644750 -0.042309 
-0.513888 0.824166 0.090667 
0.913154 -0.281033 0.090667 
0.319814 0.764570 0.090667 
0.338234 -0.936534 0.023222 
-0.298122 0.672811 0.079130 
-0.145057 0.721443 -0.062507 
-0.904050 -0.409663 -0.048864 
-0.638544 -0.395087 0.117634 
-0.918052 0.370287 -0.043071 
0.050755 0.987469 0.027223 
0.888640 -0.345812 -0.089795 
0.943887 -0.313603 0.032418 
-0.354127 -0.929988 -0.019468 
-0.288532 -0.719851 -0.106736 
0.422121 -0.634914 -0.112909 
-0.333180 0.857631 0.090667 
0.459164 -0.579571 0.092902 
0.453939 -0.830629 0.090667 
-0.903348 -0.294115 -0.089795 
0.078331 0.897110 -0.089795 
-0.188302 0.913111 -0.089795 
-0.701255 0.227600 0.035154 
0.498526 -0.777754 -0.089795 
0.706031 0.175481 -0.003761 
0.765256 -0.330461 0.090667 
0.056046 -0.994324 0.041125 
-0.059354 0.987127 -0.006049 
-0.267000 0.917562 0.090667 
-0.769166 -0.629028 0.053183 
0.506587 0.567594 -0.111225 
0.033818 -0.742495 0.121478 
0.113632 0.720185 0.063565 
0.776225 -0.012312 -0.105812 
-0.990702 0.018526 0.070289 
-0.498051 -0.606083 -0.102707 
-0.734573 -0.077529 0.068151 
-0.929078 0.181321 0.090667 
-0.219000 -0.709416 -0.100938 
-0.635426 0.580396 -0.089795 
0.203323 -0.771431 0.098484 
0.089387 -0.874407 -0.089795 
-0.774280 -0.622435 0.002056 
0.526469 0.772601 -0.089795 
0.200881 0.764731 0.098646 
0.352658 0.635525 0.038096 
-0.561576 -0.820545 0.014791 
0.878185 -0.181676 -0.089795 
-0.763478 -0.595813 -0.089795 
-0.422062 -0.610091 -0.057592 
0.641487 0.363319 -0.104828 
0.649756 -0.619900 0.090667 
-0.590375 -0.447471 -0.071333 
0.436107 0.851622 -0.089795 
-0.781969 0.022952 -0.101961 
-0.726066 -0.137214 0.112438 
0.051289 0.875924 0.090667 
-0.771112 -0.160738 0.100993 
-0.038840 0.775587 0.104375 
-0.564791 -0.479370 0.091979 
-0.638985 -0.761697 -0.009889 
0.606997 0.409126 0.067469 
0.509175 0.848592 0.037777 
0.652432 -0.409969 0.109826 
-0.915617 -0.382934 -0.084514 
-0.168180 0.769992 -0.098427 
0.258944 0.894180 0.090667 
-0.770345 0.353275 -0.089795 
0.690692 0.239302 -0.040281 
-0.612131 -0.459041 -0.110673 
-0.727611 -0.128848 0.006973 
0.750170 0.222046 -0.102588 
-0.182938 -0.978770 0.032870 
0.596840 0.789932 0.050123 
0.616062 0.629533 0.090667 
0.707543 -0.272221 -0.114354 
-0.328021 -0.665815 0.018471 
-0.462481 0.873664 0.045357 
0.325101 0.661210 -0.121150 
-0.933944 0.316942 -0.089795 
0.475069 -0.691430 0.090667 
0.735381 -0.087186 -0.117360 
0.528336 0.509195 0.088763 
-0.245797 -0.874088 -0.089795 
0.888488 0.440155 0.044724 
0.901204 -0.248963 -0.089795 
0.391586 -0.651833 0.114765 
0.768228 0.626167 -0.052374 
-0.383538 0.619771 0.061133 
0.929038 0.244036 -0.089795 
0.044068 0.723909 -0.017039 
-0.639534 -0.373073 -0.065661 
0.492299 0.573890 0.114221 
0.938527 0.321470 0.088500 
0.436359 0.584867 -0.046804 
-0.956268 0.256901 0.066324 
0.930174 -0.049744 0.090667 
-0.841751 -0.039317 0.090667 
0.783906 -0.558322 -0.089795 
-0.839931 0.045328 0.090667 
0.733138 -0.636686 0.090667 
-0.838846 0.439528 -0.089795 
0.252875 0.844532 0.090667 
-0.704866 -0.224035 0.109438 
-0.802783 -0.258414 0.090667 
-0.698769 -0.463717 0.090667 
-0.941905 0.305733 -0.001212 
0.776427 0.539024 0.090667 
0.937593 -0.184106 0.090667 
0.248227 0.692387 0.112634 
-0.077373 0.985539 0.070056 
0.890312 -0.072548 -0.089795 
-0.960686 -0.248226 0.015919 
-0.214465 -0.711510 0.121943 
0.394825 -0.914102 -0.009446 
-0.709625 -0.208078 -0.039989 
-0.203666 0.701742 0.002883 
0.458780 -0.883736 -0.040509 
0.432712 -0.897018 0.037611 
0.645134 -0.347007 0.012809 
-0.733204 0.082950 -0.039435 
-0.247626 -0.699997 0.044307 
-0.825671 -0.502767 0.090667 
-0.548448 0.822446 -0.003056 
-0.622275 -0.672799 -0.089795 
-0.808236 0.570473 0.050503 
0.641615 0.754374 -0.008712 
-0.859948 -0.119905 0.090667 
0.738244 -0.563256 -0.089795 
0.255676 0.743988 -0.099495 
-0.736797 0.049902 0.013870 
0.722318 -0.106177 -0.011849 
0.449771 0.665022 -0.092783 
-0.097036 0.953803 0.090667 
0.524316 -0.519330 -0.025873 
0.852110 -0.379081 -0.089795 
0.188806 -0.714946 -0.078171 
0.709655 0.196824 -0.089893 
-0.664549 -0.325812 0.007193 
-0.193278 0.812737 -0.089795 
-0.017792 -0.993051 0.090667 
0.745978 0.651764 0.042470 
-0.470537 0.674873 -0.089795 
-0.474487 -0.753272 0.090667 
0.683788 -0.402530 -0.099060 
-0.204341 0.706805 0.084349 
-0.939564 -0.118113 0.090667 
0.395645 -0.629083 0.036644 
-0.839581 0.171615 0.090667 
-0.803810 -0.096579 0.091246 
-0.091543 -0.991220 0.035841 
-0.497125 -0.573955 0.114410 
0.763573 -0.248713 -0.094478 
0.145634 -0.730452 -0.120685 
-0.486885 0.547888 0.096718 
-0.462107 -0.706712 0.090667 
-0.494690 0.530009 -0.013340 
-0.151869 -0.726947 -0.061583 
-0.915868 -0.382354 0.037310 
-0.352141 -0.930703 0.037019 
0.976777 0.178214 0.041977 
-0.524362 -0.845278 -0.036411 
0.769392 0.274399 -0.089795 
0.012022 -0.840218 -0.089795 
-0.361835 0.634384 -0.068415 
-0.839063 0.050876 -0.089795 
0.683671 -0.372433 0.106237 
0.940984 -0.250302 0.090667 
0.058612 -0.794073 0.099039 
-0.925815 -0.035873 0.090667 
-0.780209 -0.550045 -0.089795 
0.711412 0.545117 -0.089795 
0.865685 0.104130 0.090667 
-0.881382 0.449611 -0.027802 
0.751430 0.437196 -0.089795 
-0.505443 -0.542392 -0.080845 
0.328065 0.933174 -0.063134 
-0.658390 -0.744589 -0.065955 
0.492318 -0.795894 0.090667 
-0.159188 -0.725317 -0.001914 
-0.387995 0.808090 -0.089795 
0.820774 0.162344 0.090667 
0.574078 0.534854 -0.100886 
-0.016209 -0.742909 -0.032957 
0.176818 0.973081 -0.045897 
-0.714172 0.183663 0.004162 
-0.965446 -0.226931 -0.069352 
0.705643 0.489970 0.090667 
-0.787086 0.356141 0.090667 
0.175664 0.839612 0.090667 
0.779754 0.144451 -0.098271 
-0.572900 -0.614000 0.090667 
-0.746056 -0.392428 0.090667 
-0.261770 -0.931839 0.090667 
0.047214 0.935741 0.090667 
0.831076 0.035116 -0.089795 
0.670844 -0.317828 0.079406 
-0.271972 -0.957231 0.012136 
0.079401 -0.992584 -0.059810 
0.371602 -0.924151 0.078815 
0.845789 0.188576 -0.089795 
-0.539654 -0.584614 0.098499 
-0.886696 0.411092 -0.089795 
0.694679 -0.712945 0.076725 
-0.643853 -0.365997 0.022254 
-0.399072 0.904253 0.000371 
0.468836 -0.835738 -0.089795 
-0.980947 -0.144457 0.056683 
-0.706515 0.458432 0.090667 
-0.456765 -0.584103 0.084593 
0.783893 -0.417739 -0.089795 
-0.982895 -0.132161 -0.059690 
0.815817 -0.497627 -0.089795 
0.437354 0.887631 0.012299 
-0.789712 0.485883 0.090667 
-0.063959 0.916291 0.090667 
0.854755 -0.259520 -0.089795 
0.228679 -0.899703 -0.089795 
0.717220 -0.178967 -0.099827 
-0.933912 -0.155869 -0.089795 
0.265087 0.677078 -0.030157 
-0.711168 0.627128 0.090667 
-0.397045 -0.912151 -0.086435 
-0.327625 -0.747999 0.090667 
0.761046 0.430791 0.090667 
-0.525307 0.613389 -0.090067 
-0.985350 0.102033 -0.044072 
0.365691 0.629603 -0.035506 
0.162987 -0.967271 -0.089795 
0.464465 0.622099 0.105112 
0.169915 -0.714327 0.048102 
0.393958 0.905155 -0.089795 
-0.419688 0.601630 0.086241 
0.036729 -0.980504 0.090667 
0.734181 0.150893 0.118144 
0.103260 -0.777590 -0.103192 
-0.990127 -0.043857 0.031660 
-0.775692 0.613595 -0.054677 
-0.533857 0.832361 0.046087 
0.326634 0.933690 0.023587 
0.117830 0.761002 -0.106494 
0.983304 0.136999 -0.039307 
0.568415 -0.474019 -0.030057 
0.170242 0.741722 0.111341 
0.220001 -0.933886 0.090667 
-0.077623 0.723801 0.053218 
0.961154 0.247959 0.053005 
-0.859931 0.489348 -0.085434 
0.210486 0.966226 0.081582 
-0.734479 0.480500 -0.089795 
0.714894 0.162537 -0.055028 
-0.073462 0.720991 -0.011261 
0.668269 0.565855 -0.089795 
-0.288180 0.839841 -0.089795 
-0.720939 0.600587 -0.089795 
0.701738 -0.565463 0.090667 
0.231897 -0.803562 -0.089795 
0.253013 0.772979 0.090667 
0.600234 0.480292 0.108885 
-0.520856 0.535279 0.117705 
0.628387 -0.378932 -0.027105 
-0.719732 0.282732 0.106329 
-0.079667 -0.954482 0.090667 
0.731380 -0.026919 -0.036301 
0.105535 -0.967348 0.090667 
-0.643181 -0.431630 -0.106386 
-0.737968 -0.024861 0.093418 
-0.847110 0.388384 0.090667 
0.674033 -0.298581 -0.019817 
-0.003847 0.775650 -0.104131 
-0.432529 -0.643716 -0.106604 
-0.048354 -0.994494 0.053373 
-0.397910 0.715928 0.090667 
0.301524 -0.671137 -0.012636 
0.181689 0.730714 -0.114107 
0.414993 -0.851505 -0.089795 
0.438914 0.577090 0.019660 
0.124068 0.772575 0.102023 
-0.724198 0.140308 -0.026390 
-0.505882 0.727723 -0.089795 
0.497075 0.692633 0.090667 
-0.765778 0.310599 -0.089795 
-0.149846 -0.730464 -0.120058 
0.147670 0.712502 -0.037640 
-0.262385 -0.960016 0.058658 
0.588334 -0.766189 0.090667 
0.627395 -0.392503 -0.100160 
0.865627 -0.299554 0.090667 
0.989122 -0.093363 0.013409 
0.781088 -0.293982 0.090667 
0.742537 0.060695 0.120265 
0.646657 0.563064 0.090667 
0.487911 0.861167 -0.051333 
0.917832 -0.104206 0.090667 
0.254997 -0.837348 0.090667 
0.001161 0.978197 -0.089795 
0.476050 0.777796 0.090667 
-0.756916 0.636762 0.040119 
-0.459001 0.772938 -0.089795 
-0.323810 0.767669 -0.089795 
-0.459690 0.573898 0.084534 
-0.860665 -0.182710 -0.089795 
0.348281 -0.751442 0.090667 
0.196385 -0.876972 -0.089795 
0.496753 -0.552228 -0.053253 
-0.662587 -0.385116 -0.110104 
-0.463029 -0.579266 0.005384 
0.435986 -0.718335 0.090667 
0.033134 -0.922284 0.090667 
0.641624 0.710559 0.090667 
0.180774 -0.707917 0.002323 
-0.422680 0.815342 0.090667 
-0.966394 0.215667 0.044266 
-0.738675 -0.001480 0.052033 
-0.642648 0.418930 -0.107945 
-0.502775 -0.858044 0.087552 
0.517822 -0.604798 0.099030 
0.571488 -0.815363 -0.086119 
-0.683564 -0.282797 -0.077716 
-0.319812 -0.927263 -0.089795 
0.819909 -0.563684 0.043715 
-0.130491 0.762160 -0.105129 
0.929186 -0.354437 0.075095 
-0.431896 0.889247 -0.021825 
-0.668544 0.728617 0.020186 
0.818909 0.558134 -0.032441 
0.780301 0.143066 0.099011 
0.969990 0.209817 -0.033837 
-0.613874 0.734836 -0.089795 
0.765278 -0.482963 0.090667 
0.112945 -0.726159 -0.042321 
-0.758819 0.564087 0.090667 
-0.215206 0.699407 0.042924 
-0.457477 0.565807 0.027106 
0.324428 0.660121 0.111450 
0.640276 -0.446737 0.105626 
0.508016 0.632087 0.090667 
-0.981397 0.011492 -0.089795 
0.518499 -0.850098 -0.083488 
-0.299452 -0.949247 -0.021608 
-0.293789 0.672900 -0.101524 
0.549635 -0.574078 -0.098697 
0.748413 0.625958 0.090667 
-0.788447 -0.403993 0.090667 
-0.007903 0.886124 0.090667 
-0.686581 -0.515105 -0.089795 
0.346298 -0.882432 -0.089795 
-0.692751 0.252528 -0.039838 
0.763859 -0.111597 -0.107790 
0.715046 0.133213 0.017693 
-0.493753 0.856359 -0.088149 
0.902089 0.171528 0.090667 
-0.469632 -0.754690 -0.089795 
-0.884339 -0.260435 -0.089795 
-0.985317 -0.109412 0.019535 
-0.348674 0.658150 0.118432 
-0.039806 0.796207 -0.094638 
0.874265 0.402747 0.090667 
0.907840 0.087162 0.090667 
-0.273411 -0.690136 0.074090 
-0.700103 -0.311721 0.110637 
-0.402281 0.734999 -0.089795 
-0.754445 -0.255736 -0.096375 
-0.644799 0.357205 0.073202 
-0.059885 -0.740420 -0.017228 
0.526276 0.508408 -0.062901 
-0.119085 0.921843 -0.089795 
0.005338 0.988897 0.045181 
-0.589121 -0.506310 -0.105750 
-0.157198 -0.809397 0.090667 
-0.068413 0.892673 -0.089795 
-0.654991 0.616765 -0.089795 
-0.888800 -0.105866 -0.089795 
0.843526 0.284001 0.090667 
-0.685464 -0.702749 -0.089795 
0.356488 0.729084 0.090667 
-0.022180 -0.776122 -0.106635 
-0.586054 0.423995 0.013098 
0.595294 -0.798152 0.049985 
-0.588767 0.705825 -0.089795 
-0.051898 -0.994383 -0.025231 
-0.402733 0.652702 -0.107720 
-0.871213 0.354207 -0.089795 
-0.920127 0.140262 0.090667 
0.621525 -0.593974 0.090667 
-0.232024 -0.840407 0.090667 
-0.143827 0.944820 0.090667 
0.550376 -0.829711 -0.054931 
0.977306 0.174872 -0.056112 
0.993535 -0.008207 0.050716 
0.317011 -0.893334 0.090667 
0.098236 -0.732251 0.000127 
-0.267351 -0.692453 -0.044009 
0.674521 0.485020 -0.089795 
-0.644658 -0.731463 0.090667 
-0.863341 -0.157836 0.090667 
-0.180773 0.713488 0.122101 
0.034651 0.824975 -0.089795 
0.209877 -0.713190 0.122105 
-0.662430 0.314736 -0.085219 
0.898587 -0.427356 0.087115 
0.962669 0.237799 0.090667 
0.733499 -0.107518 0.121732 
0.651065 -0.690360 0.090667 
-0.546555 0.493711 -0.023806 
0.623610 -0.628112 -0.089795 
-0.577357 0.449073 -0.070779 
0.763509 -0.023551 0.112033 
0.363992 0.648883 -0.118305 
-0.390614 0.907914 0.066060 
0.715701 0.684901 -0.069509 
-0.815003 0.215069 0.090667 
0.832929 0.287395 -0.089795 
-0.069937 -0.766347 0.110747 
-0.104581 0.742967 0.115928 
0.689455 -0.339602 -0.109790 
0.374741 0.797543 -0.089795 
0.328536 -0.940026 -0.028812 
-0.706089 0.213430 0.092758 
0.664147 0.331239 0.120801 
0.464313 -0.715265 -0.089795 
-0.920651 0.364279 0.053504 
-0.721052 0.157340 0.100959 
-0.212180 0.965336 0.089010 
0.095238 -0.779594 0.103658 
-0.080510 0.863931 0.090667 
-0.327053 -0.882443 -0.089795 
-0.394892 0.611502 -0.001572 
0.357805 -0.651229 0.052285 
-0.218664 0.694865 -0.050691 
-0.532461 0.508329 -0.072918 
-0.675050 -0.729901 0.068469 
-0.817076 0.557464 -0.068360 
-0.244933 0.746320 -0.099631 
-0.880383 -0.082054 0.090667 
-0.460825 -0.580968 0.122206 
-0.672125 0.485300 -0.089795 
0.557383 0.476894 0.084338 
-0.324095 0.933780 0.027268 
0.561531 0.464393 -0.030899 
0.734889 0.025351 0.079807 
0.666572 0.633707 -0.089795 
0.338424 -0.760236 -0.089795 
-0.547213 -0.675571 -0.089795 
0.833172 0.356762 -0.089795 
0.457459 0.573404 -0.083789 
-0.541274 -0.834342 -0.074379 
-0.548794 0.490926 0.049857 
-0.265725 0.952026 0.044656 
0.620365 0.751427 -0.089795 
-0.071977 -0.903257 -0.089795 
0.993100 -0.022056 0.085483 
0.640782 -0.696236 -0.089795 
-0.746342 0.201257 -0.105933 
-0.218451 -0.970955 -0.052907 
-0.224172 -0.785188 0.090667 
-0.879582 -0.440658 0.090667 
0.779663 -0.075908 0.103824 
-0.235004 -0.930776 -0.089795 
0.902170 0.380421 -0.089795 
-0.120696 0.870756 -0.089795 
-0.018498 0.723295 0.000443 
0.748953 -0.393509 -0.089795 
0.101373 -0.731524 -0.077360 
0.874265 -0.475089 0.017355 
0.963731 -0.244836 -0.081814 
0.660145 0.738038 0.019126 
-0.767831 -0.443736 0.090667 
0.793552 0.217409 0.090667 
0.860111 0.449159 -0.089795 
0.653198 0.627578 0.090667 
-0.710705 0.548592 -0.089795 
0.969045 0.155868 -0.089795 
0.053961 -0.776388 -0.105942 
-0.862449 0.094784 0.090667 
-0.621862 0.391333 -0.067825 
-0.135076 0.979329 0.011111 
-0.667331 -0.456364 -0.091634 
0.430777 0.675867 0.094067 
-0.888128 0.200803 0.090667 
0.564497 -0.820114 0.051594 
0.800872 -0.154300 0.090667 
-0.279532 0.731648 -0.100710 
-0.724440 0.138996 0.025821 
0.585943 -0.746526 -0.089795 
-0.795631 0.270144 -0.089795 
0.988825 0.089489 0.062270 
-0.474542 -0.570079 -0.064635 
0.687574 0.713029 0.024029 
0.843265 -0.300443 -0.089795 
-0.531073 -0.722136 -0.089795 
-0.140892 -0.955378 0.090667 
0.767616 0.321776 -0.089795 
-0.893348 0.045856 -0.089795 
-0.700762 -0.704573 -0.003216 
0.133330 0.710924 0.011214 
0.752276 0.567109 0.090667 
0.809708 0.198462 -0.089795 
0.149177 -0.867175 0.090667 
-0.488739 -0.866345 -0.052397 
0.183779 0.707035 0.071030 
0.977613 -0.179956 -0.077234 
-0.801015 -0.587970 0.069746 
0.487643 -0.674520 -0.089795 
-0.459629 -0.847249 0.090667 
0.664985 0.443735 0.095591 
0.033708 -0.995026 0.011692 
0.987053 0.108221 -0.006079 
-0.790869 -0.471457 -0.089795 
-0.127039 -0.732009 0.081579 
0.182169 0.972233 0.053628 
0.696925 -0.214218 0.002928 
0.249388 0.678934 0.007318 
0.289456 -0.952775 -0.089795 
0.818981 0.119915 -0.089795 
0.613350 -0.418556 0.070609 
0.790897 -0.208528 0.090667 
0.013464 0.809604 0.090667 
-0.030171 0.853519 -0.089795 
-0.927781 0.074986 -0.089795 
-0.929652 0.238823 0.090667 
0.086899 -0.874701 0.090667 
0.582532 -0.517562 0.106161 
-0.367313 -0.644609 0.021471 
0.525017 0.839223 -0.061635 
0.417588 -0.758797 0.090667 
0.835625 0.533537 -0.065829 
0.127994 -0.953596 -0.089795 
0.747434 -0.348114 -0.089795 
0.750808 0.185529 0.107545 
-0.574167 0.591081 -0.089795 
-0.654265 0.390724 0.111202 
0.854512 0.478863 0.090667 
0.207520 -0.706518 0.066030 
-0.068271 0.819032 -0.089795 
-0.977220 0.160969 0.062742 
0.936581 -0.308784 0.090667 
0.307460 -0.708703 0.109363 
0.038514 0.893649 -0.089795 
0.722950 -0.094588 0.022495 
-0.440782 0.837537 -0.089795 
0.246105 -0.903251 0.090667 
-0.405510 0.614022 -0.116521 
-0.665780 0.660714 -0.089795 
0.729464 -0.024081 0.032077 
0.763515 -0.045835 -0.110733 
-0.800959 -0.588042 -0.019198 
0.574650 -0.813215 0.007454 
-0.170516 -0.771236 0.101517 
0.229339 0.770009 -0.092062 
0.852170 -0.226813 0.090667 
0.112059 0.910023 -0.089795 
-0.990862 -0.020449 -0.026904 
-0.980659 0.139255 0.003153 
-0.682142 0.279121 -0.084265 
-0.596537 0.656934 -0.089795 
-0.610390 0.391631 0.013204 
0.910103 0.038651 -0.089795 
-0.005876 -0.929172 0.090667 
-0.832836 -0.279204 -0.089795 
0.649794 0.325671 -0.005194 
0.373790 -0.642258 -0.082235 
-0.848883 0.173708 -0.089795 
0.966075 -0.047033 0.090667 
-0.580330 0.800779 -0.007054 
-0.738517 -0.211336 0.109723 
-0.724407 -0.146197 -0.028794 
0.276392 0.712008 -0.109539 
-0.820159 -0.559949 0.037116 
-0.355816 -0.770248 0.090667 
0.992086 0.047291 -0.039397 
0.730234 -0.449775 0.090667 
-0.489007 0.546174 -0.093102 
-0.722786 -0.154974 0.036817 
0.485285 0.547241 -0.062004 
0.056935 -0.994296 -0.031906 
-0.648787 0.339912 0.012618 
0.647031 0.721730 -0.089795 
0.465722 0.616360 -0.105874 
0.257636 0.893191 -0.089795 
0.194871 0.900308 0.090667 
-0.881818 -0.455775 0.024700 
0.597156 0.590429 -0.089795 
-0.729681 0.111201 -0.121330 
-0.339766 0.651182 -0.105631 
-0.930541 -0.344318 0.058511 
0.137482 -0.719836 0.034136 
-0.198191 0.832583 0.090667 
0.886808 0.208931 0.090667 
0.402605 0.612625 -0.082391 
-0.359326 0.744824 0.090667 
0.457520 0.737888 -0.089795 
-0.329611 -0.673827 0.118825 
0.543675 -0.549773 0.109106 
0.682890 0.650363 0.090667 
-0.600400 -0.792416 -0.034468 
0.718800 0.171247 -0.112897 
0.647837 -0.358584 -0.086253 
-0.735159 -0.472003 0.090667 
0.063139 0.720159 0.012717 
0.378085 0.914324 -0.048936 
0.795261 0.591317 0.049843 
0.874972 -0.347224 0.090667 
-0.955032 -0.196428 0.090667 
0.085032 0.985031 0.056899 
0.711991 -0.219632 0.120862 
-0.367259 0.918019 -0.011401 
-0.457166 -0.657854 0.096334 
-0.866002 -0.289731 0.090667 
0.745554 -0.485371 -0.089795 
-0.819487 -0.054152 -0.089795 
0.695415 0.609610 -0.089795 
-0.611161 -0.737532 -0.089795 
-0.548907 0.672364 -0.089795 
-0.644832 0.608287 0.090667 
-0.130542 -0.731493 0.017863 
0.151249 -0.718663 -0.037038 
0.284457 -0.790351 0.090667 
-0.586771 -0.696663 -0.089795 
-0.709352 0.667023 0.090667 
-0.085059 -0.738188 -0.063448 
-0.009860 -0.742909 0.030586 
-0.394310 0.906314 -0.078506 
0.964953 0.098477 -0.089795 
0.294750 -0.670170 0.022647 
-0.937458 0.318085 0.034339 
-0.481814 0.751067 0.090667 
0.378519 0.876252 0.090667 
-0.459692 -0.581843 -0.110172 
0.910647 0.392687 -0.010126 
-0.494408 0.855972 -0.052235 
-0.402826 -0.622818 -0.097107 
-0.463890 0.872945 -0.066867 
-0.675444 -0.612026 -0.089795 
0.991828 -0.062511 -0.031335 
0.464204 -0.608419 0.112394 
0.893442 0.186860 -0.089795 
-0.070493 0.728988 -0.086301 
-0.157511 0.816844 0.090667 
-0.903405 0.050542 0.090667 
0.605792 -0.429120 -0.073559 
0.158456 -0.760854 0.107253 
-0.017692 -0.995457 -0.010529 
-0.344965 -0.852520 0.090667 
0.701377 0.613008 0.090667 
0.810612 -0.188507 -0.089795 
-0.961573 -0.244258 0.050693 
-0.350230 -0.654196 -0.007537 
0.787473 -0.608378 -0.020855 
-0.759781 0.182957 0.103024 
-0.601240 0.468935 0.110805 
-0.862437 -0.434351 -0.089795 
0.992864 -0.029560 -0.061236 
-0.731447 0.665650 0.055757 
0.773858 0.526276 -0.089795 
-0.255489 0.790399 -0.089795 
-0.634233 0.758866 0.042686 
-0.702534 0.229161 -0.120632 
-0.764795 -0.079330 0.109115 
0.806669 0.303307 0.090667 
-0.367175 0.626303 -0.025533 
-0.709728 -0.400155 0.090667 
-0.503155 0.762457 -0.089795 
0.758715 -0.167351 -0.105661 
0.716140 0.640416 -0.089795 
-0.578731 -0.579685 0.090667 
-0.449334 0.854368 0.090667 
0.934568 0.208599 -0.089795 
0.786238 0.407089 -0.089795 
-0.281332 0.756597 0.090978 
0.729728 0.232043 0.110715 
0.817577 -0.239255 -0.089795 
-0.790017 0.441631 -0.089795 
0.181277 -0.979395 0.068059 
0.347304 0.818839 -0.089795 
-0.960248 -0.040306 0.090667 
-0.752157 -0.649181 0.002620 
-0.024932 -0.810653 -0.091741 
-0.500031 0.590522 -0.105023 
0.662956 -0.610626 -0.089795 
0.921904 0.366672 0.062379 
-0.794878 -0.398211 -0.089795 
-0.958105 0.250579 -0.042189 
-0.550478 -0.496568 -0.089575 
-0.018762 0.956684 0.090667 
-0.573730 0.628019 0.090667 
-0.893894 -0.402829 0.090667 
-0.152256 0.856495 -0.089795 
0.601663 0.436509 0.120076 
0.804481 0.559300 0.090667 
0.422668 0.895032 0.080450 
0.518761 -0.818793 0.090667 
-0.685982 -0.570725 0.090667 
0.825729 0.044941 0.090667 
-0.577921 0.773245 -0.089795 
-0.975104 0.174326 -0.023293 
-0.293755 -0.760554 -0.089795 
-0.553039 0.681556 0.090667 
-0.722963 0.401990 -0.089795 
0.332936 0.746911 -0.089795 
0.884271 -0.112349 0.090667 
-0.118483 -0.955002 -0.089795 
-0.887951 0.436718 0.066194 
0.704972 0.312369 0.108280 
0.385432 0.623225 0.083346 
-0.576849 -0.791938 0.090667 
0.634699 0.688368 -0.089795 
-0.410252 -0.617904 0.025186 
-0.371986 -0.883033 -0.089795 
0.839843 -0.019997 0.090667 
0.721627 0.090035 0.013788 
-0.074497 0.780876 0.101143 
-0.807122 0.572112 0.016140 
0.593744 0.423138 -0.032433 
-0.564269 0.472977 0.089735 
-0.830151 0.220197 -0.089795 
-0.199704 -0.896082 0.090667 
-0.579677 -0.461483 0.018250 
0.600738 -0.436185 0.017739 
0.861130 0.491189 0.021322 
0.807484 -0.581966 0.084725 
0.119037 0.981817 0.060435 
0.825855 0.547913 0.051833 
-0.639901 -0.760890 0.028292 
0.727088 0.673191 0.010829 
-0.840033 -0.465234 -0.089795 
-0.164729 -0.724083 0.086497 
0.878950 -0.389246 0.090667 
0.963756 -0.118124 -0.089795 
-0.425295 -0.899631 0.053273 
0.417039 0.594879 -0.016271 
-0.619320 -0.520819 -0.091617 
-0.079863 -0.821238 -0.089795 
0.707307 -0.184587 -0.020800 
-0.817146 -0.564382 -0.000593 
0.839748 -0.110319 0.090667 
0.632841 -0.387790 0.092758 
0.322947 0.652816 -0.038782 
0.315730 -0.803298 -0.089795 
-0.863401 -0.004664 0.090667 
0.738903 -0.003657 -0.100810 
0.733843 -0.672548 -0.072726 
-0.739672 -0.408236 -0.089795 
0.295073 0.712466 0.107032 
-0.770191 -0.008502 -0.107524 
0.109245 0.982743 -0.006274 
0.295316 -0.951114 0.086691 
0.029417 -0.742818 -0.033398 
-0.382340 -0.758170 -0.089795 
0.686570 0.702405 -0.089795 
0.789183 0.599152 -0.006797 
0.697376 -0.645601 -0.089795 
0.564182 -0.666511 -0.089795 
-0.939779 -0.213840 -0.089795 
0.408395 -0.668103 -0.103822 
-0.983611 0.120437 -0.085532 
0.987216 0.056014 0.090667 
0.343071 -0.725297 -0.095597 
0.061266 0.733155 -0.118372 
-0.613735 0.403711 -0.098363 
-0.629271 -0.431377 0.112542 
0.475519 0.868186 0.017659 
0.212465 0.944914 -0.089795 
-0.286708 0.945929 -0.055752 
-0.536933 0.830272 -0.042366 
-0.986419 0.090730 0.025163 
0.830700 0.214984 0.090667 
-0.663863 0.537281 -0.089795 
0.533069 0.546518 -0.110181 
0.482085 -0.579009 0.117815 
0.109880 0.866697 0.090667 
-0.675757 0.282395 -0.008007 
-0.628219 -0.391614 0.006652 
-0.500014 0.781464 0.090667 
-0.529919 -0.517987 0.088444 
