0.787618 0.154445 -0.049265 
-0.969079 -0.203660 0.036928 
-0.286831 0.954229 -0.014843 
0.107812 -0.984537 -0.037486 
0.487034 0.872295 0.009148 
0.784202 -0.612327 0.027186 
-0.854097 0.506355 0.018031 
-0.582449 -0.800571 -0.022839 
0.810282 0.584783 -0.015386 
0.970827 -0.226487 0.009217 
0.082556 0.798246 0.050567 
0.391359 -0.695459 -0.017500 
-0.204478 -0.776062 0.052533 
-0.786552 0.124491 -0.050717 
-0.670505 -0.427290 -0.054265 
-0.489247 0.632894 0.041188 
0.719644 -0.344421 -0.024419 
0.531975 0.595815 0.006370 
0.931688 0.359941 0.023385 
0.251959 0.966338 -0.037486 
0.996741 0.044619 0.037586 
-0.029657 0.996899 -0.036256 
-0.752631 -0.638709 0.037586 
0.346392 -0.929978 0.015378 
0.607053 -0.786799 0.036590 
-0.705688 0.696459 -0.037486 
-0.944755 0.279893 0.037586 
-0.990331 0.033478 0.029338 
-0.508104 0.853297 -0.037486 
-0.886105 -0.431472 0.037586 
0.794130 -0.070874 0.010243 
0.173364 -0.777528 0.047099 
0.710100 0.375117 -0.045557 
-0.122779 -0.983387 -0.017040 
-0.361224 -0.922172 -0.034964 
0.305901 0.743042 -0.052784 
-0.147558 0.786755 0.043313 
0.585770 -0.544142 -0.052724 
-0.525648 -0.598067 0.054039 
-0.640856 0.472977 -0.032378 
-0.790534 -0.109297 -0.053740 
-0.019597 -0.797104 -0.054032 
-0.380755 -0.707000 -0.052161 
-0.324361 0.731423 -0.049478 
0.903167 -0.420873 0.033165 
-0.739658 0.297027 0.052428 
0.667594 0.743113 -0.034142 
-0.745054 -0.277206 0.051643 
0.949911 0.206163 -0.037486 
0.673817 0.517288 0.042442 
0.807785 -0.228572 0.044481 
0.113002 0.983708 0.037586 
-0.802060 0.007247 0.052863 
0.419828 0.694319 0.052453 
0.468757 -0.852079 -0.037486 
0.769319 0.269264 0.051426 
0.697216 -0.487695 0.041077 
-0.867798 -0.292428 -0.037486 
0.508560 -0.617088 0.054253 
-0.446979 -0.821685 0.037586 
-0.035222 0.822773 -0.048764 
-0.590652 0.755924 0.037586 
0.970465 -0.079848 -0.037486 
-0.378742 0.851303 0.037586 
-0.150814 0.948917 0.037586 
0.317685 0.860921 0.037586 
0.007819 -0.911079 0.037586 
-0.624870 -0.649083 -0.037486 
-0.951706 0.154776 -0.037486 
-0.838448 0.349109 -0.037486 
-0.826584 -0.541988 -0.037486 
0.838620 0.060013 0.044522 
-0.238420 -0.920824 0.037586 
0.661780 -0.679620 -0.037486 
0.283936 -0.783030 -0.044955 
0.191665 0.838671 -0.039253 
0.797282 0.450729 0.037586 
-0.644051 0.595159 0.037586 
-0.954061 -0.085697 -0.037486 
0.527872 0.744695 -0.037486 
0.807748 -0.491493 -0.037486 
-0.656055 -0.543981 0.039170 
0.521407 -0.711160 -0.037486 
0.192394 -0.885104 -0.037486 
0.853828 -0.323325 -0.037486 
-0.748362 0.553283 -0.037486 
-0.841769 -0.191654 0.037586 
-0.553091 0.576505 -0.053698 
-0.825963 0.204310 0.040095 
-0.285463 -0.813642 -0.037486 
-0.224244 0.846215 -0.037486 
-0.134046 -0.847887 -0.037751 
0.648322 0.612667 -0.037486 
-0.753765 -0.431744 0.037586 
-0.709068 0.365134 -0.046319 
0.075428 0.884594 -0.037486 
0.735295 0.668742 0.037586 
-0.482395 0.732975 -0.037486 
-0.319229 -0.731987 0.053462 
-0.503053 -0.668807 -0.043230 
0.878819 -0.160403 -0.037486 
-0.075815 -0.793432 0.054155 
0.387786 -0.805598 0.037586 
-0.389087 0.720194 0.049670 
-0.880364 0.096416 0.037586 
0.889120 0.454344 -0.037486 
0.837372 0.307787 -0.037486 
-0.736433 0.443323 0.038232 
0.053280 -0.794264 0.038453 
-0.274617 0.768635 0.050447 
-0.020437 0.901046 0.037586 
0.219670 0.772282 0.052956 
-0.758166 0.245015 -0.050315 
-0.670038 -0.725597 0.037586 
0.394398 0.819339 -0.037486 
0.640604 -0.588896 0.037586 
-0.577741 -0.545451 -0.045711 
-0.437021 -0.699275 0.046558 
0.918508 0.079172 -0.037486 
-0.765228 -0.236756 -0.052754 
0.202742 -0.970965 0.034606 
-0.904845 0.407731 0.036677 
0.901338 -0.034511 0.037586 
0.850948 0.183865 0.037586 
0.587989 0.799372 0.037586 
0.115880 -0.794199 -0.052716 
-0.898495 0.017689 -0.037486 
0.360366 0.931412 -0.034849 
-0.872090 -0.087396 0.037586 
0.434329 0.678808 -0.053790 
-0.749554 0.631280 0.037586 
-0.753039 -0.358514 -0.043982 
0.609859 0.679276 0.037586 
0.663135 -0.447148 -0.051712 
0.259892 -0.846299 0.037586 
0.655353 0.474208 -0.053114 
0.321942 0.743381 0.052720 
0.767451 -0.253791 -0.052526 
0.499033 -0.783286 0.037586 
0.811911 0.024372 -0.051811 
0.695309 0.410142 0.053528 
0.112505 -0.893820 0.037586 
0.804772 -0.378220 0.037586 
-0.928468 -0.335404 0.037586 
-0.553234 -0.713009 0.037586 
-0.010790 -0.981476 -0.037486 
0.314629 -0.732860 0.052056 
-0.798397 -0.005525 -0.053687 
-0.880534 0.247777 -0.037486 
-0.577284 0.675334 -0.037486 
0.928797 -0.321185 0.037586 
0.709928 -0.583571 -0.037486 
0.200969 0.904363 0.037586 
-0.098752 0.905228 -0.037486 
-0.705895 -0.587350 -0.037486 
-0.336750 -0.858229 0.037586 
-0.091467 -0.896939 0.037586 
0.918481 0.262697 0.037586 
-0.384510 -0.808785 -0.037486 
0.465941 0.780500 0.037586 
0.509507 -0.615176 -0.052871 
-0.657825 -0.447398 0.054173 
0.265766 -0.951600 -0.037486 
-0.014986 0.802142 0.053374 
-0.470725 0.794195 0.037586 
-0.823205 -0.356933 0.037586 
0.942541 -0.135215 0.037586 
0.725324 0.542717 -0.037486 
-0.471975 -0.765183 -0.037486 
-0.423943 0.901312 -0.036696 
-0.131212 0.810968 -0.049207 
0.988378 0.139962 0.025568 
-0.281196 0.865535 0.037586 
0.783344 -0.160598 -0.028396 
-0.797096 0.452890 -0.037486 
0.765378 0.246585 -0.054159 
-0.910323 -0.202570 -0.037486 
-0.932681 0.335778 -0.037486 
-0.406109 0.801735 -0.037486 
0.573661 -0.691297 0.037586 
0.102386 0.795378 -0.045870 
-0.736952 -0.499129 -0.037486 
0.723509 -0.682717 0.037234 
-0.453509 -0.876356 -0.037486 
0.550917 -0.801458 -0.037486 
0.060307 -0.877467 -0.037486 
-0.832103 -0.438125 -0.037486 
-0.851973 0.292869 0.037586 
0.360396 -0.856130 -0.037486 
0.161798 0.948968 -0.037486 
-0.193134 -0.771637 -0.038439 
0.814549 0.355237 0.037586 
0.433099 -0.890737 0.037586 
-0.314092 0.824741 -0.037486 
-0.199456 0.967864 -0.037486 
0.833856 -0.535754 0.037586 
-0.811957 0.392419 0.037586 
-0.786839 -0.116400 0.047207 
0.696897 -0.392454 0.048857 
0.594546 0.538092 -0.035232 
0.058589 0.980410 -0.037486 
-0.404166 0.689311 -0.041825 
0.799220 0.401476 -0.037486 
-0.917160 0.188568 0.037586 
0.853207 0.519442 0.027391 
-0.637868 0.762118 -0.037486 
-0.554958 0.573096 0.043487 
0.404238 0.886794 0.037586 
0.047462 -0.990090 0.036137 
-0.633582 0.494513 0.053059 
-0.044951 -0.895276 -0.037486 
0.295879 0.950965 0.037586 
0.554059 0.831047 -0.037486 
0.427470 -0.773062 -0.037486 
-0.786101 0.127046 0.052905 
-0.646325 0.682980 0.037586 
-0.225122 -0.964125 -0.037486 
0.607531 0.574567 0.045965 
0.866690 -0.062757 -0.037486 
-0.715062 -0.673862 -0.037486 
-0.776013 -0.519130 0.037586 
-0.865104 0.160863 -0.037486 
0.280057 0.882796 -0.037486 
0.468756 -0.693184 0.044343 
0.977127 0.006608 -0.037486 
0.570150 0.668457 -0.037486 
0.745867 -0.429554 -0.038491 
0.844600 -0.147393 0.039800 
-0.117410 0.990457 -0.030209 
-0.188281 0.864678 0.037586 
0.743984 -0.291992 0.038226 
-0.679576 0.614269 -0.037486 
0.505321 0.666348 0.045951 
0.777781 -0.460478 0.037586 
-0.172252 -0.867565 0.037586 
0.926341 -0.367424 -0.034844 
-0.607317 -0.613443 0.037586 
0.942778 0.293494 -0.037486 
0.867390 0.221693 -0.037486 
-0.047957 -0.984787 0.037586 
-0.970926 -0.118982 0.037586 
-0.961756 0.116350 0.037586 
-0.706246 -0.364454 0.052530 
0.120939 0.879955 0.037586 
-0.718031 0.532280 0.037586 
-0.883258 0.451089 -0.037486 
0.632100 -0.757625 -0.037486 
0.906987 -0.252796 -0.037486 
-0.245051 0.760284 -0.026952 
-0.951883 -0.272187 -0.010650 
0.616605 -0.509777 0.040010 
0.024826 0.988151 0.037586 
-0.532164 -0.825904 0.037586 
-0.518512 0.715788 0.037586 
-0.890605 -0.379912 -0.037486 
-0.884567 -0.261983 0.037586 
-0.874572 -0.120900 -0.037486 
-0.358594 0.929584 0.016812 
0.585909 -0.640876 -0.037486 
-0.243728 -0.884328 -0.037486 
0.748743 0.574407 0.037586 
-0.416954 -0.897737 0.037586 
-0.908132 -0.012741 0.037586 
0.790371 0.129334 0.035168 
0.984146 -0.160217 -0.037148 
0.873511 0.421977 0.037586 
-0.091524 0.861867 0.037586 
0.204479 -0.770348 -0.034758 
0.911165 0.118315 0.037586 
-0.979816 0.078866 -0.037486 
-0.797301 0.560577 0.037586 
-0.585280 -0.719463 -0.037486 
-0.553849 0.786835 -0.037486 
0.366065 0.709990 -0.005243 
0.230288 0.768611 -0.046405 
0.727053 0.642723 -0.037486 
-0.260320 -0.835445 0.037586 
-0.054561 0.980104 0.037586 
0.766583 0.473973 -0.037486 
-0.470470 0.646585 -0.051649 
0.897607 -0.214832 0.037586 
0.448135 0.761070 -0.037486 
0.387595 0.791609 0.037586 
0.725792 0.339808 0.034419 
-0.003950 0.918973 -0.037486 
-0.541226 0.829275 0.037586 
-0.983590 -0.012824 -0.037486 
-0.457912 0.884004 0.032069 
-0.627183 -0.487468 -0.027164 
0.819121 -0.401580 -0.037486 
0.750141 -0.653183 -0.030128 
-0.315752 -0.933512 0.037586 
-0.297890 -0.737262 -0.026931 
-0.829247 -0.184451 -0.039970 
0.996807 -0.038907 0.023534 
-0.570085 0.658150 0.037586 
-0.853900 -0.500223 0.024941 
-0.234595 0.934091 0.037586 
0.655262 -0.717492 0.037586 
0.678353 0.617559 0.037586 
0.285856 -0.873119 -0.037486 
-0.771747 0.626017 -0.037217 
0.542757 0.737958 0.037586 
0.887951 0.374054 -0.037486 
-0.767649 -0.207009 0.028997 
-0.714827 0.457000 -0.041024 
0.715486 -0.572147 0.037586 
-0.632742 0.554618 -0.043099 
0.796333 -0.566276 -0.037486 
0.199042 -0.891248 0.037586 
0.569457 -0.569057 0.052944 
0.879085 -0.468136 -0.036234 
0.504200 0.631073 -0.053375 
-0.657024 -0.739928 -0.034585 
0.844694 0.272706 0.037586 
0.598558 0.769825 -0.037486 
-0.134368 -0.784286 0.009690 
0.192345 0.979754 0.022506 
0.930616 0.189638 0.037586 
-0.730681 0.370391 0.048761 
0.653305 0.753341 0.037586 
-0.957255 0.260159 -0.032423 
-0.471897 -0.639083 0.022430 
0.858000 -0.301036 0.037586 
0.276431 -0.926418 0.037586 
-0.975813 -0.169580 -0.034227 
0.449541 -0.660204 -0.044887 
0.799640 0.001257 0.025368 
-0.821369 0.558390 -0.031249 
0.130188 -0.983299 0.031865 
-0.154288 -0.938185 0.037586 
0.051919 0.909602 0.037586 
0.861084 0.123995 -0.037486 
-0.771821 0.316236 -0.044633 
0.687014 -0.514646 -0.038903 
0.393801 -0.733723 0.045291 
0.326650 -0.727507 -0.023645 
-0.989955 -0.038951 0.031647 
-0.154980 -0.921832 -0.037486 
0.147674 0.785792 0.022221 
0.126566 -0.914390 -0.037486 
0.322701 0.819538 -0.037486 
0.250170 -0.757247 0.018471 
-0.382885 -0.790338 0.037586 
-0.908416 -0.153197 0.037586 
0.838341 -0.233853 -0.037486 
-0.849681 0.069154 -0.039455 
0.338906 -0.856863 0.037586 
-0.012414 -0.843361 0.041889 
0.434982 0.899177 -0.030532 
-0.492170 -0.748647 0.037586 
-0.578061 -0.545096 0.024981 
-0.672973 -0.655036 0.037586 
-0.343446 0.780936 0.040632 
0.847875 -0.465151 0.037586 
-0.540087 -0.604553 -0.050155 
-0.880444 -0.049948 -0.037486 
0.512666 -0.850671 0.024990 
-0.825793 -0.348162 -0.037486 
0.761942 0.328454 -0.047511 
-0.773076 -0.617840 -0.025633 
0.927335 0.039651 0.037586 
0.985467 0.110759 -0.037486 
-0.731586 -0.572420 0.037586 
-0.749457 -0.427493 -0.037486 
-0.291974 -0.946271 -0.033939 
-0.665253 0.438146 0.028217 
0.641736 -0.595173 -0.037486 
-0.432355 -0.666663 -0.026640 
-0.514757 -0.845278 -0.037486 
0.038732 0.820902 -0.049317 
-0.794226 -0.050255 0.016319 
0.775556 0.194932 0.023318 
0.523072 0.821768 0.037586 
-0.430174 0.670867 0.026801 
0.196450 0.834862 0.040087 
0.909326 0.010222 -0.037486 
0.046176 -0.794761 -0.037411 
0.420469 -0.899609 -0.037294 
-0.278262 0.887056 -0.037486 
0.837019 0.511011 -0.037486 
-0.074855 0.795270 0.023293 
0.280247 0.805084 0.041460 
-0.782331 0.386129 -0.037486 
-0.713601 -0.485600 0.037586 
0.660521 0.448889 0.008854 
0.800734 -0.090728 -0.053391 
-0.736951 -0.297261 -0.022377 
0.795365 0.080370 -0.019567 
0.570301 0.600559 -0.047958 
-0.820219 0.219583 -0.040538 
-0.178025 0.893683 -0.037486 
-0.928975 0.346063 0.037586 
0.171289 -0.967161 -0.037486 
0.053218 -0.863511 0.037586 
-0.764549 0.225372 0.050313 
-0.579104 -0.773257 0.037586 
-0.117855 -0.786607 -0.053547 
0.359499 -0.782118 -0.037701 
0.625733 -0.498093 -0.023963 
-0.807018 0.465817 0.037586 
-0.601665 0.517317 0.001171 
0.761676 0.396523 0.039956 
-0.794527 0.048100 0.003196 
-0.970790 0.202474 0.001911 
-0.821435 -0.429230 0.037586 
0.452054 0.658761 0.009443 
-0.372362 -0.701918 0.032838 
0.633307 0.681009 -0.037486 
0.663214 -0.653646 0.037586 
-0.646194 -0.563391 -0.037736 
-0.690839 0.516564 -0.037486 
0.459230 0.824414 -0.037486 
-0.657184 0.746252 0.021506 
-0.928118 0.053746 0.037586 
0.782008 -0.349468 -0.039653 
-0.328775 -0.860700 -0.037486 
-0.776451 0.178170 -0.018059 
-0.616869 0.624797 -0.037486 
0.551295 -0.578481 -0.007023 
0.160740 -0.840789 0.038756 
-0.933209 -0.330224 -0.027478 
-0.314012 0.731651 0.014180 
0.453228 -0.830928 0.037586 
-0.208960 0.776570 0.053716 
0.147859 0.887426 -0.037486 
-0.710884 0.694956 0.025317 
0.710826 0.445374 -0.045130 
-0.457645 0.731839 0.037849 
-0.186678 0.778463 -0.041796 
0.613889 0.514165 0.023692 
-0.266455 -0.766139 0.050200 
0.253500 0.861667 0.037586 
0.892319 -0.096560 0.037586 
0.376039 0.759628 -0.042733 
0.750830 -0.523236 -0.037486 
0.690120 -0.402312 -0.017367 
-0.513050 0.608352 -0.017731 
-0.907763 0.110396 -0.037486 
0.780472 -0.172998 0.032575 
0.258152 0.823755 -0.038587 
-0.344021 0.903070 -0.037486 
0.969687 0.238051 0.012435 
0.049646 -0.963220 -0.037486 
-0.830701 0.287665 -0.037486 
0.355508 0.933161 0.026602 
-0.696876 -0.381875 -0.005562 
0.258175 0.755386 0.008470 
0.580094 -0.627631 0.039759 
-0.904374 0.389699 -0.037486 
-0.027267 -0.795604 0.007319 
0.736542 0.453100 0.038345 
-0.878599 0.238234 0.037586 
0.930011 -0.125182 -0.037486 
-0.688617 0.639577 0.037586 
0.754562 -0.526070 0.037586 
0.681003 0.699696 0.037586 
0.841426 -0.038061 0.043924 
0.130532 -0.850660 -0.037486 
-0.631472 0.701624 -0.037486 
0.883299 0.327086 0.037586 
-0.779002 -0.160842 -0.007706 
-0.525344 -0.658298 0.041846 
-0.078347 -0.948813 -0.037486 
-0.811563 -0.566353 0.027957 
-0.604462 -0.682057 0.037586 
0.748220 0.279656 -0.003504 
-0.194597 -0.850327 -0.037486 
0.992090 -0.102374 0.033158 
0.563398 0.630243 0.043508 
0.880064 -0.408606 -0.037486 
0.865095 0.052884 -0.037486 
0.869535 -0.372009 0.037586 
0.955976 -0.281677 -0.020078 
-0.857993 0.354774 0.037586 
0.366596 0.871865 -0.037486 
-0.517234 -0.726971 -0.037486 
-0.864013 0.039514 0.037586 
-0.095376 0.928390 0.037586 
0.476971 -0.635958 0.001381 
-0.729675 0.321734 -0.000026 
0.010347 -0.915078 -0.037486 
0.492293 -0.798456 -0.037486 
-0.692790 0.386956 0.005520 
0.208601 -0.829005 -0.039074 
-0.385933 0.744752 -0.044256 
-0.768781 -0.549895 -0.037486 
-0.474832 -0.868918 0.017946 
0.328971 -0.912221 -0.037486 
-0.240068 0.823644 0.039515 
0.032424 0.798334 0.019863 
0.222436 0.889832 -0.037486 
0.292641 -0.788320 0.042967 
0.931312 -0.185151 -0.037486 
0.444031 -0.761680 0.037586 
-0.765456 -0.360897 0.040816 
0.701249 0.694522 -0.037486 
0.651579 0.535425 -0.043963 
0.829054 0.453814 -0.037486 
-0.067978 -0.842506 -0.041257 
-0.792641 -0.480169 -0.037486 
0.561702 -0.819441 0.022543 
0.123529 -0.786772 0.003820 
-0.834694 -0.241659 -0.037486 
-0.070443 0.955248 -0.037486 
-0.629066 -0.764411 0.010619 
-0.751279 0.266213 0.002638 
-0.580376 0.732630 -0.037486 
-0.804131 -0.295049 -0.038031 
0.552060 -0.744346 0.037586 
0.937258 0.150500 -0.037486 
0.593677 -0.715606 -0.037486 
0.753644 -0.354627 0.046024 
0.465708 -0.730940 -0.037486 
-0.860179 0.442920 0.037586 
0.164297 0.790795 -0.053120 
-0.867802 -0.321684 0.037586 
-0.849056 0.143771 0.037586 
-0.784514 0.329368 0.040339 
0.786014 0.616457 0.031226 
0.873803 0.014877 0.037586 
-0.194106 -0.971365 0.014988 
-0.785727 0.510901 -0.037486 
0.981661 -0.175903 0.036322 
0.855164 0.123643 0.038368 
-0.627220 -0.487421 0.029149 
-0.291860 0.934473 0.037586 
0.408065 -0.825726 -0.037486 
0.666900 -0.439047 0.018125 
0.750325 -0.411643 0.039844 
0.677593 -0.727833 -0.013817 
-0.460491 0.823878 -0.037486 
-0.105553 -0.965657 0.037586 
0.801795 -0.296143 -0.040207 
-0.915650 0.197440 -0.037486 
0.030934 0.857936 0.039742 
0.763213 -0.228452 0.010924 
0.377044 0.729986 0.049729 
0.793441 0.541059 0.037586 
0.926996 -0.261992 0.037586 
-0.143948 0.942242 -0.037486 
-0.850746 -0.015717 0.039843 
-0.246810 -0.756001 -0.016785 
0.116165 0.980286 -0.037486 
-0.352884 -0.754089 -0.044446 
-0.807711 0.258448 0.040915 
0.799274 -0.022604 -0.025776 
-0.409289 0.907948 0.016545 
0.600572 0.737527 0.037586 
-0.681113 0.413647 -0.044066 
-0.101223 -0.891933 -0.037486 
-0.414902 0.767143 0.037586 
-0.798062 -0.286196 0.040485 
0.850186 -0.518087 -0.015069 
0.413165 -0.682934 0.052135 
0.308903 0.949807 -0.033773 
0.703447 0.593427 -0.037486 
-0.877674 -0.375417 0.037586 
0.809513 0.204362 -0.046001 
-0.852272 0.405732 -0.037486 
-0.605209 0.552723 0.048973 
-0.592934 0.798902 -0.001591 
-0.657986 0.541420 0.040331 
-0.931364 -0.061908 0.037586 
0.810516 -0.103431 0.050571 
-0.865087 -0.481307 -0.036311 
-0.721686 -0.677689 0.016143 
-0.965569 -0.219363 -0.014725 
0.209880 -0.818496 0.041779 
-0.536495 0.775442 0.037586 
-0.446567 -0.812758 -0.037486 
-0.560005 -0.671823 -0.037486 
-0.523300 0.697878 -0.037486 
0.795860 -0.305647 0.040873 
0.242612 0.944702 0.037586 
-0.696410 0.483376 0.041428 
-0.446810 -0.717982 -0.040915 
-0.674181 -0.601481 0.037586 
0.726668 0.524216 0.037586 
-0.796983 0.072059 -0.053271 
-0.510263 -0.608794 -0.005951 
-0.655493 -0.448783 -0.003561 
-0.762643 0.502982 0.037586 
-0.414711 -0.765057 -0.037486 
-0.306934 -0.810150 0.037586 
-0.388898 0.861534 -0.037486 
0.720759 -0.629780 0.037586 
-0.808396 -0.059587 -0.050430 
-0.676844 -0.637473 -0.037486 
-0.517574 -0.792599 -0.037486 
0.166287 -0.932952 0.037586 
-0.327451 0.890848 0.037586 
0.996440 0.057041 -0.013599 
0.893180 0.276206 -0.037486 
0.919181 -0.064126 -0.037486 
0.840336 -0.123201 -0.041883 
0.480070 0.729973 0.037586 
0.198115 0.772938 0.005133 
0.520693 -0.845924 -0.037248 
-0.424028 0.825156 0.037586 
0.064582 -0.914745 0.037586 
-0.093374 0.853302 -0.039465 
0.554688 0.681392 0.037586 
-0.905781 -0.214336 0.037586 
0.697042 -0.641199 -0.037486 
-0.005717 0.864310 -0.037955 
-0.428624 -0.765496 0.037586 
-0.263812 0.806436 -0.041856 
-0.379531 0.698221 0.003591 
0.911527 0.408122 -0.006305 
-0.000837 -0.991340 0.017058 
-0.792368 0.075921 0.046818 
-0.145684 -0.821054 0.044326 
0.742496 -0.289927 -0.013459 
-0.365651 -0.920367 0.034885 
0.617889 0.628313 0.037586 
-0.021414 0.796758 0.002553 
-0.686653 -0.488907 -0.041581 
0.436169 0.822496 0.037586 
0.215912 -0.938777 -0.037486 
0.522284 -0.702363 0.037586 
-0.926136 -0.128821 -0.037486 
0.484484 0.685572 -0.044963 
0.260784 -0.828247 -0.037486 
0.589386 -0.540126 -0.001746 
-0.699624 0.589511 0.037586 
-0.892031 0.304588 -0.037486 
-0.492831 0.846010 0.037586 
-0.285888 -0.879772 0.037586 
-0.236496 0.932693 -0.037486 
0.584695 0.720671 -0.037486 
-0.845954 -0.140804 0.037943 
0.370964 0.848157 0.037586 
-0.171091 0.982200 0.004741 
0.880440 0.471941 0.030793 
-0.882806 -0.430179 -0.037486 
-0.008213 -0.860317 -0.037486 
0.951828 -0.004679 0.037586 
0.768394 0.602667 -0.037486 
-0.739274 0.664205 -0.003103 
0.830130 0.357793 -0.037486 
-0.070081 -0.792610 -0.033769 
-0.815817 -0.234853 0.040206 
0.101999 -0.789798 0.050769 
0.698595 0.496773 -0.040267 
0.389187 -0.860580 0.037586 
0.424098 0.752423 0.038615 
-0.408706 -0.899420 -0.037486 
0.940334 -0.081389 0.037586 
-0.803172 -0.393052 -0.037486 
-0.928078 -0.033994 -0.037486 
-0.788865 -0.467656 0.037586 
0.103856 -0.844420 0.040073 
0.942762 0.313086 0.037586 
-0.143000 0.843384 0.040339 
-0.350395 0.779766 -0.040094 
-0.343672 -0.716879 -0.012276 
-0.599559 -0.590306 -0.041963 
0.081442 0.849500 0.041098 
-0.537501 0.619573 0.049009 
-0.848152 0.516407 -0.034699 
-0.019420 0.850476 0.041717 
0.922001 -0.377452 0.013821 
-0.597065 0.616272 0.038926 
0.640209 -0.545718 -0.043393 
-0.501998 0.796480 -0.037486 
0.647974 -0.469625 0.052357 
-0.689580 -0.709795 -0.005212 
-0.718490 -0.339352 0.008049 
0.506891 0.846343 -0.037486 
-0.465987 0.647239 -0.002314 
-0.143944 0.784007 -0.005996 
0.395588 -0.910377 0.012048 
-0.897063 -0.252581 -0.037486 
0.136707 0.839524 -0.041790 
0.755087 -0.603515 -0.037486 
0.606955 -0.737447 0.037586 
-0.949283 0.022651 -0.037486 
0.413456 0.722953 -0.046718 
-0.321445 0.824981 0.037586 
0.679366 -0.533489 0.037624 
0.702286 0.379776 0.002792 
-0.790228 0.096280 -0.005657 
-0.842288 0.013140 -0.042061 
0.807716 0.239603 0.044138 
0.555644 -0.746595 -0.037486 
0.048139 0.932549 -0.037486 
0.784886 -0.208060 -0.051653 
-0.040372 -0.919595 0.037586 
0.017179 0.997506 -0.017884 
-0.614073 0.510429 -0.052568 
-0.612770 -0.760506 -0.037486 
0.142216 0.828984 0.044444 
0.070842 0.954615 0.037586 
-0.475678 0.687063 0.045031 
-0.795760 -0.006320 -0.004998 
-0.802322 -0.162617 0.048336 
0.826245 0.402560 0.037586 
-0.706796 -0.423194 0.046787 
-0.080909 -0.849518 0.039271 
-0.673584 0.731793 -0.024729 
-0.121865 0.989997 0.018123 
-0.979983 0.149715 0.007564 
0.096602 0.928100 -0.037486 
0.468628 -0.875569 0.008472 
0.522917 -0.660548 -0.042808 
0.677380 0.651284 -0.037486 
-0.172152 -0.966977 -0.037486 
-0.951860 0.228959 0.037586 
0.978925 0.094162 0.037586 
0.501446 0.785050 -0.037486 
0.713366 -0.692860 -0.008773 
-0.802230 -0.580087 -0.018825 
-0.193306 0.772722 0.008332 
0.306437 -0.944059 -0.007498 
-0.699815 -0.539630 -0.037486 
-0.054541 0.886266 -0.037486 
-0.054833 -0.989643 -0.020012 
0.573942 0.555375 0.004593 
0.791948 0.291151 -0.043749 
0.849346 -0.018199 -0.041904 
-0.797299 0.593076 -0.008403 
0.983338 0.171779 -0.035374 
-0.197152 -0.898979 -0.037486 
-0.092818 0.793844 -0.026258 
-0.129682 0.895013 0.037586 
-0.817791 0.161588 -0.044558 
0.253750 -0.959366 0.011483 
-0.567123 0.620971 -0.043350 
-0.336897 -0.805599 -0.037486 
0.830991 0.252457 -0.037486 
-0.713270 -0.389249 -0.049669 
-0.530813 0.744853 -0.037486 
-0.434920 0.733797 -0.040386 
0.783049 0.552656 -0.037486 
0.571017 -0.590331 -0.048539 
0.361150 -0.711521 -0.052023 
0.777794 0.315465 0.045024 
0.391332 0.918683 -0.000846 
0.167866 0.938214 0.037586 
0.810204 -0.425227 0.037586 
0.516521 0.614659 0.046919 
0.954780 -0.226225 -0.037486 
0.449244 0.871804 0.037586 
-0.910308 -0.388644 0.004611 
0.360002 -0.712132 0.020331 
0.162822 -0.789397 -0.051893 
0.605303 0.632032 -0.037486 
-0.728282 -0.321185 0.054234 
-0.740261 0.406914 -0.041928 
-0.225720 0.970763 0.009451 
-0.957781 -0.251884 0.031353 
-0.562860 -0.628173 0.041510 
0.492017 0.630363 -0.008004 
0.859175 -0.254073 0.037586 
0.619247 -0.679965 0.037586 
-0.927980 0.068031 -0.037486 
-0.214449 -0.825810 0.039102 
-0.765565 0.221831 -0.005164 
-0.661847 -0.681808 -0.037486 
-0.784359 -0.178728 -0.051906 
-0.015665 0.997339 0.015410 
-0.548225 0.574354 -0.002756 
0.856911 0.409003 -0.037486 
0.725940 -0.471792 -0.037486 
-0.784412 -0.603225 0.036898 
0.755788 0.428656 -0.037486 
0.149788 0.986659 -0.005881 
0.679782 0.456213 0.050536 
0.899451 0.188037 -0.037486 
0.930537 -0.180120 0.037586 
0.365503 0.715506 -0.052872 
-0.832335 0.100787 0.043290 
-0.874925 -0.462857 0.005147 
-0.402864 -0.836040 0.037586 
0.906459 -0.299010 -0.037486 
0.592667 -0.797958 -0.018146 
0.761094 -0.249665 0.051812 
0.490042 -0.738086 0.037586 
-0.294220 -0.891146 -0.037486 
-0.282305 0.749498 -0.053902 
0.797495 0.034350 -0.009307 
0.406420 0.687974 -0.004922 
0.835505 -0.453571 -0.037486 
0.204878 -0.770234 0.011161 
-0.459756 0.772894 -0.037486 
0.311730 0.735692 -0.007874 
0.551253 0.784134 -0.037486 
0.290571 -0.882806 0.037586 
0.797051 0.084799 0.043429 
0.805550 0.170167 0.049228 
-0.897627 0.296187 0.037586 
0.721625 -0.392092 -0.048953 
-0.691922 0.396919 0.050111 
0.541322 -0.659167 0.040156 
0.714300 -0.361986 0.019640 
0.207987 0.976258 -0.030625 
0.939922 -0.330607 -0.011645 
0.798941 -0.506568 0.037586 
0.237296 -0.877713 -0.037486 
0.287798 -0.743576 -0.003105 
-0.767938 -0.205848 -0.016466 
0.066390 0.995928 0.019255 
0.943026 0.328448 -0.008501 
0.078808 -0.988289 0.003352 
0.883482 -0.459507 0.010016 
0.800257 0.496004 0.037586 
-0.543930 -0.826864 -0.008021 
-0.571977 0.703474 0.037586 
0.317610 -0.812470 -0.037486 
0.078744 -0.792484 -0.005938 
0.758381 0.382384 -0.042348 
-0.756149 0.475242 -0.037486 
-0.398303 -0.687941 -0.005655 
0.725726 0.337877 -0.021980 
0.279023 0.899065 0.037586 
-0.946765 0.296268 -0.004561 
0.884967 0.232292 0.037586 
-0.137630 0.862490 -0.037486 
-0.496025 -0.620741 -0.047172 
-0.571333 -0.584313 0.048469 
0.268201 0.756940 0.052501 
-0.988924 -0.063400 -0.006318 
0.967524 0.247729 -0.037482 
-0.905490 0.144961 0.037586 
0.079212 -0.918449 -0.037486 
0.835401 -0.191570 0.039812 
-0.783480 0.141910 0.010395 
-0.667091 0.673133 -0.037486 
0.248225 -0.757805 -0.034081 
0.809346 -0.579696 0.008973 
-0.950582 0.014077 0.037586 
0.682912 0.416622 -0.014216 
0.712358 -0.445451 0.043948 
-0.884136 0.348832 -0.037486 
-0.008736 -0.795799 0.048217 
-0.807157 -0.076468 0.050398 
0.594480 0.803017 -0.007556 
0.477537 -0.649464 0.052458 
0.515881 -0.607760 -0.009145 
-0.106726 0.818514 0.048234 
0.653611 0.655079 0.037586 
0.425227 0.853316 -0.037486 
0.897431 0.075954 0.037586 
-0.890145 -0.162600 -0.037486 
0.992307 -0.041066 -0.037486 
0.422263 -0.702494 -0.048731 
-0.234050 -0.786184 -0.047720 
-0.786559 0.606922 0.034875 
-0.517626 0.640370 -0.048080 
-0.751026 0.561894 0.037586 
-0.704927 0.561925 -0.037486 
0.792364 -0.436823 -0.037486 
-0.557578 0.824053 -0.010089 
-0.744396 -0.651931 -0.012746 
0.227476 -0.925060 0.037586 
0.014612 0.945172 0.037586 
0.066032 -0.834179 -0.043614 
0.990711 -0.116956 -0.024947 
0.105706 0.921309 0.037586 
-0.752863 -0.254873 0.014539 
0.558118 -0.686373 -0.037486 
0.754954 -0.310337 -0.050366 
0.787008 -0.131672 0.019112 
0.871875 0.487877 -0.014906 
0.862987 -0.368127 -0.037486 
0.237934 0.820796 0.040876 
-0.981882 -0.131260 -0.002975 
0.361826 -0.770482 0.040383 
-0.919633 -0.288140 0.037586 
0.842279 -0.277422 -0.037486 
0.369676 -0.921590 -0.024547 
-0.830414 0.545080 0.013610 
-0.502314 -0.793980 0.037586 
-0.792683 -0.394887 0.037586 
-0.232883 0.866674 0.037586 
-0.282209 -0.743117 0.013378 
0.688070 0.724620 0.002474 
-0.797269 0.169001 0.049653 
0.783293 -0.559821 0.037586 
0.303352 -0.830054 0.037586 
0.726256 0.611548 0.037586 
0.219973 -0.777436 0.051557 
-0.321139 0.940427 -0.037486 
0.506320 0.764456 0.037586 
0.526987 0.689430 -0.037486 
0.636057 0.483049 -0.001581 
-0.729794 0.321440 -0.053315 
-0.327161 -0.934435 -0.011359 
0.994697 -0.074793 -0.000411 
-0.714258 -0.452278 -0.040902 
0.438161 -0.667315 0.020577 
-0.335013 -0.770622 0.042452 
-0.990685 0.022194 -0.013448 
-0.829525 -0.123995 -0.042885 
-0.874919 0.469332 0.007033 
-0.347267 0.729381 0.052642 
0.997794 0.013962 -0.000595 
-0.147622 -0.979453 0.027863 
-0.841152 0.474159 -0.037486 
0.830796 0.554597 0.017271 
0.755322 0.653772 -0.007202 
-0.697609 -0.533611 0.037586 
-0.765714 0.392553 0.037920 
0.090626 0.844807 -0.042038 
-0.613028 -0.520795 0.051923 
-0.488507 -0.706021 0.037586 
-0.373966 -0.850233 -0.037486 
0.015571 -0.795799 -0.007572 
0.798848 0.113417 -0.053439 
0.853441 0.166027 -0.037486 
0.770095 -0.394440 -0.037486 
0.000344 0.963552 -0.037486 
-0.388595 0.800669 0.037586 
-0.083927 0.993623 -0.000843 
-0.786975 -0.115626 0.004648 
-0.183780 -0.773858 0.015407 
0.327452 0.903167 0.037586 
0.784458 0.146691 -0.003167 
0.034498 -0.949664 0.037586 
-0.645083 -0.605838 -0.037486 
0.610072 0.576364 -0.045044 
-0.373040 -0.749437 0.043257 
0.778214 0.185663 -0.022082 
-0.239648 -0.961185 0.024610 
0.361713 -0.892874 0.037586 
0.672788 0.559385 0.037586 
0.068052 0.796468 -0.021081 
-0.197132 -0.930271 0.037586 
0.828519 0.311746 0.037586 
0.942950 0.146141 0.037586 
0.875447 -0.202512 -0.037486 
-0.287753 -0.947497 0.009305 
0.929529 0.365940 -0.022238 
0.619645 -0.551250 0.046615 
0.766520 0.228434 -0.016186 
0.316711 0.862113 -0.037486 
-0.852003 -0.396644 -0.037486 
-0.602112 -0.518384 -0.013568 
-0.459366 0.698569 -0.044862 
-0.867575 -0.215454 -0.037486 
0.826895 0.553130 -0.037486 
-0.803310 0.513504 0.037586 
-0.986492 0.095586 0.010737 
-0.172250 -0.807179 -0.046413 
0.911086 0.321006 -0.037486 
-0.880746 -0.044964 0.037586 
-0.490747 0.866048 0.000806 
0.291648 -0.742175 -0.050013 
-0.646656 -0.462251 -0.054323 
0.466596 0.872650 -0.037486 
0.849612 -0.411230 0.037586 
0.868730 0.336923 -0.037486 
-0.602798 0.585877 -0.043362 
0.348221 0.774225 0.042493 
0.282654 0.957433 -0.002165 
-0.252872 0.755848 0.017143 
0.022622 -0.833033 -0.044522 
-0.347290 0.858378 -0.037486 
0.296799 0.787548 -0.044286 
-0.898370 0.422696 -0.010960 
-0.725367 -0.624296 -0.037486 
0.635677 0.771061 0.004296 
0.880787 -0.167803 0.037586 
0.338494 0.822221 0.037586 
-0.035764 0.943046 0.037586 
-0.622014 0.776346 0.019716 
0.547555 0.587186 0.045598 
0.626022 0.502814 -0.045632 
0.754567 -0.648163 0.022239 
-0.921480 0.369269 0.004125 
0.005396 0.800467 -0.035794 
-0.790769 -0.432522 -0.037486 
0.638512 0.709094 0.037586 
-0.629889 -0.649518 0.037586 
0.987338 -0.140066 0.016618 
-0.886146 -0.338876 -0.037486 
0.976945 0.205581 0.036739 
0.092456 -0.967816 0.037586 
0.125372 0.788877 -0.012387 
-0.789705 -0.327806 0.038581 
-0.740240 -0.393325 0.042945 
-0.720583 -0.611892 0.037586 
0.728781 -0.323753 0.017399 
0.844434 -0.339714 0.037586 
-0.226195 -0.762157 0.020786 
0.254959 -0.805974 0.041787 
0.548796 -0.624491 -0.045867 
0.768075 0.355078 0.043215 
0.801577 0.032631 0.051412 
-0.185854 0.809446 0.046850 
0.517457 -0.760821 -0.037486 
-0.732053 0.592287 -0.037486 
-0.607149 -0.565321 0.045241 
0.196363 0.921027 -0.037486 
-0.802260 -0.218285 -0.044804 
0.790415 -0.119543 -0.026689 
-0.619436 -0.697535 -0.037486 
-0.971616 0.175716 0.037586 
0.695055 -0.711171 0.031999 
-0.126243 -0.786814 0.054115 
-0.676642 0.714496 0.037586 
-0.202549 0.909292 0.037586 
-0.702509 0.647651 -0.037486 
-0.951389 0.216477 -0.037486 
-0.792250 0.276418 -0.043282 
-0.674909 0.459438 -0.049531 
0.484883 0.835134 0.037586 
-0.130159 -0.857805 0.037586 
-0.863799 0.181423 0.037586 
0.711281 0.484626 0.039497 
-0.948531 -0.157845 0.037586 
-0.619381 -0.719522 0.037586 
0.813777 -0.050484 -0.051017 
-0.769934 -0.321952 -0.043893 
-0.566209 -0.669494 0.037586 
-0.771449 -0.559130 0.037586 
0.624876 0.722996 -0.037486 
0.028744 -0.990678 -0.016838 
0.490651 -0.685789 -0.042564 
-0.439342 -0.662297 0.018357 
-0.715594 -0.345288 -0.037952 
0.887772 0.167831 0.037586 
0.236944 0.927281 -0.037486 
-0.078103 -0.792049 0.005530 
-0.283293 -0.768036 -0.048114 
-0.458929 -0.653059 -0.053409 
-0.287156 0.743522 -0.012994 
0.959176 0.277126 -0.004917 
0.769416 0.228271 0.045557 
0.828151 0.064748 -0.047060 
-0.859166 -0.083776 -0.037486 
0.466676 0.659416 0.053394 
-0.263246 0.901215 0.037586 
0.600565 -0.591956 0.042878 
-0.358686 0.820137 -0.037486 
0.466972 0.651607 -0.033490 
0.821283 -0.194073 -0.043207 
-0.190953 0.818050 -0.044250 
-0.257815 -0.926045 -0.037486 
-0.745454 0.282680 -0.047709 
0.491886 0.727672 -0.037486 
-0.747127 -0.583246 -0.037486 
0.625448 -0.636711 -0.037486 
-0.602843 0.780920 -0.037486 
-0.854796 0.199231 -0.037486 
-0.617388 0.650379 0.037586 
0.638002 -0.482389 0.010375 
0.846686 -0.089885 0.041432 
-0.217281 0.887842 -0.037486 
-0.531415 -0.754513 0.037586 
-0.745905 -0.275100 -0.054052 
0.609003 -0.679004 -0.037486 
0.512946 0.707836 0.037586 
-0.928612 -0.289716 -0.037486 
0.648383 0.590563 0.037586 
0.887416 -0.028082 -0.037486 
-0.967038 -0.079045 0.037586 
-0.118651 -0.937520 -0.037486 
0.237186 0.969731 0.007437 
0.799172 -0.037485 0.033326 
-0.842797 -0.518997 -0.009907 
0.828920 -0.550894 -0.010318 
-0.825849 0.322333 0.037586 
-0.902973 -0.114257 0.037586 
-0.927063 0.286740 -0.037486 
0.538095 -0.787744 0.037586 
-0.039221 -0.945241 -0.037486 
-0.412146 -0.859427 -0.037486 
-0.612038 0.702051 0.037586 
-0.723810 0.333530 0.037223 
-0.786328 0.202615 -0.050291 
0.701111 0.649715 0.037586 
-0.428615 0.862493 -0.037486 
0.997979 -0.001632 0.035280 
0.938124 0.090021 0.037586 
0.818287 -0.265785 0.038881 
0.171557 0.794511 0.051863 
-0.461457 -0.667738 0.049999 
-0.965892 0.115275 -0.037486 
-0.017825 -0.951388 0.037586 
0.403688 -0.742530 -0.041925 
-0.819159 -0.512332 0.037586 
0.024602 -0.832289 0.044819 
0.894129 -0.282499 0.037586 
0.938764 0.035396 -0.037486 
0.870707 0.014596 -0.037486 
-0.903511 0.156215 -0.037486 
0.904549 0.232390 -0.037486 
0.636730 0.502360 0.052556 
-0.554330 -0.778461 -0.037486 
-0.427593 0.702674 0.048554 
-0.423319 0.673943 -0.012022 
0.152895 0.902629 0.037586 
0.881481 0.089973 -0.037486 
-0.949121 -0.027677 0.037586 
0.252325 -0.887665 0.037586 
-0.373669 -0.869310 0.037586 
0.527277 0.848496 -0.004849 
0.406657 -0.770971 0.037586 
0.750182 -0.597703 0.037586 
0.330587 0.907222 -0.037486 
-0.041554 0.926791 -0.037486 
0.734099 -0.477581 0.037586 
-0.046833 0.824413 0.048225 
-0.264562 0.960699 0.031277 
0.950870 -0.299252 0.015134 
-0.584922 -0.642660 -0.037486 
-0.791286 -0.079754 -0.008217 
0.804612 -0.254856 -0.043115 
-0.605028 -0.519694 -0.053577 
0.157153 0.981570 0.037586 
-0.630501 0.660614 -0.037486 
0.321084 -0.773713 -0.043754 
0.982625 0.176286 0.002653 
-0.550158 -0.572963 -0.031036 
0.402629 -0.865758 -0.037486 
-0.577330 -0.804165 0.015172 
0.838579 0.438720 0.037586 
-0.503861 -0.851828 -0.001473 
-0.381720 0.908617 -0.037486 
0.743425 0.297367 0.029881 
0.272567 0.752728 -0.026625 
-0.678882 -0.413040 0.023086 
-0.443592 -0.884835 0.003331 
0.799412 0.516328 -0.037486 
0.710753 0.560381 0.037586 
-0.470672 0.860459 -0.037486 
-0.775891 0.278087 0.047345 
0.891665 0.289458 0.037586 
0.267153 -0.760333 0.052191 
-0.799817 -0.030564 0.053182 
-0.932762 0.091985 0.037586 
0.654965 -0.747783 0.009039 
-0.844746 -0.291705 0.037586 
0.717164 -0.532541 0.037586 
0.715103 0.697587 0.021618 
0.709823 -0.438635 -0.045395 
-0.911512 -0.094089 -0.037486 
-0.577267 0.544912 0.009100 
0.370618 -0.819883 -0.037486 
0.633067 -0.625785 0.037586 
0.672799 0.437879 -0.043581 
-0.778476 0.441324 0.037586 
0.676660 -0.552846 -0.037486 
-0.947681 -0.195368 -0.037486 
-0.080325 -0.987499 0.007535 
0.911220 -0.402365 -0.017420 
0.432681 0.900350 0.017125 
-0.728375 0.662307 0.037586 
0.429614 -0.722713 0.043197 
-0.188307 0.950373 0.037586 
-0.837816 -0.462965 0.037586 
0.550564 -0.601335 0.050244 
-0.658219 0.465991 0.052305 
-0.979929 0.070317 0.037586 
-0.154225 -0.780141 -0.027844 
0.318077 0.946637 0.003253 
-0.765075 0.634619 -0.001424 
0.915992 0.397804 0.029371 
0.876541 0.384699 0.037586 
-0.489929 -0.840904 0.037586 
-0.733220 0.504758 -0.037486 
-0.042309 -0.865328 0.037586 
-0.771668 0.197353 0.026671 
-0.687867 -0.692785 0.037586 
-0.786583 0.572252 -0.037486 
0.550838 0.795824 0.037586 
-0.657806 0.449073 -0.009322 
0.823043 -0.344339 -0.037486 
0.933816 0.113149 -0.037486 
0.163249 0.782432 -0.016843 
0.987940 0.142723 -0.012515 
-0.444386 0.890896 -0.007423 
-0.812026 0.038230 -0.049842 
0.683865 0.552644 -0.037486 
-0.351397 -0.810069 0.037586 
-0.371524 0.755968 0.043423 
-0.863836 0.123736 -0.037486 
0.280815 0.925797 -0.037486 
0.562829 0.570247 -0.027899 
-0.461413 -0.787519 0.037586 
-0.322584 -0.729703 -0.053551 
-0.710789 0.354549 0.005723 
0.167151 -0.845031 -0.037486 
0.128459 -0.951390 -0.037486 
-0.107046 -0.823926 0.045107 
0.768795 0.476475 0.037586 
-0.480812 -0.826810 -0.037486 
0.597802 0.536271 0.048617 
-0.409772 -0.728920 -0.043437 
0.480467 -0.636757 -0.045370 
-0.165969 0.901900 0.037586 
-0.780114 -0.238022 0.049023 
0.155542 -0.886765 -0.037486 
-0.141736 0.900286 -0.037486 
0.172781 -0.777653 -0.017393 
0.399131 0.894162 -0.037486 
-0.813161 0.322292 -0.037486 
0.782292 0.621255 -0.005125 
-0.985075 -0.104112 -0.030147 
0.323937 -0.728715 0.016693 
-0.651904 0.637370 0.037586 
0.039516 0.892437 -0.037486 
0.791902 -0.602401 -0.032358 
-0.974172 -0.179936 0.000988 
0.017891 0.895751 0.037586 
-0.777756 -0.513720 -0.037486 
-0.322461 0.942592 0.019031 
0.895568 -0.112712 -0.037486 
0.937824 -0.038444 0.037586 
-0.334751 -0.901110 0.037586 
-0.042365 -0.809819 0.050451 
-0.867695 0.389916 0.037586 
-0.394746 -0.907776 -0.004867 
-0.223695 -0.860993 0.037586 
0.355824 0.837092 -0.037486 
-0.372359 -0.886592 -0.037486 
-0.879710 -0.175559 0.037586 
0.733620 0.678388 -0.033549 
-0.893428 0.363010 0.037586 
0.332626 0.781744 -0.042170 
0.846783 0.530306 -0.008305 
-0.779793 0.162821 -0.050784 
0.533182 0.609233 -0.052876 
-0.745313 0.364413 -0.045891 
-0.247289 -0.848278 -0.037486 
-0.669989 -0.510607 0.041827 
-0.272205 0.926822 -0.037486 
0.229236 0.845440 -0.037486 
-0.110448 0.790206 0.019639 
0.328550 -0.785503 0.040188 
0.755750 0.635076 0.037586 
-0.835902 0.438498 -0.037486 
-0.782605 -0.140409 -0.037497 
-0.885385 0.065282 -0.037486 
0.829589 -0.004277 0.047358 
0.792611 0.344831 -0.038336 
0.148462 -0.893881 0.037586 
0.651792 -0.511972 0.046837 
0.134144 0.954025 0.037586 
0.433476 0.799420 -0.037486 
-0.458952 0.652718 0.038191 
-0.220906 0.784371 -0.050772 
0.650758 -0.508290 -0.047546 
0.501771 -0.857115 -0.008910 
0.425268 -0.855764 0.037586 
0.863286 0.086803 0.037586 
0.379532 -0.701747 0.052782 
-0.481436 -0.709441 -0.037721 
-0.410176 -0.686669 -0.053007 
-0.748166 -0.476399 0.037586 
-0.970695 0.185070 -0.037486 
0.113238 0.792301 0.033232 
0.840176 0.217904 0.037586 
0.728994 0.405368 -0.046359 
-0.575833 0.788333 0.037586 
-0.268981 0.802884 0.042398 
0.448005 0.714745 -0.043874 
-0.237150 0.968208 -0.034817 
0.573569 0.760746 0.037586 
0.532221 0.651172 -0.044586 
-0.284742 0.852066 -0.037486 
-0.171950 -0.797551 0.049014 
-0.252213 -0.957822 -0.015339 
0.854345 -0.511054 0.019532 
-0.059521 0.798216 -0.037893 
0.765895 0.433111 0.037586 
-0.646679 -0.528380 -0.043665 
-0.405364 -0.683529 0.043385 
-0.380810 0.905595 0.037586 
0.439027 -0.806612 -0.037486 
-0.403874 -0.731939 0.043616 
0.618753 -0.777724 0.004426 
-0.840290 0.245019 0.037586 
-0.802390 0.415288 -0.037486 
-0.457889 0.840488 0.037586 
-0.963138 0.236705 -0.002447 
-0.422459 0.766741 -0.037486 
-0.684304 -0.403649 -0.031960 
-0.546344 -0.576646 0.024737 
0.821213 0.117407 0.047531 
-0.669698 0.563937 -0.037486 
-0.938356 -0.315929 0.009875 
-0.925958 -0.350365 0.000556 
-0.064674 0.884718 0.037586 
0.242324 0.895093 0.037586 
0.205222 -0.970411 -0.026237 
-0.587861 0.536432 -0.025004 
-0.857148 -0.404031 0.037586 
0.754552 0.523078 -0.037486 
-0.749173 -0.466115 -0.037486 
0.904521 0.046868 -0.037486 
0.188099 0.882187 -0.037486 
0.368651 0.795383 -0.037486 
-0.826532 0.432761 0.037586 
0.319180 -0.929155 0.037586 
0.675297 -0.583515 0.037586 
-0.271469 -0.932656 0.037586 
-0.510631 0.660417 0.045188 
0.950277 -0.224990 0.037586 
0.286537 -0.923374 -0.037486 
0.962977 -0.257579 0.023327 
0.662054 0.747998 0.000100 
-0.891004 -0.016569 -0.037486 
-0.310150 0.771766 0.046341 
0.763085 -0.319782 0.047551 
-0.825860 0.065849 0.045928 
0.356804 0.884160 0.037586 
-0.206979 -0.896731 0.037586 
0.887298 -0.341943 0.037586 
-0.915228 0.243861 -0.037486 
-0.536527 0.829070 -0.037486 
-0.632799 -0.589600 0.037586 
0.979409 -0.188094 -0.016722 
0.711029 -0.546901 -0.037486 
0.719213 -0.351913 0.052625 
-0.845701 -0.252543 0.037586 
-0.537876 -0.698924 -0.037486 
-0.765356 -0.390426 -0.037486 
0.906695 -0.333812 -0.037486 
0.034515 0.802600 0.054330 
-0.180364 -0.833810 0.039172 
-0.362887 0.710140 -0.024428 
0.447292 -0.796743 0.037586 
-0.691955 -0.459529 0.044954 
0.759030 -0.246161 -0.019818 
0.753559 -0.260846 0.018395 
0.843639 -0.167985 -0.039031 
-0.063833 0.995522 -0.031031 
0.404776 0.837012 0.037586 
0.449445 0.715118 0.043691 
0.644900 0.475957 0.031932 
-0.963294 -0.052487 -0.037486 
-0.220129 -0.924665 -0.037486 
0.795927 0.061692 0.011605 
-0.104997 -0.817826 -0.046683 
-0.117448 0.957397 0.037586 
0.665694 -0.619859 -0.037486 
0.783446 0.573964 0.037586 
0.772581 -0.201095 -0.020343 
0.846910 0.343784 0.037586 
-0.023708 -0.830022 -0.045319 
-0.478988 -0.633931 -0.020493 
-0.742074 -0.514307 0.037586 
0.250837 -0.920744 -0.037486 
0.737218 -0.667842 -0.001989 
0.995546 0.072275 0.017072 
-0.582064 0.558322 -0.052407 
-0.055073 -0.951314 0.037586 
0.857400 0.274212 -0.037486 
0.229133 -0.861277 0.037586 
0.458811 -0.698200 -0.044616 
0.610344 -0.566826 -0.045562 
-0.913118 -0.380157 0.037586 
0.644302 0.568533 -0.039744 
-0.156866 -0.873299 -0.037486 
0.232599 0.764511 -0.012244 
-0.644485 0.586942 -0.037486 
-0.804119 0.355156 -0.037486 
-0.854779 0.311681 -0.037486 
0.935769 -0.011162 -0.037486 
-0.839623 0.475443 0.037586 
-0.212140 -0.766188 -0.009903 
0.138601 -0.816105 0.046254 
0.583877 -0.546244 0.031235 
0.646062 -0.726635 -0.037486 
0.674236 -0.448061 0.051992 
0.789986 0.112138 0.005888 
0.390253 -0.696047 0.021071 
-0.988997 0.000568 0.037586 
-0.798578 0.043210 0.053452 
0.679248 0.423294 0.020968 
-0.719137 -0.645797 0.037586 
0.432616 -0.893918 0.003816 
0.724724 -0.678958 -0.037486 
0.832925 0.487150 0.037586 
-0.679633 -0.711508 -0.037486 
0.757154 0.279356 -0.053519 
0.749510 -0.560308 0.037586 
0.770606 0.636319 -0.035550 
0.445710 -0.877170 -0.037486 
0.571672 -0.771803 0.037586 
0.589196 0.608500 0.043110 
0.797668 -0.072956 0.043889 
-0.797586 -0.195975 0.047523 
-0.509905 0.816844 0.037586 
0.084731 0.894987 0.037586 
0.616901 -0.509414 -0.054374 
0.540168 -0.834075 -0.012542 
-0.825346 -0.088125 -0.045197 
-0.733164 0.591464 0.037586 
-0.870472 -0.470701 0.037586 
0.903601 -0.000538 0.037586 
0.349961 -0.742900 -0.048182 
0.328183 -0.892309 0.037586 
0.461739 -0.781948 -0.037486 
0.059371 -0.831306 0.044593 
-0.762717 -0.631150 0.006536 
-0.615019 -0.554041 -0.045589 
0.884761 -0.134564 0.037586 
-0.105787 -0.788303 0.026638 
-0.822149 -0.028192 -0.047199 
-0.447460 0.661394 -0.032399 
0.589015 -0.661573 0.037586 
0.611613 -0.515440 0.002196 
0.757327 0.257231 0.022614 
0.813542 -0.136642 0.048390 
0.490596 0.635566 0.044474 
0.582521 0.660100 0.037586 
-0.985386 -0.100824 0.013597 
-0.177470 0.927045 -0.037486 
0.016670 -0.958184 -0.037486 
0.795920 0.235039 -0.047393 
0.698043 -0.700114 -0.037486 
-0.919251 -0.244833 0.037586 
0.558434 0.828127 -0.004568 
-0.320768 -0.776832 -0.042310 
0.287403 0.839625 -0.037486 
0.077648 0.994864 -0.014349 
0.069435 -0.989175 -0.031007 
0.222684 -0.966508 0.001977 
0.159835 0.984122 -0.037486 
0.899189 -0.428680 -0.001022 
0.904122 0.153242 -0.037486 
0.936825 0.260498 -0.037486 
0.018908 -0.795799 0.025508 
0.738778 -0.567050 -0.037486 
-0.738608 -0.310927 -0.052625 
0.853956 -0.221260 0.037586 
-0.763814 -0.304256 0.047232 
-0.636002 0.477288 0.024772 
0.669661 0.704734 -0.037486 
0.797384 -0.196133 0.049317 
0.691494 -0.466278 -0.045454 
0.066697 0.802565 -0.053645 
0.091037 -0.955954 -0.037486 
0.301069 -0.843682 -0.037486 
0.433562 -0.670189 -0.012096 
-0.818335 0.502310 -0.037486 
-0.489329 0.741412 0.037586 
0.915140 -0.156279 -0.037486 
0.296703 0.773121 0.047965 
-0.323528 -0.725848 0.021280 
-0.840991 0.245094 -0.037486 
0.736451 0.592544 -0.037486 
-0.398113 0.691317 0.029979 
-0.242656 -0.807885 0.041699 
0.734386 0.677519 0.002085 
0.148902 -0.818609 -0.045055 
0.894140 0.445054 0.017497 
-0.734192 -0.531985 -0.037486 
0.537777 -0.591355 0.020145 
0.483220 -0.817260 0.037586 
0.566752 0.712053 0.037586 
-0.719749 0.343235 -0.024149 
0.176800 -0.975916 0.014960 
-0.542736 0.659985 -0.039872 
-0.547936 -0.810722 -0.037486 
0.794778 0.457055 -0.037486 
-0.744204 0.442670 -0.037486 
0.411442 0.754980 -0.039578 
0.572251 -0.774926 -0.037486 
0.870345 -0.294444 -0.037486 
0.142736 -0.981311 0.001601 
-0.677200 0.421146 -0.012362 
-0.641761 0.715942 0.037586 
-0.157328 0.981054 0.037586 
-0.030256 -0.990415 0.002632 
-0.311252 0.903140 -0.037486 
0.822470 0.174070 -0.044530 
-0.957955 0.054499 -0.037486 
-0.730694 -0.312748 0.022689 
-0.705706 0.435439 0.046267 
0.010626 -0.795799 -0.041590 
0.341501 0.725078 -0.032819 
-0.805112 -0.255056 -0.041232 
-0.037988 -0.794855 -0.023546 
0.516726 0.611845 -0.024771 
0.922481 -0.109460 0.037586 
-0.860116 -0.218643 0.037586 
-0.895953 -0.338187 0.037586 
-0.067733 0.949586 0.037586 
0.083871 -0.792125 -0.046724 
0.942101 0.220172 0.037586 
-0.940638 -0.257441 -0.037486 
-0.822710 -0.549952 -0.006095 
0.512376 0.852635 0.037586 
0.213510 0.874285 0.037586 
0.727550 0.367488 0.051456 
-0.203183 -0.816338 -0.042221 
-0.812230 0.359892 0.037586 
-0.950719 -0.010639 -0.037486 
-0.520981 -0.705527 0.037586 
0.808783 -0.133239 -0.049682 
-0.832338 0.096316 -0.043310 
0.608755 -0.608920 -0.038062 
-0.296485 -0.858214 -0.037486 
0.393004 0.917960 0.031465 
0.089542 -0.863606 -0.037486 
-0.777835 -0.166156 0.027499 
-0.686884 0.523593 0.037586 
-0.493544 0.686212 -0.042389 
-0.327754 -0.893003 -0.037486 
-0.897830 -0.417478 -0.002960 
-0.076135 -0.925340 0.037586 
0.816006 -0.007614 -0.050823 
-0.562252 -0.561285 0.001249 
-0.060329 0.854633 -0.039895 
-0.663728 -0.734017 0.007117 
-0.381319 -0.767734 -0.037811 
-0.178119 0.779475 0.036404 
0.349448 0.721520 0.035539 
0.577760 0.802273 -0.037486 
0.904113 0.408642 -0.037486 
0.872676 0.055591 0.037586 
-0.077661 -0.913655 -0.037486 
-0.223089 0.764004 0.000369 
-0.943166 -0.103084 0.037586 
0.647247 -0.470556 -0.017872 
0.334837 -0.875363 -0.037486 
0.893595 -0.439660 -0.035044 
0.220985 0.799189 -0.047506 
-0.700798 -0.583753 0.037586 
0.029673 -0.868393 -0.037486 
0.814978 -0.563842 0.037586 
0.961821 -0.122507 -0.037486 
-0.097563 -0.974281 -0.037486 
0.437784 0.671460 0.034959 
-0.940915 0.315285 0.020330 
-0.902994 0.217100 0.037586 
0.576804 0.557780 0.038076 
0.360936 -0.833861 0.037586 
0.896248 -0.377504 -0.037486 
-0.814139 0.140745 0.046559 
0.792731 -0.099296 0.024468 
-0.645420 0.506815 -0.048517 
-0.170322 -0.899311 0.037586 
-0.501551 -0.616104 0.023742 
0.108146 0.832629 0.044722 
0.608070 0.774733 0.037586 
-0.042267 -0.863605 -0.037486 
0.881427 -0.443832 0.037586 
0.772159 -0.205715 0.031209 
-0.809653 0.295048 0.037586 
0.538433 -0.835255 0.037180 
0.629456 0.775887 -0.033921 
0.319632 0.796872 0.039913 
0.782948 -0.467064 -0.037486 
-0.836806 -0.285963 -0.037486 
-0.912161 0.268070 0.037586 
-0.784372 -0.603276 0.000095 
0.174271 -0.912276 -0.037486 
0.861955 -0.014424 0.038701 
0.686559 0.620162 -0.037486 
0.171118 -0.811786 0.045756 
-0.254716 -0.866865 0.037586 
-0.427062 -0.797024 0.037586 
-0.286281 -0.741635 0.051528 
-0.817414 0.129135 -0.046113 
-0.376172 0.922279 -0.009603 
-0.684580 0.561814 0.037586 
-0.602800 -0.746318 0.037586 
-0.934446 0.157340 0.037586 
0.986325 -0.071751 0.037586 
0.975253 0.020016 0.037586 
-0.295813 0.893396 0.037586 
0.965751 -0.248031 -0.017686 
-0.530582 0.842400 -0.009654 
-0.644507 -0.475963 0.052752 
0.457119 0.887898 -0.011321 
-0.826860 0.378298 -0.037486 
0.694121 -0.659219 0.037586 
0.117861 0.896702 -0.037486 
-0.722008 0.501140 0.037586 
-0.793305 0.203525 0.048549 
0.779801 -0.162853 0.002886 
-0.646138 -0.749525 0.032334 
-0.346459 -0.715638 0.044025 
0.740716 0.307232 -0.038387 
0.563815 0.824385 0.037586 
-0.561130 -0.744479 0.037586 
-0.866782 0.484907 -0.022957 
-0.614804 0.584532 0.041410 
0.782772 -0.343072 0.040286 
0.992540 0.104077 -0.007712 
0.773061 -0.390242 0.037586 
0.793370 0.287796 0.043817 
0.602227 -0.525865 -0.026462 
-0.755089 0.351150 0.045138 
-0.918866 0.016634 0.037586 
0.899919 0.363937 0.037586 
-0.812129 -0.504612 -0.037486 
-0.693330 -0.388016 0.034986 
0.080198 0.794964 0.019601 
-0.704284 0.488420 -0.038871 
0.819150 -0.477351 0.037586 
0.091723 0.958924 -0.037486 
0.897674 -0.390511 0.037586 
0.510525 -0.609890 0.021486 
-0.835350 -0.065265 0.043269 
-0.923169 -0.358111 -0.037105 
0.395628 0.698142 -0.040576 
0.971562 0.163255 0.037586 
-0.692053 0.713788 0.009274 
0.096310 -0.827221 -0.044762 
-0.794398 -0.045308 -0.014359 
-0.860527 0.040103 -0.037486 
0.521593 -0.738336 0.037586 
-0.317605 0.761666 -0.047941 
-0.977809 -0.156974 0.021499 
0.679199 0.730638 0.037586 
-0.739471 0.297489 0.016589 
0.147520 -0.958274 0.037586 
0.566100 0.756957 -0.037486 
0.212005 0.804929 0.046766 
-0.853710 -0.436430 0.037586 
-0.309650 -0.840961 0.037586 
0.980352 0.068284 -0.037486 
-0.355536 0.712584 0.016747 
0.795075 0.211530 0.049338 
-0.867526 0.275740 -0.037486 
0.689685 -0.399419 0.019693 
-0.487783 0.634006 -0.029453 
0.855735 0.469262 -0.037486 
0.805720 -0.165716 -0.048976 
-0.734588 0.400623 0.044159 
0.284627 -0.950395 0.020048 
0.666299 0.502181 -0.046344 
0.711814 0.436560 0.046273 
-0.935702 -0.207172 0.037586 
0.609532 0.518757 -0.016603 
0.887814 0.198566 0.037586 
0.031051 0.963569 -0.037486 
-0.888213 0.443241 0.016233 
-0.430252 0.898097 0.036650 
-0.007228 0.977909 0.037586 
-0.717389 0.629024 0.037586 
-0.657343 -0.695330 0.037586 
-0.532903 -0.792483 0.037586 
-0.274005 -0.794768 0.042375 
-0.572105 0.762103 -0.037486 
-0.866727 -0.256539 -0.037486 
-0.929974 0.126620 0.037586 
-0.332871 0.723286 -0.008406 
0.747357 0.317888 0.052214 
-0.831880 0.524379 0.037586 
-0.876476 -0.142044 0.037586 
0.857511 -0.119793 0.037639 
0.206589 0.934382 0.037586 
-0.409148 -0.829072 -0.037486 
0.006167 0.828660 -0.047390 
0.719744 -0.361949 -0.053094 
-0.258638 0.962421 -0.006777 
-0.836432 -0.471102 -0.037486 
0.495617 -0.736602 -0.037486 
-0.825862 -0.399114 0.037586 
0.724630 0.346557 -0.051134 
0.187032 -0.806883 -0.046054 
-0.857342 -0.348536 -0.037486 
-0.761767 -0.227469 0.003939 
-0.447094 0.775140 0.037586 
0.090341 -0.817645 0.047591 
0.714668 0.698023 -0.008730 
-0.198797 -0.970316 -0.023367 
-0.880707 0.321369 0.037586 
0.372061 -0.920557 0.030816 
-0.444820 -0.688527 -0.047766 
0.843500 0.030121 0.043504 
-0.224704 0.813443 -0.043109 
-0.041980 0.996512 -0.008579 
-0.606885 -0.621799 -0.037486 
0.931680 -0.276866 -0.037486 
0.832672 0.116254 -0.044473 
-0.933014 -0.131574 0.037586 
-0.347781 -0.714987 -0.045602 
0.402120 -0.895556 0.037586 
-0.007224 -0.884848 0.037586 
-0.790403 -0.088150 0.028108 
-0.553276 0.719228 -0.037486 
0.555328 0.713580 -0.037486 
-0.499888 -0.643766 0.049095 
0.483509 0.687195 0.044854 
-0.496484 -0.677367 0.042541 
0.303322 0.824099 0.037586 
0.790153 -0.274461 0.045257 
-0.306942 0.873335 -0.037486 
-0.946354 0.091881 -0.037486 
-0.172228 -0.975555 -0.005258 
-0.956214 -0.129832 -0.037486 
0.179495 0.981954 -0.005256 
0.396640 0.696474 0.033478 
0.796520 -0.020249 0.004044 
-0.479379 -0.866306 -0.026017 
0.667662 0.587255 -0.037486 
0.130844 -0.785744 0.043501 
-0.530220 0.743421 0.037586 
-0.740254 -0.289086 0.006921 
0.390315 -0.704514 -0.052403 
0.233171 -0.777994 -0.050356 
0.364841 -0.741279 0.047005 
0.936170 -0.341028 0.016209 
0.956685 0.285700 0.023663 
-0.980091 0.149034 -0.029920 
0.137570 -0.981339 -0.037486 
0.324700 0.932963 0.037586 
-0.697758 0.668062 0.037586 
-0.783599 0.141236 -0.019500 
-0.021527 -0.913861 -0.037486 
0.557334 -0.716747 -0.037486 
-0.856695 -0.172876 -0.037486 
0.016071 -0.977703 0.037586 
-0.854512 0.069420 0.038274 
-0.851523 -0.042802 -0.039297 
0.699990 0.389568 0.030876 
-0.746547 0.471379 0.037586 
-0.817421 -0.136837 0.045587 
-0.964679 -0.223347 0.014988 
0.062004 0.875756 0.037586 
0.780736 0.206607 -0.053219 
-0.435413 0.796616 -0.037486 
0.814721 0.479868 -0.037486 
-0.445781 0.679309 0.051230 
-0.763172 0.590550 -0.037486 
-0.526675 0.594503 0.004752 
-0.116008 -0.786867 -0.013521 
-0.494934 0.759902 -0.037486 
-0.432614 0.687332 -0.051174 
-0.262174 -0.897618 0.037586 
-0.373090 -0.701530 0.002110 
0.559799 -0.654975 -0.037874 
-0.774789 -0.274481 -0.047285 
-0.811785 0.572492 0.007304 
0.043010 0.830036 0.046927 
-0.111224 0.932134 -0.037486 
-0.566119 0.818249 0.025855 
0.648071 0.646990 -0.037486 
-0.670892 -0.425953 -0.017829 
-0.072748 -0.883844 -0.037486 
0.721736 0.478482 -0.037930 
0.932129 -0.090730 -0.037486 
-0.345082 -0.927983 0.015053 
0.876329 -0.473546 0.035021 
0.002154 0.799484 0.029443 
0.800198 0.055441 -0.044840 
-0.984443 0.117266 -0.009231 
-0.796464 -0.539650 -0.037486 
-0.152490 0.985146 -0.017971 
-0.539645 0.657110 0.041084 
0.997661 -0.011732 -0.026930 
-0.712040 0.402416 -0.049073 
0.799638 -0.589509 0.037586 
0.649222 -0.479317 -0.052551 
0.096605 0.792423 -0.007295 
0.191904 0.803562 -0.048312 
0.413755 0.725922 0.046097 
0.398998 -0.908901 -0.017128 
0.772386 -0.627296 -0.037486 
-0.604407 -0.670188 -0.037486 
0.335894 0.940222 -0.021155 
0.946922 0.071652 -0.037486 
0.397191 0.780595 -0.037486 
-0.731654 0.672848 -0.030136 
-0.832971 -0.153074 -0.040699 
-0.489249 0.712007 0.037586 
-0.514431 0.611515 -0.052431 
-0.692873 -0.624102 0.037586 
-0.403509 0.886067 0.037586 
-0.667827 -0.570806 0.037586 
0.814556 0.578493 0.022354 
-0.506477 0.618103 0.022656 
-0.607028 0.717794 -0.037486 
-0.080202 0.830743 0.045940 
0.280301 0.958117 -0.031351 
0.236205 -0.761251 -0.007596 
0.395079 0.754702 0.041717 
-0.256975 0.771464 -0.051235 
-0.853767 -0.013626 -0.038961 
0.812097 -0.222567 -0.043758 
0.964957 0.257227 0.033990 
-0.428758 0.734926 0.041065 
-0.786094 0.543028 -0.037486 
-0.855304 -0.113116 0.037586 
-0.322099 -0.922360 -0.037486 
0.857857 -0.061768 0.039231 
-0.100074 0.990527 0.037586 
0.968385 0.041662 -0.037486 
0.975198 0.213398 -0.024865 
0.955583 -0.109124 0.037586 
-0.103651 0.820333 -0.047771 
-0.229163 0.797650 0.046909 
0.528169 -0.599517 -0.036929 
0.789760 -0.155286 0.053717 
-0.640950 0.733203 -0.037486 
0.527411 0.800767 -0.037486 
0.686093 -0.423618 -0.052880 
0.854611 0.373444 -0.037486 
0.790923 0.120474 -0.021923 
-0.507880 0.780399 0.037586 
0.245347 -0.804235 -0.042824 
-0.534719 0.590349 -0.024711 
0.649688 -0.679323 0.037586 
-0.945729 0.200598 0.037586 
-0.901586 -0.408799 -0.031872 
-0.832525 0.167415 0.040563 
0.836354 -0.067539 -0.044650 
0.576491 0.640204 -0.039095 
0.274159 0.833168 0.037586 
-0.900611 -0.297189 -0.037486 
0.194605 -0.854333 -0.037486 
0.436750 -0.726459 -0.041268 
0.615715 -0.780081 -0.029392 
-0.047229 -0.813608 -0.049261 
0.997457 0.024695 -0.027467 
-0.752239 0.263260 0.039755 
-0.794486 0.049263 -0.029670 
-0.958794 0.254862 0.026796 
-0.517647 -0.763714 -0.037486 
0.478135 -0.870725 0.035314 
-0.439380 -0.780080 -0.037486 
0.343234 0.755409 -0.047449 
0.671172 -0.710673 -0.037486 
0.919112 -0.060420 0.037586 
-0.284742 0.746372 0.035120 
0.246680 0.793995 0.047060 
0.851077 0.464734 0.037586 
-0.407566 0.850872 0.037586 
-0.345405 0.868302 0.037586 
-0.795618 0.016848 -0.022121 
-0.674847 -0.560724 -0.037486 
-0.608798 -0.780132 -0.002400 
-0.170990 0.971986 -0.037486 
0.040538 0.964086 0.037586 
0.803705 0.262387 -0.043261 
-0.069677 -0.878226 0.037586 
0.681706 -0.596022 -0.037486 
-0.829905 -0.034690 0.045189 
0.832574 -0.371173 0.037586 
0.036702 -0.908081 0.037586 
-0.158141 0.801241 -0.050386 
0.477612 0.875859 0.037586 
0.585980 -0.802942 0.025813 
0.552292 0.578025 0.015888 
0.615920 -0.648700 0.037586 
-0.572802 -0.599906 -0.045153 
0.233747 -0.961138 -0.037486 
-0.989903 0.047087 0.000613 
-0.238707 -0.758569 0.046239 
-0.385712 -0.900193 0.037586 
-0.114290 -0.984288 0.010233 
-0.575461 0.811900 -0.028755 
0.838895 0.018278 -0.044727 
0.339532 -0.932448 -0.012213 
0.399469 -0.778493 -0.037486 
-0.973711 0.147273 0.037586 
-0.623262 0.494487 -0.025961 
0.721152 0.398917 0.049118 
-0.653668 0.749352 -0.006622 
-0.113883 -0.938388 0.037586 
-0.243664 0.762295 0.043344 
0.416115 -0.802535 0.037586 
0.781671 -0.615591 -0.009289 
0.883274 0.112610 0.037586 
0.889510 0.122447 -0.037486 
0.473226 0.788678 -0.037486 
0.740051 -0.446777 0.037586 
-0.269674 0.955636 -0.037486 
0.469616 -0.875066 -0.020790 
-0.611437 -0.507622 0.016912 
-0.611306 -0.778187 0.027979 
0.017152 0.797396 -0.004044 
0.710077 -0.603513 0.037586 
0.958499 -0.059746 0.037586 
0.402295 -0.829832 0.037586 
0.855858 0.437226 -0.037486 
0.835845 0.373785 0.037586 
0.261910 0.963460 0.029072 
0.869925 0.308727 -0.037486 
0.049587 0.996488 -0.011924 
-0.885326 -0.402794 0.037586 
-0.442131 -0.885580 0.034146 
-0.761470 -0.585469 0.037586 
-0.075483 -0.978925 0.037586 
0.881413 -0.264504 -0.037486 
-0.304059 0.798622 -0.040275 
0.117816 -0.984602 -0.010997 
-0.120230 0.789554 -0.021776 
-0.033086 0.799169 0.032084 
-0.895615 0.276378 -0.037486 
0.128682 0.990002 0.015139 
-0.349917 0.719793 -0.049596 
0.168308 0.838597 0.040609 
-0.773666 0.359519 -0.039611 
-0.611706 -0.728920 -0.037486 
-0.588102 -0.651938 0.037586 
0.958181 0.113029 0.037586 
-0.787785 0.117498 0.023499 
0.275258 0.931968 0.037586 
-0.787212 -0.114283 -0.026354 
-0.478606 0.821091 0.037586 
-0.691345 0.588841 -0.037486 
0.973164 -0.216032 -0.016669 
-0.941892 -0.306106 -0.016182 
-0.347431 0.933603 -0.008559 
0.602217 -0.709859 0.037586 
-0.046690 0.796352 -0.009418 
-0.017555 0.894541 -0.037486 
0.048910 -0.794570 -0.009590 
-0.750263 -0.336930 0.047173 
-0.988947 -0.063159 -0.034504 
0.667368 0.481220 0.049531 
0.019233 -0.795799 0.053433 
0.960664 0.073041 0.037586 
0.828758 -0.544517 -0.037486 
0.829209 0.156440 0.043708 
0.637513 0.529851 0.047888 
-0.165068 0.828355 -0.042983 
0.513215 0.613423 0.019254 
0.737733 0.305493 -0.003048 
-0.148894 -0.949048 -0.037486 
0.188689 -0.944722 -0.037486 
0.196755 -0.792669 0.049289 
-0.583599 0.648207 -0.037486 
-0.907550 -0.186540 0.037586 
0.144003 0.798529 0.052323 
0.755331 -0.354739 -0.045506 
-0.541523 0.601717 -0.051738 
-0.877274 0.464710 0.035136 
-0.380505 0.703170 -0.046319 
-0.146609 -0.792173 -0.051690 
0.811354 0.317432 -0.037486 
-0.783321 -0.594943 -0.037486 
0.864239 -0.494324 -0.017682 
0.756707 0.260269 -0.021402 
0.390231 0.919160 -0.029488 
-0.526749 0.599046 0.033812 
0.343556 -0.825841 -0.037486 
0.818170 0.197075 0.044325 
-0.990043 -0.036180 -0.024058 
0.797755 0.601320 -0.033743 
0.626412 0.546543 -0.047157 
0.942000 0.179626 -0.037486 
0.595287 0.534210 0.019362 
0.333829 -0.828222 0.037586 
0.918309 0.235016 0.037586 
0.642928 0.478403 -0.027990 
-0.560545 -0.793863 0.037586 
0.506422 0.660938 -0.046806 
-0.554005 -0.721405 -0.037486 
-0.158941 -0.830801 -0.040988 
-0.858351 -0.446816 -0.037486 
0.466751 0.739174 -0.037486 
-0.768574 0.586116 0.037586 
0.516076 -0.642857 0.047742 
0.845346 -0.502695 -0.037486 
0.728006 -0.377876 0.049383 
0.488347 0.796620 0.037586 
-0.361163 0.928659 -0.031970 
0.781015 -0.279325 -0.046977 
-0.630909 -0.762951 -0.016870 
-0.816122 0.232182 0.040848 
0.795992 -0.065272 -0.016676 
-0.671964 -0.478426 0.046493 
0.571010 -0.559442 -0.009693 
-0.854258 0.413948 0.037586 
-0.375746 -0.700118 -0.025982 
-0.599952 -0.785191 -0.037486 
-0.146229 0.873037 0.037586 
-0.045114 0.859873 0.038879 
0.781908 -0.222486 0.051533 
-0.249242 0.829326 -0.037486 
-0.463791 -0.760142 0.037586 
-0.440083 -0.852383 -0.037486 
0.303516 -0.944907 -0.035909 
-0.806585 -0.456505 -0.037486 
-0.917959 -0.228952 -0.037486 
0.668703 -0.434767 -0.027854 
-0.677593 0.698483 -0.037486 
-0.353223 0.753169 -0.046185 
0.708573 -0.493021 -0.037696 
-0.774112 -0.181087 -0.026580 
-0.799429 0.236985 -0.044609 
-0.744504 0.623069 -0.037486 
-0.015485 -0.886721 -0.037486 
0.557543 -0.572447 0.020913 
-0.921537 0.369110 -0.023239 
-0.991021 0.011515 0.011736 
-0.617322 0.516510 0.052867 
-0.423465 0.822859 -0.037486 
0.477355 -0.821347 -0.037486 
-0.401198 0.911449 -0.011386 
-0.785850 0.367017 0.037586 
-0.173789 0.833328 0.041328 
0.901668 0.030303 0.037586 
0.956148 0.130773 -0.037486 
-0.881368 0.157753 0.037586 
-0.950175 -0.278063 0.032309 
0.670581 -0.484045 0.047372 
-0.589220 0.728688 0.037586 
0.524580 0.788512 0.037586 
0.795818 -0.325989 -0.038837 
-0.307632 -0.898424 0.037586 
0.366723 0.821244 0.037586 
-0.588775 -0.533197 0.051444 
0.211209 -0.794440 -0.047753 
0.009453 -0.863309 0.037586 
0.619082 -0.730375 -0.037486 
0.367504 -0.708143 -0.014143 
0.447884 -0.661239 0.045266 
0.684066 -0.415851 0.054140 
-0.824419 -0.376071 -0.037486 
-0.739247 -0.395876 -0.042750 
0.813231 0.428732 0.037586 
0.957411 -0.155389 -0.037486 
0.323130 0.732315 0.027944 
-0.266043 -0.899795 -0.037486 
0.713600 -0.619688 -0.037486 
0.473908 0.643642 0.014980 
-0.743155 -0.653338 0.014323 
-0.775503 -0.272776 0.047349 
-0.959046 -0.247529 -0.001902 
-0.835180 0.538068 -0.012156 
0.546790 -0.687626 0.037586 
0.745182 0.453616 -0.037486 
-0.569621 0.556267 -0.022093 
0.862751 0.247807 0.037586 
-0.329172 0.924028 0.037586 
0.659234 0.671671 -0.037486 
0.259836 0.908669 -0.037486 
-0.911864 0.046278 -0.037486 
-0.489004 0.633061 -0.000875 
-0.801396 0.422792 0.037586 
-0.553484 -0.645679 -0.039623 
0.681151 -0.633436 0.037586 
-0.655653 -0.448546 0.023438 
-0.109447 -0.876827 0.037586 
-0.463066 -0.714767 0.039423 
-0.522966 -0.625329 -0.048904 
0.916406 0.307464 0.037586 
-0.574776 0.631724 0.039954 
-0.351326 -0.780270 -0.038291 
-0.865202 -0.351573 0.037586 
-0.975426 0.016288 -0.037486 
-0.055782 -0.832300 0.044272 
-0.822787 0.068505 -0.046568 
-0.838828 -0.507805 -0.037486 
0.712861 -0.418814 0.047541 
-0.110700 0.793870 -0.052257 
