0.149843 -0.796173 -0.020824 
-0.181448 0.966750 0.033109 
0.954992 0.266898 0.033147 
-0.984519 -0.098427 0.020072 
0.862602 -0.500675 0.032416 
-0.618598 -0.780354 0.022608 
0.521805 0.836821 -0.007726 
-0.789134 0.588930 -0.005552 
-0.233953 -0.970519 0.031623 
0.573150 -0.818383 -0.015467 
0.799506 -0.104641 -0.029597 
-0.715979 -0.392216 -0.044759 
-0.423855 0.685029 -0.045090 
0.641343 0.476527 -0.016850 
0.143988 0.788428 -0.046512 
-0.770731 0.215656 -0.038969 
0.598370 -0.545713 -0.030245 
-0.354762 -0.738718 -0.045114 
0.355045 -0.934300 0.024428 
0.008783 -0.999216 0.021783 
0.993203 0.026311 0.028795 
0.956612 -0.276706 0.025567 
-0.932787 -0.335933 0.027251 
-0.787625 -0.606262 0.021315 
0.305758 0.936433 0.029131 
-0.977905 0.138334 0.030838 
0.702310 0.694360 0.022535 
0.864494 0.476957 0.033475 
-0.634829 0.751824 0.031753 
0.046231 0.982654 0.019993 
-0.908775 0.382226 0.028336 
0.794189 0.125540 -0.029840 
-0.784530 -0.176147 -0.040918 
-0.385610 0.903766 -0.032640 
0.367364 -0.724820 -0.047085 
-0.105304 -0.804896 -0.040041 
-0.575448 -0.567849 -0.025306 
0.741939 -0.321857 -0.009109 
0.496364 0.627145 0.042905 
-0.238524 0.760054 0.034171 
-0.686986 0.406901 0.034713 
-0.801042 0.030994 0.045358 
0.322155 0.736664 0.046850 
0.747869 0.314289 0.046398 
0.721059 -0.690997 0.030326 
-0.031268 0.798137 0.047868 
-0.563983 0.569548 0.047181 
-0.452744 -0.888191 0.026938 
0.191107 -0.972516 -0.032640 
0.496926 -0.661021 0.044380 
0.960649 -0.124142 -0.032640 
-0.474877 -0.674658 0.044090 
-0.854913 -0.467669 -0.032640 
-0.239810 -0.805581 0.040394 
0.714185 -0.464936 0.037089 
-0.492147 0.822936 0.033475 
0.760227 0.562781 -0.032640 
0.011899 -0.848196 0.038521 
0.178799 0.966000 -0.032640 
-0.784058 -0.298729 0.039063 
-0.145547 0.844911 -0.032640 
0.286781 -0.807583 0.036258 
-0.915362 0.248681 -0.032640 
0.844434 0.012823 0.038090 
-0.919602 -0.210099 -0.032640 
-0.804116 0.453390 -0.032640 
-0.674367 -0.493263 0.040629 
-0.922379 0.028258 -0.032640 
0.874878 -0.379731 -0.032640 
0.416353 0.696998 -0.044134 
-0.114662 -0.957613 -0.032640 
0.438453 -0.827462 0.033475 
0.929280 0.135154 -0.032640 
-0.326298 -0.879264 -0.032640 
-0.682192 -0.671188 -0.032640 
0.389417 0.827296 -0.032640 
0.850676 0.346180 -0.032640 
0.779828 -0.582754 -0.032640 
-0.640066 0.506918 -0.042443 
0.577608 0.718595 -0.032640 
0.829181 -0.216903 0.035228 
0.600840 -0.689380 -0.032640 
-0.655987 0.641849 -0.032640 
-0.489891 -0.776560 -0.032640 
-0.365652 0.771744 0.033475 
0.586091 0.589233 -0.039326 
0.046234 0.867059 -0.032640 
-0.059150 0.936802 -0.032640 
0.264295 0.819460 -0.032640 
-0.853451 0.149605 0.033475 
-0.861386 -0.107176 0.033475 
0.746390 0.414425 -0.033695 
-0.271524 0.857649 -0.032640 
-0.804861 0.306770 0.033475 
-0.542755 0.709981 -0.032640 
0.119097 -0.906565 0.033475 
0.820593 0.219291 0.036340 
0.146888 0.873646 0.033475 
-0.802478 -0.053826 -0.047054 
-0.199197 -0.881075 -0.032640 
-0.727848 0.340831 -0.046214 
-0.795631 0.094139 -0.044922 
0.694124 -0.586784 0.033475 
0.203745 0.770730 0.041773 
0.491887 -0.750612 -0.032640 
-0.487796 0.644658 0.045234 
-0.792024 -0.411835 0.033475 
0.225065 -0.871110 -0.032640 
-0.375526 -0.807855 0.033475 
-0.568679 -0.673542 -0.032640 
-0.713112 0.519056 0.033475 
0.767402 0.259717 -0.045998 
0.493448 0.743552 0.033475 
-0.748365 -0.509230 -0.032640 
-0.301768 0.738765 -0.047178 
0.661581 0.595236 0.033475 
0.915727 -0.017133 -0.032640 
-0.283573 0.941395 0.029063 
-0.524202 0.608224 -0.045906 
-0.849615 -0.337256 -0.032640 
-0.020245 -0.917709 -0.032640 
0.728643 0.490397 0.033475 
0.801437 -0.453552 -0.032640 
0.088715 0.791627 0.040044 
0.891176 -0.094438 0.033475 
0.407984 -0.721062 0.044088 
-0.652534 -0.590721 0.033475 
-0.727205 0.662808 0.033475 
-0.083790 -0.879765 0.033475 
0.699862 -0.414203 -0.046788 
-0.840382 -0.217875 0.033475 
0.583565 -0.614305 0.038752 
0.431948 -0.901388 -0.030347 
0.342606 -0.848900 -0.032640 
0.910275 0.390554 0.031384 
0.870907 -0.272374 -0.032640 
0.631128 -0.758251 0.033475 
-0.064377 0.795702 -0.047066 
0.092398 -0.994848 -0.025047 
0.055883 -0.825292 -0.043466 
0.527064 -0.617717 -0.038482 
0.429069 0.887469 0.030148 
0.806559 -0.381916 0.033475 
-0.146622 0.783026 0.041367 
-0.198308 -0.786971 -0.043946 
-0.561191 0.807656 -0.029169 
0.785178 -0.203280 -0.046908 
-0.534162 -0.841411 0.024222 
0.256623 -0.771302 -0.044847 
0.866753 0.114049 0.033475 
-0.135162 -0.800699 0.048290 
0.602402 0.779632 0.033475 
-0.450035 -0.683447 -0.045221 
0.262663 -0.964339 0.026377 
-0.427004 0.817419 -0.032640 
0.894961 0.240556 -0.032640 
0.331106 0.735139 -0.045406 
-0.701493 -0.397160 0.046630 
-0.201670 0.876701 0.033475 
0.695251 -0.522226 -0.032640 
-0.446625 0.728168 0.033475 
0.812462 0.037014 -0.045738 
-0.536219 -0.605931 0.048312 
0.325154 0.847196 0.033475 
0.706429 0.395470 0.046538 
-0.841026 0.513143 0.025426 
0.934846 -0.188574 0.033475 
-0.903032 -0.060752 -0.032640 
0.420457 0.689517 0.046114 
-0.810015 -0.513504 0.033475 
0.805893 0.402778 0.033475 
-0.845519 0.360828 -0.032640 
0.600410 0.530075 0.045440 
-0.638019 -0.494451 -0.041766 
0.877631 -0.158846 -0.032640 
-0.338298 0.857384 0.033475 
-0.914116 0.145497 -0.032640 
-0.088894 0.865605 0.033475 
-0.787291 0.395719 0.033475 
0.977829 -0.066582 0.033475 
0.495360 0.655344 -0.041670 
0.235456 0.876669 0.033475 
-0.762882 -0.283705 -0.045127 
-0.370035 -0.917808 0.033475 
-0.573965 0.658484 0.033475 
-0.881743 -0.416532 0.033475 
0.751104 0.619333 0.033475 
-0.776221 0.205815 0.047581 
0.820476 0.552261 0.031965 
0.808890 0.488811 -0.032640 
-0.207700 0.779172 -0.044835 
-0.987552 0.043707 0.022777 
0.088799 -0.807740 0.040311 
0.457347 -0.671626 -0.042848 
-0.289154 -0.800953 -0.036468 
-0.880769 -0.008716 0.033475 
-0.706753 0.451205 -0.036549 
0.624912 -0.517760 0.046727 
0.585089 0.664159 0.033475 
0.646351 0.659916 -0.032640 
0.920231 0.188530 0.033475 
-0.952368 -0.252745 0.033475 
-0.363052 -0.724399 0.044654 
-0.269803 -0.893365 0.033475 
-0.012038 0.901542 0.033475 
0.491173 -0.841249 -0.032640 
-0.666807 0.589550 0.033475 
-0.905507 0.083270 0.033475 
-0.629622 0.514484 0.044237 
0.647985 -0.619989 -0.032640 
-0.865076 0.238020 0.033475 
-0.166456 -0.920591 0.033475 
0.123734 0.955315 0.033475 
-0.640732 -0.700843 0.033475 
0.348858 0.901123 -0.032640 
-0.142219 0.933057 -0.032640 
0.939114 0.317149 -0.031166 
0.783226 -0.524041 0.033475 
-0.701762 -0.587275 -0.032640 
0.206453 -0.826019 0.037830 
0.917333 -0.355159 0.033475 
0.396039 0.770304 0.033475 
-0.960687 0.226960 0.032347 
0.976539 0.123652 0.033475 
0.882316 0.304805 0.033475 
0.551217 -0.740043 0.033475 
-0.884779 0.434191 -0.030207 
-0.231282 0.928907 -0.032640 
0.253807 0.925285 -0.032640 
0.192340 0.857200 -0.032640 
-0.988360 -0.019126 -0.032640 
0.865707 0.430051 -0.032640 
0.795077 -0.144332 0.046161 
0.674211 -0.723329 -0.032640 
-0.423285 -0.822371 -0.032640 
-0.287259 -0.955710 -0.027156 
0.014043 0.794128 -0.020285 
-0.940967 -0.164884 0.033475 
-0.728200 0.339326 0.047142 
-0.094687 0.964690 0.033475 
-0.543733 -0.713316 0.033475 
-0.725038 -0.659699 0.033475 
0.683429 0.542446 -0.032640 
0.808908 -0.057496 0.047493 
-0.838294 0.272684 -0.032640 
0.712608 -0.383140 0.031786 
-0.843242 0.030031 -0.036031 
-0.935137 0.307792 0.033475 
0.363014 -0.786568 0.033809 
-0.790837 -0.140832 0.045493 
-0.092058 -0.994214 0.033475 
0.406104 -0.799607 -0.032640 
0.292497 -0.911659 -0.032640 
0.956566 0.058870 -0.032640 
-0.726200 -0.553120 0.033475 
0.113975 0.906281 -0.032640 
0.960303 -0.221461 -0.032640 
-0.029922 -0.811842 -0.016083 
-0.188955 -0.980577 -0.032301 
-0.856205 -0.255381 -0.032640 
-0.863122 -0.298877 0.033475 
0.729280 0.332777 -0.026584 
0.790652 -0.286700 0.039867 
-0.824562 -0.551209 -0.032640 
0.895824 -0.430786 0.033475 
-0.347156 0.818169 -0.032640 
0.917237 0.038717 0.033475 
-0.437299 0.877136 0.033475 
-0.459905 -0.802417 0.033475 
0.262990 -0.882413 0.033475 
0.776040 -0.627777 0.029602 
-0.675759 0.715740 -0.026176 
-0.716489 0.594768 -0.032640 
-0.574540 -0.749928 -0.032640 
0.816741 0.200535 -0.037765 
-0.519684 0.750510 0.033475 
0.939111 -0.324093 -0.032640 
-0.577574 0.547841 -0.027770 
0.212595 0.949434 0.033475 
0.813196 -0.333998 -0.032640 
0.126919 -0.870154 -0.032640 
0.634605 -0.670094 0.033475 
-0.506115 -0.631012 -0.035048 
0.831563 -0.522970 -0.032640 
-0.801180 -0.042437 0.028121 
0.655672 0.737949 -0.017546 
0.711784 0.622987 -0.032640 
0.069112 0.903726 0.033475 
0.479332 0.780084 -0.032640 
0.791033 0.148891 0.041484 
0.878813 0.069574 -0.032640 
0.993856 -0.020898 -0.029514 
-0.770610 -0.231413 0.008882 
-0.883576 -0.134132 -0.032640 
-0.377630 0.696697 0.012056 
0.264113 0.748122 0.001722 
-0.977807 -0.150245 -0.032640 
0.516140 -0.818931 0.033475 
0.052921 -0.925568 -0.032640 
-0.293590 -0.755989 0.032857 
-0.983106 0.097988 -0.030318 
-0.490653 0.763817 -0.032640 
-0.397134 -0.901181 -0.032640 
0.032021 0.837848 0.037131 
-0.916777 -0.379119 -0.029547 
-0.748499 -0.470557 0.033475 
-0.854793 0.188157 -0.032640 
0.725415 -0.631406 -0.032640 
0.194175 -0.940325 0.033475 
-0.782093 -0.364399 -0.032640 
0.966046 0.225823 -0.030504 
0.804244 -0.032517 -0.022850 
-0.844740 0.441162 0.033475 
0.008240 -0.923408 0.033475 
-0.385749 0.751390 -0.034394 
-0.748428 -0.642383 -0.032640 
0.767469 -0.390044 -0.033797 
-0.589769 -0.552093 0.043418 
-0.793393 0.110950 0.024994 
0.867791 -0.303043 0.033475 
-0.488407 -0.852744 -0.032640 
-0.913299 0.325393 -0.032640 
-0.740112 0.526523 -0.032640 
-0.593510 -0.646488 0.033475 
-0.773984 0.481085 0.033475 
0.880283 -0.468420 -0.028747 
0.215996 0.767929 -0.047037 
0.800905 0.067731 0.025007 
0.872320 -0.075737 -0.032640 
-0.001408 0.979332 -0.032640 
-0.314958 0.913492 -0.032640 
-0.054940 0.863916 -0.032640 
0.529644 -0.687781 -0.032640 
0.069020 -0.963737 0.033475 
0.466365 0.824695 0.033475 
-0.667323 -0.738562 -0.019094 
0.985836 -0.135872 0.031421 
-0.034373 -0.992751 -0.032640 
-0.499476 0.847008 -0.031555 
-0.265902 0.836226 0.033475 
0.362380 -0.858389 0.033475 
-0.912756 -0.296003 -0.032640 
0.310521 -0.751162 -0.005706 
-0.432126 -0.729201 0.038067 
-0.750500 0.274171 0.005043 
-0.193363 -0.856647 0.033475 
0.817382 0.328793 0.033475 
-0.426397 -0.749127 -0.033321 
0.668863 0.526560 0.034920 
0.475227 -0.732516 0.033475 
0.657481 -0.474111 -0.000978 
-0.055673 -0.812643 0.047644 
-0.949246 -0.014427 0.033475 
0.146918 -0.988413 0.020255 
0.613188 -0.756442 -0.032640 
-0.640709 0.574329 -0.032640 
-0.312120 -0.840106 0.033475 
-0.131942 -0.890055 -0.032640 
0.588100 0.785521 -0.032640 
0.917414 -0.031313 0.033475 
-0.581262 0.641917 -0.032640 
0.548003 0.584013 0.048328 
0.761865 0.249863 0.023888 
0.720876 0.481334 -0.032640 
-0.811839 0.531971 -0.032640 
-0.616784 -0.626905 -0.032640 
-0.734539 -0.330795 0.000173 
-0.306158 0.731895 0.019137 
-0.422590 0.806689 0.033475 
0.126030 -0.937759 -0.032640 
0.447689 0.875823 -0.032640 
0.079953 0.791373 -0.027491 
0.803316 -0.449881 0.033475 
-0.142222 0.905845 0.033475 
0.783152 -0.269292 -0.042424 
-0.493921 0.666240 -0.038704 
-0.791361 -0.450655 -0.032640 
0.482919 -0.875204 0.025472 
-0.841334 -0.364698 0.033475 
-0.956213 0.197300 -0.032640 
0.405708 0.760531 -0.032640 
-0.664752 0.682315 0.033475 
-0.061175 -0.866835 -0.032640 
-0.672117 -0.446054 -0.004367 
0.605367 0.527505 -0.047072 
-0.795722 -0.108657 -0.010841 
-0.624376 0.760487 -0.031794 
0.760174 -0.520683 -0.032640 
0.915075 0.379461 -0.032344 
-0.886265 0.086934 -0.032640 
0.665789 0.444780 0.034060 
-0.869379 0.307343 0.033475 
-0.913788 0.172223 0.033475 
0.280080 0.801289 0.034505 
0.677817 0.428155 -0.038086 
-0.032227 0.979378 0.033475 
0.788765 0.468065 0.033475 
0.554852 0.720719 0.033475 
0.071253 0.955975 -0.032640 
-0.582926 0.789137 0.033475 
0.836017 0.265199 -0.032640 
0.367793 0.914313 0.026797 
-0.263068 -0.871796 -0.032640 
0.808683 0.401738 -0.032640 
-0.270652 0.794842 -0.035729 
-0.768382 -0.579469 -0.032640 
0.325950 0.831048 -0.032640 
-0.207624 0.853376 -0.032640 
-0.512033 -0.700301 -0.032640 
0.515199 0.723637 -0.032640 
0.720264 0.562184 0.033475 
0.640799 0.692919 0.033475 
-0.766514 0.403998 -0.032640 
0.874507 0.178648 -0.032640 
-0.000043 0.908258 -0.032640 
0.881999 0.237198 0.033475 
-0.358162 0.915955 0.031448 
0.523810 0.599863 -0.006340 
-0.738103 0.575606 0.033475 
-0.846722 0.379652 0.033475 
-0.578982 -0.810951 -0.026589 
0.793163 0.324637 -0.033130 
-0.139840 0.784467 -0.023373 
-0.733694 0.656084 -0.027181 
0.768993 -0.238140 0.009499 
-0.578121 0.719471 0.033475 
-0.507030 -0.762158 0.033475 
0.445392 0.658788 -0.000182 
0.069320 -0.871720 0.033475 
-0.150621 -0.987018 0.020073 
-0.783460 0.165051 -0.000153 
0.534940 0.787545 0.033475 
-0.364959 -0.806864 -0.032640 
-0.913365 -0.076553 0.033475 
0.143622 0.781245 0.017488 
0.588159 -0.615256 -0.036869 
0.385693 0.845982 0.033475 
-0.695477 0.392194 -0.036880 
0.580445 0.648551 -0.032640 
-0.856232 -0.475406 0.033475 
0.185972 0.827425 0.034595 
0.145825 -0.825799 0.041348 
-0.422504 0.675127 0.047037 
0.820134 -0.568151 0.018567 
-0.615160 0.690609 -0.032640 
-0.899117 -0.226740 0.033475 
-0.194825 0.817122 0.036572 
0.178614 -0.878041 0.033475 
0.242991 -0.771498 0.012647 
0.976536 0.178896 0.003833 
-0.787998 0.347902 -0.032640 
0.025365 -0.984250 -0.032640 
0.657544 0.600381 -0.032640 
0.879945 -0.167649 0.033475 
0.239595 -0.939350 -0.032640 
-0.957936 -0.254579 -0.031033 
0.948105 -0.066005 -0.032640 
-0.629000 -0.696354 -0.032640 
-0.051139 -0.952339 0.033475 
0.550609 -0.681343 0.033475 
-0.660357 0.443995 -0.001655 
-0.343773 -0.936521 -0.014983 
0.003163 -0.864469 -0.033249 
-0.937404 -0.107650 -0.032640 
0.727908 -0.472324 -0.032640 
0.374429 -0.909446 -0.032640 
0.905990 -0.249832 0.033475 
0.447634 -0.673680 0.014051 
0.789262 -0.158339 -0.010940 
-0.685740 -0.531846 -0.032640 
-0.614202 0.617372 0.033475 
0.484290 0.686958 0.037235 
-0.087234 0.790795 0.037161 
-0.106789 0.977620 -0.025416 
0.636972 -0.583042 0.034296 
0.340741 -0.790449 -0.034380 
0.172440 -0.904632 -0.032640 
0.861666 0.170702 0.033475 
-0.837936 -0.193802 -0.032640 
0.605065 0.600402 0.034346 
-0.781327 0.538846 0.033475 
0.362614 0.708270 0.019002 
-0.141810 0.845311 0.033475 
0.857838 0.368438 0.033475 
0.219059 -0.813218 -0.039465 
0.741996 -0.324667 0.047327 
0.921552 0.100422 0.033475 
0.838163 -0.226392 -0.032640 
0.406419 -0.912984 0.033117 
0.856179 0.003501 -0.034137 
0.711147 0.679265 -0.032640 
-0.858607 -0.392804 -0.032640 
0.772845 0.616511 -0.022231 
0.984472 0.129100 -0.021808 
-0.242042 -0.774431 -0.006203 
0.862542 -0.384054 0.033475 
0.823495 0.547819 -0.023765 
0.333297 -0.741021 0.047050 
0.573950 -0.791503 0.033475 
-0.389786 -0.865577 0.033475 
0.287205 -0.816480 -0.033079 
0.775510 0.198463 0.007069 
0.557503 -0.758648 -0.032640 
0.680991 -0.509666 0.037617 
-0.656630 -0.647461 0.033475 
-0.227523 -0.940394 -0.032640 
0.634399 -0.506850 -0.047311 
-0.101629 0.894180 -0.032640 
-0.795415 -0.236500 -0.040613 
0.439541 -0.724049 -0.038126 
-0.908092 0.383803 -0.030843 
-0.986262 -0.079993 -0.032083 
-0.845187 -0.094339 -0.034513 
-0.710665 0.456871 0.035639 
0.978881 -0.179782 -0.001319 
0.682368 -0.576840 -0.032640 
-0.230436 0.927313 0.033475 
-0.386455 -0.711956 -0.003548 
-0.308386 0.801384 0.033475 
-0.857194 -0.022995 -0.032640 
0.588194 -0.558062 0.031367 
-0.700271 -0.706680 0.019927 
-0.161838 -0.827474 -0.038912 
0.836812 -0.109742 0.038583 
-0.853902 0.491371 -0.022989 
-0.620319 -0.517106 0.014733 
-0.713087 -0.467656 -0.034923 
0.681377 -0.730672 0.020717 
0.748535 0.431861 0.033475 
0.699904 0.386438 -0.011691 
0.866614 0.125151 -0.032640 
-0.433612 -0.683743 0.009071 
0.171852 0.912530 -0.032640 
0.713767 -0.686689 -0.032640 
-0.780047 0.281442 -0.039442 
0.699009 -0.641919 0.033475 
0.754613 -0.578479 0.033475 
-0.648909 -0.577446 -0.032640 
-0.073727 -0.922789 -0.032640 
0.127139 0.854206 -0.032640 
0.299456 -0.925862 0.033475 
0.886669 0.306102 -0.032640 
-0.311190 -0.927429 0.033475 
-0.494823 0.619419 -0.002512 
0.926608 -0.271989 -0.032640 
-0.851955 0.082588 0.033475 
-0.192402 0.964421 -0.023148 
0.332142 0.789241 0.033475 
0.754641 -0.427936 0.033475 
0.398482 -0.708275 -0.006781 
-0.742199 -0.361670 0.042910 
-0.446034 0.660595 0.001521 
-0.187783 0.774277 0.005735 
0.440367 0.740384 0.033475 
0.720201 -0.369195 -0.021368 
-0.305225 -0.751247 -0.018698 
0.830672 -0.409044 -0.032640 
0.930011 0.342435 0.021041 
0.120806 0.974659 -0.032640 
-0.852255 -0.054134 0.034329 
0.577365 0.549866 -0.005308 
0.531451 -0.614035 0.031095 
-0.810468 -0.092101 0.044831 
-0.505455 0.692685 0.033475 
-0.893593 -0.432279 -0.029967 
-0.031431 -0.880841 0.033475 
-0.165100 -0.794484 0.005780 
-0.539492 0.619938 0.041658 
0.264820 0.874138 -0.032640 
0.441433 0.821900 -0.032640 
-0.628709 -0.772511 -0.028073 
0.595192 -0.708285 0.033475 
0.779640 0.519976 0.033475 
-0.572595 0.755515 -0.032640 
-0.802047 0.002209 -0.020705 
-0.560544 -0.762501 0.033475 
0.883826 -0.328671 -0.032640 
0.106925 -0.816397 -0.044550 
0.309697 0.935041 -0.032640 
0.303234 0.778015 -0.037567 
-0.446462 -0.885744 -0.032640 
0.460725 0.731890 -0.032640 
-0.680292 0.541276 -0.032640 
-0.528179 -0.816468 -0.032640 
-0.433032 0.882849 -0.017336 
0.902737 -0.423359 -0.019170 
0.313585 -0.873872 0.033475 
0.912236 -0.203971 -0.032640 
-0.849998 -0.513356 -0.009487 
-0.388483 0.844787 0.033475 
-0.781236 -0.555670 0.033475 
0.989951 0.079579 -0.000099 
-0.100989 -0.941511 0.033475 
-0.225694 -0.918943 0.033475 
-0.850374 0.123079 -0.032640 
-0.836991 -0.159701 0.035083 
-0.618048 0.563616 0.037803 
0.759273 0.382185 0.035683 
0.925189 -0.371215 -0.019804 
0.425665 -0.767472 0.033475 
-0.947745 0.274270 -0.003111 
-0.058271 0.922033 0.033475 
-0.917881 0.025540 0.033475 
0.682158 -0.430105 0.001011 
-0.970852 -0.196872 -0.014663 
0.783914 -0.190727 0.030129 
-0.541186 0.580210 -0.007800 
0.359069 0.779175 -0.032640 
-0.331916 0.866233 -0.032640 
-0.729182 -0.603161 0.033475 
-0.660246 0.453059 0.047626 
0.802701 0.009436 0.010567 
0.663133 0.645307 0.033475 
0.556254 -0.591313 -0.006650 
-0.462687 0.714097 -0.032815 
-0.815258 0.241921 0.034562 
0.807516 0.267521 0.035836 
0.535122 0.663741 0.034028 
-0.038507 0.791355 -0.001101 
-0.798186 -0.190175 0.043824 
0.539416 0.680014 -0.032640 
0.528479 0.788548 -0.032640 
0.829511 -0.334919 0.033475 
-0.808564 -0.458771 0.033475 
0.180798 -0.788727 0.017471 
-0.972538 0.150430 -0.032640 
0.720438 -0.542492 0.033475 
-0.050040 0.982373 -0.015418 
-0.579267 -0.808353 0.033475 
-0.367149 0.706184 -0.041571 
-0.287209 0.880767 0.033475 
0.667085 -0.665507 -0.032640 
0.929433 -0.125604 0.033475 
0.172924 0.915515 0.033475 
-0.039753 0.860771 0.033475 
-0.903611 -0.132614 0.033475 
0.091178 0.840583 0.035249 
-0.714360 0.354038 -0.000795 
-0.751010 0.428854 0.033475 
-0.805634 0.155713 0.042963 
-0.818248 0.406369 -0.032640 
0.304492 -0.952186 -0.007777 
0.862463 0.478969 -0.032640 
-0.792748 -0.358262 0.033475 
-0.522623 -0.666036 0.038115 
0.489566 -0.648218 -0.014574 
0.399931 0.885647 -0.032640 
-0.340653 0.769937 -0.035138 
0.854720 -0.046468 0.035118 
-0.099394 -0.834206 0.040662 
-0.821809 -0.144889 -0.039018 
-0.957126 0.080090 0.033475 
0.452997 -0.786938 -0.032640 
0.526189 -0.807603 -0.032640 
-0.592464 -0.695889 0.033475 
0.742107 0.652332 -0.000918 
-0.534613 0.799788 0.033475 
0.258210 0.928989 0.033475 
0.970864 -0.219653 0.025281 
-0.592771 0.595180 -0.035932 
-0.909723 -0.286393 0.033475 
0.443522 -0.834199 -0.032640 
0.016050 -0.812148 -0.001747 
-0.759811 0.472249 -0.032640 
0.236762 0.822092 0.033475 
-0.393730 0.852088 -0.032640 
0.912633 -0.125703 -0.032640 
-0.732585 -0.339251 -0.047075 
-0.541865 -0.600279 -0.044113 
-0.397831 0.736371 0.037395 
0.774424 -0.629861 -0.018217 
-0.906334 0.192687 -0.032640 
0.830781 -0.166684 -0.036972 
0.953527 0.271937 -0.026410 
-0.888982 0.425944 0.016539 
-0.756340 0.630397 0.014367 
-0.839529 0.197889 0.033475 
-0.980277 -0.050458 0.033475 
-0.345260 -0.768155 0.039758 
0.050231 -0.878177 -0.032640 
0.366389 0.707930 -0.029044 
0.790457 0.593806 0.026710 
0.729277 -0.582917 -0.032640 
-0.969197 -0.204277 0.031977 
0.681723 -0.477903 -0.041690 
-0.586825 0.535074 0.016919 
-0.253680 0.754354 -0.018534 
-0.664175 -0.741338 0.027859 
0.042466 -0.811321 0.047656 
0.845970 0.059831 0.037046 
-0.755300 -0.420547 -0.032640 
-0.128860 -0.892628 0.033475 
0.662424 -0.467453 0.045628 
-0.188380 0.896013 -0.032640 
-0.178927 -0.934908 -0.032640 
0.762785 -0.482137 0.033475 
-0.979092 -0.146226 0.014290 
-0.044697 -0.997927 0.026507 
0.710660 0.649917 0.033475 
0.571252 0.804287 0.006430 
-0.237948 -0.810628 -0.038382 
-0.372908 -0.861507 -0.032640 
0.023167 0.944625 0.033475 
-0.663187 -0.628608 -0.032640 
-0.777660 0.344383 0.034322 
-0.821788 0.220774 -0.033734 
-0.562653 -0.580205 0.017549 
-0.923403 -0.163878 -0.032640 
0.848078 -0.123157 -0.034297 
0.807256 0.083070 -0.046066 
-0.905429 0.272223 0.033475 
-0.618263 -0.536263 -0.044652 
-0.680152 -0.548344 0.033475 
0.288998 0.875982 0.033475 
0.139826 0.827813 0.036924 
-0.800438 0.171503 -0.042598 
0.721341 0.350273 0.034932 
-0.106561 0.821058 -0.038959 
-0.753583 0.300878 0.045042 
0.845046 0.514976 0.016256 
0.091717 0.979527 0.010922 
-0.476623 0.860523 0.011938 
-0.194312 -0.800551 0.045071 
0.613474 0.509139 0.006712 
-0.407609 -0.709107 -0.045419 
-0.618019 0.671128 0.033475 
-0.478203 0.769973 0.033475 
0.885708 0.442387 0.006671 
-0.785925 -0.168690 0.005393 
-0.088355 -0.994748 -0.012063 
0.147467 -0.942266 0.033475 
0.965257 0.211614 0.033475 
-0.800551 0.045059 0.002033 
0.745441 0.288736 0.006780 
-0.335167 -0.879360 0.033475 
-0.010708 0.853187 -0.032640 
-0.664408 0.468540 -0.043517 
0.649286 0.485425 0.045979 
0.631820 -0.575888 -0.035790 
0.220547 -0.974656 0.013028 
0.993733 -0.024806 0.025740 
0.934902 0.143771 0.033475 
0.386296 -0.861021 -0.032640 
-0.420545 -0.772761 0.033475 
0.366678 -0.725185 0.020881 
-0.445858 0.756125 -0.032640 
-0.664816 -0.457898 -0.047361 
0.147414 -0.983985 -0.032640 
-0.820073 0.316116 -0.032640 
-0.949812 0.064115 -0.032640 
0.043422 0.794283 0.034103 
0.959732 0.056209 0.033475 
0.225860 0.958083 -0.019302 
0.483977 0.859192 0.010446 
0.799028 -0.094744 0.019146 
-0.686876 0.642761 0.033475 
-0.333267 0.719909 -0.014762 
0.397126 0.688670 -0.002420 
0.618829 -0.518825 -0.000542 
-0.281355 0.942040 -0.015852 
-0.680915 -0.437119 0.047730 
-0.757081 -0.273054 -0.001332 
0.541918 0.589837 -0.047503 
-0.189267 -0.966636 0.033475 
0.161231 -0.836547 -0.036790 
0.757009 -0.381626 0.038181 
0.950580 0.181875 -0.032640 
0.950481 0.011186 -0.032640 
0.276681 -0.764001 0.041235 
0.219966 0.814157 -0.035085 
0.508841 -0.702692 0.033475 
-0.610143 -0.604826 0.034429 
-0.763277 0.622266 -0.029008 
0.908566 0.026946 -0.032640 
0.261452 0.753643 -0.042506 
-0.509173 -0.628446 0.018153 
0.991654 -0.076947 -0.007665 
-0.488035 -0.715923 0.033475 
0.777053 0.519926 -0.032640 
0.247495 0.764672 0.046857 
-0.796254 -0.494798 -0.032640 
-0.528504 0.829840 -0.002680 
0.826001 -0.291539 -0.032640 
0.768312 0.471051 -0.032640 
0.785430 0.170416 -0.029493 
-0.749187 -0.422140 0.033639 
-0.874103 0.044564 0.033475 
-0.291921 -0.912302 -0.032640 
-0.276231 -0.958914 0.028325 
0.070774 0.947650 0.033475 
0.637998 0.554574 -0.035593 
-0.442948 -0.845944 0.033475 
0.754062 -0.282596 0.006146 
-0.145996 0.972365 -0.006608 
-0.876230 -0.189444 0.033475 
-0.266343 0.901095 -0.032640 
-0.768076 0.248770 0.046261 
-0.800082 -0.240295 0.039918 
0.484208 -0.789114 0.033475 
0.480170 0.842088 -0.032640 
0.992822 0.038425 -0.019462 
-0.533348 -0.772916 -0.032640 
-0.704547 -0.391871 -0.002680 
-0.765050 0.233140 0.004780 
-0.837620 -0.426406 0.033475 
0.215285 0.894137 -0.032640 
0.634688 -0.626432 0.033475 
-0.150101 -0.852920 0.033561 
0.867061 0.410825 0.033475 
-0.146661 -0.987645 -0.025805 
-0.282910 -0.801821 0.037640 
0.178172 0.773442 -0.007431 
0.945900 -0.176746 -0.032640 
-0.893865 -0.353819 0.033475 
-0.674250 0.538077 0.033475 
0.192303 0.873911 0.033475 
0.587450 -0.658722 0.033475 
0.752186 -0.299267 -0.045640 
0.104251 -0.988744 0.033475 
0.600922 0.736478 0.033475 
-0.122678 -0.802454 0.005264 
0.312043 0.730802 -0.006930 
0.093436 -0.909471 -0.032640 
0.676317 0.471302 -0.041566 
-0.259840 -0.843160 0.033475 
-0.465844 -0.815311 -0.032640 
0.821187 -0.566601 -0.024518 
0.519538 -0.853548 0.007985 
0.058181 -0.997664 0.001044 
0.531012 0.631190 -0.040853 
0.572296 -0.657160 -0.032640 
0.669095 0.699946 -0.032640 
-0.820300 -0.560395 0.016249 
-0.725379 -0.548377 -0.032640 
-0.940057 -0.039061 -0.032640 
0.773455 0.217860 -0.031152 
-0.985378 0.023618 -0.032640 
0.889690 0.001353 0.033475 
-0.489621 -0.868221 0.018172 
0.724889 0.523964 -0.032640 
0.615413 -0.649126 -0.032640 
0.154664 0.971801 0.008956 
-0.279637 0.768023 0.042661 
0.300676 -0.763228 -0.045488 
0.613857 0.696051 -0.032640 
0.362781 0.860792 -0.032640 
0.440460 -0.897051 0.013171 
-0.761687 -0.639701 0.016995 
-0.929834 0.105971 -0.032640 
0.281224 -0.870702 -0.032640 
0.395590 -0.831917 0.033475 
0.931689 -0.081788 0.033475 
-0.100549 0.918449 0.033475 
0.862672 -0.457224 0.033475 
0.077428 -0.913945 0.033475 
0.455096 0.657462 0.045333 
-0.302172 0.828532 -0.032640 
-0.083600 0.789111 -0.010021 
-0.389211 -0.769163 -0.033380 
-0.826022 -0.318981 0.033475 
0.816102 0.115015 0.043429 
-0.802066 -0.327257 -0.032640 
-0.339018 -0.736201 0.012150 
0.034684 0.827095 -0.039177 
-0.873920 0.241460 -0.032640 
0.835594 0.162887 -0.035137 
0.125410 -0.861694 0.033475 
0.487687 0.785171 0.033475 
-0.797867 0.072869 0.046614 
0.569965 0.623388 0.036324 
-0.271234 -0.764126 -0.045694 
0.516130 0.831215 0.033475 
0.846462 -0.266905 0.033475 
0.424524 0.827682 0.033475 
0.213352 -0.783550 0.043404 
-0.938637 0.123885 0.033475 
-0.609489 -0.734160 0.033475 
-0.464574 -0.662667 -0.009682 
-0.536407 0.668588 -0.032640 
-0.950543 -0.280026 0.001806 
0.617515 0.769768 -0.004264 
0.789616 0.192992 0.046239 
-0.740448 0.388676 0.038133 
0.745455 -0.655982 0.033475 
0.827501 0.452456 0.033475 
-0.615701 0.507442 0.004902 
0.030989 -0.888208 0.033475 
0.714405 0.367542 -0.045921 
-0.692248 -0.622518 0.033475 
-0.552754 -0.714381 -0.032640 
-0.594897 0.783352 -0.006015 
-0.022773 0.796536 -0.045182 
-0.705739 0.604322 0.033475 
-0.635845 -0.552960 0.038828 
-0.764912 -0.261266 0.047319 
0.001698 0.983999 0.008591 
0.923570 0.236749 0.033475 
-0.873968 0.312282 -0.032640 
0.828535 -0.175556 0.037990 
-0.237531 0.824711 -0.032640 
-0.958201 0.238082 -0.025788 
-0.735277 -0.509754 0.033475 
0.850777 0.264283 0.033475 
-0.344915 0.715788 0.028587 
-0.701112 0.690453 -0.005543 
-0.810182 -0.274442 -0.033663 
-0.884372 0.008092 -0.032640 
-0.502855 -0.803210 0.033475 
0.813152 -0.012621 0.046764 
0.885705 0.070009 0.033475 
-0.841024 0.020469 0.037558 
-0.846715 0.449471 -0.032640 
-0.182609 0.913329 0.033475 
0.446414 0.788814 0.033475 
-0.776950 0.592506 0.033475 
0.745010 -0.435064 -0.033334 
0.942181 -0.324019 0.023800 
-0.936178 -0.326514 -0.018784 
0.747940 -0.661100 -0.015863 
0.591227 -0.749462 0.033475 
0.883071 -0.233371 -0.032640 
0.667577 -0.694204 0.033475 
-0.326170 0.763037 0.039270 
-0.695233 -0.430842 -0.044426 
0.088520 -0.856492 -0.034369 
-0.140665 0.966092 0.033475 
0.334445 -0.888847 -0.032640 
-0.360927 0.812217 0.033475 
0.914636 -0.395861 0.010881 
0.572841 -0.720901 -0.032640 
-0.070091 -0.964728 -0.032640 
-0.766428 0.568837 -0.032640 
-0.011004 -0.965706 0.033475 
0.840247 -0.534546 0.033475 
0.666046 0.728803 0.020614 
0.299534 0.895164 -0.032640 
0.032755 0.932160 -0.032640 
0.180400 0.806623 -0.039628 
0.839967 -0.469935 -0.032640 
-0.699068 -0.707884 -0.029478 
-0.113814 -0.844344 -0.036554 
-0.242008 0.873318 0.033475 
0.850933 0.386649 -0.032640 
0.833245 -0.422665 0.033475 
0.916014 -0.289012 0.033475 
-0.532166 0.756178 -0.032640 
-0.406006 -0.910953 0.016418 
0.633374 0.566431 0.035240 
-0.811429 0.558062 0.014758 
-0.802243 -0.411838 -0.032640 
-0.456051 0.652444 -0.038909 
0.101992 0.823331 -0.038695 
-0.468853 -0.742241 -0.032640 
0.812182 0.441820 -0.032640 
0.421378 -0.762102 -0.032640 
0.005648 -0.812148 -0.040563 
-0.789209 0.134676 -0.031195 
0.771366 -0.482130 -0.032640 
0.527054 -0.727819 -0.032640 
-0.067599 -0.817504 -0.045262 
-0.071985 0.829649 0.038536 
-0.847614 -0.261976 0.033475 
0.229352 -0.860824 0.033475 
0.085968 0.871250 -0.032640 
0.806444 0.035696 0.048225 
-0.234814 0.954940 -0.002544 
-0.203068 -0.785607 -0.002895 
-0.744840 -0.305298 0.029067 
-0.240242 0.805838 0.036281 
-0.459934 0.839868 -0.032640 
0.640275 -0.702477 -0.032640 
0.444807 0.663657 -0.039674 
-0.801903 0.054895 -0.046935 
0.333374 -0.831177 0.033475 
0.911725 0.204502 -0.032640 
0.008679 -0.948192 -0.032640 
0.070093 -0.962900 -0.032640 
-0.461214 0.681658 0.041234 
0.857766 0.226747 -0.032640 
0.830529 -0.056199 -0.040783 
0.703784 0.598260 0.033475 
-0.742793 0.294979 -0.038140 
-0.923395 0.346633 0.018951 
0.635823 0.755189 0.033475 
-0.383849 -0.758431 0.037511 
0.714564 0.453519 0.036414 
-0.413232 -0.819848 0.033475 
-0.630191 0.708744 0.033475 
-0.812887 -0.006724 0.045480 
-0.380975 0.790516 -0.032640 
-0.655918 0.733232 0.003090 
0.477174 0.635743 0.003448 
0.320498 -0.787259 0.038192 
-0.912939 -0.387989 0.028985 
-0.888855 -0.340608 -0.032640 
0.888024 -0.206173 0.033475 
-0.694033 0.651937 -0.032640 
-0.503655 0.714399 -0.032640 
-0.297751 -0.852217 -0.032640 
-0.219273 -0.844738 -0.032640 
-0.513955 0.809008 -0.032640 
0.105811 0.917712 0.033475 
0.788408 0.355280 0.033475 
0.229966 -0.903626 0.033475 
-0.675735 0.425305 -0.044152 
0.790608 -0.247636 0.043140 
-0.165892 0.811973 -0.038722 
0.816434 -0.486809 0.033475 
0.580050 -0.577952 -0.045645 
0.346313 -0.895169 0.033475 
-0.900575 0.221986 0.033475 
0.652063 -0.756516 -0.030306 
-0.339260 -0.778000 -0.037139 
0.689931 0.488170 0.036634 
-0.677623 0.595658 -0.032640 
-0.816431 0.346499 0.033475 
0.753290 -0.354709 -0.041415 
0.795344 0.098969 0.002700 
-0.653126 0.682696 -0.032640 
0.026640 0.906027 0.033475 
-0.248301 -0.967028 -0.013662 
0.802662 0.242241 -0.038336 
-0.838231 0.284365 0.033475 
0.784000 -0.350531 0.035082 
-0.983094 0.098119 0.008357 
-0.544010 0.691550 0.033475 
0.959832 -0.265622 -0.014145 
-0.813005 0.493446 -0.032640 
0.690374 -0.615357 -0.032640 
0.427325 -0.864295 0.033475 
0.862319 -0.194126 -0.032640 
-0.323564 0.899312 0.033475 
0.483491 -0.874866 -0.012964 
0.845859 0.513601 -0.031104 
0.113068 0.785367 -0.008926 
0.549743 -0.834290 0.021890 
-0.031278 -0.841402 0.040275 
-0.466578 -0.747793 0.033475 
-0.575657 0.690259 -0.032640 
-0.312155 0.932518 0.004927 
-0.464207 0.791573 -0.032640 
-0.875623 -0.200575 -0.032640 
0.182096 -0.804447 -0.044198 
0.462394 -0.697425 0.041758 
-0.637759 0.473579 -0.010481 
0.855476 -0.512726 -0.003160 
0.140248 -0.797155 0.016723 
-0.850640 0.067387 -0.033347 
-0.407979 -0.699760 0.035455 
0.914973 0.099777 -0.032640 
-0.801300 -0.038996 -0.011955 
-0.014921 0.943945 0.033475 
0.694014 -0.416141 0.035677 
-0.881176 0.343514 0.033475 
0.049614 0.791147 -0.003276 
0.409275 -0.701603 -0.042807 
-0.480157 -0.656248 -0.046443 
0.782433 0.374391 -0.032640 
-0.882690 0.353523 -0.032640 
-0.742166 0.375066 -0.038667 
-0.550978 0.575623 -0.044021 
0.361713 0.755195 0.037908 
-0.838321 -0.299608 -0.032640 
0.184947 -0.982390 0.022899 
-0.659351 0.491455 0.041740 
0.340163 0.889594 0.033475 
-0.535790 -0.606111 -0.007414 
0.335497 0.925952 0.008561 
0.906570 0.276027 0.033475 
0.620173 0.604460 -0.032640 
-0.817759 -0.376246 -0.032640 
0.003168 0.793132 0.015663 
-0.392402 0.901455 0.026101 
0.965707 0.098444 -0.032640 
0.776848 0.559538 0.033475 
-0.895273 0.281475 -0.032640 
-0.238699 0.875860 -0.032640 
0.609142 0.738734 -0.032640 
0.966284 -0.167684 0.033475 
0.223048 0.761649 0.011074 
-0.896559 -0.262315 -0.032640 
0.623541 -0.780479 0.004441 
-0.939968 0.257976 0.033475 
0.845374 -0.352891 -0.032640 
-0.809313 0.452869 0.033475 
0.052541 0.870372 0.033475 
0.986074 -0.134368 -0.005779 
0.079226 -0.808751 -0.019644 
-0.872818 0.457668 0.005669 
-0.559282 -0.824339 0.001951 
-0.412903 0.677413 0.002285 
0.783727 0.309583 0.037867 
0.598745 -0.797637 -0.032640 
-0.115607 0.786135 0.013653 
0.801730 -0.070395 -0.015455 
-0.254706 -0.772397 0.047776 
0.746206 0.306627 -0.046758 
0.288834 -0.846281 0.033475 
-0.968129 0.193670 0.002267 
0.817175 -0.005665 -0.044858 
-0.734377 0.306861 -0.001561 
0.788641 0.139585 0.005717 
-0.033464 -0.952276 -0.032640 
-0.917024 -0.194359 0.033475 
-0.029018 -0.922722 0.033475 
0.141285 0.943943 -0.032640 
-0.866225 -0.062404 -0.032640 
-0.207094 -0.976522 -0.000489 
-0.954659 0.031045 0.033475 
-0.846324 -0.519300 0.033475 
0.397494 0.901460 0.000447 
-0.885375 0.044805 -0.032640 
-0.644086 -0.486686 0.020937 
0.435797 0.785660 -0.032640 
0.162986 0.797834 0.043782 
-0.505148 -0.737369 -0.032640 
0.869095 -0.415879 -0.032640 
0.799074 -0.598083 0.017993 
-0.725812 0.485788 -0.032640 
0.484824 -0.695268 -0.037921 
-0.729263 0.422417 -0.035511 
0.549602 -0.645209 0.038741 
-0.561968 0.752217 0.033475 
-0.538280 -0.653847 -0.037198 
0.872249 0.269527 -0.032640 
-0.635131 0.610372 -0.032640 
0.472919 0.686840 -0.038197 
-0.738706 0.490258 0.033475 
-0.011983 -0.812148 0.021516 
0.958142 -0.024292 0.033475 
0.518051 -0.775745 0.033475 
-0.973527 -0.114130 -0.032640 
0.115460 -0.801557 -0.010370 
-0.818350 -0.021402 -0.043039 
-0.881592 0.110588 0.033475 
0.486048 -0.839209 0.033475 
0.670958 0.506885 -0.036947 
0.112977 -0.953512 0.033475 
-0.141041 -0.946476 0.033475 
0.673897 0.426744 0.003673 
0.392375 -0.879569 0.033475 
-0.704088 0.558655 0.033475 
-0.951736 -0.106067 0.033475 
0.276474 -0.762760 -0.009914 
0.908997 0.343764 -0.032640 
-0.105733 0.856687 -0.032640 
0.853562 0.328899 0.033475 
0.049714 0.982544 -0.020863 
0.652396 -0.536931 -0.038435 
0.547993 0.820094 -0.026206 
-0.799665 -0.071141 0.004470 
-0.754339 -0.473601 -0.032640 
0.511396 -0.656624 -0.042095 
0.859101 -0.137664 0.033475 
-0.611136 0.551207 -0.040601 
-0.690703 0.400464 -0.002091 
-0.859064 0.409031 -0.032640 
-0.810728 -0.099576 -0.043713 
0.555455 0.571601 0.015328 
0.156834 -0.907473 0.033475 
0.897981 0.411178 -0.032640 
-0.052901 -0.810235 0.011485 
-0.815563 -0.282408 0.033475 
0.805621 -0.240130 -0.038982 
-0.858914 0.482895 0.032515 
-0.804459 0.567040 -0.032640 
-0.573458 0.609327 0.037607 
0.912425 -0.089890 -0.032640 
0.457415 0.865849 0.033475 
0.884383 -0.034387 -0.032640 
-0.766997 -0.328383 -0.039607 
-0.681304 -0.673328 0.033475 
-0.537696 -0.795240 0.033475 
-0.720123 -0.442469 0.037854 
-0.878273 0.175985 0.033475 
-0.714135 -0.620769 -0.032640 
-0.941086 0.297191 -0.029637 
-0.881929 -0.455173 0.019265 
-0.587213 -0.704005 -0.032640 
0.729056 0.527643 0.033475 
-0.989037 -0.011825 0.002228 
0.406260 0.731266 0.038192 
0.241220 0.846594 -0.032640 
0.913846 0.063213 -0.032640 
0.007690 0.871905 0.033475 
0.812727 -0.134719 -0.043308 
-0.775606 0.523959 -0.032640 
-0.248558 -0.911750 -0.032640 
0.419523 -0.693849 0.022043 
-0.828627 0.150930 -0.036200 
0.171944 -0.942694 -0.032640 
-0.166749 -0.822486 0.040818 
-0.121749 -0.991591 0.000086 
0.379788 0.811067 0.033475 
0.123404 0.794256 0.046581 
-0.762707 -0.541586 -0.032640 
-0.832974 0.121022 0.037227 
0.566487 0.754091 0.033475 
-0.609241 -0.743231 -0.032640 
0.225838 -0.973474 -0.026282 
-0.443106 0.842304 0.033475 
-0.891120 -0.093987 -0.032640 
0.203059 0.928990 -0.032640 
0.285884 0.942207 -0.007618 
-0.556437 0.810887 0.007543 
-0.953426 0.163576 0.033475 
0.916518 0.287335 -0.032640 
0.988733 -0.100814 0.033475 
0.561606 0.749975 -0.032640 
-0.094742 0.928725 -0.032640 
-0.556733 -0.658442 0.033811 
-0.782556 0.280272 0.039750 
0.641427 -0.548018 0.039605 
0.529303 0.615017 0.045335 
-0.239711 -0.875147 0.033475 
0.376385 -0.757679 -0.038417 
0.845948 0.042560 -0.036568 
0.434786 -0.682763 -0.017389 
0.154662 0.876046 -0.032640 
-0.311582 0.789583 -0.033289 
-0.045157 0.824171 -0.039690 
0.684171 0.568382 0.033475 
-0.213700 0.782691 0.044304 
-0.177166 0.776534 -0.027790 
-0.801884 0.006888 0.015098 
-0.934142 -0.046048 0.033475 
-0.775012 -0.513812 0.033475 
-0.397485 0.699510 0.046247 
0.829468 0.109139 -0.039255 
0.868125 -0.239522 0.033475 
0.801260 0.046352 -0.002564 
0.794796 -0.524863 -0.032640 
0.201069 -0.845816 -0.032640 
0.548907 0.819473 0.031795 
0.788353 0.583363 -0.032640 
0.112182 0.870556 0.033475 
0.194658 -0.786010 -0.014375 
0.791932 -0.162556 -0.045697 
-0.496243 -0.645177 0.047115 
0.775345 0.433707 -0.032640 
-0.912417 -0.012468 -0.032640 
-0.934390 0.204248 0.033475 
-0.338299 -0.829123 -0.032640 
-0.581640 -0.598482 -0.040397 
0.562964 -0.584833 0.026777 
0.297716 0.860533 -0.032640 
0.307132 -0.847673 -0.032640 
0.325018 -0.923594 -0.032640 
-0.034410 -0.845577 -0.038245 
0.588381 0.704233 0.033475 
0.679708 -0.440590 -0.037232 
0.575333 0.556430 -0.039539 
-0.720793 -0.359716 0.013025 
-0.800953 -0.588864 -0.026306 
-0.622075 0.656838 -0.032640 
-0.568030 -0.623903 0.038774 
-0.672355 -0.492568 -0.040354 
-0.098091 -0.896050 -0.032640 
0.152293 0.826036 -0.035969 
0.340745 -0.737706 -0.014909 
0.392211 -0.919132 0.002477 
0.784991 0.288301 -0.038807 
-0.696343 0.695223 0.030080 
0.753648 0.352950 -0.039740 
-0.666888 0.716508 0.033475 
0.897440 0.335512 0.033475 
0.726233 -0.507739 -0.032640 
-0.867175 -0.484127 0.002274 
-0.774654 0.200370 0.003229 
-0.642388 0.636677 0.033475 
-0.389578 0.691914 -0.020168 
-0.315042 -0.946865 0.000259 
0.348157 -0.936780 -0.008902 
-0.012508 -0.998939 -0.007217 
0.936534 0.242768 -0.032640 
0.188269 0.966478 0.010903 
0.711568 0.424181 -0.040614 
0.382130 0.707544 0.046927 
-0.718095 0.420016 0.039287 
-0.986123 0.066082 -0.018818 
0.702876 -0.396476 -0.010654 
-0.692471 -0.580059 0.033475 
0.493615 -0.797815 -0.032640 
-0.060504 0.960505 0.033475 
-0.625316 -0.512563 0.048042 
-0.795701 0.093471 -0.004057 
-0.863713 0.410843 0.033475 
0.933252 0.008859 0.033475 
0.618854 0.666932 0.033475 
-0.608097 0.516352 -0.036387 
0.692785 0.427709 0.045280 
0.220835 0.907200 0.033475 
-0.486825 0.720947 0.033475 
0.754684 0.585068 0.033475 
-0.123674 0.807806 0.042729 
-0.614547 -0.593003 -0.034984 
-0.139302 -0.934490 -0.032640 
0.733541 -0.499016 0.033475 
-0.518528 -0.851126 -0.004063 
0.368349 -0.751662 0.041724 
0.523336 -0.851302 -0.031103 
0.783906 -0.411162 0.033475 
-0.732807 -0.672475 0.003241 
0.498662 0.807677 -0.032640 
-0.406284 0.713461 -0.040935 
-0.478329 -0.699773 -0.037116 
-0.711718 -0.485726 0.033475 
-0.108743 0.838480 0.034993 
0.038527 -0.949517 0.033475 
-0.316454 -0.785478 0.038528 
0.857656 -0.079929 0.033740 
0.251697 -0.786132 0.044959 
0.777201 -0.207031 -0.000040 
0.053391 -0.810557 0.015951 
0.882080 0.373588 -0.032640 
-0.596445 -0.654797 -0.032640 
-0.517030 0.658920 0.037283 
0.744301 0.592229 -0.032640 
-0.766447 0.248121 -0.045900 
-0.590817 -0.780234 -0.032640 
0.595510 -0.802223 0.003456 
-0.046681 -0.897248 -0.032640 
0.869266 0.474022 -0.000312 
-0.554030 0.620973 -0.037980 
-0.598726 0.526658 0.047738 
0.663677 -0.609894 0.033475 
0.232905 -0.775937 -0.021896 
0.067595 0.922850 -0.032640 
0.920767 0.366308 -0.002281 
0.942558 0.297767 0.033475 
-0.325147 -0.914201 -0.032640 
-0.145094 -0.798737 -0.038863 
0.794518 -0.128731 0.016801 
0.959743 0.094956 0.033475 
-0.582374 -0.588674 0.043001 
-0.455566 0.802517 0.033475 
0.669666 0.636271 -0.032640 
-0.127811 0.875929 0.033475 
-0.833295 -0.231402 -0.032640 
0.292603 0.742572 -0.045099 
-0.935789 0.312207 -0.000588 
0.819226 0.179898 0.039254 
0.551964 -0.595456 -0.044380 
-0.155975 0.902711 -0.032640 
0.773842 -0.323503 -0.039665 
0.695218 -0.716838 -0.005910 
-0.092344 -0.806717 -0.007106 
-0.344900 -0.936115 0.022324 
0.064752 0.821608 0.040955 
0.810143 0.507333 0.033475 
0.963845 0.235670 0.000920 
0.053981 0.797701 -0.046817 
-0.433343 -0.855484 -0.032640 
0.753462 -0.545543 0.033475 
0.861994 -0.499534 -0.032640 
0.803512 -0.025969 0.018226 
-0.167432 0.870610 -0.032640 
0.650364 -0.758014 0.006774 
-0.336779 -0.818320 0.033475 
0.229293 -0.903732 -0.032640 
-0.730433 0.565010 -0.032640 
-0.270240 0.751875 -0.046809 
0.773204 -0.235613 -0.036246 
0.507484 -0.634146 0.021118 
-0.367989 0.871396 0.033475 
-0.219378 0.765544 0.007471 
-0.215577 -0.782019 0.028357 
0.758902 -0.282643 0.046913 
0.922291 -0.157583 0.033475 
0.950338 -0.298300 -0.015847 
-0.412380 0.781292 -0.032640 
-0.346587 0.905159 -0.032640 
0.679777 0.716697 -0.006491 
-0.393141 0.792472 0.033475 
-0.940893 -0.071730 -0.032640 
0.505300 0.685364 -0.033491 
-0.339997 0.729290 -0.045311 
0.804474 0.575735 0.003403 
-0.027786 0.960277 -0.032640 
0.041630 0.899260 -0.032640 
-0.659902 -0.464165 0.041434 
-0.827151 -0.504894 -0.032640 
-0.766984 -0.250984 -0.046811 
0.059830 -0.837926 0.040794 
-0.972721 -0.171720 0.033475 
-0.666947 -0.704252 -0.032640 
0.439454 0.882178 -0.000160 
0.499745 0.752182 -0.032640 
0.722247 -0.619263 0.033475 
0.983115 -0.153053 -0.032131 
0.451779 -0.789913 0.033475 
0.728083 -0.550520 -0.032640 
-0.276580 0.743648 0.001752 
0.885420 -0.275856 0.033475 
0.897586 -0.290701 -0.032640 
-0.643777 0.538450 -0.036171 
0.734568 -0.359750 0.046237 
0.074961 0.840657 -0.034747 
-0.751925 -0.580169 0.033475 
-0.912191 -0.016314 0.033475 
0.365505 0.748023 -0.038361 
-0.634458 -0.499009 -0.007994 
0.895765 -0.139155 0.033475 
-0.827926 0.533788 -0.004707 
0.563660 -0.688266 -0.032640 
0.834858 0.421032 0.033475 
-0.979696 0.127029 -0.005575 
-0.794079 -0.122442 0.019228 
-0.420838 0.758595 0.033475 
-0.484089 -0.648488 0.015400 
-0.840875 -0.438669 -0.032640 
-0.199088 -0.900786 0.033475 
-0.279313 -0.761185 0.004502 
0.389892 -0.829068 -0.032640 
-0.354570 -0.894462 -0.032640 
0.604932 -0.590370 0.039234 
-0.624313 -0.637507 0.033475 
0.660349 0.450847 -0.019548 
-0.083957 -0.807895 0.030847 
-0.753719 -0.378532 -0.037271 
0.643882 0.472034 0.014755 
0.499724 0.621022 -0.013854 
-0.839523 0.318855 0.033475 
-0.442828 -0.776560 -0.032640 
-0.311760 0.839596 0.033475 
-0.778436 -0.200585 0.011871 
0.858073 -0.349189 0.033475 
-0.852922 -0.148042 -0.032640 
0.803519 -0.392331 -0.032640 
-0.501259 0.616838 0.028601 
-0.457944 -0.701452 0.040744 
0.474936 -0.657252 0.014163 
-0.416991 -0.882136 0.033475 
-0.777073 -0.454136 0.033475 
-0.889293 0.165407 -0.032640 
-0.791064 -0.139542 -0.045211 
0.586990 0.558918 0.045856 
0.255252 0.951106 -0.009396 
-0.304092 -0.886066 0.033475 
-0.964926 -0.223385 0.001847 
-0.429093 -0.900242 -0.010357 
0.291159 0.742817 0.043877 
0.528706 -0.616339 -0.000415 
0.944035 -0.248703 0.033475 
0.904255 -0.065596 0.033475 
-0.375475 -0.924166 -0.030559 
0.578855 -0.569488 -0.002920 
0.957560 0.180939 0.033475 
0.174773 -0.984001 -0.008146 
0.288481 0.907572 0.033475 
0.819329 0.297310 0.033475 
0.073744 -0.996612 0.028460 
0.256642 -0.845105 0.033475 
-0.935083 -0.305062 0.033475 
-0.331003 -0.739770 0.042379 
0.751831 0.283402 0.042137 
0.991947 0.057355 0.033475 
-0.741429 -0.313740 -0.028701 
-0.469792 0.640279 -0.001609 
0.905754 0.173669 -0.032640 
0.898141 0.417986 0.022136 
-0.570530 -0.732744 0.033475 
0.385260 0.889124 0.033475 
0.718268 -0.388837 -0.045884 
-0.824191 0.107208 -0.039390 
-0.168048 -0.857551 -0.032640 
-0.002319 0.939521 -0.032640 
-0.720821 0.632126 0.033475 
-0.692517 -0.519557 0.033475 
-0.801252 -0.205739 -0.041168 
-0.885542 0.132697 -0.032640 
0.881120 -0.028738 0.033475 
0.646157 -0.490568 0.032340 
0.992878 -0.052040 -0.031174 
-0.083293 0.958426 -0.032640 
-0.275169 0.909536 0.033475 
-0.830807 0.060550 0.039761 
0.332847 0.721711 0.014409 
0.748986 -0.611029 -0.032640 
-0.726484 -0.439567 -0.035923 
-0.575834 0.721388 -0.032640 
0.525122 0.711553 0.033475 
-0.627287 0.729527 -0.032640 
0.772284 -0.321414 0.041104 
-0.892107 -0.231551 -0.032640 
-0.361953 0.858239 -0.032640 
-0.807425 0.267920 -0.033665 
0.809050 0.351341 -0.032640 
-0.029781 -0.813315 -0.047118 
0.736144 -0.338708 0.020246 
0.462548 0.762117 0.033475 
0.025282 -0.896644 -0.032640 
-0.719830 -0.654419 -0.032640 
-0.393993 -0.726524 0.043912 
-0.187012 0.846974 0.033475 
-0.212097 -0.832016 0.035466 
-0.874227 -0.245194 0.033475 
-0.239824 0.794028 -0.038559 
0.689476 -0.543121 0.033475 
-0.696883 0.621121 -0.032640 
-0.609962 -0.529666 -0.011585 
-0.393424 -0.838347 -0.032640 
0.095250 -0.940592 -0.032640 
0.157513 -0.798000 0.048133 
-0.192683 -0.826155 -0.037545 
0.583877 0.679257 -0.032640 
0.915945 -0.169278 -0.032640 
0.969151 -0.094467 -0.032640 
-0.758294 -0.329608 0.042504 
-0.605494 0.742419 0.033475 
0.960151 -0.112406 0.033475 
-0.805546 0.519758 0.033475 
0.020847 -0.840125 -0.039887 
0.375038 -0.906274 0.033475 
0.808127 -0.312788 0.033475 
0.519024 0.760651 0.033475 
-0.645488 0.550092 0.034578 
-0.097049 0.790670 -0.037609 
0.254828 0.783579 -0.040531 
0.851083 0.217082 0.033475 
-0.716583 0.371128 0.046195 
0.001051 0.842047 0.036003 
0.352906 0.716832 0.047747 
-0.227689 -0.778546 -0.045418 
-0.196445 0.811614 -0.037091 
-0.510053 0.781555 0.033475 
-0.924090 -0.360090 0.010632 
0.789262 -0.161616 0.021616 
0.847707 -0.313073 -0.032640 
-0.877295 0.379370 0.033475 
0.123654 0.976508 -0.002256 
-0.646932 -0.756540 0.007705 
0.798546 -0.360814 -0.032640 
0.994192 -0.005182 -0.003316 
-0.046675 -0.997865 -0.005147 
-0.128720 0.937974 0.033475 
0.825624 0.379487 0.033475 
-0.368385 -0.927234 0.004498 
0.755532 0.476045 0.033475 
0.264811 -0.845025 -0.032640 
-0.337033 0.923562 -0.010328 
0.946362 -0.055099 0.033475 
0.039731 -0.957401 -0.032640 
0.179237 0.777137 -0.047102 
-0.305798 0.881867 -0.032640 
-0.796447 0.385128 -0.032640 
-0.003898 0.810978 0.044474 
-0.295450 0.742528 0.047688 
0.845417 -0.435608 -0.032640 
0.944333 -0.027278 -0.032640 
-0.798933 -0.078111 -0.025790 
0.565113 -0.712204 0.033475 
0.933964 0.072204 0.033475 
-0.954087 -0.012180 -0.032640 
0.909006 -0.318487 0.033475 
-0.693977 -0.410179 0.019009 
0.890246 0.192729 0.033475 
0.844453 -0.257657 -0.032640 
-0.913801 -0.132702 -0.032640 
-0.519537 0.835143 0.029541 
-0.176058 0.967604 0.003367 
-0.459236 0.682469 -0.040523 
0.721070 -0.435627 0.039756 
0.733943 -0.407077 0.040532 
-0.966825 0.190645 0.033475 
0.694581 0.653344 -0.032640 
-0.949306 -0.215530 -0.032640 
0.398372 -0.737110 -0.040639 
-0.973841 0.163992 0.011238 
-0.496016 -0.816056 -0.032640 
-0.210725 0.960325 0.029627 
0.027291 -0.978451 0.033475 
0.615776 -0.603550 -0.033733 
-0.041180 0.893784 0.033475 
-0.031354 0.882699 -0.032640 
-0.749974 0.547898 0.033475 
-0.749705 0.462209 0.033475 
0.883026 -0.103890 -0.032640 
-0.123717 -0.985098 0.033475 
0.915334 -0.345824 -0.032640 
0.447849 0.705164 -0.037763 
0.908891 0.393753 -0.005709 
-0.824826 -0.468098 -0.032640 
0.360939 -0.812670 -0.032640 
-0.401464 -0.801682 -0.032640 
-0.988225 0.022283 0.001709 
-0.900130 0.402202 -0.008473 
-0.127224 0.878516 -0.032640 
0.638894 0.627623 0.033475 
0.561225 0.611367 -0.039555 
0.140924 0.930759 0.033475 
-0.705148 0.524526 -0.032640 
0.988990 0.089748 0.029513 
-0.172850 -0.983497 0.000291 
-0.803076 0.489915 0.033475 
0.941435 0.310703 -0.002017 
0.470582 0.643883 -0.024583 
0.397931 0.732184 -0.038196 
-0.786853 0.425619 0.033475 
0.567791 -0.794506 -0.032640 
0.306821 -0.752809 0.023913 
-0.117169 0.976639 0.017825 
0.992886 -0.051767 0.008350 
-0.309795 -0.775092 -0.041032 
0.778228 -0.220574 0.045478 
0.812203 0.301656 -0.032640 
-0.906629 -0.322987 0.033475 
-0.882002 0.209953 -0.032640 
-0.890657 -0.163102 -0.032640 
0.772148 0.413647 0.033475 
-0.348042 0.742935 0.041884 
0.369711 -0.723573 -0.008719 
0.265490 0.829999 0.033475 
0.694515 0.395553 0.016159 
-0.974741 -0.173698 0.003630 
-0.910630 -0.393324 -0.004109 
0.895023 0.123380 0.033475 
0.880494 0.040700 0.033475 
0.887725 -0.358171 0.033475 
0.548447 -0.835171 -0.007827 
-0.958783 0.235480 0.003848 
-0.332180 -0.739246 -0.025748 
0.670293 0.573505 -0.032640 
-0.928575 0.064536 0.033475 
-0.970406 0.107620 0.033475 
0.174520 0.945156 0.033475 
-0.382551 -0.836788 0.033475 
-0.903200 0.323612 0.033475 
-0.969861 -0.042337 -0.032640 
-0.691402 0.683212 -0.032640 
0.610051 0.646538 -0.032640 
0.835714 0.413980 -0.032640 
-0.812929 0.016311 -0.044418 
0.073711 0.789923 0.013967 
-0.732135 0.315784 0.029545 
0.812842 -0.481915 -0.032640 
0.599013 0.527862 -0.018130 
-0.482115 -0.824367 0.033475 
0.408683 -0.880412 -0.032640 
0.750021 0.348206 0.042021 
-0.886168 -0.403638 -0.032640 
0.669163 0.684433 0.033475 
0.626092 0.498019 0.032576 
-0.625240 0.759817 0.004954 
-0.942241 -0.216294 0.033475 
0.822397 -0.284037 0.033475 
-0.436757 -0.721936 -0.038301 
-0.378630 0.819929 -0.032640 
-0.719777 -0.516532 -0.032640 
-0.861943 -0.343620 0.033475 
-0.276289 0.808688 0.033475 
0.245799 0.953626 0.023245 
-0.658952 -0.543773 -0.034770 
-0.529856 0.717303 0.033475 
0.186340 -0.846996 0.033475 
0.719511 -0.366535 0.007878 
-0.175710 0.776843 0.032379 
0.033115 -0.811975 -0.030195 
0.385544 0.791811 -0.032640 
-0.171428 -0.890509 -0.032640 
-0.583680 -0.807439 0.002134 
-0.532838 -0.634555 0.042973 
-0.790519 0.127251 -0.002908 
-0.779024 0.182845 0.029658 
0.212767 0.839105 0.033475 
-0.171126 0.937493 -0.032640 
0.340717 0.719550 -0.021235 
0.372467 0.912290 -0.019516 
-0.750719 0.444474 -0.032640 
0.852969 0.092791 -0.033406 
-0.147086 0.782927 0.012161 
0.708130 0.594016 -0.032640 
0.425833 0.673038 0.022618 
-0.640195 0.601526 0.033475 
0.643595 0.499719 -0.043977 
-0.755214 0.332721 -0.040427 
0.473352 -0.728163 -0.032640 
0.756712 0.265782 -0.019624 
-0.787350 0.145219 0.022914 
0.739556 0.653263 0.033475 
0.201096 -0.910870 -0.032640 
0.275513 -0.908643 0.033475 
-0.825677 -0.070051 -0.040482 
-0.251486 -0.845141 -0.032640 
0.807637 -0.096005 0.046868 
0.452174 -0.750197 0.033475 
0.736940 0.637520 -0.032640 
0.125928 -0.991679 -0.014673 
0.724174 0.337854 0.008837 
0.288053 0.802781 -0.032640 
-0.779953 -0.194503 -0.018902 
-0.680322 -0.726629 0.003954 
0.827623 0.081894 0.041423 
-0.632562 -0.751725 0.033475 
-0.941824 -0.140113 -0.032640 
0.972496 -0.212352 -0.002718 
0.981679 0.146734 0.016732 
0.882852 0.206401 -0.032640 
0.801613 -0.546369 0.033475 
-0.381746 0.906066 -0.000377 
0.624334 -0.534198 -0.044816 
0.831695 -0.085058 -0.039823 
0.828678 0.226383 -0.032811 
-0.477801 -0.774418 0.033475 
-0.913876 0.055860 -0.032640 
-0.921628 0.351541 -0.023634 
-0.587531 -0.554578 -0.002709 
-0.784263 -0.522402 -0.032640 
-0.478268 -0.874935 -0.017231 
-0.088765 0.979324 -0.002957 
-0.661501 -0.526820 0.037960 
-0.448510 0.766623 0.033475 
-0.261601 -0.793778 -0.040807 
0.805842 0.520586 -0.032640 
0.513290 0.685303 0.033475 
-0.769158 -0.608252 -0.032640 
0.900672 0.131898 -0.032640 
0.807424 0.157579 -0.042926 
0.711777 0.549587 -0.032640 
-0.238667 0.954079 0.026733 
0.804207 -0.003870 -0.014897 
0.116851 -0.802232 0.032671 
-0.853441 -0.402387 0.033475 
-0.341723 -0.846631 0.033475 
-0.559238 0.561287 0.004109 
-0.778378 0.594968 -0.032640 
0.886198 0.363868 0.033475 
-0.771988 -0.378098 0.033616 
-0.692273 -0.413129 -0.022038 
0.207078 0.767742 -0.019764 
0.869859 -0.488404 0.001724 
0.935772 0.035955 -0.032640 
0.454153 0.685915 0.042110 
-0.623081 0.495813 -0.022221 
0.329821 0.767346 -0.037501 
-0.309952 -0.749143 0.010382 
-0.458358 0.869944 -0.020763 
0.905061 -0.062226 -0.032640 
0.141106 -0.807050 -0.045774 
-0.728848 -0.403457 0.041008 
0.247241 0.896658 -0.032640 
0.437820 -0.684252 0.047963 
-0.643934 -0.747774 -0.032640 
0.957192 0.027781 0.033475 
-0.515679 0.601245 0.004505 
0.279937 -0.959320 -0.020426 
-0.291234 0.770031 -0.040239 
0.354332 0.828269 -0.032640 
-0.801005 0.032070 -0.023342 
0.781979 0.248326 0.044029 
-0.601596 -0.538957 0.016517 
0.784803 -0.184753 -0.020576 
-0.029887 0.834477 0.037995 
-0.156686 0.809623 0.040690 
-0.594059 -0.547329 -0.034655 
-0.163034 -0.958478 -0.032640 
-0.362668 -0.724604 -0.012610 
0.988687 -0.108343 0.005316 
-0.070903 -0.905076 0.033475 
0.465657 -0.663548 -0.014769 
0.246189 -0.823702 -0.034730 
-0.595676 0.697166 0.033475 
0.695312 -0.662760 -0.032640 
0.727001 -0.584884 0.033475 
0.890362 -0.389474 0.033475 
-0.777656 0.188331 -0.036730 
-0.287340 -0.955687 0.002525 
0.462981 0.803148 -0.032640 
-0.126670 0.907260 -0.032640 
0.333740 -0.764100 -0.041757 
0.653444 -0.481241 -0.028004 
0.267169 -0.933267 -0.032640 
0.244179 -0.796475 -0.041989 
-0.762905 -0.616818 0.033475 
0.834240 -0.196240 -0.034357 
-0.061666 0.981885 0.010279 
-0.460460 0.650270 0.023454 
0.225719 -0.955929 0.033475 
-0.667187 -0.598923 -0.032640 
0.980069 0.156900 -0.023423 
0.488145 -0.761218 0.033475 
0.544789 -0.784596 0.033475 
-0.612590 0.769629 0.032181 
-0.553040 -0.828581 -0.025140 
-0.125107 0.792154 -0.046054 
-0.604749 -0.681646 -0.032640 
-0.157641 0.783247 -0.046835 
0.280826 0.917632 -0.032640 
-0.833865 0.169690 0.034641 
-0.856280 -0.139364 0.033475 
0.735136 0.389424 -0.039709 
-0.799224 -0.577214 0.033475 
-0.509774 -0.672846 -0.038000 
-0.787269 0.422875 -0.032640 
-0.411334 -0.697664 -0.020090 
0.912578 -0.315024 -0.032640 
-0.274147 0.827814 -0.032640 
-0.759414 0.250486 -0.016492 
0.641821 0.532024 0.039631 
0.172493 -0.959681 0.033475 
-0.823535 -0.135656 0.039808 
-0.721117 0.670349 -0.006719 
-0.021993 -0.815926 0.047320 
-0.167939 -0.793881 -0.023577 
-0.022076 -0.884070 -0.032640 
0.102996 -0.831729 0.041388 
0.970266 0.000830 0.033475 
-0.871065 -0.074712 0.033475 
-0.800726 -0.589198 0.001567 
0.606297 -0.537074 0.034299 
0.784092 0.166336 0.012066 
-0.296669 0.736246 -0.016070 
0.939680 -0.095495 -0.032640 
0.779787 0.441734 0.033475 
-0.775491 0.308842 -0.037895 
-0.649842 -0.653013 -0.032640 
0.463103 0.870128 -0.008483 
0.105643 0.932814 -0.032640 
-0.061028 0.792009 0.027941 
0.723791 0.416078 0.039681 
-0.852664 0.330141 -0.032640 
0.621055 0.502875 -0.019277 
-0.843104 -0.047387 -0.036051 
0.966266 -0.240223 -0.004932 
-0.394412 -0.915971 -0.009297 
-0.769435 -0.235031 0.039432 
0.365879 -0.814165 0.033475 
-0.882066 -0.278664 0.033475 
0.267578 0.858435 0.033475 
0.634391 0.633350 -0.032640 
0.857336 -0.011422 0.034724 
-0.090604 -0.869416 -0.032640 
0.762469 -0.644620 0.001881 
0.441349 -0.715333 0.040727 
-0.729212 0.322269 -0.025766 
-0.317192 -0.940662 -0.032640 
-0.817209 -0.400478 0.033475 
0.408775 0.869038 0.033475 
0.866319 -0.106461 0.033475 
-0.263440 0.929419 -0.032640 
-0.806003 0.128138 0.044165 
-0.363527 -0.724146 0.016021 
0.796237 -0.601741 -0.021199 
-0.868655 0.465837 -0.029312 
0.796815 -0.426394 -0.032640 
-0.729291 -0.586399 -0.032640 
-0.202744 -0.952388 -0.032640 
-0.636660 0.480378 0.030780 
-0.857462 -0.120897 -0.032640 
-0.878182 -0.373501 -0.032640 
0.725674 0.670970 0.010834 
0.932080 0.336688 -0.013173 
-0.226893 -0.972097 -0.030117 
-0.908717 0.114851 0.033475 
0.394298 0.692134 0.024659 
-0.965969 -0.129520 0.033475 
0.585786 -0.755139 -0.032640 
0.915289 -0.394354 -0.030622 
-0.775792 -0.621517 0.001885 
-0.107365 -0.909594 0.033475 
0.356704 -0.872906 -0.032640 
0.683399 -0.546901 -0.032640 
0.293411 0.738195 0.011701 
-0.221522 -0.896900 -0.032640 
-0.071462 0.842175 -0.034304 
-0.652641 0.736121 -0.024757 
0.638863 0.728009 0.033475 
-0.708582 0.369137 -0.030202 
0.771948 0.617668 0.005071 
0.147513 0.972933 -0.027094 
0.000643 -0.872583 0.033475 
-0.826282 -0.491551 0.033475 
-0.400363 0.878592 -0.032640 
-0.221127 0.954266 -0.032640 
-0.984175 0.083837 0.033475 
0.734425 -0.676431 0.011491 
-0.725539 -0.366658 -0.045537 
-0.672778 0.427863 0.016524 
-0.224648 0.764032 -0.029721 
-0.828059 -0.043455 0.041022 
-0.613508 -0.678546 0.033475 
0.760925 -0.270415 -0.026696 
0.642419 -0.704676 0.033475 
0.827639 0.541721 0.002468 
-0.790072 -0.145170 -0.007720 
-0.470201 0.839584 0.033475 
-0.679243 0.613770 0.033475 
-0.412906 0.892582 0.010548 
0.413231 0.861913 -0.032640 
0.987424 0.106306 0.004289 
0.774177 -0.457442 0.033475 
0.843437 0.200215 -0.032640 
0.471372 0.727697 0.033475 
-0.947797 0.126366 -0.032640 
-0.509665 0.740897 -0.032640 
-0.374357 -0.890987 0.033475 
-0.528708 0.595222 0.038375 
-0.743072 0.600287 -0.032640 
0.361776 0.781975 0.033475 
0.888427 -0.452437 -0.008380 
0.736930 0.312503 -0.010249 
-0.803011 0.370083 0.033475 
0.773505 0.406640 -0.032640 
-0.200511 -0.918487 -0.032640 
0.140705 0.910713 -0.032640 
0.502962 0.618191 0.018248 
-0.676866 -0.707030 0.033475 
0.063172 -0.936920 0.033475 
0.821590 0.377983 -0.032640 
-0.432208 -0.694338 0.046122 
-0.124159 -0.845997 0.036564 
0.835967 -0.364718 0.033475 
-0.207180 0.961117 -0.000787 
0.015253 0.845901 -0.034116 
-0.653722 -0.516373 -0.040521 
-0.811967 0.406648 0.033475 
0.133678 0.897176 0.033475 
-0.868749 0.018131 0.033475 
-0.599825 0.771554 -0.032640 
-0.812998 0.194835 -0.037769 
0.172608 -0.823075 0.040619 
-0.872503 -0.218320 0.033475 
-0.786371 -0.166161 0.037521 
-0.507025 0.612088 -0.025540 
0.564689 -0.628290 -0.038602 
0.151005 -0.869970 0.033475 
-0.252574 -0.919735 0.033475 
-0.783108 -0.212927 0.046310 
0.381183 -0.789535 -0.032640 
-0.958437 -0.252412 0.007319 
0.847237 0.290899 0.033475 
-0.381259 -0.740702 -0.041307 
0.302970 0.787378 0.036041 
0.908512 -0.183505 0.033475 
-0.636420 0.480355 -0.042696 
-0.921544 0.276124 -0.032640 
-0.256276 0.934451 0.033475 
-0.836683 -0.075586 0.038173 
0.901663 0.216956 0.033475 
-0.903899 0.112646 -0.032640 
0.148500 -0.957229 -0.032640 
-0.818356 0.342836 -0.032640 
-0.860085 -0.419516 -0.032640 
-0.754582 -0.531064 0.033475 
0.387547 -0.714089 -0.032430 
-0.901048 -0.159221 0.033475 
0.644353 0.689857 -0.032640 
0.288027 -0.956970 0.022352 
-0.848725 0.002252 -0.034789 
0.227193 -0.809440 0.040710 
0.683595 0.713075 0.033176 
0.547773 0.820244 0.000497 
0.773030 0.216479 0.026611 
0.913107 0.159175 0.033475 
-0.032870 0.932196 -0.032640 
-0.898715 0.054854 0.033475 
-0.189278 0.939151 0.033475 
-0.773570 0.495089 -0.032640 
0.587724 0.755342 -0.032640 
-0.076324 0.902571 -0.032640 
0.555768 0.645864 0.034348 
-0.754299 0.333671 0.041381 
0.701657 -0.710398 -0.031687 
-0.907841 0.219283 -0.032640 
0.394466 -0.746889 0.039634 
-0.149527 0.968017 -0.032640 
-0.787768 -0.290080 -0.038131 
0.025193 -0.923268 -0.032640 
0.962418 0.241336 0.033269 
-0.891767 0.402045 0.033475 
-0.826739 0.535534 0.023781 
-0.742397 0.522403 0.033475 
-0.513867 0.782417 -0.032640 
0.795309 -0.129021 -0.019872 
-0.003077 0.814202 -0.042760 
0.789227 0.595392 -0.008969 
0.833761 -0.144168 0.038039 
0.080574 -0.813561 -0.046183 
0.969358 -0.189145 -0.032640 
0.982770 -0.155232 0.013540 
0.490193 0.836752 0.033475 
-0.928223 0.177726 -0.032640 
0.697080 0.699590 -0.017004 
0.680243 -0.437228 0.026459 
0.591610 0.624532 -0.032640 
0.245144 -0.969158 0.004894 
0.752907 0.509047 -0.032640 
-0.593693 0.592267 0.037142 
0.099811 0.966617 0.033475 
0.213202 -0.883158 0.033475 
-0.487904 0.813620 -0.032640 
0.938891 0.213723 0.033475 
0.021290 0.965776 -0.032640 
0.163878 -0.862504 -0.032640 
0.094045 0.979307 -0.015380 
-0.110036 -0.804230 0.028981 
-0.360397 0.744853 -0.039138 
0.769458 -0.602542 0.033475 
0.569689 0.805349 -0.028832 
0.432789 -0.803849 -0.032640 
0.975732 0.003654 -0.032640 
-0.086177 -0.843939 -0.037670 
-0.873501 0.281344 0.033475 
-0.491203 -0.643320 -0.009404 
0.325803 -0.944828 0.005771 
0.631690 0.725191 -0.032640 
-0.262777 0.751818 0.028258 
0.026910 -0.812148 0.026484 
-0.269987 -0.926963 -0.032640 
0.529958 0.596732 0.026478 
0.266404 0.889368 0.033475 
0.726204 -0.418040 -0.040097 
0.909293 -0.232391 -0.032640 
-0.481636 0.632424 0.020448 
-0.102452 -0.861323 0.033475 
0.442292 0.760242 -0.032640 
0.005141 0.925570 0.033475 
0.802359 -0.052076 0.016056 
0.818120 -0.240640 0.036503 
0.521575 -0.847765 0.033475 
0.692829 0.402465 -0.031191 
-0.946513 0.153570 -0.032640 
-0.968769 -0.174843 -0.032640 
-0.831874 -0.118025 -0.037467 
0.910888 -0.218945 0.033475 
-0.558822 0.778906 0.033475 
-0.240895 -0.774759 0.019947 
-0.919468 -0.236276 -0.032640 
-0.842853 0.236273 -0.032640 
-0.171799 -0.793060 0.034030 
0.146278 -0.921185 -0.032640 
0.271355 0.946428 0.013729 
-0.462942 0.866273 0.033475 
-0.560071 -0.582698 -0.010240 
0.806537 -0.041047 -0.047460 
0.446918 -0.699395 -0.042749 
0.302839 -0.885409 -0.032640 
0.462928 0.648574 0.022035 
-0.632279 -0.724388 -0.032640 
-0.775165 -0.213707 -0.035961 
0.717604 -0.694451 -0.007997 
-0.592775 0.560219 0.043454 
-0.404580 0.683604 0.026249 
-0.418028 0.755799 -0.032640 
-0.811221 0.216341 0.037672 
0.324366 0.887189 -0.032640 
0.236183 0.760651 -0.032237 
0.986427 -0.120287 -0.032640 
