-0.421930 -0.894884 0.001345 
0.417194 0.895431 0.120392 
0.898571 -0.422534 0.050055 
-0.890900 0.415772 -0.122709 
0.923005 0.344220 -0.122709 
-0.932063 -0.321506 0.102349 
0.340035 -0.931678 -0.112615 
-0.320459 0.927395 -0.122709 
-0.433885 0.468079 0.167735 
-0.003814 -0.644678 0.158811 
0.645896 0.005615 0.166348 
-0.491268 -0.412596 -0.134083 
0.091007 0.633614 -0.163200 
0.456828 -0.466878 -0.163032 
-0.637238 0.047815 0.084886 
0.465423 0.425563 0.062582 
0.632360 -0.741562 0.124492 
0.005903 0.929211 0.124492 
0.990602 -0.056021 -0.117710 
-0.721313 -0.662479 0.124492 
0.680627 0.718121 -0.116421 
-0.974000 0.000418 -0.122709 
-0.050913 -0.943249 -0.122709 
-0.653820 0.735648 -0.050807 
-0.301892 0.562181 -0.158330 
-0.349678 -0.539238 0.167107 
0.639701 -0.126215 -0.163407 
-0.206698 -0.619547 -0.161789 
-0.554095 0.316621 -0.150943 
0.572981 -0.349713 0.156961 
0.153624 -0.626894 -0.162360 
0.205927 0.620947 0.161980 
-0.129378 0.625835 0.165835 
-0.582400 -0.270557 0.166864 
0.608875 0.203384 -0.138073 
0.320367 -0.589150 0.157075 
-0.949532 0.213967 0.124492 
0.803568 0.511964 0.124492 
0.218272 0.954565 -0.122709 
0.929703 0.149836 0.124492 
-0.716182 -0.177672 -0.122923 
0.135823 -0.966827 0.124492 
-0.812224 -0.511145 -0.122709 
-0.410172 0.777282 0.124492 
-0.738243 0.494091 0.124492 
0.751254 -0.624544 -0.122709 
0.385149 0.659713 -0.122709 
-0.589202 -0.685931 -0.122709 
0.880409 -0.144210 0.124492 
-0.185383 -0.957431 0.124492 
0.580722 0.668957 0.124492 
-0.063074 0.863148 -0.122709 
-0.880695 -0.048459 0.124492 
0.690021 0.259185 0.127429 
-0.755165 0.140678 -0.122709 
0.373359 -0.843932 0.124492 
0.504448 -0.712994 -0.122709 
0.628037 0.462116 -0.122709 
-0.600668 0.287177 0.155805 
0.728696 -0.351928 -0.122709 
0.830651 0.118792 -0.122709 
-0.229025 0.958310 0.117388 
-0.939805 -0.256254 -0.122709 
0.442615 0.883039 -0.111578 
-0.644481 0.521531 -0.122709 
-0.256887 -0.739305 0.124492 
-0.488197 -0.705481 0.124492 
-0.748143 -0.437506 0.124492 
0.945971 -0.299137 -0.122709 
0.698037 -0.524676 0.124492 
0.144032 -0.839484 -0.122709 
0.827308 0.543661 -0.102126 
-0.241405 -0.828112 -0.122709 
-0.451670 0.709865 -0.122709 
-0.576087 0.642644 0.124492 
0.214464 0.963121 0.099321 
-0.109533 0.622256 -0.090655 
0.609701 -0.165261 0.046540 
-0.952066 0.213320 -0.122709 
-0.025817 -0.644319 -0.059441 
0.187779 -0.754879 0.124492 
-0.282223 0.557244 0.049824 
0.540624 -0.331104 -0.041007 
-0.541437 -0.502574 0.125148 
0.631198 0.035399 -0.035256 
-0.401280 -0.588731 -0.135378 
0.928046 0.347142 0.117627 
0.036075 0.623615 0.041601 
0.383641 0.692860 0.124492 
-0.026172 -0.847313 0.124492 
0.428607 -0.484310 0.035627 
0.435710 0.467190 -0.127059 
-0.455829 0.446905 -0.021427 
-0.578050 -0.275250 -0.033177 
-0.769944 -0.202213 0.124492 
-0.900083 0.398100 0.105254 
0.758796 -0.319112 0.124492 
-0.639031 -0.007984 -0.151956 
-0.245888 0.746769 -0.122709 
0.141702 0.793136 0.124492 
0.515493 -0.847839 0.004769 
0.295649 0.549123 0.015893 
0.318426 -0.703105 -0.122709 
-0.279405 -0.579027 0.000833 
0.237170 0.766381 -0.122709 
-0.776918 0.604000 -0.028175 
0.815658 -0.109221 -0.122709 
-0.609641 0.190221 -0.023729 
-0.487332 0.855524 -0.021379 
0.992061 -0.009595 0.056832 
-0.776512 0.155339 0.124492 
0.225896 -0.605238 0.000430 
0.563619 0.811852 -0.000949 
0.500742 -0.620122 0.124492 
-0.731229 0.338808 -0.122709 
0.065053 0.984444 -0.038898 
-0.152132 0.796263 0.124492 
0.974634 0.183474 -0.043261 
0.878581 -0.461902 -0.121274 
0.617463 0.497022 0.124492 
-0.973691 -0.150589 0.013657 
-0.704322 -0.353886 -0.122709 
-0.612618 -0.775323 0.022983 
-0.626645 -0.126658 0.039190 
0.554605 0.292835 -0.000754 
-0.441190 -0.772762 -0.122709 
0.732366 0.665296 0.044572 
0.738350 0.313033 -0.122709 
-0.644479 -0.525399 -0.122709 
0.546230 0.612003 -0.122709 
0.116946 -0.984424 -0.043588 
-0.810959 -0.035851 -0.122709 
0.625291 -0.515010 -0.122709 
-0.208190 -0.967820 -0.038320 
-0.430148 -0.476472 0.007015 
-0.983671 0.050224 0.043225 
0.975626 -0.182315 -0.011391 
-0.749361 -0.642977 -0.048627 
0.389389 0.532857 0.160129 
-0.039774 -0.989872 0.045558 
0.798886 0.052303 0.124492 
0.643851 -0.755427 -0.049889 
0.550274 0.334570 0.166806 
-0.133628 -0.629945 0.064461 
-0.121726 0.978381 -0.001144 
-0.569701 0.802989 0.119616 
-0.879833 -0.445784 0.016304 
0.246482 0.591587 -0.161699 
0.093753 0.836640 -0.122709 
0.749031 -0.651246 0.045595 
-0.091069 -0.786347 -0.122709 
-0.727941 0.662421 0.113635 
-0.357951 0.917869 0.032690 
0.337008 -0.551321 -0.113094 
-0.546076 0.330511 0.019891 
0.729853 -0.116362 0.127173 
0.270838 -0.953934 0.020801 
-0.578515 0.480876 0.124492 
-0.754369 0.344277 0.124492 
-0.332645 -0.931832 0.122638 
-0.463863 0.561539 -0.126568 
0.614665 0.149406 0.061252 
0.938334 -0.279750 0.124492 
0.540033 0.346436 -0.144635 
-0.733471 -0.055306 0.125690 
-0.263860 0.679005 0.128530 
-0.490662 -0.857825 0.124492 
-0.938026 0.299359 -0.008109 
0.338574 0.927351 0.004220 
0.086092 -0.639535 0.030829 
-0.854811 0.487812 0.000925 
0.606484 -0.280700 -0.156497 
-0.611060 0.185055 -0.165682 
0.832610 -0.540711 -0.012680 
-0.005602 0.734254 -0.124722 
0.884551 0.445334 0.026209 
0.552996 -0.489362 0.127617 
0.168245 -0.623473 0.167390 
-0.335607 -0.930765 -0.116741 
0.465722 -0.872205 -0.122709 
0.016749 0.730622 0.128028 
0.490843 0.749038 -0.122709 
0.162080 0.607560 -0.047393 
0.792319 0.370758 0.124492 
-0.518335 -0.377298 0.043869 
-0.439166 0.629267 0.124492 
0.710821 -0.010377 -0.137548 
-0.315025 -0.713292 -0.122709 
0.833673 -0.530121 0.124492 
0.292921 0.841047 0.124492 
-0.219486 -0.607291 0.166830 
-0.564259 -0.302783 -0.165031 
-0.811187 -0.561991 0.119379 
0.064695 -0.730666 -0.127344 
0.495085 -0.786418 0.124492 
-0.623077 0.153417 0.166364 
0.818726 0.224729 0.124492 
-0.913945 -0.120180 -0.122709 
-0.768608 0.467052 -0.122709 
-0.846793 -0.383283 -0.122709 
0.815704 -0.252100 -0.122709 
-0.881218 0.094623 -0.122709 
0.376885 -0.712070 0.124492 
-0.282586 0.815153 0.124492 
-0.574515 0.633159 -0.122709 
-0.190694 0.905051 -0.122709 
0.525559 0.815874 0.124492 
0.240742 -0.881356 0.124492 
0.979035 0.080567 -0.122709 
-0.900669 -0.197241 0.124492 
0.606007 -0.223097 0.162821 
-0.668661 -0.543851 0.124492 
0.707002 0.587555 -0.122709 
-0.498753 0.439997 -0.154176 
-0.564408 -0.811437 -0.105596 
0.401053 -0.907268 0.006673 
0.485165 -0.585914 -0.122709 
-0.153034 -0.829288 0.124492 
-0.111957 0.613233 0.036807 
0.212537 -0.954843 -0.122709 
-0.833895 0.260940 -0.122709 
-0.568215 0.803997 -0.114473 
-0.896081 0.091092 0.124492 
-0.382089 -0.772149 0.124492 
-0.356585 0.529527 -0.050651 
-0.526241 -0.565263 -0.122709 
-0.619474 -0.405514 0.124492 
0.433983 -0.513451 0.156522 
-0.038333 0.985066 -0.121096 
0.750891 0.442527 -0.122709 
-0.810443 -0.328395 0.124492 
-0.384721 0.813853 -0.122709 
0.105861 -0.846936 0.124492 
0.320025 0.880438 -0.122709 
-0.222472 0.587053 -0.057947 
-0.636983 0.050019 -0.036722 
0.290278 -0.821558 -0.122709 
0.547641 -0.387126 -0.155569 
0.637667 0.086199 -0.145903 
-0.620812 -0.154422 0.156626 
-0.349668 -0.652473 0.125268 
-0.336311 0.574091 0.156062 
0.930540 -0.176048 -0.122709 
0.086380 0.633940 0.162471 
-0.970554 0.165539 0.013465 
-0.518892 0.371713 0.133384 
0.245838 0.731001 0.124492 
0.634530 -0.661103 -0.122709 
-0.597601 -0.657516 0.124492 
-0.104027 0.980136 0.116809 
0.895120 -0.024486 0.124492 
0.938627 -0.322604 -0.006348 
-0.822203 -0.230432 -0.122709 
0.333545 -0.553380 0.024808 
-0.076685 -0.640368 -0.165774 
-0.086407 -0.723011 0.131130 
-0.725979 0.650750 -0.122709 
-0.121113 0.753166 -0.122709 
-0.815379 -0.555824 0.002572 
-0.937733 -0.305221 -0.016507 
-0.151059 -0.625866 -0.059254 
0.739200 -0.489397 -0.122709 
0.935269 0.327077 0.002958 
-0.690867 -0.287868 0.124492 
0.014211 0.630731 -0.075756 
0.501503 0.529903 0.129816 
0.727858 0.172886 -0.122709 
0.641176 0.752932 0.062049 
0.399340 0.483065 -0.013216 
-0.856728 0.283257 0.124492 
0.722001 0.148038 0.127722 
-0.628650 -0.116325 -0.075972 
0.344293 0.535203 -0.107306 
-0.188683 -0.725877 -0.122709 
0.606282 -0.197391 -0.077841 
-0.253761 0.952021 -0.000136 
-0.387012 0.508022 0.057203 
0.061313 -0.733082 0.128227 
-0.452929 -0.573804 0.128832 
-0.333658 0.674595 -0.122709 
0.694296 0.580716 0.124492 
0.704005 -0.230916 -0.124598 
0.661822 -0.631429 0.124492 
-0.496037 -0.406549 0.162719 
0.385036 0.787248 -0.122709 
0.572393 -0.270390 0.056737 
-0.609913 -0.194083 -0.154375 
0.026901 -0.835902 -0.122709 
-0.796779 0.578341 0.078782 
0.880049 0.241102 -0.122709 
0.849724 -0.002976 -0.122709 
0.594179 0.790171 -0.116532 
0.441105 0.883809 0.004509 
0.561863 -0.817898 -0.108520 
0.961452 0.242451 0.071802 
0.652315 -0.419870 0.124492 
-0.792595 0.045789 0.124492 
-0.886398 -0.424078 0.124492 
0.684424 0.409111 0.124492 
0.987002 0.094923 0.021326 
-0.446457 -0.882387 -0.115161 
-0.047069 0.828731 0.124492 
0.823330 0.549513 0.023053 
0.512608 -0.388761 0.073827 
0.981764 -0.101918 0.124492 
0.215002 0.963001 -0.010421 
0.871284 0.440780 -0.122709 
0.028315 -0.945998 0.124492 
-0.692532 0.235106 0.127007 
0.406826 -0.767539 -0.122709 
-0.314600 -0.938328 0.015041 
-0.983510 -0.060188 0.089486 
0.486687 -0.425546 -0.037164 
0.500398 0.385167 -0.051162 
0.211411 -0.720951 -0.122709 
-0.654916 0.386680 0.124492 
0.624919 -0.067782 0.002566 
0.099684 0.981204 0.114126 
-0.293186 -0.572205 -0.118689 
-0.694677 -0.701961 0.022332 
-0.525724 -0.837672 0.019110 
-0.211622 0.626943 -0.156012 
-0.666950 0.576114 0.124492 
-0.638416 -0.024017 0.163135 
-0.464105 0.868543 0.122011 
0.860812 -0.352018 0.124492 
0.054605 -0.951847 -0.122709 
-0.596573 -0.231759 0.061026 
0.614814 0.192380 0.158885 
0.114154 0.733286 -0.122709 
0.770544 0.621189 -0.045857 
0.089279 -0.639042 -0.079993 
-0.653164 0.736227 0.110237 
-0.978843 0.107605 -0.073673 
-0.168002 -0.920186 -0.122709 
-0.268060 -0.849191 0.124492 
0.782834 -0.422017 0.124492 
0.497352 0.427462 0.162318 
-0.699142 -0.696873 -0.122709 
-0.629714 0.382907 -0.122709 
-0.027088 0.985420 0.043279 
-0.589911 -0.778200 0.124492 
-0.984045 -0.043177 -0.013118 
0.793508 -0.200940 0.124492 
-0.616064 -0.408469 -0.122996 
0.858042 -0.354089 -0.122709 
-0.106447 -0.984759 -0.037597 
0.115272 0.949337 -0.122709 
0.451456 0.568917 -0.129391 
0.278717 -0.681382 0.128210 
0.485246 0.631646 0.124492 
0.164804 0.604803 0.054832 
0.633540 -0.085792 0.111434 
-0.691412 0.244843 -0.124341 
-0.014856 -0.644678 0.044919 
-0.361429 -0.530973 0.058885 
-0.496401 0.723652 0.124492 
0.599155 0.199777 -0.037058 
-0.785246 0.568424 -0.122709 
-0.087169 0.712012 0.133739 
-0.487854 -0.683268 -0.122709 
0.408206 -0.501135 -0.062460 
-0.926817 0.321661 -0.122709 
-0.584049 0.792631 0.020456 
-0.838297 0.485227 0.124492 
-0.078764 -0.942028 0.124492 
-0.202015 0.597177 0.094428 
0.466161 -0.875894 0.092308 
-0.343247 -0.831923 -0.122709 
0.637411 0.355021 -0.128688 
0.653363 -0.416054 -0.122709 
-0.717567 -0.067543 -0.130311 
0.409960 0.796909 0.124492 
0.289486 -0.792019 0.124492 
0.701583 -0.235983 0.126687 
-0.433165 -0.473569 0.127649 
-0.428378 -0.497420 -0.159728 
0.297701 0.560473 0.113363 
-0.714470 0.677318 -0.000367 
0.319419 0.934248 0.109592 
-0.897789 0.403402 -0.025906 
0.635616 0.038320 0.062333 
-0.385573 0.509138 -0.152354 
0.191971 0.860506 -0.122709 
0.257867 -0.631553 -0.150036 
-0.023015 0.641292 -0.165274 
0.962765 0.054231 0.124492 
0.527618 0.499058 -0.129626 
-0.632500 0.088854 -0.150390 
0.344805 -0.929959 0.090011 
-0.478964 0.840975 -0.122709 
0.286184 0.672773 -0.126695 
0.018077 -0.644678 -0.146443 
-0.723847 -0.470570 -0.122709 
0.588663 -0.799302 0.060984 
-0.525534 0.362233 -0.071079 
-0.009757 0.639014 0.161471 
-0.281374 -0.578052 0.099194 
0.079605 0.867459 0.124492 
-0.576717 0.273373 -0.068311 
0.726072 -0.677286 -0.046694 
-0.371534 -0.523864 -0.052039 
-0.585859 0.252979 0.067611 
-0.720074 -0.590092 -0.122709 
0.059805 -0.989462 0.032724 
0.580252 0.262586 0.104203 
-0.371039 0.897714 0.124492 
0.732648 -0.015373 0.129686 
0.869829 0.425171 0.124492 
-0.530073 -0.360075 -0.048363 
0.491877 -0.428098 0.165322 
0.784052 0.603775 0.106662 
0.171047 -0.976524 0.037512 
-0.810847 -0.136915 -0.122709 
0.991755 0.014496 -0.033980 
-0.740095 0.047961 -0.122709 
0.396594 -0.622771 -0.125812 
-0.523691 0.565430 0.124492 
0.972433 -0.198169 0.094914 
-0.126998 -0.645287 0.161853 
-0.832740 -0.128024 0.124492 
-0.418270 0.891897 -0.074436 
0.501145 0.723011 0.124492 
0.693132 0.705616 0.121419 
-0.287600 0.828646 -0.122709 
0.521678 0.839330 -0.089322 
-0.766198 -0.622672 0.041619 
-0.646326 -0.747107 -0.057417 
-0.708369 0.095123 0.134459 
0.755179 -0.595905 0.124492 
0.202350 0.876283 0.124492 
0.989532 -0.073000 -0.008700 
-0.465613 0.436531 0.068386 
0.652708 -0.312647 0.134033 
-0.908656 -0.383141 -0.056190 
0.902576 -0.076362 -0.122709 
-0.637810 -0.039840 0.062830 
-0.688920 -0.263848 -0.123317 
0.818010 -0.079029 0.124492 
0.178326 0.652385 -0.150618 
-0.958739 -0.228299 0.056855 
0.638112 0.095363 0.162829 
-0.635266 -0.100757 -0.164400 
0.907884 -0.401011 -0.062016 
-0.138093 0.975789 -0.106143 
0.647623 0.747248 -0.027051 
-0.187168 0.879713 0.124492 
0.413770 -0.601178 0.131253 
0.733503 -0.144111 -0.122709 
0.261494 0.575498 -0.075295 
-0.555444 0.516858 -0.122709 
-0.557657 -0.475381 -0.125987 
0.822247 0.366758 -0.122709 
0.952053 0.275038 -0.066580 
-0.347296 0.707953 0.124492 
0.362869 0.514532 0.061521 
-0.609879 -0.194207 -0.017558 
0.560109 -0.691366 0.124492 
0.085337 -0.639651 0.142885 
-0.868275 0.180482 0.124492 
0.544404 -0.482108 -0.130716 
0.574757 0.272012 -0.083252 
0.170127 -0.623032 0.080002 
0.632971 -0.080820 -0.089163 
0.571667 -0.597336 -0.122709 
-0.377473 0.600296 -0.135051 
-0.975078 -0.141830 0.118510 
0.689636 -0.713963 0.035042 
0.809680 -0.540199 -0.122709 
-0.849615 0.496597 -0.113986 
0.266160 -0.589009 -0.074559 
-0.397434 -0.857233 0.124492 
0.364828 -0.533477 0.108268 
0.220992 -0.966514 0.111083 
0.582855 -0.594586 0.124492 
-0.781470 -0.316142 -0.122709 
-0.590101 0.721365 -0.122709 
0.165280 0.692121 0.136797 
0.530168 0.343137 0.064154 
0.476838 0.662233 -0.122709 
-0.169539 -0.975660 0.037687 
0.179512 -0.620364 -0.081129 
-0.252174 -0.957335 0.070032 
0.293754 0.641415 0.139842 
0.594452 0.682279 -0.122709 
-0.859037 -0.485517 -0.056056 
0.273083 -0.585604 0.086454 
-0.961033 -0.218035 -0.036431 
-0.550658 -0.327795 0.112736 
-0.934195 0.310729 0.103134 
-0.668411 -0.727636 0.113244 
-0.972861 0.126640 0.124492 
0.590286 0.417488 0.133163 
-0.249302 0.596781 0.164255 
0.000201 -0.991129 -0.071767 
0.619105 0.569999 -0.122709 
0.134714 0.977426 0.009903 
0.780705 0.051253 -0.122709 
-0.637233 -0.052714 -0.021920 
0.874959 -0.469009 -0.022528 
-0.962461 0.013036 0.124492 
-0.436169 -0.470678 -0.080833 
0.806372 -0.579318 0.056513 
0.682195 0.251847 -0.130020 
0.797310 0.218945 -0.122709 
0.628666 0.328578 0.139245 
0.464502 -0.708974 0.124492 
-0.166598 -0.744082 0.124492 
0.581898 -0.804281 -0.023919 
-0.625747 0.126443 -0.076646 
-0.253331 -0.922272 -0.122709 
-0.852973 -0.495771 0.092276 
-0.017274 -0.741803 -0.123359 
0.605480 -0.746946 -0.122709 
-0.626863 0.120688 0.047442 
-0.037269 0.621274 0.002727 
0.623408 0.124076 -0.074033 
0.917547 0.135468 -0.122709 
-0.703022 -0.131276 0.134641 
0.601249 0.589236 0.124492 
0.810221 0.142919 0.124492 
0.433658 0.468796 0.130745 
0.327129 0.752299 0.124492 
-0.640419 0.060508 0.165741 
-0.851564 0.180967 -0.122709 
0.016766 0.879551 -0.122709 
0.303224 0.939674 -0.069311 
0.778651 -0.615591 -0.038302 
-0.166727 0.694491 0.134981 
0.903946 0.405257 -0.041846 
0.862284 0.299925 0.124492 
-0.562647 -0.584277 0.124492 
-0.480505 -0.424673 -0.029811 
0.859761 0.491211 -0.050059 
0.408585 0.604989 0.129416 
-0.176201 0.825668 -0.122709 
-0.849407 0.344110 -0.122709 
-0.418841 0.553577 0.143229 
0.579387 -0.252804 -0.026141 
0.221684 0.583171 0.000752 
-0.633435 -0.604976 -0.122709 
-0.891277 -0.035084 -0.122709 
0.706139 0.692608 -0.033200 
-0.062607 0.628211 0.098200 
-0.186846 0.967739 0.043675 
-0.978167 -0.119600 -0.075412 
0.714903 -0.688697 0.108676 
-0.224946 0.760184 0.124492 
-0.684568 -0.208632 0.134558 
0.598816 0.289389 -0.157027 
-0.205661 -0.609885 -0.003728 
-0.064597 -0.861113 -0.122709 
-0.154760 -0.833518 -0.122709 
-0.506574 -0.848997 -0.056660 
-0.821798 0.541526 -0.055311 
-0.031461 0.985282 -0.042450 
-0.109301 0.891122 0.124492 
-0.912749 -0.373684 0.046731 
-0.698535 0.431393 -0.122709 
0.689787 -0.575565 -0.122709 
0.709789 -0.693810 -0.121764 
0.834249 -0.278338 0.124492 
-0.671771 0.706993 -0.122709 
-0.207496 -0.609306 0.089700 
0.928553 0.021116 -0.122709 
0.556643 0.422571 -0.141715 
-0.275874 -0.647477 -0.139393 
0.037748 0.969169 -0.122709 
-0.489639 0.634758 -0.122709 
0.876596 -0.465798 0.117322 
0.231993 -0.872858 -0.122709 
0.625794 -0.205621 -0.160698 
-0.125117 0.675101 -0.145312 
0.774303 0.288330 0.124492 
-0.764230 0.264612 0.124492 
0.651975 -0.144709 0.158344 
-0.768468 0.219364 -0.122709 
-0.611534 0.183335 0.090441 
-0.676146 -0.465978 0.124492 
0.580583 0.746345 0.124492 
0.748438 0.519863 -0.122709 
-0.817174 0.041507 -0.122709 
-0.960135 0.217199 -0.045994 
-0.106638 -0.704933 -0.135969 
0.246531 -0.610642 0.162193 
0.206502 -0.969753 -0.030533 
-0.736887 -0.361345 0.124492 
0.306155 0.800534 -0.122709 
0.080854 0.621215 -0.038574 
0.090590 0.710497 0.134587 
-0.467629 -0.439121 0.068283 
0.709831 0.481481 0.124492 
0.377171 0.912751 -0.060310 
0.951586 0.203899 -0.122709 
-0.651051 0.657258 0.124492 
0.516708 0.842269 0.053408 
-0.379215 -0.913706 0.061726 
-0.216433 0.582123 0.020577 
0.233411 0.586507 0.082159 
0.729999 0.659706 -0.122709 
0.984543 -0.125786 -0.062742 
-0.196192 -0.674855 0.141859 
-0.427130 0.887382 0.030920 
-0.433381 -0.653393 0.124492 
-0.231290 0.957803 -0.071960 
-0.630724 -0.331635 0.136140 
-0.784567 0.391900 -0.122709 
-0.955213 0.239221 0.033490 
0.796974 -0.397730 -0.122709 
0.396411 -0.510863 -0.156695 
0.136750 -0.750391 -0.122709 
0.966216 -0.225984 -0.071420 
0.673343 -0.301703 -0.126079 
0.641064 0.009877 -0.119802 
-0.925665 -0.339275 -0.114296 
-0.281713 -0.948753 -0.058818 
-0.394613 -0.662023 -0.122709 
-0.113085 -0.984131 -0.117493 
0.428408 -0.895130 -0.061541 
0.319776 0.597801 -0.150113 
-0.867134 -0.263570 0.124492 
0.467904 -0.446622 0.086850 
-0.700202 0.581122 -0.122709 
-0.664798 0.309511 0.126211 
0.421050 -0.784625 0.124492 
0.872787 0.057023 0.124492 
0.137665 0.913308 0.124492 
-0.019938 -0.773644 0.124492 
0.854857 0.499502 0.067403 
0.913834 0.382409 0.054299 
-0.869243 -0.455718 -0.122709 
-0.809354 -0.564690 -0.072251 
-0.726030 0.421485 0.124492 
-0.512465 -0.755156 -0.122709 
0.893100 -0.239167 -0.122709 
0.925946 -0.357829 0.091199 
-0.072627 -0.640540 0.000016 
-0.506924 -0.786670 0.124492 
0.982508 -0.138863 0.046693 
0.101156 0.621612 0.086059 
-0.356438 0.743790 -0.122709 
-0.316269 0.932876 -0.032237 
0.760399 -0.061904 -0.122709 
0.270873 0.949072 0.033978 
0.573937 -0.420236 0.139460 
0.138382 -0.630461 -0.018684 
-0.596070 0.560101 0.124492 
-0.699226 0.008895 0.141293 
0.023829 0.813522 0.124492 
0.842675 -0.184795 -0.122709 
0.421647 -0.696673 -0.122709 
0.043404 -0.810525 0.124492 
0.338190 0.722826 -0.122709 
-0.886283 0.428272 0.040838 
-0.261228 0.672313 -0.129881 
-0.569681 0.446438 -0.128522 
0.178734 -0.826288 0.124492 
0.476719 -0.784512 -0.122709 
-0.573728 0.731356 0.124492 
0.655291 -0.049375 -0.161175 
0.620708 0.101620 -0.005845 
-0.470956 -0.869904 0.052480 
-0.364455 -0.528844 -0.149740 
-0.662334 0.310425 -0.125216 
-0.051518 0.792391 -0.122709 
0.140934 -0.953032 -0.122709 
0.731288 0.075266 0.128540 
0.389043 0.907613 0.055807 
-0.478903 0.796849 0.124492 
0.810288 0.289210 -0.122709 
-0.809862 -0.060345 0.124492 
0.167642 0.972210 -0.075546 
-0.313530 0.933862 0.102539 
-0.498437 0.848958 0.048771 
-0.602330 0.210877 -0.091482 
0.456054 0.811025 -0.122709 
0.337292 -0.932664 -0.011762 
0.984284 0.122798 0.087959 
-0.745801 -0.534908 0.124492 
0.346693 0.524339 -0.036641 
-0.569906 -0.292398 0.036188 
-0.299923 0.556462 -0.083319 
-0.216166 -0.606354 -0.092955 
0.984172 -0.028586 0.124492 
-0.812164 0.384899 0.124492 
0.272208 -0.953536 -0.050247 
-0.556377 -0.434193 0.139422 
0.716914 0.380987 -0.122709 
-0.521509 0.702243 -0.122709 
-0.365656 -0.761972 -0.122709 
0.624312 -0.353382 -0.135120 
0.718630 -0.450359 0.124492 
-0.145355 0.608478 -0.032084 
-0.955850 -0.188168 -0.122709 
-0.464728 -0.617294 -0.122709 
0.973887 0.186818 0.031333 
0.514300 -0.379743 -0.094591 
-0.494882 0.435259 0.158594 
0.061755 0.984548 0.030778 
0.406799 -0.904782 0.118484 
0.725433 0.093303 -0.128449 
0.209112 -0.689447 0.135058 
0.587040 0.795709 0.071069 
-0.429740 0.472013 -0.080835 
-0.509417 0.384145 0.055136 
-0.351772 0.822195 0.124492 
-0.627959 -0.312549 -0.139236 
-0.035259 0.985163 0.124099 
-0.063163 -0.641452 0.094225 
0.986591 0.099269 -0.056618 
0.629729 -0.514293 0.124492 
-0.388186 -0.909824 -0.077160 
0.957941 -0.259622 0.013933 
0.809786 -0.465799 -0.122709 
-0.580578 0.264760 -0.000133 
-0.587690 0.248896 -0.155116 
-0.984218 0.032814 -0.063014 
0.222192 0.810528 0.124492 
0.531559 -0.338521 0.031183 
0.723839 -0.420282 -0.122709 
0.861324 -0.210561 0.124492 
0.398233 -0.892235 -0.122709 
-0.553449 0.317810 0.109765 
0.672181 0.514062 -0.122709 
-0.588867 -0.251122 -0.096004 
-0.565239 -0.810873 0.070030 
-0.632046 -0.097638 0.120701 
-0.955407 -0.243203 0.123194 
0.086126 -0.671111 -0.152198 
-0.667532 0.153044 -0.145557 
-0.529081 -0.651221 0.124492 
-0.599244 0.219471 0.150823 
0.779803 0.609253 0.020336 
0.102075 -0.897504 -0.122709 
0.477663 0.865181 0.116424 
0.633231 -0.033471 0.068461 
-0.335510 0.641562 0.130427 
0.559141 -0.808183 0.124492 
-0.283321 -0.661955 0.134105 
0.654944 0.630458 -0.122709 
-0.237057 -0.909059 0.124492 
0.314584 -0.876921 0.124492 
0.343154 -0.646566 0.130232 
0.484579 -0.554868 0.128395 
0.710097 0.346938 0.124492 
0.039436 -0.643808 0.084504 
-0.584452 0.383425 0.141084 
-0.874182 -0.349000 0.124492 
0.486870 0.411858 -0.111019 
0.514522 -0.848413 -0.072399 
-0.477439 0.519151 0.138331 
0.202330 0.708817 -0.123947 
-0.159547 -0.665036 -0.148452 
-0.194150 0.687233 -0.133228 
0.572806 -0.686468 -0.122709 
-0.544664 -0.337542 -0.111562 
-0.337817 0.539092 0.089842 
-0.819799 0.227743 0.124492 
0.591835 0.210067 0.028374 
-0.515875 0.375672 -0.151476 
-0.658726 -0.631046 0.124492 
-0.672025 0.509731 0.124492 
0.025175 0.985698 0.095067 
0.580724 -0.272391 0.126090 
0.356312 0.860992 0.124492 
0.738568 0.212266 0.124492 
0.478572 -0.434652 -0.105408 
0.627224 0.257331 0.153140 
0.030624 0.632256 0.109248 
-0.670013 0.721373 0.021649 
-0.502704 -0.828483 -0.122709 
-0.913991 -0.116866 0.124492 
0.048492 -0.643113 -0.027974 
-0.637512 0.612779 -0.122709 
0.047279 -0.877741 0.124492 
-0.637777 0.035843 -0.101365 
0.143851 -0.683912 0.144305 
-0.775909 -0.272106 0.124492 
-0.390141 -0.591606 0.138826 
0.691909 -0.367042 0.124492 
0.541492 0.327506 -0.055346 
0.501323 0.851367 -0.010042 
-0.786367 -0.409260 -0.122709 
0.390124 0.550742 -0.151822 
-0.827571 0.533033 0.040116 
-0.130729 -0.901765 0.124492 
-0.298457 -0.583160 0.162464 
-0.885560 -0.179467 -0.122709 
0.192895 -0.784572 -0.122709 
-0.627984 0.114903 0.113348 
-0.750724 -0.242056 -0.122709 
0.126195 0.622040 -0.109138 
0.342434 -0.548095 -0.039899 
-0.920559 0.348604 -0.053504 
-0.606740 -0.506514 0.124492 
-0.339910 0.538563 0.023617 
-0.977942 0.117134 0.060001 
-0.305300 -0.795495 0.124492 
0.764057 -0.531299 0.124492 
0.576278 -0.274875 -0.087404 
-0.614767 -0.773654 -0.122509 
0.058073 0.703506 -0.137333 
-0.763617 0.621147 0.033246 
-0.049317 0.627137 -0.061876 
-0.827704 0.100474 0.124492 
-0.872214 0.455887 -0.054375 
-0.550464 -0.388062 -0.151831 
0.686478 0.712268 0.039794 
0.438020 0.455682 -0.063360 
0.662652 0.169217 -0.149128 
-0.769090 -0.116685 0.124492 
0.333253 -0.628234 -0.137470 
0.250212 0.888535 -0.122709 
-0.103957 -0.984994 0.039818 
-0.824277 -0.441758 0.124492 
-0.918674 0.042111 -0.122709 
0.436429 0.712311 -0.122709 
0.266179 0.589320 0.165648 
-0.333299 -0.861345 0.124492 
-0.679604 -0.417933 -0.122709 
0.035605 0.783446 -0.122709 
0.642686 -0.756452 0.024460 
-0.768578 -0.619603 0.118065 
-0.248979 0.896789 0.124492 
0.520510 -0.844871 0.078442 
0.460121 -0.878972 -0.003751 
-0.433594 0.711080 0.124492 
-0.689255 0.156125 0.137863 
0.463470 0.422911 -0.014611 
-0.110774 0.920411 -0.122709 
0.956640 0.259248 -0.004799 
0.609864 -0.164172 -0.023352 
0.778379 0.579261 -0.122709 
-0.925471 0.334961 0.044786 
0.517238 0.353453 0.001518 
-0.418856 0.481760 0.105720 
-0.851020 -0.319725 -0.122709 
-0.487120 0.412399 -0.098020 
0.671745 -0.060595 0.155434 
-0.786257 0.307266 -0.122709 
0.707139 0.643903 0.124492 
0.270699 -0.744713 -0.122709 
0.640268 -0.027983 -0.044122 
0.281974 -0.950700 0.116058 
-0.028584 -0.980295 0.124492 
0.913780 -0.384791 -0.122709 
-0.569900 0.802853 -0.040150 
-0.638683 0.451227 -0.122709 
0.850072 -0.512445 0.066271 
0.034085 0.636369 -0.136323 
0.812136 -0.009276 0.124492 
0.161302 -0.886808 0.124492 
0.607864 -0.196310 0.101265 
0.918951 0.272529 0.124492 
-0.706433 0.511052 -0.122709 
-0.577307 -0.802670 -0.021202 
-0.958781 0.150937 -0.122709 
0.004622 -0.991196 0.001273 
-0.032926 -0.682055 -0.149188 
0.981238 0.142036 -0.111172 
0.744058 0.428026 0.124492 
0.933758 -0.336128 -0.067163 
0.390514 0.499596 -0.084926 
0.289295 -0.577577 -0.148357 
0.381831 0.871403 -0.122709 
-0.513836 0.647203 0.124492 
0.020614 -0.990693 0.081147 
-0.847670 0.004324 0.124492 
-0.491087 0.506512 -0.136559 
-0.982643 0.067408 0.102774 
-0.614778 -0.215754 0.162671 
-0.370345 0.519849 0.161561 
0.555618 -0.326822 -0.144398 
0.844963 0.058629 -0.122709 
-0.611294 -0.189057 0.106408 
0.521909 0.368287 0.123576 
-0.029071 -0.702880 0.141910 
0.109323 -0.771671 0.124492 
0.283669 -0.580362 0.000521 
-0.519425 0.836545 -0.076389 
-0.786051 0.440759 0.124492 
0.113151 0.610275 0.012763 
-0.559786 -0.706018 0.124492 
0.481093 -0.431822 0.028775 
-0.751775 -0.120320 -0.122709 
-0.396775 0.682458 -0.122709 
-0.306734 0.876196 0.124492 
-0.379806 -0.518046 0.115922 
-0.084147 0.634398 -0.165758 
-0.096219 -0.636895 -0.107819 
-0.504288 -0.509130 -0.133313 
0.341023 -0.855715 -0.122709 
-0.713606 0.678182 -0.061494 
-0.087139 -0.850629 0.124492 
-0.737496 0.555139 0.124492 
-0.446309 -0.792865 0.124492 
0.777519 -0.204634 -0.122709 
0.634217 0.064641 -0.089036 
0.334377 0.589780 0.152061 
0.115371 -0.984574 0.060578 
-0.692566 -0.122289 -0.138108 
-0.269383 0.886529 -0.122709 
-0.980746 -0.092322 0.028936 
0.439754 0.715698 0.124492 
0.756185 -0.297962 -0.122709 
0.797348 -0.591487 -0.090610 
0.184837 0.607587 -0.107019 
0.522605 -0.380827 0.143600 
0.932732 0.334126 -0.063958 
0.801749 -0.364500 0.124492 
0.524593 0.585864 0.124492 
-0.783815 -0.599960 -0.113978 
-0.939799 -0.298111 0.043290 
-0.428682 0.631395 -0.122709 
0.507175 0.397105 -0.165734 
0.510482 0.556345 -0.122709 
-0.248840 -0.727893 -0.122709 
0.064813 0.769479 0.124492 
0.560082 0.517271 0.124492 
-0.625564 -0.253564 -0.150649 
-0.115761 -0.776112 0.124492 
0.538178 0.703196 -0.122709 
-0.507631 -0.391338 0.101224 
-0.158590 -0.977394 -0.070717 
-0.848646 -0.503087 0.000351 
-0.335139 -0.735238 0.124492 
-0.083229 0.982101 -0.071939 
0.632500 -0.592164 -0.122709 
0.281335 -0.934199 -0.122709 
-0.420197 0.479750 0.013251 
0.796246 -0.480011 0.124492 
0.851438 -0.412371 0.124492 
-0.688468 0.703319 0.075461 
0.381968 -0.521421 0.037928 
-0.241697 0.585576 -0.114202 
-0.982446 0.069482 -0.016248 
0.022248 -0.895152 -0.122709 
-0.296991 0.739590 0.124492 
0.361011 -0.536991 0.167458 
-0.532224 -0.356754 0.161213 
-0.313142 0.621862 -0.140683 
-0.148106 -0.769889 -0.122709 
-0.682751 -0.385701 0.124492 
0.952020 -0.280004 -0.051399 
0.519537 -0.535302 -0.122709 
0.938207 0.318917 0.061578 
-0.416299 -0.717093 -0.122709 
-0.436607 0.767029 -0.122709 
-0.023655 0.773457 0.124492 
-0.636551 -0.058617 -0.085276 
-0.858097 -0.083802 -0.122709 
0.868674 0.321454 -0.122709 
0.448044 -0.543834 -0.140598 
0.670131 -0.476856 -0.122709 
-0.681814 -0.077798 0.147110 
-0.551634 0.321147 -0.038066 
0.722947 -0.181243 0.124492 
-0.635961 0.058875 0.027192 
-0.784269 -0.599374 -0.030439 
-0.326578 -0.617890 -0.141385 
-0.630621 0.756101 0.047965 
0.870234 0.170263 -0.122709 
-0.717144 -0.008867 -0.131764 
0.171436 0.610844 0.115616 
0.600971 0.208499 0.095111 
0.158729 0.973622 0.084578 
0.489826 -0.484387 0.149358 
-0.575771 0.574677 -0.122709 
-0.778936 -0.190832 -0.122709 
0.923572 -0.096632 0.124492 
-0.651153 -0.742853 0.052537 
0.460626 0.578699 0.125284 
-0.119147 0.838076 -0.122709 
-0.823945 0.444928 -0.122709 
-0.445234 -0.550451 -0.137185 
0.636590 0.685462 0.124492 
-0.793905 -0.502092 0.124492 
0.071978 0.897954 -0.122709 
0.634195 0.073304 0.109124 
-0.232183 0.809847 -0.122709 
-0.264602 -0.586357 -0.067717 
0.860302 0.172453 0.124492 
-0.354754 -0.923872 -0.031776 
-0.303940 0.937314 0.041461 
-0.883350 -0.269334 -0.122709 
-0.890884 0.250512 -0.122709 
-0.863782 0.357281 0.124492 
-0.244084 0.954833 0.056892 
-0.437421 0.484489 -0.159682 
0.084676 -0.838596 -0.122709 
-0.604602 0.776686 -0.078764 
-0.799802 -0.385234 0.124492 
-0.061094 -0.650797 0.163780 
-0.089461 0.769026 0.124492 
-0.110815 -0.911932 -0.122709 
0.806100 0.454249 0.124492 
-0.985249 -0.004867 0.060516 
0.475139 -0.642790 -0.122709 
0.951441 0.261712 -0.122709 
-0.130047 -0.973745 0.124492 
-0.800024 -0.578418 0.056624 
0.263548 -0.685916 -0.127132 
-0.551008 0.322300 0.167195 
-0.141664 -0.628063 -0.002560 
0.688332 0.430832 -0.122709 
0.818987 0.555906 -0.033816 
0.164087 -0.679669 -0.142420 
0.531891 0.793852 -0.122709 
-0.983576 -0.058111 -0.068465 
-0.800147 0.309285 0.124492 
0.302484 -0.736196 0.124492 
-0.310629 -0.879553 -0.122709 
0.619938 0.733584 -0.122709 
-0.018215 0.626089 0.059676 
-0.045932 0.696741 -0.140366 
0.279471 0.946574 -0.120907 
0.738699 0.247166 -0.122709 
-0.238226 -0.961106 0.014730 
0.752511 -0.262303 0.124492 
0.505595 -0.382497 0.005539 
-0.014584 0.927315 -0.122709 
0.975281 0.179643 0.087967 
-0.514594 -0.553800 0.124492 
0.388084 -0.566516 -0.148378 
0.540689 0.456533 0.139768 
0.018356 0.985913 -0.071283 
0.017871 0.623901 -0.012251 
0.234683 0.958602 -0.068456 
0.179290 0.750525 0.124492 
-0.423017 0.855757 -0.122709 
0.201202 -0.613500 -0.134481 
0.658840 -0.742211 -0.102944 
-0.248557 -0.593299 0.054060 
-0.415617 0.893101 0.089820 
0.817474 0.491822 -0.122709 
-0.498333 0.753888 -0.122709 
-0.208454 -0.817773 0.124492 
-0.576804 -0.278029 0.106728 
-0.190924 -0.876386 0.124492 
-0.399194 -0.824454 -0.122709 
0.588338 0.522688 -0.122709 
-0.615971 0.767869 -0.018908 
-0.259712 0.566988 -0.020682 
0.679752 0.307687 -0.122709 
-0.972214 0.155062 -0.041836 
-0.224729 -0.964123 -0.091939 
-0.614217 0.173569 0.033103 
-0.638978 -0.009356 0.013825 
0.677169 0.527172 0.124492 
0.065902 -0.987684 0.124492 
-0.159303 0.972429 0.110979 
-0.368706 0.913401 -0.059474 
-0.203738 -0.869559 -0.122709 
-0.438639 -0.886370 0.100281 
0.092533 -0.931419 0.124492 
-0.664469 -0.188327 -0.143720 
-0.329660 -0.551552 -0.081733 
-0.496068 0.401656 0.003816 
0.468584 0.517331 -0.141770 
0.746324 0.560773 0.124492 
0.026585 -0.690021 0.147699 
0.879933 0.385777 -0.122709 
0.512034 -0.429816 -0.156480 
-0.060447 0.917652 0.124492 
0.687869 0.193557 0.137401 
-0.159112 0.616555 -0.141127 
0.229625 -0.603735 0.056970 
-0.055229 -0.989387 -0.074745 
0.990903 0.041570 -0.085083 
-0.116641 0.621305 0.108543 
-0.722549 -0.585233 0.124492 
-0.681512 0.454451 0.124492 
-0.383443 0.613813 0.130526 
-0.744668 0.270719 -0.122709 
0.979189 -0.001160 -0.122709 
0.353095 -0.792530 0.124492 
-0.730137 -0.664781 0.002071 
0.140548 0.880649 -0.122709 
-0.385585 -0.511650 0.013251 
0.792379 -0.127800 0.124492 
-0.917331 0.141900 0.124492 
0.924988 0.094303 0.124492 
0.122066 0.789421 -0.122709 
0.856843 0.109687 0.124492 
-0.186996 0.967705 -0.011252 
0.235209 0.643280 -0.146975 
0.914002 -0.386874 0.011249 
-0.174263 0.766898 -0.122709 
0.293954 0.704657 0.124492 
-0.728282 -0.302755 -0.122709 
-0.845844 -0.196928 0.124492 
-0.721913 0.607687 0.124492 
-0.413897 -0.513193 0.160229 
0.414456 0.468914 0.037513 
-0.300441 -0.766060 -0.122709 
0.868442 -0.288038 -0.122709 
0.644097 -0.260104 0.146585 
-0.336305 -0.547601 0.013230 
0.822844 0.550229 0.077715 
0.825819 -0.550703 -0.067981 
-0.484612 -0.861985 -0.007421 
-0.590358 -0.532841 -0.122709 
0.497826 0.383737 0.042628 
0.339914 -0.753327 -0.122709 
-0.516967 0.573729 -0.122709 
0.682428 0.064422 0.150377 
-0.558064 0.432167 0.138101 
0.811885 -0.044013 -0.122709 
-0.625099 0.129779 -0.006266 
-0.767789 0.615769 -0.102126 
-0.639056 0.002483 0.115071 
-0.079958 0.648396 0.161775 
0.196459 0.967145 0.040634 
0.267834 0.780826 0.124492 
-0.395504 -0.505869 -0.097491 
0.430643 -0.893992 0.050401 
-0.644152 -0.266633 0.142664 
-0.391187 0.899816 -0.122709 
-0.718637 0.302811 0.124492 
0.951732 -0.147122 0.124492 
-0.978024 -0.093009 -0.122709 
-0.624257 -0.589171 0.124492 
-0.039423 -0.643275 -0.111902 
-0.205751 0.963513 -0.119408 
0.606348 0.159449 0.008668 
-0.770540 -0.003660 0.124492 
0.128575 0.673305 -0.146421 
0.951423 -0.282060 0.072030 
0.174919 -0.910944 -0.122709 
0.438331 -0.475295 -0.025743 
-0.612971 0.426219 0.124492 
0.783431 -0.609428 0.015070 
0.072391 0.628445 -0.091281 
-0.947933 0.265262 -0.109090 
0.580290 -0.755282 0.124492 
0.590392 -0.222589 0.039697 
0.503933 -0.830970 -0.122709 
0.437718 0.656889 0.124492 
-0.520566 0.835870 0.095964 
0.309733 0.550492 -0.069117 
-0.554236 -0.818350 0.123465 
0.624958 0.130317 0.110376 
0.116188 0.979644 -0.062192 
0.853636 0.501566 0.002209 
0.702011 -0.589256 0.124492 
-0.849292 0.497142 0.073473 
-0.968037 0.089115 -0.122709 
0.624330 -0.688678 0.124492 
0.645956 0.004051 0.022603 
-0.893929 -0.417173 -0.095136 
-0.020496 -0.811271 -0.122709 
0.589611 -0.412228 -0.134172 
0.402819 0.500555 -0.164746 
0.981433 0.140801 -0.005219 
0.244508 0.678435 0.132838 
0.767004 0.625754 -0.098711 
-0.312242 -0.939178 0.068139 
-0.180864 0.612690 0.166324 
0.551491 -0.315457 0.075585 
-0.529716 0.830162 0.010154 
0.354913 -0.926321 -0.061932 
0.737394 -0.394397 0.124492 
-0.651546 -0.673469 -0.122709 
0.430615 0.632403 -0.122709 
0.987849 -0.090808 0.068353 
-0.949363 -0.265188 -0.057562 
0.124615 -0.633583 0.107886 
0.066408 -0.989201 -0.058599 
-0.123127 0.978159 0.067497 
0.587379 0.366291 0.146536 
-0.462632 -0.447280 0.167012 
-0.802962 0.569244 0.001920 
-0.446933 -0.740048 0.124492 
0.873945 -0.471000 0.043993 
-0.931752 -0.029818 0.124492 
-0.265019 -0.600364 -0.160362 
-0.556299 0.312568 -0.098532 
0.678842 0.053822 -0.150648 
-0.613501 0.319706 -0.142388 
-0.942162 0.285124 -0.058553 
-0.566843 -0.638347 -0.122709 
0.891147 0.432387 0.076633 
0.337519 -0.552200 -0.165528 
-0.692736 0.060638 -0.141283 
0.557414 -0.820920 0.024910 
-0.554984 -0.319839 -0.018181 
0.483050 -0.837405 0.124492 
0.766334 -0.070709 0.124492 
-0.370777 -0.876366 -0.122709 
-0.172674 -0.620325 0.147562 
0.352285 0.651044 0.124778 
0.270952 0.949049 -0.018288 
0.254196 0.714843 -0.122709 
-0.792720 0.513355 -0.122709 
0.957231 -0.223289 -0.122709 
-0.471882 0.571137 0.124492 
0.035520 -0.773592 -0.122709 
0.420554 -0.845166 -0.122709 
0.735935 -0.551432 -0.122709 
0.777265 0.392732 -0.122709 
0.898429 -0.390272 0.124492 
0.359965 0.524108 0.112463 
-0.752619 -0.513773 -0.122709 
-0.617642 -0.165960 -0.086424 
0.802256 -0.571417 0.124492 
0.848826 -0.405138 -0.122709 
-0.907205 0.145499 -0.122709 
0.511656 0.453374 -0.148272 
-0.738248 0.190306 0.124492 
0.156893 0.851466 0.124492 
0.934085 -0.228204 0.124492 
0.513674 -0.724837 0.124492 
0.457540 0.776773 0.124492 
-0.727800 0.184416 -0.122709 
-0.010866 0.824145 -0.122709 
-0.216160 0.860207 -0.122709 
-0.573554 0.364270 -0.147783 
-0.252789 -0.791504 0.124492 
0.444558 -0.469302 0.129921 
-0.900606 -0.401744 -0.008835 
-0.414944 0.556265 -0.141550 
-0.944161 0.265058 0.124492 
0.885477 -0.281733 0.124492 
0.623621 -0.377913 0.131642 
0.670778 -0.468856 0.124492 
-0.740722 -0.652775 0.078034 
0.648310 -0.253837 -0.144143 
0.951101 -0.129146 -0.122709 
0.545261 -0.539864 0.124492 
0.230833 -0.818933 -0.122709 
0.677312 0.133495 0.147995 
0.268004 0.885750 0.124492 
0.618515 0.161386 -0.110505 
0.727614 -0.641753 0.124492 
-0.055083 -0.989392 -0.003213 
0.696601 -0.177490 -0.134292 
0.764689 0.628634 0.066486 
-0.638828 -0.013267 -0.061932 
-0.458603 0.444235 0.118333 
-0.467463 0.671715 0.124492 
-0.766059 0.617998 0.088057 
0.371149 -0.703895 -0.122709 
-0.860967 0.054089 0.124492 
0.969055 -0.213285 0.032081 
-0.942142 0.285192 0.051159 
-0.618248 0.158901 -0.122587 
0.626919 -0.128582 -0.105725 
-0.911819 -0.375834 0.103150 
-0.607878 -0.359290 -0.137386 
0.558455 -0.766426 -0.122709 
0.768218 0.120261 -0.122709 
-0.921119 0.042657 0.124492 
0.988948 0.074342 0.073373 
-0.382367 0.671228 0.124492 
-0.511133 -0.386745 -0.005499 
-0.244493 -0.959281 0.124492 
0.693533 -0.710065 -0.067739 
-0.887762 -0.430223 0.063959 
-0.818544 -0.456382 -0.122709 
-0.326644 0.784798 -0.122709 
0.946429 0.199709 0.124492 
-0.617458 -0.459133 -0.122709 
-0.680209 0.378861 -0.122709 
-0.702532 -0.542570 -0.122709 
-0.721451 0.103102 -0.126620 
0.926742 0.071695 -0.122709 
0.760378 0.479006 0.124492 
0.831445 -0.167499 0.124492 
0.613292 -0.465896 -0.122709 
-0.409906 -0.493992 0.053905 
-0.592949 -0.366707 0.142994 
0.623505 -0.121239 0.076881 
0.821158 0.329241 0.124492 
0.825824 -0.315138 -0.122709 
0.486982 0.612760 -0.122709 
-0.374461 0.516953 -0.103723 
-0.647862 -0.683045 0.124492 
-0.634227 -0.078745 0.167300 
-0.465802 0.867678 -0.082136 
0.644984 -0.005347 0.108466 
-0.488942 -0.459078 -0.153149 
0.222388 -0.966202 0.026346 
0.443353 -0.470461 -0.103146 
0.587647 0.795239 -0.066963 
0.265038 0.568003 -0.025732 
-0.615198 0.343773 0.138706 
0.303433 -0.889123 -0.122709 
0.274352 0.839359 -0.122709 
0.477484 -0.870124 0.042466 
0.422813 -0.834747 0.124492 
0.882599 -0.122355 -0.122709 
-0.746503 0.641366 -0.014361 
-0.278824 0.944740 -0.081009 
-0.446419 -0.882407 -0.065046 
0.630101 0.630212 0.124492 
0.392399 -0.514085 -0.016761 
-0.665634 -0.730086 -0.106016 
-0.638091 0.749516 -0.104081 
0.033152 -0.644290 0.031005 
-0.732274 -0.662358 -0.108386 
0.854182 0.500643 0.117311 
0.223151 0.821573 -0.122709 
0.707232 0.691514 -0.083697 
-0.068033 -0.742128 -0.122709 
0.160710 0.820898 -0.122709 
0.001072 0.681930 -0.147722 
0.273940 0.948181 0.124383 
0.361814 0.809583 0.124492 
0.977023 -0.173501 -0.074604 
0.137639 -0.630634 -0.105902 
-0.217189 -0.784779 -0.122709 
0.328879 0.647590 -0.128955 
-0.183943 0.603294 -0.084602 
-0.846874 0.001805 -0.122709 
-0.879830 -0.445789 -0.034911 
0.942191 0.009128 0.124492 
-0.514392 -0.382470 -0.102232 
-0.756396 0.088027 0.124492 
0.632641 0.144701 0.166241 
0.474334 0.866878 0.067028 
0.454414 -0.660480 0.124492 
0.486373 0.409855 0.104570 
-0.970955 -0.167863 -0.067274 
0.577125 0.795689 0.124492 
-0.716859 -0.679779 -0.054557 
-0.564181 -0.728578 -0.122709 
0.495097 -0.496940 -0.142060 
-0.522916 0.366275 -0.017870 
0.629305 0.754447 0.124492 
-0.093101 -0.637377 -0.058533 
0.935367 -0.331660 0.050395 
0.990227 -0.065661 -0.069289 
0.473635 -0.872086 -0.058140 
-0.468992 -0.437591 -0.097055 
-0.984614 0.020225 -0.014613 
0.856246 -0.502005 0.008998 
-0.926240 -0.337678 -0.063655 
0.315935 -0.563849 0.075533 
0.603975 0.390910 -0.132989 
0.671760 0.725969 -0.064306 
0.012671 0.685710 0.147729 
0.461781 -0.737454 -0.122709 
-0.728526 0.661757 0.064498 
-0.305406 0.550642 -0.028382 
-0.978588 -0.115147 -0.020005 
0.615541 -0.125819 0.006811 
0.637627 0.244437 -0.149285 
0.075952 0.818483 0.124492 
-0.219251 0.711435 0.124492 
0.063818 0.913774 0.124492 
0.039301 0.832231 -0.122709 
-0.598290 -0.226979 -0.051974 
-0.331115 0.850978 -0.122709 
0.137659 -0.728663 0.125645 
-0.140423 -0.980271 -0.001286 
-0.454965 0.873200 0.068772 
-0.086579 0.977594 -0.122709 
0.655362 0.448357 0.124492 
0.530280 0.650331 0.124492 
0.233647 -0.833120 0.124492 
-0.207365 -0.670259 -0.140520 
0.918100 0.372553 -0.000500 
-0.347473 0.545476 -0.162443 
0.692917 -0.124172 -0.140833 
0.133727 -0.631550 0.037064 
-0.875691 -0.150977 0.124492 
-0.625504 0.698709 0.124492 
-0.113306 0.842604 0.124492 
0.887302 -0.444786 -0.067404 
-0.339774 -0.545539 0.112755 
-0.351420 -0.575674 -0.152027 
0.280231 0.571644 -0.120036 
-0.615988 -0.772707 -0.025486 
-0.594692 -0.236994 0.012724 
-0.540368 0.339324 0.068183 
-0.523404 0.820803 -0.122709 
0.355723 0.830508 -0.122709 
-0.291826 0.564083 0.139541 
-0.464553 -0.504050 0.148545 
-0.567651 0.291694 0.044864 
-0.682959 -0.337265 0.124492 
-0.194911 -0.970787 0.078922 
-0.074731 0.731997 -0.123835 
0.697425 0.131628 -0.137860 
0.120732 0.675132 0.148075 
0.850396 -0.043085 0.124492 
0.039223 0.644228 0.165479 
-0.622328 -0.742326 0.124492 
0.778740 -0.615477 0.072783 
0.420440 -0.736319 0.124492 
0.535416 -0.349363 0.109257 
0.863536 -0.489679 -0.084775 
0.092284 -0.698594 0.141671 
-0.959570 -0.137541 -0.122709 
0.368775 0.615601 -0.132956 
0.253632 -0.759928 0.124492 
0.964763 0.227635 -0.059574 
0.375680 0.913396 0.101630 
0.991248 0.030627 0.011297 
-0.508681 -0.451361 0.150806 
-0.021150 0.633657 -0.107887 
0.759871 0.023646 0.124492 
-0.139913 0.881172 -0.122709 
0.479709 0.864139 -0.088049 
0.780320 0.189007 0.124492 
-0.646954 0.267577 0.140568 
0.068850 0.984118 -0.089697 
0.958759 0.246217 0.124492 
0.191399 -0.616602 0.031373 
-0.870381 0.132825 0.124492 
-0.615809 -0.172627 0.045883 
0.013636 -0.734439 0.128530 
-0.831813 -0.531551 0.069008 
-0.606783 0.774996 0.084607 
-0.086919 -0.986604 0.108922 
0.334637 0.928768 0.051630 
0.675758 -0.530147 -0.122709 
0.337368 0.924649 -0.122709 
0.396912 -0.510449 0.081636 
-0.834376 0.102245 -0.122709 
-0.707054 -0.689586 0.066434 
-0.513664 -0.844804 0.085101 
-0.680885 0.700472 0.124492 
-0.238284 0.832015 0.124492 
-0.595394 -0.235041 0.114021 
-0.769505 -0.453549 -0.122709 
-0.732585 0.386151 -0.122709 
-0.626908 0.601387 0.124492 
0.527415 0.655450 -0.122709 
-0.039980 0.710219 0.136415 
0.335775 -0.808771 -0.122709 
-0.559237 0.810099 0.056655 
0.755255 -0.004457 -0.122709 
-0.753515 0.633412 -0.060334 
-0.952357 -0.089422 0.124492 
-0.065824 0.620773 0.042970 
0.799729 0.583565 -0.080937 
-0.669525 -0.726655 -0.021915 
-0.442599 -0.843938 0.124492 
0.253725 -0.958907 0.064370 
0.633303 -0.764676 0.083528 
-0.532283 0.485655 0.131682 
0.323842 0.541999 0.078919 
-0.149479 -0.682388 0.143771 
0.431544 0.546175 0.144256 
-0.716015 -0.248201 0.124492 
-0.955503 0.237918 0.084544 
-0.952202 0.250566 -0.013972 
-0.247665 0.576810 0.074737 
-0.918272 0.354956 0.106605 
0.582923 0.301252 0.162586 
-0.141528 -0.628096 -0.115707 
0.606698 -0.298721 0.154804 
0.682865 -0.720734 0.096916 
0.346152 0.519351 0.018136 
-0.968674 -0.182264 0.095959 
0.467217 0.440872 -0.155543 
0.991302 -0.033729 0.016534 
-0.528549 0.478833 -0.133100 
-0.482506 0.417575 -0.051855 
-0.967609 0.183766 0.093886 
0.569431 0.464575 -0.125982 
-0.633528 -0.084801 0.011718 
0.600621 -0.790026 -0.064173 
-0.812484 -0.557770 -0.122709 
0.083756 -0.987561 -0.115814 
0.923784 -0.363830 -0.031046 
0.479485 0.681772 0.124492 
0.219554 -0.607693 -0.060995 
0.525881 0.357197 -0.087650 
0.212106 0.594833 -0.071505 
0.783948 0.340294 -0.122709 
-0.929383 -0.061810 -0.122709 
0.601267 -0.226241 -0.126946 
-0.965956 -0.196007 0.007220 
-0.301423 -0.568126 -0.046084 
0.555413 -0.640781 -0.122709 
-0.836137 0.424605 0.124492 
0.002757 -0.644678 0.112970 
-0.122312 -0.632592 0.109282 
-0.168382 0.602991 0.063142 
0.036632 -0.990190 -0.100254 
0.717089 -0.686510 0.009906 
0.338609 0.546392 0.167426 
0.202437 0.922499 0.124492 
-0.983814 0.045686 -0.122326 
-0.066124 -0.772399 0.124492 
-0.551092 0.528234 0.124492 
0.409773 -0.552196 0.149672 
0.670448 0.314160 0.125812 
0.896424 -0.426883 -0.003677 
0.178234 -0.948582 0.124492 
-0.153433 0.720328 -0.123579 
-0.256973 0.620085 -0.151709 
0.430864 0.889026 0.050743 
-0.809024 -0.356954 -0.122709 
0.554044 0.303779 0.064840 
-0.395722 0.901711 0.000476 
-0.545218 -0.824479 -0.052315 
-0.100220 -0.831367 -0.122709 
-0.840719 -0.516491 -0.087104 
0.677086 -0.643920 -0.122709 
-0.391555 0.504274 -0.012881 
0.530716 0.758073 0.124492 
0.399817 0.902951 0.010212 
0.945275 -0.031995 -0.122709 
-0.358139 -0.822832 0.124492 
0.991697 0.016348 0.119738 
0.625486 -0.095321 -0.034022 
-0.685494 0.624481 -0.122709 
-0.353127 -0.688028 -0.122709 
-0.081860 0.617657 -0.006657 
0.519892 0.382614 0.166934 
0.800623 0.000921 -0.122709 
-0.622701 -0.146997 -0.001510 
0.613339 -0.560624 0.124492 
-0.631382 -0.449567 0.124492 
0.544683 -0.632266 0.124492 
0.291343 -0.640086 0.142733 
0.851202 0.505683 -0.094313 
-0.870936 -0.135072 -0.122709 
-0.632327 0.251760 -0.147363 
-0.030215 0.870863 0.124492 
-0.444374 -0.820240 -0.122709 
0.382460 0.712890 -0.122709 
0.880764 0.381220 0.124492 
-0.600155 0.536515 -0.122709 
-0.119940 0.682634 0.144383 
-0.239410 -0.596985 0.119316 
0.607372 -0.474972 0.124492 
0.636911 -0.089680 -0.136927 
0.746872 -0.245137 -0.122709 
0.489199 -0.422728 0.120531 
0.614578 -0.779200 -0.002525 
-0.395701 0.832419 0.124492 
0.516433 -0.369477 -0.050730 
0.757544 -0.641590 -0.008120 
0.473746 0.821055 0.124492 
-0.646288 0.035250 -0.162232 
-0.651490 -0.347398 -0.123160 
0.433556 -0.597101 -0.125965 
-0.834748 0.386642 -0.122709 
0.003862 -0.644678 -0.022643 
-0.597588 0.770708 -0.122709 
0.236602 -0.926035 0.124492 
0.181423 -0.866556 -0.122709 
0.374226 -0.526867 -0.107834 
-0.201603 0.667268 0.142284 
0.889030 0.436541 -0.070293 
0.161917 0.973118 -0.025464 
0.152394 -0.790022 0.124492 
-0.258624 -0.624463 0.153406 
0.805864 -0.580066 -0.040321 
0.219372 0.597183 0.126470 
-0.403547 -0.811461 0.124492 
-0.227318 -0.601860 -0.048370 
-0.895655 0.261138 0.124492 
-0.406012 -0.497204 -0.024449 
-0.305015 -0.577743 -0.161483 
-0.574484 0.278352 0.111212 
-0.284004 -0.807666 -0.122709 
0.026682 0.985651 -0.015981 
0.066994 -0.641692 -0.118650 
-0.387141 -0.676820 0.124492 
-0.655150 0.017302 0.160417 
-0.777437 0.535172 0.124492 
0.206440 -0.969766 0.067888 
-0.947696 -0.270928 0.089095 
-0.267097 0.633533 0.146303 
0.410888 -0.498923 -0.114350 
-0.915697 0.362019 0.010724 
0.628686 -0.078706 0.064562 
-0.441719 0.821445 0.124492 
0.985379 -0.116937 -0.014955 
0.224387 -0.660209 -0.143361 
0.795656 0.433322 -0.122709 
-0.591487 -0.590065 -0.122709 
-0.575277 -0.314116 0.161182 
-0.290702 -0.946141 0.119060 
0.251617 -0.959519 -0.089195 
-0.631459 -0.101834 -0.120143 
-0.167543 0.930914 0.124492 
-0.400645 0.496779 -0.055647 
-0.213286 -0.747460 0.124492 
-0.120959 0.939870 0.124492 
0.711264 0.687484 0.010555 
-0.605193 0.516729 0.124492 
-0.823960 0.180035 0.124492 
-0.921540 -0.350732 0.009876 
-0.636877 -0.055798 0.107089 
0.324731 0.892913 0.124492 
-0.239588 -0.679064 0.134316 
0.647309 0.414254 -0.122709 
-0.181839 0.734992 0.124492 
0.440595 0.504542 0.156050 
-0.249491 -0.878255 -0.122709 
-0.968348 -0.184324 0.049743 
0.034017 -0.685832 -0.147628 
0.010545 -0.954104 -0.122709 
-0.081775 0.982239 0.017087 
0.583417 0.240802 -0.033811 
0.908673 -0.178002 0.124492 
-0.677660 0.194990 -0.136773 
-0.820747 0.218913 -0.122709 
-0.382887 -0.912118 0.012096 
0.619540 -0.144183 -0.065265 
0.684179 -0.079460 -0.147245 
-0.166546 0.941796 -0.122709 
-0.522807 0.795778 0.124492 
0.696244 -0.386167 -0.122709 
-0.958411 -0.229769 -0.081796 
0.389105 -0.814595 -0.122709 
-0.434743 -0.472050 0.083865 
0.657721 -0.587788 0.124492 
-0.829606 -0.534889 -0.033185 
0.432490 0.453592 -0.010482 
0.397401 -0.510046 0.125821 
0.406122 -0.679473 0.124492 
0.171748 0.971560 -0.119130 
-0.340168 0.751132 0.124492 
0.258019 -0.592291 -0.121524 
-0.395485 0.732581 0.124492 
-0.461782 0.756585 0.124492 
-0.910426 0.199895 -0.122709 
0.394264 0.756081 0.124492 
0.294257 -0.575120 0.123234 
-0.775285 -0.610957 -0.072547 
0.056478 0.977677 0.124492 
0.751972 0.643058 0.012498 
-0.015035 -0.917879 -0.122709 
0.464445 -0.755333 0.124492 
-0.713142 -0.172889 0.126528 
0.020200 0.985855 0.043861 
-0.223839 0.631718 0.154180 
-0.500832 0.395406 0.101599 
0.899425 -0.032932 -0.122709 
-0.521919 -0.745794 0.124492 
0.148278 0.622836 -0.161557 
0.555910 0.316124 0.127775 
0.324072 0.557076 -0.164882 
-0.292436 -0.885242 0.124492 
-0.637413 -0.050187 -0.162453 
0.613509 -0.704192 -0.122709 
0.640976 0.406950 0.124492 
0.621573 0.108609 0.047828 
0.372755 -0.527901 -0.063667 
-0.143956 -0.726605 -0.123717 
-0.888406 0.363364 -0.122709 
-0.638320 0.021670 0.050188 
-0.870398 0.459449 0.068816 
-0.681566 0.475463 -0.122709 
-0.538894 -0.346454 0.066390 
-0.558106 -0.392161 0.149834 
0.167978 0.735131 -0.122709 
-0.765605 -0.079306 -0.122709 
0.830291 -0.544124 0.044399 
-0.372102 -0.620338 -0.130684 
0.770911 0.168716 -0.122709 
-0.677781 -0.305638 -0.122709 
-0.584164 -0.261612 -0.141073 
0.677637 0.720787 0.081255 
-0.662699 -0.116089 0.153257 
-0.534726 -0.609448 -0.122709 
-0.537189 -0.349085 -0.164865 
0.753077 -0.646657 -0.060747 
-0.615755 -0.649362 -0.122709 
0.843994 -0.121069 0.124492 
-0.593065 0.236675 0.111746 
-0.452825 0.874290 -0.001164 
-0.632181 0.091611 -0.047104 
0.033944 0.882665 0.124492 
-0.532984 -0.427239 -0.147546 
0.924635 -0.336596 -0.122709 
0.201432 -0.970886 -0.084277 
0.119314 -0.695530 -0.139677 
0.741096 0.655394 0.090595 
-0.492388 0.476678 0.147110 
0.645453 0.749162 0.015903 
0.526927 -0.578810 0.124492 
-0.453678 0.666909 -0.122709 
0.197789 0.786856 -0.122709 
0.282653 0.747043 -0.122709 
-0.651374 -0.187039 0.151197 
0.122977 -0.649512 0.161019 
0.512139 -0.760282 -0.122709 
0.992182 -0.005746 -0.071801 
-0.323169 0.550558 -0.122961 
0.668593 -0.213802 -0.141575 
0.654737 0.564413 0.124492 
-0.637699 0.192164 0.155649 
-0.508698 -0.645929 -0.122709 
-0.458548 -0.449140 0.023594 
-0.597757 0.223610 0.039021 
0.949627 0.283388 0.096937 
-0.649421 0.101729 0.159644 
0.526531 -0.460573 0.144538 
0.620599 0.769678 -0.090145 
-0.622341 0.143999 -0.164663 
0.307626 -0.661318 -0.129648 
-0.769593 0.384516 0.124492 
-0.693213 -0.653425 -0.122709 
0.687582 0.663065 -0.122709 
-0.269579 0.789556 -0.122709 
0.917201 -0.379479 0.053020 
0.899615 0.188648 0.124492 
-0.749556 -0.388033 -0.122709 
-0.587333 0.249692 -0.112640 
-0.160463 0.610856 0.104129 
-0.339000 0.538793 0.132301 
0.888248 -0.172130 -0.122709 
-0.514484 0.377498 -0.109097 
-0.210929 -0.923699 -0.122709 
-0.829528 -0.243931 0.124492 
-0.794983 0.155308 -0.122709 
0.597310 -0.204396 -0.018582 
-0.466375 -0.738661 -0.122709 
0.775728 0.476875 -0.122709 
0.638519 0.286158 -0.141886 
-0.841253 -0.376456 0.124492 
-0.255749 -0.686324 -0.127107 
0.125964 0.978719 0.051333 
0.642455 0.052999 0.158245 
-0.858524 0.139246 -0.122709 
0.666177 -0.673443 0.124492 
0.560376 -0.443419 -0.136228 
0.852914 0.001580 0.124492 
0.845123 -0.520814 -0.106472 
0.406915 0.899879 -0.087261 
0.734953 0.662362 -0.038777 
-0.600366 -0.548163 0.124492 
0.497748 -0.683092 0.124492 
-0.162705 0.971890 -0.072251 
-0.985152 -0.007956 -0.052697 
-0.786098 0.202577 0.124492 
0.578489 0.466706 0.124492 
-0.977430 -0.126982 0.052411 
-0.370893 -0.889746 0.124492 
-0.106468 -0.635313 0.024277 
0.640247 -0.048066 -0.114368 
0.394517 0.501688 0.132505 
0.764729 0.100250 0.124492 
0.305993 -0.943721 0.041263 
0.613367 -0.780139 0.117700 
-0.795720 0.481535 0.124492 
-0.730724 -0.475617 0.124492 
-0.937534 0.085172 0.124492 
0.386123 -0.913728 -0.088907 
-0.294068 -0.931823 -0.122709 
-0.794485 0.002570 -0.122709 
0.662652 -0.008313 -0.158661 
0.645784 -0.013398 -0.082883 
0.549489 0.325451 -0.109782 
0.819103 0.091812 0.124492 
0.459849 0.464947 0.162990 
0.963770 -0.236929 -0.020573 
0.118006 -0.984324 -0.001896 
-0.765286 0.586231 0.124492 
0.735090 0.274152 0.124492 
-0.564349 -0.770273 -0.122709 
-0.707018 0.148884 -0.129270 
0.723199 -0.097932 -0.129420 
0.564786 -0.815911 -0.067011 
-0.320544 -0.936188 -0.067147 
0.257382 0.580243 0.115632 
0.960695 0.122035 0.124492 
-0.197139 -0.612584 0.049509 
0.341203 0.926404 -0.081307 
0.182784 0.596991 -0.004465 
0.776280 -0.441140 -0.122709 
0.214713 0.910194 -0.122709 
0.512048 0.486656 0.140097 
-0.893557 -0.312266 0.124492 
0.819229 -0.239625 0.124492 
0.858169 0.258606 0.124492 
0.655728 -0.098579 0.160392 
0.974463 -0.094835 -0.122709 
-0.403353 -0.543240 -0.150895 
0.913603 -0.313046 0.124492 
0.164887 0.964194 0.124492 
-0.576652 -0.803115 0.020261 
-0.353962 0.919304 -0.008548 
-0.683647 0.356812 0.124492 
-0.379356 0.854926 -0.122709 
-0.457302 0.445486 0.019938 
-0.767320 0.079169 -0.122709 
-0.448209 -0.459090 -0.160629 
0.012607 -0.984341 0.124492 
-0.723889 -0.096174 0.127976 
-0.326671 -0.622169 0.141507 
-0.661575 -0.229376 -0.139571 
-0.688282 0.703505 -0.082171 
0.774706 -0.362889 -0.122709 
-0.607989 -0.199973 -0.107859 
-0.572845 0.683792 -0.122709 
-0.071937 -0.988021 -0.118607 
-0.053626 -0.811775 0.124492 
-0.459263 0.443601 -0.075562 
-0.545154 0.770745 -0.122709 
-0.853993 0.060193 -0.122709 
-0.613598 0.175822 -0.072807 
0.748998 -0.651283 0.086867 
-0.758156 -0.397468 0.124492 
0.601136 0.234604 -0.165820 
-0.691641 -0.704999 -0.075253 
0.910371 0.203487 -0.122709 
0.239195 0.588153 -0.107546 
0.124332 0.613630 0.052989 
0.598027 0.232029 0.138946 
0.631047 0.126546 -0.150522 
0.617406 0.772154 -0.039684 
-0.897679 0.008854 0.124492 
0.127350 0.637000 0.163964 
-0.021858 0.631308 0.102245 
-0.421385 -0.895161 0.064081 
-0.940071 -0.297174 -0.119519 
0.751496 0.322446 0.124492 
0.036376 -0.645742 0.167018 
-0.143035 0.793503 -0.122709 
0.371153 0.915355 -0.019830 
-0.966990 0.186536 0.048499 
0.239375 0.856411 0.124492 
0.720502 0.029176 -0.132872 
-0.288927 0.551724 0.009770 
-0.912521 0.196376 0.124492 
-0.422070 -0.631633 -0.122709 
0.735905 -0.666135 -0.106647 
0.718287 -0.284778 0.124492 
-0.228721 -0.860660 0.124492 
0.732272 0.381344 0.124492 
0.630625 -0.120246 0.133442 
0.383840 0.492993 0.025024 
0.935283 0.305208 -0.122709 
0.621163 -0.169943 0.149099 
-0.139977 0.757228 0.124492 
0.229365 -0.603840 -0.162479 
-0.145899 0.603998 0.008532 
-0.188608 0.838879 0.124492 
-0.342597 0.923397 0.070116 
0.914257 0.381432 0.100279 
0.181947 0.657252 0.149942 
0.165868 -0.977344 -0.002956 
-0.232957 0.700849 -0.122709 
-0.630980 0.099461 -0.106748 
0.165620 -0.721685 -0.124526 
-0.701634 -0.695004 0.109845 
-0.284285 -0.948006 -0.018170 
-0.004972 0.779876 -0.122709 
-0.783993 -0.599732 0.010264 
-0.280847 0.944153 -0.121648 
0.716134 0.544589 -0.122709 
-0.633370 0.081311 0.061019 
-0.637004 0.685920 -0.122709 
0.603579 0.199714 -0.077462 
-0.166995 -0.622123 -0.153701 
-0.871795 -0.461561 0.119165 
-0.437380 0.518220 0.150446 
0.977970 -0.167517 -0.114710 
0.957959 -0.259560 -0.104572 
-0.428828 -0.613120 0.124492 
0.260766 -0.591183 -0.031110 
-0.090783 0.981388 -0.032138 
-0.843112 -0.279989 -0.122709 
0.696777 -0.135932 0.139968 
-0.590659 0.480539 -0.122709 
-0.375716 0.558896 0.152483 
-0.681411 -0.077365 -0.145530 
-0.203812 0.739302 -0.122709 
-0.895378 0.408975 -0.083113 
0.773305 -0.150851 -0.122709 
0.947141 0.291943 0.032937 
-0.439018 0.881326 -0.041496 
-0.868632 -0.467767 0.048212 
-0.482035 -0.863509 -0.113010 
0.615603 -0.177696 -0.111745 
0.832590 0.405706 -0.122709 
-0.287691 -0.574925 0.040056 
-0.046212 -0.918274 0.124492 
-0.738370 -0.286713 0.124492 
-0.925682 -0.339226 0.066746 
-0.976498 0.128010 -0.012331 
0.448526 0.880028 -0.068219 
-0.617392 0.647609 -0.122709 
0.989766 0.065680 -0.008337 
0.059738 -0.642249 -0.161527 
-0.914576 -0.224970 -0.122709 
-0.909183 -0.236505 0.124492 
0.537129 -0.346713 -0.095479 
0.181387 -0.824764 -0.122709 
0.561638 0.766908 -0.122709 
0.718271 -0.311058 -0.122709 
-0.189890 0.967057 0.085606 
0.830503 0.383009 0.124492 
0.077000 -0.640924 0.098222 
-0.590816 0.412416 -0.129940 
-0.759300 -0.631565 -0.102968 
0.473577 0.409375 0.021681 
0.449370 0.771573 -0.122709 
-0.201445 -0.826334 -0.122709 
0.555569 0.817323 0.082994 
-0.429056 0.472672 -0.036211 
0.453993 0.445734 -0.098728 
-0.573609 0.280304 -0.134833 
0.855987 0.478036 -0.122709 
0.761861 -0.581786 -0.122709 
0.459386 0.439112 0.101547 
-0.430540 0.471243 0.069034 
-0.638992 -0.009010 -0.112085 
0.527490 -0.840743 -0.035476 
-0.596411 -0.787893 -0.090096 
0.535653 0.416236 0.152473 
-0.301989 0.698777 -0.122709 
-0.188508 -0.972219 0.002826 
0.610029 -0.428084 0.124553 
-0.072432 0.957172 0.124492 
-0.284908 0.566142 -0.118890 
-0.983796 -0.051095 -0.107623 
0.077035 0.938543 -0.122709 
-0.553210 -0.514718 -0.122709 
0.252512 -0.785694 -0.122709 
-0.028400 -0.990230 -0.032572 
-0.302407 0.687485 0.124492 
0.312428 0.806564 0.124492 
0.979545 0.152719 0.050683 
0.435267 -0.659484 -0.122709 
0.700797 0.486688 -0.122709 
0.260379 0.566675 0.019555 
0.948812 -0.186680 0.124492 
0.080197 0.753568 -0.122709 
-0.907672 0.000901 -0.122709 
-0.686102 0.045844 0.146330 
0.354065 0.719086 0.124492 
0.142155 0.920357 -0.122709 
-0.187366 -0.972474 -0.101774 
0.494404 0.852135 -0.122709 
0.829328 0.195822 -0.122709 
0.858409 0.274134 -0.122709 
-0.591690 0.239972 -0.053542 
0.741417 -0.482585 0.124492 
0.074242 0.616780 0.013251 
0.062277 -0.775915 0.124492 
-0.974542 -0.044503 0.124492 
0.094372 -0.808111 0.124492 
0.715213 0.281173 -0.122709 
0.662641 -0.155666 -0.150897 
0.509235 0.377905 0.087568 
0.674687 -0.711604 -0.122709 
-0.696220 0.194218 0.130906 
0.107145 0.626429 0.129916 
-0.984886 -0.016415 0.015701 
-0.017581 -0.644678 -0.163007 
-0.377901 0.637621 -0.122709 
-0.930169 0.321913 -0.083554 
0.723438 -0.680161 0.052811 
0.580160 -0.521866 0.124492 
-0.444301 -0.462852 -0.043233 
-0.644020 0.574070 -0.122709 
-0.090044 -0.946283 -0.122709 
0.143059 -0.980957 -0.072675 
-0.633945 0.490036 0.124492 
-0.552365 -0.324657 0.022382 
0.614869 0.648786 -0.122709 
-0.879840 0.319362 -0.122709 
-0.790317 0.586726 0.034676 
-0.707370 0.526720 0.124492 
-0.276257 0.945487 0.106108 
0.381860 -0.644154 0.124492 
0.003266 -0.805230 0.124492 
0.705904 -0.072064 0.140036 
-0.779718 -0.605242 0.076677 
0.603527 0.189097 0.061191 
-0.087284 0.808070 0.124492 
0.733009 -0.185773 -0.122709 
0.558045 0.815640 -0.103529 
0.796349 0.416417 0.124492 
0.640091 -0.038552 0.128447 
-0.632044 -0.097654 -0.041852 
-0.090817 0.621697 -0.056404 
0.626726 0.167886 -0.164303 
-0.326329 -0.553532 -0.127375 
-0.883637 0.433467 0.104213 
-0.160356 -0.623689 0.036739 
-0.638835 0.208312 -0.151234 
0.551389 -0.825016 0.063202 
-0.227249 0.590992 0.123469 
-0.396497 0.500199 0.140412 
-0.059137 0.984379 0.093335 
-0.008735 0.835569 0.124492 
-0.644656 0.743727 -0.008452 
0.395277 -0.909767 0.054061 
-0.900441 0.397277 0.022101 
0.199237 -0.878302 0.124492 
-0.754233 -0.237754 0.124492 
-0.151446 -0.978526 -0.119839 
0.569884 -0.304693 0.165622 
0.088257 0.977708 -0.122709 
-0.618929 -0.161275 -0.047902 
0.507392 -0.523622 0.131626 
-0.049039 -0.775970 -0.122709 
0.808079 0.269229 0.124492 
-0.173313 -0.620123 -0.023551 
0.622726 0.372914 0.132015 
-0.699193 0.298804 -0.122709 
0.714433 -0.457843 -0.122709 
-0.294860 -0.677564 -0.124111 
-0.313477 -0.684212 0.124492 
-0.464574 0.437696 -0.116653 
0.372038 0.590422 0.143305 
0.813202 -0.569268 0.004704 
-0.683977 -0.022669 -0.146012 
0.444674 -0.502711 -0.155229 
-0.483011 -0.421862 0.035825 
0.394877 0.858839 0.124492 
0.768743 -0.171333 0.124492 
0.653316 -0.544844 0.124492 
0.684116 0.091806 -0.146281 
0.314907 -0.940724 -0.084770 
0.090401 0.678881 -0.146412 
0.214902 -0.727447 0.124492 
-0.964681 0.196862 -0.008264 
-0.240529 -0.596535 0.005880 
0.659884 0.654776 0.124492 
-0.619515 -0.159142 -0.124290 
-0.901460 0.325272 0.124492 
-0.876357 0.026588 -0.122709 
-0.340684 -0.544998 -0.024945 
-0.661696 0.113900 -0.151681 
-0.442853 0.520197 -0.146397 
0.009706 -0.869427 0.124492 
0.628401 0.119538 -0.112785 
-0.625070 -0.134778 0.113628 
0.360564 0.754086 -0.122709 
0.411643 0.599554 -0.128835 
-0.532988 -0.355573 -0.000509 
0.199733 -0.655505 0.150357 
0.639196 -0.315419 -0.137012 
-0.800621 0.572688 -0.062623 
0.446962 -0.550741 0.140297 
-0.428390 0.587870 0.128885 
0.460381 0.873986 -0.027187 
0.062661 0.984520 0.086966 
0.744081 0.652008 -0.082675 
0.679639 0.201718 -0.137954 
0.664909 -0.736860 -0.023810 
0.766726 -0.032080 0.124492 
0.680890 0.368028 -0.122709 
-0.632672 -0.163582 -0.159960 
0.529583 0.834654 -0.052170 
0.742843 0.058529 -0.122709 
