-0.920419 -0.344814 -0.029911 
0.923483 0.353249 0.028597 
0.356250 -0.933293 -0.018173 
-0.350657 0.919932 0.018938 
-0.411636 -0.910282 0.028073 
0.905698 -0.410693 -0.020360 
-0.900750 0.408257 -0.029416 
0.401148 0.890146 -0.029911 
-0.023858 -0.799480 -0.004133 
0.787308 -0.026218 -0.004159 
0.545346 -0.579302 0.030485 
-0.541808 0.569857 0.041588 
-0.584718 -0.551171 0.042073 
-0.791317 0.026698 0.026923 
0.022269 0.780157 0.010679 
0.571465 0.535904 0.017989 
0.976259 -0.180040 0.022292 
-0.117093 0.977123 -0.029586 
-0.771431 0.614994 -0.029911 
0.983687 0.117486 0.000035 
0.570418 -0.818777 -0.005194 
-0.619088 -0.782805 -0.018690 
-0.986480 -0.112408 -0.027099 
0.608885 0.774469 0.024382 
0.809801 0.564101 -0.008466 
0.170384 0.969047 -0.003138 
0.777497 -0.622784 -0.012010 
-0.176245 -0.983893 0.011898 
0.114670 -0.992931 0.023884 
-0.567950 0.805326 0.005974 
-0.974749 0.178576 0.001567 
-0.824202 -0.559697 -0.001915 
-0.408021 -0.686609 -0.030513 
0.702975 0.355248 -0.040165 
-0.359249 0.697541 -0.039552 
0.752694 -0.247531 0.031494 
-0.681639 0.392701 0.031064 
0.202362 -0.773247 0.019237 
-0.707312 -0.364312 0.041584 
0.240185 0.746903 0.043701 
0.418600 0.669294 -0.042194 
0.675601 -0.429849 -0.042132 
-0.234617 -0.783690 0.038684 
0.788869 0.178214 0.038525 
-0.773026 -0.181288 -0.030585 
-0.187398 0.793224 0.035362 
0.392298 -0.714762 -0.038873 
-0.764234 0.219180 -0.042091 
0.943290 -0.033765 -0.029911 
-0.696928 -0.650247 -0.029911 
-0.961151 0.029170 0.030213 
-0.023057 -0.958101 -0.029911 
0.681027 0.652690 -0.029911 
0.637344 -0.685580 -0.029911 
0.026861 0.944226 -0.029911 
-0.645716 0.682206 0.030213 
-0.788163 0.485753 0.030213 
-0.705503 -0.488349 -0.029911 
-0.882805 0.281785 0.030213 
0.149181 0.825248 -0.029911 
0.100784 -0.859127 -0.029911 
-0.499738 0.687889 -0.029911 
-0.487661 -0.788510 0.030213 
-0.429996 0.802678 0.030213 
0.697986 0.476044 0.030213 
-0.908223 -0.212677 0.030213 
0.470515 0.785736 0.030213 
-0.286185 -0.910680 -0.029911 
0.778197 -0.487307 0.030213 
0.875211 -0.262061 -0.029911 
0.899536 0.223368 -0.029911 
0.228854 -0.916381 0.030213 
-0.665203 0.512828 -0.029911 
-0.868264 -0.083338 0.030213 
-0.541307 -0.676476 -0.029911 
0.854689 0.086472 -0.029911 
-0.229347 0.903662 -0.029911 
0.530363 0.659032 0.030213 
0.265113 0.874129 0.030213 
0.339726 -0.811883 0.030213 
0.802560 0.399020 0.030213 
0.838030 -0.140050 0.030213 
-0.065433 0.872846 0.030213 
-0.886662 -0.452511 0.029613 
0.337989 0.780365 -0.029911 
-0.130895 -0.861957 -0.029911 
-0.347339 -0.797383 -0.029911 
0.781895 -0.352964 -0.029911 
-0.807445 -0.290223 0.030213 
0.495613 -0.702726 0.030213 
-0.858572 0.131622 0.030213 
0.451214 -0.854160 -0.029911 
-0.781237 0.352310 -0.029911 
0.653418 -0.563121 -0.029911 
-0.085162 0.780729 -0.043162 
-0.795490 -0.400669 -0.029911 
-0.309924 0.805379 -0.029911 
0.809416 0.298215 -0.029911 
0.874384 0.459442 -0.026214 
-0.295137 0.727333 0.043566 
0.636140 -0.483282 0.043022 
0.351074 0.703666 0.043320 
-0.740633 0.285115 0.042538 
-0.784627 0.108174 -0.043217 
0.733496 0.289598 0.043685 
0.936010 -0.321730 0.030213 
-0.877466 0.045092 -0.029911 
0.086222 0.883900 0.030213 
0.706336 -0.363255 0.037912 
-0.737249 -0.301100 -0.043054 
-0.347654 -0.719784 0.043474 
-0.797415 -0.074642 -0.041261 
0.858902 -0.499700 -0.029911 
0.773794 -0.173762 -0.040055 
-0.482897 -0.869404 -0.029911 
-0.416230 0.678367 0.040865 
0.291466 -0.744062 -0.025324 
-0.507964 -0.615349 0.042526 
-0.212070 -0.882431 0.030213 
0.671385 0.571770 0.030213 
-0.119748 -0.795014 0.042530 
-0.681126 -0.571456 0.030213 
-0.584100 0.623378 -0.029911 
0.105519 -0.792376 0.042722 
-0.616349 -0.695875 0.030213 
0.717390 -0.692329 0.025313 
0.052443 -0.918194 0.030213 
0.471201 -0.643671 -0.042891 
0.281220 -0.860265 -0.029911 
0.786787 0.068880 0.036754 
0.885224 0.017464 0.030213 
-0.431461 0.885384 -0.020739 
0.533420 0.828268 -0.028742 
-0.881301 0.207413 -0.029911 
-0.145269 0.858397 -0.029911 
0.496830 0.608349 -0.043105 
-0.177630 -0.779492 -0.037837 
0.597299 0.697521 -0.029911 
-0.681972 0.583651 0.030213 
-0.607935 -0.607615 -0.029911 
0.779715 0.477321 -0.029911 
-0.226120 0.756615 -0.041981 
-0.653819 -0.461459 0.042729 
0.256094 0.945014 -0.029911 
0.621456 0.481257 -0.037986 
-0.085514 -0.990582 0.030213 
-0.777331 -0.486747 0.030213 
0.118322 0.778152 0.042878 
0.907373 -0.149135 -0.029911 
-0.043026 0.961690 0.030213 
-0.606746 0.505344 0.043108 
0.990518 0.028637 0.020869 
-0.635829 0.753840 -0.026152 
0.481678 -0.793226 0.030213 
0.902701 0.145456 0.030213 
0.496247 0.722836 -0.029911 
-0.054972 -0.877375 0.030213 
0.186070 -0.978515 -0.029911 
0.637038 -0.767746 0.028736 
0.779015 0.133969 -0.043295 
0.237948 0.808868 -0.029911 
-0.937021 -0.036958 -0.029911 
-0.181630 0.951098 0.030213 
-0.695600 -0.393038 -0.042618 
0.952753 0.265543 0.028670 
-0.934039 0.324043 -0.029911 
-0.837000 0.388084 0.030213 
-0.769289 -0.622408 0.030213 
0.847323 -0.361469 0.030213 
0.357049 -0.717557 0.042983 
-0.772501 0.191493 0.042178 
-0.578940 0.532733 -0.037206 
0.554574 -0.730985 -0.029911 
0.752409 0.230896 -0.023439 
-0.268973 -0.752529 -0.036410 
0.854827 -0.077886 -0.029911 
-0.303592 -0.848723 0.030213 
-0.957991 -0.265819 -0.021000 
0.719916 -0.571621 0.030213 
0.693719 0.383528 0.042348 
-0.782276 -0.132458 0.041642 
0.987637 -0.092011 0.018222 
-0.470303 -0.702726 0.030890 
0.010329 0.856683 -0.029911 
-0.070731 0.783666 0.042980 
0.603516 0.610398 -0.029911 
0.742914 0.641265 0.030213 
0.187552 -0.859777 -0.029911 
-0.259883 0.841709 0.030213 
-0.752613 0.435867 -0.029911 
-0.849533 -0.229987 -0.029911 
0.960289 -0.255255 -0.023352 
0.435948 0.663241 0.041398 
-0.627786 -0.523218 -0.038005 
-0.818106 0.538647 -0.029911 
0.275899 -0.960118 -0.029496 
0.578156 -0.674163 0.030213 
0.331219 0.926653 0.005393 
0.392912 0.830740 0.030213 
-0.497284 0.747710 0.030213 
0.673580 0.719878 0.029136 
-0.870568 0.468445 0.025381 
-0.702634 0.666382 -0.029911 
-0.488180 0.811758 -0.029911 
0.728469 0.557337 -0.029911 
-0.848310 -0.375053 0.030213 
0.825714 -0.556338 0.025116 
0.081814 0.967503 0.030213 
-0.941460 0.099035 -0.029911 
-0.433561 -0.766995 -0.029911 
0.857350 0.265274 0.030213 
-0.874794 -0.141045 -0.029911 
0.894369 -0.207530 0.030213 
-0.477848 0.623815 0.028078 
0.173678 0.892933 0.030213 
0.416434 -0.899406 0.030213 
-0.272115 0.942727 0.030213 
0.026162 -0.999042 0.022159 
0.818492 -0.427758 -0.029911 
0.465862 0.867463 0.018854 
0.638716 -0.618532 0.030213 
0.007832 -0.882001 -0.029911 
-0.554508 -0.830113 0.007506 
-0.130782 -0.917605 0.030213 
-0.558244 0.693480 0.030213 
0.132886 -0.903835 0.030213 
-0.256287 -0.956853 0.030213 
-0.989106 -0.054006 0.030213 
-0.736545 -0.579012 -0.029911 
-0.978561 -0.170374 0.028939 
-0.694751 -0.715739 0.025736 
0.137783 -0.788326 -0.043299 
0.272278 0.734355 -0.033347 
0.574741 -0.555605 -0.042820 
-0.427839 0.737461 -0.029911 
-0.235903 -0.833409 -0.029911 
-0.363869 -0.884099 -0.029911 
-0.902764 -0.295960 0.030213 
0.907761 -0.071427 0.030213 
0.421977 0.769562 -0.029911 
-0.762308 -0.224275 0.034709 
0.763221 -0.536050 -0.029911 
-0.660683 0.435154 -0.042499 
-0.956551 0.255124 0.005536 
-0.509536 0.601918 -0.042705 
-0.696910 0.473367 0.030213 
0.746193 -0.284066 -0.042341 
-0.829302 0.290319 -0.029911 
0.854862 0.362121 -0.029911 
-0.764246 0.565389 0.030213 
0.774259 -0.402500 0.030213 
0.908925 0.303733 -0.029911 
0.463307 -0.745717 -0.029911 
0.702031 -0.628854 -0.029911 
0.843108 0.502877 0.030213 
0.822435 -0.280542 0.030213 
0.373128 -0.858950 -0.029911 
-0.851356 -0.493354 -0.029911 
-0.361706 0.768356 0.030213 
-0.869026 -0.007024 0.030213 
-0.732301 0.293914 -0.034243 
-0.472765 -0.643161 -0.033202 
0.044053 -0.809403 -0.040449 
0.179998 0.759013 -0.001367 
0.938593 0.051352 -0.029911 
0.694351 0.430593 -0.035363 
-0.430892 0.656665 -0.036086 
-0.550139 -0.753421 -0.029911 
-0.393415 -0.797222 0.030213 
-0.784892 0.101666 0.035115 
0.623699 -0.494894 -0.043065 
0.623972 0.482400 0.043156 
0.854572 0.161338 -0.029911 
-0.193757 -0.924310 -0.029911 
-0.879683 -0.407668 -0.029911 
0.758878 0.525330 0.030213 
0.129985 0.912345 -0.029911 
-0.830264 -0.327899 -0.029911 
-0.103597 -0.792755 -0.032340 
0.090016 -0.947828 -0.029911 
0.077753 0.805638 -0.036538 
0.781451 -0.102717 -0.000197 
0.539429 0.749002 0.030213 
0.305129 0.808834 0.030213 
0.028832 -0.845379 0.031091 
-0.359873 0.865021 -0.029911 
0.398957 -0.789628 -0.029911 
0.964654 0.185749 0.030213 
-0.337246 -0.724420 -0.038745 
-0.803642 -0.049056 0.040319 
-0.830177 0.440836 -0.029911 
0.543332 -0.622019 -0.035681 
0.872698 -0.453085 0.030213 
-0.089417 0.907990 -0.029911 
0.495755 -0.865432 0.030213 
0.015036 0.903707 0.030213 
-0.907641 0.356968 0.030213 
-0.088598 -0.921967 -0.029911 
-0.763742 0.391745 0.030213 
-0.481645 0.854670 0.030213 
0.268871 -0.753012 0.043557 
0.326860 0.851859 -0.029911 
-0.293885 0.728096 -0.043366 
0.762558 0.400817 -0.029911 
0.353428 0.700001 -0.037496 
0.322341 -0.881749 0.030213 
0.775543 -0.172747 0.043434 
-0.736640 -0.298828 0.037195 
-0.745530 0.643896 0.030213 
0.238340 -0.834054 0.030213 
-0.157711 0.777233 -0.041019 
-0.640885 0.580074 -0.029911 
0.421062 -0.676440 0.014011 
-0.843424 -0.182831 0.030213 
0.790053 0.034529 -0.041177 
-0.581163 -0.634162 0.030213 
-0.538226 0.747430 -0.029911 
0.600886 0.652222 0.030213 
-0.714580 0.565297 -0.029911 
0.745989 -0.426961 -0.029911 
0.707291 -0.433866 0.034455 
-0.823816 0.238552 0.030213 
-0.333269 0.833849 0.030213 
0.408939 -0.825109 0.030213 
-0.911393 0.078916 0.030213 
0.851744 -0.007869 -0.029911 
0.712216 -0.350784 -0.034862 
-0.539713 -0.719366 0.030213 
-0.541639 -0.585672 -0.028244 
0.803326 -0.236336 -0.031572 
-0.174002 0.881820 0.030213 
-0.803381 0.313968 0.030213 
-0.800414 -0.005095 -0.041261 
0.769052 -0.325133 0.032693 
0.822391 0.330680 0.030213 
0.838330 0.117305 0.030213 
-0.990662 0.048622 -0.029374 
-0.599064 0.695294 -0.029911 
-0.972910 0.112712 0.030213 
0.228755 0.881559 -0.029911 
0.479135 -0.635424 0.025176 
-0.216803 0.823721 -0.029911 
-0.914256 0.194022 0.030213 
-0.613139 0.607299 0.030213 
0.635246 0.549561 -0.029911 
-0.928642 -0.183437 -0.029911 
0.250270 -0.799330 -0.032941 
-0.292228 0.874835 -0.029911 
-0.349076 -0.936154 0.018939 
0.827593 0.232374 -0.029911 
0.519667 0.585289 0.016561 
-0.748095 -0.549653 0.030213 
0.180417 0.822385 0.030213 
0.898214 -0.343982 -0.029911 
0.731154 0.293419 -0.037919 
0.865752 0.422845 0.030213 
-0.114048 0.945901 0.030213 
0.514126 -0.791222 -0.029911 
0.466559 0.820074 -0.029911 
0.832265 -0.065093 0.032154 
0.554261 0.557255 -0.043406 
0.860613 0.197831 0.030213 
0.788027 0.251800 0.033289 
-0.931457 -0.106040 0.030213 
-0.644957 -0.704489 -0.029911 
-0.443417 -0.841954 0.030213 
0.916591 0.119631 -0.029911 
-0.705431 0.352516 -0.016922 
-0.060944 0.844523 -0.029911 
0.710095 -0.505736 0.030213 
0.432484 0.731103 0.030213 
-0.669684 -0.641888 0.030213 
0.979712 -0.137190 -0.029911 
0.759562 0.615860 -0.029911 
-0.402303 0.805302 -0.029911 
-0.761853 0.503660 -0.029911 
0.634078 -0.550463 0.031977 
-0.305835 -0.782786 0.032489 
-0.015664 0.785066 -0.043105 
0.569430 -0.753790 0.030213 
0.928534 0.076587 0.030213 
-0.913519 -0.384615 0.030213 
0.107005 0.977091 -0.029911 
0.763547 0.456530 0.030213 
-0.393807 0.868432 0.030213 
-0.604021 0.743271 0.030213 
-0.885166 0.142003 -0.029911 
-0.773651 -0.413750 0.030213 
-0.353614 0.699866 0.035020 
0.608210 -0.622604 -0.029911 
-0.053265 -0.852792 -0.029911 
0.439753 -0.738881 0.030213 
-0.111288 -0.993323 -0.029056 
0.293140 -0.939236 0.030213 
0.825812 -0.303464 -0.029911 
0.934241 -0.130081 0.030213 
0.358764 0.770690 0.030213 
-0.855947 -0.035523 -0.029911 
0.636449 0.748465 -0.029911 
0.164235 -0.823014 0.032950 
0.709657 0.495146 -0.029911 
-0.021392 -0.936288 0.030213 
-0.026578 0.978901 -0.029911 
-0.201453 0.963260 -0.028962 
-0.893168 -0.276157 -0.029911 
0.666064 -0.742156 -0.027078 
0.174046 -0.962731 0.030213 
0.062576 0.892087 -0.029911 
0.029035 0.842280 0.030213 
-0.772318 -0.468802 -0.029911 
0.336346 -0.787961 -0.029911 
-0.773398 -0.351132 0.030213 
0.953552 0.172561 -0.029911 
0.695313 -0.513894 -0.029911 
0.228954 0.956940 0.024967 
-0.894801 0.270421 -0.029911 
-0.305831 0.935993 -0.021649 
0.537318 0.673433 -0.029911 
-0.664487 -0.438963 -0.014551 
-0.501878 -0.794247 -0.029911 
-0.703321 -0.503264 0.030213 
-0.712144 0.340095 0.043581 
-0.758179 -0.641230 -0.029911 
0.491114 0.708990 0.030213 
-0.925084 -0.044532 0.030213 
-0.748128 -0.361270 -0.033798 
0.661827 0.642446 0.030213 
0.956342 -0.029170 0.030213 
-0.408716 -0.721898 0.035357 
0.647695 0.439527 0.005788 
0.649762 -0.680837 0.030213 
0.905474 0.395559 -0.019498 
0.883780 -0.272013 0.030213 
-0.362318 -0.867124 0.030213 
-0.112159 0.827299 0.030213 
0.516829 0.832653 0.030213 
-0.470474 -0.710285 -0.029911 
-0.840453 0.377237 -0.029911 
0.782963 -0.477832 -0.029911 
0.752112 0.346680 0.032798 
0.021155 0.983547 0.016387 
-0.401571 -0.836209 -0.029911 
0.220217 -0.921343 -0.029911 
-0.570519 -0.775872 0.030213 
-0.136640 -0.853967 0.030213 
0.835014 -0.149255 -0.029911 
-0.633172 0.462136 0.004580 
-0.685143 -0.545540 -0.029911 
0.844694 -0.372537 -0.029911 
0.604924 0.591720 0.030213 
0.909326 -0.376121 0.030213 
-0.664206 0.524309 0.030213 
0.564838 0.748579 -0.029911 
-0.308761 -0.851074 -0.029911 
0.950108 -0.194821 -0.029911 
0.511366 -0.853316 -0.029911 
-0.923391 -0.105842 -0.029911 
0.576386 -0.675161 -0.029911 
0.878584 -0.201682 -0.029911 
-0.642792 -0.757610 0.030213 
-0.190055 -0.822787 0.031467 
-0.270280 0.780487 0.032478 
-0.841362 0.059102 0.030213 
0.812921 0.015322 0.037752 
-0.937006 0.022593 -0.029911 
0.346504 0.867861 0.030213 
-0.704561 0.690277 0.030184 
-0.647396 -0.522547 0.034232 
-0.896383 -0.153833 0.030213 
-0.244411 -0.969310 -0.026500 
-0.992376 -0.005930 -0.005840 
0.807701 -0.574731 -0.029911 
-0.776629 0.148833 0.001057 
-0.833043 0.169060 -0.029911 
-0.754302 -0.249356 -0.021330 
0.956715 0.251905 -0.028210 
-0.473844 0.683227 0.031240 
-0.283086 -0.903431 0.030213 
0.709349 -0.629027 0.030213 
0.452968 0.637091 -0.007968 
-0.133755 0.772860 0.043702 
-0.029466 0.827511 0.031702 
0.297698 0.725510 0.039450 
0.602486 -0.777647 -0.029911 
-0.437335 0.745438 0.030213 
-0.737142 -0.670329 0.030213 
-0.831981 0.532599 0.025628 
0.506484 -0.699348 -0.029911 
-0.764269 -0.528619 -0.029911 
-0.818793 0.232701 -0.029911 
-0.874680 0.325401 -0.029911 
-0.146786 0.915734 -0.029911 
-0.851830 -0.516009 0.022845 
0.163393 -0.915034 -0.029911 
-0.498768 -0.855890 0.030213 
0.611325 0.717799 0.030213 
-0.824125 -0.454269 0.030213 
-0.067565 -0.817381 0.038173 
-0.025884 0.900588 -0.029911 
-0.227940 0.899522 0.030213 
0.838391 -0.196701 0.030213 
0.235598 -0.971107 0.017305 
0.935255 -0.246673 0.030213 
0.385774 -0.764258 0.030213 
0.818032 0.410130 -0.029911 
0.123890 0.773516 -0.037021 
0.507448 0.778499 -0.029911 
0.695764 -0.694609 -0.029911 
-0.229763 0.746417 0.013084 
0.086141 -0.872781 0.030213 
-0.537776 0.641356 0.030213 
0.034819 -0.938696 -0.029911 
-0.710876 0.480864 -0.029911 
0.397006 0.900627 0.024426 
-0.809117 -0.128614 -0.036403 
0.200644 -0.773739 -0.036047 
0.864029 0.367644 0.030213 
0.054654 -0.998146 -0.024926 
-0.701134 -0.434421 0.036007 
0.061072 -0.797116 0.010238 
-0.823356 0.173684 0.030213 
-0.930207 0.173182 -0.029911 
0.110922 0.835126 0.030213 
0.603570 -0.513735 0.005355 
0.841257 0.061397 0.030213 
0.991636 -0.008733 -0.026255 
-0.359699 0.751212 -0.030313 
0.458738 -0.799982 -0.029911 
-0.653344 0.699313 -0.029911 
-0.752702 0.237361 0.019413 
-0.687526 0.638608 0.030213 
-0.077534 -0.928451 0.030213 
0.723839 -0.573475 -0.029911 
-0.739585 0.509888 0.030213 
0.803023 0.181723 -0.034234 
0.742976 -0.664032 -0.018618 
-0.702172 -0.704177 -0.029911 
-0.705628 0.402828 -0.036811 
0.286653 0.887968 -0.029911 
-0.818235 -0.273990 -0.029911 
0.541561 -0.632961 0.034036 
0.669022 0.591446 -0.029911 
-0.865601 -0.245467 0.030213 
0.663451 0.517224 0.030213 
-0.593805 -0.687951 -0.029911 
0.780949 0.587731 0.030213 
-0.621774 0.483768 -0.043259 
-0.833947 -0.178592 -0.029911 
-0.665164 -0.607052 -0.029911 
0.411108 0.822044 -0.029911 
-0.579933 -0.547283 -0.038041 
0.726123 0.567679 0.030213 
0.774829 0.348716 -0.029911 
0.741638 0.403921 0.030213 
-0.506979 0.807583 0.030213 
-0.425298 -0.884035 -0.029911 
0.428459 -0.902173 -0.024724 
0.482219 0.636671 0.040110 
-0.852154 -0.088736 -0.029911 
0.198769 0.932679 -0.029911 
0.180182 -0.879241 0.030213 
0.966285 -0.083925 -0.029911 
-0.886341 0.408023 0.030213 
-0.839879 0.114082 -0.029911 
-0.388990 -0.736139 -0.034288 
0.429170 -0.676621 -0.042588 
-0.960421 -0.221782 0.030213 
0.779545 0.126192 0.041031 
0.576225 0.799178 -0.017788 
-0.206427 -0.939366 0.030213 
-0.485466 0.745224 -0.029911 
0.668444 0.706546 -0.029911 
0.988431 0.067963 -0.026941 
0.235599 0.830633 0.030213 
0.551622 0.617416 -0.031894 
0.337105 -0.725821 -0.043024 
-0.978549 -0.168111 -0.029911 
-0.060919 -0.997974 -0.015229 
0.836900 -0.415158 0.030213 
0.858605 -0.503249 0.028431 
0.685636 -0.397482 -0.002683 
-0.308500 0.891685 0.030213 
-0.508097 -0.667138 0.032723 
0.062770 0.784574 0.042871 
0.132789 -0.977215 -0.029911 
-0.295511 -0.798235 -0.029911 
0.726393 -0.311323 0.006773 
0.270796 -0.876809 0.030213 
-0.913314 0.130570 0.030213 
0.644940 -0.466800 -0.005117 
0.887345 0.316417 0.030213 
-0.629303 -0.574153 0.030213 
0.901653 0.239199 0.030213 
0.559168 0.614989 0.031336 
-0.207129 0.840173 0.030213 
0.812205 0.516871 -0.029911 
0.313960 -0.907030 -0.029911 
0.709638 0.684429 0.021962 
-0.548230 0.750543 0.030213 
-0.232203 -0.884296 -0.029911 
-0.255841 -0.829272 0.030213 
0.391528 0.677522 0.020908 
-0.459482 -0.652811 0.037870 
0.282959 0.942414 0.013219 
-0.723847 -0.330410 -0.001576 
0.864634 -0.448953 -0.029911 
-0.865437 0.477349 -0.029767 
-0.548816 0.675128 -0.029911 
0.429524 0.717168 -0.029911 
-0.797143 0.059171 -0.041330 
0.291118 -0.797817 0.030213 
0.763350 -0.212259 -0.009026 
-0.735301 0.440510 0.030213 
0.323294 -0.754734 0.037705 
-0.321843 -0.945958 -0.024771 
-0.980559 -0.062426 -0.029911 
-0.956196 -0.271998 0.029731 
-0.933539 -0.338375 0.030213 
0.630116 0.653150 -0.029911 
0.858092 0.272418 -0.029911 
-0.538196 0.573345 -0.012874 
0.781376 0.093706 -0.006610 
-0.655947 0.731389 0.030213 
-0.788043 -0.087339 0.006430 
-0.163985 -0.782392 0.010367 
-0.521131 -0.630853 -0.037934 
-0.595365 0.783081 -0.029911 
0.004851 -0.799480 0.036697 
0.733089 -0.476261 -0.029911 
-0.775275 0.564072 -0.029911 
-0.270770 -0.751875 0.015437 
-0.225905 -0.766717 -0.015977 
0.716504 0.319061 0.007542 
0.939931 -0.299985 -0.029911 
-0.952467 0.220704 -0.029911 
-0.459585 -0.886706 0.016547 
-0.183768 -0.874678 -0.029911 
0.354809 -0.918846 0.030213 
0.199211 0.839329 -0.029911 
0.421322 0.787456 0.030213 
-0.632799 -0.656812 -0.029911 
-0.913230 -0.230110 -0.029911 
0.135779 0.958808 0.030213 
-0.830216 0.440883 0.030213 
-0.354549 0.917111 -0.029911 
0.276300 0.839501 -0.029911 
0.207363 0.762125 -0.041890 
-0.796218 -0.599644 -0.006459 
0.590164 0.518870 -0.039697 
-0.120209 0.770847 -0.003290 
-0.658923 -0.749132 -0.015202 
0.755444 -0.605241 0.030213 
-0.550335 -0.590973 0.041074 
-0.482363 0.859116 -0.019492 
-0.006904 -0.835652 -0.033669 
0.917650 -0.080319 -0.029911 
-0.861889 0.340208 0.030213 
0.002872 -0.886582 0.030213 
-0.801908 -0.221649 -0.033161 
0.673291 -0.735785 0.027132 
0.052103 -0.862571 -0.029911 
-0.316004 0.713922 -0.002798 
0.109581 0.852834 -0.029911 
-0.758975 0.338554 0.032247 
-0.146325 -0.932651 -0.029911 
-0.194396 0.866305 -0.029911 
-0.893650 0.094623 -0.029911 
-0.477906 0.637928 -0.040341 
0.800270 -0.054329 -0.040675 
-0.862596 -0.329398 0.030213 
-0.840231 -0.380618 -0.029911 
-0.606325 -0.734118 -0.029911 
-0.170076 0.760931 0.002214 
-0.640967 -0.473779 -0.037400 
0.616236 -0.714938 0.030213 
-0.627698 0.642991 -0.029911 
0.786619 -0.126275 0.042663 
0.471833 0.681811 -0.031451 
0.539755 -0.839615 0.024906 
-0.463458 -0.825826 -0.029911 
-0.259435 0.943262 -0.029911 
0.094246 -0.793961 -0.024739 
-0.729151 0.599176 0.030213 
-0.377190 0.813303 0.030213 
0.197542 0.776442 0.039141 
-0.688440 -0.399390 0.006642 
-0.945502 -0.308806 -0.005528 
0.893196 0.037911 -0.029911 
-0.797086 -0.189784 0.036810 
0.727341 0.662391 -0.029911 
-0.581414 0.529985 0.009963 
0.830448 0.454271 0.030213 
-0.050422 -0.798805 -0.043199 
0.765151 0.179213 -0.006130 
0.709974 0.614928 -0.029911 
0.588085 -0.557208 0.040146 
-0.863293 0.212751 0.030213 
-0.446747 0.789299 -0.029911 
-0.715870 -0.628287 0.030213 
0.029764 0.797094 -0.039763 
-0.827376 -0.122972 0.032050 
0.601098 -0.723974 -0.029911 
-0.892715 0.035793 0.030213 
0.502014 -0.615566 -0.010745 
0.141392 -0.835499 -0.030330 
-0.014382 0.783395 0.039837 
-0.984435 -0.123829 0.030213 
-0.778721 -0.319223 -0.030717 
-0.619501 -0.501254 0.003118 
-0.198778 -0.979510 -0.029792 
0.134430 -0.788313 0.006099 
-0.040450 0.912395 0.030213 
0.698017 0.610229 0.030213 
-0.896748 -0.012655 -0.029911 
-0.018185 -0.986655 0.030213 
0.774142 -0.148771 0.002252 
0.775772 0.305112 0.031419 
-0.164061 -0.829144 -0.031030 
-0.807656 -0.234804 0.031072 
-0.775684 0.276920 -0.034169 
-0.366203 -0.709922 0.001905 
0.801597 -0.445500 0.030213 
0.865797 -0.314945 0.030213 
0.522938 -0.755879 0.030213 
0.467256 0.866753 -0.027648 
0.905568 -0.024965 0.030213 
0.541118 -0.712179 0.030213 
-0.441506 0.649834 0.008604 
0.738074 0.445120 -0.029911 
-0.050325 0.779283 -0.012633 
-0.955694 0.214715 0.030213 
0.817411 -0.529532 -0.029911 
-0.944728 0.295820 0.023983 
0.460636 -0.885778 0.008177 
0.239507 -0.762595 -0.007122 
-0.305490 -0.951745 0.017992 
0.219071 0.873753 0.030213 
0.982486 0.082775 0.030213 
-0.522725 0.835246 -0.010687 
0.675258 -0.582478 0.030213 
-0.322539 -0.730967 0.004291 
0.944990 0.015302 0.030213 
-0.566326 -0.628739 -0.030274 
-0.980567 0.142053 -0.025484 
0.306825 0.718216 -0.007997 
0.061512 0.982156 -0.029911 
0.679285 0.392686 -0.014633 
0.443153 0.827658 0.030213 
-0.006773 -0.999675 -0.019967 
-0.393932 -0.917943 -0.023474 
0.267356 -0.915216 -0.029911 
0.662212 0.512697 -0.029911 
-0.791391 -0.040207 -0.011881 
0.744602 0.251422 0.016573 
-0.425258 -0.764102 0.030213 
0.224699 0.747077 -0.002565 
-0.558880 -0.804558 -0.029911 
0.966495 0.212052 -0.008591 
-0.726027 0.613170 -0.029911 
0.117505 0.917233 0.030213 
0.656639 -0.629703 -0.029911 
-0.875626 -0.326037 -0.029911 
-0.834996 -0.425690 -0.029911 
-0.987756 0.065925 0.030213 
-0.076917 0.980920 0.007053 
-0.109990 0.830009 -0.029911 
-0.626237 -0.629170 0.030213 
0.610243 0.525237 0.038639 
-0.971029 -0.210873 -0.017385 
0.925773 -0.175159 0.030213 
0.829092 0.475069 -0.029911 
-0.788803 0.266802 0.032043 
-0.152669 0.971975 -0.002507 
0.896286 -0.013660 -0.029911 
-0.598493 -0.737079 0.030213 
-0.780079 -0.144921 -0.005329 
0.927380 0.342426 -0.016857 
-0.559084 -0.678986 0.030213 
0.782014 -0.397746 -0.029911 
0.581176 -0.606085 0.032134 
-0.911325 0.362611 -0.029911 
0.118151 -0.946096 0.030213 
0.602172 -0.795328 0.023577 
0.326787 -0.864181 -0.029911 
0.739988 -0.288623 0.043715 
0.774494 0.267953 -0.035143 
0.287584 0.776309 -0.031602 
0.990332 -0.050218 0.002805 
0.814359 0.542320 0.030213 
-0.786039 0.162984 -0.040166 
0.876577 -0.166655 0.030213 
-0.543345 0.795973 -0.029911 
0.912571 -0.230393 -0.029911 
0.834456 0.161984 0.030213 
-0.833012 0.023528 -0.032104 
-0.794533 -0.552439 0.030213 
0.910683 0.195857 0.030213 
0.671973 0.428445 0.041107 
-0.156389 0.828974 0.030213 
0.831871 0.045714 -0.031997 
0.310856 0.896207 0.030213 
-0.508440 0.599297 0.007045 
0.388396 0.729241 0.032478 
0.225442 -0.837047 -0.029911 
0.870468 -0.122907 -0.029911 
0.339677 0.894128 -0.029911 
0.871076 -0.306007 -0.029911 
-0.882028 -0.461604 -0.013165 
0.801632 -0.122048 -0.038516 
0.054816 0.922296 0.030213 
-0.118327 -0.961429 0.030213 
-0.727918 -0.420414 -0.031247 
-0.350836 -0.786882 0.030213 
0.746053 -0.536472 0.030213 
-0.730476 -0.466413 0.030213 
-0.780050 0.604835 0.019702 
0.540993 -0.582113 -0.017864 
0.798918 0.484502 0.030213 
0.955052 0.130774 0.030213 
-0.951850 0.154865 0.030213 
-0.793998 0.474200 -0.029911 
0.611409 -0.576395 -0.031672 
0.586622 0.652163 -0.029911 
-0.018189 0.875035 0.030213 
-0.524302 -0.718510 -0.029911 
0.166467 0.781740 -0.039292 
0.793278 -0.023013 0.043181 
0.019784 -0.799480 -0.004012 
-0.603757 0.693020 0.030213 
-0.399527 0.671713 0.001442 
-0.880634 -0.199846 -0.029911 
0.298779 -0.809442 -0.029911 
-0.434477 0.882972 0.030213 
0.121472 -0.904796 -0.029911 
0.065993 -0.959086 0.030213 
-0.807295 -0.527736 -0.029911 
0.667075 -0.447311 0.041720 
-0.173244 0.825741 -0.029911 
0.243756 -0.787255 0.036955 
0.347105 0.817857 0.030213 
-0.690675 0.704163 -0.009386 
-0.722773 0.316960 0.000601 
0.657177 0.451219 -0.040677 
0.750904 0.520881 -0.029911 
-0.788358 0.068691 0.008096 
0.304182 -0.838516 0.030213 
-0.360272 0.797568 -0.029911 
-0.498384 -0.734923 0.030213 
0.364286 0.746763 -0.030785 
-0.097702 -0.871414 0.030213 
0.547158 0.802668 0.030213 
-0.897081 -0.072282 -0.029911 
-0.401729 0.693928 -0.038951 
0.080205 -0.825855 0.035520 
0.447827 -0.660610 0.042946 
-0.169717 -0.885593 0.030213 
-0.318884 0.762743 -0.031993 
0.256274 0.784545 0.032515 
-0.616497 0.651443 0.030213 
0.147743 0.871353 -0.029911 
-0.399047 0.716568 0.034185 
-0.450878 0.832708 -0.029911 
-0.750145 -0.262152 0.020164 
0.811009 0.216403 0.030213 
-0.987200 0.089147 -0.017771 
-0.446830 -0.662004 -0.005643 
0.558478 0.690589 0.030213 
-0.246104 -0.927227 -0.029911 
0.795293 -0.358140 0.030213 
-0.066307 -0.957828 -0.029911 
-0.659063 0.428239 0.028055 
-0.156621 -0.977416 -0.029911 
0.802628 -0.590308 0.015728 
-0.589079 -0.537125 0.001794 
-0.017892 -0.916359 -0.029911 
-0.918561 0.235856 0.030213 
0.815784 -0.232149 0.030213 
-0.761971 0.196455 0.001809 
-0.254507 0.805199 -0.029911 
-0.779966 0.147860 0.042893 
0.903815 0.079662 -0.029911 
-0.855446 -0.286168 0.030213 
0.831481 -0.205299 -0.029911 
0.363199 -0.872507 0.030213 
-0.519846 -0.852601 -0.005821 
-0.666400 -0.508190 -0.032169 
-0.474874 -0.760677 -0.029911 
-0.294089 0.817710 0.030213 
0.636794 0.684704 0.030213 
0.812007 -0.511714 0.030213 
-0.707434 0.536440 0.030213 
0.819285 0.133283 -0.032513 
0.554290 -0.780063 -0.029911 
0.435939 -0.856857 0.030213 
-0.574129 0.583211 -0.034754 
-0.664029 0.614706 -0.029911 
-0.416559 -0.681274 0.031036 
0.233434 -0.960780 -0.029911 
0.787194 -0.084740 0.040596 
-0.250855 -0.794887 -0.034123 
0.525109 -0.659079 -0.031232 
-0.882034 0.165894 0.030213 
0.415554 -0.751575 -0.029911 
-0.088071 -0.875348 -0.029911 
-0.512383 -0.611640 -0.002256 
0.748148 -0.658165 0.022072 
0.786191 0.031201 -0.000068 
0.786309 -0.283334 -0.032112 
-0.810454 0.356308 0.030213 
-0.752219 0.381794 -0.029911 
0.746084 -0.264323 -0.005989 
0.889219 -0.412270 0.030213 
0.900313 0.182029 -0.029911 
-0.567552 0.600980 0.032839 
0.640827 0.748754 0.019466 
-0.231109 0.947379 0.030213 
0.862620 0.420081 -0.029911 
0.672004 -0.480299 -0.035309 
0.110031 0.771679 0.001727 
-0.951829 -0.013275 0.030213 
-0.910019 -0.003585 0.030213 
0.557167 -0.802601 0.030213 
-0.791816 0.421771 0.030213 
0.096022 -0.994693 -0.024340 
-0.265498 0.733966 -0.002870 
0.484074 0.613584 0.006235 
-0.915837 -0.389046 -0.024495 
0.372145 0.911385 -0.010169 
0.005457 0.943575 0.030213 
-0.352986 0.871990 0.030213 
0.711259 -0.406444 -0.036923 
-0.412013 0.850556 -0.029911 
0.868275 0.471246 0.023847 
-0.454313 0.689915 -0.032346 
-0.851024 0.501721 0.006924 
-0.387228 -0.776679 -0.029911 
0.473045 0.756593 -0.029911 
0.856431 -0.233808 0.030213 
0.515380 -0.750580 -0.029911 
0.756469 -0.439013 0.030213 
0.880386 -0.101387 0.030213 
-0.217251 -0.975380 0.014990 
-0.729940 -0.585920 0.030213 
0.242245 0.918985 0.030213 
-0.351701 -0.845419 -0.029911 
0.314517 -0.948318 -0.025995 
0.779843 -0.212853 0.039662 
0.441321 -0.796685 0.030213 
0.187252 0.880174 -0.029911 
0.669264 -0.530532 0.030213 
0.371936 -0.706463 -0.004940 
-0.514014 0.678996 0.030213 
-0.028775 -0.828374 0.035780 
-0.392573 0.891074 -0.029911 
0.889200 0.067700 0.030213 
-0.614740 -0.786178 0.025648 
-0.857096 -0.425136 0.030213 
0.901988 0.403615 0.019831 
0.335057 -0.725051 0.010060 
-0.283990 -0.957991 -0.018321 
0.927373 0.312901 0.030213 
0.164921 -0.784190 0.043170 
0.829758 -0.468837 -0.029911 
-0.301790 -0.740205 0.038068 
0.917853 0.261737 -0.029911 
-0.270426 -0.862892 -0.029911 
-0.690408 -0.676172 0.030213 
-0.809009 0.406876 -0.029911 
-0.136924 0.863918 0.030213 
-0.669300 0.410742 -0.012023 
0.749525 -0.371189 0.032396 
-0.857019 0.244294 -0.029911 
-0.408654 -0.861511 0.030213 
0.855373 0.312194 -0.029911 
-0.819929 0.122515 0.033350 
-0.922728 0.059762 -0.029911 
-0.807281 -0.392464 0.030213 
-0.706675 -0.365617 -0.008594 
0.115192 -0.844031 0.030213 
-0.731248 0.662557 -0.001884 
-0.792413 -0.010958 0.040469 
0.821082 0.341237 -0.029911 
-0.954296 -0.073556 0.030213 
0.797757 -0.004391 -0.041769 
0.866940 -0.405378 -0.029911 
-0.588614 -0.806442 -0.003740 
-0.530570 0.639962 -0.031159 
-0.017361 0.828372 -0.031277 
-0.935770 -0.157847 0.030213 
0.489878 0.646715 -0.036366 
-0.132460 0.910914 0.030213 
0.053570 -0.903909 -0.029911 
-0.651594 -0.566387 -0.029911 
0.831952 -0.263463 -0.029911 
0.377518 0.801376 -0.029911 
-0.574283 0.731538 -0.029911 
-0.611693 0.494513 -0.001864 
0.833611 -0.025761 0.032158 
-0.722431 -0.523845 -0.029911 
-0.809562 0.565588 -0.002596 
-0.523626 -0.772660 0.030213 
0.058077 0.838985 -0.029911 
0.222446 -0.877808 -0.029911 
-0.067074 0.972042 -0.029911 
-0.313796 0.933203 0.016788 
0.184294 -0.924865 0.030213 
0.790965 0.438516 -0.029911 
-0.185369 0.927518 -0.029911 
-0.735636 0.332690 -0.038411 
0.274352 0.835971 0.030213 
0.536855 -0.823026 -0.029911 
0.834077 -0.472948 0.030213 
-0.461079 -0.746215 0.030213 
0.553242 0.558941 0.043572 
-0.776218 0.528329 0.030213 
0.603265 -0.520506 0.043699 
0.791337 0.081133 -0.042069 
-0.267037 0.755859 -0.038798 
0.178096 0.950652 0.030213 
-0.643493 0.468329 0.041498 
0.991452 -0.014569 0.018106 
-0.050227 -0.962241 0.030213 
-0.875228 0.096586 0.030213 
-0.874345 0.436658 -0.029911 
0.684811 -0.594107 -0.029911 
0.926623 -0.360181 -0.009133 
0.500398 0.847995 -0.020532 
-0.319944 -0.759007 -0.036801 
0.558690 0.705719 -0.029911 
-0.227718 0.776871 0.036904 
0.064831 0.930694 -0.029911 
-0.809026 -0.328840 0.030213 
-0.931093 0.257289 -0.029911 
0.147343 0.953550 -0.029911 
0.953146 0.015707 -0.029911 
-0.338204 -0.831891 0.030213 
0.047111 0.876250 0.030213 
-0.770754 -0.190402 0.006719 
-0.099821 0.890578 0.030213 
-0.834199 0.291018 0.030213 
0.072649 -0.996903 0.030006 
0.270579 0.732405 0.013220 
0.943071 0.298842 -0.013219 
-0.797936 0.317819 -0.029911 
0.415452 0.661364 -0.004268 
-0.724434 -0.685939 -0.004650 
0.171191 -0.780697 -0.001602 
-0.048083 -0.892927 -0.029911 
0.973317 -0.125346 0.030213 
-0.650601 -0.712587 0.030213 
-0.838379 0.015600 0.031017 
0.014783 -0.923839 0.030213 
-0.587880 -0.596787 0.032788 
0.376475 -0.820338 -0.029911 
-0.428819 0.840717 0.030213 
-0.904748 -0.414670 0.008602 
0.889488 0.109811 0.030213 
0.968344 -0.219435 -0.007468 
-0.337928 0.739343 0.036116 
0.868597 -0.042506 -0.029911 
-0.435916 -0.800530 0.030213 
0.761370 0.226404 0.042328 
-0.076111 -0.796118 -0.006459 
-0.579721 0.565403 0.037429 
0.673772 -0.493046 0.033202 
0.736347 0.494919 0.030213 
0.604388 -0.635890 0.030213 
0.310961 0.740225 -0.038476 
0.364206 0.857515 -0.029911 
0.702702 0.691364 -0.025417 
0.779213 0.569393 -0.029911 
-0.194634 0.783745 -0.037124 
-0.640347 0.541135 -0.029911 
-0.715270 0.377379 0.038253 
0.961442 0.050629 0.030213 
0.522223 0.619161 0.037091 
0.200473 -0.832674 0.030213 
-0.948636 0.073786 0.030213 
-0.696137 0.443389 -0.033205 
-0.169019 -0.935957 0.030213 
0.871887 -0.161446 -0.029911 
0.854404 0.198883 -0.029911 
-0.362187 0.691709 -0.000573 
-0.678422 0.555524 -0.029911 
-0.801197 -0.441820 -0.029911 
-0.741877 -0.393998 0.031764 
0.361356 0.910469 0.030213 
0.160176 0.776395 0.041361 
-0.832598 0.478955 0.030213 
-0.240594 -0.906633 0.030213 
0.695110 0.530497 -0.029911 
-0.271324 0.907800 -0.029911 
0.390346 -0.919161 0.012291 
-0.052369 0.807875 -0.036501 
-0.008373 -0.799480 -0.042570 
-0.318282 -0.891218 0.030213 
-0.836717 0.060552 -0.030542 
0.741981 -0.605944 -0.029911 
0.961448 0.093388 -0.029911 
-0.806456 -0.483523 -0.029911 
-0.392512 0.768670 -0.029911 
0.382002 0.682989 -0.020892 
0.786155 -0.063314 -0.005984 
0.510087 -0.653319 0.035293 
-0.265409 -0.865154 0.030213 
0.721314 0.530860 0.030213 
-0.199186 -0.817228 -0.032056 
-0.767515 -0.600785 -0.029911 
-0.837570 -0.060739 0.030962 
-0.531128 0.605815 0.038442 
0.613700 -0.530423 -0.039511 
0.602887 0.500468 -0.010143 
0.442623 -0.660735 -0.011947 
0.458144 0.692168 0.031436 
-0.788491 -0.590744 0.030213 
0.360538 -0.752866 -0.033602 
0.678089 -0.662108 -0.029911 
-0.898048 -0.348787 0.030213 
0.772737 0.144850 0.009838 
-0.323210 0.895008 -0.029911 
0.752309 -0.320136 -0.037130 
0.201702 -0.978684 0.003537 
0.955701 -0.271048 0.009666 
-0.666910 0.657251 -0.029911 
0.620286 -0.584613 0.030213 
0.166821 0.911073 -0.029911 
-0.082897 0.926201 0.030213 
-0.923170 0.131027 -0.029911 
-0.359997 -0.932222 -0.024086 
0.959961 0.136326 -0.029911 
-0.203393 0.754470 -0.013125 
-0.320507 -0.897507 -0.029911 
0.890528 0.427757 -0.005365 
-0.442952 -0.680238 -0.039886 
0.591729 0.555413 -0.036585 
0.955115 0.228943 0.030213 
-0.683213 -0.533951 0.030213 
-0.127052 0.798315 -0.036881 
0.722544 -0.330429 0.039512 
-0.426184 -0.809073 -0.029911 
0.724255 0.409833 -0.031257 
0.664293 -0.644745 0.030213 
-0.653701 0.559390 0.030213 
0.546036 0.779999 -0.029911 
0.841732 -0.103623 0.030213 
-0.516227 -0.823722 0.030213 
-0.809667 -0.360487 -0.029911 
-0.585366 -0.774200 -0.029911 
0.476245 -0.736874 0.030213 
0.516965 -0.606084 0.036403 
0.747485 0.605070 0.030213 
-0.919391 -0.301500 -0.029911 
-0.932326 0.330830 0.024190 
-0.564374 -0.563718 -0.001485 
0.759664 -0.250210 -0.041782 
0.636762 -0.767990 -0.022356 
-0.263587 0.906894 0.030213 
0.040659 -0.879782 0.030213 
-0.897502 0.322047 0.030213 
-0.285724 0.832487 -0.029911 
-0.615710 -0.507394 0.043527 
0.821972 0.294369 0.030213 
0.450614 -0.704375 0.033364 
-0.383987 0.906595 0.024130 
-0.668886 -0.673234 -0.029911 
-0.077052 0.818774 0.033282 
0.470082 -0.679217 -0.035851 
-0.983498 -0.139202 -0.002587 
0.707313 0.427549 0.033149 
-0.335080 -0.754416 0.036573 
0.823594 0.369534 0.030213 
-0.586635 0.659500 -0.029911 
-0.642388 -0.471728 -0.001301 
-0.757586 -0.648335 0.007850 
0.659312 -0.516500 -0.032173 
-0.736154 -0.469124 -0.029911 
0.709313 0.350903 0.042798 
-0.471466 0.800808 0.030213 
-0.746543 0.255536 -0.034321 
0.740954 0.360775 -0.033599 
0.474513 -0.836281 0.030213 
0.318642 0.775398 0.030213 
-0.742115 -0.285276 -0.011023 
-0.423904 -0.727606 -0.031637 
-0.989157 -0.084095 0.010390 
-0.695162 -0.434129 -0.037147 
-0.146440 -0.894424 -0.029911 
-0.081684 0.775728 0.004675 
0.376643 -0.894761 -0.029911 
0.214959 -0.870006 0.030213 
0.315563 0.920835 -0.029911 
0.871665 -0.480430 -0.002338 
0.766767 0.303002 -0.033623 
-0.739015 0.277297 0.007532 
-0.376890 0.833472 -0.029911 
-0.193637 -0.775969 0.029379 
-0.791443 0.023087 -0.021135 
0.093226 0.804714 0.036657 
0.926392 -0.114978 -0.029911 
0.504154 0.743280 0.030213 
-0.783283 -0.268038 -0.034377 
0.198679 0.918449 0.030213 
-0.687180 -0.402463 0.043620 
-0.748549 0.540416 -0.029911 
-0.939117 -0.149332 -0.029911 
0.438586 -0.709772 -0.033635 
0.394162 -0.694645 0.028579 
0.918070 0.273298 0.030213 
0.777616 0.206070 -0.039363 
0.151944 0.926044 0.030213 
-0.571310 -0.715474 -0.029911 
-0.133158 -0.990717 0.016661 
0.545234 -0.692162 -0.029911 
-0.928877 -0.249489 0.030213 
0.253893 0.906467 -0.029911 
-0.980569 0.142044 0.011991 
0.966696 -0.226808 0.027078 
-0.879492 -0.116854 0.030213 
0.733939 0.277849 -0.004303 
0.978368 0.151070 0.009562 
0.313090 0.843230 0.030213 
-0.656980 0.479129 -0.036454 
-0.916593 0.207929 -0.029911 
-0.890348 -0.050491 0.030213 
0.939761 -0.086137 0.030213 
0.583481 0.750792 0.030213 
-0.111931 0.977610 0.008654 
0.026369 -0.964815 0.030213 
0.821747 -0.089013 -0.034041 
0.339594 0.703291 0.010114 
0.736867 -0.403935 0.031441 
0.025925 -0.978611 -0.029911 
-0.278566 0.871389 0.030213 
-0.409302 0.766460 0.030213 
0.426396 -0.813401 -0.029911 
-0.025520 0.983434 0.004776 
-0.521228 -0.827324 -0.029911 
-0.576297 0.663587 0.030213 
-0.199721 0.920066 0.030213 
0.664456 -0.437867 -0.005715 
0.640276 -0.595928 -0.029911 
-0.582619 -0.704749 0.030213 
-0.704054 0.531873 -0.029911 
-0.100103 0.863421 -0.029911 
-0.245005 0.810215 0.030213 
0.840721 -0.533490 0.003533 
0.064356 0.778852 -0.018871 
0.020671 0.910019 -0.029911 
0.650236 0.459709 0.041253 
0.445113 0.646826 -0.041659 
0.776849 0.607968 0.002277 
0.639996 0.542848 0.030213 
-0.582134 -0.585195 -0.035854 
-0.787896 -0.098355 0.043468 
-0.797293 0.511046 -0.029911 
-0.855530 0.252303 0.030213 
-0.795355 0.205979 -0.034891 
-0.629451 -0.663583 0.030213 
0.143878 0.766613 0.006416 
-0.532855 -0.637982 0.034708 
-0.374198 -0.705671 -0.040881 
0.492911 -0.824179 -0.029911 
0.842967 0.514039 -0.014577 
-0.834479 -0.460170 -0.029911 
0.750498 -0.383790 -0.030370 
-0.691231 0.438175 0.035417 
0.631951 0.590947 -0.029911 
0.850839 0.019477 0.030213 
0.575239 -0.716877 0.030213 
0.805575 -0.157573 0.036102 
-0.529148 0.779200 0.030213 
0.794172 -0.543513 0.030213 
-0.018934 0.779485 0.001469 
0.500882 0.814891 -0.029911 
-0.799408 0.567194 0.030213 
0.879067 -0.372849 -0.029911 
0.517844 -0.813668 0.030213 
0.435490 0.879661 -0.029911 
-0.707006 -0.617409 -0.029911 
0.241941 0.849843 -0.029911 
-0.807300 -0.570113 -0.029911 
0.771424 0.384635 0.030213 
0.922897 0.156233 -0.029911 
0.266922 -0.829124 -0.029911 
0.688398 -0.674740 0.030213 
-0.272533 -0.799388 0.031438 
0.606701 0.765420 -0.029911 
0.320668 -0.946103 0.011066 
-0.168817 0.765680 0.043448 
-0.756612 -0.516537 0.030213 
-0.344320 0.797771 0.030213 
0.399634 0.743748 -0.029911 
0.260137 -0.930603 0.030213 
0.891941 -0.440636 0.004948 
0.609371 -0.666110 -0.029911 
0.702560 -0.448646 -0.033118 
0.303600 -0.739056 0.006107 
-0.965613 0.004129 -0.029911 
0.293469 -0.902199 0.030213 
0.676631 0.684604 0.030213 
-0.255751 0.740564 0.034217 
0.897095 0.350684 -0.029911 
0.673907 0.557809 -0.029911 
-0.970023 0.190383 -0.029911 
0.418181 0.891464 -0.000467 
-0.868466 -0.487880 0.013699 
0.941199 -0.151616 -0.029911 
0.437366 0.881926 0.030213 
-0.822306 -0.501072 0.030213 
-0.843076 0.502817 -0.029911 
0.864582 0.231199 -0.029911 
-0.816896 0.089750 -0.035107 
-0.228158 0.868954 -0.029911 
0.602502 -0.746515 0.030213 
0.803382 -0.325263 0.030213 
-0.614435 -0.554200 -0.035226 
0.146617 0.820927 0.030213 
-0.041240 -0.908239 0.030213 
0.119545 0.809603 -0.034117 
-0.889420 -0.368713 -0.029911 
0.831322 0.243365 0.030213 
-0.685746 -0.468632 0.034448 
-0.621314 0.720636 -0.029911 
-0.812379 0.133030 -0.034592 
0.165986 -0.805738 -0.037114 
0.047459 0.813605 0.035337 
0.213332 -0.805918 -0.034110 
-0.841872 -0.532848 -0.011909 
-0.868816 0.006104 -0.029911 
0.940630 0.214968 -0.029911 
0.696209 0.362312 0.014013 
0.373339 -0.811394 0.030213 
0.347967 0.817368 -0.029911 
0.883007 0.106021 -0.029911 
0.534367 0.573372 -0.021674 
-0.563415 0.782655 0.030213 
0.858289 -0.228330 -0.029911 
-0.071621 -0.825380 -0.035611 
0.788510 -0.052822 0.028711 
-0.791274 0.435263 -0.029911 
-0.859463 -0.212209 0.030213 
-0.502210 0.647976 0.034471 
-0.791864 0.217901 0.035296 
-0.987863 -0.020613 0.030213 
0.136336 0.974439 0.000700 
-0.925337 -0.365894 0.005245 
-0.739333 -0.668759 -0.029911 
-0.507548 -0.753959 -0.029911 
-0.431317 -0.851260 -0.029911 
0.818851 -0.393575 -0.029911 
0.628396 0.466257 0.000947 
-0.991671 0.016501 0.025966 
0.396818 0.764933 0.030213 
0.518819 0.690548 0.030213 
-0.597508 0.783892 0.003276 
-0.904665 0.308441 -0.029911 
0.939197 -0.325255 -0.008332 
-0.823093 -0.034723 -0.034851 
-0.053097 -0.927340 -0.029911 
-0.645776 0.635738 0.030213 
0.335227 -0.850325 0.030213 
-0.329273 0.711809 -0.038643 
-0.446474 0.713543 0.030213 
0.690449 -0.394272 0.029978 
0.380535 0.861505 0.030213 
0.410392 -0.724114 0.034495 
-0.771901 -0.454053 0.030213 
0.634704 -0.731866 -0.029911 
-0.159454 -0.794837 0.040707 
-0.216789 -0.789370 -0.038234 
0.801673 -0.326010 -0.029911 
0.279764 -0.958995 0.007431 
0.690491 -0.719228 0.004403 
0.027642 -0.837016 -0.033102 
0.417771 0.702025 0.035044 
-0.892664 -0.168676 -0.029911 
-0.940680 0.106083 0.030213 
0.277549 -0.781097 -0.035321 
0.630831 0.631428 0.030213 
-0.190052 -0.858034 0.030213 
0.980000 -0.156419 -0.003270 
-0.835462 -0.258458 0.030213 
0.588568 0.556117 0.037365 
-0.934840 -0.193498 0.030213 
0.140255 -0.938285 -0.029911 
-0.568208 -0.810829 0.030213 
0.803502 -0.160447 -0.036219 
0.402918 -0.839684 -0.029911 
-0.670138 -0.430585 0.026109 
0.170735 0.853684 0.030213 
-0.730621 0.408102 0.030455 
0.553333 0.814735 -0.000315 
-0.141856 0.963158 0.030213 
0.877990 -0.057844 0.030213 
0.728059 0.665299 0.002674 
0.894477 -0.139264 0.030213 
-0.073696 -0.849206 0.030213 
0.236062 0.776810 -0.035927 
0.129361 -0.815322 0.036672 
0.916400 -0.273543 0.030213 
-0.690048 0.380252 -0.009154 
0.082871 -0.931155 0.030213 
-0.922328 0.358394 0.000521 
0.507737 -0.625807 -0.041176 
0.862155 0.139554 0.030213 
0.973598 -0.052191 -0.029911 
0.664395 0.727976 -0.001021 
-0.945403 -0.234931 -0.029911 
0.784476 0.555405 0.030213 
0.859800 0.029202 -0.029911 
-0.814887 0.345544 -0.029911 
0.325034 -0.755375 -0.037053 
0.626907 -0.488140 0.012284 
-0.894855 -0.436430 -0.029135 
-0.686963 -0.723527 -0.004782 
-0.784103 0.106448 0.003035 
0.193133 0.799123 -0.033057 
0.780231 -0.430119 -0.029911 
-0.882685 0.444664 0.006975 
0.764914 -0.562836 0.030213 
0.834352 0.414834 0.030213 
-0.339904 0.822735 -0.029911 
0.701406 0.461708 -0.029911 
-0.764688 -0.410601 -0.029911 
0.661047 0.422970 -0.018588 
0.559314 0.722929 0.030213 
-0.666955 -0.600534 0.030213 
0.327246 -0.824791 -0.029911 
-0.282771 -0.827952 -0.029911 
0.270160 -0.839560 0.030213 
0.549247 0.556162 0.006385 
0.196988 -0.943674 -0.029911 
-0.553733 0.558342 -0.036782 
0.520803 0.638332 -0.033062 
0.834010 -0.053358 -0.031489 
-0.930785 0.289627 -0.029911 
0.795938 0.386729 -0.029911 
-0.327060 0.770631 0.030213 
-0.040295 -0.798623 0.031992 
-0.448395 0.665309 0.039201 
0.850843 -0.265581 0.030213 
-0.870783 0.396744 -0.029911 
-0.794776 0.071899 0.041911 
-0.540142 0.591024 -0.039575 
0.916015 0.371200 -0.001514 
-0.021508 0.947246 -0.029911 
-0.597046 -0.637715 -0.029911 
0.439775 0.847991 -0.029911 
-0.191398 -0.776565 -0.004907 
0.515935 0.697057 -0.029911 
-0.873228 -0.251268 -0.029911 
-0.905580 0.397097 0.007324 
-0.806892 -0.159512 0.035864 
0.786772 -0.094339 -0.043375 
-0.789212 -0.516231 0.030213 
-0.132871 -0.788641 0.008726 
-0.248558 0.952633 -0.001567 
0.689538 0.704529 0.000328 
0.195532 -0.798221 0.037632 
-0.671877 -0.737712 0.024173 
0.722511 0.330275 -0.041730 
0.673268 0.403691 0.021275 
-0.496940 -0.663637 -0.035042 
0.152271 -0.864144 0.030213 
0.234758 0.955643 -0.006184 
-0.539392 0.824733 0.014160 
-0.991841 -0.026723 -0.029771 
0.578454 -0.633476 -0.029911 
-0.667999 0.725478 -0.015311 
0.049578 0.981437 0.030213 
-0.920730 -0.076237 0.030213 
0.435427 -0.778569 -0.029911 
-0.965805 0.218591 0.000526 
0.795508 -0.264076 0.031617 
-0.867733 0.168351 -0.029911 
0.239822 0.745527 -0.030258 
0.160271 -0.986301 -0.013513 
0.959505 0.242302 0.001977 
-0.751813 0.467387 -0.029911 
-0.383148 -0.922610 0.022580 
-0.507569 0.718422 -0.029911 
0.449023 0.785745 -0.029911 
0.812352 0.100490 0.036126 
-0.653945 0.597966 0.030213 
0.359201 -0.781015 0.030213 
0.887316 -0.239528 0.030213 
-0.228046 0.944170 -0.029911 
0.760339 -0.504787 -0.029911 
0.092964 0.778122 -0.039683 
0.957196 -0.156424 0.030213 
-0.580121 0.715956 0.030213 
-0.259447 0.871108 -0.029911 
0.785642 0.062929 -0.017209 
0.845338 0.446206 -0.029911 
0.029010 0.827255 -0.031467 
0.464991 0.721657 -0.029911 
0.869022 0.227942 0.030213 
-0.875843 -0.109808 -0.029911 
-0.641059 0.749229 0.004311 
-0.905766 0.022302 -0.029911 
0.781476 0.527309 -0.029911 
0.914259 -0.049277 -0.029911 
-0.604928 0.584929 -0.029911 
-0.225451 -0.822148 0.030213 
0.989026 0.061663 0.003605 
-0.827734 0.471915 -0.029911 
-0.866680 0.079026 -0.029911 
-0.104123 -0.823754 -0.035127 
-0.113873 0.797216 0.037975 
-0.377070 0.738443 0.031736 
0.474016 0.735592 0.030213 
0.888006 -0.097247 -0.029911 
0.421969 -0.864672 -0.029911 
-0.377318 -0.727356 0.038169 
-0.961166 0.058333 -0.029911 
-0.081229 0.960690 0.030213 
0.914954 0.026385 0.030213 
-0.757459 0.481353 0.030213 
0.803805 -0.501659 -0.029911 
-0.703548 0.635381 -0.029911 
0.925215 -0.210715 0.030213 
-0.724546 -0.383502 -0.036951 
0.714222 -0.666555 -0.029911 
0.702095 0.573617 -0.029911 
-0.607658 0.521357 -0.039720 
0.933169 -0.269759 -0.029911 
-0.630789 0.538643 0.032126 
0.580544 0.589747 -0.032087 
0.085248 0.916667 0.030213 
-0.840008 -0.009011 -0.030477 
-0.822666 -0.356604 0.030213 
-0.534421 0.722863 0.030213 
-0.834418 -0.015052 0.032248 
-0.803856 0.393281 0.030213 
-0.474180 -0.816339 0.030213 
0.294694 0.939005 -0.016143 
-0.826754 -0.089569 0.033177 
0.759157 -0.566649 -0.029911 
0.199323 0.963563 0.006071 
0.980123 -0.064587 0.030213 
-0.753421 -0.494697 -0.029911 
-0.663166 -0.637843 -0.029911 
0.517116 0.795653 0.030213 
-0.195633 0.897126 -0.029911 
0.099274 0.915134 -0.029911 
-0.492809 0.778212 0.030213 
-0.589849 -0.663729 0.030213 
0.001188 0.824822 0.032669 
-0.767648 0.187207 -0.035436 
-0.880812 0.358625 -0.029911 
0.608863 -0.673278 0.030213 
-0.398092 0.729853 -0.030825 
-0.722846 0.367310 -0.037430 
0.099031 0.978757 0.007430 
0.910750 -0.105868 0.030213 
-0.673590 0.495104 0.030473 
0.102912 -0.821191 -0.035829 
-0.587620 0.529228 0.042629 
-0.816839 0.040464 0.036656 
0.524393 0.734630 -0.029911 
0.641639 -0.737619 0.030213 
-0.500791 -0.701722 0.030213 
0.266349 -0.753203 0.003871 
0.503358 0.599293 -0.014751 
-0.920120 0.164121 0.030213 
0.754400 0.216512 0.003345 
0.778352 -0.143850 -0.031783 
0.922745 0.017451 -0.029911 
0.831329 -0.309642 0.030213 
-0.865555 0.430245 0.030213 
-0.991075 0.035484 -0.001935 
0.349305 0.742041 0.034033 
-0.297036 -0.742315 -0.007759 
0.289128 0.782998 0.030213 
-0.146377 0.960455 -0.029911 
-0.990931 -0.055687 -0.000216 
0.587024 -0.751526 -0.029911 
-0.144804 -0.824904 0.033385 
-0.480742 0.782337 -0.029911 
-0.742039 -0.438358 0.030213 
0.611234 0.731590 -0.029911 
0.709177 -0.475426 0.030213 
-0.261043 -0.893648 -0.029911 
0.085092 0.777347 0.023697 
0.599600 0.682488 0.030213 
-0.785701 -0.109625 -0.013942 
-0.257989 -0.965545 0.001254 
0.875455 -0.372672 0.030213 
-0.214351 -0.946477 -0.029911 
-0.405332 -0.688289 -0.000445 
-0.202684 0.870077 0.030213 
0.626746 0.683190 -0.029911 
-0.000051 0.984213 -0.011476 
0.910742 -0.399038 0.010575 
-0.091082 0.938146 -0.029911 
0.782245 0.100338 0.025686 
-0.854180 -0.456998 0.030213 
-0.945714 -0.308080 0.024622 
-0.447463 0.877231 0.003622 
-0.814587 -0.573846 0.023292 
-0.483466 -0.635386 -0.006128 
0.147093 -0.888944 -0.029911 
-0.494670 0.704951 0.030213 
0.847761 0.314497 0.030213 
-0.419432 -0.906909 -0.011276 
0.808581 -0.203070 0.032690 
0.925613 -0.350874 0.030213 
-0.635879 0.508408 0.036439 
-0.154508 -0.962233 0.030213 
-0.608158 0.572152 0.030593 
-0.243241 0.743827 -0.020911 
-0.639452 -0.489161 0.041498 
0.580834 0.783365 0.030213 
-0.802586 -0.180760 -0.035631 
-0.102412 -0.840620 0.030871 
-0.724666 0.312810 0.030215 
-0.447660 0.773543 0.030213 
0.584848 -0.589946 -0.034254 
-0.763784 -0.311250 0.035626 
0.040715 0.982932 -0.008456 
0.473454 0.840889 0.030213 
-0.750724 0.640466 -0.006894 
-0.631093 0.613326 -0.029911 
-0.676752 0.701147 0.030213 
0.800688 -0.388622 0.030213 
0.403697 -0.687869 -0.031865 
-0.889098 0.227725 0.030213 
-0.642106 0.452839 -0.022312 
-0.203554 0.962790 0.013723 
0.817508 -0.360324 -0.029911 
-0.395296 -0.888878 -0.029911 
0.657091 0.597918 0.030213 
0.984626 -0.123869 0.002733 
-0.263914 -0.765725 0.040858 
-0.845225 0.415178 -0.029911 
0.273204 0.802290 -0.029911 
-0.170576 0.914141 0.030213 
-0.780754 -0.155287 -0.042768 
0.315801 0.932204 0.030205 
0.720441 -0.689277 -0.004084 
0.976168 -0.180611 -0.028737 
0.132771 0.855251 0.030213 
0.014232 0.791126 0.041770 
0.440409 0.744792 -0.029911 
-0.882395 -0.374003 0.030213 
-0.773528 0.292206 0.033484 
0.772234 0.498841 0.030213 
0.678504 0.399834 -0.043409 
0.189080 0.960627 -0.029911 
0.204085 0.848258 0.030213 
0.892590 -0.439363 -0.028870 
0.990806 0.019496 -0.017493 
-0.848704 -0.143353 0.030213 
-0.190486 -0.845395 -0.029911 
0.145258 0.884834 0.030213 
-0.976087 -0.185990 0.004000 
0.644561 0.714542 0.030213 
-0.103253 -0.792803 0.018154 
-0.778341 -0.154778 0.022764 
-0.013907 0.966312 0.030213 
0.813010 -0.106250 0.036230 
0.704660 0.344707 -0.008047 
-0.348528 -0.752120 -0.035298 
-0.565537 0.631555 0.030213 
-0.862783 -0.446953 -0.029911 
-0.066900 0.889068 -0.029911 
0.706417 -0.534880 0.030213 
-0.870329 0.383405 0.030213 
0.672146 -0.699845 0.030213 
-0.305361 0.790604 0.030213 
-0.189059 -0.907674 0.030213 
-0.718123 0.626378 0.030213 
-0.376462 0.909851 -0.011787 
0.744254 -0.465693 0.030213 
-0.144095 0.828930 -0.029911 
0.060998 -0.847357 0.030213 
-0.761257 0.256348 0.040042 
-0.083504 0.808961 -0.035487 
-0.534042 -0.593009 0.004259 
-0.095040 -0.963508 -0.029911 
-0.774958 -0.238467 -0.038997 
-0.382334 -0.805544 -0.029911 
0.010760 0.781899 -0.023491 
0.955632 -0.116279 -0.029911 
0.627994 0.509780 -0.037427 
0.889941 0.252946 -0.029911 
0.777566 -0.622696 0.022331 
-0.935226 -0.338428 0.001010 
-0.710694 0.684143 -0.002080 
-0.449401 0.760188 -0.029911 
0.754481 0.264155 0.040938 
0.087113 0.949579 -0.029911 
-0.117705 0.918442 -0.029911 
-0.762945 -0.441145 -0.029911 
-0.622069 0.482315 0.022544 
0.987169 -0.096964 -0.014256 
-0.759902 0.420651 0.030213 
-0.632562 -0.592002 -0.029911 
0.749643 0.577334 -0.029911 
0.780893 0.162965 -0.041329 
-0.493821 -0.842411 -0.029911 
-0.952026 0.145714 -0.029911 
0.107090 0.881835 -0.029911 
-0.177975 0.762017 -0.025749 
-0.787270 0.079047 -0.022554 
0.736126 0.483131 -0.029911 
0.570232 0.588326 0.034654 
0.523878 -0.600969 -0.040439 
0.105770 -0.792341 0.003836 
0.759307 -0.645508 -0.003370 
-0.093648 -0.904314 0.030213 
0.943541 -0.065900 -0.029911 
0.798239 0.355442 0.030213 
0.229762 -0.779953 -0.039656 
-0.762600 0.323634 -0.032785 
0.524239 -0.596176 0.010151 
-0.020940 -0.878560 -0.029911 
0.851922 0.088332 0.030213 
-0.916711 0.300361 0.030213 
0.309200 0.828917 -0.029911 
-0.382271 0.694206 0.041717 
-0.735717 -0.360859 0.037220 
-0.547632 -0.747178 0.030213 
0.770038 0.413510 0.030213 
0.911260 -0.296313 -0.029911 
0.848072 0.390213 -0.029911 
0.268276 0.740165 0.042900 
0.855934 0.116082 -0.029911 
0.715028 -0.337167 0.000723 
-0.870145 0.061224 0.030213 
0.808080 0.514174 0.030213 
-0.078985 0.847394 0.030213 
-0.844809 -0.285124 -0.029911 
-0.461784 0.728825 -0.029911 
-0.856849 -0.039364 0.030213 
0.745412 0.645616 -0.009127 
-0.865470 0.304720 0.030213 
-0.331166 0.864237 -0.029911 
0.183667 -0.827319 -0.030318 
-0.726527 0.421261 -0.029911 
0.302275 -0.879771 -0.029911 
0.255669 -0.902264 0.030213 
-0.883950 -0.041622 -0.029911 
-0.829733 -0.532705 0.030213 
-0.255348 -0.757488 -0.008056 
-0.035204 0.857121 -0.029911 
-0.337847 0.896951 0.030213 
-0.965720 -0.234625 0.005193 
0.133627 -0.990521 -0.003972 
0.304183 -0.843197 -0.029911 
0.204961 -0.944646 0.030213 
-0.331790 -0.868037 -0.029911 
0.246359 -0.760479 0.027320 
0.803489 -0.474053 0.030213 
0.846589 -0.169356 0.030213 
0.000520 -0.999847 0.007626 
0.787630 0.004775 0.010607 
-0.686973 -0.461368 -0.034957 
0.395207 0.798916 0.030213 
0.414284 -0.763817 0.030213 
-0.957964 -0.045279 0.030213 
0.777988 -0.225588 -0.039011 
0.492822 0.610220 0.033151 
-0.616707 0.768999 0.018146 
0.712724 -0.547263 -0.029911 
0.891656 0.344557 0.030213 
-0.037730 0.780926 0.023764 
0.788508 0.035039 0.028028 
0.795332 -0.292475 0.030213 
0.785218 0.597179 -0.029368 
0.500211 0.673405 -0.029911 
0.754441 0.565526 0.030213 
0.495795 -0.764184 0.030213 
0.155859 -0.920486 0.030213 
-0.775283 0.365844 0.030213 
-0.792830 0.383590 -0.029911 
0.765741 0.182049 0.022578 
-0.851613 0.175935 0.030213 
0.949259 -0.229982 -0.029911 
-0.919384 -0.265381 -0.029911 
-0.674438 -0.719646 -0.029911 
-0.948063 -0.132324 0.030213 
0.655550 0.490452 0.035022 
0.159309 -0.959234 -0.029911 
-0.597815 -0.527423 0.034036 
0.061513 -0.797085 -0.018041 
0.586843 0.620700 0.030213 
0.070378 0.981465 0.008478 
0.941459 0.101707 0.030213 
0.254613 -0.966302 -0.003128 
-0.316625 0.715716 0.025376 
0.384615 -0.921641 -0.026630 
-0.864648 -0.063423 -0.029911 
-0.985233 0.109952 0.001205 
0.820600 0.272299 -0.029911 
-0.963864 -0.095779 -0.029911 
0.382593 -0.898801 0.030213 
-0.737912 0.555313 0.030213 
0.921058 -0.324660 -0.029911 
-0.162109 0.880981 -0.029911 
0.675509 -0.420451 0.013464 
0.606371 -0.792071 -0.006042 
-0.777074 -0.624324 -0.017681 
0.857963 0.488683 0.004302 
0.753045 0.331389 -0.034065 
-0.038289 -0.998685 0.014656 
-0.428836 0.814613 -0.029911 
0.757491 -0.506299 0.030213 
-0.714077 0.495608 0.030213 
-0.789623 -0.072307 0.033131 
-0.927471 -0.003770 -0.029911 
0.432686 -0.684099 0.040672 
0.363949 0.691810 0.017916 
0.828512 0.096295 -0.031563 
0.854875 -0.509557 0.000260 
-0.746910 0.568355 -0.029911 
0.375985 0.721785 -0.035531 
0.788804 0.444479 0.030213 
0.795234 0.111423 -0.040006 
-0.493311 -0.868294 -0.003979 
0.903093 -0.264157 -0.029911 
-0.770707 -0.258415 0.038740 
0.557413 -0.564498 0.010073 
0.610063 0.492625 0.021176 
-0.448519 0.860555 -0.029911 
-0.470823 -0.855712 0.030213 
-0.661807 0.659371 0.030213 
0.721892 0.659660 0.030213 
-0.845431 -0.351334 -0.029911 
0.747726 0.319445 0.037065 
0.008578 0.884518 -0.029911 
-0.482194 -0.677253 0.034780 
0.588112 -0.806234 -0.022667 
-0.727073 -0.322507 0.026119 
0.876707 0.007106 -0.029911 
0.323653 -0.730128 -0.019067 
-0.132608 -0.963408 -0.029911 
0.338377 0.736113 -0.036478 
-0.134614 -0.890078 0.030213 
-0.945690 0.292508 -0.003595 
-0.801609 -0.419672 0.030213 
0.255634 -0.941132 -0.029911 
-0.803601 -0.306953 -0.029911 
-0.991675 0.016378 -0.022334 
0.855408 0.394015 0.030213 
0.690859 -0.567035 -0.029911 
0.792315 0.320049 -0.029911 
0.590400 0.515525 0.021904 
0.518039 0.719344 0.030213 
-0.536918 -0.777721 -0.029911 
0.823944 0.543290 0.003026 
-0.150596 -0.785238 -0.036676 
0.228872 0.787923 0.033890 
0.769821 -0.603167 -0.029911 
-0.111542 0.773728 0.023601 
0.079905 -0.841094 -0.031051 
-0.383900 -0.700512 0.020892 
-0.785202 -0.114371 0.020995 
-0.965266 0.178982 0.030213 
0.008602 -0.826819 0.036357 
0.352061 -0.882246 -0.029911 
-0.559690 0.552589 0.023460 
-0.630610 -0.629346 -0.029911 
-0.299812 -0.821444 0.030213 
0.765336 -0.296615 0.036505 
0.719571 0.452033 0.030213 
0.884791 0.263091 0.030213 
0.450999 -0.654258 0.013462 
-0.878797 -0.269618 0.030213 
-0.452472 -0.868858 -0.029911 
0.946149 -0.303926 0.011857 
0.532908 0.577296 0.041078 
-0.839090 0.521900 -0.007459 
-0.570636 0.541956 -0.012666 
-0.902451 -0.123664 -0.029911 
0.265522 0.761022 -0.037555 
-0.840244 -0.403416 0.030213 
-0.569302 -0.728775 0.030213 
0.972290 0.186128 -0.001634 
0.753417 -0.453393 -0.029911 
0.655221 -0.451558 0.016217 
-0.941367 0.269306 0.030213 
-0.172166 -0.903969 -0.029911 
0.980287 0.113319 -0.029911 
0.484897 -0.860475 -0.029911 
0.699227 0.562406 0.030213 
0.665629 0.675363 -0.029911 
-0.635808 -0.749818 -0.029911 
0.657401 -0.749794 0.009744 
-0.548192 0.619017 -0.032321 
-0.721544 -0.559843 0.030213 
0.733172 -0.298538 -0.016468 
-0.755676 0.219498 -0.011557 
0.673376 -0.710345 -0.029911 
-0.804415 -0.263036 0.030213 
-0.657170 -0.533842 -0.029933 
-0.788640 0.593761 -0.029551 
0.937512 0.078654 -0.029911 
0.460787 0.632080 0.017728 
-0.285512 0.941896 -0.004377 
-0.534984 -0.691822 0.030213 
-0.792412 -0.010997 0.013171 
0.551892 -0.594404 -0.039665 
-0.278653 0.792468 -0.029911 
0.120010 0.809422 0.034450 
-0.670147 0.468125 0.035675 
0.395152 0.780560 -0.029911 
-0.855990 -0.508976 -0.008038 
0.065295 -0.973544 -0.029911 
0.900594 -0.175536 -0.029911 
0.267906 0.868189 -0.029911 
0.670672 0.473974 -0.034145 
0.246663 -0.864181 0.030213 
0.803246 0.138924 0.036868 
-0.567483 -0.668993 -0.029911 
0.628584 0.620984 -0.029911 
-0.497381 -0.763118 0.030213 
-0.727120 -0.550621 -0.029911 
0.724160 -0.326917 -0.039987 
-0.294471 -0.743249 -0.035097 
-0.066122 0.903511 0.030213 
0.808638 -0.190958 -0.033157 
0.696029 -0.384890 -0.043345 
-0.870468 -0.180382 0.030213 
0.641555 0.710298 -0.029911 
-0.180901 0.853875 0.030213 
0.755648 -0.239784 0.000570 
-0.968827 -0.096471 0.030213 
0.883842 0.440879 0.021069 
-0.688610 0.611501 0.030213 
-0.847679 -0.140197 -0.029911 
0.571964 0.537785 -0.030717 
-0.632095 0.705656 0.030213 
-0.682155 0.418780 -0.040116 
-0.042857 -0.828364 -0.035348 
-0.438904 -0.671453 0.042791 
0.523997 0.834038 0.004160 
-0.755749 -0.267256 -0.041561 
-0.559372 0.700030 -0.029911 
-0.228093 0.750007 0.040013 
0.683880 -0.619935 0.030213 
-0.432166 -0.702637 0.036605 
-0.244729 -0.762412 -0.043155 
-0.623141 -0.496595 -0.038751 
0.218631 0.914358 -0.029911 
-0.789798 -0.070643 -0.015660 
0.138628 -0.963685 0.030213 
0.561887 -0.652635 0.030213 
0.659248 -0.560014 0.030213 
0.008013 -0.935736 -0.029911 
-0.825739 -0.214817 0.030213 
-0.906191 0.268368 0.030213 
-0.630682 -0.543700 0.034061 
-0.596502 -0.800324 -0.028778 
0.002873 0.858236 0.030213 
-0.555097 -0.622803 0.033835 
-0.502731 0.844893 -0.029911 
0.078885 -0.795870 0.040728 
-0.565559 -0.562573 0.026971 
0.658583 -0.450674 -0.042817 
0.083114 -0.921828 -0.029911 
-0.967769 -0.038675 -0.029911 
-0.415899 0.782120 -0.029911 
0.296225 0.873674 0.030213 
-0.779884 0.130375 -0.018183 
0.166846 0.845466 -0.029911 
0.922859 0.000106 0.030213 
-0.791404 0.541287 -0.029911 
0.828695 -0.440691 0.030213 
0.525358 0.612309 -0.037664 
-0.903830 -0.105595 0.030213 
0.349292 -0.748307 0.036367 
-0.834950 0.506366 0.030213 
0.027778 0.970993 -0.029911 
-0.742635 -0.490270 0.030213 
0.481998 0.786820 -0.029911 
0.069980 0.866375 -0.029911 
0.209737 0.754026 0.031161 
0.765191 -0.638650 -0.029648 
0.521203 -0.677087 0.030213 
-0.514886 0.810785 -0.029911 
0.716727 -0.598143 0.030213 
-0.356211 -0.913018 0.030213 
-0.848776 0.363465 0.030213 
-0.718836 -0.340685 -0.025685 
0.517641 -0.782027 0.030213 
0.812651 0.269370 0.030213 
0.855261 0.340099 0.030213 
-0.115553 0.774047 -0.029360 
-0.663757 -0.440046 -0.041192 
0.040598 -0.998588 -0.002267 
-0.706329 -0.704161 0.004691 
-0.474067 -0.684224 -0.034245 
0.489065 -0.738854 -0.029911 
-0.080589 -0.987624 -0.029911 
-0.808308 0.182784 -0.032966 
0.764424 0.623986 0.022186 
0.567753 -0.707851 -0.029911 
0.361976 -0.795169 -0.029911 
0.546266 0.590232 -0.038488 
-0.198684 0.755324 0.013040 
0.141322 -0.989302 0.021457 
0.774872 0.140118 -0.017757 
-0.711628 -0.692197 0.030213 
0.457429 -0.887412 -0.018131 
0.446737 0.801349 0.030213 
0.211157 -0.976571 -0.021183 
0.864835 -0.199045 0.030213 
0.091182 -0.967457 0.030213 
0.565859 -0.558113 -0.017955 
-0.791307 -0.042625 0.017751 
-0.256946 0.831587 -0.029911 
0.250157 -0.759097 -0.031134 
0.038040 0.781758 0.031912 
0.722477 0.310072 -0.019239 
-0.970178 -0.133086 -0.029911 
-0.768882 -0.377223 0.030213 
-0.324671 -0.864741 0.030213 
-0.854825 0.297348 -0.029911 
0.308921 0.749305 0.036665 
0.205657 -0.971085 0.030213 
0.377236 0.704909 0.039703 
0.821175 0.547364 -0.025468 
0.496146 0.658010 0.033152 
0.986516 0.088218 -0.010135 
-0.424003 0.889184 0.005311 
-0.866577 0.475421 0.000256 
-0.466966 -0.647374 0.013165 
-0.056099 0.782643 -0.043229 
0.054674 0.785893 -0.042366 
-0.766744 -0.206486 -0.026215 
0.322297 0.713091 0.027381 
-0.934647 -0.209059 -0.029911 
0.522211 -0.850746 0.008804 
0.826998 0.206101 -0.029911 
0.403329 0.874544 0.030213 
-0.498097 0.607976 0.033405 
0.762826 0.548890 -0.029911 
-0.815226 -0.244026 -0.029911 
0.935205 0.050555 0.030213 
-0.350514 0.727142 -0.037382 
-0.228939 0.799443 -0.030644 
0.798196 0.220928 -0.032890 
-0.856608 0.270483 -0.029911 
0.032698 0.936317 0.030213 
0.094884 0.941009 0.030213 
0.855563 -0.081399 0.030213 
-0.694626 -0.677896 -0.029911 
