-0.880561 -0.062366 -0.062156 
0.994985 0.049321 0.057528 
-0.003613 0.994437 0.028999 
0.118502 -0.991017 -0.042317 
-0.719728 0.686670 0.050620 
-0.621378 -0.780114 0.034907 
0.687672 0.719101 -0.055897 
0.763346 -0.642181 0.008124 
-0.316966 0.722155 -0.076091 
-0.202378 -0.741471 0.082984 
0.289697 0.702357 0.075890 
0.724240 -0.237960 -0.075993 
-0.937148 0.334670 0.048056 
-0.885225 -0.457815 0.054889 
0.698475 0.308843 -0.083489 
0.362187 -0.675153 0.083707 
-0.586769 -0.488497 -0.083430 
-0.643527 0.407311 -0.065924 
0.857643 0.498302 0.062395 
0.914500 -0.396661 0.061946 
0.559820 -0.825653 -0.057887 
0.267807 0.957494 -0.039126 
-0.358608 -0.922447 -0.062156 
0.570445 0.501401 0.066720 
-0.750096 0.133453 0.070713 
0.071509 0.760424 -0.083080 
0.760482 0.044202 -0.074929 
-0.267987 0.957332 0.054874 
-0.722066 -0.245966 0.060885 
0.077598 -0.760305 0.083857 
0.498044 0.860761 0.057014 
0.527203 -0.551672 -0.075673 
-0.512062 0.852248 0.036174 
-0.403799 -0.671247 -0.078566 
0.954951 0.281531 -0.041581 
0.977210 -0.182757 -0.062156 
-0.113482 -0.991449 0.062395 
-0.491326 0.581188 0.082167 
0.348438 -0.926936 0.062395 
-0.117350 0.750895 0.078068 
0.675540 -0.427214 0.074120 
0.443368 0.628120 -0.081784 
-0.777342 -0.624363 -0.060407 
-0.989365 0.112399 0.043143 
-0.957242 -0.276048 -0.059805 
-0.846507 0.522917 -0.034871 
0.242093 -0.779558 -0.069326 
-0.059905 -0.763554 -0.083569 
0.812618 -0.105417 0.068358 
0.791330 0.196455 0.069341 
-0.508765 -0.588809 0.080218 
-0.779234 0.262730 -0.066970 
0.136502 0.864462 0.062395 
-0.693326 -0.444215 0.067346 
0.583269 -0.682221 0.062395 
-0.120151 0.877416 -0.062156 
-0.414284 -0.793685 0.062395 
-0.542154 0.687047 -0.062156 
0.719027 0.535965 -0.062156 
0.361552 0.804613 -0.062156 
0.800700 -0.482220 -0.062156 
0.535370 0.679157 0.062395 
-0.772392 -0.075873 0.080393 
-0.692562 0.325432 0.083192 
-0.985278 -0.146188 0.053276 
-0.687547 -0.337933 -0.083105 
0.694016 0.374146 0.076702 
-0.659272 0.525507 0.062395 
-0.188019 -0.897727 -0.062156 
0.393511 -0.662090 -0.082254 
-0.858557 0.110251 -0.062156 
-0.746611 -0.160038 -0.083777 
-0.378448 0.913304 -0.062156 
-0.250377 -0.746225 -0.077534 
-0.390779 0.710371 0.070205 
0.918098 -0.030745 -0.062156 
-0.666796 -0.623873 0.062395 
0.761884 0.631682 0.062395 
0.897090 0.129671 -0.062156 
0.184458 -0.888813 0.062395 
0.824020 -0.265266 0.062395 
0.835697 0.387356 -0.062156 
0.392157 -0.832480 -0.062156 
0.643728 -0.425856 -0.081725 
-0.028655 -0.916668 -0.062156 
-0.515232 -0.841591 -0.062156 
-0.966231 0.229092 -0.062156 
0.114387 0.954504 -0.062156 
0.093231 -0.819904 -0.066949 
0.841205 0.050340 0.062395 
0.220230 0.726884 -0.069852 
-0.584478 -0.656121 -0.062156 
0.555255 0.522779 -0.083573 
-0.276206 -0.948977 0.062395 
-0.874040 -0.304866 0.062395 
0.513078 0.760637 -0.062156 
0.966787 -0.100006 0.062395 
-0.054019 -0.827457 0.066063 
-0.834760 -0.381515 -0.062156 
0.351116 0.884562 0.062395 
-0.565792 0.541749 -0.077713 
0.877992 -0.323244 -0.062156 
0.480941 -0.792654 0.062395 
0.560530 -0.518821 0.070202 
0.227685 -0.727333 0.065987 
0.035370 0.763110 0.083255 
0.256895 -0.954145 -0.062156 
-0.166056 0.742424 -0.082790 
-0.283483 0.815175 0.062395 
-0.724331 0.591401 -0.062156 
0.938837 0.187855 0.062395 
-0.816562 0.404837 0.062395 
0.885959 0.347076 0.062395 
-0.913351 -0.007212 0.062395 
0.794646 -0.117103 -0.072594 
0.641062 -0.655935 -0.062156 
0.836342 -0.533555 0.062395 
0.047219 -0.933646 0.062395 
-0.762217 0.011231 -0.049393 
-0.724021 -0.497064 -0.062156 
0.961496 -0.262698 0.050646 
0.754407 0.182995 -0.080043 
-0.326041 -0.691115 0.037259 
-0.873273 0.213933 0.062395 
-0.809997 -0.574216 0.062395 
-0.050180 0.870669 0.062395 
-0.419030 0.631464 -0.037102 
-0.576480 0.735333 0.062395 
-0.863855 0.368212 -0.062156 
-0.993644 0.008748 -0.062156 
-0.251075 0.857692 -0.062156 
0.410806 0.747905 0.062395 
-0.858351 -0.171923 0.062395 
-0.657118 0.746346 -0.055935 
0.456386 -0.604962 0.029763 
0.696238 -0.305048 0.037660 
0.161249 0.739161 0.046217 
-0.148507 0.982928 0.003265 
0.635790 0.424565 -0.083149 
-0.436038 0.800331 -0.062156 
0.520393 -0.694423 -0.062156 
0.606842 0.787985 0.018095 
-0.399216 0.910397 0.062395 
-0.051293 0.753524 -0.029224 
0.756317 -0.359006 -0.063287 
0.700051 0.522969 0.062395 
-0.829740 -0.250795 -0.062156 
0.181316 0.845233 -0.062156 
0.699939 -0.549565 0.062395 
-0.175865 -0.878158 0.062395 
-0.686990 -0.723104 -0.057634 
-0.851824 -0.517621 -0.046664 
-0.172826 0.867556 0.062395 
0.334445 0.686358 -0.083215 
0.842149 0.530921 -0.054003 
-0.525194 -0.710640 0.062395 
0.424686 0.627368 0.055551 
0.008926 0.894238 -0.062156 
-0.391392 -0.912533 0.062395 
0.698619 -0.550323 -0.062156 
0.195287 0.969387 0.062395 
0.359272 -0.807679 0.062395 
0.444660 0.889422 -0.047709 
0.621586 0.620386 -0.062156 
-0.778618 0.519874 0.062395 
-0.520440 -0.844832 0.062395 
-0.373979 -0.806337 -0.062156 
0.793856 -0.424508 0.062395 
-0.746930 0.151000 -0.079967 
-0.505106 -0.573064 -0.041841 
-0.586469 -0.488869 0.078801 
0.635748 0.619672 0.062395 
0.705374 0.269448 0.025327 
0.679468 -0.730670 0.017446 
-0.117005 -0.991123 -0.059871 
-0.235081 0.719352 0.020288 
-0.300102 -0.806562 0.062395 
0.993920 0.068182 -0.057524 
-0.761025 0.451653 -0.062156 
0.734863 -0.179426 0.029020 
-0.937079 -0.161197 -0.062156 
-0.784314 -0.376073 0.062395 
0.848369 0.251517 -0.062156 
0.251972 0.832397 0.062395 
0.755289 -0.019993 0.024833 
-0.549262 0.798477 -0.062156 
-0.609621 0.625209 0.062395 
-0.636196 0.418348 0.049031 
0.450905 -0.889935 0.010235 
-0.133470 -0.752428 -0.001415 
0.590230 -0.792209 0.062395 
-0.762509 0.242190 0.073365 
-0.495515 -0.727752 -0.062156 
0.870659 -0.204995 -0.062156 
-0.848019 0.086714 0.062395 
0.900866 -0.427856 -0.045812 
-0.693668 0.315214 -0.028462 
0.155676 -0.748490 -0.013711 
0.491724 0.570759 -0.005530 
0.771696 0.628430 -0.052207 
-0.674367 -0.595822 -0.062156 
0.888827 -0.179555 0.062395 
-0.424663 -0.635000 0.018240 
-0.067072 0.968430 -0.062156 
-0.249655 0.962658 -0.054550 
0.358739 -0.931252 -0.050427 
0.002153 -0.764650 0.003956 
0.184231 -0.870609 -0.062156 
-0.020081 -0.997615 0.001444 
0.750080 0.106260 0.040710 
0.087302 0.954896 0.062395 
0.249810 -0.966418 0.045232 
-0.682690 -0.340842 0.019543 
-0.927727 -0.364533 -0.017231 
-0.962765 -0.254060 0.062395 
-0.555316 0.512994 0.041159 
0.697130 0.709644 0.049918 
-0.960101 0.120459 -0.062156 
0.741813 0.437390 -0.062156 
0.307765 -0.699646 -0.044247 
-0.761880 0.020684 0.050381 
0.978964 0.184731 -0.032456 
-0.627484 -0.434591 -0.009898 
-0.720730 -0.249982 -0.049322 
-0.200231 -0.977539 0.004973 
-0.970487 0.221012 0.036377 
0.799887 0.395708 0.062395 
-0.627198 0.617631 -0.062156 
-0.479192 0.753440 0.062395 
0.992422 -0.087732 -0.033979 
0.422658 0.724198 -0.062242 
-0.496918 0.576682 -0.014957 
-0.286576 -0.857180 -0.062156 
-0.591758 -0.782038 -0.062156 
0.680478 -0.646276 0.062395 
-0.745250 -0.164009 0.018445 
0.530749 0.660132 -0.062156 
-0.327752 0.676323 0.007838 
-0.668606 0.514546 -0.062156 
-0.758063 -0.081175 -0.028426 
0.587271 -0.482465 -0.032218 
0.361373 0.926607 -0.025444 
-0.867994 0.232567 -0.062156 
0.613205 0.437119 0.013406 
-0.272915 -0.959596 -0.055204 
-0.751884 -0.654756 0.038491 
0.636968 -0.755522 -0.062156 
0.896041 -0.025356 0.062395 
-0.408292 0.814324 0.062395 
-0.795082 0.597796 -0.001608 
-0.995023 -0.039809 0.031184 
0.805343 0.300206 0.062395 
-0.943027 0.318342 -0.048320 
0.130827 -0.989484 0.049726 
0.820724 -0.566290 -0.022918 
0.951681 0.282456 0.062395 
0.343922 0.668247 0.006563 
0.023070 0.993837 -0.058992 
0.267612 -0.811992 0.062395 
0.302587 -0.859778 -0.062156 
-0.723367 0.683031 -0.061356 
0.464685 -0.776546 -0.062156 
-0.991904 -0.089233 -0.050590 
0.481446 -0.701630 0.062395 
0.851305 0.051063 -0.062156 
-0.725854 0.425900 0.062395 
0.283074 0.945619 0.062395 
0.898187 0.429416 0.019244 
0.287772 0.857108 -0.062156 
0.550672 0.589623 0.071383 
0.652779 -0.379995 -0.004714 
0.535883 0.838224 -0.022933 
-0.765821 0.361924 -0.062156 
0.173953 -0.799231 0.069149 
-0.737183 0.191919 0.003542 
-0.169127 -0.810230 -0.066221 
0.079143 0.747175 0.005184 
-0.906018 0.411695 0.003834 
-0.674853 -0.531339 0.062395 
-0.732504 0.599310 0.062395 
-0.329118 0.809080 -0.062156 
-0.108820 -0.758511 0.083735 
0.037604 0.858477 0.062395 
-0.889247 0.027172 -0.062156 
-0.767876 -0.490991 0.062395 
-0.453600 0.708487 -0.062156 
-0.084994 0.970142 0.062395 
-0.449534 0.886746 -0.018337 
-0.431464 -0.899649 -0.014455 
0.922185 0.375205 -0.060012 
0.807479 -0.271790 -0.062156 
0.080918 -0.844537 0.062395 
0.839718 -0.350500 0.062395 
0.980375 -0.179517 0.031051 
-0.295719 0.702871 0.083647 
-0.755714 0.099323 -0.011207 
0.728800 0.188496 0.006337 
-0.617065 -0.694378 0.062395 
0.730129 -0.679858 -0.061520 
0.327071 0.778338 0.062395 
-0.838884 -0.165681 -0.062156 
0.916348 0.091224 0.062395 
0.815787 0.569859 0.039908 
-0.531718 0.663164 0.062395 
-0.315871 -0.696133 -0.057259 
-0.593399 -0.572672 0.067177 
0.614682 -0.561513 -0.064772 
0.941498 -0.259498 -0.062156 
-0.245094 -0.723715 0.003815 
0.878400 -0.120826 -0.062156 
-0.422555 0.632768 0.079312 
0.615207 0.761712 -0.062156 
0.934288 -0.347355 -0.004322 
0.038025 -0.967953 -0.062156 
-0.770437 -0.327754 -0.063217 
0.539918 0.763880 0.062395 
-0.658031 0.745541 0.046181 
0.670511 0.342181 0.002846 
-0.884060 -0.085577 0.062395 
0.778546 0.326362 -0.062156 
-0.558467 -0.520633 0.006838 
0.026523 -0.771919 -0.081673 
-0.603706 0.463783 -0.012882 
0.374700 -0.666121 0.001974 
-0.442061 -0.712515 0.063357 
-0.806081 -0.257033 0.062395 
-0.854313 0.485911 0.062395 
0.785090 -0.034899 -0.077380 
-0.724485 -0.409597 -0.064624 
0.995936 -0.022762 0.017439 
0.413928 0.831242 0.062395 
0.235345 0.714709 0.015510 
-0.205802 0.775416 0.072630 
-0.323269 0.940190 -0.003162 
0.747919 -0.097733 0.000101 
-0.109767 -0.874054 -0.062156 
0.635075 0.525463 -0.066437 
-0.895502 -0.437643 -0.034070 
-0.846920 0.329080 0.062395 
0.871040 -0.485765 0.003097 
0.100413 0.854608 -0.062156 
0.192461 0.925784 -0.062156 
0.865844 0.246032 0.062395 
-0.915636 -0.383117 0.062395 
0.853709 0.145409 0.062395 
0.609636 -0.605896 0.062395 
0.478013 -0.855641 -0.062156 
0.528619 -0.624073 0.069163 
-0.082627 -0.917547 0.062395 
0.717196 -0.472435 -0.062156 
0.729767 0.444242 0.062395 
-0.005675 -0.764511 0.083522 
0.197296 -0.978278 -0.013415 
0.140983 0.743687 -0.048186 
0.109740 -0.897641 -0.062156 
-0.049598 0.791833 0.074975 
0.694414 -0.311640 -0.049285 
0.818602 0.137349 -0.065009 
-0.501883 -0.647216 -0.068452 
-0.608042 0.786763 -0.009397 
0.758671 -0.344343 0.064708 
-0.000667 -0.843327 -0.062156 
0.765312 -0.605406 -0.062156 
0.333770 -0.780817 -0.062156 
0.886223 0.446730 -0.062156 
0.526870 -0.847409 0.009088 
0.464032 -0.602351 -0.047558 
0.745753 -0.259724 0.076815 
0.264776 -0.892180 0.062395 
-0.140874 0.738019 0.005316 
0.607457 -0.454061 0.037033 
0.749544 0.112925 -0.039854 
-0.927230 0.154428 0.062395 
0.833091 -0.386195 -0.062156 
-0.001935 0.790717 -0.075617 
-0.836484 -0.002243 0.063522 
0.359559 0.670602 0.082495 
0.315645 -0.735603 0.073972 
0.609804 0.698458 0.062395 
0.166771 0.980095 -0.012674 
-0.322182 -0.879687 0.062395 
-0.180674 0.930756 -0.062156 
-0.700185 -0.709909 0.016269 
-0.799445 -0.449046 -0.062156 
-0.599611 -0.581192 -0.063984 
-0.772616 0.532643 -0.062156 
-0.637730 -0.420911 -0.083782 
0.996301 -0.011144 -0.057448 
-0.419627 -0.746124 -0.062156 
-0.178801 0.942775 0.062395 
-0.483822 0.615995 -0.077679 
0.571309 0.493299 -0.016400 
-0.869055 -0.314730 -0.062156 
0.081566 -0.759878 -0.011033 
0.767633 -0.581849 0.062395 
0.226769 0.762249 0.074478 
0.775263 0.511191 0.062395 
-0.338827 0.763539 0.063365 
0.415933 -0.755987 0.062395 
0.909968 -0.315315 0.062395 
-0.109608 0.803976 -0.069694 
-0.880724 0.440835 -0.062156 
0.935972 0.338982 0.007771 
-0.995150 0.032083 0.050655 
0.512699 -0.554881 -0.002792 
0.568694 -0.619759 -0.062403 
-0.812775 -0.577434 -0.015610 
0.002113 0.923283 0.062395 
0.268010 0.782845 -0.065298 
0.760018 0.039937 0.071275 
0.123351 -0.755040 -0.083757 
-0.233687 0.723815 -0.061084 
-0.459727 -0.885248 0.054146 
0.795932 -0.187118 0.068904 
0.988021 0.127548 0.012341 
-0.327314 0.897164 0.062395 
0.505220 0.589224 -0.079860 
-0.762937 0.315318 0.066302 
-0.178884 0.834024 -0.062156 
-0.579891 0.808061 0.057315 
0.211824 0.893169 0.062395 
0.752855 0.047531 -0.002349 
0.640883 0.435835 0.080453 
0.388634 -0.733697 -0.065504 
-0.820457 0.153371 0.063852 
0.100742 0.791858 0.073576 
0.693761 0.647569 -0.062156 
-0.717185 -0.317487 0.078221 
-0.850242 -0.520297 0.037394 
-0.066224 -0.761488 0.025441 
-0.045486 0.846106 -0.062156 
0.083758 0.990605 -0.008390 
0.715377 0.250834 -0.045266 
-0.013928 -0.886473 0.062395 
0.800183 -0.194516 -0.067053 
0.472275 0.825173 -0.062156 
0.743436 -0.492947 0.062395 
0.420558 -0.843820 0.062395 
0.408633 0.906565 0.023649 
0.403066 0.638440 -0.024434 
0.054937 -0.996532 0.030863 
-0.570493 -0.818144 0.003958 
-0.551733 -0.645254 0.062395 
-0.507307 0.855060 -0.059630 
-0.788284 0.094444 -0.074975 
0.005021 0.752253 0.012535 
-0.386530 0.728540 -0.066079 
-0.972339 -0.216421 0.004171 
-0.815427 -0.087791 -0.067842 
-0.660036 -0.383184 0.074434 
0.738217 0.240376 0.080186 
-0.557132 -0.782652 0.062395 
-0.182524 -0.742041 -0.062640 
-0.199015 -0.812635 0.063897 
-0.329155 -0.941768 0.018057 
-0.943935 -0.319514 0.049051 
-0.285204 -0.728429 0.079086 
0.629857 -0.519607 0.069495 
0.760303 -0.060209 0.080953 
-0.711444 0.254189 0.018953 
-0.558501 0.611741 -0.065138 
0.819533 0.464400 -0.062156 
0.872035 0.328263 -0.062156 
-0.463905 -0.648402 0.074880 
-0.896869 -0.234683 0.062395 
0.780123 0.251422 -0.067787 
-0.787265 -0.167425 0.072304 
-0.107559 0.833528 0.062395 
-0.655797 -0.662503 -0.062156 
-0.980052 0.175487 -0.013542 
-0.310019 0.908751 -0.062156 
0.924093 0.211688 -0.062156 
0.562146 -0.757895 -0.062156 
-0.661476 0.377060 0.001407 
-0.129084 -0.828985 0.063288 
-0.601775 0.466179 0.082636 
-0.370324 -0.742305 0.065911 
-0.822449 -0.014000 -0.067069 
-0.450149 0.613608 0.020594 
-0.708640 0.279482 -0.083911 
0.717569 -0.251247 0.002960 
-0.832846 0.308373 -0.062156 
-0.315434 -0.773155 -0.064101 
0.251065 -0.714546 0.004171 
-0.363977 0.665200 -0.056014 
0.468544 0.685609 0.064787 
0.706798 0.589679 0.062395 
-0.196338 -0.978409 -0.061930 
-0.904783 0.277767 0.062395 
-0.609120 0.685476 -0.062156 
-0.993138 0.072488 -0.029104 
0.414471 -0.896115 -0.062156 
-0.730170 0.217923 -0.057665 
-0.038784 -0.989730 -0.062156 
0.851928 -0.461785 0.062395 
0.614913 -0.785421 -0.006696 
-0.383269 -0.660813 0.063787 
0.173881 0.802023 0.067411 
0.727754 0.368636 -0.068826 
0.928105 0.060687 -0.062156 
0.742689 0.320198 0.071036 
-0.645135 0.681230 0.062395 
0.305353 -0.950281 0.012976 
0.848430 -0.023083 -0.062156 
-0.753504 0.649221 0.001389 
-0.221206 0.969154 0.009554 
-0.906282 -0.219775 -0.062156 
0.741569 -0.156691 -0.032767 
-0.850974 -0.397175 0.062395 
-0.763294 -0.559815 -0.062156 
-0.698261 0.359572 -0.077212 
0.966049 0.242550 0.011815 
-0.933598 0.082968 0.062395 
-0.451564 -0.616322 -0.039124 
-0.466335 0.680271 0.066322 
-0.693239 0.450532 -0.065607 
0.039428 -0.895567 -0.062156 
0.179632 -0.799992 -0.068368 
-0.904793 0.178125 -0.062156 
-0.175721 -0.957055 0.062395 
-0.879902 0.425278 0.062395 
0.689351 0.477543 -0.062447 
-0.811386 0.199997 -0.063267 
-0.078071 0.991107 -0.002047 
0.812858 -0.007798 0.070175 
0.966012 0.128367 -0.062156 
-0.238803 -0.808322 -0.062156 
-0.663607 -0.377165 -0.037147 
0.624269 0.537805 0.066685 
-0.387346 0.843231 -0.062156 
-0.591585 0.558703 0.069452 
0.895218 -0.115106 0.062395 
-0.642824 -0.516315 -0.066879 
0.552383 -0.738996 0.062395 
0.174213 -0.934453 -0.062156 
0.593642 0.700830 -0.062156 
-0.488992 -0.763866 0.062395 
0.748796 -0.144277 0.080985 
0.463927 0.790903 0.062395 
0.124656 -0.911622 0.062395 
-0.820215 0.267447 0.062395 
-0.745416 -0.595851 0.062395 
0.670493 -0.363637 0.075520 
-0.762301 -0.042581 -0.083648 
-0.015346 -0.979430 0.062395 
-0.777173 0.076446 0.078946 
-0.226795 0.792396 -0.066193 
-0.110822 0.897000 0.062395 
-0.459993 0.881417 0.057936 
0.484538 0.704036 -0.062156 
-0.599113 -0.719178 -0.062156 
0.780948 0.517076 -0.062156 
0.732979 -0.402117 0.063897 
0.297882 0.693821 -0.028337 
0.424293 -0.666074 0.076993 
-0.954415 0.282078 0.017755 
0.655626 0.747993 0.019651 
0.585459 -0.699397 -0.062156 
0.463087 -0.669626 -0.070011 
-0.937209 -0.018974 -0.062156 
-0.367671 -0.670068 -0.027125 
-0.814368 -0.448261 0.062395 
-0.267457 0.875892 0.062395 
0.943357 -0.114951 -0.062156 
0.721592 -0.688877 0.037756 
-0.281025 0.703689 -0.023792 
0.644075 -0.756085 0.062395 
0.729287 0.677118 -0.019939 
0.480922 0.585272 0.054301 
0.633322 -0.494379 -0.072749 
0.479196 -0.865196 0.062395 
-0.761709 -0.029146 0.012829 
0.671290 -0.362663 -0.076569 
-0.709935 -0.279670 0.004305 
0.410720 -0.905254 0.062395 
0.807431 0.582155 -0.030962 
-0.121180 -0.754646 -0.078991 
0.515231 -0.560873 0.065192 
-0.134817 -0.988792 0.004406 
-0.732977 -0.667414 -0.062156 
-0.794312 0.598789 0.061672 
0.954174 -0.287902 -0.008739 
-0.692050 0.714348 0.002782 
-0.952058 -0.071059 0.062395 
-0.828968 0.549910 0.043583 
-0.128121 0.975404 -0.062156 
-0.551108 0.827622 -0.008108 
-0.670897 0.622231 0.062395 
0.759442 -0.542590 -0.062156 
-0.380896 0.649987 0.022955 
0.860158 0.191637 -0.062156 
-0.628533 -0.433080 0.059011 
0.279898 0.718303 -0.081135 
0.860442 -0.470956 -0.062156 
-0.719224 0.535547 0.062395 
0.020169 -0.836281 0.063963 
-0.545873 0.527442 -0.016995 
-0.351162 0.834112 0.062395 
-0.075465 0.750828 0.034692 
0.668564 0.360752 -0.060721 
0.884483 -0.239629 0.062395 
-0.377835 -0.853867 0.062395 
-0.461739 -0.878881 -0.062156 
-0.776890 0.621250 -0.053860 
-0.641321 -0.763969 -0.019378 
-0.872625 0.478753 -0.003707 
-0.593085 0.757499 -0.062156 
0.205029 -0.736392 -0.045596 
0.397252 -0.915185 -0.007374 
-0.823387 0.412356 -0.062156 
0.137564 -0.751758 0.071850 
-0.815734 -0.318401 0.062395 
-0.944432 0.050232 -0.062156 
0.683661 -0.614082 -0.062156 
0.686302 0.585880 -0.062156 
0.461437 0.880873 0.013048 
0.865462 0.491501 0.003636 
0.191881 -0.979489 0.050713 
-0.720980 -0.376296 0.070120 
-0.547110 -0.538876 0.083037 
0.390088 0.870740 -0.062156 
0.579723 0.574728 -0.068602 
0.337616 -0.868721 0.062395 
0.330359 0.937773 0.027859 
0.138310 0.925178 0.062395 
-0.921851 0.375107 -0.055032 
0.425809 0.782947 -0.062156 
-0.597746 0.471180 -0.070910 
-0.919681 -0.132350 0.062395 
0.276809 0.885665 0.062395 
-0.785352 0.454483 0.062395 
-0.991264 -0.096003 0.007618 
-0.227267 -0.916743 0.062395 
-0.682783 0.636159 -0.062156 
0.534138 -0.824209 0.062395 
-0.481825 0.764053 -0.062156 
-0.086213 -0.813603 -0.068915 
-0.377360 0.919935 0.005349 
-0.189750 -0.740196 0.012306 
-0.666228 0.463584 0.070179 
0.755633 -0.045758 -0.027312 
0.920373 -0.362854 -0.062156 
0.995033 0.047785 -0.000401 
-0.892610 -0.381798 -0.062156 
-0.542418 0.605260 0.069677 
-0.943126 -0.199678 0.062395 
0.950647 -0.044488 0.062395 
0.239544 -0.887414 -0.062156 
-0.522702 -0.784298 -0.062156 
0.522411 0.545802 0.036559 
0.533662 0.535742 -0.031632 
0.601264 0.462897 -0.057344 
0.643563 0.392256 -0.006815 
0.937591 0.014591 0.062395 
0.139061 0.796707 -0.070573 
-0.655813 -0.736946 0.062395 
-0.102161 -0.931005 -0.062156 
-0.258824 -0.963690 0.009646 
0.986769 -0.139151 -0.009295 
-0.245225 -0.900880 -0.062156 
-0.515256 -0.563614 0.029211 
0.810213 0.108843 0.068757 
-0.837966 -0.118892 0.062395 
-0.536355 0.546600 0.082894 
0.566959 0.813684 0.062395 
0.321170 0.902805 -0.062156 
-0.248821 -0.783369 0.067963 
0.333761 0.741198 -0.069444 
0.763065 0.638803 0.004317 
-0.273660 0.753742 0.072754 
0.047844 0.816284 -0.067968 
-0.981942 -0.167251 -0.021900 
0.239954 0.895287 -0.062156 
-0.981369 0.167167 0.053179 
-0.475232 0.809550 0.062395 
-0.666356 0.368836 0.059028 
0.251159 -0.720682 -0.073489 
-0.271094 -0.856474 0.062395 
0.973417 -0.213279 -0.015276 
-0.541791 -0.607924 -0.069763 
0.326580 -0.691034 0.016172 
-0.995941 0.006903 0.000423 
0.715721 -0.397115 -0.068613 
-0.460931 -0.822973 -0.062156 
-0.542337 -0.697267 -0.062156 
-0.873308 -0.481203 -0.007063 
-0.075387 -0.995057 0.008586 
0.748578 -0.634307 0.062395 
-0.778567 -0.204299 -0.072206 
0.958524 0.127748 0.062395 
-0.892757 0.365270 0.062395 
-0.798398 -0.513370 -0.062156 
0.855597 0.394990 0.062395 
0.710996 0.654294 0.062395 
-0.061454 0.759454 -0.083635 
-0.515218 -0.854078 0.007756 
-0.855025 -0.464498 -0.062156 
-0.370499 -0.861645 -0.062156 
-0.619902 0.543928 -0.066159 
0.506793 -0.635662 -0.070226 
0.132456 0.899742 -0.062156 
0.446270 0.605651 0.009443 
-0.782333 -0.617928 0.006630 
0.355844 -0.874486 -0.062156 
0.559920 0.789848 -0.062156 
0.902282 -0.424893 0.009240 
-0.612314 -0.632377 0.062395 
-0.753097 -0.120518 0.054432 
-0.594652 -0.478715 -0.006402 
-0.458317 -0.680906 -0.068038 
-0.216083 0.902290 0.062395 
-0.557400 -0.521779 -0.048026 
0.755625 -0.287190 -0.071374 
0.410318 0.688943 0.072758 
-0.898326 0.289759 -0.062156 
0.625524 -0.425857 -0.017201 
0.192519 0.729355 -0.022713 
0.812333 -0.578638 0.031015 
0.799635 0.086579 -0.072197 
0.753994 0.562127 0.062395 
-0.834470 0.061220 -0.063144 
0.043448 -0.763175 0.041331 
0.470210 -0.611628 0.082154 
0.135195 -0.838890 0.062395 
-0.960148 -0.210570 -0.062156 
0.228200 -0.831718 -0.062156 
-0.809899 0.577970 -0.053698 
-0.867862 -0.119756 -0.062156 
0.419971 -0.636386 -0.001902 
-0.736489 0.194640 0.075532 
0.380272 0.657423 -0.069851 
0.226137 -0.854101 0.062395 
0.235896 0.965955 0.026630 
-0.731167 -0.218623 -0.006503 
0.062995 0.895446 -0.062156 
0.192756 0.791546 -0.068862 
0.257717 -0.964121 -0.008130 
-0.691858 -0.322527 -0.030237 
0.684840 0.325787 0.055024 
-0.275450 0.756045 -0.071743 
-0.748261 0.377026 0.062849 
0.676467 -0.719082 -0.062156 
0.831034 0.451675 0.062395 
-0.726304 -0.300726 -0.077415 
-0.467907 -0.603757 0.012528 
0.660648 -0.589308 0.062395 
-0.939558 -0.088914 -0.062156 
0.582607 -0.509534 -0.081171 
0.506951 0.628951 0.071101 
0.571368 -0.817806 0.006107 
-0.517779 0.716430 0.062395 
-0.881679 0.035862 0.062395 
0.041085 0.981752 0.062395 
-0.921909 -0.322554 -0.062156 
-0.018962 -0.764036 -0.049269 
0.822817 -0.071049 -0.066352 
0.033291 0.755923 -0.046067 
-0.233145 0.834992 0.062395 
0.855481 -0.408526 0.062395 
-0.759942 -0.438245 0.062395 
0.309039 -0.949145 -0.043752 
0.324244 0.838744 0.062395 
-0.587316 -0.738951 0.062395 
-0.794434 0.199446 0.068188 
-0.368373 -0.734221 -0.067898 
0.590410 0.748021 0.062395 
-0.902526 -0.423462 0.018553 
-0.679576 -0.689817 0.062395 
-0.714778 0.263456 0.080483 
-0.930217 0.353921 -0.007534 
0.696212 0.412544 -0.070670 
0.438340 -0.716664 -0.062775 
-0.030041 0.993607 -0.023321 
0.735302 0.188275 0.058435 
-0.876001 0.131084 0.062395 
0.214571 0.970721 -0.032132 
-0.700467 -0.550341 -0.062156 
-0.954752 -0.284615 0.011452 
-0.353412 0.670797 0.062403 
0.562685 -0.512548 0.002916 
-0.811568 0.465389 -0.062156 
0.298745 -0.742453 -0.073773 
-0.988235 0.123824 -0.012125 
0.784094 -0.531550 0.062395 
-0.740945 0.483729 0.062395 
-0.411400 0.666749 -0.077622 
-0.654916 -0.391813 0.023275 
0.791251 0.414596 -0.062156 
0.992854 -0.083158 0.017928 
0.897762 0.268119 -0.062156 
0.619261 0.486449 0.076896 
-0.412599 0.756869 0.062395 
-0.648261 0.754155 -0.005310 
-0.708990 0.264792 -0.034117 
-0.793938 -0.141554 -0.071770 
-0.533554 0.749060 -0.062156 
0.178595 -0.743139 0.041452 
-0.640655 -0.493577 0.071429 
-0.722177 0.521111 -0.062156 
0.387088 0.646854 0.025238 
-0.287775 0.699425 0.032737 
-0.051612 0.930838 0.062395 
0.904015 -0.165671 -0.062156 
-0.022196 0.935289 -0.062156 
0.362581 -0.756316 0.063314 
0.283507 0.698010 0.022653 
0.887568 0.192257 0.062395 
-0.422017 0.885960 -0.062156 
-0.776868 -0.024660 0.079941 
-0.761839 -0.217188 0.076001 
0.799468 0.246770 0.063282 
0.706166 -0.704304 -0.023058 
0.492744 0.744021 0.062395 
-0.138209 -0.922268 0.062395 
0.060429 -0.996359 -0.026014 
0.945600 -0.158995 0.062395 
-0.762200 -0.093679 -0.082439 
0.749070 -0.158066 -0.083306 
0.886991 0.027788 0.062395 
-0.724652 -0.604545 -0.062156 
-0.051173 -0.850473 -0.062156 
0.765810 -0.445011 -0.062156 
0.037784 0.939771 -0.062156 
0.511392 -0.796914 -0.062156 
-0.733830 0.322265 -0.072738 
-0.240951 0.907560 -0.062156 
0.276549 0.774950 0.066913 
-0.472213 -0.602502 -0.083473 
0.866297 -0.255640 -0.062156 
0.345313 -0.707843 -0.077425 
-0.751803 0.649197 0.062395 
-0.761001 0.045276 0.006056 
-0.674312 0.583195 -0.062156 
0.728914 -0.205283 -0.026049 
0.808870 0.187042 -0.064924 
0.816805 0.293208 -0.062156 
0.515024 0.813379 0.062395 
-0.108350 0.751431 -0.066493 
0.907258 0.392919 0.062395 
0.836385 -0.148822 -0.062156 
-0.363841 -0.795726 0.062395 
0.626645 -0.436086 0.082975 
-0.160672 0.797777 0.069315 
0.674626 -0.708279 0.062395 
0.741980 0.382934 0.063786 
0.823686 -0.534840 -0.062156 
-0.527444 -0.555348 -0.083320 
0.145467 -0.987165 -0.000002 
-0.186315 0.732458 -0.037845 
0.076979 0.889721 0.062395 
-0.148474 -0.950493 -0.062156 
0.853248 -0.144153 0.062395 
-0.894084 -0.268457 -0.062156 
0.691078 0.306716 -0.025866 
-0.986155 -0.040896 -0.062156 
0.367927 0.811634 0.062395 
0.311576 -0.788290 0.062395 
-0.466949 -0.808609 0.062395 
0.559344 -0.583056 0.071852 
-0.291159 -0.706369 -0.015250 
0.185972 0.850604 0.062395 
-0.148663 0.982399 0.062395 
-0.751201 -0.546430 0.062395 
-0.819138 -0.204121 0.062395 
0.240333 0.842810 -0.062156 
0.865986 0.295535 0.062395 
-0.965262 0.244384 -0.012437 
0.626364 -0.657886 0.062395 
0.695523 0.711250 -0.007680 
-0.747987 0.145144 0.015518 
-0.328471 -0.825746 -0.062156 
0.803713 -0.310285 0.062395 
0.361833 -0.673387 -0.045106 
0.104878 -0.757372 0.032319 
0.033921 -0.763515 -0.033669 
-0.915958 0.243598 -0.062156 
0.098062 -0.953028 0.062395 
-0.461920 0.604885 -0.034900 
-0.742759 -0.665105 -0.014025 
0.915277 0.249438 0.062395 
0.829344 -0.330201 -0.062156 
0.777881 0.462118 0.062395 
0.283454 -0.911481 -0.062156 
0.777911 0.149677 0.075848 
-0.371639 0.784605 -0.062156 
-0.930380 0.232022 0.062395 
0.937072 0.328527 -0.062156 
0.468521 0.594267 -0.041760 
0.887618 -0.069141 -0.062156 
0.830737 -0.060099 0.064646 
-0.528139 0.814207 0.062395 
-0.764891 -0.331266 0.064513 
-0.636663 0.417674 -0.009635 
-0.741248 -0.179686 -0.034202 
0.492214 -0.585536 -0.083722 
-0.493293 0.634709 0.072075 
-0.718255 -0.509155 0.062395 
0.222016 -0.791302 0.068131 
-0.374430 -0.924899 0.011772 
-0.611718 0.771728 0.062395 
-0.804808 -0.293472 -0.062156 
0.905493 0.017721 -0.062156 
0.045120 -0.826371 -0.066236 
-0.412294 -0.837055 -0.062156 
0.877935 0.438280 0.062395 
-0.827497 0.147473 -0.062156 
-0.093589 -0.758546 -0.039328 
0.047113 0.811546 0.069524 
0.095037 -0.953609 -0.062156 
-0.324857 -0.887767 -0.062156 
-0.306898 0.852010 -0.062156 
0.736360 -0.195626 0.074530 
-0.760013 0.059341 -0.045479 
0.310229 0.806105 -0.062156 
-0.502423 0.571866 -0.071626 
-0.104566 -0.874558 0.062395 
-0.802665 0.348328 0.062395 
-0.342117 -0.927817 0.062395 
-0.750777 -0.133378 -0.043388 
0.426279 -0.630734 -0.056895 
0.812627 0.008127 -0.069951 
-0.654935 0.573440 0.062395 
-0.060353 -0.996350 0.060366 
-0.824557 -0.048751 0.066350 
0.491013 -0.736314 -0.062156 
-0.653694 -0.464950 -0.073155 
0.928075 -0.305543 -0.062156 
0.342120 -0.828039 -0.062156 
-0.201628 0.730151 0.057388 
0.749670 0.572809 -0.062156 
-0.140832 -0.751100 0.048878 
-0.598402 0.691407 0.062395 
-0.456536 0.852867 -0.062156 
0.603660 -0.725416 0.062395 
0.628045 0.667762 -0.062156 
0.076780 -0.765255 -0.082610 
0.105459 -0.802749 0.071436 
-0.685189 -0.579996 0.062395 
0.154321 0.982067 0.041869 
0.677818 -0.334499 -0.011097 
-0.226163 -0.730016 -0.039291 
0.842743 -0.217041 0.062395 
0.795676 0.348503 0.062395 
0.403821 -0.710744 0.069328 
-0.494896 0.685440 -0.062156 
0.001689 0.843948 -0.062156 
0.413449 0.880014 0.062395 
-0.324529 -0.943433 -0.037198 
0.630842 0.769369 -0.018326 
0.496587 0.861623 -0.034422 
-0.682155 0.706880 -0.062156 
0.100826 0.750177 0.051564 
-0.422655 0.900334 0.017864 
0.297657 -0.812616 -0.062156 
-0.313064 0.943865 0.054601 
-0.828077 0.257311 -0.062156 
0.269883 -0.715338 0.082640 
-0.504991 -0.667987 0.063567 
-0.279065 -0.711378 0.033678 
-0.756624 0.090866 0.034857 
-0.520328 0.555196 0.039783 
0.136141 0.754794 0.082428 
0.826758 0.339782 -0.062156 
-0.018631 0.758137 0.065735 
-0.435816 -0.637441 -0.081639 
0.044202 0.753884 0.037785 
0.010282 -0.997936 -0.039650 
0.737663 0.171543 -0.036180 
-0.755606 -0.276109 0.072665 
-0.679593 -0.393201 -0.077878 
0.996354 -0.009441 0.062072 
0.849712 -0.521829 -0.017231 
0.533882 -0.669801 0.062395 
0.232943 0.936354 0.062395 
-0.467976 -0.881045 0.008575 
0.597544 -0.798893 -0.053102 
0.728916 0.221845 -0.080975 
-0.330971 -0.691542 0.083469 
-0.885281 -0.163024 -0.062156 
0.715026 -0.593496 0.062395 
0.138421 -0.861110 -0.062156 
0.752983 -0.095650 0.051860 
0.701557 -0.315038 0.082655 
0.642324 0.571131 -0.062156 
0.177439 0.749617 -0.081301 
0.712931 -0.451932 0.062395 
0.179185 0.970157 -0.062156 
-0.040137 0.892597 -0.062156 
-0.868920 0.485018 -0.054938 
0.451229 0.672277 -0.070333 
0.387223 0.757421 -0.062156 
0.700761 -0.293460 -0.006894 
0.534780 0.719806 -0.062156 
-0.750501 0.405541 -0.062156 
-0.200566 0.972363 -0.062156 
0.429492 0.842381 -0.062156 
0.964290 0.021713 -0.062156 
0.555902 -0.523793 -0.046456 
0.964340 0.234057 -0.062156 
0.073805 -0.864962 -0.062156 
-0.396621 -0.704083 0.071896 
0.595738 0.591764 0.062395 
0.475787 -0.656899 0.071027 
0.224768 -0.932066 0.062395 
-0.755784 -0.102370 0.012428 
0.698228 -0.500390 0.062395 
-0.982442 0.160398 -0.060079 
0.978632 0.186253 0.039765 
-0.630298 -0.541562 0.065310 
0.984825 -0.134385 -0.062156 
-0.892604 0.072824 -0.062156 
-0.958896 -0.011761 0.062395 
-0.189194 0.878564 -0.062156 
0.788147 -0.394509 -0.062156 
-0.476946 -0.769488 -0.062156 
-0.483923 0.587155 0.036271 
-0.724864 -0.364345 -0.070450 
0.759262 0.127857 -0.081835 
0.901930 0.422012 -0.025532 
0.961368 0.227401 0.062395 
0.744065 -0.134870 0.028237 
-0.265239 0.958131 -0.012043 
0.686141 0.418727 0.072336 
0.372321 0.922278 0.048406 
0.673345 -0.346423 0.032536 
0.842525 0.530286 0.009469 
0.721317 -0.235346 0.047315 
0.343515 0.712539 0.075797 
0.401020 0.909859 -0.041910 
0.741658 0.299561 -0.073240 
-0.358867 -0.674684 -0.073590 
0.731030 0.489868 0.062395 
0.565048 0.545001 0.077561 
-0.034413 0.993469 0.062067 
-0.167185 0.791196 -0.070457 
0.208529 0.727784 0.051718 
0.163154 -0.984364 -0.042920 
0.855306 0.111287 -0.062156 
-0.521498 0.769009 0.062395 
-0.993451 0.069165 0.025157 
-0.298905 0.948350 -0.043891 
-0.578194 0.652784 -0.062156 
-0.700256 -0.458878 -0.063243 
0.966603 -0.064002 -0.062156 
0.720968 0.229754 0.039565 
0.586362 0.473727 0.021162 
0.639693 0.724058 -0.062156 
0.930301 0.339941 0.062395 
0.294850 -0.953333 0.056510 
-0.436890 0.630103 -0.082296 
-0.012917 0.816852 0.068434 
0.123527 0.741575 0.001904 
0.931723 -0.354480 0.060698 
0.756642 0.092819 0.082965 
-0.790676 -0.389610 -0.062156 
-0.681380 0.707559 0.062395 
0.760521 -0.002017 -0.059461 
0.059909 -0.806138 0.071884 
0.973839 -0.211396 0.061794 
-0.956859 0.273669 -0.045206 
-0.273428 -0.904338 0.062395 
0.837723 0.333310 0.062395 
0.589799 -0.487857 0.083728 
0.640201 -0.603652 -0.062156 
-0.815171 0.036600 0.069025 
0.824646 -0.430030 -0.062156 
0.717294 -0.358675 0.073346 
0.328362 0.681359 0.046262 
-0.315786 -0.765031 0.066413 
0.115996 0.757750 -0.082374 
0.992225 0.086120 0.028036 
0.816372 -0.488503 0.062395 
-0.226886 -0.971581 -0.030066 
-0.569361 -0.818913 -0.040429 
-0.094526 -0.799091 0.072811 
0.123322 0.986865 -0.033144 
0.039628 0.993317 0.019205 
0.487134 -0.870910 -0.021531 
-0.788787 0.313338 -0.062156 
-0.430039 0.756512 -0.062156 
-0.782767 -0.617368 0.052504 
0.545698 0.831554 0.019663 
-0.244282 0.722548 0.083594 
-0.377715 0.871821 0.062395 
-0.841040 -0.535842 -0.007946 
-0.162458 -0.853656 -0.062156 
-0.225956 -0.940548 -0.062156 
-0.761486 -0.035396 -0.030797 
0.922143 0.375302 -0.015949 
-0.422893 -0.636229 0.064370 
0.101988 -0.992577 0.004539 
0.795059 -0.602007 -0.025287 
-0.241164 -0.852290 -0.062156 
-0.306098 0.852936 0.062395 
0.740113 0.149158 0.022438 
0.200379 -0.971015 -0.062156 
0.420737 -0.778061 -0.062156 
-0.884379 -0.347606 0.062395 
0.293279 -0.705647 0.046698 
0.456133 0.848622 0.062395 
-0.270694 0.710804 -0.080858 
0.331684 0.857959 -0.062156 
-0.482582 0.817613 -0.062156 
-0.050051 -0.952666 0.062395 
0.873729 0.081035 0.062395 
-0.095603 0.748470 -0.024680 
-0.752788 -0.442913 -0.062156 
0.657571 -0.749975 -0.015162 
-0.863840 0.256643 0.062395 
0.653321 0.739031 0.062395 
-0.743689 -0.170125 0.070065 
-0.558368 -0.826384 0.050982 
0.758864 -0.647265 -0.051442 
0.844572 0.199988 0.062395 
0.286194 0.952152 0.000129 
-0.769954 0.210019 -0.073857 
-0.590271 -0.531260 -0.075331 
0.568078 0.637496 -0.062156 
-0.335352 0.759972 -0.064458 
0.381063 -0.872614 0.062395 
-0.172476 -0.772505 0.076511 
0.674400 0.487808 0.064391 
-0.394723 0.666227 0.080403 
-0.220684 0.969271 0.053070 
-0.151975 0.741640 0.053387 
-0.464991 -0.606106 0.055852 
0.546956 -0.657414 -0.062156 
-0.418039 -0.837344 0.062395 
-0.608426 -0.461623 0.031113 
-0.573966 0.499282 0.078460 
0.515655 0.824129 -0.062156 
-0.573691 -0.694417 0.062395 
0.095892 0.800549 -0.071133 
0.857402 -0.003861 0.062395 
0.262110 0.735797 0.078554 
-0.866427 -0.033522 0.062395 
0.938878 -0.202926 -0.062156 
0.241911 0.715029 -0.027282 
0.731985 0.485056 -0.062156 
-0.725616 0.231605 0.053030 
-0.699125 0.494734 0.062395 
-0.594412 0.474983 0.040944 
0.661846 -0.527588 -0.062156 
0.102191 0.838184 0.062395 
0.572618 -0.551336 -0.075254 
0.721942 0.684832 -0.061810 
0.315256 -0.831306 0.062395 
-0.050005 0.804171 -0.071282 
-0.679498 0.343522 0.026645 
0.361425 -0.930285 0.011347 
0.572847 0.748688 -0.062156 
0.929796 -0.199094 0.062395 
-0.889672 0.331959 -0.062156 
0.878389 -0.394983 -0.062156 
0.661232 0.369881 0.049187 
-0.405845 -0.911304 -0.046852 
0.716409 0.287885 0.081317 
-0.591654 0.576209 -0.065837 
-0.216683 -0.865204 0.062395 
-0.733858 -0.208644 0.043511 
0.184509 0.746293 0.081948 
0.555707 0.716835 0.062395 
-0.687294 0.400779 -0.074448 
0.279233 -0.761834 0.071082 
-0.899504 0.122226 -0.062156 
-0.355888 0.928447 0.057460 
-0.823250 -0.498808 0.062395 
-0.848673 -0.257741 0.062395 
-0.080873 0.928147 -0.062156 
-0.841872 0.530755 0.006701 
0.367403 0.764859 0.062395 
-0.808035 -0.554786 -0.062156 
0.404916 -0.804287 0.062395 
0.770707 -0.221031 0.073368 
-0.235052 -0.959553 0.062395 
0.167227 -0.746041 -0.062340 
-0.739819 -0.218879 -0.081591 
-0.491687 0.864298 -0.021290 
-0.588315 0.802064 -0.046029 
0.593886 -0.657865 -0.062156 
0.884182 -0.460599 0.034964 
0.716424 0.234863 -0.006088 
0.076756 0.991267 0.039152 
-0.581963 -0.494461 0.030835 
0.266823 -0.711517 -0.035467 
0.793877 -0.566835 -0.062156 
-0.492879 -0.867289 -0.036300 
0.659694 0.654236 0.062395 
-0.058415 -0.946371 -0.062156 
0.119395 -0.755036 -0.033846 
0.660433 -0.466327 0.071750 
-0.941468 -0.326366 0.007760 
0.994238 -0.068524 0.058924 
-0.726271 -0.683807 0.054400 
-0.008352 0.869239 0.062395 
-0.517645 -0.796412 0.062395 
-0.710141 0.363869 0.073888 
-0.067552 -0.768583 0.082193 
0.641118 0.404498 -0.046892 
0.525514 0.558247 0.082647 
-0.608826 -0.621882 -0.062156 
0.754990 0.066520 -0.039452 
-0.797921 -0.112299 0.072011 
-0.994594 -0.053484 -0.008105 
-0.620498 0.440957 -0.053645 
0.891337 0.088522 -0.062156 
-0.139484 0.925353 -0.062156 
-0.029848 -0.794569 -0.075252 
-0.007429 -0.804626 0.072929 
0.396907 -0.652945 -0.036611 
0.607659 0.453639 0.054341 
0.900726 0.177463 -0.062156 
0.887237 -0.365455 0.062395 
0.695915 -0.437303 -0.067617 
0.403388 -0.649099 0.033866 
-0.540634 -0.746961 -0.062156 
-0.774789 0.623958 0.026317 
-0.290750 -0.806298 -0.062156 
0.715588 -0.287008 -0.081786 
-0.752509 0.120077 -0.053091 
-0.511070 0.647586 -0.066009 
0.087662 -0.885287 0.062395 
0.488215 -0.870269 0.022411 
0.988334 -0.129268 0.042808 
-0.849994 0.185437 -0.062156 
0.022305 -0.997558 0.056028 
-0.271373 -0.714565 -0.061575 
0.634702 0.411134 0.037077 
0.791161 0.602703 0.062395 
0.390284 0.697212 -0.073291 
0.680570 0.521366 -0.062156 
-0.425545 -0.902665 0.026133 
0.765274 -0.214694 -0.075145 
-0.448442 -0.757265 0.062395 
0.521787 0.552484 -0.071889 
0.220258 0.801567 0.064524 
0.193848 -0.739247 -0.001845 
-0.858607 -0.201631 -0.062156 
-0.313392 0.689798 -0.051189 
0.676300 0.556373 0.062395 
0.460714 -0.757029 0.062395 
-0.592842 -0.802249 0.058172 
-0.011275 0.755817 -0.037580 
-0.750410 0.652732 -0.056286 
0.662732 -0.465980 -0.071049 
0.948298 0.304431 0.025868 
0.736385 -0.324466 -0.072342 
0.990183 0.107730 -0.036431 
0.950269 -0.301342 0.057882 
0.800470 0.045421 0.073138 
0.453190 0.648408 0.075864 
0.546877 0.632351 0.063224 
-0.412313 -0.792294 -0.062156 
-0.992273 -0.078085 0.062395 
-0.751358 -0.257639 -0.075145 
0.196633 -0.748770 0.081445 
-0.946574 -0.312184 -0.030117 
0.819439 -0.389482 0.062395 
-0.786208 0.135143 -0.074040 
0.873900 0.477082 -0.037920 
0.601213 -0.470362 -0.079843 
-0.877120 -0.129994 0.062395 
0.450289 -0.814608 -0.062156 
0.760253 -0.016065 0.065026 
0.881646 0.372609 -0.062156 
0.815799 0.507909 0.062395 
-0.320367 -0.732980 -0.073867 
-0.813548 0.107580 0.067792 
-0.635560 0.490142 0.072504 
-0.834613 0.200851 0.062395 
0.676142 -0.676385 -0.062156 
-0.350015 0.725415 0.071710 
0.306564 0.946234 -0.034744 
-0.707216 -0.627488 0.062395 
0.230290 0.769549 -0.071984 
-0.768891 0.168768 0.077077 
-0.643109 0.484527 -0.071554 
-0.034727 0.752098 0.020193 
0.294046 -0.702184 -0.005095 
-0.347286 0.853379 -0.062156 
-0.189116 0.825596 0.062395 
-0.767296 0.572675 -0.062156 
-0.278704 0.914678 0.062395 
-0.686884 -0.343782 0.082779 
0.924634 -0.075294 0.062395 
0.133959 -0.932707 -0.062156 
0.794787 0.598661 0.021275 
0.737356 -0.507219 -0.062156 
-0.701229 0.286395 0.050377 
-0.986900 -0.135945 0.008788 
0.969882 -0.229093 0.021499 
-0.425355 0.861583 0.062395 
0.623615 -0.568263 0.062395 
0.057656 0.855674 -0.062156 
0.041445 0.931210 0.062395 
-0.916427 0.387642 0.038979 
0.650137 -0.395028 -0.056934 
-0.263577 0.819619 -0.062156 
0.856767 -0.103839 0.062395 
-0.398519 -0.651765 -0.009311 
0.730589 0.675641 0.034749 
-0.621052 -0.443856 -0.048316 
-0.789615 -0.242318 -0.066244 
-0.702237 -0.298257 0.046469 
-0.092133 -0.993474 -0.028669 
0.688936 0.305591 0.014030 
0.015611 0.994072 -0.019789 
0.649299 0.396885 0.078520 
0.858749 -0.506548 0.034792 
-0.535879 -0.544413 -0.015781 
-0.956916 0.125189 0.062395 
0.918553 0.153615 0.062395 
-0.011035 0.973580 -0.062156 
0.905226 -0.224678 -0.062156 
0.779805 -0.326977 -0.062156 
0.953038 0.179922 -0.062156 
0.578800 -0.497699 0.036033 
-0.099093 0.796061 0.072466 
0.151835 -0.958267 0.062395 
0.752725 -0.058796 0.016866 
-0.064754 -0.900162 -0.062156 
0.504059 0.703550 0.062395 
0.860199 -0.281567 0.062395 
0.746259 0.107177 0.001280 
0.493322 -0.577489 -0.038083 
-0.176189 0.978544 0.031196 
0.077871 -0.989259 -0.062156 
0.591260 0.535722 -0.073641 
0.130862 -0.792336 -0.073125 
-0.079942 0.762820 0.082396 
-0.851923 -0.425121 -0.062156 
0.728513 0.209583 -0.041423 
0.764642 0.287476 0.068850 
-0.936750 0.202881 -0.062156 
0.315469 0.901440 0.062395 
0.536488 -0.537325 0.041770 
0.578859 0.809018 0.000035 
0.659505 -0.566908 -0.062156 
0.225978 0.946467 -0.062156 
0.491719 0.658112 -0.067007 
-0.137082 0.926342 0.062395 
-0.601716 -0.795366 -0.003547 
-0.579801 0.487735 -0.033000 
-0.241233 -0.735342 0.081456 
0.201877 -0.757758 -0.078435 
-0.983420 0.078653 0.062395 
-0.925040 -0.371436 0.026071 
-0.534280 -0.750707 0.062395 
0.086692 0.982353 -0.062156 
-0.693596 0.315359 -0.078911 
0.552790 0.510963 0.013304 
0.738355 0.610330 -0.062156 
-0.804967 0.362984 -0.062156 
0.928086 -0.238217 0.062395 
0.431779 -0.628269 0.070147 
-0.657774 0.383300 -0.037055 
-0.758380 -0.078220 0.043927 
0.548615 -0.584347 -0.073354 
-0.717637 -0.692457 -0.026361 
0.973956 0.081993 0.062395 
0.127717 0.986280 0.013529 
0.451396 0.750696 -0.062156 
0.945820 0.311627 -0.018387 
0.730903 -0.678981 -0.006515 
-0.739182 0.184087 -0.040364 
-0.427625 -0.705026 -0.067016 
0.781519 -0.073770 -0.077801 
0.755860 -0.008239 -0.016555 
0.713705 0.272928 -0.083397 
-0.958506 0.038162 0.062395 
-0.602802 0.790827 0.028965 
0.332672 -0.687985 0.061831 
0.916506 -0.392025 -0.005935 
-0.902614 -0.423259 0.058924 
0.039625 -0.895523 0.062395 
0.783077 -0.617455 0.030669 
-0.838016 0.437211 0.062395 
0.925682 0.367123 0.035081 
-0.010469 0.962931 0.062395 
0.033905 0.775488 -0.079562 
0.512159 -0.837262 -0.062156 
-0.954519 0.262367 0.062395 
-0.910392 -0.405283 -0.014768 
0.664892 0.679779 -0.062156 
-0.624858 -0.748117 -0.062156 
-0.768016 -0.489372 -0.062156 
-0.943656 0.189452 0.062395 
-0.714413 -0.279234 0.083071 
-0.983073 0.050194 -0.062156 
0.499219 0.860066 0.004053 
-0.320709 0.685217 0.047870 
-0.818615 -0.568840 0.025196 
0.882106 -0.464674 -0.030889 
-0.964591 -0.250749 -0.011552 
0.981580 0.168213 0.002269 
0.311323 0.744300 0.071258 
0.639947 -0.411218 0.056717 
-0.787913 0.020259 -0.076618 
-0.533801 0.542652 -0.056299 
-0.511542 0.788412 -0.062156 
0.717416 -0.252254 -0.041001 
0.441038 0.712339 0.062746 
0.600301 -0.744121 -0.062156 
-0.829245 -0.323081 -0.062156 
-0.616768 0.446329 0.028658 
0.400358 0.791175 0.062395 
-0.895795 0.076603 0.062395 
0.487842 -0.577442 0.015667 
-0.579935 -0.608262 0.062740 
-0.686949 -0.487146 0.062395 
-0.647038 0.401395 0.081559 
0.657124 0.459720 -0.072738 
-0.334225 0.686726 -0.083104 
-0.607347 0.508991 -0.075289 
0.444301 -0.710590 0.063523 
-0.692429 0.545083 -0.062156 
0.878136 0.227601 -0.062156 
-0.328339 -0.729808 0.074072 
-0.243859 -0.820800 0.062395 
0.750722 -0.124674 -0.064904 
-0.501577 0.728319 -0.062156 
-0.643596 0.652033 -0.062156 
-0.214414 -0.733901 -0.081839 
-0.536749 -0.841077 -0.020849 
-0.650642 0.446632 -0.076208 
0.799953 -0.348138 0.062395 
-0.408944 -0.645580 -0.051030 
-0.779538 0.413177 0.062395 
0.786067 -0.145819 0.074041 
0.634010 0.766911 0.045382 
-0.198594 0.725286 0.011824 
0.357836 -0.675388 0.034637 
-0.138376 -0.788010 -0.074026 
-0.458265 -0.734489 -0.062156 
0.774893 -0.391763 0.062395 
0.899844 -0.429860 0.050505 
-0.690478 0.416202 0.071613 
0.002152 -0.956034 -0.062156 
0.802494 0.368755 -0.062156 
0.221414 -0.730441 0.028861 
0.577895 0.492401 -0.060410 
-0.631579 -0.699955 -0.062156 
0.886218 -0.078500 0.062395 
-0.779316 0.058012 -0.078621 
-0.435298 0.701658 0.066041 
-0.154747 -0.985636 0.036244 
0.132702 0.835171 -0.062156 
-0.648630 -0.623349 -0.062156 
-0.406541 0.907308 -0.035235 
-0.001194 -0.921927 0.062395 
0.622104 0.656101 0.062395 
-0.295635 0.791923 -0.062156 
-0.825615 -0.536326 0.062395 
0.266548 -0.849557 0.062395 
-0.485936 -0.726430 0.062395 
-0.695458 0.564607 0.062395 
-0.926966 -0.265210 0.062395 
0.973778 0.207970 -0.000394 
0.524306 -0.761749 -0.062156 
-0.360517 -0.930477 -0.022556 
-0.620923 0.732446 -0.062156 
0.741694 0.648491 -0.062156 
-0.382450 -0.769767 -0.062156 
-0.678621 -0.491001 -0.063213 
0.858840 -0.506394 -0.050309 
0.456170 -0.885983 -0.062156 
-0.891551 0.181330 0.062395 
-0.675396 -0.733928 0.001973 
0.995974 0.017842 0.021904 
-0.281810 -0.908374 -0.062156 
-0.017368 -0.876715 -0.062156 
0.597639 -0.798820 0.026427 
-0.832221 0.545123 -0.061233 
-0.166226 0.980122 -0.049812 
0.031889 -0.763588 0.076780 
0.351596 0.930127 -0.061241 
0.774701 0.213304 -0.072406 
-0.754164 0.278464 0.072420 
-0.240685 0.719195 -0.016499 
-0.921307 -0.050115 0.062395 
0.629516 0.576210 0.062395 
-0.582676 -0.493577 -0.046859 
-0.058300 -0.864171 0.062395 
0.435741 -0.877698 0.062395 
0.370564 -0.776024 -0.062156 
-0.708330 -0.551013 0.062395 
-0.695992 -0.407540 0.072162 
-0.394234 0.641915 -0.011608 
-0.684621 0.656647 0.062395 
-0.579148 0.483233 0.008219 
-0.995740 -0.017016 -0.035538 
-0.986180 -0.140490 -0.047094 
-0.372543 0.695029 -0.076122 
0.713293 -0.272471 0.041349 
-0.700410 0.285519 -0.004751 
0.486093 -0.585832 0.060997 
-0.918309 0.029401 0.062395 
-0.104329 0.988625 0.036932 
-0.849553 -0.042311 -0.062156 
0.965367 -0.249296 -0.014133 
-0.936864 0.091770 -0.062156 
0.454612 0.746661 0.062395 
0.392046 0.649003 0.061745 
-0.333787 -0.687238 -0.026247 
0.030766 0.895890 0.062395 
-0.798578 0.559066 0.062395 
0.125034 0.973017 0.062395 
0.137468 0.794492 0.071507 
0.996080 0.014489 -0.030950 
0.614141 0.439671 -0.023355 
0.522879 -0.704963 0.062395 
0.583547 0.672620 0.062395 
0.410590 0.638308 -0.060476 
0.386659 0.716903 0.069184 
-0.808227 0.483308 0.062395 
0.065205 -0.980652 0.062395 
-0.802679 0.511485 -0.062156 
0.897269 -0.280820 0.062395 
-0.076991 -0.993340 -0.062156 
-0.594869 -0.536530 0.073600 
0.869686 -0.329265 0.062395 
-0.212606 0.747629 -0.079385 
-0.560876 -0.518047 0.056152 
0.855016 0.509164 -0.026772 
-0.143868 0.743668 -0.053604 
-0.729579 0.676359 0.007437 
0.554353 -0.784645 0.062395 
0.556318 0.686400 -0.062156 
0.788629 -0.037354 0.076598 
0.605095 0.789340 -0.040292 
-0.343701 -0.826330 0.062395 
-0.894728 -0.167665 0.062395 
0.168834 0.895840 -0.062156 
0.623429 -0.435329 -0.052813 
0.698970 -0.339039 -0.080213 
0.736293 0.527870 0.062395 
0.843109 0.529299 0.049662 
-0.030288 -0.763632 0.031553 
0.921876 0.055174 0.062395 
0.757540 0.029538 -0.041420 
-0.203121 -0.736784 0.046052 
0.364135 0.841357 -0.062156 
-0.675195 -0.429091 -0.073586 
-0.459435 0.624145 0.080308 
-0.905496 0.314165 0.062395 
-0.482196 -0.857819 0.062395 
-0.979171 -0.184743 0.020747 
-0.720577 -0.250442 0.024809 
0.754287 0.070233 0.043310 
-0.524645 -0.620085 0.070681 
-0.451216 0.776625 0.062395 
0.318681 -0.902702 -0.062156 
0.512227 -0.856069 0.050471 
0.269544 -0.844793 -0.062156 
-0.047370 -0.996758 -0.027635 
-0.767281 -0.637291 -0.020069 
0.678776 -0.405600 -0.076411 
-0.339791 0.799736 0.062395 
0.475785 -0.829192 0.062395 
0.710814 0.337651 0.077212 
-0.537888 0.836606 -0.054053 
-0.893061 0.438739 -0.028243 
0.106556 0.748768 -0.038480 
-0.790900 0.288512 0.062395 
0.143410 0.979267 -0.062156 
0.734519 -0.199302 -0.064279 
-0.488067 -0.587510 -0.012572 
0.329279 -0.941858 -0.012646 
-0.133041 -0.783953 0.075631 
-0.162531 -0.984403 -0.018222 
-0.555953 0.720827 -0.062156 
-0.799402 0.238066 0.063933 
-0.080458 0.854791 -0.062156 
-0.749980 -0.137792 -0.005784 
-0.155551 0.861433 -0.062156 
0.258020 -0.713884 0.039453 
0.790176 -0.250280 0.065764 
0.521364 0.619902 -0.070373 
0.147376 0.932426 -0.062156 
-0.642043 -0.551914 -0.062156 
0.421649 -0.904629 0.024974 
0.847291 0.441652 -0.062156 
0.320651 -0.900325 0.062395 
-0.506986 -0.594940 -0.079039 
-0.214327 -0.783509 -0.070567 
0.901190 0.314656 0.062395 
0.989567 0.114240 0.050701 
0.310953 -0.699811 -0.083565 
0.928006 0.292974 -0.062156 
-0.745811 0.484038 -0.062156 
-0.811649 0.575394 0.020828 
-0.822591 0.097797 -0.065429 
0.123117 -0.875902 0.062395 
0.698308 -0.648346 -0.062156 
-0.859768 -0.355988 -0.062156 
0.445218 -0.792413 0.062395 
0.629155 -0.693496 0.062395 
-0.836779 0.498822 -0.062156 
0.861118 -0.354720 -0.062156 
0.735925 -0.310273 0.074215 
-0.849795 -0.073683 0.062395 
-0.151954 -0.986078 -0.054693 
-0.850601 -0.081731 -0.062156 
0.654997 0.520045 0.063268 
0.515662 0.592409 0.077445 
0.857197 0.499680 -0.062156 
-0.793367 0.009190 0.075465 
0.467667 0.866405 -0.062156 
-0.613924 0.736196 0.062395 
0.859647 0.010697 -0.062156 
0.764559 -0.250079 -0.072330 
-0.703696 0.453630 0.062912 
-0.815215 -0.353892 0.062395 
0.588616 -0.540134 0.074295 
-0.214009 0.828929 -0.062156 
0.927037 -0.367494 0.023972 
-0.585794 0.651496 0.062395 
0.520548 -0.754643 0.062395 
0.109286 0.904787 0.062395 
-0.405205 -0.747694 0.062395 
-0.662232 0.375786 -0.072278 
0.852108 0.296186 -0.062156 
0.367463 0.847047 0.062395 
-0.193853 -0.978964 0.041318 
0.995249 -0.044604 -0.045951 
0.173406 0.920736 0.062395 
-0.859144 -0.480498 0.062395 
0.553398 -0.830018 -0.021791 
0.523526 -0.849387 -0.026054 
-0.558032 0.511802 -0.047023 
0.286678 0.910549 -0.062156 
0.477354 0.611847 0.080045 
-0.131717 -0.911644 -0.062156 
-0.544944 0.831811 0.036804 
-0.649068 -0.401669 -0.010100 
0.816386 -0.562627 0.062395 
-0.800321 -0.056329 -0.072748 
-0.874781 -0.478312 0.028011 
0.823237 0.558896 0.002410 
-0.746901 0.151161 -0.019140 
0.811341 0.499348 -0.062156 
0.860849 0.146020 -0.062156 
0.589907 -0.647715 0.062395 
0.953261 -0.149824 -0.062156 
-0.945196 0.312317 0.002425 
-0.973698 -0.182389 0.062395 
-0.459980 0.881424 0.022822 
-0.810696 -0.413371 0.062395 
-0.754284 0.287009 -0.071249 
0.389460 -0.699610 -0.073726 
0.257566 0.744885 -0.076311 
-0.281617 0.953372 0.018576 
-0.809530 -0.189729 -0.064707 
-0.906503 -0.318000 0.062395 
0.098234 -0.992932 0.062053 
-0.732216 -0.477051 0.062395 
0.194309 0.726514 0.012127 
-0.898583 -0.006537 -0.062156 
0.015651 -0.963248 0.062395 
-0.887731 0.449199 0.038130 
0.054752 -0.791585 -0.075794 
0.209227 0.866159 -0.062156 
-0.441839 0.830841 0.062395 
-0.856136 0.506635 0.027472 
0.834712 -0.194931 -0.062156 
0.899434 0.121722 0.062395 
-0.726286 0.224800 -0.000425 
-0.559233 -0.575458 0.073345 
-0.773424 0.173074 -0.075309 
-0.030337 -0.763630 -0.008447 
0.765878 0.408148 0.062395 
0.424033 -0.846334 -0.062156 
0.872424 0.479729 0.035581 
-0.915081 0.390752 -0.024768 
0.433601 0.617396 -0.020685 
-0.262861 -0.783659 -0.066465 
0.323924 0.684672 -0.049391 
-0.755640 0.102188 -0.083888 
-0.128232 0.986140 -0.029146 
0.269103 0.957117 0.031498 
0.005747 0.994244 0.062395 
-0.983526 0.153551 0.013095 
-0.041845 0.992206 -0.062156 
-0.106244 -0.757185 0.019506 
-0.974428 0.203378 -0.040429 
0.659330 -0.536356 0.062395 
0.754222 0.389917 -0.062156 
0.771668 -0.103804 0.079808 
0.984351 0.150717 -0.035693 
0.825942 0.216954 -0.062156 
-0.718379 0.418040 -0.064446 
0.227693 -0.971484 0.007282 
-0.995934 -0.010830 0.049937 
-0.008130 -0.997991 0.034209 
-0.336397 0.935464 -0.034717 
0.474206 -0.706191 -0.062156 
-0.989404 0.111983 -0.044492 
0.032258 -0.929290 -0.062156 
-0.761172 -0.044181 0.048624 
-0.814843 -0.483073 -0.062156 
0.204317 -0.917659 -0.062156 
0.518667 -0.554180 -0.037165 
-0.738458 0.564083 0.062395 
0.796816 0.592055 -0.062156 
0.180582 0.977907 0.018757 
0.159212 0.954897 0.062395 
0.789894 0.567492 0.062395 
-0.593545 0.610644 -0.062156 
-0.976254 -0.108453 0.062395 
-0.296876 -0.952635 -0.019063 
-0.843920 0.439861 -0.062156 
-0.763780 -0.525497 -0.062156 
-0.613997 -0.760948 0.062395 
-0.757898 -0.368443 -0.062156 
0.246142 0.963664 -0.006006 
-0.689830 -0.657123 0.062395 
0.937025 0.000971 -0.062156 
-0.575173 0.498482 -0.080577 
-0.895136 -0.347650 -0.062156 
-0.843943 -0.431072 0.062395 
-0.835401 0.027056 -0.063295 
0.345907 -0.740968 -0.069032 
-0.866365 -0.219305 0.062395 
-0.073942 0.818538 0.067080 
-0.792664 0.436952 -0.062156 
0.066022 0.839047 0.062395 
-0.176877 0.901437 0.062395 
-0.537848 0.568820 -0.077814 
-0.952790 -0.151189 0.062395 
0.082090 -0.918936 0.062395 
-0.750425 -0.405498 0.062395 
0.933465 -0.127134 0.062395 
0.834811 0.367988 0.062395 
-0.286512 -0.955646 0.030611 
0.134127 -0.752378 0.012366 
0.704559 0.447123 -0.063561 
-0.126972 -0.753601 -0.034969 
0.147865 0.832404 0.062395 
-0.179325 -0.936179 -0.062156 
-0.818120 -0.146363 0.065021 
0.443654 -0.613066 -0.008965 
-0.628454 -0.433195 0.025042 
-0.851899 0.166108 0.062395 
0.417783 0.902605 -0.008805 
-0.082302 0.856204 0.062395 
0.516247 -0.795367 0.062395 
0.725388 0.329320 -0.074267 
0.662389 0.403735 -0.080054 
0.310202 0.765330 -0.065761 
-0.683619 -0.643140 -0.062156 
0.764037 -0.440592 0.062395 
-0.064250 0.748985 0.002782 
0.452046 0.885658 0.045186 
0.843380 0.107101 0.062395 
0.887948 -0.015438 -0.062156 
-0.307579 -0.936400 0.062395 
-0.845811 -0.280504 -0.062156 
0.070597 0.755142 0.065787 
-0.767278 -0.009227 -0.082576 
-0.855203 0.400796 -0.062156 
0.225642 0.862420 0.062395 
0.833704 -0.247158 -0.062156 
-0.968865 -0.231962 0.037731 
-0.159574 -0.762513 -0.079855 
-0.377835 -0.702482 -0.074479 
0.962321 0.042825 0.062395 
-0.573267 -0.617074 -0.062156 
-0.621063 0.440144 0.073604 
-0.440299 0.620447 0.052012 
-0.142635 -0.968342 0.062395 
-0.995519 0.020343 -0.030367 
0.969163 0.228617 -0.029355 
0.790972 -0.150478 -0.072180 
0.956732 0.096112 -0.062156 
-0.406783 0.780686 -0.062156 
0.781100 0.018023 -0.078658 
-0.348664 -0.777183 -0.062156 
0.674506 0.342529 -0.033218 
-0.445633 -0.679953 0.070419 
0.390460 -0.657178 0.084094 
-0.718761 0.654742 0.062395 
0.554974 0.822966 -0.062156 
0.131626 -0.967455 -0.062156 
0.658164 0.372200 -0.029289 
0.587312 -0.754624 0.062395 
0.289244 0.805579 0.062395 
-0.859356 0.363438 0.062395 
-0.941813 -0.055593 -0.062156 
-0.526652 0.549308 0.007524 
0.627848 -0.469168 0.078594 
0.495288 0.777307 0.062395 
0.826804 0.418577 0.062395 
-0.874620 0.162955 -0.062156 
-0.693253 0.316044 0.006594 
0.887004 -0.455061 0.000641 
0.921991 0.245257 -0.062156 
0.600920 0.792579 0.050542 
-0.778876 0.480148 -0.062156 
0.763913 0.219854 0.074996 
0.062032 -0.944152 -0.062156 
-0.650370 -0.421088 0.081031 
-0.663888 -0.744073 -0.046173 
-0.866444 0.289777 0.062395 
-0.431727 -0.630095 -0.016294 
-0.760780 0.051450 0.064439 
0.979996 -0.181913 -0.024038 
0.977769 -0.167272 0.062395 
0.755336 -0.073263 -0.045926 
-0.761829 0.022102 -0.017713 
-0.723606 -0.686488 0.018365 
-0.088054 0.779881 -0.077182 
-0.376228 0.805884 0.062395 
0.394762 -0.916263 -0.040417 
0.158826 -0.905094 -0.062156 
-0.965485 -0.247085 -0.045959 
0.260182 -0.806384 -0.062156 
-0.720544 -0.267387 -0.082469 
0.675062 0.599173 0.062395 
0.983897 0.153588 0.038225 
-0.397347 -0.883187 -0.062156 
-0.363799 -0.692266 0.079140 
-0.577667 -0.688532 -0.062156 
0.245456 0.896323 0.062395 
-0.673949 0.354607 -0.019475 
0.449274 -0.638986 -0.079224 
0.864398 0.403811 -0.062156 
0.554954 0.596637 -0.068927 
-0.232916 -0.727768 0.034966 
-0.008552 -0.770338 -0.082292 
-0.895415 -0.279713 0.062395 
0.722644 -0.522586 0.062395 
0.525745 0.730627 0.062395 
-0.563462 -0.550372 -0.077250 
-0.848196 -0.325348 0.062395 
-0.480932 0.856339 0.062395 
0.780274 0.550040 -0.062156 
0.012318 -0.997871 -0.004599 
-0.318769 0.735809 0.072595 
-0.093937 0.897344 -0.062156 
0.742320 0.257819 -0.077327 
-0.645485 0.643120 0.062395 
-0.336166 0.690677 0.082116 
-0.044409 -0.898798 0.062395 
-0.497849 0.671472 0.063174 
-0.649796 0.712612 -0.062156 
0.741382 -0.667094 0.022269 
-0.777228 -0.572215 0.062395 
0.745370 0.147511 -0.059528 
0.498714 0.566253 0.026724 
0.247213 -0.770562 0.071519 
0.832664 0.545026 -0.025756 
0.608783 0.588386 -0.062156 
-0.780969 0.378500 0.062395 
0.048322 0.993044 -0.018802 
-0.149660 0.819363 -0.063714 
0.010866 -0.764339 0.044238 
-0.097904 -0.777621 -0.078499 
-0.101504 -0.757694 0.051871 
-0.052861 -0.818408 -0.068337 
0.769680 -0.472799 0.062395 
-0.023973 -0.855362 0.062395 
0.671844 0.733695 -0.009468 
0.693643 0.374493 -0.076512 
0.718974 -0.648113 0.062395 
-0.210175 -0.771958 0.074234 
-0.973887 0.205798 -0.003096 
0.959205 0.266888 0.032463 
0.922844 0.153457 -0.062156 
-0.883300 -0.392721 0.062395 
-0.398623 -0.651703 0.028611 
0.714616 -0.603776 -0.062156 
0.752764 0.650488 -0.031541 
-0.674118 -0.524170 -0.062156 
-0.733537 -0.546506 -0.062156 
-0.942218 0.170747 -0.062156 
-0.923290 0.122074 0.062395 
-0.108627 0.949332 -0.062156 
0.561600 -0.614796 0.065001 
-0.745608 0.158330 0.045181 
-0.821296 -0.125324 -0.064908 
0.068548 0.929184 -0.062156 
0.760003 0.464359 -0.062156 
0.542848 0.833491 0.053202 
0.046328 0.750117 0.005558 
0.842666 -0.116930 -0.062156 
-0.117392 0.972762 0.062395 
-0.855886 0.274121 -0.062156 
0.746837 -0.403888 -0.062156 
0.751282 -0.655864 -0.018762 
0.667485 0.705361 0.062395 
0.762853 0.354743 -0.062156 
-0.743010 0.661125 0.033553 
-0.928551 0.012255 -0.062156 
-0.675300 -0.355606 -0.015976 
0.500923 0.795293 -0.062156 
0.813350 0.057401 -0.069185 
0.829041 -0.462088 -0.062156 
0.683307 -0.727163 -0.021745 
-0.673298 -0.359605 0.044165 
-0.136791 -0.877303 0.062395 
-0.235168 0.874226 0.062395 
-0.790574 -0.607304 -0.036381 
0.641180 -0.723500 -0.062156 
0.473237 0.616032 -0.079574 
-0.559477 -0.782449 -0.062156 
-0.820250 -0.089613 0.066671 
-0.821711 -0.219541 -0.062156 
0.067877 0.751497 -0.024742 
-0.364687 -0.671771 0.004951 
-0.901651 -0.135232 -0.062156 
-0.150951 0.759029 0.080530 
-0.434579 -0.866837 0.062395 
0.470080 0.876470 -0.023639 
0.642630 0.681584 0.062395 
0.429573 0.774090 0.062395 
0.515567 0.693948 -0.062156 
-0.157801 -0.748039 -0.042392 
0.921579 0.099551 -0.062156 
-0.617399 -0.495150 -0.076124 
0.367377 0.658246 -0.013044 
-0.774725 -0.138280 0.077432 
-0.383252 0.769936 0.062395 
0.768830 -0.478202 -0.062156 
-0.572353 -0.736945 -0.062156 
0.744303 0.147413 0.054232 
-0.223132 -0.972420 0.026875 
0.314735 0.940348 0.062395 
0.708873 -0.283141 -0.042763 
-0.663785 -0.701445 -0.062156 
-0.493627 -0.695767 -0.062156 
-0.155607 -0.805508 0.068533 
-0.651176 -0.704519 0.062395 
0.522576 -0.602875 -0.074468 
-0.067585 -0.761341 -0.020943 
0.215088 -0.796485 -0.067036 
-0.921493 -0.368175 -0.062156 
-0.648085 -0.649738 0.062395 
0.017334 0.756880 0.054755 
-0.353773 0.929208 0.024738 
0.835804 0.285179 0.062395 
0.353500 0.765176 -0.062156 
0.919868 -0.384254 -0.038544 
0.367323 -0.928137 -0.019913 
0.286651 -0.955715 -0.018443 
0.354865 0.717620 -0.072802 
0.379561 -0.840833 0.062395 
-0.106361 0.836335 -0.062156 
0.251765 0.715832 -0.064748 
0.283478 0.823240 -0.062156 
-0.297973 0.692982 0.003361 
-0.390964 0.879322 -0.062156 
0.226855 -0.940023 -0.062156 
0.136396 -0.822399 -0.064555 
-0.867786 0.053050 -0.062156 
-0.909322 -0.098534 -0.062156 
-0.045229 0.759258 0.082992 
0.660957 -0.372978 0.044674 
0.135627 -0.793155 0.072967 
-0.829862 0.375035 0.062395 
-0.134752 0.876222 0.062395 
-0.637601 -0.572255 0.062395 
-0.318559 -0.924851 -0.062156 
0.192071 0.732829 -0.054196 
-0.643338 0.407631 0.020093 
0.163692 -0.864898 0.062395 
-0.354346 -0.676947 0.038076 
-0.572681 0.584056 0.068307 
-0.699802 -0.304135 -0.060472 
-0.347578 0.906407 -0.062156 
-0.762286 0.009302 0.081306 
0.370474 0.904787 -0.062156 
-0.857929 -0.233216 -0.062156 
-0.242265 0.756564 0.074662 
-0.930718 0.131989 -0.062156 
0.271082 -0.882444 -0.062156 
0.772851 0.155849 -0.076638 
0.317601 0.682775 0.016651 
0.701909 -0.708561 0.016017 
0.687109 0.633724 0.062395 
0.691000 0.339415 -0.081692 
-0.028690 0.845158 0.062395 
-0.937186 0.288686 0.062395 
0.902055 0.421724 0.049545 
0.739450 0.351400 0.068319 
-0.487146 -0.611665 0.079129 
-0.751368 0.235226 -0.076744 
0.587091 -0.482788 0.009624 
0.154028 -0.896697 0.062395 
0.601475 0.650971 -0.062156 
-0.004237 0.759613 -0.071837 
0.959022 0.159150 0.062395 
-0.545081 -0.835414 -0.054610 
-0.521846 0.846462 0.006905 
0.300733 0.947927 0.029782 
0.722184 -0.220812 0.008986 
-0.755048 -0.109216 0.083623 
0.605339 0.507810 -0.076010 
-0.858010 -0.507162 0.001479 
-0.582898 -0.648355 0.062395 
0.207158 0.818518 -0.062156 
-0.045105 -0.798576 0.074167 
-0.381031 0.654230 0.053957 
0.220065 -0.731164 -0.018658 
-0.065637 0.902869 0.062395 
0.467596 0.590527 -0.007977 
-0.701458 0.295242 0.080372 
-0.485786 -0.589349 0.039637 
-0.091271 0.988172 -0.062156 
0.960006 -0.033484 -0.062156 
-0.855178 0.052370 0.062395 
-0.638445 -0.418804 -0.041727 
0.341506 -0.779299 0.062395 
-0.296118 0.786669 0.062395 
-0.045338 -0.996822 0.019699 
-0.717411 -0.259952 -0.019979 
0.698704 0.283182 -0.006912 
-0.168501 -0.745620 0.034445 
0.645045 0.640897 -0.062156 
-0.191137 0.972464 0.062395 
-0.582252 0.806457 -0.015812 
-0.752598 -0.123282 -0.081809 
0.617847 0.478853 -0.078295 
0.737078 -0.163578 -0.002806 
-0.455486 0.609903 -0.064878 
-0.729245 -0.442883 0.062395 
-0.592283 0.528173 0.075033 
0.382418 0.880382 0.062395 
0.290994 -0.923116 0.062395 
-0.155242 0.841996 0.062395 
-0.727274 -0.331526 -0.073839 
0.745648 -0.124231 -0.015841 
0.662800 -0.368577 -0.031719 
0.222340 -0.972681 -0.030767 
0.959836 0.264717 -0.008892 
0.856810 0.506131 0.031352 
-0.303605 -0.701213 0.072769 
0.538192 -0.530879 0.007303 
-0.519370 -0.559783 0.079859 
-0.798749 -0.517623 0.062395 
0.891838 -0.350829 -0.062156 
-0.321684 0.682481 -0.022375 
-0.284123 0.891974 -0.062156 
0.684057 -0.391283 0.077415 
0.973477 -0.213013 -0.057645 
0.222881 0.732843 0.082788 
0.511185 0.558358 -0.043597 
-0.129961 0.796900 0.071131 
-0.568869 -0.579887 -0.070410 
